5373 5529 5843 5579 5003 5588 5766 6246 5742 5156 6043 6232 6661 6363 5634 5708 5818 6307 5926 5298 5859 6079 6537 5987 5418 
563 361 491 377 801 249 84 232 62 499 562 380 502 277 775 651 428 563 411 895 2144 1992 2072 2002 2400 
1454 2086 1461 1225 1478 328 879 331 134 302 619 1187 657 387 568 347 811 353 124 321 300 797 288 71 255 
0 2205 0 0 29 0 2277 0 0 23 5 2175 4 1 37 0 2240 0 0 29 0 2181 0 0 39 
1360 1050 470 1119 454 1870 1563 830 1573 880 1221 948 313 932 339 1184 903 213 882 252 984 682 90 702 103 
0 138 0 0 41 0 146 0 0 63 1244 1460 1200 1240 1354 0 174 0 0 52 14 165 17 22 69 
30 42 219 1588 15 10 18 203 1515 1 537 517 727 2109 541 137 146 304 1710 144 28 23 191 1529 4 
709 849 651 1264 1522 581 718 497 1101 1405 56 217 18 617 925 51 196 21 550 862 721 875 631 1210 1530 
55 0 0 0 0 62 0 0 0 0 64 0 0 0 0 1315 1313 1340 1294 1225 90 26 24 26 15 
989 0 0 0 0 985 13 18 17 20 961 0 0 0 0 1008 0 0 0 0 989 0 0 0 0 
0 0 1720 20 33 0 0 1770 11 27 0 0 1666 6 23 0 0 1751 12 21 0 0 1697 12 27 
0 0 0 22 21 1750 1665 1741 1671 1724 0 0 0 23 18 0 0 0 22 24 69 52 62 80 107 
0 75 0 0 0 31 107 30 19 22 0 57 0 0 0 439 478 396 434 421 280 338 268 278 327 
72 219 8 6 10 184 331 149 139 151 88 286 17 14 9 398 556 364 360 341 64 234 0 0 0 
2 11 511 113 1 575 543 1031 694 622 4 19 449 71 0 203 236 722 272 198 51 59 523 140 47 
0 348 48 635 0 97 426 150 748 90 15 343 73 652 9 113 459 182 754 108 3 337 62 660 0 
362 37 421 69 21 328 11 407 68 1 404 76 461 118 60 327 24 416 78 12 322 26 413 66 10 
0 4 25 3 1078 0 0 16 0 991 0 0 28 0 1040 0 0 30 0 1062 0 0 23 0 990 
6 275 407 3 559 154 415 538 145 696 258 567 645 259 711 177 491 567 187 769 0 271 384 1 528 
0 14 0 287 0 115 123 103 385 129 94 103 88 422 79 0 15 0 318 0 278 277 270 606 285 
256 196 467 298 310 60 10 241 97 92 114 54 332 134 147 48 0 248 73 81 105 54 290 156 137 
0 0 353 76 0 0 0 288 66 0 196 234 512 281 222 0 0 313 70 0 0 0 333 65 0 
170 0 0 0 0 341 145 135 149 132 231 20 18 20 15 258 47 46 52 41 180 0 0 0 0 
0 112 0 0 0 0 108 0 0 0 0 106 0 0 0 0 96 0 0 0 97 185 99 105 92 
71 0 298 0 102 102 43 343 39 131 51 0 299 0 99 251 169 469 167 250 74 0 320 0 88 
326 43 46 117 51 327 32 31 149 48 598 286 300 375 346 313 45 38 132 44 440 154 156 273 151 
0 0 0 920 35 7 8 5 936 31 27 29 16 943 51 4 6 5 983 40 0 0 0 926 38 
415 35 33 341 37 387 0 0 341 0 387 0 0 299 0 443 35 30 350 32 423 15 23 345 29 
0 0 0 16 0 0 0 0 19 0 0 0 0 18 0 0 0 0 18 0 580 560 618 603 568 
585 586 605 638 586 0 0 0 0 0 0 0 0 0 0 0 0 0 0 0 0 0 0 0 0 
92 0 0 0 0 117 0 0 0 0 122 0 0 0 0 102 0 0 0 0 206 88 85 89 99 
