5059 5237 5653 5466 4693 5475 5539 6158 5637 4916 5755 5869 6488 6163 5349 5579 5672 6192 5989 5140 5536 5740 6268 5863 5078 
563 332 461 359 828 222 65 203 25 515 489 268 388 142 724 682 465 565 364 927 2229 2077 2108 2037 2486 
1563 2191 1561 1267 1457 334 959 349 129 232 666 1320 709 407 573 369 889 381 129 250 312 867 326 76 199 
0 2257 0 0 17 0 2339 0 0 18 3 2222 3 1 17 0 2285 0 0 10 0 2236 0 0 18 
1165 944 393 955 430 1720 1511 847 1518 971 1046 924 286 855 360 948 756 156 674 213 730 535 40 507 80 
0 0 0 0 0 0 0 0 0 1 1070 1100 1030 1053 1120 0 0 0 0 0 0 1 0 0 1 
30 37 97 1446 6 10 18 95 1453 1 502 477 619 1928 513 125 138 197 1628 137 29 23 91 1401 5 
683 860 648 1199 1541 467 645 416 1016 1339 27 233 13 572 917 26 179 16 451 857 736 922 647 1161 1582 
55 0 0 0 0 62 0 0 0 0 64 0 0 0 0 1309 1302 1338 1293 1222 71 8 9 7 3 
989 0 0 0 0 985 13 18 17 20 961 0 0 0 0 1008 0 0 0 0 989 0 0 0 0 
0 0 1719 10 33 0 0 1772 9 27 0 0 1657 4 23 0 0 1750 9 21 0 0 1697 6 27 
0 0 0 21 16 1627 1565 1589 1551 1609 0 0 0 23 18 0 0 0 22 14 0 0 0 20 24 
0 75 0 0 0 31 107 30 19 22 0 57 0 0 0 439 478 396 434 421 280 338 268 278 327 
72 219 8 6 10 184 331 149 139 151 88 286 17 14 9 398 556 364 360 341 64 234 0 0 0 
0 15 511 104 0 558 537 1050 699 606 1 12 446 67 0 195 212 718 251 177 43 49 529 110 45 
0 245 0 246 0 5 213 0 235 0 15 234 8 239 9 1 210 0 227 0 3 223 0 233 0 
329 17 367 52 0 325 11 376 54 0 385 66 398 108 51 324 24 382 68 12 322 25 366 59 10 
0 6 20 3 1121 0 0 16 0 1002 0 0 28 0 1047 0 0 27 0 1094 0 0 23 0 1012 
0 0 33 51 201 197 192 212 217 399 133 141 156 177 310 0 0 33 36 213 0 0 49 47 203 
0 14 0 288 0 115 123 104 385 129 92 103 84 420 79 0 15 0 318 0 278 277 270 606 285 
399 308 662 444 437 81 10 313 132 98 183 87 451 197 186 65 0 323 96 99 145 68 404 227 167 
0 0 353 75 0 0 0 287 66 0 196 233 512 281 216 0 0 313 70 0 0 0 333 65 0 
170 0 0 0 0 341 145 135 149 132 231 20 18 20 15 258 47 46 52 41 180 0 0 0 0 
0 112 0 0 0 0 108 0 0 0 0 106 0 0 0 0 96 0 0 0 97 185 99 105 92 
71 0 320 1 107 102 43 361 39 131 51 0 324 0 99 255 178 496 176 256 72 0 349 0 93 
440 81 74 179 88 409 38 33 148 66 884 491 469 639 546 371 52 39 158 60 668 260 237 411 239 
0 0 0 917 35 7 8 5 932 31 27 29 16 943 51 4 6 5 980 40 0 0 0 926 38 
0 0 0 16 0 0 0 0 19 0 0 0 0 18 0 0 0 0 18 0 580 560 618 603 568 
585 586 605 638 586 0 0 0 0 0 0 0 0 0 0 0 0 0 0 0 0 0 0 0 0 
92 0 0 0 0 117 0 0 0 0 122 0 0 0 0 102 0 0 0 0 206 88 85 89 99 
0 56 0 324 0 92 159 92 436 90 0 59 0 326 0 109 191 123 439 108 0 67 0 329 0 
8 334 431 3 527 53 358 430 49 584 135 473 541 143 540 269 614 638 263 813 11 346 406 9 507 
0 121 0 0 17 0 129 0 0 14 183 366 183 202 230 0 149 0 0 13 14 144 17 22 45 
0 0 0 0 0 137 126 162 125 132 0 0 0 0 0 0 0 0 0 0 69 52 62 60 75 
0 57 128 204 0 0 65 133 177 0 0 61 142 216 0 0 61 140 206 0 0 52 134 224 0 
617 111 33 442 37 592 74 0 445 0 592 59 0 403 0 641 111 40 468 43 637 93 41 473 48 
