4931 5129 5414 5106 4440 5467 5611 6075 5538 4807 5698 5773 6262 5922 5196 5563 5756 6151 5860 4986 5362 5562 5996 5466 4718 
534 332 470 385 810 185 72 197 20 552 398 229 348 99 707 661 443 532 367 961 2350 2292 2283 2201 2717 
1652 2315 1714 1310 1514 255 833 307 67 159 616 1267 693 406 533 317 801 368 96 194 250 780 311 50 147 
0 2321 0 0 14 0 2379 0 0 16 6 2287 4 2 21 0 2337 0 0 17 0 2308 0 0 19 
1111 875 359 869 404 1785 1599 945 1573 1055 984 879 282 811 358 878 693 129 624 212 692 575 34 473 70 
0 0 0 0 0 0 0 0 0 0 1112 1143 1072 1081 1173 0 0 0 0 0 0 0 0 0 0 
19 30 76 1775 44 8 16 81 1727 29 488 483 602 2242 530 113 131 161 1875 167 11 11 47 1632 45 
596 730 581 1196 1625 398 481 325 864 1351 24 165 15 529 979 24 112 19 434 912 694 783 631 1137 1662 
55 0 0 0 0 62 0 0 0 0 64 0 0 0 0 1312 1311 1341 1295 1225 70 6 7 5 4 
989 0 0 0 0 985 13 18 17 20 961 0 0 0 0 1008 0 0 0 0 989 0 0 0 0 
0 0 1722 9 33 0 0 1769 6 27 0 0 1658 4 23 0 0 1747 5 21 0 0 1701 3 27 
0 0 0 21 16 1621 1570 1594 1569 1611 0 0 0 24 19 0 0 0 22 15 0 0 0 19 21 
0 75 0 0 0 31 107 30 19 22 0 57 0 0 0 439 478 396 434 421 280 338 268 278 327 
58 243 11 6 11 175 362 161 146 152 73 308 5 1 2 418 606 393 388 364 55 245 0 0 0 
0 10 505 46 0 561 560 1075 683 619 0 13 457 14 0 198 204 689 212 187 46 52 522 71 50 
0 319 0 282 0 1 300 0 275 0 13 340 11 294 11 0 299 0 268 0 4 282 0 302 0 
345 17 407 54 0 344 11 429 64 0 417 74 452 130 59 348 27 437 74 13 341 25 403 65 10 
2 6 19 7 1143 0 0 16 0 1014 0 0 28 0 1054 0 0 28 0 1100 0 0 23 0 1024 
0 0 33 51 201 197 192 212 217 399 133 141 156 177 310 0 0 33 36 213 0 0 49 47 203 
0 14 0 268 0 115 123 104 363 129 82 85 77 385 63 0 15 0 284 0 278 277 270 580 285 
455 345 786 587 548 89 10 369 170 126 224 118 555 288 236 83 0 384 154 135 192 95 547 312 233 
0 0 353 75 0 0 0 287 66 0 196 233 512 281 216 0 0 313 70 0 0 0 333 65 0 
170 0 0 0 0 341 145 135 149 132 231 20 18 20 15 258 47 46 52 41 180 0 0 0 0 
0 112 0 0 0 0 108 0 0 0 0 106 0 0 0 0 96 0 0 0 97 185 99 105 92 
76 0 347 1 115 85 18 362 15 104 57 0 357 0 105 259 196 535 189 274 68 1 360 0 100 
531 63 58 185 75 507 32 29 203 61 997 507 482 644 551 425 24 17 155 42 776 248 240 498 244 
0 0 0 805 0 7 8 5 808 4 0 0 0 824 0 4 6 5 869 6 0 0 0 818 1 
0 0 0 16 0 0 0 0 19 0 0 0 0 18 0 0 0 0 18 0 580 560 618 603 568 
585 586 605 638 586 0 0 0 0 0 0 0 0 0 0 0 0 0 0 0 0 0 0 0 0 
92 0 0 0 0 117 0 0 0 0 122 0 0 0 0 102 0 0 0 0 206 88 85 89 99 
0 56 0 324 0 92 159 92 436 90 0 59 0 326 0 109 191 123 439 108 0 67 0 329 0 
13 321 450 3 539 38 319 423 38 583 133 454 561 139 563 254 565 647 241 845 4 334 398 6 519 
0 133 1 0 28 0 134 0 0 42 233 438 237 262 278 0 160 0 0 20 15 165 22 25 59 
0 0 0 0 0 137 126 162 125 132 0 0 0 0 0 0 0 0 0 0 69 52 62 60 75 
0 57 128 204 0 0 65 133 177 0 0 61 142 216 0 0 61 140 206 0 0 52 134 224 0 
676 126 38 493 41 645 78 0 466 0 639 56 0 422 0 704 127 44 512 43 692 87 33 491 37 
