4919 5078 5410 5096 4421 5493 5646 6128 5524 4833 5699 5837 6224 5928 5160 5616 5762 6180 5882 4976 5370 5503 6051 5481 4665 
503 344 467 378 791 152 83 194 27 518 342 220 341 86 682 598 414 543 355 943 2347 2282 2255 2178 2704 
1658 2326 1717 1335 1553 255 855 298 65 157 637 1258 705 405 540 298 825 349 92 179 227 844 318 49 164 
0 2315 0 0 15 0 2396 0 0 15 5 2297 4 2 19 0 2333 0 0 13 0 2311 0 0 18 
1104 865 392 882 365 1777 1560 943 1572 1012 944 828 295 753 317 885 675 119 610 216 654 556 28 464 64 
0 0 0 0 0 0 0 0 0 0 1117 1124 1074 1081 1168 0 0 0 0 1 0 0 0 0 0 
18 32 95 1808 48 7 17 84 1731 31 485 505 622 2261 539 116 141 187 1891 160 7 12 37 1669 45 
614 773 582 1159 1681 380 466 321 866 1397 21 144 26 516 1028 32 104 16 424 980 727 788 641 1148 1711 
55 0 0 0 0 62 0 0 0 0 64 0 0 0 0 1313 1322 1350 1302 1234 66 6 6 5 4 
989 0 0 0 0 985 13 18 17 20 961 0 0 0 0 1008 0 0 0 0 989 0 0 0 0 
0 0 1802 9 33 0 0 1840 7 27 0 0 1716 4 23 0 0 1835 6 21 0 0 1784 5 27 
0 0 0 21 16 1624 1564 1591 1574 1618 0 0 0 23 20 0 0 0 22 14 0 0 0 19 24 
0 75 0 0 0 31 107 30 19 22 0 57 0 0 0 439 478 396 434 421 280 338 268 278 327 
50 236 8 6 11 174 363 160 144 154 71 310 4 3 0 417 615 391 395 372 48 259 0 0 0 
0 9 488 33 0 577 554 1067 681 624 0 13 452 12 0 190 197 672 203 179 46 47 514 75 49 
0 328 0 275 0 3 302 0 291 0 12 344 8 275 8 0 311 0 272 0 3 282 0 293 0 
365 19 405 56 0 348 13 434 62 0 422 79 462 122 61 353 26 454 72 13 339 26 411 67 11 
1 6 20 5 1135 0 0 16 0 1019 0 0 28 0 1049 0 0 29 0 1099 0 0 23 0 1018 
0 0 33 51 201 197 192 212 217 399 133 141 156 177 310 0 0 33 36 213 0 0 49 47 203 
0 14 0 249 0 115 123 104 362 129 78 91 69 387 64 0 15 0 280 0 278 277 270 578 285 
446 343 786 574 542 100 12 365 170 123 213 98 529 264 241 77 0 363 145 125 188 106 516 298 232 
0 0 271 74 0 0 0 217 66 0 196 233 454 281 216 0 0 225 70 0 0 0 251 65 0 
170 0 0 0 0 341 145 135 149 132 231 20 18 20 15 258 47 46 52 41 180 0 0 0 0 
0 112 0 0 0 0 108 0 0 0 0 106 0 0 0 0 96 0 0 0 97 185 99 105 92 
77 0 332 1 111 67 9 335 7 92 60 0 335 0 107 275 204 528 193 280 75 2 371 0 104 
554 67 45 191 73 515 32 37 206 72 1077 536 518 728 581 438 22 14 162 50 812 264 242 478 251 
0 0 0 836 0 7 8 6 813 3 0 0 0 836 0 4 6 5 885 6 0 0 0 830 0 
0 0 0 16 0 0 0 0 19 0 0 0 0 18 0 0 0 0 18 0 580 560 618 603 568 
585 586 605 638 586 0 0 0 0 0 0 0 0 0 0 0 0 0 0 0 0 0 0 0 0 
92 0 0 0 0 117 0 0 0 0 122 0 0 0 0 102 0 0 0 0 206 88 85 89 99 
0 56 0 324 0 92 159 92 436 90 0 59 0 326 0 109 191 123 439 108 0 67 0 329 0 
9 322 453 6 537 35 301 413 35 568 135 439 558 148 557 235 554 637 222 813 3 319 390 6 526 
0 130 0 0 27 0 135 0 0 49 241 429 246 265 297 0 159 0 0 27 16 164 21 25 56 
0 0 0 0 0 137 126 162 125 132 0 0 0 0 0 0 0 0 0 0 69 52 62 60 75 
0 57 128 204 0 0 65 133 177 0 0 61 142 216 0 0 61 140 206 0 0 52 134 224 0 
681 122 38 489 41 657 77 0 458 0 635 67 0 424 0 714 128 43 511 38 694 80 32 486 34 
