4941 5081 5412 5199 4549 5385 5468 6008 5515 4758 5593 5706 6222 5890 5183 5482 5672 6141 5869 5119 5370 5515 6062 5585 4808 
549 333 478 343 838 247 75 229 24 552 430 248 402 140 725 662 447 552 372 909 2239 2166 2139 2084 2589 
1635 2290 1679 1344 1515 305 905 324 90 180 678 1295 736 430 542 361 850 374 98 217 314 838 349 69 178 
0 2269 0 0 14 0 2348 0 0 11 7 2242 3 1 14 0 2302 0 0 11 0 2250 0 0 19 
1175 963 426 946 432 1826 1638 953 1594 1043 1063 976 296 833 382 977 761 154 656 204 754 590 29 497 70 
0 0 0 0 0 0 0 0 0 2 1087 1118 1067 1070 1165 0 0 0 0 0 0 1 0 0 1 
18 32 94 1637 44 5 17 85 1644 31 503 478 593 2111 502 113 130 190 1790 174 9 22 81 1542 42 
637 856 590 1214 1564 394 605 352 961 1411 31 242 12 599 970 30 185 16 481 892 715 917 621 1179 1647 
55 0 0 0 0 62 0 0 0 0 64 0 0 0 0 1312 1312 1333 1291 1225 69 4 6 4 2 
989 0 0 0 0 985 13 18 17 20 961 0 0 0 0 1008 0 0 0 0 989 0 0 0 0 
0 0 1723 10 33 0 0 1771 8 27 0 0 1661 5 23 0 0 1752 7 21 0 0 1699 5 27 
0 0 0 21 15 1630 1555 1593 1555 1606 0 0 0 23 21 0 0 0 22 13 0 0 0 20 22 
0 75 0 0 0 31 107 30 19 22 0 57 0 0 0 439 478 396 434 421 280 338 268 278 327 
72 224 8 6 10 192 342 151 145 152 90 294 18 14 9 405 570 369 372 344 64 236 0 0 0 
0 11 486 100 0 549 548 1048 689 608 0 12 450 63 0 194 215 708 260 177 42 54 525 109 50 
0 250 0 240 0 5 220 0 239 0 10 239 10 240 9 2 216 0 233 0 2 228 0 237 0 
332 16 370 51 0 322 11 376 57 0 382 65 401 106 51 326 24 387 67 12 322 25 369 61 10 
0 4 22 3 1124 0 0 16 0 1010 0 0 28 0 1052 0 0 28 0 1091 0 0 23 0 1017 
0 0 33 51 201 197 192 212 217 399 133 141 156 177 310 0 0 33 36 213 0 0 49 47 203 
0 14 0 290 0 115 124 104 386 129 89 99 81 420 74 0 15 0 318 0 280 277 271 607 285 
445 340 759 569 475 105 10 398 207 119 252 143 581 347 273 88 3 375 167 117 211 136 556 365 245 
0 0 353 75 0 0 0 287 66 0 196 233 512 281 216 0 0 313 70 0 0 0 333 65 0 
170 0 0 0 0 341 145 135 149 132 231 20 18 20 15 258 47 46 52 41 180 0 0 0 0 
0 112 0 0 0 0 108 0 0 0 0 106 0 0 0 0 96 0 0 0 97 185 99 105 92 
72 1 342 7 111 102 43 376 41 131 57 5 340 3 108 276 193 518 184 270 68 0 353 7 88 
497 87 89 203 87 456 43 39 175 59 1013 569 513 696 592 431 64 46 187 65 782 285 282 497 294 
0 0 0 777 0 7 8 5 774 3 0 0 0 786 0 4 6 5 831 6 0 0 0 788 0 
0 0 0 16 0 0 0 0 19 0 0 0 0 18 0 0 0 0 18 0 580 560 618 603 568 
585 586 605 638 586 0 0 0 0 0 0 0 0 0 0 0 0 0 0 0 0 0 0 0 0 
92 0 0 0 0 117 0 0 0 0 122 0 0 0 0 102 0 0 0 0 206 88 85 89 99 
0 56 0 324 0 92 159 92 436 90 0 59 0 326 0 109 191 123 439 108 0 67 0 329 0 
9 330 447 6 529 49 351 438 46 588 132 462 555 139 528 257 581 639 251 815 8 349 405 3 501 
0 117 0 0 23 0 131 0 0 21 185 367 189 204 238 0 156 0 0 14 14 142 17 22 49 
0 0 0 0 0 137 126 162 125 132 0 0 0 0 0 0 0 0 0 0 69 52 62 60 75 
0 57 128 204 0 0 65 133 177 0 0 61 142 216 0 0 61 140 206 0 0 52 134 224 0 
617 111 33 442 37 592 74 0 445 0 592 59 0 403 0 641 111 40 468 43 637 93 41 473 48 
