763 723 563 638 643 988 1051 859 880 939 587 619 449 586 648 842 836 715 812 750 472 496 338 378 448 
252 195 245 223 214 0 0 0 0 0 143 112 136 126 138 0 0 0 0 0 0 0 0 0 0 
131 52 25 162 192 86 2 0 157 134 142 52 35 240 222 62 0 0 93 142 76 0 0 122 120 
151 0 133 168 178 232 51 224 243 255 312 128 306 343 350 260 64 192 251 287 178 0 154 214 194 
187 39 100 157 27 167 11 82 128 0 168 20 62 122 25 188 12 34 140 3 348 215 280 367 225 
116 7 16 0 96 101 6 18 0 126 198 94 115 87 197 187 79 109 65 173 247 110 131 113 258 
0 0 0 0 0 0 0 0 0 0 1038 1063 992 1016 1066 0 0 0 0 0 0 0 0 0 0 
0 0 0 289 0 2 0 4 276 1 122 114 106 419 132 133 124 101 444 153 0 0 0 271 0 
15 9 17 201 8 0 0 0 201 0 41 47 41 201 32 0 0 0 186 0 3 6 3 211 4 
0 0 0 0 0 0 0 0 0 0 0 0 0 0 0 71 80 84 87 102 204 197 193 226 191 
91 112 78 73 243 0 10 0 0 140 0 3 0 0 123 0 4 0 0 132 106 81 89 86 196 
145 146 150 162 161 0 0 0 0 0 0 0 0 0 0 0 0 0 0 0 87 79 68 69 80 
0 0 0 0 0 0 0 0 0 0 0 0 0 0 0 429 436 415 407 422 183 174 174 180 200 
0 207 0 0 87 0 185 0 0 100 123 346 154 131 223 0 211 0 0 99 0 228 0 0 83 
811 0 0 0 0 803 0 0 0 0 797 0 0 0 0 832 0 0 0 0 844 0 0 0 0 
24 6 175 126 168 75 77 243 198 249 121 123 271 239 256 188 180 387 328 315 115 100 234 213 276 
83 133 84 136 69 73 81 61 117 69 0 43 0 41 0 39 94 47 84 48 0 42 0 46 0 
36 8 8 5 21 134 90 127 99 122 29 0 0 0 16 24 0 0 0 19 116 115 102 91 135 
0 0 145 0 0 0 0 137 0 0 0 0 154 0 0 175 165 274 138 162 0 0 155 0 0 
0 64 44 46 0 0 78 42 45 0 35 96 91 97 32 0 70 47 47 0 0 69 55 42 0 
0 0 0 3 148 154 120 131 155 261 144 122 116 120 223 1 4 0 0 107 84 94 94 94 208 
0 0 0 0 0 0 0 0 0 0 0 0 0 0 0 1008 1064 1074 1049 982 0 0 0 0 0 
0 28 64 181 0 0 18 68 146 0 0 18 59 173 0 0 24 58 168 0 0 18 68 170 0 
85 145 88 166 183 14 49 27 93 77 22 62 28 100 110 0 63 0 71 92 0 43 0 68 77 
120 136 137 108 3 110 167 226 109 9 343 345 426 343 235 126 163 171 91 3 306 266 359 277 130 
63 15 17 89 15 65 0 0 111 0 195 138 131 217 120 59 2 0 95 1 98 38 40 159 33 
125 90 43 48 33 152 101 51 59 35 61 61 14 1 0 89 79 19 14 16 85 53 10 0 0 
0 0 210 81 0 0 0 240 75 0 0 0 284 88 0 0 0 280 58 0 0 0 215 63 0 
117 146 141 103 95 0 48 62 0 0 0 48 54 0 0 34 68 88 32 32 0 39 80 0 0 
70 59 75 71 62 112 131 120 139 109 25 47 45 36 43 0 0 0 0 0 0 0 0 0 0 
0 0 0 165 0 0 0 0 174 0 213 217 210 401 225 0 0 0 172 0 0 0 0 158 0 
0 0 0 0 0 179 148 194 156 156 0 0 0 0 0 0 0 0 0 0 83 60 71 71 86 
146 0 9 84 68 159 41 63 140 123 274 116 119 192 185 112 0 0 92 49 233 105 101 195 152 
0 84 0 0 0 0 81 0 0 0 0 67 0 0 0 119 152 83 126 82 52 144 48 48 51 
0 0 95 0 0 86 87 180 105 104 0 0 93 0 0 7 9 99 4 8 14 13 85 9 15 
270 239 208 281 128 127 93 76 113 0 83 94 70 88 0 269 271 183 291 135 146 132 93 151 0 
0 44 0 125 0 0 49 0 146 0 0 49 0 140 0 62 131 75 208 72 0 57 0 123 0 
0 0 0 0 83 80 76 78 59 154 82 76 70 83 131 0 0 0 0 78 0 0 0 0 79 
90 262 327 66 220 34 186 243 3 152 101 247 316 77 221 102 279 295 89 248 209 289 341 151 272 
0 61 46 0 99 23 77 57 17 111 29 118 94 42 112 0 79 31 0 85 0 86 34 0 91 
100 83 95 106 108 13 0 0 32 0 12 0 0 34 0 16 0 0 38 0 80 59 54 96 73 
71 0 68 0 0 64 0 78 0 0 116 53 113 48 51 103 16 79 13 13 66 0 77 0 0 
0 21 92 0 110 0 12 77 0 120 0 18 80 0 119 0 15 105 0 158 0 12 77 0 111 
23 42 135 70 18 53 75 161 99 56 0 40 122 38 0 48 70 156 101 40 0 22 105 52 0 
0 79 0 0 0 0 89 0 0 1 147 264 137 147 136 0 102 0 0 0 14 99 20 26 32 
0 0 0 79 0 66 71 60 140 102 0 0 0 80 0 0 0 0 90 0 78 69 63 166 69 
50 0 96 49 0 59 0 113 59 0 65 0 99 51 0 48 1 108 56 0 46 0 104 47 0 
81 51 0 32 0 117 86 16 48 25 103 94 0 26 0 120 56 0 44 0 94 63 0 34 0 
0 0 0 0 37 255 243 254 240 271 0 0 0 0 45 0 0 0 0 50 0 0 0 0 50 
107 60 74 129 85 64 45 57 107 75 28 0 0 61 10 34 0 0 52 13 40 14 8 70 29 
31 59 8 6 11 18 49 0 0 0 20 78 0 0 0 143 174 128 117 114 28 74 0 0 0 
0 0 0 21 0 193 178 202 208 167 0 0 0 23 0 0 0 0 23 0 0 0 0 19 0 
74 86 145 157 103 0 0 57 67 0 0 0 80 66 0 0 0 80 61 0 0 0 69 67 0 
67 57 62 49 74 43 0 0 0 11 77 68 47 49 75 31 0 0 0 22 97 50 47 49 60 
0 0 33 0 84 0 0 45 7 107 0 0 44 0 103 0 1 36 0 112 111 119 155 97 216 
63 124 165 84 81 37 99 107 30 33 0 43 82 0 0 0 44 88 0 0 0 44 78 0 0 
0 0 121 0 0 0 0 94 0 0 78 120 223 119 108 0 0 89 0 0 0 0 111 0 0 
96 112 34 54 135 36 45 0 0 86 39 56 0 0 68 43 41 0 0 74 63 46 0 0 77 
0 49 0 23 36 59 115 57 80 94 0 59 0 27 38 0 55 0 39 40 26 65 22 53 63 
10 8 123 5 15 0 0 117 0 0 0 0 100 0 0 45 50 140 31 38 102 91 171 87 108 
0 0 0 51 75 88 81 63 117 163 0 0 0 49 73 0 0 0 36 84 0 0 0 47 73 
89 162 74 69 83 22 103 0 0 0 30 112 6 8 8 21 74 0 0 0 24 76 0 0 0 
78 38 106 55 108 21 0 45 12 65 23 0 47 11 81 22 0 58 13 64 14 0 44 14 70 
44 0 17 0 1 64 0 11 0 0 88 52 69 53 73 77 0 5 0 0 122 80 93 99 62 
37 39 125 48 51 2 0 83 0 0 0 0 82 0 0 2 0 72 0 5 31 36 110 36 24 
0 58 60 0 0 0 67 50 0 0 21 103 69 21 21 22 90 32 26 31 0 62 51 0 0 
0 0 88 0 45 11 27 106 28 71 0 0 79 0 28 0 0 95 0 30 0 0 95 0 28 
0 2167 0 0 0 0 2249 0 0 0 0 2104 0 0 0 0 2173 0 0 0 0 2117 0 0 0 
29 130 105 20 21 89 199 200 87 65 7 110 108 6 0 35 193 155 90 55 8 98 95 2 0 
66 102 100 0 0 61 133 118 0 0 84 142 107 0 0 73 127 104 0 0 68 121 115 0 0 
0 87 0 103 0 82 135 69 202 84 80 142 50 165 47 0 74 0 115 0 0 97 0 101 0 
0 0 0 0 0 1280 1234 1239 1205 1266 0 0 0 0 0 0 0 0 0 0 0 0 0 0 0 
0 0 80 125 0 0 0 75 106 0 0 0 81 127 0 0 0 81 125 0 0 0 72 128 0 
132 52 47 82 41 138 51 52 106 59 80 0 0 33 0 78 0 0 35 0 84 0 0 40 0 
0 127 0 0 90 0 160 0 0 82 0 169 0 0 90 0 145 0 0 78 0 152 0 0 111 
166 224 148 190 69 148 242 137 143 20 261 346 231 294 157 268 316 246 246 143 168 267 265 191 138 
89 84 265 281 83 0 0 175 210 0 116 127 266 310 91 0 0 171 177 1 11 15 205 201 18 
142 112 110 154 266 8 26 1 14 158 15 3 10 3 163 225 224 170 186 355 209 255 243 223 399 
0 128 0 0 1 0 104 1 0 0 0 128 0 0 0 7 102 4 6 4 275 336 282 261 263 
62 29 46 12 55 49 16 37 0 43 51 15 53 0 38 90 20 39 0 48 137 128 112 91 163 
202 75 0 101 0 205 68 0 102 0 205 52 0 104 0 195 69 0 109 0 199 56 0 113 0 
0 0 1467 0 0 0 0 1496 0 0 0 0 1377 0 0 0 0 1486 0 0 0 0 1452 0 0 
84 1 10 56 34 103 53 55 102 85 107 67 65 84 87 70 23 21 65 35 59 0 0 34 9 
108 119 116 82 175 0 0 6 0 44 57 75 68 57 107 0 0 15 0 47 0 0 12 0 56 
49 91 0 126 0 145 191 106 220 85 121 141 95 219 99 56 84 0 113 0 46 70 0 116 1 
83 99 92 109 140 90 100 71 66 120 0 28 0 0 65 0 26 0 0 36 64 97 54 66 98 
0 94 0 0 3 59 160 35 48 40 47 196 43 46 39 36 164 28 40 48 61 184 53 53 60 
33 11 41 34 0 103 71 112 112 63 43 21 47 36 0 47 9 44 35 0 41 20 37 39 0 
145 0 0 0 0 123 0 0 0 0 205 78 97 96 93 118 0 0 0 0 129 0 0 0 0 
0 0 0 0 831 0 0 0 0 791 0 0 0 0 840 0 0 0 0 830 0 0 0 0 773 
79 135 104 226 193 0 10 7 114 53 0 15 9 80 75 0 16 17 108 70 34 48 40 112 69 
139 0 0 0 0 266 99 89 84 72 152 0 0 0 0 159 0 0 0 0 153 0 0 0 0 
0 0 0 0 0 82 63 76 70 78 0 0 0 0 0 151 125 150 151 145 0 0 0 0 0 
0 22 0 144 0 33 55 46 187 32 0 19 0 132 0 0 16 0 136 0 0 20 0 160 0 
138 56 100 81 142 86 0 80 37 53 96 11 97 60 65 174 100 168 133 159 53 0 56 47 47 
55 59 67 163 129 32 31 31 97 95 0 0 0 91 67 0 0 0 51 60 5 13 10 93 63 
0 14 73 0 0 93 113 188 101 113 0 9 76 0 0 61 92 198 61 68 0 6 63 0 0 
205 6 189 0 0 208 0 170 0 0 207 2 195 4 0 189 0 189 0 0 219 17 183 10 9 
320 120 328 115 215 378 181 419 211 235 339 144 389 200 236 214 8 212 34 120 217 44 253 12 128 
65 152 69 82 66 0 85 0 27 0 17 127 28 33 26 0 103 0 17 0 0 75 0 21 0 
0 0 33 0 58 35 46 78 44 113 55 73 89 53 121 0 0 33 0 61 0 0 49 0 58 
0 0 18 0 228 0 0 17 0 216 0 0 29 0 184 0 0 29 0 218 0 0 29 0 235 
0 0 0 56 0 0 0 0 60 0 56 64 46 145 47 0 0 0 63 0 92 84 86 171 93 
121 0 0 122 0 138 0 0 150 0 137 0 0 120 0 126 2 0 136 0 131 0 0 138 0 
0 41 92 70 1 114 185 197 175 119 168 224 246 222 149 26 74 125 107 37 76 111 128 130 69 
96 117 107 100 195 0 0 0 0 69 0 0 0 0 65 20 22 25 20 94 0 0 0 0 70 
126 213 134 124 131 0 115 0 0 0 80 194 87 86 82 12 116 3 2 8 90 202 83 78 94 
141 133 81 81 84 78 46 0 0 0 88 44 4 6 8 64 46 0 0 0 71 58 0 0 0 
0 135 0 0 0 39 183 61 58 81 0 145 0 0 1 73 224 83 100 72 0 126 0 0 0 
0 0 0 0 0 0 0 0 0 0 0 0 0 0 0 0 0 0 0 0 459 420 458 442 409 
0 0 37 0 0 76 83 96 77 92 0 0 31 0 0 87 75 90 63 80 20 26 63 23 26 
6 15 16 16 52 0 0 0 0 37 82 80 74 68 100 0 0 0 0 33 69 101 78 76 107 
0 0 0 133 0 0 0 0 118 0 0 0 0 144 0 0 0 0 145 0 74 78 81 206 81 
0 68 0 34 72 1 63 0 39 76 0 56 0 36 91 0 59 0 32 73 18 78 24 56 113 
0 5 0 20 0 88 98 81 62 77 78 72 74 64 77 0 12 0 13 0 123 151 126 134 120 
0 0 117 55 0 43 44 155 106 50 0 0 102 39 0 0 0 89 38 0 0 0 126 35 0 
65 0 0 0 0 138 70 67 82 80 107 24 24 24 18 144 54 49 57 46 62 0 0 0 0 
83 34 33 111 37 39 0 0 91 0 48 0 0 85 0 82 32 29 112 30 55 0 0 83 0 
0 0 63 39 0 0 0 55 36 0 101 99 149 129 97 0 0 62 46 0 0 0 66 40 0 
4 6 65 113 9 0 0 60 85 0 54 32 119 146 56 34 44 83 141 42 0 0 55 92 0 
51 6 47 44 7 40 6 32 41 13 115 75 133 112 84 65 21 51 59 19 46 0 50 41 0 
48 0 64 0 63 50 0 61 0 61 34 0 76 0 81 120 65 121 76 128 40 0 61 0 59 
73 18 131 68 44 53 12 115 64 34 50 0 107 29 16 127 49 161 98 77 68 26 163 59 54 
13 99 160 30 132 121 184 281 118 243 30 82 185 43 161 0 33 166 7 114 65 134 211 85 211 
26 23 23 63 59 46 49 38 82 92 0 0 0 36 31 0 0 0 22 19 91 105 103 139 110 
18 28 0 82 0 29 44 0 103 0 77 72 39 128 51 25 34 0 103 0 39 32 0 80 0 
0 0 50 0 0 154 136 192 135 159 0 0 56 0 0 0 0 69 0 0 0 0 65 0 0 
69 8 6 0 21 99 73 68 71 76 125 89 88 95 108 48 0 4 0 19 33 13 12 0 22 
19 154 107 18 50 0 128 88 7 18 0 113 61 0 36 0 123 78 11 15 49 180 115 43 93 
155 217 110 106 115 70 77 51 25 31 42 71 16 0 0 41 54 17 0 0 31 49 17 0 0 
86 67 3 3 2 74 41 0 0 0 87 54 19 9 22 90 82 47 48 53 102 59 41 1 39 
37 74 43 68 29 0 61 11 41 16 0 50 11 45 19 0 40 14 31 13 39 104 64 97 78 
0 0 61 27 11 0 0 46 39 3 0 0 45 40 7 46 53 128 97 65 55 53 102 100 70 
31 41 28 21 33 0 0 0 0 0 70 62 61 64 62 0 0 0 0 0 126 112 108 122 118 
42 0 3 15 28 0 0 0 0 0 0 0 0 0 0 69 57 91 70 76 116 88 99 131 116 
26 33 96 14 34 0 0 55 0 0 60 49 131 43 44 0 0 53 0 0 0 0 58 0 0 
0 0 91 6 0 0 0 31 0 0 19 20 39 0 18 0 0 35 8 0 0 0 71 0 0 
43 70 0 0 0 66 93 38 30 29 67 107 17 13 9 79 118 37 37 41 37 66 0 0 0 
90 124 71 63 71 13 44 3 0 0 83 138 72 54 56 34 72 29 18 14 23 56 0 0 0 
0 116 108 162 0 0 126 118 164 0 0 107 118 166 0 0 116 115 156 0 0 127 118 164 1 
18 0 0 207 0 12 0 0 142 0 134 106 130 264 108 17 0 0 167 0 34 1 5 152 3 
153 168 47 104 124 180 281 92 117 175 166 213 103 127 125 97 130 24 48 83 268 319 149 185 201 
62 156 125 75 94 5 34 54 9 3 31 72 97 29 23 21 71 53 9 19 0 59 48 0 0 
0 18 17 0 61 7 20 18 0 118 0 19 12 1 46 62 85 76 50 149 21 41 45 27 98 
630 478 580 415 517 446 181 297 173 233 458 300 351 172 304 363 101 150 45 192 537 340 429 319 412 
78 59 0 3 0 168 147 75 72 72 84 80 0 0 0 87 96 29 14 17 71 58 0 0 0 
157 307 127 158 136 267 388 152 264 191 146 276 76 144 74 41 195 0 52 0 93 228 62 101 53 
0 0 0 0 52 0 0 0 0 56 0 0 0 0 65 0 0 0 0 58 134 157 141 152 185 
153 0 0 54 0 157 0 0 57 0 144 0 0 42 0 172 0 0 46 0 152 0 0 41 0 
197 145 214 273 132 39 0 83 124 5 104 35 158 216 78 47 0 119 120 37 57 0 97 97 0 
130 121 84 35 54 156 158 91 81 97 91 72 23 0 10 218 167 149 105 127 163 160 98 54 84 
76 170 72 87 75 0 77 0 0 0 6 112 3 5 4 0 78 0 0 0 93 200 83 116 83 
0 0 0 16 0 0 0 0 25 0 0 0 0 21 0 0 0 0 22 0 190 206 228 228 227 
73 6 67 138 118 23 1 46 117 89 70 16 51 138 121 31 0 42 102 97 137 85 124 222 215 
0 82 64 0 74 0 79 64 0 75 0 83 55 0 60 0 74 70 0 79 0 95 73 0 69 
48 23 60 42 32 77 53 98 61 66 23 21 35 18 13 63 46 106 79 54 8 0 34 2 0 
76 0 0 0 53 64 0 0 0 50 82 0 0 0 60 64 0 0 0 47 175 90 80 94 151 
57 89 0 72 42 39 80 0 95 53 72 63 2 135 77 115 163 83 168 122 74 117 29 102 71 
104 127 128 115 96 18 43 54 14 14 0 14 55 0 0 91 96 130 76 59 31 47 71 22 15 
0 0 0 140 35 0 0 0 158 27 27 29 16 157 51 0 0 0 149 34 0 0 0 138 37 
0 0 0 180 8 248 215 190 460 236 0 0 0 203 19 159 163 178 348 152 0 0 2 176 12 
80 205 216 244 83 30 90 165 191 21 82 151 190 221 89 77 215 236 280 106 127 149 212 273 101 
0 0 0 1294 0 0 0 0 1291 0 0 0 0 1314 0 0 3 3 1359 2 0 0 0 1330 0 
213 0 0 0 0 221 13 21 19 21 189 0 0 0 0 203 0 0 0 0 185 0 0 0 0 
92 0 0 0 0 117 0 0 0 0 122 0 0 0 0 102 0 0 0 0 206 88 85 89 99 
169 59 57 105 81 65 0 0 14 4 148 49 40 47 42 124 47 65 92 76 178 120 106 144 113 
60 103 154 118 88 0 0 56 0 0 0 0 83 0 0 0 0 58 0 0 190 173 247 204 206 
1 11 0 87 194 127 134 125 207 345 1 28 0 95 250 0 14 0 98 249 118 145 114 193 298 
9 14 72 12 235 5 0 48 9 192 126 124 177 126 299 149 154 224 186 355 2 6 54 4 200 
121 286 282 204 81 151 266 293 213 79 142 283 280 183 124 72 214 245 115 16 79 219 237 146 26 
124 0 0 8 0 109 0 0 0 0 124 0 0 0 0 122 0 0 0 0 164 18 27 31 40 
47 67 39 28 58 0 36 0 5 15 51 85 45 40 58 7 35 0 0 32 0 40 1 0 26 
615 640 646 681 630 0 0 0 0 0 0 0 0 0 0 0 0 0 0 0 0 0 0 0 0 
85 67 0 0 0 104 88 17 17 16 163 95 38 43 28 112 73 0 0 0 119 102 26 31 34 
26 0 0 53 63 67 41 37 82 113 18 0 0 55 60 33 10 14 51 55 27 25 28 66 70 
14 7 0 0 81 19 1 0 0 69 69 72 52 49 144 27 23 15 17 81 103 124 111 106 143 
55 0 0 0 0 62 0 0 0 0 64 0 0 0 0 202 133 145 146 141 52 0 0 0 0 
83 145 102 107 133 100 259 147 142 212 23 112 66 61 55 117 179 131 144 137 119 220 179 167 180 
0 0 0 0 0 31 38 31 20 22 0 0 0 0 0 63 75 77 69 101 108 98 103 110 137 
152 14 81 9 21 201 0 73 14 15 255 76 134 90 94 281 152 252 160 138 227 52 93 33 45 
20 0 34 0 0 22 0 15 0 0 29 0 23 3 0 91 68 100 51 84 21 4 29 0 0 
0 0 193 0 37 0 0 222 0 29 0 0 191 0 27 0 0 180 0 21 0 0 180 0 27 
99 65 0 107 43 112 60 0 100 50 110 103 28 130 64 72 49 0 94 48 65 70 0 100 36 
40 65 43 61 32 11 21 0 22 0 59 82 50 87 35 11 42 5 34 4 55 56 54 77 26 
0 0 54 71 0 82 56 119 117 79 0 0 54 53 0 75 68 123 103 57 53 39 111 93 33 
1 0 0 0 0 0 35 0 0 0 0 0 0 0 0 38 44 50 46 59 0 0 0 0 0 
0 239 0 219 0 0 201 0 216 0 10 213 8 208 7 0 205 0 203 0 0 214 0 224 0 
