733 824 543 645 675 1015 1098 862 958 944 593 652 447 594 647 892 924 681 921 866 545 565 375 451 459 
261 184 255 225 216 0 0 0 0 0 137 122 148 127 146 0 0 0 0 0 0 0 0 0 0 
114 54 25 154 185 80 0 0 150 122 160 59 25 251 204 61 0 0 86 135 72 0 0 109 119 
167 0 152 176 204 226 58 233 251 254 326 131 325 365 367 263 65 205 258 278 198 0 148 221 214 
151 38 81 145 32 156 9 72 121 5 150 30 56 100 19 147 3 41 128 0 334 217 264 340 206 
103 5 21 0 104 94 8 19 0 128 191 99 115 100 190 191 89 113 70 194 270 124 144 102 264 
0 0 0 0 0 0 0 0 0 0 1036 1042 986 1020 1045 0 0 0 0 0 0 0 0 0 0 
0 0 0 273 0 1 1 3 268 1 113 102 104 386 123 131 112 93 414 140 0 0 0 259 0 
16 12 15 203 5 0 0 0 216 0 41 50 44 209 35 0 0 0 188 0 3 9 3 228 3 
0 0 0 0 0 0 0 0 0 0 0 0 0 0 0 71 75 85 83 96 203 203 193 230 187 
87 105 84 89 250 0 11 0 0 158 4 0 0 0 137 0 4 0 0 139 106 93 91 92 194 
144 141 154 153 155 0 0 0 0 0 0 0 0 0 0 0 0 0 0 0 81 80 67 67 85 
0 0 0 0 0 0 0 0 0 0 0 0 0 0 0 424 430 415 401 413 188 173 177 178 202 
0 212 0 0 87 0 182 0 0 104 121 337 156 120 233 0 203 0 0 98 0 235 0 0 80 
816 0 0 0 0 806 0 0 0 0 805 0 0 0 0 837 0 0 0 0 859 0 0 0 0 
6 1 149 122 164 65 68 241 180 233 109 116 251 187 238 178 181 348 302 305 78 84 223 174 263 
102 140 85 157 74 82 88 67 121 81 0 43 0 44 0 49 100 53 89 49 0 44 0 53 0 
35 7 18 7 23 139 91 113 113 129 27 0 0 0 18 22 0 0 0 24 122 106 112 103 145 
0 0 149 0 0 0 0 147 0 0 0 1 172 0 0 178 148 284 145 155 0 0 156 0 0 
0 65 43 46 0 0 78 42 47 0 36 100 91 99 33 0 68 47 47 0 0 70 55 41 0 
1 0 0 4 158 157 114 127 153 258 135 125 113 137 214 3 1 0 0 110 79 92 92 91 210 
0 0 0 0 0 0 0 0 0 0 0 0 0 0 0 1010 1060 1080 1047 985 0 0 0 0 0 
0 23 67 174 0 0 19 62 138 0 0 20 54 170 0 0 19 60 165 0 0 17 64 175 0 
85 157 89 177 176 6 60 26 85 95 17 74 25 107 113 0 66 0 77 89 0 41 0 67 87 
125 139 150 101 14 130 160 238 118 2 366 347 412 370 241 136 148 183 105 0 321 262 377 297 144 
64 13 15 97 18 70 0 0 109 0 197 141 128 216 124 63 0 0 96 0 101 39 41 161 33 
126 91 52 57 42 156 105 44 62 33 66 64 16 1 0 96 68 26 12 12 87 54 11 0 0 
0 0 252 86 0 0 0 252 73 0 0 0 289 84 0 0 0 280 64 0 0 0 224 63 0 
110 141 143 102 89 0 44 55 0 0 0 44 53 0 0 37 67 91 32 32 0 38 81 0 0 
71 58 74 69 64 107 126 115 130 113 23 42 44 46 44 0 0 0 0 0 0 0 0 0 0 
0 0 0 167 0 0 0 0 174 0 213 228 213 397 231 0 0 0 172 0 0 0 0 157 0 
0 0 0 0 0 166 146 199 146 171 0 0 0 0 0 0 0 0 0 0 85 62 75 72 85 
121 0 9 74 58 147 54 49 143 122 248 94 98 178 178 97 0 0 75 45 222 99 104 177 137 
0 94 0 0 0 0 79 0 0 0 0 67 0 0 0 124 162 90 134 96 64 145 48 54 59 
0 0 98 0 0 92 88 179 106 109 0 0 94 0 0 8 10 102 4 8 14 13 84 10 15 
251 247 206 275 117 116 102 86 106 0 74 86 69 85 0 246 252 175 275 119 133 128 91 150 6 
0 39 0 117 0 0 49 0 137 0 0 49 0 129 0 56 129 68 196 70 0 56 0 124 0 
0 0 0 0 76 82 72 79 61 151 81 71 68 79 134 0 0 0 0 79 0 0 0 0 80 
77 252 324 78 224 23 190 245 9 142 81 243 331 61 210 83 256 294 91 204 185 300 360 162 257 
0 57 43 0 99 23 74 62 15 106 27 118 96 42 104 0 87 34 0 77 0 84 33 0 94 
105 85 102 106 113 15 0 0 34 0 13 0 0 37 0 17 0 0 39 0 83 64 58 100 76 
69 0 65 0 0 64 0 76 0 0 114 53 110 48 50 99 16 82 13 12 67 0 73 0 0 
0 19 88 0 108 0 13 81 0 122 0 21 80 0 121 0 16 100 0 156 0 19 74 0 112 
12 47 130 67 21 45 73 155 99 44 0 44 119 35 0 46 69 152 104 35 0 23 104 52 0 
0 76 0 0 0 0 83 0 0 0 149 256 134 151 142 0 105 0 0 0 16 96 19 26 32 
0 0 0 75 0 63 67 53 127 84 0 0 0 70 0 0 0 0 80 0 73 64 59 152 62 
52 0 96 49 0 61 0 113 53 0 61 0 102 51 0 50 0 110 56 0 47 0 105 47 0 
80 48 0 33 0 111 76 17 49 24 100 90 0 25 0 111 51 0 41 0 90 58 0 34 0 
0 0 0 0 30 250 236 254 240 276 0 0 0 0 40 0 0 0 0 47 0 0 0 0 47 
102 63 66 128 87 71 44 55 115 70 28 0 0 59 11 30 0 0 57 14 43 17 10 73 37 
33 58 9 6 12 18 54 0 0 0 21 80 0 0 0 139 168 134 125 115 28 77 0 0 0 
0 0 0 22 0 193 179 203 205 170 0 0 0 25 0 0 0 0 23 0 0 0 0 20 0 
86 87 150 157 98 0 0 60 68 0 0 0 83 72 0 0 0 76 60 0 0 0 70 68 0 
67 60 63 53 72 44 0 0 0 11 80 68 52 49 75 30 0 0 0 22 96 49 45 50 63 
0 0 31 0 84 2 0 41 10 104 1 0 44 0 120 0 2 37 0 109 119 121 169 104 225 
68 128 160 84 87 36 98 120 33 38 0 43 92 0 0 0 48 92 0 0 0 43 78 0 0 
0 0 119 0 0 0 0 93 0 0 78 118 222 116 108 0 0 91 0 0 0 0 110 0 0 
95 115 34 52 132 33 45 0 0 80 39 58 0 0 70 42 44 0 0 78 60 41 0 0 78 
0 50 0 23 36 60 115 57 80 94 0 59 0 28 38 0 56 0 39 39 25 65 22 54 63 
9 8 120 5 15 0 0 115 0 1 0 0 95 0 0 46 48 144 34 34 97 91 174 70 97 
0 0 0 51 75 88 81 63 117 163 0 0 0 49 73 0 0 0 36 84 0 0 0 47 73 
95 165 78 73 84 21 106 0 0 0 31 116 7 6 9 21 76 0 0 0 25 81 3 3 0 
78 37 106 54 108 21 0 45 12 67 23 0 49 10 82 22 0 58 11 65 15 0 44 13 70 
32 0 16 0 1 66 0 16 0 0 87 52 75 57 71 69 0 0 0 0 124 78 84 115 85 
36 34 118 42 49 0 0 81 0 0 0 0 77 0 0 6 0 70 0 7 29 34 112 36 28 
0 58 57 0 0 0 62 35 5 0 21 103 69 21 21 22 89 36 29 26 0 61 49 0 0 
1 0 89 0 45 19 26 99 21 67 0 0 82 0 28 0 4 94 0 27 0 0 97 0 28 
0 2191 0 0 0 0 2264 0 0 0 0 2114 0 0 0 0 2193 0 0 0 0 2126 0 0 0 
24 103 91 16 8 77 172 167 78 49 7 103 100 3 0 36 164 121 64 35 1 86 75 0 0 
65 118 94 0 0 63 148 120 0 0 87 145 116 0 0 78 143 104 0 0 67 126 126 0 0 
0 90 0 116 0 72 153 66 192 105 72 141 50 132 48 0 70 0 116 0 0 105 0 99 0 
0 0 0 0 0 1287 1259 1247 1206 1271 0 0 0 0 0 0 0 0 0 0 0 0 0 0 0 
0 0 80 125 0 0 0 75 106 0 0 0 81 127 0 0 0 81 125 0 0 0 72 127 0 
130 47 46 84 38 150 54 49 104 59 81 0 0 33 0 77 0 0 37 0 91 0 0 41 0 
0 127 0 0 89 0 161 0 0 78 0 157 0 0 88 0 146 0 0 76 0 147 0 0 111 
206 273 169 201 97 146 228 127 127 22 288 355 261 295 148 268 301 260 231 138 190 278 245 197 150 
77 76 271 284 84 0 0 193 205 0 114 114 280 316 89 0 0 171 193 4 21 16 198 203 21 
143 119 113 145 259 11 24 3 10 167 15 17 8 5 161 208 205 162 175 330 213 248 235 216 377 
0 133 0 0 0 0 101 0 0 0 0 123 0 0 0 7 113 4 6 3 274 344 288 264 264 
64 30 46 10 54 49 15 37 0 48 53 17 41 0 34 79 16 35 0 54 137 121 118 101 154 
208 71 0 103 0 208 68 0 108 0 215 59 0 106 0 198 69 0 111 0 201 50 0 105 0 
0 0 1459 0 0 0 0 1484 0 0 0 0 1364 0 0 0 0 1482 0 0 0 0 1453 0 0 
70 0 5 54 30 99 58 45 101 76 102 63 66 93 87 67 21 20 62 35 54 0 0 33 7 
104 122 118 80 180 0 0 8 0 47 56 73 69 54 99 0 0 19 0 50 0 0 11 0 58 
43 83 0 111 0 133 176 95 205 82 114 129 88 206 90 52 77 0 105 0 37 68 0 107 0 
96 94 103 99 129 88 96 68 67 118 0 35 0 0 48 0 23 0 0 35 64 84 51 56 101 
0 88 0 0 0 45 155 35 40 39 42 184 47 42 36 37 152 28 35 41 53 167 45 50 57 
30 10 40 34 0 101 67 111 112 61 42 17 47 35 0 47 6 44 35 0 41 15 34 39 0 
141 0 0 0 0 122 0 0 0 0 200 76 96 99 99 112 0 0 0 0 124 0 0 0 0 
0 0 0 0 839 0 0 0 0 795 0 0 0 0 840 0 0 0 0 832 0 0 0 0 775 
82 131 97 196 181 0 12 3 100 54 0 14 5 66 67 0 10 10 100 54 34 44 42 119 65 
140 0 0 0 0 260 100 96 91 76 157 0 0 0 0 155 0 0 0 0 151 0 0 0 0 
0 0 0 0 0 82 63 73 68 75 0 0 0 0 0 153 126 154 155 153 0 0 0 0 0 
0 22 0 143 0 33 54 46 186 32 0 19 0 132 0 0 15 0 136 0 0 20 0 160 0 
127 53 126 115 150 81 2 89 52 59 64 2 95 56 62 166 91 153 123 149 44 0 47 45 55 
55 62 66 158 130 34 30 35 99 95 0 0 0 98 74 0 0 0 55 58 8 12 11 95 70 
0 11 77 0 0 92 118 208 97 109 0 10 79 0 0 66 103 196 63 79 0 6 71 0 0 
209 6 198 0 0 209 4 177 0 0 211 3 194 3 1 185 0 199 0 0 216 26 186 10 11 
346 113 361 122 236 395 181 442 182 265 382 141 396 207 253 234 21 239 27 132 222 42 273 3 139 
65 151 69 83 65 0 84 0 26 0 17 128 27 34 26 0 103 0 17 0 0 74 0 22 0 
0 0 38 0 59 34 48 81 44 114 59 77 94 54 123 0 0 32 0 62 0 0 49 0 59 
0 0 17 0 230 0 0 17 1 220 0 0 30 0 194 0 0 28 0 212 0 0 32 0 225 
0 0 0 53 0 0 0 0 61 0 56 60 47 147 47 0 0 0 59 0 87 84 84 168 88 
123 0 0 116 0 145 0 0 148 0 139 0 0 115 0 122 0 0 136 0 130 0 0 134 0 
0 36 93 62 0 98 175 193 174 118 168 212 248 228 149 11 71 129 105 17 67 103 122 121 64 
99 125 109 103 199 0 0 0 0 72 0 0 0 0 66 20 22 25 23 97 0 0 0 0 71 
123 214 130 129 134 0 113 0 0 0 85 196 90 92 84 10 114 5 2 11 93 202 83 77 98 
136 122 76 78 78 76 45 0 0 0 85 47 3 4 8 63 47 0 0 0 71 56 0 0 0 
0 127 0 0 0 40 188 52 63 76 0 142 0 0 1 66 207 91 87 75 0 138 0 0 0 
0 0 0 0 0 0 0 0 0 0 0 0 0 0 0 0 0 0 0 0 445 408 441 432 392 
0 0 42 0 0 80 88 100 81 92 0 0 34 0 0 81 78 87 60 85 22 28 63 23 26 
8 16 16 17 51 0 0 0 0 36 81 80 74 70 99 0 0 0 0 33 74 100 78 76 107 
0 0 0 135 0 0 0 0 124 0 0 0 0 144 0 0 0 0 148 0 89 77 80 208 85 
0 68 0 34 72 0 64 0 39 75 0 56 0 36 91 0 60 0 31 73 15 78 25 53 112 
0 11 0 17 0 76 84 73 62 71 81 71 70 64 78 0 15 0 12 0 118 148 126 147 118 
0 0 112 56 0 43 47 151 107 50 0 0 98 39 0 0 0 82 38 0 0 0 121 35 0 
66 0 0 0 0 141 69 63 88 73 109 23 21 21 18 146 51 53 61 49 63 0 0 0 0 
83 35 33 111 37 38 0 0 91 0 48 0 0 85 0 83 35 30 120 32 55 0 0 83 0 
0 0 62 42 0 0 0 54 40 0 101 99 150 128 97 0 0 63 42 0 0 0 67 34 0 
4 8 50 100 7 0 0 48 76 0 49 32 108 125 51 29 43 70 115 37 0 0 50 84 0 
43 5 43 40 9 44 7 34 40 22 127 75 118 110 84 63 22 51 54 18 51 0 45 43 2 
52 0 68 0 66 45 0 71 0 59 35 0 86 0 89 115 63 128 80 133 32 0 63 0 68 
69 24 143 73 50 53 14 114 72 30 44 0 103 36 15 138 57 179 116 89 74 31 165 60 55 
13 81 168 42 137 118 193 278 128 229 23 93 180 48 163 0 31 168 0 121 76 126 213 92 227 
20 23 24 57 49 43 40 33 79 77 0 0 0 33 33 0 0 0 26 19 79 91 95 130 105 
18 32 0 84 0 30 49 0 106 0 75 73 39 134 52 25 37 0 104 0 39 33 0 82 0 
0 0 51 0 0 158 139 198 138 164 0 0 58 0 0 0 0 68 0 0 0 0 65 0 0 
73 15 24 9 22 112 72 79 74 81 127 103 97 97 105 60 0 5 0 19 41 12 16 9 30 
19 145 94 17 41 0 121 79 7 17 0 104 50 0 31 0 128 60 4 16 46 173 111 43 91 
153 211 114 101 104 71 81 50 24 23 41 75 15 0 0 44 47 18 0 0 31 52 17 0 0 
103 60 5 0 1 79 41 0 0 2 88 53 18 3 27 91 89 63 48 49 112 71 62 0 36 
38 71 41 71 29 0 59 10 41 16 0 48 10 43 19 0 38 13 30 13 38 104 63 95 78 
0 0 56 27 11 0 0 45 35 3 0 0 44 40 6 43 53 122 94 61 54 50 100 92 63 
27 42 27 24 35 0 0 0 0 0 77 66 62 68 59 0 0 0 0 0 126 117 107 121 117 
39 0 6 19 25 0 0 0 0 0 0 0 0 0 0 63 66 91 67 74 105 78 105 112 108 
25 29 94 22 35 0 0 59 0 0 60 53 130 34 36 0 0 53 0 0 4 0 61 0 0 
0 0 60 0 0 0 0 35 0 0 19 20 44 0 18 0 0 44 2 0 0 0 71 0 0 
43 70 0 0 0 66 93 38 30 29 67 108 17 14 9 79 119 37 37 40 37 65 0 0 0 
101 131 81 65 71 15 45 4 0 0 78 134 72 58 57 35 69 29 18 18 25 62 0 0 0 
0 116 107 163 0 0 127 119 164 1 0 108 120 167 3 0 116 115 156 0 0 127 118 165 0 
20 0 0 207 0 15 0 0 144 0 129 108 145 257 108 19 0 0 156 0 34 2 1 151 4 
139 144 30 81 109 173 260 85 103 176 139 193 78 102 130 90 116 12 32 69 231 274 117 162 185 
54 149 105 69 86 7 41 55 10 3 26 67 86 29 26 23 64 49 10 24 0 54 42 0 0 
4 17 12 0 60 4 15 19 0 108 0 5 12 1 48 55 83 68 38 139 29 35 47 26 89 
633 448 556 391 486 437 144 260 148 198 431 246 327 180 277 322 101 160 34 130 526 318 424 325 399 
87 69 0 3 0 199 168 88 80 79 97 85 0 0 0 117 116 26 21 21 82 65 0 0 0 
162 313 119 167 136 264 385 153 255 185 148 272 89 156 80 37 193 0 57 0 105 222 60 97 37 
0 0 0 0 52 0 0 0 0 56 0 0 0 0 65 0 0 0 0 58 134 157 141 152 185 
150 0 0 54 0 156 0 0 55 0 141 0 0 40 0 168 0 0 46 0 149 0 0 41 0 
200 131 210 272 134 40 0 92 136 5 98 47 163 214 86 51 6 117 120 27 54 0 108 86 2 
141 123 73 48 50 171 156 105 99 107 76 83 27 1 6 205 153 145 103 134 146 175 113 42 71 
64 168 57 84 73 0 75 0 0 0 6 108 4 6 3 0 82 0 0 0 85 188 75 104 75 
0 0 0 18 0 0 0 0 21 0 0 0 0 20 0 0 0 0 25 0 181 202 229 238 224 
83 5 71 149 124 36 1 47 131 97 82 23 67 161 131 38 0 45 123 103 158 87 126 231 227 
0 74 62 0 75 0 79 69 0 77 0 91 56 0 56 0 74 71 0 83 0 92 75 0 68 
48 28 61 44 41 83 56 108 63 68 23 23 41 22 12 69 51 124 85 58 12 0 35 2 0 
76 0 0 0 53 62 0 0 0 49 84 0 0 0 60 66 0 0 0 45 177 90 77 87 150 
65 101 0 89 46 36 77 0 101 54 73 90 2 155 79 119 172 81 181 133 65 138 32 118 80 
98 129 131 111 87 14 39 53 15 15 0 13 56 0 0 81 102 109 63 65 25 41 72 34 14 
0 0 0 140 35 0 0 0 158 28 27 29 16 157 51 0 0 0 149 34 0 0 0 138 38 
0 0 0 180 3 251 215 196 453 240 0 0 0 198 15 158 166 168 367 145 0 0 0 194 15 
74 195 236 238 73 37 110 146 182 29 88 150 182 248 85 78 229 224 276 112 102 163 212 300 108 
0 0 0 1276 0 0 0 0 1301 0 0 0 0 1331 0 0 2 4 1365 3 0 0 0 1306 0 
217 0 0 0 0 219 14 20 18 20 191 0 0 0 0 207 0 0 0 0 185 0 0 0 0 
91 0 0 0 0 117 0 0 0 0 122 0 0 0 0 102 0 0 0 0 206 87 85 89 99 
209 74 55 114 87 75 0 0 15 14 171 62 49 69 58 151 35 59 98 82 180 142 95 147 123 
70 96 149 107 88 0 0 58 0 0 0 0 80 0 0 0 0 60 0 1 180 184 243 209 201 
2 7 2 76 201 128 129 120 208 339 1 31 3 91 253 0 13 0 87 238 115 136 112 178 297 
18 12 76 12 228 4 0 54 11 185 117 116 181 123 289 147 148 224 189 363 1 7 42 3 185 
140 283 284 208 87 146 266 320 207 71 143 283 304 183 126 86 207 261 135 33 57 221 227 121 13 
121 0 0 21 0 113 0 0 0 0 121 0 0 0 0 115 0 0 0 0 160 19 28 46 35 
40 69 30 35 62 0 44 0 3 17 51 80 45 40 62 7 36 0 0 30 0 50 5 0 18 
614 635 646 680 625 0 0 0 0 0 0 0 0 0 0 0 0 0 0 0 0 0 0 0 0 
81 57 0 0 0 95 84 18 20 15 155 99 33 45 30 109 75 0 0 0 121 109 27 23 40 
33 0 0 55 72 70 46 42 92 125 18 0 1 61 65 35 10 12 55 57 27 29 31 76 81 
17 8 0 0 75 22 2 0 0 77 73 78 50 46 147 25 22 18 17 83 106 116 107 111 143 
55 0 0 0 0 62 0 0 0 0 64 0 0 0 0 203 133 146 146 141 52 0 0 0 0 
72 124 89 119 119 89 230 152 146 199 21 120 50 47 60 130 187 131 154 147 119 205 179 183 173 
0 0 0 0 0 33 37 31 20 24 0 0 0 0 0 69 77 78 70 98 108 103 103 106 144 
168 8 84 14 25 225 0 65 14 17 294 91 155 111 107 328 189 282 167 178 250 43 102 40 59 
18 0 38 0 0 18 0 17 0 0 48 0 12 1 0 104 69 104 64 87 21 2 36 0 0 
0 0 196 0 36 0 0 220 0 31 0 0 186 0 25 0 0 182 0 22 0 0 187 0 29 
95 58 0 110 39 102 76 0 113 53 109 95 24 128 67 77 46 0 83 48 77 71 0 105 34 
41 66 43 62 33 12 22 0 24 0 61 83 51 88 37 12 42 6 35 5 56 56 54 79 29 
0 0 56 66 0 71 50 116 102 67 0 0 50 49 0 79 74 125 103 50 56 37 96 97 38 
1 0 0 0 0 0 33 0 0 0 0 0 0 0 0 30 47 42 48 77 0 0 0 0 0 
0 246 0 217 0 0 196 0 215 0 9 220 6 209 9 0 201 0 207 0 0 216 0 224 0 
