850 768 566 651 707 1140 1132 977 1019 1034 629 573 457 617 711 981 834 760 878 961 559 467 366 436 568 
268 188 250 229 224 0 2 0 0 0 149 136 155 140 160 0 0 0 0 0 0 0 0 0 0 
116 43 38 151 232 87 0 0 115 148 166 53 25 203 239 66 0 0 93 158 91 0 0 124 132 
176 0 141 186 196 230 33 225 278 244 324 139 339 370 363 263 61 201 267 255 175 0 153 250 195 
179 51 104 151 54 137 4 65 87 4 137 12 63 94 14 157 1 43 114 0 328 188 254 293 199 
98 3 20 0 82 78 0 17 0 103 173 85 99 77 168 156 61 92 58 143 206 96 118 99 230 
0 0 0 0 0 0 0 0 0 0 1044 1060 1000 1028 1062 0 0 0 0 0 0 0 0 0 0 
0 0 0 288 0 1 0 4 261 1 116 116 97 396 124 126 120 96 426 139 0 0 0 276 0 
13 8 14 175 5 0 0 0 179 0 38 43 37 172 30 0 0 0 154 0 3 6 3 175 3 
0 0 0 0 0 0 0 0 0 0 0 0 0 0 0 86 89 89 73 106 214 214 203 248 209 
86 123 85 67 215 0 15 0 0 140 0 6 0 0 127 0 4 0 0 145 85 93 85 66 183 
167 163 160 182 201 0 0 0 0 0 0 0 0 0 0 1 0 0 0 0 96 98 80 75 95 
0 0 0 0 0 0 0 0 0 0 0 0 0 0 0 456 445 431 429 440 199 182 185 196 208 
0 204 0 0 88 0 175 0 0 104 131 348 155 133 222 0 204 0 0 94 0 221 0 0 80 
801 0 0 0 0 800 0 0 0 0 789 0 0 0 0 823 0 0 0 0 841 0 0 0 0 
26 11 194 153 181 89 71 229 200 265 132 132 290 256 269 194 184 384 340 331 124 86 257 208 271 
82 123 77 131 74 67 84 67 120 77 0 46 0 41 0 45 92 53 94 44 0 43 0 45 0 
32 7 16 7 20 130 97 110 104 123 31 0 0 0 18 26 0 0 0 23 120 116 98 108 142 
0 0 153 0 0 0 0 142 0 0 0 0 163 0 0 178 154 289 144 151 0 0 152 0 0 
0 95 54 79 0 0 114 55 68 0 64 162 135 145 57 0 104 69 76 0 0 116 85 65 0 
0 0 0 3 124 122 100 107 120 218 127 108 99 99 190 3 0 0 0 115 72 88 104 75 191 
0 0 0 0 0 0 0 0 0 0 0 0 0 0 0 1000 1051 1068 1039 970 0 0 0 0 0 
0 19 58 151 0 0 19 61 126 0 0 19 56 163 0 0 19 51 155 0 0 14 54 149 0 
101 156 88 197 195 11 51 26 84 96 30 69 28 100 127 0 58 0 78 84 0 57 0 67 97 
126 129 155 100 4 114 142 208 111 1 295 291 352 295 198 122 113 166 85 0 307 271 368 276 157 
64 14 19 99 14 75 0 0 113 0 206 143 130 219 120 67 0 0 92 0 102 40 45 171 39 
121 88 44 44 36 141 87 46 55 33 50 43 16 0 0 82 67 17 13 14 85 50 13 0 0 
0 0 209 82 0 0 0 223 75 0 0 0 260 88 0 0 0 256 62 0 0 0 199 64 0 
112 138 142 104 100 0 47 60 0 0 0 46 55 0 0 37 67 98 32 35 0 34 81 0 0 
71 59 75 73 62 106 126 110 118 108 23 44 43 37 40 0 0 0 0 0 0 0 0 0 0 
0 0 0 174 0 0 0 0 179 0 211 233 219 413 237 0 0 0 178 0 0 0 0 166 0 
0 0 0 0 0 156 134 183 149 152 0 0 0 0 0 0 0 0 0 0 78 59 66 61 86 
126 2 18 87 50 145 46 58 151 108 243 97 93 178 171 95 0 0 80 40 207 92 104 171 124 
0 85 0 0 0 0 85 0 0 0 0 69 0 0 0 114 153 83 120 84 52 129 45 48 55 
0 0 98 0 0 91 89 183 106 107 0 0 97 0 0 6 9 104 4 8 14 13 84 10 16 
274 259 175 298 124 125 99 52 113 0 84 103 51 105 0 278 265 156 283 119 162 140 67 174 0 
0 242 0 226 0 0 195 0 218 0 9 227 9 223 7 0 213 0 221 0 0 216 0 230 0 
0 41 0 126 0 0 51 0 137 0 0 50 0 135 0 74 145 76 218 80 0 57 0 129 0 
0 0 0 0 87 86 77 86 64 145 89 75 78 89 133 0 0 0 0 71 0 0 0 0 83 
84 225 295 50 169 35 184 237 2 115 81 258 301 50 190 119 295 277 87 209 220 305 364 160 271 
0 48 36 0 91 20 66 47 14 97 30 92 99 43 91 0 75 31 0 74 0 67 27 0 76 
110 85 103 112 118 13 0 0 36 0 13 0 0 36 0 18 0 0 39 0 88 61 58 103 74 
69 0 65 0 0 63 0 75 0 0 113 52 107 48 50 99 16 78 13 12 66 0 73 0 0 
0 19 87 0 97 0 12 73 0 112 0 17 79 0 109 0 17 94 0 140 0 13 76 0 107 
16 53 136 70 15 63 68 140 93 43 0 40 122 38 0 46 69 141 96 40 0 23 103 53 0 
0 73 0 0 0 0 85 0 0 0 137 258 137 151 143 0 111 0 0 0 14 85 22 24 31 
0 0 0 71 0 61 63 51 123 81 0 0 0 70 0 0 0 0 80 0 71 63 57 147 61 
49 0 92 47 0 57 0 109 53 0 59 0 93 50 0 46 0 102 54 0 44 0 97 46 0 
77 46 0 27 0 102 73 16 47 24 92 86 0 25 0 108 53 0 41 0 87 58 0 33 0 
0 0 0 0 38 258 243 254 250 281 0 0 0 0 53 0 0 0 0 58 0 0 0 0 58 
78 50 64 115 77 52 38 49 94 72 24 0 0 53 13 25 0 0 48 11 32 11 10 60 29 
28 63 8 6 10 17 53 0 0 0 22 74 0 0 0 133 166 132 120 116 30 74 0 0 0 
0 0 0 21 0 186 169 197 197 164 0 0 0 23 0 0 0 0 22 0 0 0 0 19 0 
84 96 152 167 104 0 0 63 72 0 0 0 84 76 0 0 0 87 63 0 0 0 73 74 0 
66 58 60 50 72 43 0 0 0 12 79 67 50 49 76 32 0 0 0 22 97 51 47 50 62 
0 0 34 0 82 11 5 51 14 108 0 0 48 0 89 15 9 57 7 118 112 119 157 96 210 
68 122 157 79 77 38 88 113 33 36 1 43 86 0 0 0 44 83 0 0 0 40 75 0 0 
0 0 117 0 0 0 0 102 0 0 84 126 232 121 113 0 0 100 0 0 0 0 118 0 0 
100 116 34 60 142 41 44 0 0 91 44 62 0 0 76 45 44 0 0 78 60 50 0 0 78 
0 49 0 21 34 59 113 57 78 93 0 58 0 27 38 0 53 0 36 40 25 62 20 53 63 
10 7 124 4 18 0 0 108 0 0 0 0 107 0 0 39 45 143 36 34 88 91 178 71 105 
0 0 0 51 75 88 81 63 117 163 0 0 0 49 73 0 0 0 36 84 0 0 0 47 73 
87 163 77 70 83 22 106 0 0 0 30 113 7 6 8 22 75 0 0 0 25 80 1 2 0 
74 37 105 46 101 21 0 42 10 62 16 0 45 0 77 19 0 50 0 57 0 0 36 0 52 
59 0 11 0 3 70 0 10 0 0 95 52 56 60 74 97 31 0 6 7 144 78 80 94 79 
40 34 118 45 50 0 0 81 0 0 0 0 77 0 0 6 0 69 0 1 50 37 106 29 27 
0 62 68 0 0 0 68 54 0 0 21 104 76 21 21 32 109 63 40 42 0 62 47 0 0 
0 0 70 0 35 15 21 77 18 52 0 0 70 0 15 0 0 71 0 13 0 0 84 0 22 
0 2186 0 0 0 0 2230 0 0 0 0 2084 0 0 0 0 2147 0 0 0 0 2098 0 0 0 
24 137 114 20 19 92 212 175 90 61 10 133 109 10 0 36 219 155 86 60 5 119 88 1 0 
54 106 74 0 0 45 121 104 0 0 73 110 103 0 0 61 119 97 0 0 55 115 98 0 0 
0 103 0 118 0 95 164 72 184 98 71 154 40 175 51 0 96 0 124 0 0 133 0 99 0 
0 0 0 0 0 1296 1261 1253 1214 1270 0 0 0 0 0 0 0 0 0 0 0 0 0 0 0 
0 0 83 125 0 0 0 76 108 0 0 0 82 128 0 0 0 81 126 0 0 0 75 131 0 
160 48 56 100 44 156 56 56 123 70 95 0 0 39 0 83 0 0 48 0 98 0 0 51 0 
0 140 0 0 102 0 168 0 0 86 0 179 0 1 94 0 157 0 0 78 0 160 0 0 110 
171 245 173 208 86 147 256 105 134 39 290 376 254 294 147 260 331 247 240 145 176 356 274 206 156 
91 82 270 278 87 1 0 172 176 0 116 105 252 284 88 1 0 146 175 3 12 9 187 189 24 
147 130 112 154 258 8 23 0 21 183 17 23 4 19 166 218 223 163 191 356 226 248 231 240 388 
0 125 0 0 0 0 106 0 0 0 0 127 0 0 0 0 115 3 1 0 261 346 266 245 246 
47 23 36 11 40 40 14 27 0 39 38 12 34 0 29 62 14 32 0 42 105 97 86 75 115 
201 68 0 101 0 204 69 0 102 0 203 58 0 104 0 183 63 0 109 0 200 59 4 110 0 
0 0 1464 0 0 0 0 1478 0 0 0 0 1382 0 0 0 0 1491 0 0 0 0 1463 0 0 
60 4 10 50 21 91 56 48 91 69 86 60 50 68 73 53 26 19 62 33 58 0 0 25 11 
97 112 124 82 179 0 0 7 0 44 57 68 67 56 101 0 0 17 0 48 0 0 12 0 56 
48 75 0 101 0 166 190 102 197 94 122 129 100 200 86 55 66 0 93 0 43 72 0 103 0 
79 90 75 81 118 78 80 63 59 114 0 24 0 0 48 0 23 0 0 27 55 77 51 48 98 
0 67 0 0 0 30 119 33 30 27 37 136 33 32 32 27 117 23 27 35 41 121 49 38 44 
33 11 40 31 0 102 71 112 109 63 42 21 46 34 0 46 9 43 34 0 41 20 37 37 0 
144 0 0 0 0 131 0 0 0 0 210 80 94 99 104 121 0 0 0 0 136 0 0 0 0 
0 0 0 0 828 0 0 0 0 790 0 0 0 0 832 0 0 0 0 831 0 0 0 0 774 
83 146 101 219 204 1 8 4 113 58 0 13 5 60 72 0 18 7 118 53 36 50 38 128 71 
128 0 0 0 0 249 94 93 82 72 153 0 0 0 0 145 0 0 0 0 149 0 0 0 0 
0 0 0 0 0 72 55 71 64 70 0 0 0 0 0 141 116 137 142 136 0 0 0 0 0 
0 22 0 143 0 33 55 46 186 32 0 18 0 132 0 0 16 0 136 0 0 20 0 159 0 
134 51 89 87 149 102 1 75 43 71 110 20 92 66 77 182 111 151 108 165 77 0 39 31 56 
47 58 73 157 127 34 24 34 101 92 0 0 0 88 63 0 0 0 54 53 0 7 14 94 51 
0 10 71 0 0 89 117 193 94 102 0 11 70 0 0 68 85 189 56 62 0 10 71 0 0 
217 3 203 0 0 218 2 180 0 0 203 7 195 4 0 194 1 198 0 0 220 22 192 10 9 
310 82 331 118 169 355 173 430 200 219 351 163 402 204 225 209 17 237 27 94 204 23 264 40 95 
65 152 69 83 66 0 85 0 27 0 17 128 28 34 27 0 104 0 17 0 0 75 0 22 0 
0 0 33 0 58 34 46 78 42 113 55 74 89 52 121 0 0 33 0 61 0 0 49 0 58 
0 0 19 0 202 0 0 18 0 196 0 0 32 0 182 0 0 26 0 201 0 0 25 0 222 
0 0 0 54 0 0 0 0 62 0 55 63 50 147 46 0 0 0 63 0 93 79 89 173 88 
123 0 0 120 0 138 0 0 147 0 143 0 0 127 0 129 0 0 138 0 137 0 0 139 0 
0 42 89 84 6 113 194 203 216 138 162 222 257 251 154 10 66 117 117 24 75 116 131 147 61 
104 124 117 109 208 0 0 0 0 73 0 0 0 0 71 20 22 26 21 102 0 0 0 0 75 
119 212 128 121 125 0 113 0 0 0 76 183 80 86 77 6 109 1 2 3 83 184 69 63 78 
144 138 81 86 81 83 47 0 0 0 97 51 5 4 9 69 50 0 0 0 78 56 0 0 0 
0 124 0 0 0 36 171 58 66 68 0 142 0 0 0 65 196 86 94 75 0 126 0 0 0 
0 0 0 0 0 0 0 0 0 0 0 0 0 0 0 0 0 0 0 0 452 408 447 437 403 
0 0 37 0 0 73 79 92 75 87 0 0 31 0 0 77 75 85 59 79 19 25 59 22 26 
8 15 16 17 52 0 0 0 0 36 80 79 71 69 98 0 0 0 0 33 67 98 79 76 105 
0 0 0 133 0 0 0 0 119 0 0 0 0 145 0 0 0 0 154 0 77 78 82 201 80 
0 67 0 32 72 0 61 0 39 76 0 54 0 35 91 0 60 0 31 70 17 78 25 55 113 
0 14 0 20 0 85 95 74 74 80 82 75 76 71 75 0 10 0 9 0 122 150 126 149 120 
0 0 117 54 0 43 45 155 106 50 0 0 101 38 0 0 0 89 38 0 0 0 126 35 0 
60 0 0 0 0 129 65 65 79 72 102 21 19 20 15 136 49 46 55 41 61 0 0 0 0 
83 35 33 110 37 39 0 0 91 0 48 0 0 84 0 83 35 30 119 31 55 0 0 81 0 
0 0 63 43 0 0 0 55 43 0 101 99 148 131 97 0 0 62 47 0 0 0 67 42 0 
4 6 54 112 11 0 0 55 85 0 53 36 116 125 58 34 42 81 126 39 0 0 58 97 0 
73 4 51 35 6 51 6 56 32 23 157 79 129 137 102 92 20 37 45 16 74 0 51 28 1 
51 0 71 0 65 43 0 64 0 63 32 0 75 0 86 108 58 125 70 129 35 0 62 0 64 
101 29 150 87 56 63 6 152 79 20 56 0 111 28 7 135 56 185 112 89 107 32 194 74 75 
14 101 163 42 136 125 204 320 124 241 29 104 203 55 178 1 48 172 1 122 84 149 220 86 209 
24 30 28 74 62 49 49 43 92 89 0 0 0 39 38 0 0 0 26 22 90 102 110 150 111 
20 34 0 89 0 29 55 0 119 0 92 81 43 145 59 27 43 0 112 0 43 36 0 92 0 
0 0 55 0 0 172 155 222 163 185 0 0 67 0 0 0 0 76 0 0 0 0 81 0 0 
67 11 12 4 20 90 72 67 66 64 100 84 85 92 96 43 0 5 0 13 38 14 16 7 22 
20 121 82 17 42 0 102 75 4 5 0 82 51 0 26 0 90 58 6 17 49 147 112 43 90 
128 160 84 86 86 61 57 37 18 18 36 51 14 0 0 35 42 13 0 0 28 39 13 0 0 
35 67 0 2 0 46 46 0 0 0 56 71 15 0 13 61 66 36 36 34 68 65 28 0 27 
38 76 43 71 29 0 62 11 42 16 2 51 11 46 19 0 43 14 31 13 39 104 64 96 78 
0 0 62 29 11 0 0 48 37 3 0 0 50 43 6 47 58 134 110 68 60 55 113 105 72 
29 40 28 22 32 0 0 0 0 0 76 62 59 65 55 0 0 0 0 0 121 113 100 120 117 
47 32 25 38 35 0 0 0 0 0 0 0 0 0 0 55 57 91 64 60 133 111 139 163 135 
34 32 89 27 32 0 7 59 0 0 56 51 130 48 50 0 0 53 0 0 0 0 55 0 4 
0 0 106 6 0 0 0 66 0 0 19 20 75 0 18 0 0 69 4 0 0 0 99 0 0 
48 78 0 0 0 74 96 44 35 30 71 114 19 15 9 85 129 43 40 43 40 73 0 0 0 
88 116 69 53 63 12 43 3 0 0 74 127 62 50 54 35 68 28 20 14 25 58 0 0 0 
0 118 116 171 0 0 137 127 170 0 0 110 131 173 0 0 121 123 165 0 0 123 126 170 0 
19 0 0 210 0 15 0 0 142 0 147 111 130 263 112 16 0 0 156 0 27 1 1 152 0 
140 169 35 94 107 203 285 115 105 198 167 221 106 106 148 97 129 10 28 49 275 365 154 215 240 
70 185 128 83 90 7 48 63 18 3 35 76 98 34 29 23 76 77 17 24 0 64 56 0 0 
4 23 11 0 73 0 32 18 0 124 0 11 6 0 48 47 83 71 44 145 23 45 33 25 96 
671 559 610 420 559 425 198 282 147 219 461 305 350 179 313 364 157 199 65 174 547 358 463 320 403 
101 63 4 3 2 188 161 85 75 83 101 81 0 0 0 105 94 26 19 21 71 67 0 0 0 
167 335 149 152 124 298 401 179 291 190 171 309 111 175 100 51 205 0 43 0 95 240 68 103 62 
0 0 0 0 54 0 0 0 0 59 0 0 0 0 65 0 0 0 0 57 141 162 144 158 189 
151 0 0 56 0 156 0 0 56 0 143 0 0 40 0 168 0 0 48 0 150 0 0 42 0 
183 166 203 291 150 45 1 83 144 4 76 45 135 187 67 39 6 100 105 30 40 0 87 102 0 
107 100 85 64 2 171 130 132 110 76 91 66 67 44 1 231 173 198 128 103 139 127 125 50 44 
69 145 53 66 62 0 66 0 0 0 6 84 6 7 4 0 73 0 0 0 81 166 68 86 75 
0 0 0 17 0 0 0 0 20 0 0 0 0 18 0 0 0 0 18 0 185 203 228 232 229 
70 11 59 126 101 25 1 32 109 83 81 26 52 152 102 32 0 43 102 90 150 76 112 203 227 
0 119 88 0 118 0 106 79 0 118 0 135 59 0 98 0 106 87 0 101 0 124 86 0 118 
46 22 55 40 33 72 51 91 56 52 23 16 35 17 13 55 45 103 71 49 8 0 32 0 0 
76 0 0 0 52 62 0 0 0 50 80 0 0 0 59 64 0 0 0 49 171 88 80 95 150 
74 94 0 66 50 52 83 1 104 69 66 64 0 135 79 157 198 101 202 150 101 148 36 133 105 
79 113 113 87 74 13 42 48 15 10 0 13 48 0 0 73 85 95 58 52 23 36 65 20 13 
0 0 0 140 35 0 0 0 158 28 27 29 16 157 51 0 0 0 149 34 0 0 0 138 38 
0 0 0 180 16 242 213 187 449 242 1 0 0 198 17 148 161 157 361 155 4 0 1 182 12 
52 136 163 185 59 12 107 143 208 23 87 158 186 244 78 75 220 198 275 132 109 148 189 261 93 
0 0 0 1276 0 0 0 0 1288 0 0 0 0 1317 0 0 0 2 1369 0 0 0 0 1319 0 
195 0 0 0 0 197 13 17 17 20 178 0 0 0 0 196 0 0 0 0 166 0 0 0 0 
92 0 0 0 0 117 0 0 0 0 122 0 0 0 0 102 0 0 0 0 206 88 85 89 99 
175 64 67 83 123 77 0 0 11 14 122 49 48 45 58 112 51 76 96 99 209 133 103 164 132 
57 63 130 87 67 0 0 50 0 0 0 0 51 0 0 0 0 51 0 0 153 151 214 162 170 
0 12 0 83 204 114 117 116 209 344 0 34 0 86 244 0 12 0 81 252 121 141 118 195 301 
15 10 86 13 255 3 0 63 2 194 136 114 177 128 304 161 163 236 186 378 0 0 58 0 205 
130 264 287 225 75 155 247 300 190 78 135 273 297 183 111 67 188 257 118 24 53 194 207 132 0 
119 0 0 13 0 113 0 0 0 0 127 0 0 0 0 121 0 0 0 0 142 18 33 33 38 
43 63 37 36 59 0 49 0 0 0 51 82 45 40 59 7 32 0 0 30 0 49 0 0 12 
621 647 650 690 630 0 0 0 0 0 0 0 0 0 0 0 0 0 0 0 0 0 0 0 0 
72 59 0 0 0 89 85 18 18 15 160 96 39 37 27 99 72 0 0 0 115 107 24 29 33 
37 0 0 59 73 77 45 44 96 138 16 0 0 64 77 42 8 13 55 64 29 29 36 79 74 
15 11 0 0 94 18 5 0 0 73 67 72 55 42 149 25 26 19 13 82 113 141 102 101 158 
55 0 0 0 0 62 0 0 0 0 64 0 0 0 0 202 133 145 146 141 52 0 0 0 0 
49 121 95 81 115 84 246 142 136 177 14 98 38 19 18 98 161 112 112 120 101 215 179 156 153 
0 0 0 0 0 31 35 30 19 22 0 0 0 0 0 59 65 68 65 88 98 93 93 97 127 
171 11 85 6 25 212 9 55 4 19 293 80 152 92 110 306 171 272 174 157 239 58 110 32 52 
18 0 45 0 0 22 0 22 0 0 19 0 26 9 0 102 73 106 76 89 30 3 37 3 3 
0 0 191 0 34 0 0 211 0 32 0 0 197 0 24 0 0 177 0 23 0 0 183 0 31 
106 56 0 120 42 119 77 0 122 89 131 110 40 155 79 94 59 0 111 58 100 72 0 149 41 
41 67 43 62 32 12 22 0 24 0 61 83 51 87 37 12 43 6 35 4 56 56 54 78 29 
0 0 50 61 0 71 54 110 102 64 0 0 41 37 0 56 49 98 83 45 37 32 80 70 25 
10 0 0 0 8 0 24 0 1 0 0 0 0 0 0 36 38 35 51 67 0 0 0 0 0 
