732 690 572 604 729 1033 1022 939 973 1014 550 581 412 580 652 923 907 802 831 855 553 403 345 400 550 
277 221 290 252 240 0 4 0 0 0 160 138 169 137 159 0 0 0 0 0 0 0 0 0 0 
90 43 21 141 140 59 0 0 138 123 114 41 21 173 173 56 0 0 77 101 55 1 0 95 96 
190 0 137 185 189 247 50 246 262 288 394 147 359 403 402 270 65 195 272 260 190 3 141 206 161 
157 33 86 128 27 135 24 77 110 1 130 24 48 89 16 138 4 50 104 0 289 193 256 285 179 
96 7 15 0 91 83 5 17 0 107 171 82 107 77 178 160 64 90 62 141 196 102 119 102 225 
0 0 0 0 0 0 0 0 0 0 1028 1034 981 1000 1045 0 0 0 0 0 0 0 0 0 0 
0 0 0 269 0 0 0 4 242 0 109 114 107 367 116 109 106 85 379 124 0 0 0 252 0 
14 8 16 177 5 0 0 0 186 0 37 50 34 187 30 0 0 0 153 0 4 6 4 187 3 
0 0 1 0 0 0 0 0 0 0 0 0 0 0 0 81 70 72 82 93 210 203 186 223 187 
72 92 76 63 186 0 9 0 0 122 0 5 0 0 105 0 4 0 0 111 97 83 86 72 183 
172 174 180 206 183 0 0 0 0 0 0 0 0 0 0 0 0 0 0 0 91 91 78 77 88 
0 0 0 0 0 0 0 0 0 0 0 0 0 0 0 432 438 433 413 420 180 167 172 182 196 
0 228 0 0 92 0 190 0 0 100 143 365 159 143 230 0 203 0 0 102 0 234 0 0 90 
807 0 0 0 0 808 0 0 0 0 789 0 0 0 0 824 0 0 0 0 838 0 0 0 0 
16 1 201 148 200 72 53 263 185 237 117 110 312 261 295 198 193 415 339 375 131 107 297 250 342 
72 114 69 119 62 48 62 50 97 63 0 34 0 40 0 36 82 39 80 36 0 39 0 38 0 
26 10 13 7 23 140 117 114 92 122 30 0 0 0 15 20 0 0 0 22 121 115 105 108 148 
0 0 152 0 0 0 0 147 0 0 0 0 156 0 0 177 159 290 143 155 0 0 146 0 0 
0 99 55 76 0 0 113 57 83 0 63 144 128 158 51 0 101 72 72 0 0 113 79 75 0 
0 1 2 2 144 146 116 132 138 268 152 135 130 113 223 2 5 0 0 139 88 96 94 85 203 
0 0 0 0 0 0 0 0 0 0 0 0 0 0 0 1006 1062 1075 1049 977 0 0 0 0 0 
0 19 56 145 0 0 19 58 122 0 0 18 50 162 0 0 19 53 152 0 0 15 54 155 0 
74 114 80 148 144 7 42 17 68 63 12 45 29 74 83 0 43 0 51 54 0 35 0 60 65 
84 129 131 94 0 101 138 200 108 2 292 322 378 316 214 102 121 158 100 6 275 255 340 250 133 
56 9 19 90 16 74 0 0 112 0 210 140 143 224 136 55 0 0 106 0 92 37 34 164 38 
121 87 48 47 39 145 111 47 69 33 54 54 18 0 0 84 79 18 14 15 87 49 11 0 0 
0 0 259 107 0 0 0 285 97 0 0 0 338 92 0 0 0 311 77 0 0 0 275 76 0 
111 137 139 96 89 0 44 58 0 0 0 42 57 0 0 34 65 90 32 29 0 44 85 0 1 
68 56 77 76 64 106 131 116 131 110 23 43 50 38 43 0 0 0 0 0 0 0 0 0 1 
0 0 0 166 0 0 0 0 176 0 210 224 209 400 227 0 0 0 172 0 0 0 0 155 0 
0 0 0 0 0 153 134 185 141 149 0 0 0 0 0 0 0 0 0 0 77 57 67 67 87 
108 0 5 66 50 135 41 60 121 115 242 92 103 174 161 87 0 0 71 48 212 84 89 155 128 
0 81 0 0 0 0 76 0 0 0 0 61 0 0 0 114 147 78 120 80 52 130 43 46 49 
0 0 95 0 0 85 85 176 105 104 0 0 92 0 0 7 9 97 4 7 13 13 82 9 15 
266 225 199 270 126 107 91 75 112 0 86 76 63 109 0 259 220 150 281 108 129 94 92 155 0 
0 234 0 221 0 0 209 0 217 0 10 225 8 214 6 0 205 0 208 0 0 223 0 231 0 
0 39 0 120 0 0 50 0 140 0 0 48 0 128 0 69 142 71 208 69 0 61 0 138 0 
0 0 0 0 75 94 77 86 68 178 104 82 91 108 155 0 0 0 0 79 0 0 0 0 96 
56 236 275 36 182 21 174 232 7 91 45 231 257 43 156 64 266 292 90 205 187 305 319 140 231 
0 59 45 0 109 31 91 68 18 122 31 101 101 55 119 0 74 32 0 94 0 78 37 0 91 
124 106 123 141 138 15 0 0 41 0 12 0 0 43 0 22 0 0 61 0 131 70 72 127 105 
69 0 64 0 0 63 0 75 0 0 113 53 107 48 50 99 16 79 13 12 66 0 73 0 0 
0 19 104 0 120 0 13 85 0 132 0 19 89 0 131 0 15 111 0 161 0 14 77 0 130 
13 59 138 78 19 52 71 151 93 43 0 48 108 36 0 40 79 159 97 44 0 27 107 58 0 
0 70 0 0 0 0 74 0 0 1 142 253 133 152 143 0 95 0 0 0 15 90 20 25 30 
0 0 0 87 0 74 80 59 140 102 0 0 0 81 0 0 0 0 93 0 85 78 74 178 78 
49 0 92 46 0 57 0 109 53 0 59 0 93 50 0 46 0 102 54 0 44 0 98 45 0 
91 60 0 38 0 143 98 20 57 28 119 102 0 34 0 132 66 0 51 0 108 78 0 44 0 
0 0 0 0 29 252 231 245 251 272 0 0 0 0 58 0 0 0 0 49 0 0 0 0 51 
98 56 62 126 88 67 48 53 105 80 28 0 0 56 10 30 0 0 58 12 39 12 8 60 29 
30 58 8 6 9 19 51 0 0 0 21 79 0 0 0 128 169 129 121 122 28 79 0 0 0 
0 0 0 21 0 187 170 198 198 166 0 0 0 23 0 0 0 0 22 0 0 0 0 19 0 
76 89 154 157 104 0 0 60 71 0 0 0 78 66 0 0 0 78 58 0 0 0 68 72 0 
79 65 68 54 83 50 0 0 0 12 91 83 58 51 80 41 0 0 0 28 115 59 53 54 77 
0 0 27 0 77 9 6 39 12 97 0 0 38 0 73 7 7 46 9 100 86 80 127 67 161 
55 105 137 64 70 27 79 95 26 25 0 32 69 0 0 0 36 71 0 0 0 39 66 0 0 
0 0 122 0 0 0 0 95 0 0 82 121 221 118 106 0 0 96 0 0 0 0 111 0 0 
99 116 34 52 148 36 46 0 0 86 46 62 0 0 66 50 45 0 0 82 62 50 0 0 80 
0 42 0 10 14 47 106 47 69 65 0 45 0 20 17 0 50 0 31 20 16 55 14 36 32 
9 10 114 6 14 0 0 100 0 0 0 0 101 0 0 42 45 146 29 31 93 90 189 75 94 
0 0 0 51 75 88 80 63 117 163 0 0 0 49 73 0 0 0 36 84 0 0 0 47 73 
101 176 82 80 90 21 116 0 0 0 30 128 6 7 9 24 78 0 0 0 25 90 3 3 0 
65 34 99 37 96 20 0 39 3 53 20 0 41 0 74 21 0 57 1 56 4 0 34 0 44 
55 0 7 0 2 68 3 1 0 0 90 47 67 50 71 74 7 0 6 0 141 72 88 83 58 
37 34 118 44 50 13 0 81 0 0 0 0 77 0 0 7 0 70 0 0 44 27 109 25 23 
0 60 60 0 0 4 64 53 3 0 21 104 70 20 20 31 109 58 40 42 0 62 50 0 0 
15 0 80 0 40 46 42 110 38 69 12 0 73 0 19 25 6 88 0 26 17 0 90 0 26 
0 2180 0 0 0 0 2217 0 0 0 0 2085 0 0 0 0 2170 0 0 0 0 2124 0 0 0 
20 90 78 15 12 76 162 179 70 57 4 111 89 6 0 37 136 126 76 46 5 101 69 0 0 
63 107 85 0 0 56 124 120 0 0 77 122 108 0 0 71 122 107 0 0 62 122 124 0 0 
0 96 0 110 0 104 146 63 167 81 71 158 41 148 48 0 82 0 100 0 0 107 0 94 0 
0 0 0 0 0 1294 1272 1260 1206 1278 0 0 0 0 0 0 0 0 0 0 0 0 0 0 0 
0 0 80 124 0 0 0 75 106 0 0 0 81 128 0 0 0 81 125 0 0 0 73 128 0 
164 52 59 99 51 163 59 56 120 72 85 0 0 38 0 93 0 0 42 0 88 0 0 45 0 
0 132 0 0 91 0 147 0 0 82 0 172 0 0 93 0 148 0 0 72 0 155 0 0 96 
262 304 214 233 96 129 218 98 116 7 265 362 255 245 114 306 395 306 280 168 220 371 286 243 129 
104 92 291 267 95 0 0 189 197 0 103 108 267 276 105 0 0 164 192 5 8 4 206 186 16 
149 119 105 145 256 17 28 0 18 163 21 20 9 15 157 222 227 170 194 354 226 262 231 236 366 
0 103 0 0 0 0 99 0 0 0 0 119 0 0 0 7 108 4 7 3 264 324 273 260 258 
46 21 35 9 40 39 14 27 0 37 38 12 33 0 29 63 13 29 0 39 104 93 85 73 110 
200 65 0 101 0 203 65 0 104 0 205 41 0 104 0 195 60 0 112 0 196 50 0 110 1 
0 0 1437 0 0 0 0 1457 0 0 0 0 1344 0 0 0 0 1469 0 0 0 0 1431 0 0 
72 0 7 43 24 97 59 43 89 63 93 68 64 77 74 67 26 19 68 38 63 0 0 25 11 
110 121 126 78 179 0 0 8 0 46 59 77 72 62 108 0 0 20 0 56 0 0 12 0 62 
62 120 1 154 0 183 226 117 264 106 176 179 111 294 130 64 102 0 137 0 44 84 0 141 0 
76 84 68 85 130 79 81 63 60 96 0 29 0 0 40 0 21 0 0 28 54 76 52 49 84 
0 64 0 0 0 27 112 31 31 27 32 120 32 30 29 23 107 21 23 30 33 108 39 32 43 
29 8 40 30 0 92 61 110 103 57 33 14 47 34 0 36 4 42 26 0 36 12 34 30 0 
144 0 0 0 0 127 0 0 0 0 211 80 102 106 96 119 0 0 0 0 136 0 0 0 0 
0 0 0 0 843 0 0 0 0 789 0 0 0 0 849 0 0 0 0 842 0 0 0 0 789 
64 126 90 200 168 0 10 3 103 57 0 13 12 78 69 0 17 12 101 68 29 45 36 124 77 
129 0 0 0 0 261 99 85 81 76 154 0 0 0 0 157 0 0 0 0 142 0 0 0 0 
0 0 0 0 0 72 54 70 64 69 0 0 0 0 0 140 116 137 141 135 0 0 0 0 0 
0 22 0 146 0 40 62 51 199 35 0 19 0 142 0 0 14 0 138 0 0 20 0 170 0 
154 42 105 102 145 107 0 77 38 58 117 16 100 67 75 211 110 177 125 173 92 0 46 36 66 
62 67 63 163 131 35 29 40 101 85 0 0 0 90 64 0 0 0 62 58 10 11 14 90 71 
0 13 80 0 0 103 138 220 104 111 0 14 102 2 0 78 95 199 62 82 0 3 71 0 0 
205 5 190 0 0 203 1 182 0 0 208 3 195 4 1 181 2 192 0 0 215 18 181 9 10 
355 102 309 120 193 397 189 404 189 236 372 163 372 200 246 243 10 220 55 128 213 52 249 48 111 
70 165 71 94 72 0 89 0 28 0 18 133 31 37 28 0 108 0 22 0 0 80 0 22 0 
0 0 33 0 58 35 46 78 44 113 55 74 89 53 121 0 0 33 0 61 0 0 49 0 58 
0 0 19 0 212 0 0 18 0 193 0 0 28 0 178 0 0 28 0 200 0 0 28 0 205 
0 0 0 54 0 0 0 0 65 0 57 64 52 161 47 0 0 0 72 0 103 86 94 187 97 
114 0 0 121 0 135 0 0 138 0 135 0 0 115 0 116 0 0 136 0 130 0 0 133 0 
1 43 63 65 0 97 167 182 181 129 171 207 225 230 147 30 60 111 106 14 88 120 134 132 75 
99 121 112 109 208 0 0 0 0 72 0 0 0 0 67 19 26 27 22 107 0 0 0 0 75 
115 207 124 115 121 0 109 0 0 0 70 174 81 82 77 0 105 2 0 9 85 188 81 68 89 
175 158 98 98 86 87 51 0 0 0 97 55 5 4 8 75 57 0 0 0 82 64 0 0 0 
0 131 0 0 0 39 190 69 63 77 0 147 0 0 0 68 216 94 97 75 0 123 0 0 0 
0 0 0 0 0 0 0 0 0 0 0 0 0 0 1 0 0 0 0 0 459 415 450 429 405 
0 0 37 0 0 69 79 92 75 86 0 0 31 0 0 63 63 77 51 70 16 22 56 19 22 
7 19 17 17 58 0 0 0 0 43 87 88 80 79 104 0 0 0 0 36 73 105 84 84 121 
0 0 0 134 0 0 0 0 123 0 0 0 0 148 0 0 0 0 155 0 79 79 83 213 87 
0 74 0 41 81 0 68 0 38 84 0 59 0 39 106 0 65 0 38 86 18 89 26 65 126 
0 19 0 36 4 86 108 91 67 85 82 81 73 76 78 0 19 0 10 0 123 155 126 139 120 
0 0 117 55 0 43 45 155 106 50 0 0 102 39 0 0 0 88 38 0 0 0 126 35 0 
59 0 0 0 0 126 62 61 76 69 99 20 18 20 14 131 47 46 52 40 58 0 0 0 0 
83 35 33 111 37 39 0 0 91 0 48 0 0 85 0 83 35 30 120 32 55 0 0 83 0 
0 0 9 24 0 0 0 7 21 0 101 99 98 118 97 0 0 6 36 0 0 0 10 30 0 
3 6 47 94 7 0 0 45 71 0 45 29 99 113 45 27 38 66 108 34 0 0 44 75 0 
45 6 35 38 7 34 5 32 37 15 105 67 97 95 78 60 15 42 49 15 43 0 46 45 0 
43 0 58 0 66 46 0 67 0 60 29 0 77 0 83 98 55 120 72 117 37 0 62 0 55 
92 34 195 94 56 74 1 161 83 33 62 0 150 24 3 168 85 246 151 111 108 30 214 82 61 
8 112 162 30 142 137 208 314 126 260 36 145 217 58 202 0 62 173 3 130 95 177 256 104 214 
18 20 24 65 52 39 38 38 80 83 0 0 0 36 31 0 0 0 26 18 80 97 98 140 119 
22 35 0 100 0 32 49 0 119 0 88 90 45 145 59 27 43 0 116 0 47 40 0 101 0 
0 0 57 0 0 160 149 208 150 178 0 0 68 0 0 0 0 76 0 0 0 0 71 0 0 
69 10 7 2 17 100 75 72 74 73 114 83 89 98 89 42 0 5 0 14 39 8 13 3 20 
19 138 96 17 40 2 122 77 11 15 0 101 63 0 23 0 106 58 7 15 42 156 122 38 84 
148 186 94 93 102 77 67 41 23 18 43 51 16 0 0 41 52 14 0 0 32 44 13 0 0 
77 93 15 21 20 52 55 2 0 2 61 74 17 8 17 77 79 40 40 52 86 86 53 34 50 
37 73 43 71 28 0 62 11 42 14 0 51 10 43 19 0 43 14 30 12 35 100 60 93 72 
0 0 69 35 12 0 0 50 39 3 0 0 53 48 7 50 65 144 117 77 57 59 115 101 78 
31 38 26 22 32 0 0 0 0 0 73 59 60 62 55 0 0 0 0 0 122 108 99 117 113 
44 32 29 34 41 0 0 0 0 0 0 0 0 0 0 62 52 68 66 63 136 113 121 159 150 
35 40 107 56 49 0 9 60 19 14 51 43 122 50 50 0 0 53 6 0 0 0 57 22 0 
0 0 110 0 0 0 0 52 0 0 19 20 48 10 18 0 0 70 0 0 0 0 80 0 0 
31 67 0 0 0 58 69 24 23 8 51 113 18 15 8 64 132 35 35 47 28 73 0 0 0 
92 122 73 54 63 14 44 3 0 0 79 135 64 51 56 36 72 24 16 16 26 55 0 0 0 
0 124 114 173 0 0 131 130 177 0 0 112 128 179 0 0 127 122 167 0 0 131 126 177 0 
17 0 0 228 0 11 0 0 152 0 137 122 140 281 120 13 0 0 153 0 34 0 0 175 0 
140 164 17 78 124 177 244 96 95 177 145 183 71 112 141 96 119 13 38 95 224 285 122 164 200 
52 149 107 68 80 7 37 54 11 3 29 67 86 29 29 22 69 53 15 22 0 54 44 0 0 
5 20 14 0 57 11 27 21 0 96 6 13 14 5 46 50 76 64 40 122 23 36 31 23 71 
732 565 655 472 547 476 289 344 221 272 523 326 417 205 338 385 151 210 72 197 611 430 536 384 453 
94 90 2 3 0 176 205 92 93 103 116 102 0 0 0 135 105 35 23 19 91 75 0 0 0 
159 281 120 112 130 282 389 154 242 183 144 294 89 152 84 51 187 0 35 0 95 212 53 86 39 
0 0 0 0 52 0 0 0 0 56 0 0 0 0 65 0 0 0 0 58 134 157 141 152 185 
150 0 0 54 0 156 0 0 51 0 140 0 0 39 0 168 0 0 45 0 149 0 0 38 0 
188 161 196 269 137 35 0 92 124 1 93 57 142 194 72 47 16 107 100 26 44 0 103 112 0 
90 90 88 68 3 162 148 141 126 109 78 66 77 33 17 215 180 199 131 125 103 105 118 35 48 
58 130 51 57 53 0 55 0 0 0 6 80 4 5 4 0 64 0 0 0 76 154 62 76 65 
0 0 0 16 0 0 0 0 23 0 0 0 0 18 0 0 0 0 20 0 189 210 236 242 234 
65 6 39 103 89 17 2 34 98 83 63 22 52 132 97 22 0 28 86 83 113 62 113 173 196 
0 98 78 0 102 0 90 79 0 97 0 117 59 0 76 1 101 94 0 94 0 122 82 0 97 
41 23 49 35 30 70 50 88 53 53 22 17 31 20 12 54 45 95 69 47 7 0 23 0 0 
77 0 0 0 52 60 0 0 0 50 93 0 0 0 60 66 0 0 0 51 172 98 79 102 154 
68 79 0 72 52 48 70 0 88 67 66 67 0 116 74 170 183 92 200 153 95 122 30 98 102 
69 87 96 75 61 10 36 39 13 9 0 14 44 0 0 58 68 83 51 45 20 29 55 18 13 
0 0 0 140 35 0 0 0 158 28 26 29 16 157 51 0 0 0 149 34 0 0 0 138 38 
0 0 0 187 13 237 205 171 470 237 0 0 0 204 16 163 178 182 383 161 0 0 0 190 10 
38 128 174 171 57 8 87 105 178 24 78 142 163 202 72 62 171 174 218 86 107 138 191 233 93 
0 0 0 1278 0 0 0 0 1313 0 0 0 0 1301 0 0 1 1 1367 1 0 0 0 1315 0 
218 0 0 0 0 227 14 20 18 25 201 0 0 0 0 223 0 0 0 0 193 0 0 0 0 
92 0 0 0 0 117 0 0 0 0 122 0 0 0 0 102 0 0 0 0 206 88 85 89 99 
190 87 79 115 113 87 0 0 17 10 152 46 41 51 42 158 48 54 87 86 224 137 124 167 138 
13 25 0 4 0 3 43 0 0 3 0 0 0 0 0 36 37 22 48 62 0 0 0 0 0 
68 89 155 127 79 0 0 80 0 0 0 0 75 0 0 0 0 63 0 0 212 228 259 219 236 
2 10 0 95 221 130 132 128 223 365 2 29 0 88 253 0 5 0 102 266 125 143 116 188 325 
20 25 93 6 269 6 0 50 4 207 136 112 182 130 333 174 174 244 189 392 1 1 70 2 228 
146 277 291 222 91 157 258 276 195 88 132 266 262 179 123 46 190 213 110 12 68 196 225 145 20 
117 0 0 17 0 103 0 0 0 0 113 0 0 0 0 115 0 0 1 1 152 17 27 31 37 
44 70 42 33 50 0 48 1 0 23 49 75 42 40 67 7 37 0 0 31 0 51 2 0 23 
615 631 646 676 626 0 0 0 0 0 0 0 0 0 0 0 0 0 0 0 0 0 0 0 0 
81 60 0 0 0 100 74 22 15 16 148 92 40 38 30 100 66 0 0 0 113 105 25 26 35 
32 0 0 65 74 80 49 45 102 130 22 0 1 60 68 40 10 17 63 62 33 34 34 80 80 
18 8 0 0 89 21 2 0 0 69 66 66 60 51 146 24 23 19 14 100 102 138 136 117 161 
55 0 0 0 0 65 0 0 0 0 64 0 0 0 0 206 135 145 148 142 53 0 0 0 0 
79 143 118 131 148 83 239 128 144 184 12 116 45 52 60 113 204 138 168 148 116 226 163 169 182 
0 0 0 0 0 31 35 32 19 22 0 0 0 0 0 61 66 63 62 96 103 96 99 97 133 
142 9 70 7 10 195 0 46 0 2 263 68 122 76 91 267 155 238 145 136 194 52 68 32 37 
18 0 29 0 0 21 0 15 0 0 40 0 30 20 1 84 53 79 60 65 21 2 25 0 3 
0 0 193 0 37 0 0 226 0 33 0 0 199 0 25 0 0 176 0 25 0 0 183 0 28 
102 70 2 111 57 110 88 1 110 74 139 127 35 145 85 93 75 0 109 68 85 103 0 128 52 
58 92 57 104 53 13 27 0 37 0 83 118 77 151 71 16 57 5 45 9 58 75 56 115 40 
0 0 52 63 0 83 62 100 112 66 0 0 41 39 0 58 49 107 81 52 47 36 84 80 28 
