724 735 527 623 617 1028 1088 961 944 921 630 630 446 582 626 903 853 747 892 889 518 463 400 380 541 
210 172 208 182 185 0 1 0 0 0 134 107 136 118 129 0 0 0 0 0 0 0 0 0 0 
95 41 28 139 167 67 0 1 142 119 129 59 25 194 203 64 0 0 74 108 41 0 0 103 102 
174 0 133 176 199 258 38 224 270 281 320 127 331 332 399 273 60 187 247 245 186 0 130 226 214 
155 33 61 105 20 146 4 64 92 0 133 22 73 95 20 136 4 40 103 0 287 177 252 299 170 
116 9 21 0 85 101 8 18 0 117 190 100 119 83 202 170 73 105 64 157 229 122 131 113 236 
0 0 0 0 0 0 0 0 0 0 1039 1039 983 1003 1048 0 0 0 0 0 0 0 0 0 0 
0 0 0 248 0 0 0 3 242 0 110 102 100 356 111 108 105 91 367 120 0 0 0 228 1 
14 8 14 187 5 0 0 0 198 0 41 49 41 195 29 0 0 0 167 0 3 6 3 197 5 
0 0 0 0 0 0 0 0 0 0 0 0 0 0 0 74 77 94 93 115 240 221 209 248 219 
91 110 69 87 213 0 10 0 0 123 0 4 0 0 119 0 5 0 0 128 106 92 97 77 200 
143 146 151 156 159 0 0 0 0 0 0 0 0 0 0 0 0 0 0 0 90 83 66 68 87 
0 0 0 0 0 0 0 0 0 0 0 0 0 0 0 422 419 416 390 405 162 151 162 169 176 
0 217 0 0 99 0 189 0 0 106 139 360 166 148 230 0 197 0 0 103 0 237 0 0 85 
829 0 0 0 0 825 0 0 0 0 831 0 0 0 0 855 0 0 0 0 877 0 0 0 0 
15 9 191 144 192 63 42 253 176 241 97 114 267 246 262 202 203 374 344 337 118 92 274 208 308 
102 164 88 159 88 79 93 81 124 74 0 42 0 42 0 57 107 60 97 48 0 47 0 42 0 
30 9 15 7 24 141 106 102 97 117 34 0 0 0 18 26 0 0 0 23 127 119 105 103 139 
0 0 150 0 0 2 0 147 0 0 0 0 169 0 0 183 154 305 154 157 0 0 156 0 0 
0 85 55 62 0 0 103 56 58 0 53 115 118 137 47 0 109 81 75 0 0 103 84 57 0 
0 0 0 1 133 142 104 118 144 235 113 115 105 106 194 0 3 0 0 112 71 83 93 79 187 
0 0 0 0 0 0 0 0 0 0 0 0 0 0 0 1033 1089 1108 1072 1010 0 0 0 0 0 
0 20 58 147 0 0 20 58 124 0 0 19 50 159 0 0 17 52 162 0 0 16 54 152 0 
87 132 102 190 179 11 50 22 71 90 23 53 29 97 110 0 52 0 61 77 0 43 0 69 77 
107 136 136 75 3 99 128 188 71 3 299 295 346 311 214 113 126 153 74 1 282 249 339 218 129 
72 11 19 98 17 74 0 0 117 0 200 157 136 242 131 59 0 0 107 0 110 45 48 178 38 
113 80 42 40 32 140 93 46 61 37 59 47 16 0 0 83 69 16 11 14 76 48 9 0 0 
0 0 176 81 0 0 0 205 74 0 0 0 247 75 0 0 0 223 61 0 0 0 188 60 0 
108 144 146 99 90 0 47 58 0 0 0 43 57 0 0 35 62 85 32 33 0 38 78 0 1 
77 57 79 79 69 115 133 119 133 115 21 45 46 36 46 0 0 0 0 0 0 0 0 0 0 
0 0 0 182 0 0 0 0 188 0 253 259 248 454 263 0 0 0 182 0 0 0 0 169 0 
0 0 0 0 0 158 145 180 157 153 0 0 0 0 0 0 0 0 0 0 77 57 69 67 81 
128 0 0 77 67 153 39 58 144 119 249 79 94 174 166 94 0 0 70 45 204 74 92 173 134 
0 72 0 0 0 0 68 0 0 0 0 55 0 0 0 101 134 74 111 74 48 117 42 46 46 
0 0 95 0 0 85 85 176 105 104 0 0 91 0 0 7 8 97 4 8 14 13 82 9 15 
301 219 217 275 127 145 100 86 134 0 86 97 76 101 0 306 261 204 304 147 146 94 78 156 0 
0 240 0 210 0 0 191 0 206 0 9 211 7 204 7 0 198 0 202 0 0 207 0 213 0 
0 45 0 125 0 0 52 0 140 0 0 51 0 150 0 64 138 75 217 69 0 59 0 129 0 
0 0 0 0 83 87 82 88 68 150 89 84 80 87 139 0 0 0 0 89 0 1 0 0 86 
97 269 305 54 196 36 214 273 9 140 90 278 344 61 225 103 299 327 95 235 237 343 378 172 303 
0 53 36 0 85 20 75 52 14 96 31 88 94 41 87 0 68 32 0 76 0 66 32 0 75 
120 92 115 132 126 15 0 0 40 0 13 0 0 41 0 19 0 0 47 0 88 60 65 101 81 
83 0 67 0 0 74 0 84 0 0 137 56 120 56 57 125 23 95 16 16 83 0 87 0 0 
0 20 85 0 97 0 13 70 0 112 0 16 75 0 109 0 14 92 0 136 0 13 73 0 102 
18 53 150 75 19 62 84 158 106 62 0 48 121 38 0 50 83 159 107 51 0 31 106 59 0 
0 71 0 0 0 0 85 0 0 0 143 255 130 148 136 0 100 0 0 0 17 94 20 30 30 
0 0 0 94 0 83 102 75 154 118 0 0 0 98 0 0 0 0 108 0 98 84 91 190 86 
49 0 92 48 0 57 0 110 53 0 59 0 93 50 0 46 0 102 54 0 44 0 98 46 0 
77 45 0 28 0 103 73 16 47 24 90 86 0 25 0 109 53 0 41 0 87 58 0 33 0 
0 0 0 0 37 269 266 255 276 303 0 0 0 0 52 0 0 0 0 49 0 0 0 0 53 
109 52 66 130 87 67 41 55 113 81 29 0 0 59 11 35 0 0 57 12 40 10 8 62 33 
29 58 8 7 10 17 51 0 0 0 22 74 0 0 0 133 162 131 116 120 28 76 0 0 0 
0 0 0 21 0 186 170 196 198 163 0 0 0 23 0 0 0 0 22 0 0 0 0 19 0 
74 81 138 139 91 0 0 53 63 0 0 0 75 60 0 0 0 68 53 0 0 0 60 63 0 
62 57 55 48 68 41 0 0 0 9 76 62 46 48 72 30 0 0 0 22 92 48 42 49 60 
0 0 25 0 69 9 6 36 12 89 0 0 34 0 70 10 7 43 8 95 81 74 114 64 153 
55 105 137 64 70 28 79 94 26 26 0 32 70 0 0 0 37 71 0 0 0 39 65 0 0 
0 0 123 0 0 0 0 100 0 0 87 129 229 119 114 0 0 98 0 0 0 0 113 0 0 
105 116 34 56 134 36 45 0 0 85 39 56 0 0 72 42 43 0 0 81 57 48 0 0 77 
0 49 0 22 36 59 115 57 80 94 0 58 0 27 38 0 55 0 39 40 26 65 21 53 63 
10 9 107 6 15 0 0 92 0 0 0 0 93 0 0 40 48 131 29 34 84 91 156 60 92 
0 0 0 51 75 88 81 63 117 163 0 0 0 49 73 0 0 0 36 84 0 0 0 47 73 
116 208 99 90 103 22 151 0 0 0 36 148 11 11 16 29 93 0 0 0 24 104 2 0 0 
74 38 102 50 102 21 0 43 8 60 18 0 46 0 70 22 0 55 2 63 3 0 33 1 56 
44 0 14 0 2 68 0 1 0 0 89 56 53 52 72 87 15 0 0 0 140 89 75 92 69 
31 33 117 45 50 12 0 80 0 0 0 0 77 0 0 2 0 70 0 3 33 28 112 25 19 
0 60 62 0 0 0 72 38 0 0 21 101 75 21 21 31 108 57 39 42 0 61 43 0 0 
21 0 85 0 39 57 42 119 39 74 23 0 80 0 25 17 3 87 0 24 24 0 95 0 23 
0 2125 0 0 0 0 2172 0 0 0 0 2078 0 0 0 0 2131 0 0 0 0 2081 0 0 0 
21 85 90 13 12 75 138 149 72 62 5 103 97 5 0 28 153 108 63 33 8 96 70 1 0 
77 140 132 0 0 56 185 145 0 0 88 163 160 0 0 100 183 177 0 0 89 178 169 0 0 
0 80 0 106 0 74 132 58 155 83 65 128 40 141 43 0 71 0 98 0 0 88 0 82 0 
0 0 0 0 0 1278 1231 1238 1194 1262 0 0 0 0 0 0 0 0 0 0 0 0 0 0 0 
0 0 80 125 0 0 0 75 106 0 0 0 80 126 0 0 0 81 125 0 0 0 71 128 0 
190 58 63 127 60 208 58 56 149 90 116 0 0 49 0 118 0 0 56 1 126 0 0 68 0 
0 136 0 0 83 0 147 0 0 83 0 167 0 0 94 0 139 0 0 70 0 150 0 0 100 
175 310 188 248 136 87 222 32 85 6 321 469 249 362 147 157 351 146 198 75 211 395 266 279 154 
95 82 278 293 94 0 0 191 189 10 122 107 279 284 109 0 0 153 175 17 7 17 199 202 20 
147 120 109 141 275 8 19 4 17 181 10 14 8 5 157 232 213 174 201 387 232 255 234 238 403 
0 64 0 0 0 0 50 0 0 0 0 77 0 0 0 8 82 5 12 5 195 219 189 163 180 
60 38 44 9 65 63 19 36 0 38 57 23 33 0 40 89 13 41 0 50 136 121 101 81 160 
202 68 0 100 0 205 65 0 104 0 204 44 0 104 0 189 59 0 113 0 189 50 0 108 0 
0 0 1442 0 0 0 0 1460 0 0 0 0 1351 0 0 0 0 1463 0 0 0 0 1444 0 0 
77 0 10 53 30 102 67 49 98 73 94 62 59 82 83 69 26 23 67 37 54 0 0 26 12 
123 124 140 90 192 0 0 6 0 49 59 80 78 60 112 0 0 24 0 56 0 0 17 0 62 
66 105 0 141 0 185 216 108 246 101 137 132 74 214 88 62 96 0 127 0 48 73 0 111 0 
78 86 72 90 135 75 81 63 59 94 0 27 0 0 43 0 20 0 0 31 50 72 52 51 88 
0 64 0 0 1 29 117 31 32 28 36 126 36 32 32 25 110 22 26 31 40 111 43 39 46 
33 11 41 33 0 103 71 112 112 63 43 20 45 35 0 47 9 44 35 0 41 19 37 39 0 
159 0 0 0 0 127 0 0 0 0 212 81 97 108 109 128 0 0 0 0 133 0 0 0 0 
0 0 0 0 820 0 0 0 0 779 0 0 0 0 835 0 0 0 0 822 0 0 0 0 767 
124 102 0 150 64 118 105 3 164 62 154 172 50 197 114 118 96 4 131 100 131 156 0 189 85 
126 0 0 0 0 262 97 89 83 75 155 0 0 0 0 148 0 0 0 0 138 0 0 0 0 
0 0 0 0 0 73 59 75 74 72 0 0 0 0 0 155 129 152 157 147 0 0 0 0 0 
0 22 0 146 0 34 58 46 191 33 0 19 0 135 0 0 16 0 140 0 0 20 0 164 0 
159 53 134 117 160 90 0 90 30 62 95 0 109 74 70 205 113 183 137 175 67 0 70 37 47 
49 54 56 138 109 25 17 33 78 78 0 0 0 79 57 0 0 0 48 50 0 4 5 75 51 
0 12 68 0 0 88 108 181 97 90 0 12 75 0 0 66 86 180 55 63 0 6 70 0 0 
199 12 192 0 0 195 1 166 0 0 201 5 182 0 0 175 3 182 0 0 209 17 174 1 5 
354 136 390 172 240 384 209 430 219 248 364 176 417 227 247 241 39 275 100 149 231 65 287 76 123 
73 170 83 97 71 0 88 0 27 0 20 143 31 40 29 0 116 0 19 0 0 83 0 22 0 
0 0 33 0 63 38 48 87 50 132 59 77 90 56 135 0 0 34 0 66 0 0 55 0 67 
0 0 21 0 211 0 0 16 0 198 0 0 31 0 191 0 0 30 0 198 0 0 24 0 205 
0 0 0 57 0 0 0 0 64 0 63 72 52 157 48 0 0 0 69 0 95 87 95 178 100 
101 0 0 112 0 129 0 0 123 0 114 0 0 116 0 108 0 0 136 0 111 0 0 134 0 
0 39 75 74 7 95 161 175 181 113 143 203 216 202 118 16 70 117 119 32 77 118 121 144 43 
110 144 130 119 232 0 0 0 0 87 0 0 0 0 82 21 25 27 22 115 0 0 0 0 95 
121 215 129 120 124 0 113 0 0 0 78 183 85 86 78 11 111 1 2 13 92 200 82 81 97 
145 137 79 83 93 78 47 0 0 0 90 53 4 0 5 70 50 0 0 0 71 56 0 0 0 
0 130 0 0 0 37 177 57 63 66 0 136 0 0 0 70 203 87 91 71 0 121 0 0 0 
0 0 0 0 0 0 0 0 0 0 0 0 0 0 0 0 0 0 1 0 444 412 437 435 406 
0 0 37 0 0 73 79 92 75 87 0 0 31 0 0 77 75 85 59 79 19 25 59 22 26 
7 15 16 21 61 0 0 0 0 46 89 96 85 87 118 0 0 0 0 40 77 114 98 96 131 
0 0 0 129 0 0 0 0 113 0 0 0 0 135 0 0 0 0 144 1 71 72 81 194 80 
0 74 0 37 80 0 70 0 44 81 0 67 0 34 107 0 66 0 32 87 21 83 28 67 125 
0 112 0 0 0 0 108 0 0 0 0 105 0 0 0 0 96 0 0 0 97 185 99 105 92 
0 28 0 12 0 103 123 102 87 104 88 92 87 102 87 0 24 0 14 0 137 175 152 168 132 
0 0 120 56 0 44 49 162 110 50 0 0 105 39 0 0 0 90 39 0 0 0 128 35 0 
58 0 0 0 0 126 62 61 76 69 98 20 16 20 15 132 45 46 51 39 57 0 0 0 0 
83 35 33 111 37 39 0 0 91 0 48 0 0 85 0 83 35 30 120 32 55 0 0 83 0 
0 0 23 18 0 0 0 0 22 0 104 99 84 112 101 0 0 0 29 0 0 0 18 23 0 
2 8 60 111 8 0 0 53 77 0 50 33 116 131 54 30 39 75 123 38 0 0 52 81 0 
40 3 39 35 10 34 3 33 34 15 101 58 97 92 71 58 16 39 42 14 43 0 37 35 1 
46 0 60 0 61 45 0 61 0 57 28 0 71 0 74 107 56 114 70 117 37 0 60 0 58 
117 17 207 92 50 87 0 183 87 41 80 0 163 22 19 224 103 275 157 157 118 26 231 92 69 
11 108 157 50 123 130 202 295 127 236 31 109 216 56 179 0 62 170 3 107 92 157 217 122 210 
19 22 22 58 53 43 38 36 83 75 0 0 0 35 31 0 0 0 23 18 80 95 92 127 106 
26 36 0 89 1 29 50 0 111 0 87 79 46 143 59 25 40 0 110 0 46 37 0 89 0 
0 0 58 0 0 167 146 225 156 181 0 0 62 0 0 0 0 80 0 0 0 0 80 0 0 
72 8 8 8 25 112 83 86 79 89 133 100 110 123 122 50 0 6 0 18 48 10 19 7 34 
19 135 101 17 43 0 113 83 9 9 0 91 59 0 22 1 110 62 6 21 47 158 110 41 87 
145 188 91 97 101 75 67 43 22 19 42 50 18 0 0 38 49 13 0 0 33 46 14 0 0 
92 92 21 20 20 69 57 0 0 0 71 74 19 10 24 82 90 54 52 55 100 89 65 39 56 
38 76 43 71 29 0 62 11 42 16 2 51 11 46 19 0 43 14 31 12 39 103 64 97 78 
0 0 64 31 15 0 0 50 44 3 0 0 55 44 8 52 64 150 119 74 62 55 112 97 73 
29 38 26 22 31 0 0 0 0 0 71 59 57 62 55 0 0 0 0 0 120 107 99 114 110 
46 35 35 39 42 0 0 11 0 0 0 0 10 0 0 52 47 86 59 55 122 95 150 160 145 
40 43 106 48 52 7 9 62 19 10 56 44 124 44 41 0 0 52 1 0 0 0 49 12 0 
0 0 180 31 0 0 0 141 22 0 19 19 155 35 18 0 0 166 21 0 0 0 162 21 0 
41 70 0 0 0 66 93 38 29 27 67 108 15 13 9 78 119 37 37 41 37 66 0 0 0 
86 131 75 57 64 12 47 4 0 0 67 129 61 52 49 36 75 31 17 15 23 59 0 0 0 
0 114 110 166 0 0 124 116 166 0 0 104 119 167 0 0 115 117 156 0 0 131 116 163 0 
14 0 0 194 0 13 0 0 133 0 141 106 127 263 106 19 0 0 151 0 27 1 1 141 1 
100 127 36 67 102 136 196 75 79 165 115 151 69 79 117 72 89 10 20 64 196 239 112 137 173 
65 170 123 82 90 7 46 64 10 3 29 77 98 30 30 28 77 66 10 28 0 63 52 0 0 
5 26 13 9 80 10 33 26 7 115 3 13 9 8 50 69 86 75 56 151 35 44 35 30 91 
695 515 559 404 517 499 254 292 198 261 492 301 356 208 316 354 124 143 43 124 595 348 430 330 372 
74 61 0 2 0 159 156 69 73 66 81 79 0 0 0 91 90 19 11 13 68 60 0 0 0 
144 301 117 123 137 227 350 128 227 157 132 276 79 141 56 39 189 0 34 0 93 227 65 99 54 
0 0 0 0 53 0 0 0 0 57 0 0 0 0 67 0 0 0 0 58 141 164 145 155 190 
150 0 0 54 0 156 0 0 55 0 141 0 0 40 0 168 0 0 46 0 149 0 0 41 0 
162 142 201 288 147 36 1 94 142 2 92 55 137 206 69 37 8 104 120 35 42 0 91 107 0 
64 111 86 172 160 0 7 4 93 46 0 13 4 63 65 0 15 12 88 60 35 42 30 101 68 
149 138 66 54 24 184 169 143 117 137 105 78 54 28 12 263 185 166 146 150 136 147 96 57 64 
70 140 63 64 56 0 60 0 0 0 6 89 4 6 5 0 69 0 0 0 83 180 64 86 77 
0 0 0 20 0 0 0 0 19 0 0 0 0 21 0 0 0 0 21 0 173 185 218 221 217 
60 6 58 118 109 25 3 35 110 101 77 24 49 153 128 20 0 40 105 98 160 99 149 235 244 
0 93 73 0 99 0 96 80 0 98 0 114 61 0 77 0 92 86 0 101 0 121 79 0 90 
47 23 56 40 33 72 52 92 56 55 23 17 36 20 13 55 45 103 71 49 8 0 32 1 0 
87 0 0 0 51 69 0 0 0 47 89 0 0 0 58 71 0 0 0 49 180 96 77 94 161 
45 56 0 54 33 34 47 0 57 48 30 35 0 70 42 104 111 73 134 95 58 72 22 75 63 
69 89 97 75 63 10 35 39 13 9 0 14 43 0 0 56 69 77 50 45 20 30 55 21 14 
0 0 0 152 35 0 0 0 164 27 26 30 16 169 54 0 0 0 160 35 0 0 0 151 39 
0 0 0 182 15 240 200 180 445 237 0 0 0 195 14 162 174 173 362 151 1 0 0 184 11 
79 177 245 250 91 41 137 186 217 39 96 159 191 275 75 76 228 231 298 138 148 187 223 313 107 
0 0 0 1307 0 0 0 1 1314 1 0 0 0 1312 0 0 2 4 1383 1 0 0 0 1310 0 
195 0 0 0 0 195 13 18 16 19 178 0 0 0 0 195 0 0 0 0 165 0 0 0 0 
92 0 0 0 0 117 0 0 0 0 122 0 0 0 0 102 0 0 0 0 206 88 85 89 99 
163 87 74 106 104 60 0 0 11 14 176 46 51 55 59 155 50 61 94 91 176 112 96 135 117 
19 17 0 0 0 0 27 0 0 0 0 9 0 0 0 25 47 27 44 43 0 0 0 0 0 
67 90 150 114 81 0 0 43 0 0 0 0 59 0 0 0 0 53 0 0 189 195 245 205 192 
3 15 1 75 197 105 125 113 205 325 0 30 0 87 243 0 12 0 83 241 111 140 108 175 296 
14 18 89 16 257 4 1 59 13 190 119 108 173 119 322 146 147 230 185 365 2 0 57 1 207 
158 227 286 226 95 186 240 328 223 110 186 267 311 221 167 75 177 236 111 34 62 200 224 155 35 
115 0 0 3 0 95 0 0 0 0 117 0 0 1 0 117 0 0 0 0 152 17 27 49 32 
0 0 206 0 35 0 0 227 0 33 0 0 203 0 31 0 0 195 0 23 0 0 199 0 29 
39 60 38 27 41 0 48 0 0 20 46 78 42 37 59 1 38 0 0 28 0 54 0 0 18 
609 624 640 681 625 0 0 0 0 0 0 0 0 0 0 0 0 0 0 0 0 0 0 0 0 
62 47 0 0 0 79 67 15 14 11 128 81 34 34 27 83 60 0 0 0 93 88 21 23 28 
31 0 0 60 77 75 44 45 89 122 18 0 2 56 67 35 11 14 55 58 27 25 32 72 79 
0 0 53 61 0 81 58 108 102 64 0 0 44 40 0 63 64 106 93 53 57 32 93 77 33 
13 11 0 0 68 15 1 0 0 64 61 63 49 41 142 22 21 17 13 67 92 110 98 89 133 
55 0 0 0 0 62 0 0 0 0 64 0 0 0 0 202 133 145 146 141 52 0 0 0 0 
86 155 93 130 140 93 279 140 169 218 0 130 40 59 49 140 212 166 183 165 122 265 185 211 193 
0 0 0 0 0 31 35 31 19 22 0 0 0 0 0 64 67 70 66 90 100 94 99 100 127 
144 16 80 12 25 201 4 59 8 16 287 91 157 105 101 289 178 246 153 167 243 48 97 40 48 
