885 902 769 737 829 1121 1163 1072 1030 1098 644 724 634 626 834 999 998 1021 994 1115 617 583 509 448 586 
218 160 195 195 183 0 0 0 0 0 141 94 151 132 128 0 0 0 0 0 0 0 0 0 0 
88 42 28 135 149 79 0 0 104 108 137 64 26 190 186 51 0 0 68 129 44 0 0 101 104 
137 0 105 137 164 195 33 175 217 211 281 112 248 280 294 229 50 157 185 199 149 0 109 184 154 
183 58 113 163 48 142 13 60 105 0 117 20 80 119 23 128 0 42 135 0 298 195 247 302 177 
115 7 16 0 95 98 1 10 0 106 204 88 103 77 176 155 57 82 52 155 221 109 128 102 256 
0 0 0 0 0 0 0 0 0 0 1024 1040 985 1016 1055 0 0 0 0 0 0 0 0 0 0 
0 0 0 293 0 0 0 2 274 0 124 115 115 406 124 127 113 103 432 132 0 0 0 272 0 
15 8 15 189 5 0 0 0 185 0 41 43 35 189 27 0 0 0 159 0 3 9 3 183 3 
0 0 0 0 0 0 0 0 0 0 0 0 0 0 0 59 65 65 64 88 185 156 146 191 159 
86 102 81 69 211 0 22 0 0 108 0 3 0 0 122 0 9 0 0 126 87 98 84 79 187 
129 138 134 149 146 0 0 0 0 0 0 0 0 0 0 0 0 0 0 0 79 79 62 63 78 
0 0 0 0 0 0 0 0 0 0 0 0 0 0 0 442 445 426 420 426 198 183 187 195 209 
0 192 0 0 80 0 164 0 0 93 118 306 140 121 192 0 178 0 0 91 0 207 0 0 74 
827 0 0 0 0 816 0 0 0 0 805 0 0 0 0 841 0 0 0 0 850 0 0 0 0 
13 7 201 148 155 59 25 208 166 161 113 117 300 254 227 194 208 391 365 327 131 97 291 260 322 
56 90 59 109 52 43 58 46 85 48 0 30 0 37 0 30 72 35 65 29 0 31 0 31 0 
32 6 16 11 18 121 90 99 90 110 30 0 0 0 21 23 0 0 0 18 115 91 88 92 129 
0 0 151 0 0 0 0 126 0 0 0 0 147 0 0 149 116 246 120 122 0 1 143 0 0 
0 66 47 49 0 0 83 47 48 0 38 106 95 103 36 0 72 55 56 0 0 71 61 45 0 
0 2 6 4 150 168 148 159 176 277 172 134 127 142 248 7 6 0 4 118 89 83 108 118 225 
0 0 0 0 0 0 0 0 0 0 0 0 0 0 0 1047 1111 1110 1077 1037 0 0 0 0 0 
0 18 56 152 0 0 17 56 125 0 0 19 50 157 0 0 17 56 156 0 0 16 58 163 0 
72 57 0 0 0 94 73 15 20 16 152 93 35 36 32 102 69 0 0 0 105 96 22 26 33 
102 127 97 173 179 9 49 21 62 92 24 50 25 90 95 0 49 0 69 78 0 39 0 58 85 
123 123 143 79 6 129 156 219 127 8 309 310 378 328 223 114 135 168 89 0 311 253 359 267 146 
80 14 20 104 19 74 0 0 112 0 209 149 136 225 126 61 0 0 96 1 114 44 46 171 42 
122 87 45 49 34 160 107 50 56 34 71 62 19 0 0 87 77 17 14 14 87 53 11 0 0 
0 0 150 64 0 0 0 165 56 0 0 0 204 57 0 0 0 183 46 0 0 0 157 44 0 
116 163 171 119 98 0 53 71 0 0 0 50 66 0 0 38 71 98 32 30 0 42 98 0 0 
64 52 67 66 58 97 114 101 111 98 22 39 41 35 37 0 0 0 0 0 0 0 0 0 0 
0 0 0 165 0 0 0 0 174 0 231 234 221 409 242 0 0 0 171 0 0 0 0 155 0 
0 0 0 0 0 157 157 180 142 147 0 0 0 0 0 0 0 0 0 0 75 60 72 70 85 
106 2 1 73 39 138 32 50 116 95 225 79 94 150 154 82 0 0 70 38 177 66 74 149 107 
0 99 0 0 0 0 98 0 0 0 0 66 0 0 0 125 181 104 130 98 66 145 45 52 53 
0 0 106 0 0 103 106 205 132 113 0 0 105 0 0 7 10 114 5 8 15 13 89 11 16 
262 227 199 275 112 126 102 72 116 0 100 94 70 104 0 272 235 170 280 115 144 130 87 141 2 
0 0 0 0 0 35 40 34 24 24 0 0 0 0 0 64 75 79 74 97 115 112 112 112 147 
0 229 0 208 0 0 187 0 199 0 9 209 7 204 7 0 197 0 201 0 0 207 0 213 0 
0 46 0 122 0 0 53 0 156 1 0 51 0 142 0 75 161 76 228 86 0 61 0 147 0 
0 0 0 0 75 82 73 85 68 142 91 78 78 82 130 0 0 0 0 77 0 0 0 0 84 
101 326 354 61 277 18 212 272 3 167 86 292 357 73 266 130 337 353 115 294 234 390 424 167 340 
0 45 33 0 81 20 61 45 13 89 27 82 87 37 81 0 59 26 0 65 0 63 27 0 68 
118 94 114 128 131 15 0 0 37 0 13 0 0 39 0 19 0 0 42 0 90 71 67 123 84 
69 0 65 0 0 63 0 75 0 0 113 53 107 48 50 99 16 78 13 12 66 0 73 0 0 
0 18 81 0 96 0 12 69 0 107 0 16 74 0 106 0 14 91 0 133 0 13 69 0 101 
26 77 162 99 34 59 82 164 121 62 0 46 122 43 0 43 79 165 116 50 0 24 110 66 0 
0 66 0 0 0 0 71 0 0 0 137 248 130 148 132 0 90 0 0 0 16 89 17 29 27 
0 0 0 70 0 61 64 52 123 80 0 0 0 70 0 0 0 0 80 0 71 63 57 147 61 
50 0 94 55 0 62 0 115 56 0 60 0 102 50 0 47 0 108 56 0 47 0 100 48 0 
92 56 0 33 0 125 94 22 55 26 102 106 0 27 0 121 63 0 47 0 99 69 0 34 0 
0 0 0 0 25 199 204 198 208 221 0 0 0 0 34 0 0 0 0 34 0 0 0 0 36 
115 56 73 145 97 85 47 60 127 91 33 0 0 67 12 42 0 0 67 13 47 13 11 76 35 
31 68 9 8 10 19 55 0 1 0 19 83 0 0 0 150 195 144 139 128 27 89 0 0 0 
0 0 0 21 0 186 170 197 198 164 0 0 0 23 0 0 0 0 22 0 0 0 0 19 0 
73 79 135 140 93 0 0 52 64 0 0 0 76 62 0 0 0 69 53 0 0 0 63 67 0 
63 57 59 48 68 41 0 0 0 11 76 62 48 48 72 30 0 0 0 22 92 49 45 49 60 
0 0 25 0 69 8 5 35 11 89 0 0 34 0 70 9 6 42 6 95 80 75 114 64 151 
585 585 605 638 586 0 0 0 0 0 0 0 0 0 0 0 0 0 0 0 0 0 0 0 0 
59 123 148 73 80 30 86 107 27 33 0 34 76 0 0 0 43 81 0 0 0 42 73 0 0 
0 0 126 0 0 0 0 107 0 0 81 126 225 122 114 0 0 100 0 0 0 0 118 0 0 
101 123 42 58 138 37 42 0 0 87 39 60 0 0 62 42 42 0 0 71 61 45 0 0 85 
0 49 0 23 36 59 115 57 80 94 0 59 0 26 38 0 55 0 37 39 25 65 22 52 63 
9 7 99 5 12 0 0 87 0 0 0 0 83 0 0 36 39 120 27 29 75 78 150 59 84 
0 0 0 55 84 104 90 72 139 187 0 0 0 53 80 0 0 0 42 92 0 0 0 49 83 
119 196 98 92 98 26 122 0 0 0 32 137 7 8 11 23 86 0 0 0 23 94 1 1 0 
69 28 89 41 103 19 0 41 6 66 17 0 42 0 81 17 0 54 9 64 13 0 40 11 71 
46 7 25 1 1 43 0 25 0 0 56 51 88 44 59 100 48 62 33 40 158 110 132 134 118 
53 22 92 33 38 16 0 73 0 0 8 0 71 0 0 13 0 62 0 0 0 0 83 0 0 
0 0 47 23 11 0 1 0 0 0 0 5 0 8 0 0 0 0 0 0 11 0 0 0 0 
0 62 57 0 0 0 69 52 0 0 21 104 78 21 21 32 109 61 40 42 0 62 47 0 0 
26 0 87 0 38 59 43 120 39 72 19 0 77 0 28 29 0 89 0 23 30 0 94 0 19 
0 2124 0 0 0 0 2217 0 0 0 0 2090 0 0 0 0 2153 0 0 0 0 2093 0 0 0 
19 102 107 7 11 82 181 197 76 62 5 114 111 3 0 29 192 129 79 48 2 109 98 2 0 
78 122 101 0 0 63 140 132 0 0 100 138 146 0 0 84 137 122 0 0 67 140 128 0 0 
0 96 0 112 0 85 181 81 205 88 79 165 50 187 44 0 88 0 119 0 0 108 0 114 0 
0 0 0 0 0 1277 1245 1235 1196 1262 0 0 0 0 0 0 0 0 0 0 0 0 0 0 0 
0 0 84 139 0 0 0 78 110 0 0 0 89 135 0 0 0 85 137 0 0 0 76 135 0 
129 42 47 80 39 129 49 48 96 53 77 0 0 33 0 73 0 0 33 0 81 0 0 38 0 
0 125 0 0 85 0 146 0 0 72 0 161 0 1 87 0 138 0 0 71 0 144 0 0 96 
186 227 140 230 95 64 102 3 100 0 287 358 205 336 112 122 221 72 185 21 164 284 236 270 118 
103 84 292 303 98 0 0 201 212 4 118 114 288 318 109 0 0 168 195 10 5 10 211 200 24 
137 104 103 144 253 8 20 4 17 151 16 15 7 18 158 203 194 157 190 334 221 233 233 229 379 
0 64 0 0 0 0 52 0 0 0 0 72 0 0 0 7 65 6 8 3 179 223 179 153 178 
47 27 36 11 45 45 14 28 0 38 42 13 36 0 30 71 16 29 0 47 110 107 94 80 121 
202 71 0 100 0 205 68 0 103 0 205 51 0 104 0 184 65 0 105 0 196 51 0 111 0 
55 0 0 0 0 62 0 0 0 0 65 0 0 0 0 202 133 145 144 142 51 0 0 0 0 
0 0 1453 0 0 0 0 1473 0 0 0 0 1357 0 0 0 0 1481 0 0 0 0 1451 0 0 
119 3 7 68 35 162 78 69 159 119 164 84 95 160 138 111 40 39 114 40 76 0 1 31 14 
134 146 125 93 206 0 0 11 0 49 62 96 82 65 133 0 0 27 0 56 0 0 13 0 61 
45 95 0 124 0 144 194 106 228 95 120 147 92 230 94 64 90 0 115 0 39 72 0 117 0 
92 101 119 124 154 103 87 84 80 124 0 24 0 0 53 0 17 0 0 28 52 74 67 59 90 
0 80 0 0 1 36 139 36 37 36 37 158 33 39 38 28 137 23 33 38 43 126 46 41 48 
32 10 41 34 0 100 71 111 112 63 42 20 47 37 0 45 8 44 34 0 40 18 37 39 0 
153 0 0 0 0 148 0 0 0 0 240 80 101 107 116 134 1 0 0 0 149 0 0 0 0 
0 0 0 0 840 0 0 0 0 788 0 0 0 0 842 0 0 0 0 837 0 0 0 0 784 
109 112 0 128 28 110 121 2 162 56 165 179 46 214 84 106 100 8 145 49 138 173 3 196 56 
128 0 0 0 0 263 101 89 85 74 162 0 0 0 0 149 0 0 0 0 144 0 0 0 0 
0 0 0 0 0 76 60 72 67 75 0 0 0 0 0 153 124 146 153 145 0 0 0 0 0 
0 21 0 143 0 32 55 46 186 31 0 19 0 132 0 0 15 0 136 0 0 20 0 160 0 
97 79 114 138 153 56 0 97 67 68 37 0 87 82 71 106 69 137 141 135 21 0 59 57 59 
44 49 55 127 104 25 21 31 78 69 0 0 0 77 53 0 0 0 48 49 7 9 7 76 47 
0 8 61 0 0 79 90 167 82 87 0 11 67 0 0 57 73 151 47 62 0 4 63 0 0 
198 11 189 0 0 197 6 172 0 0 201 6 183 0 0 174 2 183 0 0 205 23 177 7 5 
295 109 315 118 202 346 166 374 188 233 346 157 369 204 258 208 17 180 33 126 229 62 238 35 117 
72 164 70 93 71 0 90 0 31 0 18 138 30 34 27 0 114 0 18 0 0 79 0 24 0 
0 0 33 0 58 35 46 77 43 113 55 74 89 53 121 0 0 33 0 61 0 0 49 0 58 
0 0 21 0 207 0 0 18 0 209 0 0 29 0 193 0 0 29 0 203 0 0 27 0 217 
0 0 0 53 0 0 0 0 61 0 55 60 47 144 47 0 0 0 61 0 87 82 89 160 89 
87 0 0 94 0 109 0 0 111 0 99 0 0 89 0 92 0 0 113 0 97 0 0 109 0 
0 28 77 85 0 71 180 187 191 118 135 185 222 203 115 5 57 106 101 2 60 99 108 113 24 
120 137 141 112 249 0 0 0 0 80 0 0 0 0 82 22 28 30 25 117 0 0 0 0 87 
136 253 150 137 152 0 128 0 0 0 90 202 86 93 91 1 112 3 0 3 93 209 88 65 82 
136 126 76 79 78 75 45 0 0 0 85 47 4 4 8 62 47 0 0 0 71 55 0 0 0 
0 128 0 0 0 41 194 64 72 81 0 143 0 0 0 73 216 96 103 81 0 121 0 0 0 
0 0 0 0 0 0 0 0 0 0 0 0 0 0 0 0 0 0 0 0 420 394 427 409 381 
0 0 37 0 0 73 79 92 75 87 0 0 31 0 0 77 76 86 59 79 19 26 59 22 26 
8 15 16 17 51 0 0 0 0 35 79 79 71 69 99 0 0 0 0 32 68 98 78 76 105 
0 0 0 134 0 0 0 0 125 0 0 0 0 152 0 0 0 0 152 0 80 76 81 213 88 
1 68 0 34 72 0 62 0 38 76 0 56 0 35 91 0 60 0 31 70 19 78 23 56 112 
0 113 0 0 0 0 108 0 0 0 0 106 0 0 0 0 96 0 0 0 97 187 101 107 93 
0 0 0 27 1 85 73 79 84 80 53 35 60 60 56 0 0 0 21 0 90 102 105 133 102 
0 0 118 55 0 44 47 162 110 50 0 0 106 41 0 0 0 94 38 0 0 0 134 38 0 
58 0 0 0 0 126 62 61 76 69 99 20 18 19 14 131 47 46 52 41 58 0 0 0 0 
83 35 33 111 37 39 0 0 91 0 48 0 0 85 0 83 35 30 120 32 55 0 0 83 0 
0 0 49 35 0 0 0 40 40 0 100 99 124 125 95 0 0 39 42 0 0 0 46 39 0 
50 1 0 120 126 130 96 125 175 256 32 5 0 122 133 51 26 36 133 115 46 56 61 122 145 
3 6 52 109 9 0 0 53 80 0 53 33 110 136 54 30 41 74 130 42 0 0 52 90 0 
45 0 39 50 6 38 4 32 42 21 124 76 121 107 79 71 15 43 49 16 51 0 42 49 0 
44 0 61 0 64 45 0 61 0 61 32 0 77 0 71 101 61 114 70 119 34 0 62 0 64 
94 24 155 107 61 74 8 143 70 32 64 0 119 34 12 154 58 196 108 94 107 20 188 58 60 
11 92 144 33 99 125 176 281 135 209 39 108 192 52 156 0 33 143 2 105 83 108 192 101 185 
19 21 21 57 48 40 38 34 73 72 0 0 0 31 28 0 0 0 22 17 74 89 89 122 98 
22 31 0 100 0 30 52 0 106 0 83 76 42 137 61 34 38 0 112 0 41 34 0 86 0 
0 0 67 0 0 173 149 214 156 184 0 0 61 0 0 0 0 76 0 0 0 0 84 0 0 
12 9 0 0 78 18 2 0 0 77 72 87 65 58 154 28 24 23 17 92 119 162 126 127 182 
59 11 10 6 20 86 60 61 64 64 94 71 78 87 83 38 0 5 0 12 34 11 14 7 21 
17 92 65 15 29 0 81 62 5 6 0 67 37 0 18 0 73 47 5 12 43 115 91 38 74 
149 200 104 96 103 70 67 43 21 22 39 51 17 0 0 40 51 15 0 0 32 50 14 0 0 
104 0 0 1 0 90 0 0 0 0 108 0 0 19 0 104 1 0 0 0 130 17 23 46 30 
61 89 5 11 12 51 52 0 0 0 50 69 1 0 5 53 76 24 27 36 73 88 54 29 45 
38 76 43 70 29 0 62 11 42 16 2 51 11 46 19 0 43 14 31 13 39 104 64 97 78 
0 0 56 27 11 0 0 45 35 3 0 0 44 40 6 43 53 122 94 61 54 50 100 93 63 
29 38 26 22 31 0 0 0 0 0 71 59 57 62 55 0 0 0 0 0 120 107 99 114 110 
49 40 38 34 45 0 0 18 0 0 0 0 19 0 0 54 49 94 59 51 135 110 148 151 130 
31 36 96 44 49 0 0 55 0 13 54 42 123 40 45 0 0 45 0 0 0 5 51 12 0 
0 0 180 32 0 0 0 141 23 0 19 20 156 37 18 0 0 166 23 0 0 0 162 23 0 
46 78 0 0 0 74 102 41 32 33 75 114 20 15 12 89 136 40 43 42 39 72 0 0 0 
96 128 71 53 63 12 52 4 0 0 80 136 67 54 54 37 72 32 20 14 27 53 0 0 0 
0 116 108 162 0 0 128 119 165 1 0 108 122 168 1 0 118 116 157 0 0 128 118 166 0 
13 0 0 131 0 9 0 0 95 0 91 65 87 187 84 11 0 0 99 0 20 1 1 105 1 
62 81 53 52 79 13 65 10 9 37 51 81 43 38 71 6 40 0 0 33 13 69 10 11 39 
156 199 67 118 139 207 304 116 149 241 175 242 116 126 156 101 135 14 35 61 309 393 196 234 281 
68 170 148 90 101 6 41 64 15 3 37 77 107 49 29 23 81 61 20 27 0 67 63 0 0 
10 34 20 10 93 23 47 36 11 140 23 31 22 6 74 85 101 98 66 196 43 56 46 40 125 
663 507 521 371 474 453 240 299 185 221 466 341 320 222 300 411 207 180 71 184 555 353 405 347 391 
98 63 0 3 1 177 159 80 77 81 75 82 0 0 0 104 88 25 19 20 67 61 0 0 0 
165 322 136 147 137 245 395 151 264 193 131 274 83 167 79 35 189 1 43 0 95 209 74 111 35 
0 0 0 0 58 0 0 0 0 66 0 0 0 0 76 0 0 0 0 62 152 176 161 172 208 
72 7 45 0 18 152 15 80 34 48 129 60 104 59 72 184 85 136 75 120 145 35 58 29 37 
150 0 0 51 0 156 0 0 54 0 141 0 0 38 0 168 0 0 46 0 149 0 0 41 0 
159 111 155 210 100 31 1 72 109 1 86 37 117 177 61 61 5 87 82 25 45 0 76 72 1 
76 110 92 192 167 0 11 6 100 54 0 17 7 70 59 0 12 11 81 60 36 47 39 95 60 
152 134 84 63 0 199 182 139 117 119 132 92 67 47 20 264 197 193 126 111 185 172 118 59 51 
58 130 51 57 53 0 55 0 0 0 6 80 4 5 4 0 63 0 0 0 76 154 62 76 65 
0 0 0 16 0 0 0 0 20 0 0 0 0 18 0 0 0 0 18 0 166 177 201 203 201 
43 0 0 30 29 110 90 77 97 94 43 0 0 20 24 36 0 0 18 31 37 0 0 20 24 
43 0 38 81 79 11 1 30 84 72 55 20 52 114 103 15 0 39 79 82 123 76 111 182 190 
0 87 66 0 76 0 91 81 0 88 0 97 66 0 68 0 84 75 0 78 0 106 79 0 73 
47 23 56 40 33 73 52 92 57 55 24 17 36 19 13 56 45 104 73 49 8 0 32 2 0 
84 0 0 0 53 77 0 0 0 52 95 0 0 0 60 74 0 0 0 47 207 98 84 107 160 
84 123 13 147 104 64 154 0 125 118 58 99 0 145 70 205 275 154 275 190 115 237 95 192 172 
72 91 101 79 63 11 37 40 13 9 0 13 42 0 0 62 74 85 50 46 23 29 60 19 12 
0 0 0 157 44 0 0 0 174 34 28 33 19 177 59 0 0 0 168 35 0 0 0 154 40 
0 0 0 149 13 152 132 124 324 167 0 0 0 165 15 118 122 115 252 113 0 0 0 136 10 
43 144 192 202 88 28 109 150 190 25 68 152 177 205 69 72 179 189 256 112 104 151 211 271 117 
0 0 0 1279 0 0 0 0 1263 0 0 0 0 1268 0 0 3 4 1342 3 0 0 0 1286 0 
195 0 0 0 0 197 13 18 17 20 181 0 0 0 0 198 0 0 0 0 166 0 0 0 0 
92 0 0 0 0 117 0 0 0 0 122 0 0 0 0 102 0 0 0 0 206 88 85 89 99 
309 42 128 106 104 250 0 32 1 15 444 128 202 140 170 477 290 378 285 290 329 78 133 114 97 
7 44 0 0 0 0 55 0 0 20 0 43 1 0 9 0 0 0 0 0 0 36 0 1 22 
70 100 165 118 103 0 0 59 0 0 0 0 73 0 0 0 0 60 1 0 220 231 244 227 229 
0 5 0 74 227 115 132 125 226 351 0 7 0 73 242 0 0 0 84 245 119 139 135 188 344 
9 12 76 6 225 3 0 61 5 163 110 103 168 110 265 142 126 218 154 321 0 1 63 0 185 
109 314 327 253 97 134 228 337 184 46 128 273 286 171 104 36 185 255 125 18 62 204 279 162 9 
0 0 210 0 35 0 0 222 0 29 0 0 204 0 28 0 0 193 0 24 0 0 191 0 33 
0 0 0 38 0 76 68 49 102 59 0 0 0 27 0 48 48 64 92 55 44 51 44 98 40 
0 0 43 53 0 66 45 90 87 56 0 0 37 32 0 52 43 87 75 42 36 28 73 64 25 
63 27 29 68 75 42 0 0 30 58 54 0 0 25 39 58 0 0 36 39 92 45 48 79 85 
