642 592 489 580 640 947 1052 848 952 959 540 604 460 589 653 891 841 778 889 899 508 409 390 386 582 
226 185 214 195 186 0 0 0 0 0 155 106 147 123 130 0 0 0 0 0 0 0 0 0 0 
128 53 34 194 199 63 0 0 153 137 167 56 35 243 280 65 0 0 101 162 80 1 0 125 108 
149 0 120 163 156 210 34 201 253 214 314 120 261 306 345 227 33 175 194 239 162 0 126 198 163 
143 39 101 133 20 144 13 74 119 2 139 26 86 92 18 120 8 49 125 0 296 193 265 310 173 
110 12 19 0 98 89 5 16 0 121 200 95 109 84 201 187 75 112 72 159 255 108 144 109 246 
0 0 0 0 0 0 0 0 0 0 1018 1031 978 1005 1041 0 0 0 0 0 0 0 0 0 0 
0 0 0 255 0 1 0 3 236 1 109 103 105 364 119 108 108 96 386 120 0 0 0 238 0 
13 8 13 183 5 0 0 0 184 0 39 45 35 191 29 0 0 0 163 0 3 6 4 185 3 
0 0 0 0 0 0 0 0 0 0 0 0 0 0 0 78 73 92 90 115 233 223 229 265 237 
56 74 60 46 146 0 8 0 0 80 0 3 0 0 87 0 3 0 0 91 64 65 66 55 137 
147 155 153 163 169 0 0 0 0 0 0 0 0 0 0 0 0 0 0 0 88 90 71 70 91 
0 0 0 0 0 0 0 0 0 0 0 0 0 0 0 425 430 414 395 404 155 142 152 163 165 
0 227 0 0 96 0 195 0 0 101 146 370 168 145 235 0 199 0 0 106 0 235 0 0 85 
849 0 0 0 0 839 0 0 0 0 831 0 0 0 0 871 0 0 0 0 881 0 0 0 0 
21 14 194 173 196 91 40 247 185 237 134 115 300 267 291 207 191 403 387 365 125 114 267 249 320 
85 132 77 145 68 59 82 61 112 73 0 42 0 47 0 50 93 43 83 42 0 36 0 36 0 
34 10 11 8 20 143 100 118 105 124 32 0 0 0 15 31 0 0 0 23 135 130 105 109 152 
0 0 158 0 0 0 0 144 0 0 0 0 165 0 0 187 144 295 141 165 0 0 152 0 0 
0 84 54 55 0 0 98 50 61 0 47 135 116 137 46 0 103 68 64 0 0 106 81 56 0 
5 1 0 4 148 151 99 133 134 256 140 124 108 120 219 10 6 0 0 124 88 89 112 93 202 
0 0 0 0 0 0 0 0 0 0 0 0 0 0 0 1051 1105 1117 1083 1025 0 0 0 0 0 
0 18 54 136 0 0 19 53 114 0 0 18 47 136 0 0 19 50 137 0 0 16 52 140 0 
92 156 100 178 180 8 55 33 98 93 17 70 30 87 94 0 49 0 70 73 0 42 1 73 81 
122 139 132 80 10 105 157 194 97 2 304 315 349 314 237 126 139 153 70 0 276 271 347 259 154 
82 12 13 100 21 71 0 0 110 0 217 154 140 227 123 77 0 0 104 0 106 47 45 174 35 
118 87 44 45 35 148 108 53 58 32 51 53 21 0 0 83 67 23 10 16 80 54 11 0 0 
0 0 172 71 0 0 0 203 73 0 0 0 222 58 0 0 0 221 59 0 0 0 179 56 0 
125 169 150 108 108 0 50 58 0 0 0 52 62 0 0 36 69 97 35 47 0 39 87 0 1 
72 58 79 76 69 103 135 116 126 107 24 46 50 43 41 0 0 0 0 0 0 0 0 0 0 
0 0 0 164 0 0 0 0 171 0 229 234 220 409 242 0 0 0 171 0 0 0 0 155 0 
0 0 0 0 0 152 144 175 146 146 0 0 0 0 0 0 0 0 0 0 77 58 66 69 80 
131 0 7 71 57 149 35 52 133 113 245 94 102 185 177 93 0 0 75 39 210 79 92 189 139 
0 75 0 0 0 0 72 0 0 0 0 57 0 0 0 101 137 74 111 74 48 117 42 46 46 
0 0 100 0 0 87 93 188 113 105 0 0 97 0 0 6 9 104 2 8 15 13 83 9 16 
295 231 209 303 129 143 81 74 134 0 90 80 67 120 0 294 269 181 312 140 167 107 94 167 1 
0 224 0 201 0 0 180 0 194 0 8 203 7 197 7 0 186 0 192 0 0 197 0 204 0 
0 45 0 128 0 0 49 0 131 0 0 51 0 135 0 61 146 68 218 74 0 54 0 133 0 
0 0 0 0 81 88 80 99 70 140 105 81 87 89 148 0 0 0 0 82 0 0 0 0 91 
87 269 325 58 222 38 195 247 17 133 76 273 312 55 193 92 295 321 102 238 216 357 367 156 276 
0 47 36 0 88 21 63 43 10 91 28 87 92 43 85 0 68 19 0 73 0 65 30 0 72 
118 93 108 126 131 16 0 0 34 0 14 0 0 45 0 20 0 0 44 0 90 64 65 108 84 
78 0 73 0 0 70 0 80 0 0 135 56 119 54 56 117 20 95 15 17 79 0 91 0 0 
0 18 81 0 96 0 12 69 0 107 0 16 74 0 106 0 14 91 0 133 0 13 69 0 101 
22 57 146 75 24 74 81 162 109 61 0 41 122 33 0 50 75 164 109 50 0 31 110 63 0 
0 66 0 0 0 0 71 0 0 0 122 247 119 137 132 0 99 0 0 0 15 88 20 24 26 
0 0 0 94 0 93 103 88 178 117 0 0 0 105 0 0 0 0 110 0 110 93 80 215 88 
49 0 92 48 0 57 0 109 53 0 59 0 93 50 0 46 0 102 54 0 44 0 98 46 0 
77 46 0 29 0 101 73 16 47 24 92 86 0 25 0 110 53 0 41 0 87 58 0 33 0 
0 0 0 0 35 254 236 254 249 281 0 0 0 0 45 0 0 0 0 42 0 0 0 0 48 
110 54 66 134 94 71 43 61 116 86 28 0 0 66 15 35 0 0 57 12 52 11 10 67 35 
29 62 8 7 10 18 51 0 0 0 23 78 0 0 0 137 170 131 123 121 27 78 0 0 0 
0 0 0 21 0 186 170 199 198 164 0 0 0 23 0 0 0 0 22 0 0 0 0 19 0 
71 79 133 138 89 0 0 52 63 0 0 0 74 60 0 0 0 67 53 0 0 0 59 62 0 
63 57 59 48 68 41 0 0 0 11 76 62 48 48 72 30 0 0 0 22 92 49 45 49 60 
0 0 25 0 69 9 6 36 12 89 0 0 33 0 70 10 7 43 8 95 81 75 114 64 153 
55 105 137 64 70 28 79 95 26 26 0 32 70 0 0 0 37 71 0 0 0 39 66 0 0 
0 0 125 0 0 0 0 105 0 0 88 125 227 118 117 0 0 95 0 0 0 0 110 0 0 
105 113 34 59 144 37 53 0 0 88 48 62 0 0 73 44 46 0 0 85 63 51 0 0 86 
0 49 0 23 36 58 115 57 80 94 0 59 0 27 38 0 54 0 39 40 26 64 22 53 63 
9 7 99 4 12 0 0 87 0 0 0 0 83 0 0 36 39 120 27 29 75 78 150 59 85 
0 0 0 51 75 88 81 63 117 163 0 0 0 49 73 0 0 0 36 84 0 0 0 47 73 
115 185 92 84 100 25 122 0 0 0 30 128 7 8 12 26 79 0 0 0 25 94 3 3 0 
71 37 101 39 98 20 0 37 6 55 19 0 42 0 71 20 0 53 0 58 0 0 26 0 54 
48 0 8 0 2 74 0 4 0 0 98 55 58 55 76 90 27 3 14 0 154 101 69 102 79 
32 34 116 46 47 10 0 81 0 0 0 0 77 0 0 1 0 70 0 0 36 32 96 22 28 
0 61 61 0 0 0 63 42 0 0 21 101 81 21 21 32 108 60 40 42 0 60 52 0 0 
25 0 83 0 37 56 43 109 39 72 15 0 74 0 20 25 0 73 0 26 27 0 90 0 20 
0 2123 0 0 0 0 2198 0 0 0 0 2067 0 0 0 0 2137 0 0 0 0 2071 0 0 0 
27 163 139 15 21 105 207 242 81 71 7 156 128 3 0 39 203 182 106 47 11 154 108 0 0 
55 115 95 0 0 64 134 129 0 0 73 137 123 0 0 89 137 127 0 0 70 133 142 0 0 
0 87 0 104 0 91 140 78 176 85 60 149 36 133 48 0 73 0 109 0 0 109 0 95 0 
0 0 0 0 0 1291 1242 1248 1208 1272 0 0 0 0 0 0 0 0 0 0 0 0 0 0 0 
0 0 91 153 0 0 0 88 132 0 0 0 93 146 0 0 0 94 155 0 0 0 81 162 0 
172 65 63 118 44 173 58 70 128 72 112 0 0 49 0 98 0 0 45 0 106 0 0 62 0 
0 124 0 0 81 0 156 0 0 84 0 152 0 0 84 0 142 0 0 65 0 153 0 0 94 
215 303 177 251 123 90 171 11 95 1 312 426 255 369 144 167 318 155 239 45 211 368 274 277 133 
102 87 287 302 104 0 0 194 202 9 109 97 280 302 111 0 0 166 193 9 23 18 198 201 29 
175 143 131 173 309 5 23 1 8 198 20 17 8 16 160 255 258 183 211 398 256 288 274 266 437 
0 77 0 0 0 0 64 0 0 0 0 72 0 0 0 10 70 7 8 3 201 234 195 165 183 
74 33 53 16 77 66 22 32 0 71 75 15 38 0 52 84 17 39 0 70 195 142 133 119 207 
202 57 0 95 0 202 62 0 104 0 202 46 0 99 0 186 61 0 105 0 193 49 0 104 0 
0 0 1448 0 0 0 0 1459 0 0 0 0 1351 0 0 0 0 1458 0 0 0 0 1427 0 0 
107 0 8 67 34 143 103 74 128 92 138 78 70 126 106 83 31 22 72 32 65 0 0 25 7 
124 124 148 95 194 0 0 7 0 48 57 81 81 63 118 0 0 23 0 55 0 0 12 0 62 
42 78 0 125 0 107 137 85 194 65 101 120 85 218 91 35 66 0 99 0 25 48 0 104 0 
88 104 84 110 160 86 86 64 66 114 0 33 0 0 52 0 28 0 0 34 66 75 58 61 118 
0 72 0 0 0 30 134 32 40 31 41 132 35 38 37 26 123 27 29 32 40 122 49 40 51 
35 8 45 30 0 104 72 114 112 62 42 18 54 34 0 48 8 46 37 0 43 19 37 37 0 
150 0 0 0 0 129 0 0 0 0 209 86 97 104 99 118 0 0 0 0 140 0 0 0 0 
0 0 0 0 841 0 0 0 0 788 0 0 0 0 838 0 0 0 0 845 0 0 0 0 782 
133 108 0 164 53 138 118 0 172 74 177 160 45 209 120 122 114 1 158 99 149 149 0 186 72 
134 0 0 0 0 257 95 88 81 71 164 0 0 0 0 158 0 0 0 0 144 0 0 0 0 
0 0 0 0 0 73 56 72 66 69 0 0 0 0 0 145 120 147 145 141 0 0 0 0 0 
0 22 0 144 0 35 55 46 192 32 0 20 0 136 0 0 16 0 136 0 0 20 0 160 0 
147 55 114 100 147 98 0 84 16 43 86 0 101 44 64 199 106 177 120 153 59 0 50 25 52 
46 53 62 146 119 23 26 33 89 89 0 0 0 82 61 0 0 0 51 61 8 10 9 82 59 
0 9 79 0 0 93 98 193 100 102 0 17 86 0 0 62 99 202 61 79 0 5 69 0 0 
199 8 188 0 0 196 2 166 0 0 196 5 183 4 1 166 1 177 0 0 203 22 175 10 10 
363 149 389 170 263 378 155 422 188 242 381 157 394 216 214 236 22 252 82 149 253 74 308 51 113 
72 164 80 95 73 0 89 0 28 0 19 134 28 37 29 0 116 0 19 0 0 82 0 23 0 
0 0 33 0 58 34 45 78 44 113 55 74 89 53 121 0 0 33 0 61 0 0 48 0 58 
0 0 17 0 204 0 0 16 0 191 0 0 33 0 182 0 0 26 0 188 0 0 23 0 196 
0 0 0 58 0 0 1 0 64 0 58 63 48 158 48 0 0 0 61 0 95 84 90 178 97 
100 1 0 110 0 130 0 0 142 0 127 0 0 114 0 114 0 0 135 0 120 0 0 134 0 
0 33 71 87 0 95 173 171 189 113 147 201 220 224 143 14 75 99 105 28 77 110 106 143 49 
117 143 136 120 238 0 0 0 0 77 0 0 0 0 77 23 25 35 25 126 0 0 0 0 91 
118 208 126 118 121 0 107 0 0 0 74 180 80 82 74 2 105 4 1 14 78 186 67 68 83 
137 126 76 79 78 76 46 0 0 0 84 47 4 4 8 64 47 0 0 0 71 56 0 0 0 
0 133 0 0 0 42 177 45 52 67 0 139 0 0 0 65 208 86 81 66 0 124 0 0 0 
0 0 0 0 0 0 0 0 0 0 0 0 0 0 0 0 0 0 0 0 447 409 445 436 398 
0 0 37 0 0 73 79 92 74 87 0 0 31 0 0 77 74 85 59 79 19 25 59 22 26 
8 18 21 22 63 0 0 0 0 62 112 116 105 100 145 0 0 0 0 44 82 129 109 103 139 
0 0 0 130 0 0 0 0 116 0 0 0 0 139 0 0 0 0 147 0 75 72 78 203 85 
0 69 0 35 77 3 65 0 40 82 0 55 0 33 91 0 58 0 33 76 19 85 26 62 119 
0 112 0 0 0 0 107 0 0 0 0 106 0 0 0 0 95 0 0 0 97 184 99 105 92 
0 33 0 11 0 93 111 92 92 98 86 81 88 86 80 0 20 0 16 0 129 164 131 157 125 
0 0 117 55 0 43 45 155 106 50 0 0 102 39 0 0 0 89 38 0 0 0 126 34 0 
59 0 0 0 0 128 64 62 76 68 102 20 18 20 15 136 48 45 53 40 59 0 0 0 0 
83 35 33 111 37 39 0 0 91 0 48 0 0 85 0 83 35 30 120 32 55 0 0 83 0 
0 0 26 28 0 0 0 0 22 0 101 99 106 125 97 0 0 0 31 0 0 0 23 26 0 
3 7 56 110 7 0 0 47 84 0 50 30 110 133 50 30 44 75 121 43 0 0 50 90 0 
44 0 39 38 5 36 4 29 37 17 101 62 97 90 71 57 14 35 43 15 45 0 37 38 1 
43 0 63 0 62 47 0 71 0 61 35 0 74 0 79 101 60 131 70 115 33 0 66 0 63 
103 23 197 99 57 92 19 178 107 39 81 0 167 44 20 209 80 260 141 130 115 41 229 81 65 
14 106 179 39 144 152 230 328 136 294 40 143 227 63 207 1 61 169 0 131 81 147 263 108 250 
19 20 22 57 47 39 38 34 76 73 0 0 0 32 30 0 0 0 21 17 77 92 93 123 100 
18 29 0 83 0 25 47 0 100 0 77 71 39 128 53 25 37 0 103 0 39 32 0 80 0 
0 1 60 0 0 165 151 222 154 180 0 0 57 0 0 0 0 77 0 0 0 0 70 0 0 
89 26 12 6 31 115 80 84 90 99 158 113 117 120 111 70 0 6 0 22 49 11 18 5 32 
19 129 81 16 42 0 100 76 8 9 0 88 50 0 28 0 104 60 7 18 49 153 120 44 92 
148 191 94 97 108 72 59 45 20 19 39 49 16 0 0 36 52 11 0 0 35 43 14 0 0 
89 92 15 21 17 65 54 0 0 0 66 73 16 11 14 80 86 46 45 55 99 84 57 37 48 
36 76 43 71 27 0 61 11 41 15 0 50 10 45 15 0 43 13 31 9 38 104 63 95 76 
0 0 60 30 13 0 0 48 36 3 0 0 46 43 6 49 58 138 109 66 59 54 108 96 65 
29 38 26 22 30 0 0 0 0 0 71 59 57 62 55 0 0 0 0 0 120 107 99 113 110 
50 37 39 38 45 0 0 18 0 0 0 0 24 0 0 54 54 100 60 60 126 102 161 156 143 
40 42 108 47 43 7 10 63 5 4 49 44 116 47 36 0 0 53 0 0 0 0 50 6 0 
0 0 180 32 0 0 0 141 23 0 19 18 156 36 18 0 0 166 22 0 0 0 162 23 0 
42 68 0 0 0 62 86 36 27 25 61 103 17 14 9 77 110 36 37 41 37 62 0 0 0 
89 124 65 60 62 14 46 3 0 0 73 139 64 53 58 34 68 29 17 16 25 54 0 0 0 
0 117 108 163 0 0 127 117 164 0 0 107 121 167 3 0 118 117 155 0 0 126 117 160 0 
16 0 0 193 0 13 0 0 130 0 142 107 127 259 106 13 0 0 144 0 36 1 0 146 0 
144 158 51 92 127 171 250 106 108 209 150 186 77 97 136 103 113 19 33 99 229 307 129 169 205 
78 221 148 108 112 7 57 74 14 3 35 95 111 39 31 35 111 84 15 40 0 73 52 0 0 
1 18 13 0 59 7 21 15 0 118 0 14 7 4 55 57 79 62 48 158 29 34 28 28 95 
687 548 591 423 520 472 234 278 203 223 439 303 346 224 304 350 169 173 69 153 530 336 437 303 350 
96 79 0 2 0 206 212 86 91 96 115 125 0 0 0 119 124 24 25 18 98 84 0 0 0 
142 286 127 126 122 253 355 148 233 166 130 279 83 134 91 43 183 2 51 0 93 213 64 82 49 
0 0 0 0 56 0 0 0 0 60 0 0 0 0 75 0 0 0 0 65 149 180 153 176 202 
139 0 0 54 0 148 0 0 55 0 136 0 0 40 0 162 0 0 46 0 135 0 0 41 0 
188 147 182 276 132 31 1 95 134 0 84 40 132 197 67 50 8 107 109 27 43 0 88 101 0 
67 117 89 182 170 0 3 1 97 49 0 8 4 70 74 0 9 4 93 58 30 38 30 116 62 
129 142 59 39 18 194 204 147 120 128 137 105 64 27 26 269 224 196 136 136 170 167 132 35 73 
70 140 62 67 59 0 70 0 0 0 7 94 5 5 6 0 68 0 0 0 88 179 71 81 72 
0 0 0 18 0 0 0 0 20 0 0 0 0 18 0 0 0 0 23 0 181 190 216 220 220 
52 1 48 106 82 17 4 36 96 87 66 22 53 129 101 23 1 39 90 84 115 77 116 188 196 
0 84 68 0 85 0 91 78 0 91 0 103 60 0 79 0 78 82 0 77 0 115 79 0 86 
61 29 66 46 44 92 55 119 69 65 34 18 46 22 15 68 55 123 89 64 8 0 35 4 0 
88 0 0 0 55 66 0 0 0 53 96 0 0 0 61 67 0 0 0 52 184 98 90 108 160 
34 51 0 40 32 28 39 0 51 44 29 30 0 67 39 99 100 60 118 89 48 59 20 65 53 
69 87 93 75 62 10 36 39 12 9 0 14 44 0 0 58 69 83 51 45 20 29 55 17 10 
0 0 0 148 41 0 0 0 172 30 30 30 19 164 52 0 0 0 159 36 0 0 0 156 41 
0 0 0 190 14 211 200 172 432 231 0 0 0 206 16 161 164 175 367 154 1 0 0 193 11 
54 151 176 192 71 39 118 148 180 20 69 138 163 206 81 65 192 175 236 73 76 131 161 231 89 
0 0 0 1284 0 0 2 0 1280 0 0 0 0 1307 0 0 3 3 1357 4 0 0 0 1315 0 
193 0 0 0 0 190 13 18 17 20 168 0 0 0 0 191 0 0 0 0 160 0 0 0 0 
90 0 0 0 0 115 0 0 0 0 121 0 0 0 0 100 0 0 0 0 205 88 85 89 99 
100 43 39 61 50 42 0 0 7 0 111 41 39 32 36 89 29 47 61 64 115 86 63 96 95 
8 24 0 0 0 0 45 0 0 6 0 27 0 0 0 36 56 21 38 49 0 0 0 1 0 
82 96 163 114 86 0 0 63 0 0 0 0 65 0 0 0 0 67 0 0 218 193 253 244 239 
0 3 0 68 203 108 128 113 201 335 2 24 0 80 243 0 13 0 79 241 106 138 104 170 289 
12 11 83 3 248 10 5 57 11 187 123 117 187 119 297 144 149 222 170 345 1 5 63 0 198 
168 285 301 252 102 195 268 322 224 109 177 279 332 232 145 97 205 256 151 46 61 199 224 167 25 
112 0 0 10 0 98 0 0 0 0 114 0 0 0 0 120 0 0 0 0 149 18 29 24 31 
0 0 202 0 35 0 0 229 0 31 0 0 193 0 24 0 0 191 0 24 0 0 185 0 30 
45 54 35 30 39 0 41 0 0 18 45 55 40 34 53 7 26 0 0 28 0 60 0 0 7 
608 617 637 682 625 0 0 0 0 0 0 0 0 0 0 0 0 0 0 0 0 0 0 0 0 
63 47 0 0 0 79 66 15 14 13 128 81 33 33 27 84 60 0 0 0 93 88 22 23 26 
30 0 0 61 66 73 45 42 88 126 19 0 0 64 72 36 8 15 61 66 30 26 31 74 76 
0 0 52 63 0 81 52 106 101 60 0 0 45 37 0 62 57 108 92 51 42 34 84 88 33 
11 9 0 0 68 12 3 0 0 56 61 59 44 41 118 21 22 14 11 68 87 108 91 91 124 
55 0 0 0 0 62 0 0 0 0 64 0 0 0 0 203 135 145 147 141 52 0 0 0 0 
83 147 113 129 139 104 277 136 176 200 15 111 47 64 49 133 203 131 180 148 136 242 184 197 183 
0 0 0 0 0 31 35 30 19 22 0 0 0 0 0 59 66 68 65 90 98 94 96 95 126 
147 13 93 10 22 223 22 79 27 35 286 95 165 97 97 320 169 252 165 161 223 53 95 43 50 
