719 666 502 599 658 1009 1032 874 931 1014 612 638 480 610 700 891 885 828 902 954 515 485 364 380 480 
231 210 253 229 206 0 1 0 0 0 140 116 152 133 147 0 0 0 0 0 0 0 0 0 0 
101 53 35 155 218 74 0 0 149 126 148 60 31 245 249 58 0 0 98 133 48 0 0 116 135 
150 0 124 152 175 222 39 181 215 198 317 125 275 314 335 246 46 164 190 215 170 0 128 191 174 
109 25 67 100 18 118 5 67 77 0 103 19 66 76 13 108 4 35 90 0 229 152 203 237 137 
111 10 23 0 97 108 4 19 0 119 221 111 108 87 207 180 71 111 77 171 274 128 137 121 277 
0 0 0 1 0 0 0 0 0 0 1032 1033 988 1011 1057 0 0 0 0 0 0 0 0 0 0 
0 0 0 258 0 1 0 3 241 1 113 106 100 367 116 112 110 93 388 119 0 0 0 248 0 
15 8 13 175 5 0 0 0 184 0 38 45 37 178 32 0 0 0 162 0 3 6 3 181 3 
0 0 0 0 0 0 0 0 0 1 0 0 0 0 0 73 82 86 89 114 224 214 225 266 220 
70 85 63 54 159 0 9 0 0 88 0 4 0 0 99 0 2 0 0 107 86 77 81 62 168 
144 152 158 157 161 0 0 0 0 0 0 0 0 0 0 0 0 0 0 0 87 88 72 72 84 
0 0 0 0 0 0 0 0 0 0 0 0 0 0 0 434 421 417 402 414 174 163 160 166 185 
0 218 0 0 91 0 195 0 0 107 136 357 160 143 237 0 200 0 0 107 0 225 0 0 84 
834 0 0 0 0 822 0 0 0 0 815 0 0 0 0 855 0 0 0 0 860 0 0 0 0 
27 3 216 167 196 79 40 281 203 251 139 121 312 273 297 198 211 405 376 363 145 89 284 239 335 
79 131 74 143 72 69 88 65 115 67 0 45 0 47 0 48 94 51 90 39 0 40 2 40 0 
28 7 13 6 19 135 94 110 93 120 29 0 0 0 15 27 0 0 0 23 127 113 93 111 149 
0 0 168 0 0 1 0 162 0 0 0 0 166 0 0 189 158 300 154 160 0 0 162 0 0 
0 91 55 62 0 0 105 56 61 0 47 135 120 139 47 0 105 78 68 2 0 96 84 58 0 
3 2 1 3 155 138 127 125 156 244 136 131 117 118 201 6 13 2 7 117 87 85 97 95 205 
0 0 0 0 0 0 0 0 0 0 0 0 0 0 0 1049 1089 1111 1073 1015 0 0 0 0 0 
0 18 51 142 0 0 17 53 123 0 0 19 48 145 0 0 18 52 145 0 0 15 58 149 0 
91 134 93 159 162 12 47 21 78 76 15 53 23 86 90 0 51 0 53 70 0 40 1 65 73 
144 157 150 100 7 148 163 216 113 6 329 320 397 319 224 134 142 171 79 5 342 292 376 275 182 
71 17 17 100 8 71 0 0 117 0 214 149 136 225 120 76 0 0 99 0 103 41 38 170 40 
121 86 45 46 35 154 94 51 56 35 63 53 19 0 0 86 75 19 12 14 83 52 9 0 0 
0 0 174 76 0 0 0 203 74 0 0 0 248 59 0 0 0 220 63 0 0 0 170 63 0 
117 165 161 122 114 0 52 64 0 0 0 50 59 0 0 44 73 98 34 46 0 44 92 0 0 
76 55 78 81 70 110 139 121 135 112 26 46 46 38 40 0 0 0 0 0 0 0 0 0 0 
0 0 0 165 0 0 0 0 174 0 230 234 220 409 243 0 0 0 171 0 0 0 0 156 0 
0 0 0 0 0 153 149 177 151 142 0 0 0 0 0 0 0 0 0 0 72 57 67 64 78 
114 0 7 79 50 146 42 59 147 124 244 82 93 178 168 96 0 0 78 46 202 79 97 181 141 
0 75 0 0 0 0 72 0 0 0 0 57 0 0 0 101 138 74 110 71 47 114 39 41 41 
0 0 102 0 0 89 88 180 111 106 0 0 96 0 0 8 9 100 4 8 14 16 88 9 16 
301 242 218 305 136 123 94 83 132 0 98 100 70 108 0 304 276 191 306 144 154 115 91 180 3 
0 224 0 198 0 0 180 0 191 0 4 203 5 194 7 0 187 0 192 0 0 196 0 202 0 
0 39 0 130 0 0 52 0 129 0 0 52 0 143 0 65 151 71 225 76 0 59 0 128 0 
0 0 0 0 73 89 80 79 61 134 90 73 74 78 126 0 0 0 0 78 0 0 0 0 78 
82 265 311 51 204 25 196 247 5 126 63 253 301 43 179 93 276 291 91 195 194 320 366 162 242 
1 50 38 0 94 22 67 48 12 97 31 89 95 42 93 0 64 26 0 74 0 67 29 0 76 
125 95 107 125 123 14 0 0 39 0 16 0 0 38 0 18 0 0 43 0 88 67 61 113 82 
79 0 73 0 0 73 0 81 0 0 128 56 118 56 57 118 21 92 15 12 76 0 80 0 0 
0 18 81 0 96 0 11 69 0 107 0 15 74 0 106 0 14 91 0 133 0 13 69 0 102 
20 57 150 74 19 69 78 163 102 62 0 44 121 35 0 51 80 160 106 51 0 29 108 59 0 
1 71 0 0 0 0 76 0 0 0 137 262 132 142 135 0 102 0 0 0 14 87 22 26 30 
0 0 0 101 0 82 96 79 174 118 0 0 0 111 0 0 0 0 100 0 107 93 100 218 103 
49 0 92 48 0 57 0 109 53 0 59 0 93 50 0 46 0 102 54 0 44 0 98 46 0 
77 46 0 29 0 103 73 16 47 24 92 86 0 25 0 110 53 0 41 0 87 58 0 32 0 
0 0 0 0 36 264 253 257 265 280 0 0 0 0 47 0 0 0 0 50 0 0 0 0 48 
102 52 62 134 86 64 43 56 114 82 26 0 0 55 14 37 0 0 55 13 45 12 8 68 28 
30 57 8 5 10 17 56 0 0 0 23 77 0 0 0 134 172 131 123 122 31 79 0 0 0 
0 0 0 21 0 186 170 197 198 164 0 0 0 23 0 0 0 0 21 0 0 0 0 19 0 
71 79 134 138 89 0 0 52 63 0 0 0 75 61 0 0 0 67 52 0 0 0 58 62 0 
63 54 59 47 68 41 0 0 0 11 76 61 47 45 71 30 0 0 0 22 92 47 44 49 59 
0 0 25 0 69 9 5 36 12 90 0 0 34 0 70 9 7 43 8 95 81 75 114 64 153 
55 105 137 64 70 28 79 95 26 26 0 32 70 0 0 0 37 71 0 0 0 39 66 0 0 
0 0 122 0 0 0 0 99 0 0 84 126 228 127 115 0 0 96 0 0 0 0 114 0 0 
99 113 34 61 137 34 45 0 0 86 41 59 0 0 66 42 46 0 0 75 64 50 0 0 79 
0 49 0 23 36 59 114 57 74 92 0 59 0 27 36 0 55 0 39 38 23 65 21 51 62 
9 7 99 5 12 0 0 87 0 0 0 0 83 0 0 36 39 120 27 29 75 78 149 59 85 
0 0 0 51 75 88 81 63 117 163 0 0 0 49 72 0 0 0 36 84 0 0 0 47 73 
109 188 88 80 91 24 122 0 0 0 35 123 8 7 11 25 76 0 0 0 24 92 2 0 1 
70 36 100 47 101 19 0 39 3 57 20 0 44 0 76 20 0 57 10 61 7 0 32 0 57 
40 0 8 0 3 64 0 5 0 0 98 50 53 50 76 77 13 1 16 0 147 98 81 118 96 
35 33 115 46 50 14 0 80 0 0 0 0 73 0 0 2 0 70 0 0 47 28 109 27 29 
0 62 62 0 0 0 62 37 0 0 20 104 75 21 21 32 109 63 40 42 0 62 48 0 0 
18 0 88 0 37 61 42 121 39 76 22 0 78 0 22 27 1 92 0 22 29 0 97 0 19 
0 2138 0 0 0 0 2216 0 0 0 0 2081 0 0 0 0 2156 0 0 0 0 2099 0 0 0 
19 95 96 14 13 77 155 154 69 54 6 96 89 5 0 21 145 110 66 29 7 78 75 0 0 
71 116 99 0 0 61 148 144 0 0 86 152 135 0 0 87 165 153 0 0 80 152 152 0 0 
0 89 0 93 0 89 135 65 161 86 66 126 38 133 45 0 70 0 98 0 0 99 0 80 0 
0 0 0 0 0 1282 1230 1241 1205 1269 0 0 0 0 0 0 0 0 0 0 0 0 0 0 0 
0 0 87 143 0 0 0 83 124 0 0 0 91 145 0 0 0 95 146 0 0 0 81 149 0 
206 63 73 136 72 201 59 65 137 100 143 0 0 51 0 123 0 0 58 0 139 0 0 77 0 
0 127 0 0 81 0 155 0 0 79 0 156 0 0 86 0 130 0 0 70 0 142 0 0 96 
204 295 201 272 118 99 215 51 121 1 353 448 292 383 137 205 296 183 250 59 212 375 295 329 153 
107 81 291 292 90 3 0 207 201 9 109 108 288 316 97 0 0 170 191 5 15 10 227 207 27 
153 135 120 163 282 10 21 0 10 185 10 12 4 13 180 246 228 178 198 389 256 286 251 247 409 
0 66 0 0 0 0 55 0 0 0 0 72 0 0 0 7 67 6 8 3 180 218 180 150 176 
62 35 49 13 53 47 17 30 0 58 58 17 36 0 43 81 17 31 0 54 163 121 122 94 187 
202 67 0 100 0 205 60 0 106 0 206 46 0 106 0 191 60 0 109 0 198 52 0 116 0 
0 0 1424 0 0 0 0 1445 0 0 0 0 1341 0 0 0 0 1449 0 0 0 0 1419 0 0 
77 0 6 47 23 112 68 59 93 81 119 74 78 97 82 77 20 23 71 34 62 0 0 29 13 
108 120 135 83 189 0 0 7 0 48 57 73 79 59 107 0 0 20 0 55 0 0 13 0 61 
48 85 0 137 0 132 196 93 227 82 131 136 93 238 111 51 97 0 135 0 31 72 0 119 0 
98 102 94 122 148 83 97 68 68 96 0 26 0 0 56 0 19 0 0 35 62 72 58 56 98 
0 65 0 0 0 27 115 30 32 26 30 129 32 28 30 25 110 22 24 29 40 111 38 32 45 
33 11 41 34 0 103 70 112 112 63 43 20 47 37 0 47 8 44 35 0 41 17 37 39 0 
150 0 0 0 0 125 0 0 0 0 207 80 102 104 103 116 0 0 0 0 127 0 0 0 0 
0 0 0 0 825 0 0 0 0 781 0 0 0 0 832 0 0 0 0 828 0 0 0 0 769 
136 99 0 149 60 131 99 3 168 66 170 151 50 184 107 127 106 4 154 97 138 145 0 191 77 
132 0 0 0 0 262 96 88 83 75 159 0 0 0 0 154 0 0 0 0 149 0 0 0 0 
0 0 0 0 0 76 59 71 65 73 0 0 0 0 0 150 123 144 148 145 0 0 0 0 0 
0 22 0 143 0 33 55 46 186 32 0 19 0 132 0 0 16 0 136 0 0 20 0 160 0 
163 46 117 118 148 100 0 86 28 48 92 0 102 71 56 209 121 195 109 180 59 0 46 18 38 
52 56 59 143 121 33 25 33 94 89 0 0 0 86 66 0 0 0 51 55 7 11 11 81 66 
0 10 76 0 0 90 118 196 103 102 0 11 81 1 0 58 103 185 63 77 0 9 71 0 0 
200 7 189 0 0 197 1 172 0 0 200 9 183 4 1 174 2 184 0 0 210 20 177 10 10 
376 114 390 175 250 394 188 441 209 247 373 153 411 226 231 225 5 206 74 142 201 56 254 63 100 
67 167 77 92 73 0 87 0 27 0 22 136 30 37 29 0 113 0 20 0 0 74 0 25 0 
0 0 33 0 58 35 46 78 44 113 55 74 89 53 121 0 0 33 0 61 0 0 49 0 58 
0 0 19 0 206 0 0 17 0 192 0 0 32 0 184 0 0 29 0 189 0 0 24 0 198 
0 0 0 59 1 0 0 0 65 0 59 68 49 157 47 0 0 0 68 0 101 88 94 172 101 
103 0 0 110 0 128 0 0 124 0 123 0 0 108 0 113 0 0 135 0 112 0 0 131 0 
0 31 69 73 0 100 162 170 183 114 150 201 208 226 121 6 56 93 106 18 64 100 105 126 29 
113 139 133 118 233 0 0 0 0 85 0 0 0 0 79 22 28 29 25 123 0 0 0 0 91 
116 214 122 117 120 0 112 0 0 0 69 182 77 83 73 0 107 1 0 9 91 196 73 66 86 
136 127 76 78 79 78 47 0 0 0 86 47 4 4 9 64 46 0 0 0 71 56 0 0 0 
0 133 0 0 0 35 171 58 57 70 0 135 0 0 0 68 209 84 96 68 0 128 0 0 0 
0 0 0 0 0 0 0 0 0 0 0 0 0 0 0 0 0 0 0 0 416 387 420 403 374 
0 0 37 0 0 73 79 92 75 86 0 0 31 0 0 77 75 85 59 79 19 25 59 22 26 
6 13 19 22 66 0 0 0 0 50 103 103 93 94 150 0 0 0 0 44 87 133 101 100 147 
0 0 0 132 0 0 0 0 115 0 0 0 0 142 0 0 0 0 149 0 76 72 77 202 80 
0 63 0 34 74 3 55 0 39 82 0 52 0 36 94 0 55 0 33 84 19 79 28 59 127 
0 112 0 0 0 0 108 0 0 0 0 106 0 0 0 0 96 0 0 0 97 185 99 105 92 
0 29 0 16 0 96 126 98 68 104 90 82 89 84 98 0 25 0 13 0 129 174 146 171 131 
0 0 117 55 0 43 45 155 106 50 0 0 102 39 0 0 0 89 38 0 0 0 126 35 0 
59 0 0 0 0 126 62 61 76 70 99 20 18 20 15 133 47 46 52 41 58 0 0 0 0 
83 34 33 111 37 39 0 0 91 0 48 0 0 85 0 83 35 30 120 32 55 0 0 83 0 
0 0 25 23 0 0 0 0 21 0 101 99 80 124 97 0 0 0 27 0 0 0 33 20 0 
3 6 51 107 8 0 0 51 74 0 49 30 102 124 47 28 39 74 118 37 0 0 46 79 0 
44 4 38 35 5 34 4 32 35 17 101 63 99 92 66 56 16 39 43 16 45 0 39 36 0 
51 0 57 0 60 41 0 58 0 55 28 0 73 0 77 98 56 110 67 116 31 0 56 0 59 
97 26 206 87 43 85 8 180 105 35 74 0 164 35 17 198 97 279 144 142 113 35 227 86 67 
13 107 168 41 139 136 199 297 127 265 36 127 200 57 182 1 43 168 2 121 92 157 241 107 236 
20 21 22 58 49 40 38 35 78 74 0 0 0 31 29 0 0 0 24 17 75 91 91 125 99 
18 31 0 84 1 29 47 0 103 0 76 72 39 128 53 25 37 0 103 0 40 33 0 80 0 
0 0 58 0 0 165 152 224 153 179 1 0 63 0 0 0 0 71 0 0 0 0 74 0 0 
84 13 12 8 33 124 78 95 84 90 128 98 122 109 122 60 0 5 0 15 44 12 22 9 29 
20 119 81 19 38 0 95 66 7 9 0 89 53 0 24 0 112 58 6 12 49 155 112 44 86 
145 189 94 105 104 78 64 47 18 21 40 51 16 0 0 40 47 14 0 0 33 47 14 0 0 
96 90 16 18 16 69 54 1 0 0 63 79 20 8 14 89 94 50 45 59 104 85 69 31 51 
38 75 43 70 27 0 62 11 42 16 0 50 9 45 19 0 42 13 28 12 38 104 64 97 78 
0 0 64 33 12 0 0 49 35 3 0 0 46 42 7 46 58 138 106 65 58 55 107 98 70 
29 38 26 22 31 0 0 0 0 0 71 59 57 62 55 0 0 0 0 0 120 107 99 114 109 
48 34 39 38 42 0 0 18 0 0 0 0 23 0 0 55 50 103 54 63 129 106 151 142 133 
36 41 100 45 46 7 10 62 8 17 55 43 119 39 34 0 0 51 0 0 0 0 52 11 0 
0 0 180 32 0 0 0 141 23 0 19 20 156 37 18 0 0 166 23 0 0 0 162 23 0 
43 69 0 0 0 66 94 38 32 29 68 107 17 12 8 78 121 36 36 41 37 66 0 0 0 
89 129 69 59 63 13 43 3 0 0 76 131 63 54 60 35 70 30 16 15 24 59 0 0 0 
0 118 112 164 0 0 128 122 171 1 0 111 123 173 2 0 121 118 162 0 0 129 122 169 2 
16 0 0 198 0 12 0 0 131 0 142 105 121 259 106 23 0 0 146 0 31 1 0 144 1 
137 178 59 80 125 179 246 98 112 193 143 168 84 99 161 91 119 14 34 98 252 301 134 158 225 
54 168 117 84 91 7 38 62 17 4 33 72 94 31 27 21 80 62 13 28 0 60 45 0 0 
4 26 15 4 72 14 24 20 0 112 3 17 16 6 64 63 88 84 57 171 30 43 43 29 101 
632 505 573 414 510 433 255 299 191 231 436 305 329 181 298 351 155 173 82 160 522 329 413 354 352 
107 79 0 3 0 218 181 93 98 84 108 125 0 0 0 119 106 26 17 19 90 71 0 0 0 
131 302 112 129 124 215 354 121 242 161 119 266 77 154 79 34 182 0 43 0 102 220 63 107 53 
0 0 0 0 56 0 0 0 0 61 0 0 0 0 77 0 0 0 0 61 143 164 158 165 197 
150 0 0 54 0 156 0 0 55 0 141 0 0 40 0 168 0 0 46 0 149 0 0 41 0 
170 149 184 264 134 32 2 88 137 5 81 51 120 195 66 43 10 99 106 30 52 0 87 94 2 
72 124 101 203 200 0 6 3 96 55 0 7 10 72 75 0 9 15 118 68 33 47 40 136 73 
122 139 85 67 31 202 198 163 129 139 114 103 73 54 15 266 226 196 169 145 155 153 118 61 88 
71 148 62 60 58 0 66 0 0 0 6 96 3 4 5 0 72 0 0 0 88 182 68 78 70 
0 0 0 17 0 0 0 0 22 0 0 0 0 18 0 0 0 0 18 0 210 208 252 248 247 
71 4 61 111 103 30 4 37 116 95 76 25 51 150 113 33 0 33 93 92 130 86 136 216 225 
0 90 73 0 103 0 94 80 0 90 0 113 63 0 85 0 90 85 0 108 0 124 84 0 93 
52 25 63 43 40 81 61 101 60 63 31 19 36 19 15 64 51 119 77 59 8 0 34 0 0 
92 0 0 0 53 68 0 0 0 49 94 0 0 0 62 70 0 0 0 51 179 95 77 99 155 
49 51 0 52 35 31 50 0 58 44 33 32 0 80 40 125 116 73 133 100 58 70 20 67 52 
69 86 95 75 61 10 36 39 13 9 0 14 44 0 0 58 68 83 49 45 21 29 55 18 13 
0 0 0 148 38 0 0 0 170 29 28 29 16 166 52 0 0 0 156 38 0 0 0 147 39 
0 0 0 176 9 215 191 168 448 225 0 0 0 200 16 147 156 169 341 132 0 0 0 176 10 
65 173 201 205 69 37 128 170 184 21 59 159 190 217 69 74 201 198 255 92 123 149 200 254 83 
0 0 0 1291 0 0 3 0 1304 0 0 0 0 1308 0 0 0 0 1362 1 0 0 0 1306 0 
195 0 0 0 0 197 13 18 17 20 178 0 0 0 0 196 0 0 0 0 166 0 0 0 0 
91 0 0 0 0 117 0 0 0 0 122 0 0 0 0 102 0 0 0 0 206 88 85 89 99 
163 81 53 88 86 50 0 0 11 10 129 51 59 47 47 100 55 82 98 82 158 147 108 137 111 
14 31 0 0 0 0 45 1 0 5 0 21 0 0 0 36 48 23 37 28 0 0 0 0 0 
72 91 158 123 90 0 0 48 0 0 0 0 80 0 0 0 0 65 0 0 199 182 240 203 191 
2 12 1 80 207 115 124 119 209 339 0 34 2 87 240 0 11 0 90 242 119 138 111 176 298 
8 29 86 11 270 4 7 56 13 198 124 129 196 137 320 148 156 229 182 372 2 9 73 2 216 
161 265 289 212 82 167 231 298 200 95 151 245 285 194 155 72 175 213 114 30 53 194 224 146 31 
106 0 0 4 0 95 0 0 3 0 114 0 0 0 0 114 0 0 0 0 139 19 25 30 32 
0 0 193 0 35 0 0 228 0 31 0 0 189 0 24 0 0 191 0 26 0 0 174 0 29 
40 66 29 18 49 0 48 0 1 28 51 80 45 40 59 6 40 0 0 26 0 58 0 0 28 
610 625 641 680 626 0 0 0 0 0 0 0 0 0 0 0 0 0 0 0 0 0 0 0 0 
76 51 0 0 0 90 82 18 14 13 146 90 41 37 30 99 75 0 0 0 102 101 30 26 34 
30 0 0 58 74 75 49 45 97 126 19 0 0 60 68 41 8 19 53 62 29 30 31 75 79 
0 0 54 54 0 77 59 111 102 64 0 0 40 36 0 58 54 108 83 51 43 33 93 79 32 
13 8 0 0 70 14 2 0 0 64 61 59 47 42 122 22 23 15 10 70 89 105 95 89 130 
55 0 0 0 0 62 0 0 0 0 64 0 0 0 0 202 132 145 146 141 52 0 0 0 0 
101 174 96 145 132 106 279 156 176 211 16 123 43 39 50 145 213 135 167 153 118 245 180 172 181 
0 0 0 0 0 30 35 29 19 22 0 0 0 0 0 59 68 69 65 92 102 94 97 97 128 
144 9 79 9 26 206 14 74 27 31 261 95 146 100 100 283 164 261 163 155 223 52 97 31 45 
0 0 0 0 0 0 0 0 0 0 0 0 0 0 4 0 0 0 0 0 0 0 0 0 17 
