1054 1052 930 873 970 1250 1350 1225 1144 1238 744 822 690 745 897 1069 1054 1073 1014 1103 725 645 659 618 734 
174 162 185 190 182 0 0 0 0 0 135 94 125 132 121 0 0 0 0 0 0 0 0 0 0 
104 36 38 157 186 70 0 0 144 117 175 70 76 238 245 54 0 0 83 129 71 0 0 125 112 
212 2 64 22 38 175 0 17 3 0 414 107 149 109 127 394 183 265 198 196 281 41 118 40 55 
0 0 1 181 13 195 149 173 389 204 0 2 0 199 18 157 129 144 331 138 0 0 0 161 9 
159 62 114 143 35 155 19 83 126 6 151 39 80 143 36 143 9 64 140 0 354 222 261 369 199 
96 4 9 0 93 88 3 17 0 102 185 91 98 77 179 172 73 109 74 146 225 121 115 104 234 
0 0 0 0 0 0 0 0 0 1 1037 1053 997 1025 1073 0 0 0 0 0 0 0 0 0 0 
0 0 0 232 0 0 0 2 245 0 99 101 95 351 121 101 93 92 359 129 0 0 0 228 0 
14 11 15 195 5 0 0 0 196 0 41 46 35 195 33 0 0 0 186 0 4 6 3 214 4 
45 129 178 226 46 11 101 179 215 22 90 179 235 289 58 29 189 185 256 67 84 139 183 270 36 
0 0 0 0 0 0 0 0 0 0 0 0 0 0 0 74 75 71 75 103 212 169 195 216 185 
70 89 58 54 165 0 8 0 0 101 0 0 0 0 104 0 4 0 0 105 81 80 81 70 156 
157 146 157 174 168 0 0 0 0 0 0 0 0 0 0 0 0 0 0 0 94 92 66 66 87 
0 0 0 0 0 0 0 0 0 0 0 0 0 0 0 414 415 403 392 395 154 161 151 163 179 
0 212 0 0 87 0 180 0 0 101 126 363 157 147 217 0 192 0 0 101 0 227 0 0 83 
796 0 0 0 0 790 0 0 0 0 791 0 0 0 0 816 0 0 0 0 829 0 0 0 0 
33 17 199 167 197 64 22 206 163 230 131 108 310 260 255 180 182 413 336 343 162 109 295 240 323 
98 150 93 175 89 82 91 79 138 83 0 50 0 52 0 55 107 60 98 56 0 46 0 50 0 
42 8 24 6 24 143 108 129 101 120 29 0 2 0 16 28 0 0 0 20 135 120 118 124 150 
0 0 143 0 0 0 0 133 0 0 0 0 152 0 0 158 136 273 121 136 0 0 158 0 0 
0 65 45 49 0 0 87 46 49 0 37 105 96 99 36 0 74 51 49 0 0 72 57 45 0 
0 1 0 4 159 179 147 164 181 316 185 163 162 171 291 2 1 0 0 158 92 93 116 100 243 
0 0 0 0 0 0 0 0 0 0 0 0 0 0 0 1006 1062 1067 1038 961 0 0 0 0 0 
0 25 70 153 0 0 17 65 131 0 0 22 50 158 0 0 19 64 160 0 0 16 70 161 0 
64 51 0 0 0 81 68 15 15 14 132 89 36 35 27 86 64 0 0 0 98 93 22 23 32 
71 103 67 139 130 6 47 17 59 70 12 39 22 67 77 0 34 0 44 63 0 37 0 53 67 
85 113 114 76 8 73 130 164 67 0 275 287 318 264 183 96 139 137 66 0 233 210 271 167 106 
92 11 20 107 19 88 0 0 127 0 240 167 165 238 139 89 4 0 116 0 125 44 49 196 43 
99 74 37 39 28 118 83 41 50 27 47 43 13 0 0 73 63 16 11 12 70 44 9 0 0 
0 0 154 66 0 0 0 165 55 0 0 0 200 54 0 0 0 184 50 0 0 0 162 51 0 
169 215 246 167 134 0 74 93 0 0 0 57 104 0 0 77 115 155 67 53 0 60 120 0 0 
64 52 68 69 58 96 115 102 110 99 21 39 42 35 37 0 0 0 0 0 0 0 0 0 0 
0 0 0 164 0 0 0 0 174 0 211 207 198 381 214 0 0 0 169 0 0 0 0 155 0 
0 0 0 0 0 150 142 177 141 143 0 0 0 0 1 0 0 0 0 0 73 60 65 66 84 
95 3 0 48 32 120 32 50 87 81 185 62 86 127 125 71 0 0 60 32 163 53 76 119 102 
0 79 0 0 0 0 79 0 0 0 0 63 0 0 0 115 158 88 129 85 53 134 47 50 48 
0 0 108 0 0 95 91 205 116 117 0 0 98 0 0 7 9 109 4 8 14 16 94 9 16 
230 204 182 252 97 118 97 73 100 0 82 84 56 96 0 256 231 155 260 106 138 131 100 137 4 
0 0 0 0 0 40 44 32 21 23 0 0 0 0 0 70 80 84 80 106 121 111 117 108 150 
0 223 0 201 0 0 179 0 194 0 7 203 7 198 5 0 185 0 194 0 0 197 0 204 0 
0 39 0 114 0 0 51 0 126 0 0 44 0 128 0 61 127 67 207 69 0 56 0 122 0 
0 0 0 0 71 77 68 71 58 126 81 69 69 82 124 0 0 0 0 71 0 0 0 0 75 
70 289 332 53 228 27 207 242 8 163 80 285 338 56 227 110 320 256 113 233 187 390 399 158 324 
0 47 33 0 82 19 60 48 13 89 30 83 88 38 80 0 62 26 0 64 0 61 27 0 71 
116 102 114 125 129 14 0 0 35 0 15 0 0 40 0 16 0 0 47 0 92 68 63 119 89 
32 0 0 61 63 78 43 44 91 123 15 0 0 59 63 37 9 16 55 56 30 24 34 72 74 
84 0 84 0 0 76 0 87 0 0 154 67 131 62 63 141 19 94 17 11 82 0 86 0 0 
0 17 81 0 96 0 11 69 0 106 0 15 74 0 105 0 14 91 0 133 0 12 69 0 101 
17 46 140 74 16 54 64 158 86 41 0 40 123 38 0 35 70 148 95 34 0 24 111 57 0 
0 58 0 0 0 0 66 0 0 0 104 206 97 124 111 0 82 0 0 0 14 75 17 22 24 
0 0 0 71 0 61 64 51 123 81 0 0 0 70 0 0 0 0 80 0 71 63 57 147 61 
49 0 92 48 0 57 0 109 52 0 59 0 93 48 0 46 0 101 51 0 44 0 98 45 0 
77 46 0 30 0 105 74 16 47 23 92 86 0 27 0 110 52 0 41 0 87 57 0 33 0 
0 0 0 0 23 177 158 177 182 192 0 0 0 0 30 0 0 0 0 29 0 0 0 0 32 
89 47 56 109 77 57 36 49 95 68 24 0 0 52 10 27 0 0 48 11 36 12 8 56 27 
29 57 8 7 12 17 49 0 0 0 21 77 0 0 0 135 176 138 123 122 27 78 0 0 0 
0 0 0 22 0 192 177 202 202 165 0 0 0 24 0 0 0 0 22 0 0 0 0 18 0 
78 98 146 153 100 0 0 55 73 0 0 0 78 64 0 0 0 71 57 0 0 0 61 69 0 
63 57 59 48 68 41 0 0 0 11 76 62 48 48 72 29 0 0 0 22 92 49 45 49 60 
0 0 25 0 69 9 6 35 12 89 0 0 33 0 70 10 7 41 8 95 80 75 110 64 153 
600 606 619 653 595 0 0 0 0 0 0 0 0 0 0 0 0 0 0 0 0 0 0 0 0 
69 126 160 77 85 39 91 106 28 38 0 38 78 0 0 0 41 81 0 0 0 43 81 0 0 
0 0 110 0 0 0 0 91 0 0 76 114 207 112 101 0 0 85 0 0 0 0 104 0 0 
116 141 45 67 157 38 46 0 0 103 54 64 0 0 82 45 52 0 0 91 57 46 0 0 92 
0 47 0 1 5 35 84 38 46 37 0 55 0 13 8 0 52 0 27 3 13 38 10 24 0 
8 7 97 5 9 0 0 89 0 0 0 0 83 0 0 36 39 121 27 28 74 79 151 59 84 
0 0 0 51 75 88 81 63 117 163 0 0 0 49 73 0 0 0 36 84 0 0 0 47 73 
94 165 77 73 83 22 105 0 0 0 29 114 7 8 7 22 75 0 0 0 25 79 0 0 0 
66 34 90 45 101 16 0 37 5 66 16 0 39 0 81 16 0 47 0 62 13 0 38 9 71 
67 0 2 0 2 78 0 0 0 0 95 48 47 54 72 106 36 26 30 20 173 113 94 136 105 
66 34 116 48 43 32 0 74 0 0 29 0 76 0 0 26 0 65 0 0 83 45 120 48 40 
0 33 0 0 0 32 77 43 49 49 37 82 40 22 32 27 62 33 52 27 0 34 0 0 0 
77 63 82 39 52 26 21 25 0 0 56 64 54 27 44 46 27 31 0 13 35 28 24 0 7 
0 62 61 0 0 12 81 65 14 15 21 104 81 21 21 32 109 64 40 42 0 60 51 0 0 
58 102 57 52 49 38 110 36 41 33 18 84 21 21 31 28 64 28 30 31 0 66 0 0 1 
27 0 89 0 44 64 43 122 38 75 23 0 84 0 28 35 6 97 0 31 28 0 97 0 28 
0 2059 0 0 0 0 2124 0 0 0 0 1999 0 0 0 0 2081 0 0 0 0 1991 0 0 0 
33 90 98 15 10 78 164 151 71 61 6 100 103 4 0 29 173 132 70 50 8 98 67 2 0 
47 88 62 0 0 47 102 86 0 0 62 96 88 0 0 47 105 78 0 0 50 88 91 0 0 
0 115 0 137 0 111 188 91 259 115 107 201 88 262 93 0 109 0 163 0 1 124 0 133 0 
167 247 38 248 194 116 203 10 241 167 86 124 6 225 126 337 405 233 461 315 228 366 202 410 344 
0 0 0 0 0 1252 1223 1212 1165 1246 0 0 0 0 0 0 0 0 0 0 0 0 0 0 0 
0 0 80 125 0 0 0 75 106 0 0 0 81 127 0 0 0 81 125 0 0 0 72 128 0 
195 61 68 126 47 211 79 68 128 73 118 0 0 50 0 120 0 0 42 0 121 1 0 62 0 
0 140 0 0 83 0 159 0 0 83 0 160 0 0 96 0 147 0 0 74 0 153 0 0 103 
162 255 144 212 84 113 236 82 150 24 259 354 227 284 157 199 321 197 226 122 174 373 220 214 167 
47 44 186 163 75 8 0 123 94 13 71 75 177 192 76 7 0 79 93 14 28 19 133 107 46 
151 113 113 144 268 16 25 3 0 154 8 18 12 11 151 211 215 174 188 369 224 244 231 216 386 
0 65 0 0 0 0 51 0 0 0 0 63 0 0 0 8 70 4 7 3 172 200 170 153 159 
62 35 45 16 61 51 19 37 0 49 45 15 48 0 36 87 18 43 0 53 135 121 132 96 153 
203 76 0 101 0 198 67 0 103 0 206 59 0 105 0 191 66 1 107 0 200 67 0 119 0 
55 0 0 0 0 63 0 0 0 0 64 0 0 0 0 203 133 146 147 142 52 0 0 0 0 
64 177 190 91 33 74 170 173 108 24 88 177 182 79 71 53 130 159 65 7 36 167 182 74 11 
81 2 8 49 22 112 68 50 112 70 112 79 63 82 92 69 28 27 68 33 68 0 0 25 15 
122 122 137 90 194 0 0 7 0 49 61 75 74 57 111 0 0 16 0 55 0 0 14 0 59 
24 55 0 53 0 107 145 77 134 55 65 70 26 93 37 46 46 0 64 0 28 45 0 62 0 
67 80 62 70 112 73 69 56 56 92 0 24 0 0 42 0 19 0 0 27 48 60 47 44 80 
0 87 0 0 0 37 128 32 35 31 41 147 38 36 33 29 125 24 29 42 40 126 52 43 52 
30 10 36 34 0 102 71 110 110 63 40 20 47 36 0 47 7 44 33 0 39 19 35 39 0 
2 20 0 105 236 144 167 146 241 396 1 32 0 96 276 0 25 0 105 282 129 172 121 211 369 
14 28 93 16 243 3 0 49 7 176 123 119 184 120 284 157 164 235 174 352 4 4 60 4 191 
153 0 0 0 0 133 0 0 0 0 227 95 107 111 112 127 0 0 0 0 133 0 0 0 0 
0 0 0 0 849 0 0 0 0 805 0 0 0 0 852 0 0 0 0 859 0 0 0 0 793 
137 112 0 181 62 129 117 0 190 101 177 179 44 257 111 107 113 17 178 83 117 131 1 200 63 
119 0 0 0 0 229 86 78 77 65 140 0 0 0 0 130 0 0 0 0 126 0 0 0 0 
51 27 66 44 35 77 59 96 61 59 24 17 38 18 13 63 48 114 76 54 7 0 32 0 0 
0 23 0 150 0 34 57 46 192 33 0 19 0 139 0 0 16 0 138 0 0 20 0 163 0 
103 52 101 117 149 64 0 80 61 63 36 0 92 75 67 124 74 151 133 142 23 1 55 48 45 
43 48 55 128 106 28 22 31 81 74 0 0 0 77 55 0 0 0 48 50 7 10 9 75 53 
0 8 59 0 0 73 83 160 74 82 0 9 63 0 0 46 68 146 47 53 0 5 55 0 0 
111 0 110 0 0 101 0 84 0 0 92 0 100 3 1 69 0 100 0 0 108 11 88 10 10 
0 0 0 0 0 77 61 75 68 78 0 0 0 0 0 151 122 142 153 144 0 0 0 0 0 
305 98 316 135 213 346 165 426 213 254 364 137 397 207 263 210 17 220 67 149 222 54 304 45 141 
75 174 82 91 72 0 102 0 29 0 18 151 31 38 27 0 117 0 20 0 0 90 0 23 0 
0 0 33 0 56 35 46 78 44 113 54 74 89 53 121 0 0 33 0 61 0 0 49 0 58 
0 0 16 0 187 0 0 16 0 178 0 0 28 0 166 0 0 25 0 179 0 0 23 0 182 
0 0 0 50 0 0 0 0 59 0 54 59 45 140 45 0 0 0 59 0 85 78 82 158 86 
100 0 0 109 0 127 0 0 134 0 111 0 0 103 0 97 0 0 130 0 106 0 0 126 0 
7 65 65 52 0 104 203 154 151 126 192 247 232 206 131 10 87 75 85 3 75 150 102 106 53 
110 151 138 119 254 0 0 0 0 93 0 0 0 0 73 25 31 44 29 122 0 0 0 0 87 
118 213 128 119 123 0 109 0 0 0 72 183 80 81 73 1 108 2 0 5 82 194 82 75 94 
136 125 76 78 77 76 45 0 0 0 83 46 3 4 7 63 47 0 0 0 71 56 0 0 0 
0 132 0 0 0 42 196 66 58 78 0 154 0 0 0 74 228 86 88 78 0 152 0 0 0 
92 0 0 0 0 116 0 0 0 0 122 0 0 0 0 102 0 0 0 0 206 88 85 89 98 
0 0 0 0 0 0 0 0 0 0 0 0 0 0 0 0 0 0 0 0 421 392 424 405 375 
0 0 38 0 0 76 82 95 75 89 0 0 31 0 0 79 75 88 62 82 19 25 64 22 26 
6 14 15 17 52 0 0 0 0 36 78 79 71 68 99 0 0 0 0 33 68 98 78 76 105 
0 0 0 128 0 0 0 0 111 0 0 0 0 135 0 0 0 0 140 0 73 72 76 190 79 
0 46 0 31 63 0 44 0 38 61 0 42 0 35 78 0 39 0 32 63 19 59 24 54 104 
73 0 0 0 27 60 0 0 0 18 80 0 0 0 34 61 0 0 0 12 161 82 74 83 116 
0 112 0 0 0 0 108 0 0 0 0 106 0 0 0 0 96 0 0 0 97 185 99 105 92 
0 25 5 56 0 84 97 82 84 78 56 41 57 53 51 0 9 0 14 0 131 153 137 171 127 
0 0 117 55 0 43 45 155 106 50 0 0 102 39 0 0 0 89 38 0 0 0 126 35 0 
13 31 0 0 0 5 57 20 2 15 5 50 4 0 30 3 37 14 9 43 0 33 12 0 29 
59 0 0 0 0 125 62 61 75 69 98 17 17 18 15 130 47 46 49 41 55 0 0 0 0 
195 0 0 0 0 186 0 13 16 9 178 0 0 0 0 196 0 0 0 0 166 0 0 0 0 
83 35 33 107 37 39 0 0 86 0 48 0 0 81 0 83 35 30 117 32 55 0 0 79 0 
0 0 63 43 0 0 0 54 43 0 101 99 149 131 97 0 0 62 47 0 0 0 67 41 0 
55 10 31 65 69 28 0 3 25 62 50 1 4 27 42 42 0 0 29 46 81 39 45 78 84 
3 8 67 114 8 0 0 57 97 0 54 34 126 132 51 37 54 88 132 44 0 0 54 93 0 
52 5 49 51 14 39 6 46 50 24 127 79 129 120 96 68 18 50 50 21 40 0 44 43 0 
42 0 56 0 56 38 0 57 0 54 28 0 67 0 71 88 50 105 69 106 31 0 54 0 53 
104 32 166 95 70 76 8 148 70 35 60 0 96 23 12 157 78 217 116 92 134 41 190 78 76 
0 97 170 30 153 158 232 323 141 303 32 135 216 52 211 0 55 172 0 142 88 220 275 114 275 
26 23 24 67 53 43 45 38 87 81 0 0 0 37 30 0 0 0 25 17 85 103 102 144 110 
24 32 0 103 1 34 54 0 128 0 93 92 41 159 65 28 43 0 120 0 48 39 0 96 0 
0 0 50 0 0 155 140 204 135 162 0 0 58 0 0 0 0 69 0 0 0 0 63 0 0 
46 78 48 70 37 12 23 0 25 0 67 95 59 97 41 12 44 6 37 1 64 60 56 85 29 
11 7 0 0 63 10 0 0 0 49 53 53 41 36 107 19 19 14 11 63 79 97 79 75 109 
59 11 10 6 12 78 55 51 51 47 78 62 68 74 67 39 0 5 0 0 26 9 7 0 5 
14 92 62 14 27 0 78 59 0 4 0 66 39 0 16 0 73 46 4 11 43 117 92 38 75 
125 163 84 85 85 62 57 37 18 18 36 51 15 0 0 35 42 13 0 0 28 40 13 0 0 
0 69 55 0 67 0 71 61 0 72 0 78 53 0 55 0 66 63 0 68 0 84 67 0 66 
95 0 0 34 0 83 0 0 39 0 100 0 0 58 0 102 0 0 33 0 122 15 23 71 29 
66 78 15 22 22 49 44 3 0 1 51 65 17 9 15 64 70 37 39 47 78 75 48 30 45 
38 56 42 71 22 0 46 11 39 8 0 5 0 28 3 0 24 14 29 0 38 85 63 95 69 
0 0 56 27 11 0 0 45 35 3 0 0 44 40 6 43 53 122 94 61 52 50 99 92 62 
28 37 26 22 30 0 0 0 0 0 71 59 57 62 55 0 0 0 0 0 119 105 99 113 108 
44 34 36 36 42 0 0 20 0 0 0 0 18 0 0 53 45 85 55 51 135 98 137 149 124 
39 43 107 37 54 3 8 62 0 13 57 51 129 48 48 0 0 50 0 0 0 5 62 14 8 
0 0 180 32 0 0 0 140 23 0 19 20 156 37 18 0 0 166 23 0 0 0 162 23 0 
43 67 0 0 0 66 93 38 30 29 66 108 17 14 9 79 119 36 37 41 37 66 0 0 0 
92 0 95 94 112 173 70 192 199 193 191 95 211 229 248 167 50 129 149 191 117 6 104 154 142 
97 142 74 64 71 15 64 4 0 1 87 177 78 64 70 51 89 30 18 18 26 70 0 0 0 
0 119 112 172 0 0 128 121 163 0 0 118 124 170 0 0 122 118 156 0 0 131 122 172 0 
0 0 0 160 40 0 0 0 183 29 30 36 16 178 63 0 0 0 158 39 0 0 0 157 46 
20 0 0 144 0 10 0 0 110 0 98 76 107 228 97 13 0 0 112 0 22 1 1 120 0 
52 73 48 48 67 0 58 4 0 22 49 81 41 37 63 6 39 0 0 32 1 64 0 0 24 
109 132 27 52 94 176 208 86 77 194 127 137 63 74 109 64 74 0 10 58 230 227 101 144 167 
72 181 129 93 96 7 59 71 15 3 34 85 96 38 30 22 85 67 14 35 0 61 57 0 0 
0 22 4 0 76 0 23 16 0 116 0 10 6 5 58 50 82 61 52 153 20 33 22 31 91 
0 0 209 0 42 0 0 231 0 27 0 0 201 0 28 0 0 189 0 23 0 0 189 0 26 
710 514 626 421 533 499 201 306 193 187 494 323 333 182 284 383 145 170 47 107 541 309 395 307 312 
76 55 0 2 0 144 142 63 70 68 71 76 0 0 0 85 82 19 16 15 65 54 0 0 0 
146 289 127 137 138 264 397 170 250 201 125 273 84 131 78 36 190 0 32 0 82 206 70 85 48 
21 0 29 75 0 24 0 15 47 0 72 43 65 79 25 83 48 78 105 65 29 0 20 42 0 
0 0 0 0 55 0 0 0 0 69 0 0 0 0 78 0 0 0 1 76 157 198 173 199 231 
58 3 24 0 12 105 10 48 25 25 92 47 82 43 43 110 66 106 48 70 96 23 24 21 24 
57 41 115 118 35 0 0 80 112 0 57 48 150 140 51 0 0 99 105 0 0 0 84 77 0 
150 0 0 54 0 156 0 0 55 0 141 0 0 40 0 168 0 0 46 0 149 0 0 41 0 
193 121 170 242 127 38 1 98 121 3 76 47 146 189 61 47 3 109 99 27 41 0 93 90 0 
0 0 52 65 0 98 73 137 124 77 0 0 38 37 0 77 57 131 104 64 55 34 89 87 35 
77 131 101 200 173 0 11 7 103 58 0 13 4 75 69 0 11 10 86 72 43 48 29 111 66 
109 119 59 86 16 190 158 140 140 119 95 65 44 51 5 252 179 145 142 125 179 165 137 96 89 
109 17 89 0 0 123 15 107 0 0 132 8 93 0 0 121 11 95 0 0 131 15 109 0 0 
58 130 51 57 53 0 54 0 0 0 6 80 4 5 4 0 64 0 0 0 76 154 62 76 64 
0 0 0 16 0 0 0 0 21 0 0 0 0 19 0 0 0 0 19 0 192 206 231 233 221 
46 12 0 33 38 118 93 76 104 103 49 11 0 35 39 42 5 0 23 43 49 10 0 29 34 
67 81 124 97 85 0 0 48 0 0 0 0 69 0 0 0 0 39 0 0 152 172 208 165 178 
0 0 0 1211 0 0 0 0 1208 1 0 0 0 1206 0 2 4 5 1275 3 0 0 0 1215 0 
0 0 0 23 0 54 62 35 78 48 0 0 0 15 0 40 46 60 75 43 45 52 48 89 41 
0 0 1449 0 0 0 0 1484 0 0 0 0 1363 0 0 0 0 1482 0 0 0 0 1460 0 0 
67 9 59 111 107 27 4 31 99 88 73 26 51 135 109 33 0 32 92 91 123 82 104 205 206 
