932 903 780 712 803 1091 1159 1038 1048 1066 604 707 668 596 820 1041 1050 1027 1005 1142 624 562 494 458 634 
225 165 206 213 179 0 0 0 0 0 146 102 138 140 134 0 0 0 0 0 0 0 0 0 0 
92 39 24 142 174 73 0 0 111 112 142 48 31 200 209 44 0 1 75 130 58 0 0 112 97 
153 1 111 150 160 205 51 197 230 223 306 126 255 288 313 237 58 155 199 219 150 1 114 194 151 
160 51 109 152 39 132 18 53 101 0 112 23 72 100 17 131 3 37 122 0 279 191 251 302 171 
119 3 19 0 99 104 1 13 0 104 203 97 109 87 181 149 57 84 49 143 230 107 129 109 249 
0 0 0 0 0 0 0 0 0 0 1022 1031 984 1009 1044 0 0 0 0 0 0 0 0 0 0 
0 0 0 297 0 0 0 3 276 0 131 119 117 416 121 128 129 108 424 137 0 0 0 272 0 
11 8 16 182 6 0 0 0 198 0 42 47 42 184 33 0 0 0 165 0 4 6 1 187 3 
0 0 0 0 0 0 0 0 0 0 0 0 0 0 0 60 62 64 65 80 176 155 146 191 155 
92 113 69 67 188 0 22 0 0 114 0 5 0 0 108 0 9 0 0 114 86 95 92 77 186 
132 135 137 147 145 0 0 0 0 0 0 0 0 0 0 0 0 0 0 0 77 74 63 63 77 
0 0 0 0 0 0 0 0 0 0 0 0 0 0 0 441 443 431 415 430 198 182 189 197 215 
0 193 0 0 80 0 164 0 0 92 121 311 141 126 196 0 178 0 0 91 0 207 0 0 74 
824 0 0 0 0 813 0 0 0 0 804 0 0 0 0 838 0 0 0 0 845 0 0 0 0 
19 8 196 176 168 44 14 200 130 163 122 114 290 265 224 183 208 397 363 334 130 95 291 258 301 
56 91 58 107 51 43 57 44 82 49 0 31 0 36 0 30 72 36 64 30 0 31 0 32 0 
36 7 11 6 17 115 91 102 92 101 32 0 0 0 16 24 0 0 0 19 105 97 85 89 126 
0 0 147 0 0 0 0 130 0 0 0 0 148 0 0 151 117 254 116 135 0 0 144 0 0 
0 70 47 50 0 0 79 49 50 0 41 109 99 105 38 0 76 52 53 0 0 71 59 43 0 
0 5 2 1 155 177 145 154 188 303 165 138 128 136 262 7 6 0 1 128 92 98 111 115 229 
0 0 0 0 0 0 0 0 0 0 0 0 0 0 0 1040 1104 1111 1076 1021 0 0 0 0 0 
0 18 56 152 0 0 16 57 122 0 0 19 51 161 0 0 16 59 158 0 0 14 55 171 0 
79 51 0 0 0 97 72 16 15 14 147 94 35 35 31 103 73 0 0 0 102 95 24 23 32 
79 138 98 184 173 9 54 25 70 92 15 50 24 90 90 0 46 0 61 78 0 39 0 60 85 
135 131 171 108 6 135 144 243 113 11 340 324 389 358 217 137 136 173 94 0 322 262 366 298 149 
81 18 16 103 25 68 0 0 111 0 210 147 140 222 127 62 0 0 88 0 107 43 46 162 40 
116 98 46 51 37 169 117 58 58 31 74 56 17 0 0 103 81 19 13 19 85 56 9 0 0 
0 0 151 65 0 0 0 168 59 0 0 0 201 62 0 0 0 185 54 0 0 0 154 46 0 
117 161 172 124 105 0 53 74 0 0 0 54 66 0 0 44 66 99 33 38 0 37 97 0 0 
64 53 67 66 60 98 116 102 113 99 22 41 42 35 37 0 0 0 0 0 0 0 0 0 0 
0 0 0 165 0 0 0 0 174 0 229 234 220 409 242 0 0 0 171 0 0 0 0 154 0 
0 0 0 0 0 149 143 183 135 151 0 0 0 0 0 0 0 0 0 0 77 58 70 69 91 
100 0 3 66 38 127 31 48 114 97 221 74 83 149 141 76 0 0 72 41 167 59 71 140 102 
0 104 0 0 0 0 105 0 0 0 1 78 0 0 0 119 188 111 134 100 63 142 51 55 50 
0 0 111 0 0 103 104 206 126 117 0 0 109 0 0 7 10 110 5 8 16 14 89 11 17 
254 215 182 250 110 121 102 83 116 0 91 100 65 98 0 273 244 171 273 110 131 129 92 136 6 
0 0 0 0 0 31 41 34 20 23 0 0 0 0 0 64 72 78 70 97 108 112 117 106 146 
0 234 0 208 0 0 200 0 202 0 8 211 8 209 7 0 197 0 202 0 0 206 0 218 0 
0 45 0 123 0 0 54 0 161 0 0 51 0 145 0 79 162 74 220 85 0 62 0 145 0 
0 0 0 0 72 81 74 77 58 138 92 72 73 82 130 0 0 0 0 74 0 0 0 0 85 
110 316 355 75 261 21 225 283 6 174 89 283 365 69 238 117 333 346 116 275 231 372 413 169 334 
0 45 33 0 79 19 59 45 13 88 28 81 87 37 79 0 59 26 0 64 0 61 27 0 68 
114 102 111 125 126 15 0 0 37 0 14 0 0 40 0 17 0 0 45 0 89 71 66 114 84 
70 0 66 0 0 66 0 76 0 0 116 56 113 50 52 104 16 81 15 12 68 0 75 0 0 
0 18 80 0 96 0 12 69 0 107 0 16 73 0 105 0 14 91 0 133 0 12 69 0 101 
30 75 159 100 31 53 89 171 128 64 0 48 120 43 0 50 82 164 119 51 0 27 111 66 0 
0 69 0 0 0 0 72 0 0 0 131 247 125 147 132 0 93 0 0 0 16 84 17 25 24 
0 0 0 71 0 61 64 51 123 80 0 0 0 70 0 0 0 0 80 0 70 63 58 147 61 
51 0 101 48 0 60 0 115 57 0 62 0 99 52 0 46 0 106 60 0 48 0 99 46 0 
85 52 0 35 0 118 92 20 55 28 103 100 0 26 0 122 63 0 48 0 105 64 0 38 0 
0 0 0 0 28 207 202 196 210 217 0 0 0 0 38 0 1 0 0 37 0 0 0 0 39 
116 57 70 149 106 82 48 63 129 95 30 0 0 79 12 40 0 0 63 13 47 18 17 76 41 
32 69 11 6 11 21 55 0 1 0 21 85 0 0 0 147 203 144 140 128 31 93 0 0 0 
0 0 0 21 0 186 170 197 198 164 0 0 0 23 0 0 0 0 22 0 0 0 0 19 0 
70 79 133 139 89 0 0 52 63 0 0 0 75 60 0 0 0 67 53 0 0 0 60 62 0 
63 57 59 47 68 41 0 0 0 11 76 62 48 48 72 30 0 0 0 21 92 49 44 48 60 
0 0 25 0 69 7 4 34 10 88 0 0 34 0 69 10 7 41 4 95 80 74 114 63 152 
585 586 606 638 586 0 0 0 0 0 0 0 0 0 0 0 0 0 0 0 0 0 0 0 0 
59 129 146 77 83 28 84 107 29 33 0 35 79 0 0 0 44 85 0 0 0 44 73 0 0 
0 0 123 0 0 0 0 110 0 0 86 126 226 123 112 0 0 99 0 0 0 0 117 0 0 
95 121 41 60 139 37 42 0 0 88 42 57 0 0 68 42 45 0 0 72 56 45 0 0 83 
0 49 0 23 36 58 115 57 80 94 0 58 0 27 38 0 55 0 39 40 26 65 22 53 63 
9 7 99 5 12 0 0 87 0 0 0 0 83 0 0 36 39 120 27 29 75 78 150 59 85 
0 0 0 52 83 108 93 72 135 185 0 0 0 54 83 0 0 0 45 92 0 0 0 51 87 
118 192 99 83 100 24 121 0 0 0 34 133 8 6 10 25 86 0 0 0 23 92 0 2 0 
73 30 101 44 104 21 0 41 4 66 11 0 36 0 79 20 0 51 6 65 15 0 39 9 71 
44 7 24 0 1 51 0 23 0 0 57 42 78 40 60 97 53 70 32 40 160 112 142 140 121 
52 21 95 31 33 15 0 70 0 0 7 0 69 0 0 13 0 64 0 0 0 0 85 0 0 
0 0 48 28 11 0 1 1 0 0 0 2 0 10 0 0 0 0 0 0 8 0 0 0 0 
0 62 60 0 0 0 67 50 0 0 21 104 76 21 21 32 109 61 40 42 0 62 45 0 0 
23 0 83 0 40 57 43 117 39 73 24 0 76 0 21 23 0 86 0 27 27 0 91 0 21 
0 2129 0 0 0 0 2207 0 0 0 0 2083 0 0 0 0 2142 0 0 0 0 2072 0 0 0 
21 119 115 17 13 78 182 214 94 78 6 128 107 4 0 39 178 135 84 46 3 113 98 3 0 
79 125 98 0 0 60 143 128 0 0 86 138 132 0 0 91 137 125 0 0 70 135 129 0 0 
0 94 0 108 0 81 178 70 197 95 83 167 47 180 50 0 87 0 111 0 0 105 1 97 0 
0 0 0 0 0 1280 1248 1247 1200 1265 0 0 0 0 0 0 0 0 0 0 0 0 0 0 1 
0 0 85 142 0 0 0 78 113 0 0 0 88 138 0 0 0 82 141 0 0 0 81 140 0 
133 41 45 82 38 134 55 48 94 57 78 0 0 35 0 75 0 0 33 0 81 0 1 38 0 
0 123 0 0 89 0 149 0 0 74 0 167 0 0 90 0 137 0 0 67 0 147 0 0 105 
160 221 133 220 97 65 107 9 93 0 264 327 206 325 115 112 205 64 184 15 188 293 214 246 116 
106 91 282 293 89 0 0 202 204 8 117 110 288 316 102 0 0 169 197 10 9 22 213 200 29 
126 104 100 145 246 9 20 3 10 153 13 16 7 17 157 211 197 156 198 330 223 238 238 239 370 
0 68 0 0 0 0 58 0 0 0 0 72 0 0 0 10 68 6 10 3 173 229 180 157 175 
48 24 37 13 42 44 13 27 0 37 41 14 34 0 29 69 13 30 0 49 108 105 90 75 115 
202 72 0 101 0 205 67 0 104 0 204 49 0 104 0 191 56 0 108 0 201 50 0 112 0 
55 0 0 0 0 61 0 0 0 0 63 0 0 0 0 201 133 145 146 141 50 0 0 0 0 
0 0 1459 0 0 0 0 1479 0 0 0 0 1361 0 0 0 0 1484 0 0 0 0 1442 0 0 
104 1 9 57 32 172 62 62 157 101 177 83 93 146 141 100 25 38 105 37 70 0 0 29 11 
132 137 119 88 206 0 0 10 0 49 64 94 81 67 133 0 0 24 0 56 0 0 11 0 60 
46 90 0 116 0 143 191 102 228 91 121 145 97 229 99 66 82 0 115 0 39 72 0 115 0 
99 105 130 127 163 113 102 91 87 125 0 25 0 0 48 0 21 0 0 34 68 94 72 60 112 
0 82 0 0 0 34 136 34 35 33 37 151 32 35 33 22 134 21 35 34 39 121 40 38 49 
33 10 41 33 0 100 71 109 112 61 43 20 46 37 0 46 7 43 35 0 40 20 37 39 0 
170 0 0 0 0 152 0 0 0 0 254 82 113 114 117 143 0 0 0 0 150 0 0 0 0 
0 0 0 0 834 0 0 0 0 785 0 0 0 0 844 0 0 0 0 833 0 0 0 0 776 
97 124 0 146 31 115 119 9 164 67 153 177 51 217 91 113 114 9 145 71 129 198 1 214 65 
130 0 0 0 0 264 97 87 84 74 157 0 0 0 0 152 0 0 0 0 144 0 0 0 0 
0 0 0 0 0 78 61 72 66 75 0 0 0 0 0 152 125 151 152 142 0 0 0 0 0 
0 22 0 143 0 33 55 46 186 32 0 19 0 132 0 0 16 0 136 0 0 20 0 160 0 
101 65 126 135 160 54 0 83 63 58 33 0 74 76 68 109 67 118 136 125 23 0 59 67 57 
43 50 55 130 111 29 23 31 83 75 0 0 0 78 56 0 0 0 51 53 7 10 9 74 53 
0 8 61 0 0 82 93 166 81 86 0 11 65 0 0 54 73 153 48 57 0 5 62 0 0 
202 14 193 0 0 204 9 177 0 0 205 9 188 4 1 178 6 187 0 0 209 25 183 8 9 
306 109 297 128 196 346 171 382 193 224 343 165 358 205 247 207 24 194 46 115 233 66 242 37 144 
68 171 75 91 71 0 97 0 31 0 18 139 30 37 27 0 114 0 18 0 0 81 0 24 0 
0 0 33 0 58 35 46 78 44 113 55 74 89 53 121 0 0 33 0 61 0 0 49 0 58 
0 0 21 0 206 0 0 17 0 210 0 0 30 0 190 0 0 29 0 201 0 0 35 0 209 
0 0 0 52 0 0 0 0 64 0 55 60 47 147 48 0 0 0 63 0 87 84 86 163 90 
87 0 0 94 0 109 0 0 111 0 99 0 0 89 0 92 0 0 113 0 97 0 0 109 0 
0 37 81 79 0 87 162 191 192 116 140 197 217 215 113 4 66 107 105 4 48 100 113 119 33 
125 145 145 120 272 0 0 0 0 81 0 0 0 0 81 24 28 27 26 127 0 0 0 0 94 
137 251 159 146 152 0 133 0 0 0 89 207 88 97 95 0 112 1 0 2 103 215 88 68 95 
136 126 76 78 78 76 45 0 0 0 85 46 4 4 7 61 47 0 0 0 71 56 0 0 0 
0 125 0 0 0 45 197 65 70 84 0 135 0 0 0 74 222 95 101 79 0 128 0 0 0 
0 0 0 0 0 0 0 0 0 0 0 0 0 0 0 0 0 0 0 0 419 395 422 409 380 
0 0 37 0 0 73 79 92 75 87 0 0 31 0 0 77 75 85 59 79 19 25 59 22 26 
8 15 16 17 53 0 0 0 0 36 80 80 70 68 100 0 0 0 0 33 68 98 78 76 105 
0 0 0 138 0 0 0 0 120 0 0 0 0 148 0 0 0 0 153 0 83 75 82 208 85 
0 67 0 33 71 0 62 0 39 76 0 55 0 36 90 0 59 0 30 72 18 76 25 54 111 
0 112 0 0 0 0 108 0 0 0 0 106 0 0 0 0 96 0 0 0 97 185 99 105 92 
0 0 0 27 0 83 67 85 90 84 53 35 64 58 57 0 0 0 23 0 94 103 103 131 98 
0 0 120 56 0 46 46 159 107 51 0 0 104 41 0 0 0 92 41 0 0 0 131 36 0 
59 0 0 0 0 126 62 61 76 69 99 20 18 20 15 131 47 46 52 41 58 0 0 0 0 
83 35 33 111 37 39 0 0 91 0 48 0 0 85 0 83 35 30 120 32 55 0 0 83 0 
0 0 51 35 0 0 0 38 38 0 101 99 128 123 97 0 0 40 37 0 0 0 48 37 0 
53 1 0 117 121 139 87 118 174 262 32 2 1 125 126 46 22 23 126 105 50 53 67 119 154 
3 7 57 111 8 0 0 54 85 0 57 35 116 130 52 28 42 80 124 42 0 0 49 86 0 
50 0 35 44 6 38 5 40 43 18 112 77 115 108 79 69 16 42 52 16 52 0 41 44 0 
46 0 62 0 60 45 0 63 0 58 27 0 77 0 80 102 59 117 70 112 34 0 63 0 60 
99 28 145 104 59 79 12 134 66 37 59 1 121 36 12 155 63 205 116 89 103 15 197 53 59 
14 75 155 32 102 126 183 279 129 211 38 106 184 50 151 0 33 150 1 101 82 118 196 95 185 
19 21 22 57 48 40 38 34 75 72 0 0 0 31 29 0 0 0 21 17 75 89 89 123 99 
18 31 0 83 0 29 47 0 102 0 77 72 39 131 52 25 37 0 105 0 40 33 0 80 0 
0 0 62 0 0 171 151 216 157 184 0 0 64 0 0 0 0 74 0 0 0 0 83 0 0 
13 7 0 0 90 16 0 0 1 75 74 77 63 60 160 27 23 22 14 88 120 159 124 129 181 
59 11 10 6 20 85 59 62 64 63 94 73 78 87 83 38 0 4 0 12 32 11 12 5 21 
18 92 65 14 29 0 81 62 5 6 0 67 39 0 18 0 73 47 5 12 43 116 93 38 76 
143 201 109 105 106 76 65 50 21 19 40 51 17 0 0 41 48 16 0 0 37 52 15 0 0 
96 0 0 2 0 83 0 0 0 0 103 0 0 21 0 100 0 0 0 0 125 16 24 47 29 
60 87 4 13 13 42 58 0 0 0 49 73 0 0 9 59 68 24 27 32 70 87 50 35 45 
37 76 43 71 28 0 62 10 42 16 2 51 11 46 19 0 43 14 31 13 39 104 64 97 78 
0 0 56 27 11 0 0 45 35 3 0 0 44 40 5 43 53 122 94 61 54 50 100 93 63 
29 37 26 22 31 0 0 0 0 0 71 59 57 62 54 0 0 0 0 0 120 107 99 114 109 
46 44 39 34 41 0 0 19 0 0 0 0 20 0 0 50 47 91 58 52 137 108 148 152 126 
35 41 99 45 50 0 0 52 0 17 54 43 123 48 48 0 0 51 0 0 0 1 57 8 0 
0 0 180 32 0 0 0 141 23 0 19 20 156 36 18 0 0 166 23 0 0 0 162 23 0 
45 76 0 0 0 72 98 41 33 31 77 123 21 14 11 87 126 40 40 45 38 68 0 0 0 
104 128 80 62 71 13 54 4 0 0 90 147 71 61 63 41 76 34 15 19 23 60 0 0 0 
0 116 107 163 0 0 128 120 165 0 0 108 120 171 0 0 117 115 157 0 0 128 121 169 0 
13 0 0 131 0 9 0 0 95 0 91 65 87 187 84 11 0 0 99 0 20 1 0 104 1 
62 82 52 51 78 13 65 11 8 37 49 79 45 39 68 7 40 0 0 36 9 65 8 12 38 
172 201 74 116 154 223 328 118 148 236 189 267 124 130 163 99 136 15 39 76 320 425 203 217 266 
68 166 147 83 105 7 37 66 14 4 35 75 119 40 33 29 78 66 17 32 0 71 58 0 0 
11 34 19 5 88 27 45 37 8 136 21 31 23 11 76 98 108 98 72 203 46 52 57 43 125 
659 505 499 370 481 453 231 286 189 219 466 354 323 213 311 411 159 180 100 161 561 360 420 359 371 
90 63 1 4 0 169 142 66 71 72 71 78 0 0 0 89 88 24 16 17 63 59 0 0 0 
161 320 142 144 135 246 386 156 256 181 135 291 90 156 71 29 188 0 47 0 90 210 69 108 31 
0 0 0 0 57 0 0 0 0 66 0 0 0 0 84 0 0 0 0 65 154 179 168 173 209 
59 4 32 0 15 157 19 68 40 45 144 52 89 55 71 154 82 126 77 121 156 31 58 23 37 
150 0 0 53 0 156 0 0 54 0 141 0 0 39 0 168 0 0 46 0 149 0 0 40 0 
154 107 137 212 100 39 1 67 116 5 85 36 127 174 62 57 6 93 92 23 52 0 76 73 0 
70 107 84 178 164 0 10 4 98 43 0 16 5 65 56 0 10 13 86 53 31 45 31 102 54 
160 134 85 76 0 209 186 152 129 124 123 85 75 47 14 261 232 192 119 119 170 179 127 63 62 
58 130 51 57 53 0 55 0 0 0 6 80 4 5 4 0 64 0 0 0 76 154 62 76 65 
0 0 0 17 0 0 0 0 20 0 0 0 0 19 0 0 0 0 18 0 165 175 200 204 198 
42 0 0 25 32 109 87 75 94 97 46 0 0 19 24 31 0 0 14 30 44 0 0 22 31 
45 0 39 79 70 14 1 30 85 67 64 18 52 105 105 19 0 35 77 83 118 73 110 185 182 
0 91 72 0 82 0 91 79 0 87 0 98 62 0 69 0 79 80 0 74 0 101 85 0 77 
46 22 54 40 33 70 52 91 56 54 22 16 34 20 12 54 45 103 70 49 8 0 31 0 0 
84 0 0 0 59 79 0 0 0 55 101 0 0 0 60 75 0 0 0 53 217 105 88 115 160 
78 116 12 141 102 63 146 0 133 119 49 96 0 139 74 212 269 157 268 193 113 205 84 194 152 
75 87 99 82 63 7 36 34 9 8 0 9 42 0 0 61 66 82 52 44 20 25 55 18 11 
0 0 0 169 44 0 0 0 178 37 30 33 18 180 59 1 0 0 171 36 0 0 0 152 45 
0 0 0 144 12 152 132 126 318 167 0 0 0 163 13 119 122 115 254 109 1 0 0 131 8 
38 149 187 197 88 29 114 144 196 38 71 153 171 203 83 61 204 191 249 105 101 160 209 271 111 
0 0 0 1276 0 0 0 0 1266 0 0 0 0 1271 0 0 2 3 1337 2 0 0 0 1276 0 
195 0 0 0 0 197 12 18 17 20 178 0 0 0 0 196 0 0 0 0 166 0 0 0 0 
92 0 0 0 0 117 0 0 0 0 122 0 0 0 0 102 0 0 0 0 206 88 85 89 99 
294 30 134 101 92 239 0 33 1 12 430 133 208 127 161 466 255 357 291 286 322 70 113 105 90 
4 35 0 0 0 0 46 0 0 17 2 42 0 0 13 0 0 0 0 0 0 35 0 1 11 
68 109 166 127 107 1 0 63 0 0 0 0 73 0 0 0 0 54 0 0 218 224 247 225 243 
0 10 0 79 214 120 133 121 231 339 0 9 0 70 248 0 0 0 80 252 130 137 127 197 316 
8 12 78 7 237 3 0 64 6 168 117 102 168 116 280 146 129 216 151 327 2 1 69 1 191 
114 283 296 228 91 108 228 302 166 44 123 240 261 179 78 28 175 239 109 9 56 193 257 159 15 
0 0 223 0 35 0 0 229 0 29 0 0 211 0 29 0 0 195 0 26 0 0 195 0 33 
0 0 0 37 0 76 68 49 101 58 0 0 0 26 0 46 47 62 91 52 43 49 43 94 39 
0 0 44 52 0 66 46 86 85 56 0 0 35 36 0 49 43 88 73 42 37 31 74 64 26 
62 26 29 66 75 40 0 0 26 59 56 0 0 22 39 58 0 0 34 40 90 45 48 76 85 
