858 908 706 745 796 1107 1100 963 1000 1082 654 790 549 660 738 974 947 856 946 1076 624 536 490 418 639 
183 135 177 162 159 0 0 0 0 0 121 81 124 102 105 0 0 0 0 0 0 0 0 0 0 
135 55 38 196 213 84 0 0 167 158 166 75 44 289 293 63 0 0 105 137 65 0 0 118 123 
0 0 90 82 0 109 68 188 133 95 0 2 79 50 0 75 61 154 135 65 63 45 141 103 37 
133 31 80 117 14 117 11 72 92 2 109 25 66 85 22 105 5 49 95 0 261 168 242 265 161 
114 13 24 0 108 105 9 15 0 136 216 113 112 90 209 175 72 102 58 160 226 120 142 107 256 
0 0 0 0 0 0 0 0 0 0 1033 1039 985 1014 1064 0 0 0 0 0 0 0 0 0 0 
1 0 0 317 0 0 0 2 314 0 147 136 121 462 133 126 131 105 445 170 0 0 0 293 0 
13 8 13 165 5 0 0 0 168 0 35 42 32 165 28 0 0 0 143 0 3 6 3 167 3 
0 0 0 0 2 0 0 0 0 0 0 0 0 0 0 59 78 64 71 83 183 154 155 202 163 
70 90 58 61 160 0 9 0 0 96 0 0 0 0 100 0 4 0 0 95 71 72 73 59 159 
134 140 142 150 146 0 0 0 0 0 0 0 0 0 0 0 0 0 0 0 82 78 62 63 80 
0 0 0 0 0 0 0 0 0 0 0 0 0 0 0 446 440 433 422 428 194 186 186 197 209 
0 198 0 0 84 0 166 0 0 98 130 326 150 131 215 0 181 0 0 99 0 221 0 0 76 
809 0 0 0 0 803 0 0 0 0 792 0 0 0 0 821 0 0 0 0 834 0 0 0 0 
25 13 219 152 189 54 14 194 144 162 114 121 313 261 254 184 200 395 363 327 149 101 294 222 305 
87 131 78 137 71 61 79 55 109 58 0 40 0 42 0 40 87 48 87 43 0 43 0 32 0 
35 9 13 8 19 127 107 107 110 117 36 0 0 0 16 31 0 0 0 21 136 107 96 105 143 
0 0 135 0 0 0 0 138 0 0 0 0 137 0 0 141 117 240 104 129 0 0 148 0 0 
0 64 43 45 0 0 78 43 45 0 35 96 90 99 33 0 70 47 46 0 0 69 56 42 0 
0 1 0 0 137 125 94 106 140 246 139 116 103 109 208 0 5 0 0 117 78 93 104 96 203 
0 0 0 0 0 0 0 0 0 0 0 0 0 0 0 1036 1092 1110 1058 1014 0 0 0 0 0 
0 21 65 159 0 0 20 65 138 0 0 21 57 174 0 0 20 56 178 0 0 16 61 169 0 
73 51 0 0 0 91 69 15 16 15 142 94 39 38 31 101 66 0 0 0 100 94 25 24 30 
83 115 83 161 154 8 45 18 67 73 14 50 21 76 87 0 37 0 56 62 0 35 0 59 71 
142 140 139 119 4 141 139 208 119 3 339 325 388 354 221 143 151 160 101 5 336 286 389 291 161 
87 17 13 109 15 77 0 0 122 0 235 166 138 246 132 70 0 0 111 7 109 45 45 184 45 
110 91 42 47 33 148 95 48 54 30 57 54 13 0 0 84 69 18 13 12 82 54 9 0 0 
0 0 160 64 0 0 0 173 59 0 0 0 212 58 0 0 0 195 48 0 0 0 156 47 0 
122 157 163 119 104 0 49 74 0 0 0 44 63 0 0 34 70 95 32 30 0 42 95 0 0 
63 53 69 69 58 98 115 102 113 103 22 40 41 36 41 0 0 0 0 0 0 0 0 0 0 
0 0 0 178 0 0 0 0 181 0 223 231 213 417 230 0 0 0 179 0 0 0 0 162 0 
0 0 0 0 0 169 167 199 156 166 0 0 0 0 0 0 0 0 0 0 82 64 80 72 90 
91 2 0 48 41 111 31 33 87 78 177 57 64 107 130 66 0 0 51 33 158 55 59 109 100 
0 82 0 0 0 0 79 0 0 0 0 63 0 0 0 119 153 90 132 90 55 134 49 59 53 
0 0 107 0 0 98 100 206 116 117 0 0 99 0 0 6 7 105 4 9 14 12 93 11 16 
253 222 183 253 102 119 84 60 109 0 86 86 53 98 0 261 247 158 285 111 140 112 74 136 0 
0 0 0 0 0 34 41 31 19 22 0 0 0 0 0 70 76 73 72 98 114 105 105 107 139 
0 240 0 217 0 0 193 0 208 0 7 212 6 206 5 0 196 0 203 0 0 221 0 219 0 
0 45 0 125 0 0 52 0 151 0 0 50 0 149 0 76 165 87 220 104 0 64 0 144 0 
0 0 0 0 80 95 77 86 62 142 117 81 91 85 143 0 0 0 0 76 0 0 0 0 89 
104 322 377 39 275 23 200 255 7 155 103 313 372 66 235 113 343 367 114 256 191 364 360 149 276 
0 49 37 0 89 20 66 52 15 98 32 86 90 43 87 0 62 26 0 72 0 70 28 0 75 
129 105 115 134 138 16 0 0 38 0 12 0 0 45 0 20 0 0 46 0 104 77 65 117 88 
77 0 73 0 0 70 0 83 0 0 124 56 112 51 58 110 17 84 15 13 73 0 79 0 0 
0 18 81 0 96 0 12 69 0 107 0 15 74 0 105 0 12 91 0 131 0 12 68 0 101 
28 63 171 100 34 77 96 200 126 71 0 54 134 49 0 56 92 201 126 57 0 30 121 77 0 
0 72 0 0 0 0 75 0 0 0 126 244 113 144 131 0 95 0 0 0 15 79 18 24 27 
0 0 0 71 0 61 63 51 123 81 0 0 0 70 0 0 0 0 79 0 71 63 57 146 61 
49 0 92 48 0 57 0 109 53 0 58 0 91 50 0 45 0 101 53 0 44 0 98 46 0 
87 58 0 33 0 127 87 19 63 28 109 110 0 31 0 128 63 0 50 0 103 70 0 39 0 
0 0 0 0 29 204 192 207 205 234 0 0 0 0 42 0 0 0 0 35 0 0 0 0 36 
104 55 67 133 88 70 47 64 117 92 29 0 0 62 13 48 0 0 56 15 45 11 8 66 34 
30 66 7 6 10 19 60 0 0 0 21 84 0 0 0 149 187 137 143 134 29 90 0 0 0 
0 0 0 21 0 186 170 196 198 163 0 0 0 23 0 0 0 0 22 0 0 0 0 19 0 
84 103 158 167 112 0 0 60 72 0 0 0 88 75 0 0 0 76 62 0 0 0 69 71 0 
77 59 69 56 81 45 0 0 0 11 83 68 56 58 83 34 0 0 0 22 98 51 49 53 63 
0 0 25 0 69 9 6 36 12 89 0 0 33 0 70 10 7 43 8 95 81 75 114 64 153 
591 590 614 648 591 0 0 0 0 0 0 0 0 0 0 0 0 0 0 0 0 0 0 0 0 
61 123 160 73 82 30 89 101 31 26 0 34 78 0 0 0 42 83 0 0 0 49 76 0 0 
0 0 129 0 0 0 0 112 0 0 98 133 261 131 125 0 0 111 0 0 0 0 136 0 0 
116 135 44 60 149 49 46 0 0 97 46 64 0 0 75 43 46 0 0 86 69 44 0 0 93 
0 56 0 29 39 76 141 68 96 117 0 66 0 34 44 0 65 0 49 47 32 85 23 67 75 
9 7 99 4 12 0 0 86 0 0 0 0 83 0 0 36 39 120 27 29 75 78 150 58 85 
0 0 0 53 77 102 87 67 128 175 0 0 0 51 78 0 0 0 38 92 0 0 0 48 79 
94 165 75 71 84 22 106 0 0 0 30 114 5 5 7 21 74 0 0 0 24 79 0 0 0 
65 25 93 35 101 18 0 36 8 65 21 0 33 0 78 17 0 48 0 64 11 0 36 3 71 
48 6 16 0 7 34 0 3 0 0 52 43 45 34 52 77 50 55 34 42 139 101 108 137 117 
56 30 109 42 40 23 0 77 0 0 15 0 75 0 0 21 0 66 0 0 41 8 96 13 15 
0 0 25 0 13 0 0 0 2 1 0 6 6 10 0 13 0 0 0 0 8 0 0 0 0 
0 62 67 0 0 0 63 41 0 0 21 104 80 21 21 30 109 56 40 42 0 61 50 0 0 
7 0 0 5 0 0 16 0 0 0 0 14 0 0 0 2 0 1 0 0 0 0 0 0 0 
30 0 91 0 44 64 41 122 38 80 25 0 85 0 29 36 10 99 4 35 31 0 98 0 28 
0 2129 0 0 0 0 2193 0 0 0 0 2051 0 0 0 0 2125 0 0 0 0 2066 0 0 0 
10 108 88 0 6 69 176 169 69 52 1 98 86 1 0 26 205 137 76 38 3 98 78 2 0 
72 117 113 0 0 61 145 123 0 0 91 136 131 0 0 84 146 117 0 0 74 145 136 0 0 
0 96 0 119 0 86 179 83 207 94 74 172 32 179 58 0 122 0 154 0 0 122 0 97 0 
0 0 0 0 0 1281 1230 1250 1196 1270 0 0 0 0 0 0 0 0 0 0 0 0 0 0 0 
0 0 93 146 0 0 0 84 117 0 0 0 91 149 0 0 0 90 140 0 0 0 80 149 0 
155 47 46 88 38 151 57 50 104 60 85 0 0 40 0 79 0 0 42 0 87 0 0 49 0 
0 110 0 0 75 1 141 0 0 67 0 142 0 0 81 0 128 0 0 64 0 133 0 0 96 
139 221 132 209 89 72 140 25 111 0 250 345 210 311 131 109 230 71 167 23 158 305 203 259 113 
106 96 264 261 113 0 0 163 181 0 114 92 236 270 100 0 0 130 173 5 25 13 161 154 22 
142 112 110 144 249 9 29 7 3 165 8 14 9 8 153 226 225 171 198 363 220 242 241 226 386 
0 68 0 0 0 0 52 0 0 0 0 64 0 0 0 7 64 5 7 3 165 203 163 138 157 
53 27 55 19 48 47 15 28 0 38 58 14 46 0 36 75 13 29 0 52 146 131 124 101 162 
211 69 0 101 0 212 76 0 109 0 212 56 0 109 0 198 70 0 110 0 204 57 0 111 0 
55 0 0 0 0 62 0 0 0 0 64 0 0 0 0 202 133 145 146 141 52 0 0 0 0 
159 279 333 247 99 193 292 382 226 107 187 294 350 188 131 108 213 280 140 20 87 214 262 160 27 
84 4 10 57 19 103 70 67 114 79 102 63 72 92 103 68 22 24 74 30 53 0 0 34 7 
147 147 140 120 204 0 0 6 0 48 75 99 84 69 136 0 1 22 0 56 0 0 10 0 62 
50 98 0 114 0 160 197 111 218 91 115 138 79 209 93 67 91 0 110 0 46 78 0 99 0 
73 88 90 94 139 81 77 67 62 102 0 25 0 0 45 0 19 0 0 25 50 70 53 48 98 
0 82 0 0 0 28 142 40 34 30 41 157 42 36 33 29 132 25 32 40 39 138 49 40 56 
25 10 41 31 0 97 71 112 104 63 32 21 47 26 0 35 9 43 17 0 31 19 37 30 0 
157 0 0 0 0 152 0 2 0 0 252 83 109 123 124 139 0 1 0 0 154 0 0 0 0 
0 0 0 0 834 0 0 0 0 785 0 0 0 0 832 0 0 0 0 822 0 0 0 0 765 
141 120 0 175 67 132 137 0 192 74 201 187 54 250 122 126 111 4 175 87 157 180 3 230 76 
124 0 0 0 0 260 102 92 85 74 162 0 0 0 0 149 0 0 0 0 153 0 0 0 0 
0 0 0 0 0 79 57 71 66 78 0 0 0 0 0 152 124 151 145 149 0 0 0 0 0 
0 22 0 144 0 34 57 47 192 32 0 19 0 133 0 0 16 0 140 0 0 20 0 164 0 
80 55 101 110 133 48 0 55 58 55 26 0 66 71 63 83 61 107 122 110 9 2 59 63 45 
43 48 55 128 106 28 22 31 81 74 0 0 0 77 55 0 0 0 48 50 7 10 9 75 53 
0 9 60 0 0 80 96 169 82 88 0 10 64 1 0 52 77 165 51 57 0 7 58 0 0 
210 12 198 0 0 213 8 179 0 0 210 5 186 4 0 183 4 198 0 0 220 20 183 8 10 
292 99 284 107 201 338 167 384 153 225 346 168 379 207 280 193 26 198 43 127 208 51 253 48 119 
71 159 75 87 70 0 92 0 26 0 18 135 28 36 28 0 112 0 18 0 0 80 0 22 0 
0 0 33 0 59 36 47 78 46 112 55 75 93 56 124 0 0 33 0 62 0 0 50 0 58 
0 0 18 0 206 0 0 21 0 218 0 0 31 0 182 0 0 31 0 208 0 0 24 0 218 
0 0 0 50 0 0 0 0 58 0 54 62 46 142 45 0 0 0 59 0 86 79 82 159 90 
94 0 0 94 0 115 0 0 118 0 110 0 0 100 0 103 0 0 129 0 107 0 0 118 0 
8 35 87 76 0 115 182 199 201 120 168 204 232 228 140 14 61 112 112 35 76 105 120 135 64 
111 143 136 111 249 0 0 0 0 97 0 0 0 0 86 22 24 30 23 125 0 0 0 0 86 
140 252 159 148 161 0 131 0 0 0 89 204 88 91 84 0 113 0 0 1 106 209 83 82 90 
154 148 85 90 93 80 54 0 0 0 100 53 4 4 10 75 56 0 0 0 89 69 0 0 0 
0 123 0 0 0 39 185 57 65 75 0 131 0 0 0 73 206 92 101 74 0 123 0 0 0 
0 0 0 0 0 0 0 0 0 0 0 0 0 0 0 0 0 0 0 0 448 436 469 454 433 
0 0 37 0 0 73 79 92 75 87 0 0 31 0 0 77 75 85 59 79 19 25 59 22 26 
8 16 17 17 56 0 0 0 0 42 85 84 75 74 111 0 0 0 0 39 72 107 81 78 107 
0 0 0 139 0 0 0 0 137 0 0 0 0 165 0 0 0 0 166 0 87 87 99 233 97 
0 67 0 34 72 0 63 0 36 74 0 56 0 36 90 0 60 0 31 73 19 77 25 56 113 
0 112 0 0 0 0 108 0 0 0 0 106 0 0 0 0 96 0 0 0 97 185 99 104 92 
0 9 0 32 0 84 62 87 72 74 50 29 60 64 55 0 0 0 12 0 86 111 109 142 105 
0 0 124 57 0 43 48 160 114 51 0 0 107 41 0 0 0 89 39 0 0 0 133 35 0 
59 0 0 0 0 126 61 61 76 69 99 20 17 20 15 131 47 45 51 40 57 0 0 0 0 
83 34 33 111 37 39 0 0 91 0 48 0 0 85 0 82 35 30 120 32 55 0 0 83 0 
0 0 63 43 0 0 0 55 43 0 101 99 149 132 97 0 0 62 47 0 0 0 67 42 0 
41 0 0 77 106 101 101 90 163 231 39 1 6 93 113 57 16 27 82 114 53 41 57 96 125 
3 7 51 101 10 0 0 50 91 0 52 33 124 131 50 31 44 84 134 37 0 0 49 94 0 
53 5 41 41 12 41 6 36 43 21 113 73 114 108 78 68 17 44 45 17 50 0 43 41 4 
40 0 54 0 57 39 0 57 0 53 28 0 68 0 73 89 50 107 64 105 31 0 56 0 53 
86 19 178 100 58 75 11 146 86 36 63 0 104 41 16 184 46 207 151 95 108 32 187 80 75 
10 60 135 32 99 123 167 290 123 219 36 114 192 55 154 0 39 150 2 106 87 101 208 105 183 
23 25 28 68 55 50 45 40 96 89 0 0 0 38 37 0 0 0 26 22 92 104 113 163 117 
18 31 0 82 0 29 47 0 103 0 77 72 39 128 53 24 37 0 103 0 40 33 0 80 0 
0 0 53 0 0 165 150 218 153 176 0 0 58 0 0 0 0 78 0 0 0 0 70 0 0 
11 9 0 0 70 14 2 0 2 55 59 59 44 41 117 20 20 15 10 66 87 107 87 90 118 
74 19 14 7 32 120 87 88 86 86 122 95 100 124 114 44 0 4 0 16 38 11 16 10 32 
20 113 72 17 28 0 96 67 7 8 0 77 49 0 22 0 89 57 6 14 46 131 115 44 85 
183 228 114 121 119 87 67 54 29 27 44 51 24 0 0 46 53 21 0 0 48 56 17 0 0 
95 0 0 11 0 83 0 0 0 0 99 0 0 14 0 100 0 0 0 0 122 15 23 58 29 
68 87 13 22 22 50 47 0 0 0 48 75 19 7 12 65 75 36 43 49 87 76 51 31 45 
37 75 41 68 27 0 59 7 41 16 0 46 7 44 17 0 41 10 31 13 37 103 63 95 75 
0 0 56 26 11 0 0 45 35 3 0 0 44 40 6 43 52 122 94 61 53 50 100 93 63 
29 38 26 22 31 0 0 0 0 0 71 59 57 62 55 0 0 0 0 0 120 107 99 114 110 
49 40 40 37 39 0 0 18 0 0 0 0 22 0 0 57 44 90 55 51 129 96 136 138 130 
37 42 101 52 53 1 0 53 0 0 59 53 125 53 51 0 0 52 5 0 0 7 56 29 12 
0 0 180 32 0 0 0 141 23 0 19 20 156 37 18 0 0 166 23 0 0 0 162 23 0 
45 72 0 0 0 73 97 45 30 32 76 119 18 14 9 88 128 39 43 45 38 70 0 0 0 
86 0 102 90 119 148 76 194 204 189 168 86 201 206 228 179 58 140 147 174 102 10 101 158 141 
91 125 69 55 66 15 54 3 0 0 80 142 65 53 60 41 70 32 11 18 25 61 0 0 0 
0 117 109 169 0 0 131 122 166 0 0 109 122 167 0 0 117 115 156 0 0 129 120 164 0 
17 0 0 155 0 10 0 0 116 0 119 89 118 227 101 12 0 0 122 0 23 1 1 126 1 
45 82 38 41 72 0 62 0 0 41 49 81 41 37 71 0 40 0 0 33 0 64 4 0 34 
152 158 40 99 142 185 300 97 112 228 153 225 103 96 158 111 124 12 28 77 268 329 144 194 231 
72 203 164 103 110 9 51 70 12 3 32 88 105 42 31 22 97 69 13 35 0 75 57 0 0 
0 17 3 4 77 0 33 27 0 108 0 0 7 2 53 50 80 77 47 160 21 40 39 38 106 
723 511 538 433 486 482 251 272 199 214 517 308 351 235 316 420 191 182 79 196 581 377 401 346 352 
78 65 0 3 1 153 146 67 75 73 73 69 0 0 0 91 84 18 17 15 66 54 0 0 0 
178 306 138 134 142 240 372 138 245 181 111 265 75 141 65 36 177 0 25 0 89 209 73 100 43 
0 0 0 0 53 0 0 0 0 63 0 0 0 0 72 0 0 0 0 59 142 168 159 170 199 
57 1 30 0 12 112 11 52 26 28 111 50 81 42 50 129 58 106 54 78 109 24 43 16 28 
150 0 0 54 0 156 0 0 55 0 141 0 0 40 0 168 0 0 46 0 149 0 0 41 0 
165 122 139 235 114 34 1 76 117 6 74 38 120 170 57 49 0 92 99 23 38 0 57 88 0 
70 128 93 174 185 0 9 5 89 51 0 17 6 63 74 0 18 16 91 63 30 46 29 106 67 
120 123 79 54 0 213 191 158 132 101 112 100 75 34 13 253 217 191 135 97 139 154 118 57 43 
57 130 51 56 53 0 55 0 0 0 6 80 4 5 4 0 64 0 0 0 73 154 60 76 63 
0 0 0 18 0 0 0 0 20 0 0 0 0 20 0 0 0 0 19 0 174 185 212 218 204 
10 0 0 16 36 83 76 72 83 95 27 0 0 13 32 28 0 0 0 34 33 0 0 0 32 
64 6 59 119 110 35 1 33 98 87 81 23 63 153 137 11 0 41 93 97 135 88 140 208 219 
0 69 55 0 67 0 71 63 0 72 0 78 51 0 55 0 65 64 0 68 0 84 66 0 66 
49 22 69 50 35 75 58 98 64 61 19 12 40 17 0 58 48 111 72 53 4 0 38 0 0 
77 0 0 0 52 69 0 0 0 50 92 0 0 0 60 66 0 0 0 51 183 102 77 100 155 
78 134 14 140 93 55 133 0 117 98 44 97 0 125 65 221 258 149 262 183 111 200 98 185 162 
70 87 97 76 63 10 36 39 13 9 0 14 44 0 0 58 69 85 49 45 22 29 56 19 13 
0 0 0 183 42 0 0 0 186 47 31 43 21 199 69 0 0 0 188 51 0 0 0 183 57 
0 0 0 140 12 143 126 121 315 159 0 0 0 158 12 113 119 108 247 108 0 0 0 128 6 
83 200 226 185 90 37 167 192 189 57 64 158 200 169 64 90 243 235 248 120 128 231 246 284 124 
0 0 0 1262 0 0 0 0 1259 0 0 0 0 1262 0 0 0 0 1332 0 0 0 0 1256 0 
196 0 0 0 0 198 15 18 18 18 179 0 0 0 0 197 0 0 0 0 167 0 0 0 0 
100 0 0 0 0 135 0 0 0 0 135 0 0 0 0 115 0 0 0 0 227 103 92 94 108 
311 23 141 110 80 239 0 42 1 6 480 126 231 148 153 510 239 352 280 264 318 70 152 82 82 
7 17 0 0 0 0 46 10 0 9 0 39 0 0 15 0 0 0 2 0 0 16 0 0 27 
0 0 199 0 36 0 0 222 0 28 0 0 224 0 20 0 0 194 0 19 0 0 180 0 27 
62 83 144 113 101 0 0 50 0 0 0 0 67 0 0 0 0 63 0 0 189 231 245 230 223 
4 7 0 72 224 118 114 105 190 337 0 17 0 69 237 0 1 0 72 252 124 138 113 173 298 
7 11 83 4 217 2 1 71 7 179 105 100 175 110 272 136 129 219 167 329 2 4 75 0 188 
66 26 34 77 91 48 0 0 28 60 59 0 0 17 49 64 0 0 46 43 110 50 52 88 95 
0 0 0 40 0 83 68 57 120 67 0 0 0 28 0 51 57 74 109 68 58 52 52 113 45 
0 0 1452 0 0 0 0 1494 0 0 0 0 1375 0 0 0 0 1497 0 0 0 0 1467 0 0 
