975 930 831 766 881 1096 1130 1063 1006 1002 659 744 655 686 759 1050 1029 1003 1023 1055 600 578 570 508 596 
184 136 201 169 167 0 0 0 0 0 126 85 129 115 112 0 0 0 0 0 0 0 0 0 0 
122 36 50 235 246 91 0 0 144 144 198 71 87 296 295 63 0 0 123 147 62 0 0 179 154 
260 46 114 58 72 209 0 42 0 16 397 111 207 118 129 408 188 333 209 230 302 75 144 66 84 
0 0 1 155 11 152 124 126 322 170 1 3 0 173 17 119 113 105 253 102 0 0 0 136 9 
127 15 61 132 23 149 10 78 108 0 136 25 64 91 13 128 1 56 119 1 316 186 269 327 176 
104 3 16 0 87 80 1 16 0 103 192 85 107 91 174 151 63 100 55 144 234 105 120 110 244 
0 0 0 0 0 0 0 0 0 0 1027 1036 988 1012 1058 0 0 0 0 0 0 0 0 0 0 
0 0 0 249 0 0 0 3 232 0 103 100 90 348 117 104 99 86 365 118 0 0 0 226 0 
17 11 13 237 7 0 0 0 252 0 44 53 38 225 34 0 0 0 195 0 4 5 0 230 3 
35 138 183 206 61 28 142 206 241 63 123 173 254 295 108 66 200 226 254 117 88 130 164 263 51 
0 0 0 0 1 1 0 0 0 0 0 0 0 0 0 64 66 65 69 90 178 164 156 187 166 
73 80 65 53 163 0 8 0 0 93 0 3 0 0 101 0 5 0 0 108 71 77 73 63 145 
135 146 153 162 156 0 0 0 0 0 2 0 0 0 0 0 0 0 0 0 87 85 65 67 81 
0 0 0 0 0 0 0 0 0 0 0 0 0 0 0 436 446 431 416 430 199 183 189 192 219 
0 216 0 0 90 0 178 0 0 102 135 349 158 140 225 0 198 0 0 99 0 231 0 0 78 
963 0 0 0 0 955 0 0 0 0 940 0 0 0 0 977 0 0 0 0 983 0 0 0 0 
5 1 175 121 120 40 8 164 112 125 90 97 245 199 172 159 171 336 311 275 139 97 243 190 248 
88 130 80 148 76 67 84 65 124 65 1 41 0 44 0 39 87 48 82 44 0 38 0 42 0 
44 11 16 12 27 149 134 124 115 147 40 0 0 0 18 30 0 0 0 26 147 129 132 138 172 
0 0 135 0 0 0 0 127 0 0 0 0 151 0 0 145 130 248 127 123 0 0 152 0 0 
0 64 43 46 0 0 78 43 44 0 35 96 90 97 33 0 70 47 46 0 0 69 55 42 0 
2 2 0 2 144 144 114 131 147 270 150 123 118 127 235 4 3 0 0 120 92 101 103 90 207 
0 0 0 0 0 0 0 0 0 0 0 0 0 0 0 1013 1074 1082 1052 989 0 0 0 0 0 
0 18 51 137 0 0 18 53 115 0 0 18 48 143 0 0 17 50 143 0 0 15 51 140 0 
63 48 0 0 0 85 71 16 14 13 136 82 34 36 28 88 66 0 0 0 100 91 23 24 29 
69 117 69 152 148 8 44 20 78 72 10 41 18 85 92 0 41 0 55 68 0 37 1 65 73 
98 102 108 67 5 86 103 143 65 0 241 270 289 242 171 108 108 120 67 3 241 188 266 189 122 
91 15 13 104 15 77 0 0 133 0 217 156 151 244 149 88 0 0 111 6 114 48 50 193 47 
141 113 47 48 40 154 108 55 64 33 72 73 24 0 0 96 86 21 17 16 88 65 9 0 0 
0 0 160 68 0 0 0 160 54 0 0 0 206 57 0 0 0 175 50 0 0 0 160 47 0 
116 163 169 115 108 0 47 67 0 0 0 51 67 0 0 43 63 100 32 31 0 40 100 0 0 
109 87 95 100 79 152 148 144 148 139 33 59 55 54 53 0 0 0 0 0 0 0 0 0 0 
0 0 0 166 0 0 0 0 171 0 231 237 221 413 243 0 0 0 171 0 0 0 0 155 0 
0 0 0 0 0 170 168 195 137 159 0 0 0 0 0 0 0 0 0 0 87 73 76 73 91 
119 0 0 64 47 148 39 53 113 117 244 79 92 160 165 98 0 0 63 46 220 76 107 172 142 
0 94 0 0 0 0 95 0 0 0 0 74 0 0 0 117 180 91 129 82 54 136 49 53 55 
0 0 112 0 0 103 105 225 120 117 0 0 109 0 0 8 10 126 4 10 16 16 105 13 21 
234 196 184 247 106 114 69 72 103 0 74 69 61 92 0 244 219 138 251 99 115 94 69 137 6 
0 0 0 0 0 33 42 30 22 22 0 0 0 0 0 68 76 78 73 100 117 111 114 112 146 
0 226 0 201 0 0 180 0 195 0 8 205 6 200 7 0 186 0 192 0 0 198 0 204 0 
0 42 0 117 0 0 54 0 127 0 0 51 0 142 0 62 148 74 205 78 0 57 0 128 0 
0 0 0 0 67 74 65 70 56 123 78 67 67 75 116 0 0 0 0 68 0 0 0 0 72 
90 285 291 24 240 37 217 226 3 174 82 280 268 56 222 107 332 289 108 268 212 351 336 155 315 
0 47 33 0 85 20 66 45 14 93 28 84 91 41 82 0 61 26 0 68 0 65 31 0 71 
119 101 117 128 127 18 0 0 36 0 15 0 0 38 0 20 0 0 49 0 89 69 72 110 97 
74 0 66 0 0 75 0 77 0 0 127 58 117 59 60 109 16 87 15 12 79 0 78 0 0 
0 18 81 0 96 0 12 69 0 107 0 16 74 0 107 0 14 91 0 133 0 13 69 0 102 
12 46 141 75 20 48 64 148 98 53 0 34 117 37 0 40 67 145 103 38 0 27 102 60 0 
0 60 0 0 0 0 79 0 0 0 109 227 105 130 119 0 95 0 0 0 15 85 17 23 26 
0 0 0 75 0 67 70 57 138 83 0 0 0 79 0 0 0 0 87 0 76 68 61 158 63 
62 0 114 64 0 84 0 135 72 0 78 0 118 63 0 56 0 126 62 0 53 0 122 64 0 
95 79 0 35 0 147 100 20 59 30 124 111 0 30 0 146 77 0 48 0 111 70 0 46 0 
0 0 0 0 25 204 201 198 205 241 0 0 0 0 40 0 0 0 0 37 0 0 0 0 34 
112 55 63 140 93 73 44 57 116 86 29 0 0 63 12 40 0 0 62 14 47 14 11 72 30 
30 71 11 5 12 20 60 0 0 0 23 90 0 0 0 164 199 154 136 137 30 92 0 0 0 
0 0 0 21 0 187 170 197 198 164 0 0 0 23 0 0 0 0 23 0 0 0 0 19 0 
74 83 146 146 95 0 0 57 66 0 0 0 78 60 0 0 0 72 57 0 0 0 61 64 0 
63 57 59 48 68 40 0 0 0 11 76 62 48 48 72 30 0 0 0 22 92 48 45 48 60 
0 0 25 0 69 9 6 36 12 89 0 0 34 0 70 10 5 43 8 95 81 75 114 64 153 
604 601 620 660 604 0 0 0 0 0 0 0 0 0 0 0 0 0 0 0 0 0 0 0 0 
62 123 158 75 83 33 88 107 34 28 0 35 75 0 0 0 43 81 0 0 0 46 75 0 0 
0 0 122 0 0 0 0 108 0 0 83 131 229 115 111 0 0 94 0 0 0 0 117 0 0 
116 137 47 68 157 48 52 0 0 102 57 67 0 0 81 47 52 0 0 86 64 49 1 0 99 
0 49 0 23 36 59 115 58 80 95 0 59 0 27 38 0 55 0 37 40 26 65 22 54 63 
9 7 99 5 12 0 0 87 0 0 0 0 83 0 0 36 39 120 27 29 75 78 150 59 85 
0 0 0 51 75 86 76 62 115 157 0 0 0 49 72 0 0 0 35 82 0 0 0 47 73 
107 170 79 75 91 23 116 0 0 0 32 128 4 7 10 23 85 0 0 0 23 86 0 0 0 
67 20 90 32 104 16 0 34 4 66 14 0 37 0 77 19 0 48 5 60 12 0 35 1 69 
70 0 10 0 3 79 0 0 0 0 107 56 43 52 72 122 49 0 29 22 158 98 82 115 96 
67 34 118 48 44 32 0 81 0 0 29 0 77 0 0 26 0 70 0 0 83 45 122 48 40 
88 79 92 51 61 32 28 31 0 12 57 69 54 26 43 45 28 34 0 12 36 32 28 0 10 
0 62 68 0 0 0 60 55 0 0 20 104 78 19 21 29 108 58 38 41 0 62 35 0 0 
58 92 57 51 44 37 103 36 40 29 18 70 20 14 20 28 61 28 29 29 0 57 0 0 0 
29 0 90 0 41 63 42 122 39 78 24 0 85 0 26 33 8 97 0 29 30 0 94 0 25 
0 2100 0 0 0 0 2151 0 0 0 0 2010 0 0 0 0 2081 0 0 0 0 2055 0 0 0 
18 114 96 14 9 92 195 169 80 72 9 118 111 4 0 41 190 130 55 40 2 109 87 0 0 
61 89 70 0 0 45 107 90 0 0 70 99 96 0 0 51 103 92 0 0 50 93 94 0 0 
8 135 0 162 0 126 237 135 295 141 133 225 112 334 107 0 120 0 195 0 2 146 0 157 0 
63 79 132 112 78 0 0 40 0 0 0 0 67 0 0 0 0 46 0 0 197 209 246 202 205 
0 0 0 0 0 1253 1206 1203 1162 1238 0 0 0 0 0 0 0 0 0 0 0 0 0 0 0 
0 0 82 131 0 0 0 77 111 0 0 0 88 136 0 0 0 91 131 0 0 0 82 132 0 
175 54 67 104 50 173 64 68 129 66 99 0 0 48 0 95 0 0 43 0 93 0 0 50 0 
0 114 0 0 75 0 135 0 0 69 0 142 0 0 79 0 124 0 0 66 0 132 0 0 93 
187 271 154 296 102 148 282 121 168 46 323 433 269 377 160 282 332 227 271 95 252 458 307 284 205 
99 91 283 303 103 0 0 198 207 1 125 132 297 326 114 0 0 172 197 3 15 12 213 201 27 
162 141 124 194 314 7 28 1 13 200 11 25 8 25 182 252 250 188 228 438 293 313 299 307 476 
0 64 0 0 0 0 48 0 0 0 0 66 0 0 0 7 63 4 6 3 156 194 152 134 149 
70 29 56 19 58 59 15 35 0 51 57 15 48 0 41 93 16 34 0 52 167 122 127 104 171 
202 74 0 101 0 201 67 0 99 0 205 57 0 98 0 188 66 0 109 0 197 60 0 112 0 
54 0 0 0 0 61 0 0 0 0 64 0 0 0 0 203 134 145 145 143 52 0 0 0 0 
80 228 226 145 51 75 195 213 103 39 78 182 185 81 66 45 154 176 64 6 45 190 209 86 10 
106 10 12 62 38 158 90 83 136 97 140 114 88 108 114 103 37 33 87 53 80 0 2 36 12 
130 130 157 105 197 0 0 7 0 50 64 77 82 68 122 0 0 22 0 65 0 0 12 0 64 
20 46 0 50 0 96 113 58 100 45 48 55 21 73 32 33 38 0 46 0 25 43 0 51 0 
83 93 79 98 143 91 86 75 69 104 0 24 0 0 60 0 24 0 0 31 59 81 60 57 95 
0 63 0 0 0 28 121 32 31 30 35 123 33 33 33 22 111 23 25 32 33 107 38 33 46 
33 10 40 31 0 103 69 112 111 63 43 19 47 35 0 47 7 42 34 0 41 20 37 35 0 
3 17 0 82 217 127 147 131 213 354 2 33 2 93 248 0 22 1 98 261 117 150 115 191 304 
8 27 78 7 249 3 0 64 11 185 116 99 175 127 292 157 160 242 193 364 3 0 60 2 197 
147 0 0 0 0 134 0 0 0 0 225 82 105 102 106 125 0 0 0 0 129 0 0 0 0 
0 0 0 0 836 0 0 0 0 792 0 0 0 0 839 0 0 0 0 836 0 0 0 0 784 
142 116 0 177 63 152 119 0 205 69 189 173 41 236 129 114 116 2 175 84 117 118 0 183 49 
173 0 0 0 0 306 104 105 101 92 205 0 0 0 0 199 0 0 0 0 171 0 0 0 0 
0 0 0 0 0 76 61 72 69 74 0 0 0 0 0 151 129 147 154 150 0 0 0 0 0 
0 22 0 147 0 33 59 48 192 33 0 20 0 137 0 0 17 0 139 0 0 21 0 164 0 
109 72 123 143 180 59 0 78 68 67 32 6 87 82 74 107 67 140 131 144 26 2 45 76 48 
45 59 61 151 129 35 25 33 87 85 0 0 0 86 70 0 0 0 57 54 11 14 10 85 65 
0 9 69 0 0 83 99 182 86 94 0 9 78 1 0 54 76 171 50 63 0 5 64 0 0 
116 0 122 0 0 107 0 87 0 0 97 0 106 4 1 74 0 112 0 0 112 11 93 10 9 
284 116 317 132 225 310 175 419 195 243 319 159 377 191 256 176 19 216 60 126 185 53 257 43 129 
72 160 72 92 68 0 90 0 28 0 17 133 31 37 28 0 109 0 17 0 0 80 0 22 0 
0 0 39 0 64 40 51 90 49 128 71 89 102 61 132 0 0 34 0 71 0 0 51 0 67 
0 0 16 0 187 0 0 16 0 178 0 0 28 0 166 0 0 25 0 179 0 0 23 0 182 
0 0 0 53 0 0 0 0 61 0 59 60 46 140 46 0 0 0 61 0 91 87 88 168 89 
92 0 0 103 0 119 0 0 123 0 111 0 0 101 0 97 0 0 125 0 100 0 0 121 0 
14 51 99 66 4 117 206 210 193 123 179 228 268 250 169 5 61 108 100 13 80 112 128 148 60 
119 162 143 123 256 0 0 0 0 87 0 0 0 0 85 33 30 36 26 135 0 0 0 0 106 
124 222 138 129 141 0 121 0 0 0 77 195 91 91 85 1 108 2 0 3 89 209 84 79 93 
148 138 91 89 93 81 46 0 0 0 97 52 4 5 10 72 55 0 0 0 83 64 0 0 0 
0 107 0 0 0 30 140 48 53 61 0 113 0 0 0 61 175 75 77 62 0 104 0 0 0 
0 0 0 0 0 0 0 0 0 0 0 0 0 0 0 0 0 0 0 0 459 435 484 444 417 
0 0 37 0 0 73 79 92 75 87 0 0 31 0 0 77 75 85 59 79 19 25 59 22 26 
7 15 16 17 52 0 0 0 0 36 81 77 71 70 99 0 0 0 0 33 67 97 79 76 103 
0 0 0 127 0 0 0 0 111 0 0 0 0 135 0 0 0 0 139 0 71 71 75 190 79 
0 70 0 35 74 3 69 0 41 82 2 59 0 38 97 2 60 0 32 75 20 84 26 59 119 
0 111 0 0 0 0 106 0 0 0 0 106 0 0 0 0 96 0 0 0 97 185 99 105 92 
0 0 0 37 0 73 52 75 85 68 57 12 51 40 44 0 0 0 12 0 103 82 102 129 105 
0 0 117 55 0 43 45 155 106 50 0 0 102 39 0 0 0 89 38 0 0 0 126 35 0 
3 19 0 0 0 0 76 13 0 25 0 69 0 0 26 0 32 0 0 0 0 40 19 0 11 
62 0 0 0 0 127 62 63 77 70 101 20 19 20 15 131 47 47 51 42 58 0 0 0 0 
83 35 33 111 37 38 0 0 91 0 48 0 0 85 0 83 34 30 120 32 55 0 0 83 0 
0 0 62 43 0 0 0 55 43 0 101 98 149 132 97 0 0 62 47 0 0 0 67 42 0 
35 0 0 83 128 103 99 112 180 258 45 13 18 104 148 71 31 43 98 117 38 38 58 111 145 
1 5 51 110 9 0 0 51 90 0 50 32 116 127 52 25 46 73 135 39 0 0 50 96 0 
64 3 51 44 8 39 1 40 45 24 129 83 131 120 110 79 17 56 55 22 54 0 49 36 0 
42 0 56 0 61 38 0 62 0 53 30 0 71 0 73 98 51 108 68 116 32 0 65 0 58 
86 27 188 88 48 78 4 166 91 36 47 0 135 8 6 161 58 223 128 90 118 36 204 91 65 
22 100 158 30 140 151 214 318 144 299 34 124 218 40 193 0 52 169 1 130 107 175 251 146 255 
24 23 35 69 59 48 55 50 95 96 0 0 0 45 36 0 0 0 27 19 102 120 125 153 131 
20 32 0 89 0 30 58 0 126 0 90 85 41 142 59 27 41 0 115 0 42 38 0 92 0 
0 0 52 0 0 165 153 205 149 179 0 0 60 0 0 0 0 76 0 0 0 0 84 0 0 
53 111 71 92 44 12 35 0 42 0 81 121 84 121 55 2 71 2 72 5 92 75 88 123 47 
10 8 0 0 72 16 2 0 0 68 64 62 54 45 127 20 20 10 9 82 96 128 91 105 142 
57 10 9 4 20 85 59 60 63 64 92 73 75 85 83 38 0 5 0 11 32 8 12 4 18 
19 106 89 20 34 0 98 70 5 9 0 81 42 0 21 0 86 55 6 11 53 138 103 45 89 
142 193 93 96 101 70 65 42 20 19 40 47 16 0 0 41 49 14 0 0 35 42 18 0 0 
96 0 0 24 0 85 0 0 18 0 106 0 0 28 0 102 0 0 0 0 126 15 23 56 31 
77 86 16 26 26 52 49 4 0 3 58 73 17 8 18 69 81 42 40 53 85 85 54 30 54 
36 60 14 61 12 0 37 0 38 7 0 28 4 40 13 0 26 0 22 0 26 77 51 84 59 
0 0 55 26 11 0 0 45 38 3 0 0 46 43 7 44 56 130 99 63 58 52 108 99 66 
29 38 25 22 31 0 0 0 0 0 69 58 57 62 55 0 0 0 0 0 120 107 99 114 109 
45 35 42 34 42 0 0 14 0 0 0 0 18 0 0 53 41 81 54 48 121 94 134 131 120 
36 45 107 47 55 3 8 60 5 21 58 53 125 55 54 0 0 50 1 1 0 6 58 24 0 
0 0 180 31 0 0 0 140 23 0 18 20 155 34 18 0 0 165 23 0 0 0 161 23 0 
44 112 0 0 0 97 149 53 49 46 96 178 35 24 19 104 182 69 58 65 40 101 0 0 0 
78 4 85 86 96 169 78 202 214 202 176 87 202 221 232 173 60 148 147 186 125 10 111 148 130 
104 146 85 68 77 18 69 1 0 0 102 172 84 70 66 43 87 41 22 17 26 72 0 0 0 
0 120 113 166 0 0 134 127 175 0 0 114 129 172 0 0 118 118 161 0 0 132 118 174 0 
13 0 0 133 0 7 0 0 94 0 93 66 84 185 82 10 0 0 100 0 20 1 0 106 0 
48 68 39 33 56 0 52 0 0 23 51 84 45 40 55 7 35 0 0 32 1 56 0 0 28 
137 136 44 72 121 164 219 77 100 197 136 158 58 61 109 79 90 2 13 81 208 240 105 120 183 
70 179 138 84 104 4 40 64 16 3 36 83 104 47 35 26 76 59 10 26 0 67 46 0 0 
0 22 9 10 67 10 29 23 8 102 0 13 8 0 52 49 66 62 44 132 23 23 32 20 89 
601 418 474 366 414 409 162 221 159 204 428 210 268 164 231 301 111 106 56 104 500 317 349 329 355 
75 54 0 2 0 148 129 65 63 64 67 75 0 0 0 87 79 21 16 15 63 51 0 0 0 
140 288 134 109 123 250 377 151 235 180 88 261 72 128 74 31 184 0 34 0 81 214 61 70 46 
12 0 7 69 0 0 0 0 39 0 62 53 56 86 29 84 55 70 116 74 24 0 7 29 0 
0 0 0 0 53 0 0 0 0 57 0 0 0 0 66 0 0 0 0 60 135 163 148 160 189 
66 4 33 0 11 113 14 53 26 28 128 49 89 45 52 135 72 128 68 83 120 30 46 20 24 
150 0 0 53 0 156 0 0 54 0 141 0 0 40 0 168 0 0 45 0 149 0 0 40 0 
184 140 180 253 113 46 0 99 121 3 101 44 136 194 75 52 6 112 93 28 50 0 93 90 2 
0 0 49 63 0 84 65 114 119 74 0 0 42 49 0 71 65 110 105 60 50 47 101 85 35 
57 104 81 149 141 0 9 8 84 41 0 17 5 56 53 0 13 12 75 47 29 41 24 86 60 
128 102 87 84 28 175 139 132 120 84 96 69 54 50 11 227 172 189 163 129 159 151 144 101 71 
68 163 60 65 62 0 68 0 0 0 6 98 4 5 7 0 70 0 0 0 89 186 78 94 74 
0 0 0 17 0 0 0 0 20 0 0 0 0 21 0 0 0 0 23 0 178 192 214 223 207 
39 0 0 33 39 114 88 77 103 103 41 1 0 34 38 35 2 0 24 42 42 0 0 29 34 
51 6 52 96 84 22 5 37 97 77 66 26 53 125 104 23 0 38 80 88 122 81 117 180 206 
0 103 92 0 81 0 101 90 0 90 0 107 65 0 69 0 96 83 0 90 0 112 84 0 80 
47 23 58 41 32 68 52 94 55 58 24 18 37 19 15 56 46 105 75 51 7 0 34 0 0 
71 0 0 0 48 60 0 0 0 46 78 0 0 0 53 62 0 0 0 44 161 83 72 84 138 
81 112 7 121 81 65 123 1 136 98 52 93 0 139 69 217 268 153 270 190 110 191 76 195 159 
92 0 0 0 0 117 0 0 0 0 122 0 0 0 0 102 0 0 0 0 206 88 85 89 99 
69 87 96 76 62 10 36 39 13 9 0 14 44 0 0 58 68 83 51 44 21 29 55 19 12 
0 0 0 141 35 0 0 0 158 28 28 29 16 157 51 0 0 0 150 34 0 0 0 139 40 
0 0 0 39 0 81 68 49 109 61 0 0 0 25 0 53 51 63 103 57 56 57 49 106 44 
87 17 71 0 0 99 11 92 0 0 107 8 83 0 0 107 9 78 0 0 101 15 95 0 0 
0 0 176 0 33 0 0 204 0 31 0 0 176 0 24 0 0 179 0 23 0 0 167 0 27 
0 0 0 1208 0 0 0 0 1213 0 0 0 0 1212 0 0 4 1 1307 1 0 0 0 1229 0 
0 0 1462 0 0 0 0 1476 0 0 0 0 1374 0 0 0 0 1495 0 0 0 0 1465 0 0 
