803 709 625 619 679 1030 1081 1014 856 950 615 613 515 593 680 1025 965 927 934 932 567 502 403 394 573 
174 128 171 171 145 0 1 0 0 0 124 93 121 102 109 0 0 0 0 0 0 0 0 0 0 
119 56 37 234 248 73 0 0 162 153 160 51 27 246 230 60 0 0 120 140 64 0 0 152 129 
171 0 126 143 163 218 55 202 229 251 325 135 273 327 335 246 43 153 227 230 159 2 128 212 159 
174 50 111 146 36 108 8 77 83 0 120 18 52 72 13 131 5 58 106 0 271 180 230 273 180 
143 8 25 0 111 124 7 16 0 136 252 109 120 92 218 211 71 111 67 187 288 117 146 131 275 
0 0 0 0 0 0 0 0 0 0 1058 1052 1007 1032 1085 0 0 0 0 0 0 0 0 0 0 
0 0 0 251 0 0 0 3 235 1 109 111 93 362 112 119 107 91 394 117 0 0 0 227 0 
15 10 14 187 6 0 0 0 191 0 36 47 37 188 30 0 0 0 163 0 0 6 3 182 4 
0 0 0 0 0 0 0 0 0 0 0 0 0 0 0 64 70 68 63 89 173 160 174 185 159 
71 93 69 58 172 0 10 0 0 99 0 0 0 0 104 0 4 0 0 107 84 76 79 62 168 
143 156 161 175 179 0 0 0 0 0 0 0 0 0 0 0 0 0 0 0 92 93 76 77 87 
0 0 0 0 0 0 0 0 0 0 0 0 0 0 0 437 432 430 410 424 193 181 189 186 209 
0 191 0 0 81 0 162 0 0 93 107 309 129 115 179 0 177 0 0 90 0 204 0 0 73 
806 0 0 0 0 802 0 0 0 0 796 0 0 0 0 832 0 0 0 0 836 0 0 0 0 
2 2 201 126 161 32 13 203 169 191 99 103 282 226 223 218 216 442 369 346 117 90 271 244 302 
77 112 66 125 64 55 72 58 95 65 0 37 0 38 0 37 82 42 89 40 0 33 0 33 0 
42 8 14 6 23 128 105 110 100 126 30 0 0 0 16 27 0 0 0 24 120 106 94 101 142 
0 1 147 0 0 0 0 140 0 0 0 0 150 0 0 151 138 259 114 138 0 0 152 0 0 
0 65 48 47 0 0 83 43 49 0 38 101 95 103 36 0 72 52 53 0 0 72 62 44 0 
0 1 7 0 148 161 121 138 155 258 141 132 132 119 234 0 2 0 0 132 90 90 121 82 199 
0 0 0 0 0 0 0 0 0 0 0 0 0 0 0 1037 1090 1103 1081 1021 0 0 0 0 0 
0 18 53 150 0 0 17 54 121 0 0 20 50 161 0 0 20 56 152 0 0 14 58 171 0 
63 47 0 0 0 79 66 15 13 12 128 80 34 34 27 84 60 0 0 0 93 86 21 23 28 
81 118 78 160 153 8 43 25 75 86 19 53 24 77 87 0 46 0 56 72 0 35 0 56 72 
101 122 129 87 1 121 133 184 92 0 309 295 366 314 205 131 117 144 95 1 279 215 321 245 134 
79 23 18 112 27 85 0 0 128 0 221 153 148 251 143 67 0 0 111 0 121 56 51 200 43 
131 94 43 43 37 139 102 49 56 42 64 63 14 0 0 95 82 21 14 17 89 60 14 0 0 
0 0 179 77 0 0 0 185 64 0 0 0 223 71 0 0 0 203 57 0 0 0 178 48 0 
133 170 181 130 116 0 62 76 0 0 0 56 69 0 0 40 73 98 35 36 0 55 98 0 0 
71 57 86 75 67 110 129 114 128 114 23 47 45 44 43 0 0 0 0 0 0 0 0 0 0 
0 0 0 165 0 0 0 0 174 0 223 228 214 407 235 0 0 0 171 0 0 0 0 155 0 
0 0 0 0 0 146 136 173 132 137 0 0 0 0 0 0 0 0 0 0 71 56 67 62 79 
102 0 5 84 49 138 47 55 130 102 233 89 92 171 161 92 0 0 88 48 206 79 92 178 124 
0 95 0 0 0 0 95 0 0 0 0 77 0 0 0 144 187 96 160 96 55 152 47 53 63 
0 0 99 0 0 90 88 181 111 109 0 0 99 0 0 7 9 107 4 9 16 16 85 9 17 
280 270 212 280 124 133 134 68 128 0 90 107 66 103 0 281 284 184 293 133 151 147 84 155 12 
0 0 0 0 0 33 38 33 20 28 0 0 0 0 0 75 79 80 79 114 115 110 107 109 143 
0 224 0 201 0 0 178 0 194 0 8 201 7 194 4 0 186 0 191 0 0 197 0 203 0 
0 44 0 125 0 0 50 0 144 0 0 49 0 144 0 67 143 65 207 74 0 58 0 133 0 
0 0 0 0 76 78 67 77 59 132 88 71 70 77 124 0 0 0 0 75 0 0 0 0 74 
82 321 378 54 248 29 203 256 8 152 67 286 368 48 244 97 316 349 91 268 197 366 409 158 292 
0 52 38 0 105 19 78 49 13 108 31 100 101 45 90 0 70 36 0 74 0 70 32 0 83 
127 100 115 133 129 14 0 0 36 0 13 0 0 41 0 17 0 0 49 0 91 69 74 117 89 
89 0 77 0 0 80 0 81 0 0 161 64 127 66 58 125 17 91 15 12 88 0 93 0 0 
0 18 81 0 96 0 12 69 0 107 0 16 74 0 106 0 15 91 0 134 0 13 69 0 101 
24 58 153 79 22 54 71 157 112 52 0 42 119 36 0 49 74 165 99 45 0 28 110 65 0 
0 65 0 0 0 0 78 0 0 0 131 246 131 143 130 0 97 0 0 0 16 87 21 28 31 
0 0 0 88 0 75 85 64 149 100 0 0 0 80 0 0 0 0 92 0 101 80 72 177 75 
67 0 107 61 0 66 0 136 62 0 75 0 107 60 0 58 0 121 65 0 53 0 121 50 0 
81 50 0 32 0 108 83 17 48 24 104 95 0 26 0 118 57 0 43 0 99 65 0 35 0 
0 0 0 0 23 204 204 196 212 223 0 0 0 0 34 0 0 0 0 35 0 0 0 0 36 
111 54 71 141 95 79 46 64 117 87 33 0 0 65 15 41 0 0 62 14 40 11 12 78 32 
31 56 10 7 9 19 49 0 0 0 25 79 0 0 0 145 180 142 133 128 28 73 0 0 0 
0 0 0 21 0 186 170 197 198 164 0 0 0 23 0 0 0 0 22 0 0 0 0 19 0 
76 80 138 148 91 0 0 53 67 0 0 0 75 61 0 0 0 69 57 0 0 0 61 64 0 
63 57 59 48 69 42 0 0 0 11 76 62 48 48 72 30 0 0 0 22 92 50 44 49 61 
0 0 25 0 73 9 3 39 12 89 0 0 36 0 71 10 7 43 8 95 82 77 118 66 152 
55 104 138 63 70 28 79 96 26 26 0 32 71 0 0 0 36 71 0 0 0 39 66 0 0 
0 0 121 0 0 0 0 99 0 0 79 120 223 121 106 0 0 92 0 0 0 0 112 0 0 
93 108 34 53 127 36 38 0 0 76 37 54 0 0 60 39 45 0 0 65 53 40 0 0 72 
0 49 0 23 36 59 115 54 79 94 0 58 0 27 37 0 55 0 38 40 26 65 22 53 63 
9 7 98 5 12 0 0 87 0 0 0 0 82 0 0 34 39 120 27 29 75 78 150 58 85 
0 0 0 51 75 88 81 63 117 163 0 0 0 49 73 0 0 0 36 84 0 0 0 47 73 
115 204 101 90 103 25 136 0 0 0 36 138 8 12 11 24 87 0 0 0 25 96 0 0 0 
68 25 101 32 100 7 0 40 3 64 12 0 38 0 77 15 0 47 2 59 0 0 39 0 68 
37 2 3 0 2 49 0 3 0 0 42 48 56 35 65 98 51 36 31 39 151 109 98 138 120 
58 33 118 48 44 25 0 81 0 0 20 0 77 0 0 18 0 70 0 0 72 38 114 38 34 
0 0 21 0 0 0 9 0 0 0 0 11 0 0 0 0 0 0 0 1 0 0 13 0 0 
0 62 59 0 0 0 67 51 0 0 21 103 76 20 21 32 109 57 40 42 0 62 51 0 0 
22 0 77 0 33 51 43 115 38 72 19 0 73 0 12 5 0 76 0 13 25 0 88 0 12 
0 2095 0 0 0 0 2155 0 0 0 0 2028 0 0 0 0 2122 0 0 0 0 2056 0 0 0 
25 173 146 17 24 114 259 235 112 91 5 197 154 2 0 42 247 173 84 52 7 155 112 1 0 
95 156 134 0 0 64 160 142 2 0 88 170 160 0 0 91 165 145 0 0 84 174 153 0 0 
0 110 0 120 0 100 179 73 175 94 72 168 44 148 49 0 84 0 123 0 0 107 0 93 0 
0 0 0 0 0 1276 1241 1238 1209 1267 0 0 0 0 0 0 0 0 0 0 0 0 0 0 0 
0 0 80 125 0 0 0 75 106 0 0 0 81 127 0 0 0 81 125 0 0 0 72 128 0 
155 66 51 91 44 164 64 57 111 63 95 0 0 49 0 87 0 0 38 0 94 0 0 47 0 
0 117 0 0 79 0 139 0 0 73 0 146 1 0 84 0 128 0 0 70 0 140 0 0 98 
157 270 142 232 102 56 163 11 124 1 306 429 261 387 146 95 256 54 166 25 167 338 259 296 117 
95 77 280 283 79 0 0 194 207 0 84 107 268 295 89 0 0 163 187 1 3 11 210 191 13 
145 114 115 144 236 9 30 4 4 168 12 11 9 3 155 217 225 178 173 361 224 238 228 209 378 
0 65 0 0 0 0 49 0 0 0 0 62 0 0 0 7 60 3 6 3 160 199 154 141 158 
91 35 49 28 76 61 0 14 0 68 67 2 27 0 44 109 4 19 0 62 194 143 134 130 185 
204 64 0 102 0 206 63 0 103 0 207 45 0 104 0 189 66 0 112 0 201 54 0 119 0 
55 0 0 0 0 62 0 0 0 0 64 0 0 0 0 202 133 145 146 141 52 0 0 0 0 
0 0 1466 0 0 0 0 1487 0 0 0 0 1361 0 0 0 0 1502 0 0 0 0 1455 0 0 
79 6 12 53 29 103 74 58 110 78 103 64 71 88 101 60 29 24 70 37 60 0 0 29 15 
129 150 149 117 208 0 0 11 0 47 70 84 90 76 129 0 0 23 0 55 0 1 11 0 59 
49 91 0 115 0 148 197 98 228 86 117 139 83 214 92 51 80 0 108 0 43 72 0 107 0 
78 81 74 78 122 88 83 70 63 87 0 26 0 0 44 0 19 0 0 26 50 65 48 48 80 
0 76 0 0 0 29 140 34 33 32 34 155 36 35 40 24 134 22 27 36 40 126 48 36 57 
33 11 41 34 0 103 71 112 112 63 43 21 47 37 0 47 9 44 34 0 41 20 37 39 0 
145 0 0 0 0 133 0 0 0 0 230 74 97 105 107 116 0 0 0 0 132 0 0 0 0 
0 0 0 0 839 0 0 0 0 787 0 0 0 0 843 0 0 0 0 835 0 0 0 0 776 
150 129 0 185 66 161 133 0 203 86 216 190 44 257 146 135 139 1 209 102 129 174 0 222 77 
137 0 0 0 0 265 105 101 85 81 167 0 0 0 0 157 0 0 0 0 156 0 0 0 0 
0 0 0 0 0 72 59 70 69 74 0 0 0 0 0 142 119 141 145 136 0 0 0 0 0 
0 23 0 156 0 37 64 47 208 34 0 20 0 145 0 0 18 0 153 0 0 22 0 180 0 
139 60 130 106 167 96 0 83 42 71 93 0 106 63 80 178 103 171 122 162 72 3 60 34 63 
57 69 65 167 142 36 25 35 101 99 0 0 0 91 75 0 0 0 64 65 10 12 14 94 66 
0 9 71 0 0 81 107 191 91 96 0 9 79 1 0 64 85 182 49 71 0 8 65 0 0 
197 0 194 0 0 205 2 175 0 0 202 2 185 4 0 176 0 183 0 0 213 19 176 10 9 
316 110 325 130 176 354 166 391 192 218 371 156 382 215 267 197 19 211 72 122 229 48 256 34 103 
72 156 69 83 67 0 86 0 29 0 17 130 30 32 28 0 107 0 18 0 0 75 0 22 0 
0 0 33 0 58 35 46 78 44 113 55 74 89 53 121 0 0 33 0 61 0 0 49 0 58 
0 0 19 0 232 0 0 16 0 217 0 0 29 0 204 0 0 30 0 212 0 0 26 0 221 
0 0 0 55 0 0 0 0 66 0 57 61 48 148 47 0 0 0 60 0 87 81 92 172 91 
101 0 0 104 0 127 0 0 127 0 112 0 0 109 0 110 0 0 127 0 113 0 0 123 0 
0 44 87 68 1 96 136 181 170 97 169 207 239 208 157 13 61 108 80 6 55 86 105 105 32 
112 151 128 124 251 0 0 0 0 83 0 0 0 0 90 24 25 32 25 110 0 0 0 0 88 
149 252 152 145 157 0 138 0 0 0 92 208 97 102 96 5 115 5 0 0 118 246 94 100 101 
136 126 76 78 78 76 43 0 0 0 85 47 4 4 8 63 47 0 0 0 71 56 0 0 0 
0 135 0 0 0 48 192 63 64 80 0 144 0 0 0 72 220 98 102 73 0 126 0 0 0 
0 0 0 0 0 0 0 0 0 0 0 0 0 0 0 0 0 0 0 0 424 394 430 407 382 
0 0 36 0 0 73 79 92 75 87 0 0 31 0 0 77 75 83 57 79 19 25 55 22 26 
7 14 16 17 52 0 0 0 0 35 80 79 71 69 99 0 0 0 0 33 67 98 78 75 105 
0 0 0 137 0 0 0 0 125 0 0 0 0 149 1 0 0 0 150 0 78 76 83 219 88 
1 68 0 34 72 2 64 0 39 77 0 56 0 36 91 2 60 0 32 73 19 78 25 56 112 
0 126 0 0 0 0 120 0 0 0 0 119 0 0 0 0 100 0 0 2 108 205 110 113 104 
0 17 0 19 0 87 73 87 71 79 65 38 60 70 59 0 0 0 0 0 96 94 106 119 103 
0 0 117 55 0 43 45 155 106 50 0 0 102 39 0 0 0 89 38 0 0 0 126 35 0 
59 0 0 0 0 125 62 61 76 69 99 20 18 20 15 131 45 45 52 40 58 0 0 0 0 
83 35 33 111 37 39 0 0 90 0 48 0 0 85 0 83 35 30 120 32 55 0 0 83 0 
0 0 19 22 0 0 0 19 31 0 101 99 105 113 97 0 0 18 34 0 0 0 25 35 0 
35 0 0 75 115 108 84 78 153 182 31 1 2 81 108 51 15 19 80 101 30 28 54 84 110 
3 6 51 103 7 0 0 55 74 0 50 33 111 120 48 28 40 69 123 36 0 0 49 81 0 
51 3 45 44 11 37 6 31 35 17 109 71 111 101 79 63 16 40 40 16 47 0 44 41 4 
47 0 68 0 67 50 0 64 0 58 31 0 78 0 87 119 59 125 69 126 36 0 66 0 69 
108 26 195 114 55 77 15 173 92 42 69 0 147 35 22 190 92 254 157 142 101 31 209 84 64 
0 75 163 14 111 139 187 316 130 259 36 116 197 48 163 0 37 160 1 103 84 127 236 102 193 
34 33 34 84 82 63 62 54 119 116 0 0 0 45 43 0 0 0 29 31 108 135 129 175 150 
20 33 0 100 0 33 55 0 126 0 95 77 49 153 63 33 46 0 128 0 45 39 0 96 0 
0 0 61 0 0 166 147 211 154 178 0 0 62 0 0 0 0 77 0 0 0 0 71 0 0 
8 9 0 0 80 18 0 0 0 76 87 83 72 62 156 26 21 21 16 89 116 152 123 137 180 
84 17 18 6 29 129 82 84 82 102 143 113 104 110 117 57 0 8 0 23 44 14 15 8 33 
24 111 74 16 37 0 96 70 2 3 0 70 45 0 24 0 83 53 4 12 49 134 102 44 91 
139 190 93 96 101 71 63 46 22 19 37 50 17 0 0 37 49 16 0 0 30 42 15 0 0 
80 93 14 22 21 58 54 0 0 0 54 73 12 4 15 72 78 41 40 50 98 95 55 39 52 
34 67 42 70 28 0 57 10 42 15 2 45 9 46 18 0 37 12 28 12 35 101 59 91 75 
0 0 56 26 10 0 0 44 32 0 0 0 42 38 5 41 52 122 88 59 54 49 100 93 62 
30 38 27 22 31 0 0 0 0 0 73 60 58 65 57 0 0 0 0 0 124 110 101 117 112 
39 28 32 31 38 0 0 14 0 0 0 0 18 0 0 46 40 74 51 43 108 85 121 120 107 
36 44 109 50 48 2 0 59 7 0 58 52 132 53 38 0 0 53 1 0 0 2 60 22 0 
0 0 180 32 0 0 0 141 23 0 19 20 156 37 18 0 0 166 23 0 0 0 161 23 0 
46 88 1 0 0 75 110 42 35 32 82 126 18 15 10 91 134 39 40 45 42 76 0 0 0 
107 130 76 58 62 15 51 2 0 0 81 142 71 60 61 44 77 31 22 14 27 62 0 0 0 
0 120 128 177 0 0 137 125 181 0 0 113 137 179 0 0 125 127 168 0 0 139 130 179 0 
17 0 0 179 0 15 0 0 123 0 129 84 124 256 99 21 0 0 140 0 25 2 0 138 0 
135 146 18 91 106 174 252 93 99 192 129 187 85 106 132 96 111 17 44 95 236 281 135 155 210 
70 196 140 97 108 6 53 63 13 4 34 96 114 44 33 24 82 66 16 32 0 91 57 0 0 
4 30 15 0 76 14 25 26 4 121 10 20 18 11 60 70 85 75 62 162 38 43 44 34 105 
746 608 547 501 540 506 261 298 242 264 511 369 365 231 275 387 199 171 77 170 609 427 427 353 381 
79 67 2 6 0 178 190 87 77 81 73 93 0 0 0 101 99 19 14 16 82 66 0 0 0 
162 303 111 126 121 230 356 144 224 158 113 258 77 129 60 39 184 0 26 0 94 213 64 81 54 
0 0 0 0 56 0 0 0 0 61 0 0 0 0 75 0 0 0 0 60 144 169 154 164 211 
87 3 37 0 15 136 8 69 25 33 185 86 123 63 63 195 84 146 77 117 158 21 54 18 23 
150 0 0 54 0 156 0 0 55 0 140 0 0 39 0 168 0 0 46 0 149 0 0 41 0 
138 131 150 264 140 46 0 69 135 1 69 41 129 179 70 35 3 101 85 28 45 0 84 97 2 
64 115 71 169 155 0 9 4 98 46 0 14 5 62 66 3 15 13 87 59 29 35 27 107 60 
99 99 100 113 33 189 161 154 150 121 88 71 64 87 17 234 176 211 171 144 157 161 159 124 94 
62 127 52 56 54 0 51 0 0 0 4 71 5 5 4 0 61 0 0 0 79 148 66 81 68 
0 0 0 17 0 0 0 0 22 0 0 0 0 19 0 0 0 0 18 0 180 194 212 221 207 
20 0 0 9 31 88 88 77 77 96 24 0 0 0 32 15 0 0 0 32 29 0 0 1 24 
51 7 47 93 76 19 2 30 98 72 62 25 48 127 95 22 0 37 79 81 124 76 111 171 193 
0 91 73 0 87 0 92 81 0 101 0 121 60 0 70 0 97 77 0 93 0 122 81 0 92 
50 22 61 41 34 76 55 101 61 59 24 17 36 20 11 61 49 110 76 54 9 0 34 0 0 
83 0 0 0 59 72 0 0 0 52 89 0 0 0 62 70 0 0 0 52 179 93 82 95 152 
87 151 16 137 132 68 143 10 147 124 43 85 5 126 78 200 265 158 260 220 125 237 120 235 210 
70 87 96 76 61 10 36 38 13 8 0 14 44 0 0 58 69 84 51 45 21 29 55 19 13 
0 0 0 152 38 0 0 0 169 29 29 32 19 174 61 0 0 0 171 38 0 0 0 155 43 
0 0 0 150 13 162 136 133 348 176 0 0 0 172 16 124 127 122 272 116 2 0 0 140 9 
36 134 152 149 51 20 104 135 164 24 58 144 147 164 64 46 175 160 209 84 95 123 168 205 85 
0 0 0 1291 0 0 1 0 1286 0 0 0 0 1306 0 0 0 1 1374 0 0 0 0 1297 0 
211 0 0 0 0 211 13 18 16 20 188 0 0 0 0 205 0 0 0 0 168 0 0 0 0 
92 0 0 0 0 117 0 0 0 0 122 0 0 0 0 102 0 0 0 0 206 88 85 89 99 
208 25 68 23 37 144 0 16 0 0 279 89 106 91 113 280 163 216 178 155 205 81 109 66 72 
10 12 3 0 0 0 42 0 6 0 0 1 0 0 0 0 0 0 0 13 0 0 0 0 0 
72 122 163 129 130 0 0 59 0 0 0 0 77 0 0 0 0 63 0 0 274 246 290 278 261 
0 11 4 81 209 123 137 125 212 346 0 30 0 89 254 0 13 0 89 247 116 151 115 184 308 
10 14 92 2 231 2 0 56 6 185 118 103 176 123 295 146 151 234 184 344 3 2 60 0 201 
174 272 284 271 106 192 276 339 246 133 150 281 293 234 154 75 195 252 173 40 34 203 219 159 27 
95 0 0 7 0 83 0 0 6 0 100 0 0 0 0 100 0 0 0 0 123 15 23 44 29 
0 0 186 0 35 0 0 220 0 28 0 0 186 0 24 0 0 169 0 20 0 0 177 0 27 
0 0 48 57 0 71 49 102 88 63 0 0 35 35 0 56 48 94 76 44 41 29 83 67 28 
592 594 613 643 591 0 0 0 0 0 0 0 0 0 0 0 0 0 0 0 0 0 0 0 0 
51 75 44 45 68 6 56 4 5 33 49 78 44 37 68 0 37 0 0 34 7 64 2 1 34 
0 4 80 22 39 2 0 0 0 0 0 0 0 0 0 0 0 8 0 0 0 0 0 0 0 
0 0 0 36 0 74 64 47 103 58 0 0 0 28 0 47 48 65 95 51 44 50 43 99 40 
