1024 927 940 892 968 1191 1163 1192 1148 1286 770 723 806 780 962 1123 1018 1103 1124 1119 710 595 616 612 729 
179 144 162 159 155 0 0 0 0 0 137 84 140 104 104 0 0 0 0 0 0 0 0 0 0 
103 41 29 189 177 75 0 0 130 122 169 79 64 257 260 46 0 0 88 116 58 0 0 93 109 
170 49 53 84 94 92 0 1 12 14 190 52 87 58 87 199 81 114 105 102 171 67 94 103 108 
0 0 1 154 17 164 127 129 331 185 0 2 1 177 20 117 128 121 274 120 0 0 0 145 10 
163 56 134 140 41 154 10 105 115 0 133 38 107 114 22 121 8 71 122 0 295 196 289 304 186 
96 6 12 0 100 80 4 12 0 105 191 82 115 80 187 167 66 102 71 171 208 96 127 112 241 
0 0 0 0 0 0 0 0 0 0 1039 1044 987 1009 1058 0 0 0 0 0 0 0 0 0 0 
0 0 0 246 0 0 0 4 249 0 107 102 103 373 120 98 108 83 381 121 0 0 0 234 0 
17 8 14 180 8 0 0 0 179 0 37 42 33 184 30 0 0 0 158 0 3 6 2 186 3 
242 187 252 336 200 32 5 108 160 0 68 54 145 223 83 60 2 131 132 44 50 0 103 104 0 
0 0 0 0 0 0 0 0 0 0 0 0 0 0 0 51 59 60 62 73 158 145 142 167 146 
73 107 83 61 188 0 9 0 0 109 0 4 0 0 104 0 5 0 0 121 100 78 107 75 175 
151 156 160 170 165 0 0 0 0 0 0 0 0 0 0 0 1 0 0 0 86 88 75 68 89 
0 0 0 0 0 0 0 0 0 0 0 0 0 0 0 432 431 419 410 418 189 177 181 194 204 
0 195 0 0 82 0 172 0 0 96 103 309 138 115 198 0 183 0 0 94 0 216 0 0 80 
796 0 0 0 0 788 0 0 0 0 783 0 0 0 0 814 0 0 0 0 825 0 0 0 0 
12 0 176 135 170 31 15 184 141 177 92 100 224 206 208 150 157 341 308 309 117 87 235 211 289 
100 136 82 173 88 61 84 56 116 67 0 44 0 49 0 51 99 51 99 39 0 42 0 44 0 
36 15 10 7 24 132 128 120 109 129 35 0 0 0 19 30 0 0 0 26 125 133 112 113 154 
0 0 163 0 0 0 0 152 0 0 0 0 175 0 0 173 156 302 143 163 0 0 153 0 0 
0 74 51 54 0 0 86 53 57 0 40 106 104 108 37 0 86 55 56 0 0 75 67 51 0 
0 0 0 3 149 152 119 137 158 257 161 124 118 131 236 1 1 0 0 142 80 83 102 104 218 
0 0 0 0 0 0 0 0 0 0 0 0 0 0 0 981 1054 1058 1025 954 0 0 0 0 0 
0 19 54 144 0 0 19 64 132 0 0 22 53 157 0 0 19 71 166 0 0 17 65 160 0 
82 59 0 0 0 107 80 16 14 15 172 100 40 43 35 113 76 0 0 0 115 108 23 29 35 
101 168 115 266 228 3 43 19 141 94 10 46 22 118 109 0 48 8 119 83 13 56 1 118 88 
70 89 99 61 6 69 87 123 68 2 222 253 251 226 165 82 96 103 64 1 195 176 222 180 103 
76 11 17 96 13 76 0 0 113 0 205 145 135 219 121 75 0 0 103 4 113 51 43 170 42 
149 124 48 56 36 156 120 56 56 36 67 74 16 0 0 100 95 22 14 13 123 53 10 0 0 
0 0 158 64 0 0 0 167 62 0 0 0 201 54 0 0 0 183 47 0 0 0 146 45 0 
157 198 205 156 121 0 70 86 0 0 0 53 86 0 0 61 101 129 59 49 0 57 107 0 0 
82 74 83 73 68 123 142 123 144 127 44 56 53 46 52 0 0 0 0 0 0 0 0 0 0 
0 0 0 166 0 0 0 0 176 0 233 238 223 412 245 0 0 0 176 0 0 0 0 157 0 
0 0 0 0 0 144 135 177 134 140 0 0 0 0 0 0 0 0 0 0 75 55 65 68 83 
105 0 1 61 40 124 30 45 114 87 200 66 91 145 141 76 0 0 64 29 175 65 78 139 103 
0 75 0 0 0 0 70 0 0 0 0 57 0 0 0 101 137 74 111 74 48 117 42 46 46 
0 0 98 0 0 90 90 188 111 109 0 0 98 0 0 7 9 101 4 8 16 13 89 10 18 
213 197 165 217 99 99 95 65 91 0 68 80 54 76 0 231 218 137 227 101 113 119 74 123 5 
0 0 0 0 0 36 42 31 23 21 0 0 0 0 0 71 77 86 80 110 112 109 111 116 137 
0 237 0 217 0 0 190 0 204 0 8 211 7 207 8 0 195 0 198 0 0 203 0 227 0 
0 34 0 104 0 0 43 0 109 0 0 40 0 108 0 55 110 57 170 55 0 47 0 95 0 
0 0 0 0 75 85 72 81 64 136 89 68 76 82 130 0 0 0 0 80 0 0 0 0 81 
62 285 256 9 206 44 204 196 1 149 94 274 307 35 227 161 318 318 127 285 204 341 358 127 256 
0 45 33 0 79 19 60 45 13 88 27 81 87 38 79 0 60 26 0 64 0 60 27 0 69 
96 85 95 106 112 11 0 0 32 0 12 0 0 35 0 15 0 0 38 0 80 60 53 97 74 
31 0 0 58 77 73 45 41 95 129 23 0 0 62 65 37 13 15 54 64 30 27 32 80 83 
69 0 65 0 0 63 0 75 0 0 113 53 107 48 50 99 16 78 13 12 66 0 73 0 0 
0 18 81 0 96 0 12 69 0 107 0 16 74 0 106 0 14 91 0 133 0 13 69 0 101 
21 65 157 81 20 69 91 186 127 78 0 51 126 44 0 55 86 174 111 55 0 33 112 67 0 
0 60 0 0 0 0 66 0 0 0 109 214 101 124 112 0 83 0 0 0 15 75 17 22 25 
0 0 0 71 0 61 64 51 123 81 0 0 0 69 0 0 0 0 80 0 71 63 57 146 61 
49 0 93 49 0 57 0 109 53 0 59 0 93 50 0 46 0 102 55 0 44 0 98 46 0 
77 45 0 29 0 103 73 16 47 24 91 87 0 25 0 109 53 0 40 0 87 58 0 33 0 
0 0 0 0 23 176 158 177 181 191 0 0 0 0 30 0 0 0 0 29 0 0 0 0 31 
89 47 57 109 77 58 37 49 96 68 24 0 0 52 10 28 0 0 48 11 37 12 8 56 27 
29 55 8 6 10 17 48 0 0 0 21 73 0 0 0 125 160 123 115 111 27 72 0 0 0 
0 0 0 22 0 195 179 208 212 175 0 0 0 26 0 0 0 0 25 0 0 0 0 20 0 
72 83 136 141 92 0 0 52 63 0 0 0 76 61 0 0 0 69 55 0 0 0 60 63 0 
76 65 65 52 74 41 0 0 0 10 85 71 51 52 77 33 0 0 0 21 113 57 52 53 66 
0 0 25 0 68 9 6 34 12 88 0 0 34 0 69 9 7 43 7 94 81 75 114 64 153 
585 586 605 638 586 0 0 0 0 0 0 0 0 0 0 0 0 0 0 0 0 0 0 0 0 
59 110 147 65 75 28 75 105 27 26 0 34 73 0 0 0 37 74 0 0 0 39 74 0 0 
0 0 111 0 0 0 0 93 0 0 77 115 209 113 101 0 0 85 0 0 0 0 104 0 0 
93 106 35 52 122 34 39 0 0 78 38 53 0 0 63 39 42 0 0 65 51 40 0 0 73 
0 48 0 9 0 47 97 35 57 55 0 58 0 23 11 0 54 0 23 0 11 49 7 20 21 
9 7 99 5 12 0 0 87 0 0 0 0 83 0 0 36 39 120 27 29 75 78 150 59 85 
0 0 0 51 74 88 81 63 117 163 0 0 0 49 73 0 0 0 36 84 0 0 0 47 73 
92 165 78 73 84 19 105 0 0 0 30 115 5 7 8 21 74 0 0 0 22 80 3 1 0 
77 38 105 55 108 20 0 43 14 64 21 0 49 10 82 22 0 57 12 63 13 0 44 13 70 
88 21 36 0 3 98 16 30 0 0 127 62 94 56 74 134 55 70 29 31 205 125 149 135 112 
67 34 117 48 54 32 0 76 0 4 29 0 73 0 7 26 0 66 0 8 83 45 121 48 47 
0 51 0 9 2 27 76 36 56 43 32 87 30 32 19 27 83 43 59 29 0 41 0 14 0 
89 77 101 48 60 34 30 34 0 11 58 69 60 25 45 46 29 39 0 12 36 31 38 0 8 
0 62 70 0 0 16 81 71 20 20 21 104 82 21 21 32 109 67 40 41 0 62 59 0 0 
58 102 57 52 49 37 110 35 41 33 18 83 21 20 31 28 63 28 29 31 0 66 0 0 1 
23 0 80 0 40 61 43 119 39 71 23 0 77 0 19 29 0 88 0 24 28 0 94 0 23 
0 2037 0 0 0 0 2101 0 0 0 0 1974 0 0 0 0 2062 0 0 0 0 1975 0 0 0 
20 110 123 17 13 90 197 198 82 49 10 140 106 6 0 34 218 163 89 48 6 128 80 0 0 
52 81 66 0 0 43 101 87 0 0 60 96 86 0 0 47 99 79 0 0 48 93 90 0 0 
0 110 0 139 0 100 227 91 219 129 114 226 89 219 76 0 95 0 150 0 2 115 0 126 0 
121 156 9 234 123 93 173 0 242 125 114 129 1 247 117 328 336 168 430 270 221 312 121 329 261 
0 0 0 0 0 1250 1209 1209 1165 1240 0 0 0 0 0 0 0 0 0 0 0 0 0 0 0 
0 0 80 125 0 0 0 74 106 0 0 0 81 127 0 0 0 81 125 0 0 0 72 128 0 
139 46 58 95 44 149 55 53 114 67 95 0 0 37 0 76 0 0 33 0 86 0 0 41 0 
0 141 0 0 94 0 188 0 0 81 0 179 0 0 92 0 161 0 0 85 0 163 0 0 124 
193 264 133 216 112 112 226 105 146 17 303 396 251 330 152 257 367 234 236 168 192 394 266 246 177 
7 14 176 161 62 0 0 144 73 35 77 87 167 200 92 0 0 63 79 30 57 65 184 173 113 
128 117 132 148 279 7 20 3 1 175 7 13 8 1 165 209 215 180 155 352 223 238 257 216 387 
0 73 0 0 0 0 58 0 0 0 0 70 0 0 0 8 72 5 10 4 189 219 190 182 181 
49 23 39 11 43 41 14 29 0 37 40 14 40 0 29 68 13 29 0 41 113 106 94 79 125 
29 114 124 185 28 50 123 151 221 37 94 154 202 214 60 20 175 154 174 49 73 131 147 232 21 
213 80 0 107 0 215 78 0 111 0 218 64 0 109 0 205 80 0 114 0 208 64 0 122 0 
71 26 6 48 55 157 144 128 152 142 80 22 0 52 65 63 8 3 35 61 64 20 1 37 48 
55 0 0 0 0 62 0 0 0 0 64 0 0 0 0 202 133 145 146 141 52 0 0 0 0 
103 233 256 144 51 94 203 228 104 21 91 224 230 114 75 50 158 201 83 2 59 207 235 111 28 
78 4 8 55 22 112 68 54 93 77 96 78 60 83 95 69 31 22 70 34 61 0 0 28 19 
101 112 124 83 182 0 0 8 0 47 56 77 80 57 111 0 0 15 0 51 0 0 10 0 63 
36 63 0 75 0 116 138 75 140 55 78 77 42 119 59 50 55 0 66 0 34 51 0 70 0 
64 80 66 74 112 70 73 60 55 82 0 22 0 0 45 1 19 0 0 23 48 62 44 43 78 
0 70 0 0 0 35 123 40 39 30 35 131 34 32 30 27 121 21 24 33 42 122 41 35 51 
34 11 42 36 0 105 72 115 115 64 43 21 48 37 0 47 9 45 34 0 40 20 39 39 0 
1 16 2 91 243 131 154 141 233 373 1 28 0 89 265 0 19 2 105 281 125 154 130 212 327 
5 24 101 6 227 0 0 84 8 173 113 104 181 109 262 145 152 225 167 338 0 5 82 5 190 
152 0 0 55 0 162 0 0 55 0 146 0 0 41 0 172 0 0 46 0 152 0 0 41 0 
0 0 0 0 841 0 0 0 0 795 0 0 0 0 846 0 0 0 0 836 0 0 0 0 786 
143 111 0 164 64 127 112 1 146 94 172 186 35 189 125 118 103 5 160 90 113 166 0 149 73 
113 0 0 0 0 233 87 76 78 63 134 0 0 0 0 132 0 0 0 0 127 0 0 0 0 
60 27 67 41 34 88 57 110 71 62 26 25 45 20 15 70 53 135 89 65 10 0 32 6 0 
0 22 0 143 0 33 55 46 186 32 0 19 0 132 0 0 16 0 136 0 0 19 0 160 0 
0 0 44 49 0 63 45 87 83 54 0 0 34 31 0 49 43 87 72 41 36 27 69 62 23 
122 87 121 145 162 47 1 65 57 56 36 0 73 85 69 115 53 121 136 127 27 2 51 70 47 
46 48 58 132 109 29 22 32 84 79 0 0 0 79 55 0 0 0 49 50 7 13 9 78 56 
178 167 110 95 21 243 210 189 156 118 139 93 72 88 1 275 213 209 176 142 213 213 165 114 95 
133 0 0 0 0 121 0 0 0 0 191 75 95 95 97 109 0 0 0 0 118 0 0 0 0 
0 8 60 0 0 75 81 157 74 88 0 8 65 0 0 51 65 152 46 58 0 5 52 0 0 
209 12 199 0 0 210 0 190 0 0 211 4 192 4 0 183 2 193 0 0 220 24 183 11 11 
0 0 0 0 0 71 53 69 63 70 0 0 0 0 0 140 115 136 140 133 0 0 0 0 0 
340 123 389 134 230 392 207 488 226 284 378 172 464 256 290 196 16 236 50 113 275 80 350 69 144 
70 165 76 92 68 0 93 0 29 0 19 144 28 34 27 0 108 0 21 0 0 86 0 22 0 
0 0 0 16 0 0 0 0 18 0 0 0 0 18 0 0 0 0 18 0 164 173 198 200 194 
0 0 33 0 58 34 46 78 43 113 55 74 89 52 121 0 0 33 0 61 0 0 49 0 58 
0 0 16 0 187 0 0 16 0 178 0 0 28 0 166 0 0 25 0 179 0 0 23 0 182 
0 0 0 50 0 0 0 0 59 0 54 59 45 140 45 0 0 0 59 0 85 77 82 158 86 
97 0 0 104 0 116 0 0 125 0 108 0 0 97 0 102 0 0 130 0 114 0 0 125 0 
0 49 71 93 14 100 203 175 207 111 187 247 271 281 177 28 102 103 148 34 93 141 135 172 88 
107 139 129 116 233 0 0 0 0 79 0 0 0 0 77 21 25 30 21 115 0 0 0 0 82 
103 206 97 92 86 0 102 0 0 0 16 142 15 27 18 1 111 0 0 1 126 265 112 114 119 
136 126 76 78 78 76 45 0 0 0 84 47 2 3 8 63 46 0 0 0 71 56 0 0 0 
0 114 0 0 0 39 164 48 50 68 0 126 0 0 0 64 202 78 81 69 0 112 0 0 0 
92 0 0 0 0 117 0 0 0 0 122 0 0 0 0 101 0 0 0 0 206 88 85 89 99 
0 0 0 0 0 0 0 0 0 0 0 0 0 0 0 0 0 0 0 0 436 415 456 429 408 
0 0 37 0 0 73 79 92 75 87 0 0 30 0 0 77 75 85 59 79 19 25 59 22 26 
8 15 16 17 52 0 0 0 0 36 80 79 71 69 98 0 0 0 0 33 68 98 78 76 105 
0 0 0 129 0 0 0 0 112 0 0 0 0 138 0 0 0 0 140 0 73 70 76 194 80 
0 67 0 33 72 0 63 0 39 77 0 56 0 36 91 0 60 0 32 73 19 77 25 56 111 
71 0 0 0 34 60 0 0 0 32 78 0 0 0 37 62 0 0 0 28 161 83 72 84 122 
0 112 0 0 0 0 108 0 0 0 0 106 0 0 0 0 96 0 0 0 97 185 99 105 92 
29 65 47 60 50 50 63 50 36 52 53 54 43 47 41 0 9 0 11 0 84 112 95 91 77 
0 0 117 55 0 42 45 155 105 50 0 0 102 38 0 0 0 89 38 0 0 0 124 35 0 
18 51 12 0 18 10 68 19 6 29 6 54 0 1 21 43 73 48 49 74 0 38 10 1 31 
58 0 0 0 0 126 62 60 75 69 99 20 18 20 15 131 47 46 52 41 57 0 0 0 0 
196 0 0 0 0 197 13 18 17 20 178 0 0 0 0 196 0 0 0 0 167 0 0 0 0 
83 35 32 111 37 39 0 0 91 0 48 0 0 85 0 83 35 30 120 32 55 0 0 83 0 
0 2 0 31 0 49 38 47 82 33 28 24 38 69 30 0 3 0 37 0 49 45 55 101 57 
0 0 63 43 0 0 0 55 43 0 101 99 149 132 97 0 0 62 47 0 0 0 67 42 0 
81 10 65 138 115 40 13 56 137 115 75 23 51 154 119 44 0 41 109 95 139 88 149 227 229 
2 5 49 99 7 0 0 48 70 0 47 30 106 119 44 25 39 65 112 36 0 0 48 81 0 
67 6 49 45 12 48 6 38 43 17 144 76 136 118 91 77 21 46 49 17 66 0 55 48 0 
51 0 67 0 64 44 0 68 0 70 31 0 80 0 86 102 65 132 68 126 36 0 61 0 59 
134 77 198 121 90 82 12 150 72 32 59 0 106 20 8 167 74 218 124 100 160 61 235 118 111 
19 123 160 23 138 152 240 319 142 256 40 138 197 55 189 0 67 167 1 121 98 187 242 135 235 
19 20 22 58 48 40 38 35 77 74 0 0 0 32 29 0 0 0 22 17 75 92 88 124 102 
24 37 1 120 1 38 60 0 134 0 104 102 43 168 67 32 44 0 139 0 48 47 0 124 0 
0 0 50 0 0 153 136 194 138 163 0 0 56 0 0 0 0 68 0 0 0 0 65 0 0 
68 105 65 97 47 9 30 0 32 0 97 125 82 150 60 12 57 0 51 0 64 67 50 81 15 
12 8 0 0 71 19 0 0 0 68 67 63 45 48 121 27 27 17 17 78 103 119 96 102 141 
63 9 11 6 23 93 65 64 66 69 98 81 83 86 90 44 0 4 0 13 38 13 14 6 23 
28 138 94 22 39 0 103 90 10 9 0 94 55 0 22 0 107 77 5 14 54 146 123 44 96 
125 164 87 89 86 64 58 38 18 19 37 51 15 0 0 38 43 13 0 0 28 39 13 0 0 
0 69 55 0 67 0 71 63 0 70 0 79 53 0 55 0 66 63 0 69 0 84 67 0 66 
94 0 0 76 0 82 0 0 69 0 99 0 0 79 0 100 0 0 67 0 122 15 23 98 29 
67 128 76 75 79 0 63 0 0 0 39 103 42 39 36 0 54 0 0 0 30 77 27 30 29 
53 57 0 13 9 49 43 0 0 2 45 53 2 0 9 62 62 31 41 46 78 63 52 30 47 
35 75 42 70 26 0 61 11 42 16 0 51 10 44 19 0 42 14 29 13 38 103 64 96 74 
0 0 56 27 11 0 0 44 35 3 0 0 45 40 6 43 54 123 95 61 54 50 100 94 63 
31 40 26 20 32 0 0 0 0 0 73 61 61 64 58 0 0 0 0 0 124 110 107 119 113 
44 34 38 32 38 0 0 16 0 0 0 0 22 0 0 46 37 92 50 43 130 97 135 142 121 
38 44 109 47 52 6 8 64 13 11 57 49 131 55 45 0 0 53 0 0 0 9 65 28 16 
0 0 179 32 0 0 0 140 23 0 18 20 155 37 18 0 0 166 23 0 0 0 162 23 0 
48 78 0 0 0 75 116 46 34 34 76 125 21 15 11 87 130 39 40 44 45 71 0 0 0 
70 0 74 79 88 119 52 158 151 157 138 78 158 181 200 129 46 104 116 163 81 1 86 126 107 
102 134 88 67 79 15 50 1 0 0 84 154 79 64 63 44 77 36 18 20 26 74 0 0 0 
0 117 111 165 0 0 130 119 165 1 0 108 121 166 0 0 120 119 159 0 0 128 120 166 0 
0 0 0 140 35 0 0 0 159 28 27 29 16 158 52 0 0 0 149 34 0 0 0 138 38 
20 0 0 163 0 13 0 0 123 0 115 78 115 239 109 15 0 0 127 0 23 0 0 129 0 
60 84 54 43 73 0 60 2 0 38 53 89 47 46 73 1 37 0 0 39 0 67 0 1 33 
102 100 14 50 79 168 241 87 96 222 112 131 42 64 88 57 73 4 21 45 215 234 111 125 151 
57 187 126 92 92 5 45 69 15 3 32 73 101 29 29 19 76 62 10 23 0 63 51 0 0 
1 15 6 0 74 7 34 22 2 111 0 14 10 3 53 54 76 55 38 135 25 40 36 26 99 
0 0 193 0 35 0 0 217 0 31 0 0 207 0 22 0 0 186 0 23 0 0 191 0 24 
682 539 584 403 588 545 230 270 175 243 484 319 353 194 340 414 173 173 21 216 585 376 453 361 425 
71 57 2 4 0 148 141 68 74 60 76 73 0 0 0 84 81 20 16 15 69 54 0 0 0 
129 251 102 115 113 215 332 149 222 155 87 227 67 128 54 21 162 0 44 0 70 181 54 88 37 
23 0 29 72 0 28 0 13 31 0 65 39 58 65 18 89 52 83 104 61 35 0 21 33 0 
0 0 0 33 0 78 65 51 107 56 0 0 0 24 0 49 51 66 93 53 40 53 42 96 44 
0 0 0 0 52 0 0 0 0 56 0 0 0 0 65 0 0 0 0 58 134 157 141 152 184 
64 24 29 69 75 42 0 0 30 58 57 0 0 26 40 61 0 0 36 39 97 46 46 78 87 
39 51 94 76 50 0 0 30 0 0 0 0 47 0 0 0 0 40 0 0 120 139 167 141 130 
0 0 0 1189 0 0 1 0 1192 0 0 0 0 1208 0 0 1 2 1266 2 0 0 0 1214 0 
155 4 64 4 25 216 14 66 25 34 269 87 151 90 102 303 184 269 159 183 213 48 79 30 42 
0 0 1432 0 0 0 0 1447 0 0 0 0 1337 0 0 0 0 1458 0 0 0 0 1430 0 0 
41 23 84 112 21 0 0 53 101 0 53 36 105 126 34 0 0 76 89 0 1 0 59 73 0 
