768 805 600 608 778 1097 1125 918 938 1004 593 623 448 609 666 907 881 791 823 897 556 503 393 439 523 
293 208 278 266 251 0 4 0 0 0 178 130 181 150 166 0 0 0 0 0 0 0 0 0 0 
142 63 44 253 261 89 0 0 162 195 157 58 41 270 254 74 0 0 109 157 95 0 0 148 158 
153 0 110 145 176 209 39 225 233 255 325 115 294 323 345 249 44 168 224 233 162 0 102 210 156 
144 38 87 126 49 141 1 71 81 0 116 29 71 66 17 119 0 42 101 2 288 190 261 304 180 
102 4 17 0 92 86 0 19 0 118 187 101 101 93 194 170 66 93 68 157 213 107 121 108 227 
0 0 0 0 0 0 0 0 0 0 1049 1053 992 1039 1074 0 0 0 0 0 0 0 0 0 0 
0 0 0 258 0 0 0 2 256 0 111 104 100 385 120 111 111 87 388 120 1 0 0 251 0 
20 10 19 192 6 0 0 0 205 0 44 47 39 204 36 0 0 0 182 0 3 7 3 188 3 
0 0 0 0 0 0 0 0 0 0 0 0 0 0 0 76 86 90 92 98 232 225 219 247 203 
61 88 61 55 170 0 13 0 0 97 0 3 0 0 102 0 5 0 0 103 72 74 75 58 151 
137 144 153 160 148 0 0 0 0 0 0 0 0 0 0 0 0 0 0 0 84 82 68 64 82 
0 0 0 0 0 0 0 0 0 0 0 0 0 0 0 438 433 419 412 429 195 179 184 194 213 
0 209 0 0 86 0 185 0 0 107 129 357 161 128 227 0 207 0 0 95 0 231 0 0 82 
814 0 0 0 0 816 0 0 0 0 805 0 0 0 0 839 0 0 0 0 845 0 0 0 0 
20 5 192 153 185 72 60 240 203 228 119 131 263 216 267 175 195 375 318 326 99 86 258 200 292 
91 150 83 166 77 74 85 65 141 73 0 46 0 50 0 48 115 51 102 60 0 49 0 46 0 
34 8 14 7 26 144 117 148 131 145 40 0 0 0 20 23 0 0 0 23 145 129 119 131 154 
0 0 162 0 0 0 0 145 0 0 0 0 160 0 0 172 133 272 139 150 0 0 160 0 0 
0 98 53 70 0 0 105 53 65 0 72 140 127 136 46 0 99 61 63 0 0 105 76 59 0 
0 0 0 1 143 121 107 121 144 234 153 122 114 117 209 3 0 1 0 122 78 88 103 81 205 
0 0 0 0 0 0 0 0 0 0 0 0 0 0 0 1006 1061 1073 1047 977 0 0 0 0 0 
0 18 51 132 0 0 17 52 114 0 0 18 46 141 0 0 17 50 139 0 0 15 51 139 0 
91 138 82 168 157 5 42 18 81 77 24 50 26 89 99 0 51 0 62 76 0 38 0 72 70 
118 135 139 92 4 129 137 187 92 1 304 319 367 325 224 120 128 148 87 1 288 256 352 256 156 
55 6 13 96 18 68 0 0 119 0 204 150 142 234 122 54 0 0 94 0 108 39 48 171 37 
133 120 50 54 33 156 114 54 57 32 54 51 15 0 0 94 88 26 15 22 96 57 10 0 0 
0 0 217 84 0 0 0 223 76 0 0 0 296 90 0 0 0 249 65 0 0 0 246 58 0 
114 160 154 110 100 0 48 66 0 0 0 49 59 0 0 36 72 93 34 35 0 44 95 0 0 
84 66 87 85 64 136 140 138 137 126 26 47 51 42 47 0 0 0 0 0 0 0 0 0 0 
0 0 0 185 0 0 0 0 188 0 216 221 221 416 231 0 0 0 186 0 0 0 0 171 0 
0 0 0 0 0 137 126 162 125 132 0 0 0 0 0 0 0 0 0 0 69 52 62 60 75 
164 6 42 106 77 178 45 63 146 130 280 115 117 202 195 114 0 0 86 49 239 100 106 207 163 
0 79 0 0 0 0 80 0 0 0 0 63 0 0 0 108 147 78 118 81 51 127 42 47 46 
0 0 95 0 0 85 85 175 105 104 0 0 91 0 0 7 9 97 4 8 14 12 83 10 15 
260 230 200 288 123 116 106 74 128 0 93 98 59 102 0 263 245 158 305 122 141 143 99 154 0 
0 40 0 133 0 0 53 0 154 0 0 47 0 151 0 71 167 85 210 88 0 54 0 131 0 
0 0 0 0 68 73 65 71 55 123 78 67 67 75 116 0 0 0 0 69 0 0 0 0 72 
83 245 313 37 194 49 187 247 12 153 93 259 319 56 242 129 265 312 104 245 229 342 380 167 305 
0 69 44 0 110 22 91 61 19 129 31 123 92 42 121 0 87 50 0 90 0 81 32 0 116 
109 88 107 122 115 14 0 0 40 0 13 0 0 42 0 18 0 0 41 0 94 70 62 111 81 
74 0 69 0 0 65 0 80 0 0 117 58 118 48 51 102 16 81 13 12 74 0 75 0 0 
0 19 84 0 100 0 13 77 0 113 0 16 74 0 111 0 14 100 0 136 0 12 73 0 106 
25 51 158 78 22 64 83 170 103 64 0 47 127 36 0 52 75 167 110 45 0 27 110 62 0 
0 71 0 0 0 0 80 0 0 0 140 259 134 148 143 0 101 0 0 0 16 96 21 30 32 
0 0 0 71 0 62 64 51 126 81 0 0 0 71 0 0 0 0 82 0 71 63 60 151 63 
49 0 95 50 0 53 0 117 55 0 59 0 96 51 0 44 0 106 54 0 41 0 102 49 0 
77 46 0 29 0 103 73 16 47 24 92 86 0 25 0 109 51 0 41 0 87 58 0 33 0 
0 0 0 0 31 240 242 253 259 286 0 0 0 0 50 0 0 0 0 48 0 0 0 0 47 
98 50 61 119 87 62 39 54 101 73 26 0 0 60 11 30 0 0 51 14 40 13 6 62 26 
31 60 7 5 9 18 49 0 0 0 20 75 0 0 0 127 161 128 122 116 29 75 0 0 0 
0 0 0 22 0 193 177 202 204 167 0 0 0 24 0 0 0 0 23 0 0 0 0 20 0 
73 82 145 147 96 0 0 55 66 0 0 0 79 63 0 0 0 71 55 0 0 0 62 63 0 
69 59 68 51 74 41 0 0 0 11 78 62 55 54 76 32 0 0 0 22 101 51 49 54 62 
0 0 29 0 79 9 0 50 8 102 0 0 44 0 95 13 6 48 0 111 103 111 143 94 210 
61 119 152 68 79 37 86 107 28 29 0 36 78 0 0 0 39 84 0 0 0 44 71 0 0 
0 0 121 0 0 0 0 100 0 0 81 121 221 123 117 0 0 96 0 0 0 0 109 0 0 
106 116 34 56 150 47 45 0 0 86 45 61 0 0 78 45 45 0 0 89 65 48 0 0 87 
0 49 0 24 37 61 115 58 81 95 0 61 0 28 39 0 57 0 41 40 26 65 23 53 65 
11 7 109 5 12 0 0 101 0 0 0 0 95 0 0 40 47 133 28 33 92 91 165 75 96 
0 0 0 51 75 88 81 63 117 163 0 0 0 49 73 0 0 0 36 84 0 0 0 47 73 
94 164 78 73 84 22 105 0 0 0 30 115 7 6 9 22 74 0 0 0 25 79 0 1 0 
71 38 99 46 104 20 0 42 11 62 20 0 42 0 78 18 0 54 2 59 10 0 33 0 60 
61 0 18 0 2 64 0 9 0 0 90 52 62 58 76 91 16 0 4 0 148 87 97 89 66 
31 34 118 44 51 0 0 81 0 0 0 0 77 0 1 2 0 70 0 0 30 31 110 27 26 
0 62 64 0 0 0 69 33 0 0 20 104 73 21 21 31 108 57 40 40 0 59 53 0 0 
0 0 84 0 41 23 25 104 11 51 1 0 75 0 20 0 0 74 0 21 0 0 94 0 22 
0 2159 0 0 0 0 2218 0 0 0 0 2071 0 0 0 0 2132 0 0 0 0 2078 0 0 0 
25 127 119 16 20 86 183 225 101 65 11 120 120 5 0 33 180 137 78 48 5 120 89 3 0 
61 101 84 0 0 54 120 101 0 0 73 120 100 0 0 57 130 90 0 0 59 116 107 0 0 
0 117 0 161 0 110 238 90 262 110 106 193 55 251 80 0 112 0 169 0 0 127 0 150 0 
0 0 0 0 0 1292 1251 1263 1221 1289 0 0 0 0 0 0 0 0 0 0 0 0 0 0 0 
0 0 81 131 0 0 0 76 109 0 0 0 83 133 0 0 0 83 132 0 0 0 72 145 0 
132 48 48 80 40 142 51 48 99 57 83 0 0 38 0 75 0 0 35 0 81 0 0 40 0 
0 137 0 0 98 0 167 0 0 87 0 170 0 0 97 0 143 0 0 77 0 159 0 0 108 
141 227 156 221 107 106 226 102 130 22 262 374 232 288 138 250 329 234 266 146 174 288 246 200 134 
101 79 269 274 90 0 0 170 194 0 120 121 265 305 105 0 0 150 177 10 29 22 200 204 31 
158 140 115 160 258 12 29 1 20 168 14 20 8 13 161 216 224 186 210 376 217 267 245 237 422 
0 141 0 0 0 0 111 0 0 0 0 147 0 0 0 5 124 1 3 2 249 354 259 238 249 
48 24 39 12 41 39 14 26 0 37 39 13 36 0 29 64 13 30 0 40 105 96 87 73 115 
200 73 0 101 0 202 73 0 103 0 205 58 0 102 0 190 69 0 105 0 198 54 0 117 0 
0 0 1471 0 0 0 0 1481 0 0 0 0 1380 0 0 0 0 1494 0 0 0 0 1462 0 0 
57 4 8 38 20 79 50 40 80 58 76 51 50 61 62 52 23 18 55 27 48 0 0 23 11 
98 108 114 72 166 0 0 6 0 42 52 74 66 56 100 0 0 16 0 50 0 0 12 0 56 
45 87 0 95 0 142 187 103 205 80 98 110 67 169 72 56 81 0 93 0 40 68 0 94 0 
77 84 79 86 129 75 75 64 60 106 0 27 0 0 46 0 18 0 0 27 57 76 55 47 86 
0 69 0 0 0 30 118 35 35 28 39 133 35 34 34 25 121 28 26 38 42 129 43 38 44 
33 11 41 34 0 101 71 111 111 63 42 21 46 37 0 47 9 43 35 0 40 20 36 39 0 
138 0 0 0 0 123 0 0 0 0 209 78 95 97 94 119 0 0 0 0 123 0 0 0 0 
0 0 0 0 828 0 0 0 0 780 0 0 0 0 837 1 0 0 0 825 0 0 0 0 773 
80 138 87 202 207 0 9 5 97 53 0 13 5 71 64 0 15 9 99 64 33 42 38 109 63 
134 0 0 0 0 251 101 90 101 82 155 0 0 0 0 157 0 0 0 0 149 0 0 0 0 
0 0 0 0 0 81 62 75 74 82 0 0 0 0 0 148 128 151 157 151 0 0 0 0 0 
0 22 0 143 0 33 55 46 186 32 0 19 0 132 0 0 16 0 136 0 0 20 0 160 0 
172 64 139 119 168 98 0 87 43 65 90 9 105 80 88 194 124 186 135 173 66 0 43 44 66 
58 62 77 157 145 36 31 38 100 105 0 0 0 92 79 0 0 0 55 61 9 8 10 94 68 
0 6 61 0 0 80 103 172 85 90 0 10 64 0 0 55 79 177 55 62 0 6 62 0 0 
110 0 110 0 0 101 0 84 0 0 92 0 100 4 1 69 0 100 0 0 108 9 88 10 9 
343 87 367 119 196 384 154 419 198 223 367 153 417 210 238 242 6 221 45 110 207 19 250 34 97 
65 152 69 83 66 0 86 0 26 0 17 128 28 33 27 0 104 0 16 0 0 74 0 22 0 
0 0 34 0 62 36 45 75 44 112 56 76 89 54 123 0 0 32 0 61 0 0 49 0 59 
0 0 21 0 209 0 0 16 0 196 0 0 29 0 179 0 0 27 0 192 0 0 26 0 208 
0 0 0 54 0 0 0 0 65 0 61 68 49 157 47 0 0 0 63 0 91 86 90 177 96 
116 0 0 120 0 150 0 0 135 0 142 0 0 123 0 128 0 0 138 0 132 0 0 138 0 
5 47 90 77 0 119 188 202 194 125 180 230 261 241 161 12 78 125 118 27 79 129 134 137 46 
97 119 109 103 202 0 0 0 0 71 0 0 0 0 70 21 22 25 20 98 0 0 0 0 73 
100 192 111 97 102 0 110 0 0 0 57 172 72 75 66 8 105 2 0 13 90 191 78 76 96 
136 125 76 78 78 76 45 0 0 0 85 47 4 4 8 63 47 0 0 0 71 56 0 0 0 
0 133 0 0 0 48 198 70 63 78 0 154 0 0 0 78 239 99 95 82 0 125 1 0 0 
0 0 0 0 0 0 0 0 0 0 0 0 0 0 0 0 0 0 0 0 444 412 455 432 401 
0 0 37 0 0 72 79 91 72 86 0 0 31 0 0 77 75 85 59 79 19 25 59 22 26 
8 15 15 17 52 0 0 0 0 36 80 79 71 69 98 0 0 0 0 32 68 98 76 76 105 
0 0 0 129 0 0 0 0 120 0 0 0 0 141 0 0 0 0 153 0 83 76 78 204 86 
0 65 0 32 71 0 56 0 38 72 0 48 0 35 86 2 57 0 31 72 17 69 25 52 110 
0 14 0 20 0 78 93 74 73 73 80 78 75 77 73 0 10 0 11 0 122 155 126 143 119 
0 0 117 54 0 43 45 155 106 50 0 0 102 39 0 0 0 89 38 0 0 0 126 35 0 
59 0 0 0 0 129 63 61 78 73 100 21 19 21 15 135 47 47 53 41 58 0 0 0 0 
83 35 33 110 37 39 0 0 91 0 48 0 0 85 0 83 35 30 120 32 55 0 0 83 0 
0 0 63 43 0 0 0 55 43 0 100 99 148 132 96 0 0 62 47 0 0 0 67 40 0 
3 7 54 104 7 0 0 52 82 0 54 32 118 132 49 29 42 77 130 38 0 0 53 82 0 
76 3 61 61 12 57 8 42 48 18 175 97 144 136 99 93 16 54 72 14 66 0 70 54 0 
46 0 61 0 58 42 0 60 0 60 27 0 75 0 79 95 60 128 71 118 34 0 60 0 59 
100 33 159 83 57 78 13 146 83 35 69 0 128 28 19 165 46 200 124 99 101 37 217 92 87 
13 106 157 38 114 115 197 282 113 213 31 104 187 49 161 0 52 159 7 116 59 118 171 79 183 
29 28 26 81 65 54 47 45 88 92 0 0 0 37 38 0 0 0 28 19 91 114 118 150 139 
18 31 0 82 0 28 46 0 104 0 77 72 37 131 54 24 37 0 104 0 40 31 0 80 0 
0 0 55 0 0 166 143 229 153 181 0 0 65 0 0 0 0 75 0 0 0 0 70 0 0 
64 11 11 7 21 99 75 70 72 71 102 87 92 98 95 40 0 5 0 10 34 13 15 8 25 
24 145 87 21 43 1 113 81 6 7 0 94 55 0 24 0 104 64 9 13 52 169 114 43 93 
140 209 109 104 99 68 76 46 21 23 40 64 18 0 0 47 51 18 0 0 31 58 17 0 0 
57 57 0 0 0 69 40 0 0 1 77 54 26 0 18 82 71 48 45 55 78 55 40 0 39 
37 76 42 70 28 0 62 10 38 16 0 51 10 44 17 0 42 12 28 13 39 104 63 96 78 
0 0 60 28 11 0 0 52 36 1 0 0 50 43 7 47 54 138 113 68 55 55 110 110 70 
29 38 26 22 31 0 0 0 0 0 71 59 57 62 54 0 0 0 0 0 120 107 99 114 110 
31 17 19 27 34 0 0 0 0 0 0 0 0 0 0 64 64 95 70 75 98 78 123 154 125 
30 39 90 36 30 0 7 55 0 1 55 45 127 32 43 0 0 53 0 0 0 0 56 0 0 
0 0 104 3 0 0 0 70 0 0 19 20 45 0 18 0 0 82 1 0 0 0 54 7 0 
42 70 0 0 0 66 93 38 30 29 67 106 17 14 9 79 119 37 37 41 36 65 0 0 0 
83 121 69 56 62 10 50 1 0 0 70 129 57 48 56 34 71 31 17 15 23 53 0 0 0 
0 123 129 183 0 0 154 129 179 0 0 122 137 183 0 0 129 131 178 0 0 138 131 182 0 
18 0 0 206 0 13 0 0 142 0 152 110 131 255 109 15 0 0 148 0 29 1 0 153 2 
142 147 31 99 103 195 266 85 124 189 165 217 84 127 136 101 109 13 34 86 275 310 129 189 220 
69 188 121 86 98 8 52 78 12 5 29 91 113 36 28 25 92 67 16 23 0 62 53 0 0 
4 24 13 0 69 4 42 26 0 125 9 24 12 4 63 62 92 74 45 153 29 41 45 19 107 
624 437 519 374 461 446 188 251 147 222 479 273 365 187 284 308 120 134 27 112 505 344 381 283 385 
97 76 1 3 0 187 159 80 74 73 101 85 0 0 0 97 103 24 15 20 86 65 0 0 0 
168 302 105 132 137 250 372 140 244 186 131 282 81 135 81 30 182 0 35 0 95 210 52 92 34 
0 0 0 0 52 0 0 0 0 56 0 0 0 0 65 0 0 0 0 58 134 157 141 152 185 
150 0 0 54 0 156 0 0 55 0 141 0 0 40 0 168 0 0 46 0 149 0 0 41 0 
175 147 186 265 137 38 0 84 126 0 60 35 121 176 58 42 6 102 96 34 46 0 82 82 3 
113 91 79 62 1 141 125 124 93 82 93 73 73 31 4 222 192 191 113 120 147 132 136 59 54 
76 165 65 77 69 0 71 0 0 0 8 102 4 10 7 0 86 0 0 0 98 190 84 100 81 
0 0 0 16 0 0 0 0 21 0 0 0 0 18 0 0 0 0 17 0 173 192 218 212 212 
88 8 63 147 120 29 8 37 124 108 76 22 57 145 129 42 0 43 121 101 150 84 138 234 232 
0 83 61 0 74 0 80 68 0 75 0 86 60 0 59 0 77 68 0 81 0 98 74 0 75 
56 23 66 45 36 85 51 100 66 61 24 19 38 23 11 62 49 119 75 53 8 0 36 1 0 
87 0 0 0 50 75 0 0 0 49 88 0 0 0 59 67 0 0 0 52 186 92 76 97 153 
53 87 0 87 48 41 75 0 89 62 67 73 0 140 68 149 174 91 193 127 101 136 34 121 86 
92 131 129 104 95 11 42 57 16 13 0 14 52 0 0 68 89 112 70 59 29 40 75 23 18 
0 0 0 142 35 0 0 0 158 28 27 29 16 156 51 0 0 0 149 34 0 0 0 138 38 
0 0 0 197 15 242 207 185 482 247 0 0 0 204 13 163 169 172 377 164 1 0 0 186 11 
68 144 148 179 53 22 92 150 185 28 62 116 151 153 52 45 176 193 206 102 114 125 172 240 68 
0 0 0 1287 0 0 1 0 1292 0 0 0 0 1299 0 0 0 1 1367 1 0 0 0 1312 0 
198 0 0 0 0 198 14 21 17 21 170 0 0 0 0 193 0 0 0 0 168 0 0 0 0 
92 0 0 0 0 117 0 0 0 0 122 0 0 0 0 102 0 0 0 0 206 88 85 89 99 
198 103 62 89 103 73 0 0 17 10 150 48 49 51 46 174 54 61 105 98 197 155 125 142 156 
88 91 160 108 78 0 0 67 0 0 0 0 84 0 0 0 0 58 0 0 205 212 249 215 220 
0 7 0 67 200 107 119 113 187 331 0 11 0 73 226 0 8 0 83 234 111 133 108 172 292 
9 7 80 2 236 2 1 53 5 178 104 113 174 107 288 144 137 221 174 348 1 0 47 2 182 
128 276 274 182 78 154 267 299 178 91 144 255 271 177 138 87 193 236 94 18 93 252 246 147 41 
114 0 0 10 0 104 0 0 0 0 119 0 0 0 0 117 0 0 0 0 153 21 31 49 34 
48 73 36 34 52 2 56 0 0 10 50 76 43 40 62 7 40 0 0 32 0 51 0 4 27 
610 629 640 675 625 0 0 0 0 0 0 0 0 0 0 0 0 0 0 0 0 0 0 0 0 
75 53 0 0 0 90 78 16 16 16 155 95 37 37 30 100 68 0 0 0 113 101 25 28 35 
36 0 0 61 77 85 44 54 99 146 19 0 0 69 70 43 10 16 66 60 34 29 36 85 89 
13 10 0 0 76 16 4 0 0 77 66 71 52 45 142 25 27 22 19 86 98 117 106 92 148 
55 0 0 0 0 62 0 0 0 0 64 0 0 0 0 202 133 145 146 141 52 0 0 0 0 
71 119 99 122 139 104 234 128 132 210 14 105 42 47 52 126 192 126 162 160 130 228 195 198 188 
0 0 0 0 0 30 35 30 18 22 0 0 0 0 0 59 67 67 65 90 100 94 96 97 127 
167 12 87 16 18 236 4 70 22 25 296 105 163 98 108 353 182 284 171 174 267 46 97 33 47 
20 0 45 0 0 22 0 18 0 0 12 0 34 18 0 104 78 109 85 83 34 2 30 0 3 
0 0 205 0 38 0 0 221 0 30 0 0 193 0 24 0 0 183 0 22 0 0 193 0 29 
113 77 0 129 53 127 87 1 127 91 125 131 34 174 92 100 74 1 115 60 91 90 0 129 49 
40 66 43 61 30 11 22 0 23 0 60 83 48 89 38 12 43 6 36 3 54 55 53 77 29 
0 0 43 48 0 64 46 89 84 55 0 0 33 29 0 50 41 86 71 43 36 27 73 63 26 
16 0 0 0 23 0 21 0 0 0 0 0 0 0 0 34 41 26 53 75 1 0 5 0 0 
0 238 0 215 0 0 204 0 206 0 6 213 2 209 6 0 199 0 202 0 0 210 0 219 0 
96 18 97 0 0 112 12 104 0 0 127 9 100 0 0 136 8 105 0 0 122 16 109 0 0 
