957 880 867 846 912 1102 1224 1095 1044 1090 630 776 649 727 799 1012 1039 1011 995 1066 641 578 555 520 643 
188 134 185 167 162 0 0 0 0 0 129 86 133 109 106 0 0 0 0 0 0 0 0 0 0 
108 44 44 215 229 74 0 0 144 133 171 70 85 281 250 75 0 0 109 141 74 0 0 139 131 
297 52 113 97 109 203 0 32 0 21 406 104 190 115 132 443 211 343 241 234 312 77 151 80 95 
0 0 1 146 14 157 126 133 337 171 3 2 0 187 19 116 122 113 255 110 0 0 0 147 9 
132 20 69 111 22 143 9 69 109 0 128 18 61 91 13 109 1 56 112 0 296 181 269 329 170 
110 6 22 0 85 89 5 18 0 112 191 89 113 85 196 172 71 91 71 159 228 101 130 113 258 
0 0 0 0 0 0 0 0 0 0 1019 1031 981 1011 1041 0 0 0 0 0 0 0 0 0 0 
0 0 0 245 0 0 0 2 229 0 107 97 93 345 112 99 97 80 375 118 0 0 0 227 0 
15 10 13 211 8 0 0 0 219 0 41 48 39 194 33 0 0 0 180 0 3 7 3 215 2 
60 164 194 208 61 29 149 216 223 61 109 189 251 299 123 96 220 234 238 109 103 147 174 260 53 
0 0 0 0 0 0 0 0 0 0 0 0 0 0 0 66 68 76 68 89 184 167 174 195 182 
78 93 74 56 189 0 10 0 0 106 0 2 0 0 120 0 4 0 0 118 86 92 93 71 190 
140 138 149 153 154 0 0 0 0 0 0 0 0 0 0 0 0 0 0 0 79 77 64 65 77 
0 0 0 0 0 0 0 0 0 0 0 0 0 0 0 440 447 428 415 422 196 183 183 197 208 
0 200 0 0 81 0 167 0 0 93 126 324 150 133 210 0 184 0 0 94 0 213 0 0 75 
945 0 0 0 0 915 0 0 0 0 923 0 0 0 0 966 0 0 0 0 957 0 0 0 0 
16 6 206 117 123 29 12 175 103 133 78 100 269 199 180 170 199 368 328 269 129 90 252 208 238 
90 131 81 151 74 68 83 69 135 76 0 36 0 53 0 53 90 49 102 48 0 42 0 45 0 
39 12 20 10 24 143 125 139 121 145 38 0 0 0 20 34 0 0 0 24 145 135 122 133 168 
0 0 134 0 0 0 0 125 0 0 0 0 147 0 0 151 127 248 121 118 0 0 143 0 0 
0 63 43 46 0 0 78 43 45 0 35 96 90 94 33 0 70 46 47 0 0 69 55 42 0 
0 5 0 8 154 145 128 130 143 266 169 135 113 127 243 1 1 1 0 125 100 93 98 89 211 
0 0 0 0 0 0 0 0 0 0 0 0 0 0 0 1012 1065 1087 1040 994 0 0 0 0 0 
0 18 51 135 0 0 17 54 115 0 0 18 46 142 0 0 17 50 143 0 0 14 54 140 0 
71 50 0 0 0 90 73 17 14 16 147 90 36 39 28 90 69 0 0 0 102 94 24 26 31 
66 121 71 156 152 6 42 15 76 71 13 42 20 74 96 0 40 0 59 80 0 34 0 64 73 
95 107 107 64 0 93 104 144 59 0 257 271 295 245 169 101 115 122 67 2 240 189 268 197 126 
85 13 17 102 12 73 0 0 117 0 209 150 140 231 131 88 0 0 105 8 111 52 49 189 44 
145 104 52 55 41 147 112 51 60 37 70 68 22 0 0 99 88 21 16 18 93 62 9 0 0 
0 0 152 64 0 0 0 164 54 0 0 0 196 59 0 0 0 181 51 0 0 0 157 48 0 
116 160 171 122 102 0 50 75 0 0 0 54 65 0 0 41 71 103 37 36 0 46 104 0 1 
96 77 101 99 81 152 144 140 146 135 27 53 64 57 57 0 0 0 0 0 0 0 0 0 0 
0 0 0 168 0 0 0 0 176 0 233 240 225 415 252 0 0 0 176 0 0 0 0 159 0 
0 0 0 0 0 169 157 192 141 168 0 0 0 0 0 0 0 0 0 0 81 68 74 73 83 
123 0 0 71 52 161 41 58 121 125 238 74 72 157 163 102 0 0 80 47 224 79 98 181 146 
0 89 0 0 0 0 81 0 0 0 0 65 0 0 0 117 169 87 131 86 57 133 45 52 47 
0 0 108 0 0 98 105 221 125 120 0 0 109 0 0 11 9 127 7 9 18 15 102 11 22 
218 191 180 234 104 105 64 69 98 0 82 74 58 82 0 245 216 154 246 94 115 109 78 138 3 
0 0 0 0 0 35 42 31 21 22 0 0 0 0 0 71 76 82 75 105 120 118 118 117 153 
0 226 0 204 0 0 187 0 196 0 8 208 6 196 7 0 187 0 194 0 0 199 0 205 0 
0 40 0 120 0 0 54 0 134 0 0 47 0 141 0 63 142 64 197 79 0 53 0 112 0 
0 0 0 0 70 77 65 73 56 123 80 68 66 75 118 0 0 0 0 68 0 0 0 0 73 
86 276 303 24 244 45 203 204 3 166 78 278 279 38 233 117 321 269 106 275 205 361 362 145 310 
0 53 38 0 93 22 66 55 13 107 33 92 93 45 89 0 67 28 0 78 0 69 33 0 77 
126 105 113 126 130 14 0 0 34 0 14 0 0 39 0 23 0 0 46 0 93 69 66 111 94 
77 0 71 0 0 74 0 81 0 0 130 58 124 56 56 118 20 91 16 16 77 0 80 0 0 
0 18 82 0 96 0 12 70 0 107 0 16 74 0 107 0 14 92 0 133 0 13 69 0 101 
12 49 137 70 17 54 60 149 81 45 0 32 114 33 0 36 62 150 96 40 0 25 108 59 0 
0 63 0 0 0 0 75 0 0 0 113 226 104 140 121 0 92 0 0 0 15 83 17 23 27 
0 0 0 79 0 67 73 53 133 92 0 0 0 77 0 0 0 0 84 0 76 66 60 153 67 
67 0 122 60 0 85 0 139 73 0 90 0 116 73 0 62 0 131 73 0 58 0 129 55 0 
100 71 0 34 0 147 96 17 61 29 118 108 0 30 0 140 70 0 50 0 105 74 0 42 0 
0 0 0 0 27 200 202 206 204 228 0 0 0 0 35 0 0 0 0 33 0 0 0 0 40 
112 53 63 135 97 73 45 60 118 86 32 0 0 59 13 43 0 0 64 13 40 15 11 77 34 
32 63 7 7 13 21 59 0 0 0 21 89 0 0 0 156 203 159 139 131 29 85 0 0 0 
0 0 0 21 0 186 170 196 198 164 0 0 0 23 0 0 0 0 22 0 0 0 0 19 0 
79 83 142 148 96 0 0 57 68 0 0 0 84 68 0 0 0 75 56 0 0 0 64 67 0 
70 62 70 53 69 43 0 0 0 11 82 66 53 54 75 34 0 0 0 23 99 50 49 53 60 
0 0 25 0 68 9 6 34 12 89 0 0 34 0 70 10 7 43 8 95 81 75 114 64 153 
601 596 619 658 596 0 0 0 0 0 0 0 0 0 0 0 0 0 0 0 0 0 0 0 0 
65 131 151 74 83 37 94 108 31 28 0 36 78 0 0 0 44 83 0 0 0 43 74 0 0 
0 0 118 0 0 0 0 106 0 0 78 123 222 114 107 0 0 92 0 0 0 0 109 0 0 
119 136 49 66 173 46 52 0 0 98 46 64 0 0 82 49 48 0 0 90 69 50 0 0 88 
0 49 0 23 36 59 115 57 80 93 0 59 0 27 38 0 55 0 39 40 26 65 22 53 63 
8 7 98 4 12 0 0 87 0 0 0 0 83 0 0 36 39 120 27 29 75 78 150 59 85 
0 0 0 51 75 88 81 63 117 163 0 0 0 49 73 0 0 0 36 84 0 0 0 47 73 
99 174 69 86 85 22 123 0 0 0 32 123 9 10 9 28 88 0 0 0 27 91 0 0 0 
58 22 83 30 98 13 0 35 1 64 8 0 29 0 70 16 0 43 0 63 8 0 37 5 68 
67 0 2 0 4 81 0 0 0 0 103 56 39 56 76 110 36 0 26 20 158 102 77 107 91 
67 34 118 48 50 32 0 81 0 0 28 0 77 0 0 25 0 70 0 0 82 45 121 48 39 
90 78 97 47 59 35 29 30 0 12 57 69 58 26 45 46 29 35 0 12 36 32 38 0 10 
0 62 64 0 0 0 74 56 0 0 20 104 79 21 21 32 108 57 38 42 0 62 53 0 0 
58 95 57 52 48 38 104 35 39 33 17 78 17 17 25 28 60 28 29 28 0 61 0 0 0 
28 0 90 0 43 62 43 124 39 79 24 0 83 0 28 32 9 96 0 29 29 0 97 0 27 
0 2082 0 0 0 0 2139 0 0 0 0 2011 0 0 0 0 2088 0 0 0 0 2019 0 0 0 
21 104 113 14 15 86 230 186 103 88 10 145 110 3 0 34 206 117 62 38 6 117 80 0 0 
56 91 73 0 0 47 109 90 0 0 66 99 92 0 0 50 108 93 0 0 57 97 99 0 0 
16 136 0 174 0 128 234 130 361 137 138 252 147 345 122 4 130 0 213 0 9 131 0 165 0 
69 82 123 98 87 0 0 41 0 0 0 0 61 0 0 0 0 55 0 0 163 207 244 211 213 
0 0 0 0 0 1254 1206 1211 1164 1238 0 0 0 0 0 0 0 0 0 0 0 0 0 0 0 
0 0 84 133 0 0 0 80 113 0 0 0 88 138 0 0 0 87 131 0 0 0 79 135 0 
159 51 59 116 44 175 53 63 131 61 102 0 0 43 0 90 0 0 43 0 97 0 0 45 0 
0 118 0 0 74 0 135 0 0 69 0 143 0 0 82 0 129 0 0 67 0 132 0 0 96 
187 292 144 220 104 176 268 101 156 24 333 417 277 358 175 222 352 240 250 121 234 454 292 296 183 
97 72 295 298 94 0 0 205 197 3 132 121 292 340 109 0 0 172 192 4 20 12 189 206 33 
167 131 141 204 298 7 28 4 12 199 18 27 8 14 194 254 227 190 227 405 259 295 299 313 468 
0 66 0 0 0 0 47 0 0 0 0 64 0 0 0 7 62 4 6 4 156 197 163 145 153 
62 35 52 15 57 56 17 29 0 59 58 16 45 0 31 83 14 39 0 47 162 123 131 107 179 
202 76 0 100 0 200 69 0 102 0 205 58 0 102 0 191 69 0 111 0 201 64 0 114 0 
55 0 0 0 0 62 0 0 0 0 64 0 0 0 0 202 133 145 146 141 52 0 0 0 0 
92 263 246 157 62 73 192 212 129 33 88 199 211 98 79 50 148 182 72 0 48 196 212 81 9 
116 11 14 73 33 146 87 62 143 90 149 97 104 112 106 107 34 34 111 49 81 0 0 46 15 
121 126 148 99 193 0 0 7 0 53 66 78 79 66 116 0 0 19 0 70 0 0 18 0 68 
17 45 0 47 0 95 113 58 98 46 52 56 23 73 32 33 38 0 47 0 24 42 0 51 0 
97 101 88 92 156 96 94 80 75 118 0 21 0 0 54 0 27 0 0 26 59 79 61 58 90 
0 65 0 0 0 28 120 33 31 29 35 131 32 30 28 23 112 21 25 32 37 113 43 33 45 
33 10 41 32 0 103 71 112 111 63 43 21 47 37 0 47 9 44 31 0 41 20 35 39 0 
1 14 0 70 200 112 137 130 203 350 1 25 1 85 252 0 14 0 89 248 117 154 119 178 297 
11 21 82 8 243 3 1 59 7 182 116 100 169 124 288 155 147 244 194 351 3 1 73 2 194 
148 0 0 0 0 148 0 0 0 0 222 85 107 111 113 134 0 0 0 0 131 0 0 0 0 
0 0 0 0 831 0 0 0 0 785 0 0 0 0 840 0 0 0 0 835 0 0 0 0 781 
134 108 0 171 61 152 113 0 191 63 164 171 46 252 99 115 121 6 184 86 116 125 0 168 65 
187 0 0 0 0 327 106 108 101 89 212 0 0 0 0 190 0 0 0 0 185 0 0 0 0 
0 0 0 0 0 75 57 72 70 75 0 0 0 0 0 155 124 147 152 144 0 0 0 0 0 
0 23 0 155 0 35 58 53 199 35 0 19 0 144 0 0 18 0 148 0 0 23 0 171 0 
68 58 100 123 147 55 0 79 66 61 29 3 73 75 64 92 53 120 120 123 9 0 51 58 39 
53 58 59 153 131 28 23 35 91 85 0 0 0 92 67 0 0 0 56 62 7 12 10 82 65 
0 9 62 0 0 77 87 176 83 87 0 9 68 1 0 52 72 159 53 59 0 5 55 0 0 
111 0 110 0 0 101 0 84 0 0 92 0 100 4 1 69 0 100 0 0 108 11 87 10 10 
315 108 316 136 222 345 181 431 224 220 344 175 403 212 281 194 13 211 77 135 203 73 266 49 135 
72 157 71 90 70 0 89 0 29 0 18 138 31 34 28 0 112 0 17 0 0 83 0 25 0 
0 0 35 0 66 38 47 84 49 122 61 82 98 57 131 0 0 35 0 72 0 0 51 0 65 
0 0 16 0 187 0 0 16 0 178 0 0 28 0 166 0 0 25 0 179 0 0 23 0 182 
0 0 0 52 0 0 0 0 59 0 57 62 45 147 47 0 0 0 62 0 93 86 87 167 87 
94 0 0 104 0 125 0 0 121 0 113 0 0 97 0 97 0 0 122 0 99 0 0 120 0 
10 52 91 58 3 105 179 197 184 125 166 223 244 217 148 5 62 100 84 13 81 107 118 128 60 
118 151 139 118 257 0 0 0 0 91 0 0 0 0 88 28 27 35 28 139 0 0 0 0 104 
128 229 139 132 145 0 124 0 0 0 80 200 84 92 79 0 103 0 0 2 96 202 80 77 87 
149 139 88 92 96 83 43 0 0 0 96 51 7 6 9 68 53 0 0 0 84 60 0 0 0 
0 107 0 0 0 31 159 44 48 58 0 115 0 0 0 63 172 75 72 68 0 106 0 0 0 
0 0 0 0 0 0 0 0 0 0 0 0 0 0 0 0 0 0 0 0 451 436 470 449 416 
0 0 37 0 0 73 79 92 75 87 0 0 31 0 0 76 75 85 59 79 18 24 59 22 26 
8 15 16 17 52 0 0 0 0 36 80 79 71 68 100 0 0 0 0 33 68 99 79 76 105 
0 0 0 127 0 0 0 0 111 0 0 0 0 135 0 0 0 0 139 0 72 70 76 191 79 
0 70 0 35 73 3 70 0 40 78 1 57 0 38 95 2 64 0 32 76 22 85 27 60 123 
0 112 0 0 0 0 108 0 0 0 0 106 0 0 0 0 96 0 0 0 97 185 98 105 92 
0 0 0 31 0 80 65 76 71 77 56 17 45 56 55 0 0 0 16 0 92 97 112 137 106 
0 0 117 55 0 41 45 155 106 49 0 0 102 39 0 0 0 89 38 0 0 0 126 34 0 
1 38 0 0 0 0 78 13 0 15 0 64 0 0 29 0 48 0 0 0 0 42 19 0 12 
59 0 0 0 0 126 62 59 76 69 99 20 18 19 15 131 47 46 52 41 58 0 0 0 0 
82 34 33 110 37 39 0 0 90 0 48 0 0 85 0 83 34 30 120 32 55 0 0 83 0 
0 0 63 43 0 0 0 55 42 0 101 98 149 131 97 0 0 62 46 0 0 0 67 42 0 
39 0 0 74 108 105 82 103 163 229 44 7 6 93 149 67 28 36 89 126 40 37 55 97 131 
3 6 53 104 8 0 0 52 88 0 51 33 120 137 52 34 41 72 130 39 0 0 53 87 0 
55 4 43 46 7 41 2 32 38 23 140 76 127 113 98 78 15 57 57 16 53 0 41 40 0 
47 0 58 0 59 44 0 62 0 55 30 0 70 0 74 98 56 120 73 120 31 0 61 0 55 
89 30 184 92 60 71 6 171 88 35 58 0 134 7 11 164 71 244 140 99 125 37 195 103 66 
13 100 166 31 147 151 220 319 140 292 34 123 210 40 190 0 37 166 6 134 110 182 263 146 263 
22 22 28 61 59 47 53 44 92 97 1 0 0 40 33 0 0 0 29 13 93 119 129 167 130 
19 32 1 91 1 33 58 0 120 0 90 82 39 145 62 30 42 0 113 0 48 42 0 90 0 
0 0 56 0 0 166 140 205 151 179 0 0 59 0 0 0 0 77 0 0 0 0 69 0 0 
64 116 74 93 47 21 32 0 34 0 86 120 86 128 62 9 72 8 69 7 88 79 100 127 38 
12 7 0 0 74 14 2 0 0 65 63 72 53 41 131 20 17 19 15 84 92 124 109 110 141 
59 11 9 6 20 85 60 62 64 64 94 73 78 87 83 38 0 5 0 12 34 11 14 7 21 
22 110 79 21 33 0 102 71 5 6 0 78 44 0 28 0 88 59 5 19 55 137 111 43 93 
149 191 100 101 99 77 65 43 20 19 41 51 16 0 0 45 56 14 0 0 33 50 17 0 0 
95 0 0 19 0 83 0 0 19 0 99 0 0 31 0 100 0 0 0 0 122 15 23 51 29 
68 85 18 27 22 46 48 0 0 3 57 72 16 9 13 65 77 37 42 50 83 76 51 29 46 
33 55 26 64 19 0 39 1 40 13 0 37 4 45 7 0 27 0 29 2 23 81 46 92 58 
0 0 56 27 11 0 0 45 35 3 0 0 44 40 6 43 53 122 94 61 54 50 100 93 63 
30 39 27 22 31 0 0 0 0 0 72 60 57 63 55 0 0 0 0 0 127 108 99 114 110 
41 36 37 32 39 0 0 16 0 0 0 0 19 0 0 49 45 78 58 51 120 92 128 128 121 
38 44 108 49 53 2 8 62 5 16 57 52 126 55 54 0 0 52 3 5 0 6 61 25 0 
0 0 179 31 0 0 0 141 23 0 19 20 156 35 18 0 0 166 23 0 0 0 162 23 0 
40 117 0 0 0 93 161 59 53 52 94 180 28 20 16 97 189 69 61 64 40 103 0 0 0 
70 5 81 86 93 157 75 186 199 194 166 82 195 205 231 164 55 121 135 169 104 12 97 147 129 
106 147 80 66 74 13 70 0 0 0 96 164 89 67 59 38 89 30 22 10 26 77 0 0 0 
0 121 115 165 0 0 128 124 173 1 0 111 124 167 1 0 119 117 162 0 0 133 119 169 0 
13 0 0 131 0 9 0 0 95 0 91 65 87 187 84 11 0 0 99 0 20 1 0 105 0 
44 69 40 43 57 0 49 0 0 21 50 85 45 39 58 7 36 0 0 33 0 62 0 0 32 
114 133 32 52 99 167 195 83 67 197 118 132 47 47 95 82 83 2 11 63 196 210 90 111 166 
58 164 116 89 98 7 41 59 7 1 34 76 99 36 29 28 65 53 10 27 0 63 48 0 0 
0 22 11 6 68 8 23 25 6 97 0 11 11 0 52 51 76 61 39 130 22 25 31 23 83 
595 470 455 371 435 442 126 218 163 197 476 216 296 171 220 309 94 97 54 115 528 327 362 326 355 
70 53 0 1 0 145 132 62 66 63 67 72 0 0 0 78 77 19 14 15 63 49 0 0 0 
135 301 124 125 125 224 385 154 255 181 105 275 83 133 71 30 187 0 33 0 87 218 51 70 44 
15 0 9 80 0 0 0 0 46 0 70 59 57 85 36 78 52 80 107 76 26 0 6 46 0 
0 0 0 0 54 0 0 0 0 58 0 0 0 0 67 0 0 0 0 58 140 165 146 156 189 
76 4 37 0 12 121 17 54 29 29 116 44 88 49 50 136 69 122 73 89 127 27 48 16 24 
150 0 0 54 0 156 0 0 55 0 141 0 0 40 0 168 0 0 46 0 149 0 0 41 0 
200 135 195 256 120 48 0 98 126 1 112 47 150 196 79 64 8 110 105 20 59 0 92 92 2 
0 0 48 57 0 78 64 107 106 69 0 0 40 34 0 63 56 110 97 51 45 37 80 73 33 
53 84 64 138 109 0 6 1 78 40 0 13 5 48 48 0 8 8 68 44 25 28 19 67 38 
129 87 89 83 19 163 119 124 125 98 86 61 55 57 5 235 163 189 145 127 142 136 144 90 65 
69 157 63 72 63 0 65 0 0 0 6 96 6 5 3 0 70 0 0 0 95 184 71 94 78 
0 0 0 17 0 0 0 0 19 0 0 0 0 21 0 0 0 0 19 0 175 190 212 221 212 
44 0 0 33 39 116 88 76 102 103 47 4 0 33 39 36 2 0 25 43 48 0 0 28 34 
52 7 56 114 84 29 7 36 111 86 72 27 52 143 116 20 0 39 78 90 134 85 120 190 221 
0 110 83 0 82 0 101 95 0 92 0 107 63 0 69 0 90 77 0 92 0 121 82 0 77 
44 24 57 42 33 70 54 99 54 55 25 13 38 18 14 56 50 105 67 47 7 0 33 0 0 
71 0 0 0 48 60 0 0 0 46 78 0 0 0 53 62 0 0 0 44 161 83 72 84 138 
0 0 179 0 32 0 0 209 0 27 0 0 181 0 23 0 0 170 0 21 0 0 160 0 25 
68 120 6 140 84 59 137 1 140 86 47 91 0 148 63 208 267 149 268 193 114 189 85 191 156 
92 0 0 0 0 117 0 0 0 0 122 0 0 0 0 102 0 0 0 0 206 88 85 89 99 
68 87 96 75 62 8 35 38 12 9 0 14 43 0 0 58 68 82 50 45 20 28 55 18 12 
0 0 0 140 35 0 0 0 158 28 27 29 16 157 51 0 0 0 149 34 0 0 0 138 38 
0 0 0 36 0 78 67 49 105 61 0 0 0 27 0 50 49 62 95 56 45 54 46 100 40 
89 16 84 0 0 104 10 96 0 0 113 9 87 0 0 116 8 89 0 0 113 14 100 0 0 
0 0 0 1224 0 0 0 0 1217 0 0 0 0 1221 0 0 3 3 1309 3 0 0 0 1244 0 
0 0 1447 0 0 0 0 1478 0 0 0 0 1368 0 0 0 0 1487 0 0 0 0 1451 0 0 
