1074 995 911 920 1028 1207 1219 1197 1147 1206 796 753 807 770 912 1135 1031 1084 1134 1081 717 595 613 588 735 
137 108 143 127 127 0 0 0 0 0 100 65 101 86 87 0 0 0 0 0 0 0 0 0 0 
97 37 36 155 182 89 0 0 136 128 161 76 57 255 279 50 0 0 101 138 65 0 0 109 117 
284 53 74 116 106 165 0 0 12 0 366 101 155 134 130 344 157 224 234 224 278 80 125 148 107 
0 0 0 153 15 163 129 133 338 181 0 2 0 173 17 124 125 128 274 112 0 0 0 139 9 
177 40 129 134 44 135 10 92 96 0 138 34 93 116 30 123 4 64 117 0 271 176 240 272 166 
111 12 21 0 90 83 4 16 0 105 191 95 118 91 200 170 66 90 69 156 223 111 134 103 250 
0 0 0 0 0 0 0 0 0 0 1031 1044 987 1003 1049 0 0 0 0 0 0 0 0 0 0 
0 0 1 222 0 0 0 5 222 0 99 94 87 325 109 92 97 82 346 111 0 0 0 210 0 
15 8 15 220 5 0 0 0 228 0 37 46 35 225 31 0 0 0 210 0 3 6 3 219 4 
231 218 265 331 176 44 1 105 172 1 83 50 124 236 62 44 0 127 118 30 46 0 94 109 0 
0 0 0 0 0 0 0 0 0 0 0 0 0 0 0 57 65 71 64 89 170 157 153 182 164 
75 99 68 59 192 0 15 0 0 107 0 3 0 0 116 0 6 0 0 119 84 84 88 65 183 
141 149 140 152 155 0 0 0 0 0 0 0 0 0 0 0 0 0 0 0 81 81 70 63 80 
0 0 0 0 0 0 0 0 0 0 0 0 0 0 0 432 440 423 409 423 195 180 188 189 207 
0 200 0 0 80 0 180 0 0 95 110 314 141 117 196 0 187 0 0 95 0 212 0 0 76 
794 0 0 0 0 790 0 0 0 0 785 0 0 0 0 808 0 0 0 0 823 0 0 0 0 
19 7 187 135 192 46 14 232 158 219 100 98 280 250 261 177 196 379 336 358 138 107 295 234 330 
106 142 90 166 93 85 101 70 137 70 0 44 0 47 0 41 103 51 116 57 0 52 0 54 0 
35 8 15 9 21 134 99 114 102 134 36 0 0 0 19 29 0 0 0 18 136 120 113 111 153 
0 0 125 0 0 0 0 134 0 0 0 0 151 0 0 154 123 288 139 151 0 0 150 0 0 
0 80 55 50 0 0 88 54 58 0 41 109 107 119 37 0 85 68 64 0 0 79 75 54 0 
5 0 0 5 151 138 101 122 139 265 153 120 118 136 218 1 13 0 0 139 85 95 94 81 216 
0 0 0 0 0 0 0 0 0 0 0 0 0 0 0 987 1049 1057 1028 955 0 0 0 0 0 
0 17 54 148 0 0 19 66 123 0 0 19 49 158 0 0 18 58 159 0 0 18 58 156 0 
66 50 0 0 0 89 72 15 15 13 144 88 36 39 30 93 65 0 0 0 101 96 23 28 30 
114 185 123 276 246 0 40 16 133 95 0 45 22 116 111 0 41 0 118 79 22 58 9 128 107 
83 96 85 60 7 84 96 134 69 0 238 265 276 235 162 94 112 117 62 0 230 191 235 195 110 
75 15 17 97 18 74 0 0 112 0 207 150 134 220 128 76 0 0 105 0 105 48 46 174 40 
121 106 42 54 34 160 111 47 59 35 66 65 16 0 0 98 74 18 14 15 97 53 10 0 0 
0 0 138 60 0 0 0 153 51 0 0 0 183 51 0 0 0 163 43 0 0 0 141 43 0 
145 192 201 147 117 0 67 87 0 0 0 52 86 0 0 69 89 136 57 36 0 51 103 0 0 
76 61 83 77 67 126 155 128 141 129 32 55 62 39 49 0 0 0 0 0 0 0 0 0 0 
0 0 0 165 0 0 0 0 174 0 230 233 220 409 242 0 0 0 170 0 0 0 0 153 0 
0 0 0 0 0 157 144 179 149 146 0 0 0 0 0 0 0 0 0 0 77 65 69 73 85 
105 1 1 59 34 124 37 54 97 97 202 75 97 143 154 79 0 0 61 41 189 65 84 144 117 
0 87 0 0 0 0 78 0 0 0 0 62 0 0 0 109 148 82 117 80 53 126 45 50 50 
0 0 97 0 0 87 88 187 107 108 0 0 98 0 0 7 9 102 4 8 14 13 86 9 16 
217 196 158 232 91 93 76 54 93 0 80 76 52 88 0 243 207 138 241 94 109 110 78 118 3 
0 0 0 0 0 37 43 35 24 24 0 0 0 0 0 70 78 83 71 117 110 115 110 111 150 
0 229 0 209 0 0 189 0 203 0 9 207 7 206 7 0 196 0 197 0 0 206 0 209 0 
0 35 0 101 0 0 44 0 111 0 0 42 0 107 0 51 107 55 172 56 0 48 0 96 0 
0 0 0 0 79 86 84 84 67 144 91 82 80 92 140 0 0 0 0 86 0 0 0 0 87 
103 262 320 7 234 61 186 233 4 180 118 273 295 37 234 167 312 322 113 292 217 336 348 130 305 
0 49 39 0 90 23 70 54 14 97 31 91 100 40 95 0 64 30 0 73 0 69 35 0 76 
100 84 98 106 108 13 0 0 32 0 10 0 0 34 0 15 0 0 38 0 81 59 54 97 73 
28 0 0 54 69 68 41 41 85 120 18 0 1 63 61 36 10 15 55 59 27 27 27 70 73 
70 0 72 0 0 66 0 79 0 0 119 57 112 53 53 105 16 84 13 14 66 0 75 0 0 
0 18 81 0 96 0 12 68 0 107 0 16 73 0 106 0 14 91 0 133 0 12 69 0 101 
21 62 163 86 23 61 85 179 115 64 0 50 137 41 0 60 87 178 111 47 0 27 113 63 0 
0 58 0 0 0 0 66 0 0 0 104 206 97 124 111 0 82 0 0 0 14 75 17 22 24 
0 0 0 71 0 59 60 48 121 81 0 0 0 70 0 0 0 0 80 0 71 63 57 147 61 
50 0 92 47 0 58 0 110 53 0 60 0 93 50 0 46 0 102 54 0 45 0 99 46 0 
77 46 0 29 0 103 73 16 47 24 92 86 0 25 0 110 53 0 41 0 87 58 0 33 0 
0 0 0 0 23 177 158 178 182 192 0 0 0 0 30 0 0 0 0 29 0 0 0 0 32 
89 47 57 107 77 58 36 49 96 68 24 0 0 52 10 28 0 0 48 11 36 11 8 55 26 
29 54 7 6 10 17 47 0 0 0 21 73 0 0 0 125 160 123 115 111 27 72 0 0 0 
0 0 0 24 0 198 178 214 212 178 0 0 0 27 0 0 0 0 24 0 0 0 0 19 0 
71 81 139 141 91 0 0 53 64 0 0 0 75 63 0 0 0 67 54 0 0 0 59 62 0 
73 63 64 54 74 43 0 0 0 12 79 66 52 47 74 30 0 0 0 22 105 52 48 51 63 
0 0 25 0 69 9 6 36 12 89 0 0 34 0 70 10 7 43 8 95 81 75 114 64 153 
584 586 605 639 586 0 0 0 0 0 0 0 0 0 0 0 0 0 0 0 0 0 0 0 0 
55 105 137 64 70 28 79 95 26 26 0 32 70 0 0 0 37 71 0 0 0 39 66 0 0 
0 0 110 0 0 0 0 91 0 0 76 114 207 112 101 0 0 85 0 0 0 0 104 0 0 
90 103 33 50 118 33 36 0 0 75 36 45 0 0 59 39 39 0 0 63 51 39 0 0 67 
0 50 0 0 0 39 89 36 41 30 0 56 0 8 0 0 54 0 26 0 8 41 7 16 8 
9 7 99 5 12 0 0 87 0 0 0 0 83 0 0 36 39 119 27 29 75 78 150 59 85 
0 0 0 51 75 88 81 63 117 163 0 0 0 49 73 0 0 0 36 84 0 0 0 47 73 
94 165 78 73 84 22 106 0 0 0 28 115 5 8 9 22 75 0 0 0 25 80 3 3 1 
73 38 106 53 108 20 0 44 12 66 22 0 49 9 79 19 0 57 12 64 12 0 43 14 71 
87 18 23 0 3 98 12 16 0 0 130 65 78 60 82 130 56 61 26 36 196 106 136 104 96 
67 34 118 48 54 32 0 81 0 4 29 0 77 0 7 25 0 70 0 8 83 45 122 48 47 
0 46 0 0 1 25 62 27 51 40 20 58 27 28 13 28 74 36 54 16 0 38 0 8 0 
89 74 99 48 60 32 26 32 0 11 51 64 59 27 45 46 27 38 0 13 31 31 37 0 10 
0 62 70 0 0 16 81 71 20 20 21 104 82 20 21 32 109 67 39 42 0 62 59 0 0 
58 102 57 52 49 38 109 36 41 33 19 84 21 21 31 28 64 28 30 31 0 66 0 0 0 
24 0 86 0 40 59 43 116 39 73 22 0 75 0 21 26 0 86 0 24 28 0 86 0 23 
0 2069 0 0 0 0 2144 0 0 0 0 1993 0 0 0 0 2077 0 0 0 0 2008 0 0 0 
16 119 101 14 11 87 189 171 73 43 5 121 102 5 0 38 222 140 89 39 4 116 85 0 0 
52 81 78 0 0 42 101 94 0 0 66 100 97 0 0 62 113 86 0 0 58 106 94 0 0 
0 120 1 130 0 103 188 94 246 105 93 191 57 225 80 0 113 0 146 0 5 111 0 101 0 
88 118 9 157 102 84 194 0 191 153 60 99 5 174 89 252 309 190 335 242 175 244 140 291 234 
0 0 0 0 0 1255 1214 1220 1180 1244 0 0 0 0 0 0 0 0 0 0 0 0 0 0 0 
0 0 82 129 0 0 0 76 113 0 0 0 85 130 0 0 0 84 128 0 0 0 75 132 0 
131 48 57 79 36 138 52 53 100 60 80 0 0 37 0 72 0 0 33 0 80 0 0 41 0 
0 137 0 0 91 0 172 0 0 84 0 182 0 0 98 0 161 0 0 87 0 156 0 0 113 
190 293 166 269 99 129 278 101 156 21 284 435 247 339 157 238 352 236 259 164 221 423 276 273 184 
19 17 179 186 76 0 0 122 76 34 78 88 178 203 115 0 1 65 88 40 47 73 180 178 116 
151 137 139 164 282 6 15 0 4 168 9 9 5 1 152 203 224 189 180 374 234 257 279 245 382 
0 67 0 0 0 0 48 0 0 0 0 68 0 0 0 8 68 5 8 4 172 211 163 161 163 
47 22 36 11 41 39 13 27 0 37 38 11 33 0 28 63 9 29 0 39 104 95 85 73 111 
44 131 129 176 46 30 118 145 174 34 88 140 181 218 70 25 152 171 181 61 54 111 134 218 34 
208 81 0 103 0 207 75 0 108 0 211 61 0 108 0 207 69 0 123 0 215 69 0 127 0 
52 14 2 40 43 141 123 85 129 114 59 15 0 40 51 46 0 0 26 48 60 11 0 38 36 
55 0 0 0 0 62 0 0 0 0 64 0 0 0 0 202 133 145 146 141 52 0 0 0 0 
68 228 256 164 37 101 212 261 122 23 112 225 226 118 87 58 180 205 82 0 61 251 267 122 30 
64 4 7 39 23 116 64 49 96 72 95 64 60 73 83 66 30 21 57 35 52 0 1 24 13 
104 112 131 80 174 0 0 7 0 48 59 72 84 65 111 0 0 17 0 47 0 0 10 0 61 
39 62 0 70 0 118 143 77 133 59 82 87 47 104 49 49 49 0 61 0 31 55 0 66 0 
95 92 100 107 138 96 92 83 81 122 0 26 0 0 53 1 24 0 0 32 69 85 66 66 112 
0 71 0 0 1 36 134 34 38 29 35 136 38 32 33 30 116 24 27 37 40 114 43 38 51 
32 9 41 34 0 103 71 113 112 63 43 21 48 37 0 46 9 44 35 0 41 20 37 38 0 
0 22 0 109 240 142 154 142 247 416 3 45 0 108 287 0 26 0 107 281 138 167 131 220 352 
8 28 96 11 234 4 0 78 5 181 114 103 190 111 275 141 147 233 163 345 2 5 81 0 189 
158 0 0 56 0 163 0 0 57 0 148 0 0 43 0 172 0 0 48 0 156 0 0 42 0 
0 0 0 0 834 0 0 0 0 797 0 0 0 0 853 0 0 0 0 836 0 0 0 0 774 
133 117 0 168 70 149 123 5 194 120 199 209 51 243 133 157 138 8 176 99 139 184 0 214 91 
119 0 0 0 0 224 84 77 78 66 134 0 0 0 0 131 0 0 0 0 126 0 0 0 0 
53 27 60 45 31 83 65 113 62 58 12 18 36 7 3 62 58 139 82 59 4 0 38 0 0 
0 22 0 143 0 33 55 46 186 32 0 19 0 132 0 0 16 0 136 0 0 20 0 159 0 
0 0 44 51 0 67 53 88 88 56 0 0 37 32 0 54 47 91 74 41 39 27 75 69 27 
112 76 120 148 155 46 3 53 53 39 23 0 56 71 54 85 30 105 126 99 0 0 32 67 28 
43 49 55 128 106 29 22 31 81 74 0 0 0 76 55 0 0 0 47 50 7 10 9 75 54 
175 140 100 98 23 253 187 174 159 116 155 114 73 76 8 306 223 204 154 144 231 213 182 120 101 
140 0 0 0 0 117 0 0 0 0 202 79 93 97 99 115 0 0 0 0 124 0 0 0 0 
0 6 59 0 0 74 83 158 75 81 0 9 65 0 0 47 65 147 44 50 0 5 54 0 0 
213 6 198 0 0 211 0 184 0 0 210 6 191 4 2 182 3 191 0 0 219 20 192 11 10 
0 0 0 0 0 69 53 69 61 69 0 0 0 0 0 140 116 133 139 134 0 0 0 0 0 
312 121 336 127 221 355 212 451 219 285 373 186 445 236 274 206 12 203 50 127 230 57 303 61 128 
73 175 83 92 77 0 97 0 29 0 18 151 32 37 27 0 121 0 22 0 0 94 0 24 0 
0 0 0 20 0 0 0 0 19 0 0 0 0 17 0 0 0 0 21 0 172 192 208 238 216 
0 0 33 0 58 35 46 78 44 113 55 74 89 53 121 0 0 33 0 61 0 0 49 0 58 
0 0 16 0 187 0 0 15 0 178 0 0 28 0 166 0 0 25 0 180 0 0 23 0 182 
0 0 0 50 0 0 0 0 59 0 54 59 45 140 45 0 0 0 58 0 85 78 81 158 86 
107 0 0 107 0 124 0 0 124 0 112 0 0 99 0 105 0 0 128 0 111 0 0 124 0 
14 65 91 95 13 107 198 204 218 117 194 246 253 283 178 21 91 98 138 26 82 121 127 172 43 
114 143 136 120 253 0 0 0 0 91 0 0 0 0 82 27 25 37 23 111 0 0 0 0 81 
98 203 92 98 82 0 100 0 0 0 19 149 15 31 19 1 113 0 0 4 123 258 107 115 118 
139 129 79 77 79 77 46 0 0 0 85 47 5 4 8 63 49 0 0 0 73 58 0 0 0 
0 106 0 0 0 35 164 46 55 57 0 125 0 0 0 60 185 74 82 64 0 111 0 0 0 
92 0 0 0 0 117 0 0 0 0 122 0 0 0 0 102 0 0 0 0 206 88 85 89 99 
0 0 0 0 0 0 0 0 0 0 0 0 0 0 0 0 0 0 0 0 437 419 457 435 406 
0 0 37 0 0 73 79 92 75 87 0 0 31 0 0 76 75 83 56 79 19 25 59 22 26 
8 14 16 17 52 0 0 0 0 36 80 79 71 69 99 0 0 0 0 33 68 98 79 76 105 
0 0 0 126 0 0 0 0 111 0 0 0 0 135 0 0 0 0 139 0 72 71 76 190 79 
0 67 0 34 71 1 64 0 39 77 1 56 0 36 91 2 60 0 32 73 19 77 24 56 113 
71 0 0 0 35 60 0 0 0 26 78 0 0 0 28 62 0 0 0 27 161 83 72 84 127 
0 118 0 0 0 0 107 0 0 0 0 107 0 0 0 0 97 0 0 0 98 188 101 105 93 
26 65 45 61 44 48 59 46 34 47 48 48 46 46 44 0 8 0 12 0 85 112 78 87 70 
0 0 120 58 1 46 45 162 110 56 0 0 108 41 0 0 0 89 42 0 0 0 133 35 0 
16 44 8 0 9 8 65 21 10 21 0 49 0 0 22 36 70 39 39 80 0 33 9 0 37 
59 0 0 0 0 126 61 61 74 70 100 19 18 19 15 130 48 46 52 41 58 0 0 0 0 
195 0 0 0 0 197 13 18 17 20 178 0 0 0 0 196 0 0 0 0 166 0 0 0 0 
83 35 33 111 35 37 0 0 91 0 47 0 0 85 0 83 34 30 120 31 55 0 0 83 0 
0 0 0 24 0 43 43 45 66 40 34 23 43 59 33 0 5 0 28 0 50 52 55 103 59 
0 0 63 43 0 0 0 55 43 0 101 99 149 132 97 0 0 62 47 0 0 0 67 42 0 
79 12 64 136 115 34 8 47 126 101 69 30 53 150 112 37 0 39 100 92 134 76 128 197 215 
2 6 48 94 6 0 0 45 71 0 46 29 99 113 44 27 38 66 108 34 0 0 44 74 0 
60 5 50 59 12 51 7 47 49 18 151 96 163 137 102 87 28 63 60 19 72 0 70 40 0 
56 0 68 0 78 48 0 78 0 69 35 0 90 0 90 128 72 146 83 131 35 0 67 0 61 
141 79 194 125 95 93 27 171 91 36 70 0 124 28 15 182 87 228 130 116 158 72 234 125 104 
12 116 187 34 149 152 255 334 162 296 37 137 204 52 191 0 90 175 5 139 110 217 270 147 268 
22 23 25 63 54 41 45 38 83 87 0 0 0 31 34 0 0 0 25 18 89 101 103 146 111 
22 40 0 105 0 41 69 0 136 0 94 100 48 166 65 30 46 0 136 0 52 42 0 112 0 
0 0 50 0 0 154 140 196 139 169 0 0 58 0 0 0 0 69 0 0 0 0 63 0 0 
51 81 54 84 48 13 32 0 26 0 79 96 71 109 46 15 52 7 49 3 56 67 66 97 17 
10 8 0 0 67 11 2 0 0 54 58 58 40 42 124 18 19 12 13 79 94 122 87 83 124 
59 11 10 6 19 86 60 62 64 62 91 67 75 87 81 39 0 5 0 9 31 10 10 0 18 
25 136 81 25 43 0 101 78 7 7 0 80 63 0 25 0 110 69 7 18 52 139 123 52 88 
134 175 87 89 89 64 57 38 19 18 39 57 16 0 0 37 44 13 0 0 30 40 13 0 0 
0 67 55 0 67 0 71 63 0 72 0 78 53 0 55 0 65 64 0 69 0 83 67 0 66 
100 0 0 82 0 84 0 0 83 0 101 0 0 84 0 103 0 0 71 0 126 15 24 111 30 
67 128 76 74 80 0 63 0 0 0 39 103 44 39 37 0 55 0 0 0 30 77 27 30 30 
50 59 0 15 12 46 41 0 0 0 38 60 8 0 10 51 57 32 36 40 76 65 41 30 43 
38 76 42 67 29 0 61 11 39 16 1 50 10 41 19 0 41 14 27 13 39 104 63 91 78 
0 0 56 27 11 0 0 45 35 3 0 0 44 40 6 43 52 122 94 61 54 50 100 93 63 
30 39 27 23 31 0 0 0 0 0 74 60 57 62 57 0 0 0 0 0 128 110 105 119 113 
49 38 38 38 44 0 0 16 0 0 0 0 22 0 0 46 42 91 53 48 134 109 142 149 125 
35 44 110 52 52 1 9 61 19 16 56 53 128 53 49 0 0 53 3 0 0 7 62 25 11 
0 0 180 32 0 0 0 141 23 0 19 20 156 37 18 0 0 166 23 0 0 0 162 23 0 
51 87 0 0 0 74 117 44 39 32 80 125 18 17 10 93 142 45 46 44 50 83 0 0 0 
69 0 79 84 90 138 62 160 163 165 160 83 172 192 208 140 42 112 122 148 90 6 88 136 118 
111 142 83 65 84 16 48 5 0 0 90 149 77 61 72 47 77 33 17 16 26 66 0 0 0 
0 116 111 165 0 0 129 120 164 0 0 110 122 168 0 0 118 114 156 0 0 128 119 167 0 
0 0 0 143 36 0 0 0 161 28 27 32 16 161 52 0 0 0 148 35 0 0 0 140 39 
15 0 0 159 0 9 0 0 120 0 102 81 108 228 107 12 0 0 121 0 22 0 0 127 0 
54 85 47 43 68 0 50 0 0 30 56 90 47 48 65 7 37 0 0 34 0 57 0 3 32 
115 119 12 51 78 150 192 70 87 167 114 125 47 59 96 65 72 0 24 55 169 186 86 104 130 
55 149 107 69 86 6 39 60 10 2 27 69 91 28 28 19 75 53 10 22 0 51 44 0 0 
0 24 9 0 71 8 36 19 2 111 0 22 12 0 52 56 79 63 49 132 17 32 25 23 92 
0 0 185 0 32 0 0 202 0 27 0 0 179 0 21 0 0 175 0 20 0 0 159 0 24 
652 444 569 415 508 487 174 284 151 223 502 265 339 192 272 359 155 125 9 162 556 312 397 312 384 
76 59 2 0 0 143 135 64 69 63 79 79 0 0 0 86 84 22 14 16 72 56 0 0 0 
146 282 116 151 120 237 354 139 252 163 126 257 74 152 67 38 182 0 63 0 88 202 59 113 44 
22 0 28 73 0 24 0 15 45 0 72 43 63 76 25 86 52 79 106 64 27 0 26 41 0 
0 0 0 34 0 74 63 48 99 52 0 0 0 25 0 45 46 59 86 51 44 49 44 94 39 
0 0 0 0 52 0 0 0 0 56 0 0 0 0 65 0 0 0 0 60 137 158 146 159 187 
70 0 48 0 17 135 17 67 20 39 147 64 109 60 68 175 84 162 73 102 154 35 66 18 26 
54 31 101 108 28 0 0 77 110 0 49 46 124 128 40 0 0 86 88 0 0 0 77 71 0 
63 27 29 68 75 42 0 0 30 59 57 0 0 26 39 58 0 0 36 41 92 45 48 79 85 
35 57 106 79 57 0 0 33 0 0 0 0 49 0 0 0 0 48 0 0 139 157 173 144 139 
0 0 0 1156 0 0 0 0 1154 0 0 0 0 1184 0 0 0 0 1245 2 0 0 0 1196 0 
0 0 1457 0 0 0 0 1467 0 1 0 0 1369 0 0 0 0 1486 0 0 0 0 1458 0 0 
