1002 963 876 905 950 1234 1271 1221 1209 1226 757 757 759 764 983 1134 1052 1068 1141 1163 715 565 579 571 781 
184 134 188 170 157 0 0 0 0 0 139 91 152 108 109 0 0 0 0 0 0 0 0 0 0 
131 39 35 175 210 69 0 0 149 158 179 82 67 279 274 56 0 0 96 133 63 1 0 95 109 
232 65 80 105 108 137 0 9 12 12 310 84 147 102 123 286 134 211 176 150 271 109 165 142 135 
0 0 2 162 15 165 130 145 349 191 3 4 1 199 15 142 129 127 284 127 0 0 0 145 8 
153 57 116 141 42 129 16 90 113 2 125 33 104 124 25 118 4 60 115 0 265 186 263 296 158 
106 9 18 0 101 82 7 12 0 109 182 88 103 92 201 159 70 94 69 165 228 104 123 124 242 
0 0 0 0 0 0 0 0 0 0 1037 1041 990 1011 1050 0 0 0 0 0 0 0 0 0 0 
0 0 0 243 0 0 0 3 253 0 112 103 94 360 119 103 100 85 375 118 0 0 0 231 0 
11 9 14 197 5 0 0 0 195 0 41 46 39 201 33 0 0 0 176 0 4 3 2 201 1 
209 176 232 300 165 33 1 92 136 0 60 41 119 214 62 38 3 112 96 19 34 1 89 103 0 
0 0 0 0 0 0 0 0 0 0 0 0 0 0 0 55 62 61 63 78 158 149 144 173 146 
78 94 77 55 172 0 11 0 0 105 0 3 0 0 109 0 4 0 0 114 94 88 93 68 160 
138 143 152 147 155 0 0 0 0 0 0 0 0 0 0 0 0 0 0 0 81 78 64 63 79 
0 0 0 0 0 0 0 0 0 0 0 0 0 0 0 423 426 415 405 410 186 174 178 185 203 
0 196 0 0 80 0 165 0 0 95 109 307 137 122 194 0 180 0 0 91 0 210 0 0 75 
794 0 0 0 0 788 0 0 0 0 783 0 0 0 0 812 0 0 0 0 823 0 0 0 0 
8 6 180 123 152 36 13 178 131 175 95 107 235 224 210 135 171 350 309 302 116 89 239 220 263 
109 147 96 178 92 70 95 72 120 78 0 45 0 50 0 56 113 61 114 62 0 46 0 48 0 
33 8 14 7 19 130 110 111 94 124 35 0 0 0 16 23 0 0 0 19 113 112 95 102 140 
0 0 156 0 0 0 0 156 0 0 0 0 166 0 0 187 173 304 160 160 0 0 172 0 0 
0 72 46 52 0 0 82 55 55 0 39 102 102 112 42 0 87 53 56 0 0 75 64 50 0 
4 0 0 2 143 150 130 136 148 248 149 133 126 130 219 2 2 0 0 129 92 92 107 91 206 
0 0 0 0 0 0 0 0 0 0 0 0 0 0 0 973 1032 1043 1009 941 0 0 0 0 0 
0 19 55 153 0 0 18 63 124 0 0 19 51 155 0 0 19 55 157 0 0 21 59 157 0 
82 56 0 0 0 101 76 17 16 13 164 95 42 42 34 112 73 0 0 0 111 108 25 32 33 
101 172 116 267 231 2 42 19 137 86 7 46 22 115 102 0 42 6 120 80 5 54 0 121 88 
77 99 97 71 3 77 101 146 71 0 248 262 251 235 163 90 107 107 70 0 221 187 244 210 123 
76 15 15 95 17 77 0 0 112 0 205 143 132 216 124 72 0 0 104 9 116 51 49 173 39 
143 114 47 56 44 163 112 58 62 42 63 64 15 0 0 114 92 16 16 17 99 62 11 0 0 
0 0 160 60 0 0 0 164 57 0 0 0 189 55 0 0 0 171 43 0 0 0 145 44 0 
152 194 202 153 120 0 67 81 0 0 0 51 87 0 0 63 110 138 56 51 0 54 107 0 0 
78 68 88 79 70 119 138 124 128 116 32 51 52 39 49 0 0 0 0 0 0 0 0 0 0 
0 0 0 166 0 0 0 0 174 0 233 238 224 411 246 0 0 0 171 0 0 0 0 155 0 
0 0 0 0 0 148 135 179 133 138 0 0 0 0 0 0 0 0 0 0 74 54 69 65 79 
99 1 0 74 45 119 31 41 111 89 193 72 87 144 139 71 0 1 75 42 162 62 77 142 107 
0 74 0 0 0 0 72 0 0 0 0 59 0 0 0 101 138 74 111 75 49 117 42 46 46 
0 0 101 0 0 89 90 194 114 116 0 0 96 0 0 7 9 101 3 8 14 13 92 10 16 
208 178 160 212 96 97 80 47 81 0 75 67 48 77 0 232 192 120 238 94 108 107 74 117 0 
0 0 0 0 0 34 35 30 25 21 0 0 0 0 0 67 77 81 70 111 107 100 100 109 138 
0 230 0 224 0 0 188 0 211 0 10 216 7 209 6 0 199 0 204 0 0 212 0 220 0 
0 34 0 103 0 0 46 0 108 0 0 42 0 110 0 51 111 56 170 55 0 48 0 99 0 
0 0 0 0 73 77 69 77 67 136 86 75 77 81 125 0 0 0 0 79 0 0 0 0 79 
65 256 277 7 210 44 205 224 1 171 85 264 321 31 224 167 325 328 118 282 202 358 356 142 285 
0 45 33 0 79 19 60 45 12 88 28 81 87 38 78 0 58 26 0 64 0 61 27 0 67 
100 83 95 106 107 13 0 0 32 0 12 0 0 35 0 16 0 0 38 0 80 59 54 96 73 
32 0 0 58 71 75 46 44 98 123 23 0 1 61 67 36 10 14 58 63 30 28 30 74 80 
69 0 65 0 0 63 0 75 0 0 113 53 107 48 50 99 16 78 13 12 66 0 73 0 0 
0 19 81 0 99 0 12 71 0 108 0 16 74 0 108 0 15 93 0 136 0 15 72 0 102 
26 64 159 85 25 82 88 176 124 73 0 52 129 43 0 60 86 175 121 54 0 34 117 66 0 
0 58 0 0 0 0 67 0 0 0 105 207 98 127 112 0 82 0 0 0 14 76 17 22 24 
0 0 0 71 0 61 64 51 123 81 0 0 0 70 0 0 0 0 80 0 71 63 57 147 61 
49 0 92 48 0 56 0 109 53 0 59 0 93 50 0 45 0 102 54 0 43 0 98 46 0 
77 46 0 29 0 103 73 16 47 24 92 86 0 25 0 110 53 0 41 0 87 58 0 33 0 
0 0 0 0 24 181 160 178 182 193 0 0 0 0 31 0 0 0 0 30 0 0 0 0 32 
87 47 57 109 77 58 37 49 96 67 23 0 0 51 10 26 0 0 47 10 35 11 8 56 27 
29 56 8 6 10 18 50 0 0 0 21 73 0 0 0 126 162 129 115 115 29 73 0 0 0 
0 0 0 23 0 195 178 205 206 171 0 0 0 24 0 0 0 0 23 0 0 0 0 19 0 
69 80 135 142 89 0 0 54 64 0 0 0 74 60 0 0 0 70 56 0 0 0 57 63 0 
71 63 65 55 76 46 0 0 0 11 80 72 54 48 77 32 0 0 0 22 107 52 57 53 70 
0 0 24 0 68 8 6 36 12 89 0 0 34 0 70 10 6 43 7 94 81 74 114 64 150 
592 588 609 648 590 0 0 0 0 0 0 0 0 0 0 0 0 0 0 0 0 0 0 0 0 
54 105 137 64 70 28 79 94 26 26 0 32 70 0 0 0 37 71 0 0 0 39 66 0 0 
0 0 110 0 0 0 0 90 0 0 76 114 207 112 101 0 0 85 0 0 0 0 104 0 0 
92 110 37 54 123 33 38 0 0 78 37 54 0 0 60 40 42 0 0 65 54 40 0 0 70 
0 46 0 8 0 35 90 40 47 54 0 57 0 16 9 0 53 0 22 0 15 41 5 22 14 
9 7 99 3 11 0 0 87 0 0 0 0 83 0 0 35 39 120 27 29 75 78 150 59 85 
0 0 0 50 75 88 80 63 117 163 0 0 0 49 73 0 0 0 36 84 0 0 0 47 73 
93 164 78 72 84 22 105 0 0 0 30 112 5 6 9 22 74 0 0 0 24 78 2 1 0 
78 38 106 55 108 21 0 45 14 66 23 0 49 12 81 22 0 58 13 65 15 0 44 15 71 
28 7 23 0 7 23 0 29 0 0 21 29 53 18 25 47 21 45 9 18 89 54 79 89 78 
67 33 118 48 53 32 0 81 0 4 29 0 77 0 7 26 0 69 0 7 83 44 121 48 47 
58 16 16 0 0 71 15 7 0 0 103 35 47 39 50 87 36 30 19 14 112 66 69 57 45 
0 47 0 7 2 34 77 37 48 38 33 77 31 33 26 31 79 40 63 26 0 40 0 18 0 
89 76 95 49 60 31 25 32 0 10 58 66 60 28 43 40 26 37 0 11 34 30 33 0 8 
0 62 68 0 0 16 81 71 20 20 21 104 82 21 21 32 109 67 39 42 0 62 59 0 0 
55 101 56 50 46 37 105 34 41 31 18 81 20 20 30 26 61 28 27 30 0 66 0 0 0 
16 0 82 0 39 58 43 116 39 72 23 0 75 0 24 23 0 86 0 25 29 0 94 0 21 
0 2036 0 0 0 0 2090 0 0 0 0 1970 0 0 0 0 2061 0 0 0 0 1978 0 0 0 
19 129 110 17 16 87 214 182 69 57 11 135 106 2 0 45 200 167 85 43 7 136 83 0 0 
51 77 64 0 0 39 109 85 0 0 54 98 89 0 0 50 95 78 0 0 47 91 88 0 0 
0 122 0 145 0 112 237 90 242 117 106 235 83 240 101 0 94 0 135 0 0 138 0 139 0 
132 158 5 212 116 97 175 0 258 126 88 130 9 238 101 313 345 206 454 283 214 309 141 310 259 
0 0 0 0 0 1253 1217 1215 1171 1242 0 0 0 0 0 0 0 0 0 0 0 0 0 0 0 
0 0 80 127 0 0 0 75 106 0 0 0 81 127 0 0 0 81 125 0 0 0 72 128 0 
135 49 49 79 37 132 52 47 98 60 89 0 0 36 0 72 0 0 32 0 79 0 0 42 0 
0 137 0 0 95 0 165 0 0 79 0 177 0 0 98 0 151 0 0 77 0 150 0 0 112 
190 277 166 217 107 92 203 86 116 11 274 384 248 304 128 251 344 228 245 163 196 353 263 224 143 
14 20 150 156 48 0 0 126 69 31 62 68 154 159 90 0 0 59 77 38 49 68 167 156 95 
144 133 138 155 316 6 21 6 2 178 8 15 9 4 162 225 224 192 179 358 226 248 257 237 407 
0 73 0 0 0 0 59 0 0 0 0 68 0 0 0 7 72 4 9 3 200 235 217 171 185 
61 28 47 15 49 52 21 30 1 46 55 19 42 0 38 81 17 34 0 48 136 125 104 100 151 
34 125 130 204 49 34 125 174 210 39 106 172 203 252 91 14 182 185 171 48 72 109 144 233 3 
212 76 0 105 0 217 71 0 104 0 209 61 0 103 0 205 71 0 121 0 210 62 0 112 0 
60 14 0 40 49 145 124 98 137 135 64 10 0 42 53 51 5 0 29 52 64 10 0 39 48 
55 0 0 0 0 62 0 0 0 0 64 0 0 0 0 202 133 145 146 140 52 0 0 0 0 
86 228 262 147 45 92 203 230 104 25 113 210 236 105 66 49 139 197 62 0 60 221 227 111 21 
72 7 7 55 21 96 64 45 86 71 94 59 57 71 79 63 24 20 70 41 56 0 0 27 14 
92 104 107 72 168 0 0 7 0 41 56 68 65 53 99 0 0 16 0 46 0 0 10 0 55 
35 56 0 55 0 108 131 72 128 57 67 68 35 97 48 50 55 0 61 0 33 45 0 56 0 
74 80 87 84 144 87 86 65 67 99 0 31 0 0 47 0 21 0 0 30 53 67 50 47 82 
0 71 0 0 1 33 133 36 37 32 40 138 37 35 39 25 130 27 27 39 47 128 42 34 56 
33 11 41 34 0 103 69 111 112 63 42 21 46 37 0 47 9 44 35 0 40 20 36 39 0 
0 20 3 103 235 142 162 141 250 381 1 28 1 103 274 0 15 0 111 279 124 166 132 211 343 
7 28 97 8 227 1 0 75 8 176 118 112 180 111 279 143 152 235 172 338 0 12 84 5 194 
155 0 0 55 0 164 0 0 55 0 144 0 0 42 0 173 0 0 46 0 150 0 0 41 0 
0 0 0 0 837 0 0 0 0 797 0 0 0 0 852 0 0 0 0 838 0 0 0 0 785 
117 104 0 139 55 140 97 0 144 91 167 173 41 201 97 116 115 4 165 79 108 146 0 161 75 
113 0 0 0 0 225 90 79 76 65 130 0 0 0 0 129 0 0 0 0 127 0 0 0 0 
52 25 60 42 35 82 61 105 66 59 24 17 40 20 12 65 48 115 89 53 9 0 36 3 0 
0 21 0 143 0 33 55 46 186 32 0 19 0 132 0 0 16 0 136 0 0 20 0 159 0 
0 0 43 49 0 62 45 87 83 53 0 0 34 31 0 50 43 86 72 41 36 27 70 62 24 
129 89 141 159 169 59 0 60 54 52 36 0 77 91 72 112 53 127 145 138 15 0 46 64 54 
44 49 58 131 109 29 22 28 80 75 0 0 0 78 55 0 0 0 49 50 6 10 10 76 54 
134 136 96 75 8 208 195 152 154 113 114 90 69 78 4 234 206 174 157 126 196 171 154 113 73 
129 0 0 0 0 108 0 0 0 0 187 71 91 91 88 102 0 0 0 0 117 0 0 0 0 
0 8 57 0 0 72 80 151 73 79 0 8 61 0 0 47 66 142 43 52 0 5 53 0 0 
207 11 194 0 0 217 0 189 0 0 218 5 187 4 1 181 3 189 0 0 216 21 181 10 9 
0 0 0 0 0 72 54 67 63 68 0 0 0 0 0 143 117 139 143 135 0 0 0 0 0 
341 123 394 150 211 415 197 503 240 302 419 192 506 271 298 217 30 257 56 134 241 84 371 66 153 
72 177 76 93 71 0 99 0 34 0 18 149 29 34 27 0 128 0 19 0 0 88 0 25 0 
0 0 0 16 0 0 0 0 19 0 0 0 0 18 0 0 0 0 18 0 163 173 198 200 194 
0 0 32 0 57 35 46 78 44 113 55 74 89 53 121 0 0 33 0 61 0 0 49 0 58 
0 0 16 0 189 0 0 16 0 179 0 0 28 0 169 0 0 25 0 182 0 0 23 0 184 
0 0 0 50 0 0 0 0 59 0 54 59 45 140 45 0 0 0 59 0 85 78 82 158 86 
96 0 0 111 0 120 0 0 128 0 108 0 0 96 0 100 0 0 134 0 117 0 0 123 0 
0 55 82 96 9 113 204 205 222 136 196 250 276 289 183 25 102 125 148 31 106 149 146 187 71 
107 133 120 113 223 0 0 0 0 74 0 0 0 0 76 21 25 28 24 101 0 0 0 0 77 
90 202 94 83 86 0 96 0 0 0 8 137 14 20 14 1 113 0 0 0 124 261 106 112 121 
142 131 78 82 80 80 47 0 0 0 87 51 4 5 8 66 47 0 0 0 73 56 0 0 0 
0 110 0 0 0 37 163 43 47 61 0 123 0 0 0 57 200 73 74 63 0 115 0 0 0 
92 0 0 0 0 117 0 0 0 0 122 0 0 0 0 102 0 0 0 0 206 88 85 89 99 
0 0 0 0 0 0 0 0 0 0 0 0 0 0 0 0 0 0 0 0 441 421 462 440 407 
0 0 37 0 0 73 79 92 75 87 0 0 31 0 0 77 75 85 59 79 19 25 59 22 26 
8 16 16 17 52 0 0 0 0 37 81 80 72 69 100 0 0 0 0 33 69 99 79 77 107 
0 0 0 127 0 0 0 0 111 0 0 0 0 135 0 0 0 0 139 0 72 71 76 190 79 
0 68 0 31 72 0 63 0 38 76 0 55 0 36 90 0 60 0 32 71 18 78 24 55 111 
71 0 0 0 36 60 0 0 0 29 78 0 0 0 34 62 0 0 0 28 161 83 72 84 118 
0 112 0 0 0 0 108 0 0 0 0 106 0 0 0 0 96 0 0 0 97 185 99 105 92 
29 74 51 67 49 52 61 51 42 57 51 52 47 50 56 0 8 0 10 0 88 120 88 91 78 
0 0 117 55 0 43 45 155 106 50 0 0 102 39 0 0 0 89 38 0 0 0 126 35 0 
18 56 15 0 33 10 66 15 5 33 7 57 0 1 25 50 75 50 43 85 0 41 7 2 40 
59 0 0 0 0 126 62 61 76 69 99 20 18 20 15 131 47 46 52 40 58 0 0 0 0 
195 0 0 0 0 197 13 18 17 20 178 0 0 0 0 196 0 0 0 0 166 0 0 0 0 
82 35 33 111 37 39 0 0 91 0 48 0 0 85 0 83 35 30 120 32 55 0 0 83 0 
0 9 0 31 0 50 41 49 82 42 37 28 38 65 31 0 6 0 35 0 50 54 55 99 59 
0 0 63 43 0 0 0 55 43 0 101 99 149 132 97 0 0 62 47 0 0 0 67 42 0 
89 15 79 162 129 38 16 58 130 124 83 20 56 169 130 36 0 41 112 97 159 89 156 236 238 
2 6 48 95 7 0 0 45 72 0 46 29 99 113 45 27 38 66 108 34 0 0 45 75 0 
62 5 44 51 14 47 5 45 48 15 147 83 123 117 86 75 21 47 59 20 64 0 49 43 0 
59 0 66 0 66 46 0 68 0 63 28 0 79 0 83 106 63 125 74 120 33 0 63 0 63 
132 71 191 123 90 88 14 162 68 26 48 0 111 27 2 166 74 194 109 91 146 62 212 114 105 
9 114 160 25 130 151 229 314 139 256 37 144 201 49 190 0 77 167 0 124 109 174 251 136 248 
19 21 22 57 49 40 38 35 76 72 0 0 0 31 29 0 0 0 23 17 75 90 89 126 100 
30 43 0 116 4 44 75 0 154 0 105 99 49 179 71 49 49 2 133 0 54 43 0 109 0 
0 0 54 0 0 153 141 194 136 164 0 0 56 0 0 0 0 68 0 0 0 0 65 0 0 
57 80 66 103 47 16 29 0 29 0 103 109 82 130 56 20 49 6 46 0 55 59 31 76 23 
9 7 0 0 76 13 0 0 0 56 57 64 44 40 119 18 18 17 9 69 83 106 87 82 122 
72 12 10 7 24 95 62 67 68 71 112 86 88 94 94 48 0 5 0 13 37 13 15 7 21 
32 148 102 26 41 0 108 83 8 11 0 94 59 0 25 0 117 73 7 20 58 150 122 50 90 
124 160 84 85 85 60 57 36 18 18 36 51 15 0 0 35 42 13 0 0 28 39 13 0 0 
0 69 55 0 67 0 71 62 0 71 0 79 52 0 55 0 66 63 0 69 0 84 67 0 66 
95 0 0 74 0 83 0 0 72 0 99 0 0 75 0 100 0 0 65 0 122 15 23 101 29 
68 131 79 75 87 0 63 0 0 0 39 104 44 40 37 0 56 0 0 0 30 80 28 30 31 
50 59 0 13 9 49 38 1 0 2 34 41 8 0 2 61 62 31 41 39 84 76 49 30 45 
49 29 97 94 28 0 0 71 96 0 47 40 113 109 35 0 0 81 82 0 0 0 69 67 0 
38 76 43 71 29 0 61 10 42 14 0 50 11 46 19 0 43 14 31 13 39 104 63 97 78 
0 0 55 27 11 0 0 45 35 2 0 0 44 40 6 43 53 122 94 61 54 50 99 93 63 
29 40 28 23 31 0 0 0 0 0 74 61 57 63 57 0 0 0 0 0 123 107 104 119 111 
41 32 36 33 40 0 0 18 0 0 0 0 20 0 0 48 45 86 54 50 132 99 139 135 121 
37 43 109 46 49 4 10 63 10 11 53 48 129 52 43 0 0 53 0 0 0 9 65 27 10 
0 0 180 32 0 0 0 141 23 0 19 20 155 37 18 0 0 166 23 0 0 0 162 23 0 
45 78 0 0 0 75 104 45 36 33 70 123 18 14 10 89 131 38 39 44 38 69 0 0 0 
68 3 79 72 87 140 56 172 166 164 154 86 169 183 207 144 45 112 118 159 93 5 92 127 112 
118 142 83 66 85 18 50 7 0 0 95 159 79 64 73 46 81 35 19 29 24 61 0 0 0 
0 116 108 163 0 0 127 119 164 0 0 108 120 167 0 0 117 115 156 0 0 127 118 165 2 
0 0 0 140 35 0 0 0 158 28 27 29 16 157 50 0 0 0 148 34 0 0 0 137 38 
24 0 1 175 0 10 0 0 120 0 118 80 113 238 101 14 0 0 128 0 25 1 1 137 1 
52 86 52 51 71 0 55 0 0 33 49 82 47 44 70 1 39 0 0 33 0 67 0 0 30 
105 109 9 35 76 163 225 89 101 201 105 148 52 55 96 46 60 0 16 48 188 228 101 119 183 
72 167 124 84 97 4 38 61 12 5 26 70 91 30 29 25 73 52 11 24 0 58 50 0 0 
2 21 10 3 79 7 25 16 0 111 0 18 12 4 56 58 74 68 50 146 28 39 39 21 98 
0 0 207 0 40 0 0 223 0 28 0 0 204 0 23 0 0 200 0 22 0 0 194 0 25 
744 547 592 422 577 507 226 281 173 261 531 324 352 192 315 412 182 193 42 210 633 420 469 391 461 
80 58 4 2 1 145 144 72 71 66 82 80 0 0 0 83 78 21 17 17 74 69 0 0 0 
142 254 98 114 120 223 344 129 228 155 93 231 66 129 54 23 162 0 35 0 77 186 63 95 44 
22 0 31 65 0 24 0 15 25 0 67 41 62 60 17 78 48 82 85 62 30 0 28 32 2 
0 0 0 33 0 76 62 49 99 56 0 0 0 22 0 44 38 61 84 47 42 50 40 94 36 
0 0 0 0 52 0 0 0 0 56 0 0 0 0 65 0 0 0 0 57 134 157 141 152 185 
63 26 29 68 75 42 0 0 28 58 56 0 0 25 38 58 0 0 35 40 92 45 48 78 84 
40 50 99 75 47 0 0 35 0 0 0 0 45 0 0 0 0 36 0 0 117 130 168 135 122 
109 5 54 0 23 181 22 82 38 49 189 71 125 64 75 251 131 207 83 132 183 37 52 29 30 
0 0 0 1189 0 1 1 0 1192 0 0 0 0 1211 0 0 0 2 1267 3 0 0 0 1226 0 
0 0 1425 0 0 0 0 1442 0 0 0 0 1339 0 0 0 0 1455 0 0 0 0 1431 0 0 
