1012 954 892 921 952 1094 1147 1115 1080 1167 750 738 721 769 912 1097 1027 1121 1130 1158 721 547 635 576 738 
142 110 136 128 126 0 0 0 0 0 102 69 101 82 86 0 0 0 0 0 0 0 0 0 0 
103 40 43 154 193 60 0 0 127 130 161 69 69 226 258 49 0 0 81 130 58 0 0 110 119 
248 39 70 94 91 153 0 0 5 3 342 63 134 106 116 324 143 219 193 167 250 61 89 93 85 
0 0 1 156 11 160 130 134 338 174 0 2 0 180 14 124 130 122 272 110 0 0 0 142 9 
166 52 116 139 46 130 5 84 100 0 127 31 107 108 24 125 5 65 113 0 285 173 240 272 153 
107 7 23 0 96 88 4 20 0 110 203 96 124 91 206 168 78 105 75 164 227 104 123 104 251 
0 0 0 0 0 0 0 0 0 0 1015 1026 983 1009 1042 0 0 0 0 0 0 0 0 0 0 
0 0 0 229 0 0 0 3 222 0 101 96 89 327 114 102 99 85 341 112 0 0 0 209 0 
16 9 14 216 6 0 0 0 205 0 37 42 34 203 35 0 0 0 184 0 3 11 4 194 3 
201 204 230 324 174 45 2 104 158 0 52 56 128 231 54 47 0 117 119 25 46 1 101 103 0 
0 0 0 0 0 0 0 0 0 0 0 0 0 0 0 56 63 67 65 86 167 149 149 181 164 
73 107 79 62 190 0 14 1 0 113 0 4 0 0 111 0 7 0 0 123 84 90 94 66 191 
143 139 148 150 154 0 0 0 0 0 0 0 0 0 0 0 0 0 0 0 82 83 68 66 79 
0 0 0 0 0 0 0 0 0 0 0 0 0 0 0 431 429 416 406 415 191 176 182 190 203 
0 204 0 0 81 0 177 0 0 103 121 320 136 112 199 0 182 0 0 97 0 218 0 0 79 
798 0 0 0 0 795 0 0 0 0 792 0 0 0 0 812 0 0 0 0 826 0 0 0 0 
5 9 213 145 179 54 19 221 171 210 119 106 292 254 242 164 193 379 345 350 137 89 281 224 322 
96 132 90 167 78 66 82 69 127 69 0 42 0 44 0 46 99 54 83 58 0 44 0 54 0 
35 9 16 9 22 154 109 126 115 131 27 0 0 0 18 25 0 0 0 23 126 120 115 117 156 
0 0 149 0 0 0 0 131 0 0 0 0 153 0 0 161 132 276 145 149 0 0 152 0 0 
0 80 51 48 0 0 87 49 51 0 39 105 104 113 38 0 87 52 56 0 0 77 66 57 0 
12 0 0 6 164 150 123 113 146 237 148 132 123 123 213 4 5 0 0 134 96 89 97 95 213 
0 0 0 0 0 0 0 0 0 0 0 0 0 0 0 987 1050 1056 1027 960 0 0 0 0 0 
0 18 55 143 0 0 20 61 128 0 0 21 55 164 0 0 20 56 166 0 0 21 60 159 0 
87 55 0 0 0 91 88 15 16 20 164 104 40 45 28 103 78 0 0 0 115 111 29 29 36 
115 183 116 260 226 0 38 19 131 96 0 38 19 107 103 0 45 2 108 91 26 64 14 130 106 
87 105 102 68 1 91 109 151 70 0 249 279 279 263 172 95 126 114 60 0 239 203 269 213 122 
86 20 27 102 22 74 0 0 112 0 214 149 137 220 126 76 0 0 102 0 114 50 45 169 43 
131 117 50 59 35 168 113 55 69 38 72 64 16 0 0 105 88 20 17 16 97 51 10 0 0 
0 0 146 65 0 0 0 160 53 0 0 0 196 54 0 0 0 167 49 0 0 0 148 45 0 
150 201 202 155 120 0 66 81 0 0 0 50 89 0 0 61 108 139 65 49 0 52 107 0 0 
72 63 86 69 67 123 148 127 134 120 28 53 58 41 48 0 0 0 0 0 0 0 0 0 0 
0 0 0 166 0 0 0 0 178 0 230 238 222 415 244 0 0 0 172 0 0 0 0 160 0 
0 0 0 0 0 154 146 179 150 148 0 0 0 0 0 0 0 0 0 1 80 65 76 73 88 
105 2 0 63 42 125 42 58 104 100 215 76 92 141 154 83 0 0 59 35 188 68 74 142 111 
0 79 0 0 0 0 77 0 0 0 0 58 0 0 0 110 145 84 122 80 58 126 47 50 51 
0 0 96 0 0 87 85 189 110 112 0 0 95 0 0 8 10 104 5 8 16 13 87 9 15 
233 213 168 247 117 106 85 72 97 0 84 78 62 90 0 259 244 142 253 105 137 105 77 133 0 
0 0 0 0 0 33 40 30 22 22 0 0 0 0 0 67 72 78 73 99 108 104 106 106 138 
0 238 0 210 0 0 184 0 207 0 9 213 7 211 7 0 192 0 202 0 0 208 0 216 0 
0 34 0 99 0 0 44 0 107 0 0 39 0 105 0 50 106 54 165 53 0 47 0 95 0 
0 0 0 0 78 86 74 80 76 146 94 93 80 87 141 0 0 0 0 79 0 0 0 0 88 
104 295 300 10 231 44 206 215 6 176 112 267 283 32 250 158 328 316 102 301 205 329 314 142 292 
0 53 37 0 91 20 66 50 13 95 32 88 99 36 87 0 62 26 0 73 0 66 32 0 74 
100 83 95 106 108 13 0 0 32 0 12 0 0 34 0 16 0 0 38 0 80 59 54 96 73 
30 0 0 53 68 79 49 42 96 122 18 0 0 63 66 35 9 15 60 61 29 27 28 70 76 
72 0 66 0 0 63 0 76 0 0 122 58 109 50 56 103 16 82 13 12 68 0 75 0 0 
0 17 81 0 96 0 12 69 0 107 0 16 74 0 106 0 14 91 0 133 0 13 69 0 101 
28 62 162 76 23 67 89 177 117 66 0 52 139 47 0 62 98 190 135 49 0 29 118 69 0 
0 58 0 0 0 0 67 0 0 0 104 206 97 123 111 0 82 0 0 0 14 75 17 22 24 
0 0 0 71 0 61 64 51 123 81 0 0 0 70 0 0 0 0 80 0 69 62 56 147 61 
49 0 92 48 0 57 0 109 53 0 59 0 93 50 0 46 0 102 54 0 44 0 98 46 0 
77 46 0 28 0 103 73 15 47 24 92 85 0 25 0 110 52 0 41 0 85 58 0 33 0 
0 0 0 0 22 177 158 177 182 192 0 0 0 0 30 0 0 0 0 27 0 0 0 0 31 
89 47 57 109 77 58 37 49 96 68 24 0 0 52 10 28 0 0 47 11 37 12 8 56 27 
29 55 8 6 10 17 48 0 0 0 21 73 0 0 0 125 160 123 115 111 27 72 0 0 0 
0 0 0 22 0 195 182 214 213 177 0 0 0 23 0 0 0 0 22 0 0 0 0 20 0 
71 78 133 138 89 0 0 52 63 0 0 0 74 60 0 0 0 67 53 0 0 0 59 62 0 
69 59 61 49 73 41 0 0 0 10 79 65 47 50 77 29 0 0 0 22 100 55 45 63 66 
0 0 24 0 69 9 3 36 12 88 0 0 34 0 70 9 7 43 8 95 80 75 114 63 153 
585 586 605 638 586 0 0 0 0 0 0 0 0 0 0 0 0 0 0 0 0 0 0 0 0 
55 105 137 64 69 28 79 94 26 26 0 32 70 0 0 0 37 71 0 0 0 39 66 0 0 
0 0 110 0 0 0 0 91 0 0 76 114 207 112 101 0 0 85 0 0 0 0 104 0 0 
90 105 34 50 119 33 38 0 0 76 37 52 0 0 60 39 40 0 0 65 51 39 0 0 70 
0 49 0 0 4 55 103 47 59 48 0 64 0 12 0 0 54 0 29 0 12 50 9 29 17 
8 7 99 5 12 0 0 87 0 0 0 0 83 0 0 36 39 120 27 29 75 78 150 59 85 
0 0 0 51 75 88 81 62 117 163 0 0 0 49 73 0 0 0 35 84 0 0 0 47 73 
96 165 79 74 85 20 107 0 0 0 29 115 5 8 9 22 74 0 0 0 26 84 3 1 0 
76 38 105 55 108 19 0 45 14 66 22 0 49 11 82 20 0 58 11 65 12 0 44 15 71 
85 21 19 0 2 97 16 10 0 0 127 67 78 59 75 137 53 65 29 33 189 108 124 117 101 
67 31 117 47 54 31 0 80 0 0 29 0 77 0 6 25 0 69 0 8 81 42 121 47 44 
0 41 0 0 0 34 63 34 36 42 26 68 27 14 18 31 70 29 61 25 2 37 0 12 0 
89 79 101 51 60 34 27 32 0 10 55 69 59 28 45 45 27 39 0 11 35 32 36 0 9 
0 62 70 0 0 16 80 71 20 20 21 105 82 21 21 32 109 67 40 42 0 62 59 0 0 
58 102 57 52 49 37 110 36 41 33 18 84 21 21 31 28 63 28 30 31 0 66 0 0 1 
23 0 79 0 43 58 42 118 38 75 25 0 81 0 25 26 1 88 0 29 26 0 92 0 24 
0 2063 0 0 0 0 2107 0 0 0 0 1982 0 0 0 0 2083 0 0 0 0 1982 0 0 0 
22 95 99 21 11 89 183 195 86 67 4 120 132 4 0 40 207 146 85 37 2 127 80 0 0 
61 90 75 0 0 49 123 118 0 0 77 125 105 0 0 54 147 102 0 0 63 108 111 0 0 
0 110 0 134 0 112 172 71 245 122 93 215 62 227 66 1 118 0 131 0 0 123 0 122 0 
111 175 19 187 147 93 183 0 211 163 99 128 3 213 117 302 356 216 407 278 186 321 170 357 274 
0 0 0 0 0 1249 1200 1209 1163 1230 0 0 0 0 0 0 0 0 0 0 0 0 0 0 0 
0 0 81 126 0 0 0 75 108 0 0 0 81 128 0 0 0 81 126 0 0 0 73 128 0 
137 51 52 83 43 155 55 56 105 64 93 0 0 45 0 79 0 0 38 0 89 0 0 44 0 
0 140 0 0 94 0 158 0 0 78 0 152 0 0 101 0 143 0 0 84 0 151 0 0 111 
183 237 158 221 104 103 283 108 143 33 279 421 251 345 151 215 327 234 249 146 167 393 260 249 166 
29 17 191 186 78 0 0 120 94 40 87 86 174 197 111 0 0 65 84 43 52 69 166 157 111 
150 119 140 139 276 9 18 0 1 180 11 5 8 5 173 223 229 193 174 370 223 250 260 240 379 
0 63 0 0 0 0 46 0 0 0 0 64 0 0 0 7 62 4 8 3 169 193 165 148 153 
44 23 39 11 41 40 13 27 0 37 38 12 34 0 29 67 13 29 0 41 104 100 88 74 113 
59 127 140 196 67 45 115 149 185 29 58 142 170 214 80 47 153 149 185 66 56 131 126 220 49 
209 77 0 103 0 207 74 0 105 0 211 59 0 106 0 193 77 0 113 0 209 68 0 118 0 
65 19 1 45 48 172 144 103 143 138 68 20 0 55 51 57 4 0 32 54 71 18 0 35 44 
52 0 0 0 0 58 0 0 0 0 57 0 0 0 0 200 132 145 145 141 50 0 0 0 0 
86 246 220 146 40 93 204 244 125 18 118 221 233 135 75 51 159 196 67 0 69 233 241 105 27 
84 6 11 52 26 135 79 72 119 95 125 79 83 86 91 70 33 27 75 34 68 0 0 26 9 
108 117 130 86 180 0 0 9 0 48 59 74 81 59 112 0 0 20 0 56 0 0 15 0 65 
45 75 0 90 0 131 175 98 161 80 96 88 61 146 67 60 56 0 82 0 38 61 0 89 0 
102 100 117 119 159 115 97 101 83 125 0 24 0 0 54 1 24 0 0 30 68 93 72 69 116 
0 68 0 0 1 32 119 34 33 28 34 125 33 35 34 23 112 25 25 32 39 115 44 34 47 
33 11 41 34 0 103 71 112 112 63 43 21 47 37 0 47 9 44 35 0 41 20 37 39 0 
1 14 1 96 229 126 146 131 218 369 2 27 0 93 277 0 21 1 95 275 127 155 124 202 332 
8 19 102 7 235 3 0 77 6 169 110 100 177 112 270 137 146 234 165 329 2 6 79 0 185 
154 0 0 54 0 163 0 0 55 0 142 0 0 42 0 173 0 0 46 0 151 0 0 41 0 
0 0 0 0 846 0 0 0 0 800 0 0 0 0 851 0 0 0 0 839 0 0 0 0 786 
151 120 0 175 58 145 143 0 173 94 192 205 52 248 130 122 123 5 166 86 156 164 2 194 72 
115 0 0 0 0 222 86 78 75 64 134 0 0 0 0 129 0 0 0 0 124 0 0 0 0 
58 24 73 48 36 93 72 123 76 65 19 12 44 20 6 71 52 124 83 55 7 0 36 0 0 
0 22 0 143 0 33 55 46 186 32 0 19 0 132 0 0 16 0 136 0 0 20 0 160 0 
0 0 47 57 0 75 49 104 103 61 0 0 36 39 0 61 47 100 81 53 41 31 80 77 24 
108 76 120 134 152 42 2 57 62 36 19 0 60 77 58 79 40 91 132 84 3 0 46 65 33 
43 48 55 127 106 28 22 30 81 74 0 0 0 77 55 0 0 0 48 50 7 10 9 75 53 
153 155 107 107 37 245 199 181 157 112 134 101 79 87 8 304 222 218 181 119 215 212 176 111 101 
140 0 0 0 0 121 0 0 0 0 216 78 97 102 99 113 0 0 0 0 128 0 0 0 0 
0 6 57 0 0 70 76 146 72 77 0 8 60 0 0 46 64 140 42 51 0 2 53 0 0 
215 6 198 0 0 219 0 180 0 0 211 5 196 4 0 186 3 195 0 0 226 18 187 8 9 
0 0 0 0 0 72 53 68 63 71 0 0 0 0 0 140 116 135 139 133 0 0 0 0 0 
328 136 362 144 233 402 213 485 229 302 406 209 466 245 311 192 15 226 51 150 254 72 332 60 172 
73 169 80 92 73 0 105 0 31 0 18 152 27 37 26 0 115 0 21 0 0 97 0 24 0 
0 0 0 16 0 0 0 0 19 0 0 0 0 19 0 0 0 0 22 0 174 190 216 227 219 
0 0 32 0 58 35 46 78 43 113 55 74 89 53 121 0 0 33 0 61 0 0 49 0 58 
0 0 16 0 187 0 0 16 0 178 0 0 28 0 166 0 0 25 0 179 0 0 23 0 182 
0 0 0 50 0 0 0 0 59 0 54 59 45 140 45 0 0 0 59 0 85 78 82 158 86 
104 0 0 107 0 130 0 0 127 0 111 0 0 101 0 114 0 0 131 0 120 0 0 130 0 
4 60 78 104 3 92 207 181 173 98 177 251 236 242 165 11 76 89 122 12 80 123 112 140 47 
112 149 139 122 244 0 0 0 0 94 0 0 0 0 79 22 25 27 29 120 0 0 0 0 88 
106 207 97 94 93 0 97 0 0 0 22 148 22 35 31 1 112 0 0 4 129 268 107 120 118 
135 126 76 78 78 76 45 0 0 0 84 47 4 4 8 63 47 0 0 0 71 56 0 0 0 
0 102 0 0 0 30 167 46 55 58 0 127 0 0 0 59 192 76 80 58 0 113 0 0 0 
91 0 0 0 0 116 0 0 0 0 122 0 0 0 0 102 0 0 0 0 205 88 84 89 97 
0 0 0 0 0 0 0 0 0 0 0 0 0 0 0 0 0 0 0 0 437 406 446 420 391 
0 0 37 0 0 73 79 93 75 87 0 0 31 0 0 77 74 85 58 79 19 25 59 23 26 
7 16 17 18 53 0 0 0 0 37 80 80 72 72 100 0 0 0 0 34 69 99 82 76 107 
0 0 0 127 0 0 0 0 111 0 0 0 0 135 0 0 0 0 139 0 71 71 76 189 79 
0 68 0 34 72 1 63 0 39 77 0 55 0 35 91 0 59 0 32 73 19 78 25 56 113 
70 0 0 0 19 60 0 0 0 15 78 0 0 0 28 62 0 0 0 27 158 80 69 77 110 
0 112 0 0 0 0 108 0 0 0 0 106 0 0 0 0 96 0 0 0 97 185 99 104 92 
26 62 38 63 46 46 58 45 39 50 48 48 46 44 47 0 8 0 11 0 87 107 82 88 71 
0 0 123 60 0 47 47 162 114 54 0 0 108 38 0 0 0 93 41 0 0 0 131 40 0 
18 41 4 0 18 13 71 15 10 25 3 51 0 0 26 43 75 51 41 71 0 40 11 0 30 
59 0 0 0 0 126 62 61 76 69 99 20 18 20 15 130 47 46 52 41 58 0 0 0 0 
195 0 0 0 0 197 13 18 15 20 178 0 0 0 0 196 0 0 0 0 166 0 0 0 0 
83 35 33 111 37 39 0 0 91 0 48 0 0 85 0 83 35 30 120 32 55 0 0 83 0 
0 0 0 21 0 40 46 44 67 39 32 26 37 60 41 0 0 0 27 0 51 51 57 107 61 
0 0 62 43 0 0 0 55 43 0 101 99 149 132 97 0 0 62 47 0 0 0 67 41 0 
73 12 61 128 109 28 9 38 116 100 71 25 47 147 108 37 0 37 101 93 132 80 120 208 201 
3 6 51 100 6 0 0 49 74 0 50 29 102 114 47 31 45 68 116 39 0 0 52 79 0 
69 2 62 54 14 53 5 42 52 18 177 88 145 132 98 86 22 67 61 22 63 0 64 49 0 
56 0 76 0 72 56 0 75 0 66 32 0 81 0 91 122 75 148 82 148 42 0 68 0 65 
127 77 200 120 99 99 17 169 87 35 61 0 132 33 11 178 73 215 127 104 161 73 219 136 99 
16 118 177 35 148 156 250 315 153 282 33 138 202 45 193 0 69 174 8 125 104 213 266 142 263 
25 25 26 69 60 46 50 39 90 87 0 0 0 32 32 0 0 0 26 21 93 105 103 144 115 
22 40 0 106 0 35 66 0 120 0 94 92 44 159 59 28 46 0 124 0 49 48 0 107 0 
0 0 53 0 0 158 143 197 141 165 0 0 59 0 0 0 0 70 0 0 0 0 63 0 0 
53 83 55 83 40 13 27 0 26 0 85 96 66 109 50 15 53 6 45 10 64 68 61 104 37 
11 6 0 0 63 12 2 0 0 53 53 58 44 37 107 18 19 17 9 66 84 103 82 78 113 
59 11 9 6 18 87 60 61 65 65 94 74 79 87 88 42 0 5 0 13 26 8 11 0 15 
20 113 81 18 34 0 89 75 5 6 0 74 50 0 20 0 84 55 6 16 49 132 116 44 88 
127 161 86 86 85 63 57 37 18 18 37 51 15 0 0 35 42 13 0 0 28 39 13 0 0 
0 69 55 0 66 0 71 63 0 72 0 79 53 0 55 0 66 64 0 69 0 83 67 0 66 
96 0 0 82 0 81 0 0 86 0 100 0 0 85 0 102 0 0 73 0 123 16 24 112 29 
67 128 76 75 80 0 63 0 0 0 39 103 44 39 37 0 55 0 0 0 30 77 27 30 30 
56 68 1 17 12 44 39 0 0 0 37 63 6 0 5 55 58 31 32 42 73 65 40 26 37 
38 76 43 66 29 0 57 11 41 15 2 51 8 42 19 0 42 12 29 13 39 102 64 96 78 
0 0 56 27 10 0 0 48 35 3 0 0 45 40 6 44 54 122 98 63 55 50 100 95 63 
31 41 26 22 33 0 0 0 0 0 77 60 60 64 56 0 0 0 0 0 130 112 104 119 111 
40 33 34 35 43 0 0 19 0 0 0 0 22 0 0 42 39 88 54 47 123 104 143 144 118 
33 44 106 50 46 3 7 62 15 9 51 52 129 53 41 0 0 52 4 0 0 9 64 25 6 
0 0 180 32 0 0 0 141 23 0 18 19 156 36 16 0 0 166 23 0 0 0 162 23 0 
49 78 0 0 0 69 104 41 32 33 78 123 21 15 10 86 133 37 43 50 44 76 0 0 0 
69 0 80 73 82 128 53 168 158 156 152 78 164 187 193 141 47 105 113 142 73 7 84 127 104 
99 136 86 63 72 16 56 5 0 0 84 153 84 64 66 40 83 31 22 16 29 72 0 0 0 
0 119 109 169 0 0 132 124 166 0 0 109 127 175 0 0 118 117 159 0 0 131 121 167 2 
0 0 0 141 35 0 0 0 159 28 27 29 16 157 51 0 0 0 150 33 0 0 0 139 38 
14 0 0 160 0 9 0 0 114 0 108 67 101 231 100 10 0 0 119 0 22 1 0 120 1 
52 78 47 47 66 0 57 0 0 33 51 89 44 42 78 6 42 0 0 34 0 64 0 1 33 
102 111 18 55 74 158 188 83 69 154 104 140 46 57 95 66 62 2 20 43 168 188 92 102 130 
58 160 112 79 87 7 43 63 13 3 32 78 94 31 29 24 70 62 13 21 0 56 44 0 0 
0 25 14 0 76 4 34 27 6 133 4 21 11 3 55 65 94 65 42 179 26 44 41 37 109 
0 0 189 0 38 0 0 215 0 32 0 0 192 0 26 0 0 182 0 23 0 0 176 0 26 
630 457 509 361 495 450 177 252 186 222 458 281 334 178 272 371 107 144 25 141 532 324 406 307 365 
75 55 0 2 0 145 136 62 66 61 81 71 0 0 0 86 86 17 15 14 68 56 0 0 0 
136 276 111 149 128 235 346 132 241 167 115 255 82 139 66 43 178 0 50 0 91 193 62 99 41 
23 0 29 77 0 24 0 17 48 0 73 42 71 79 25 88 54 79 110 65 24 0 23 48 0 
0 0 0 36 0 85 70 50 104 61 0 0 0 26 0 51 53 63 95 52 45 47 44 99 39 
0 0 0 0 60 0 0 0 0 62 0 0 0 0 69 0 0 0 0 57 140 163 150 167 200 
83 0 44 0 11 127 16 69 23 42 136 57 110 45 66 149 87 145 71 93 122 34 58 14 27 
52 36 112 100 33 0 0 75 106 0 54 51 125 125 46 0 0 80 90 0 0 0 79 71 0 
69 26 30 69 83 46 0 0 29 63 53 0 0 26 39 62 0 0 40 43 99 46 46 88 86 
47 76 112 86 58 0 0 39 0 0 0 0 55 0 0 0 0 42 0 0 170 191 234 186 179 
0 0 0 1170 0 0 0 0 1175 0 0 0 0 1189 0 0 2 3 1243 1 0 0 0 1184 0 
0 0 1446 0 0 0 0 1465 0 0 0 0 1350 0 0 0 0 1464 0 0 0 0 1434 0 0 
