1084 984 909 926 1004 1306 1222 1208 1149 1228 825 738 752 818 920 1185 997 1000 1085 1069 749 669 603 646 707 
150 120 157 142 155 0 0 0 0 0 126 78 126 97 87 0 0 0 1 0 0 0 0 0 0 
117 42 37 206 214 72 0 0 132 142 199 68 63 253 264 59 0 0 98 147 80 0 0 131 124 
251 37 100 48 102 158 0 17 1 5 358 74 157 113 135 346 162 235 197 179 246 40 94 56 85 
0 0 3 192 15 176 145 139 393 196 0 3 0 209 19 145 120 127 318 123 1 0 0 168 10 
205 35 91 152 15 181 12 83 127 0 179 44 83 123 28 176 5 56 151 0 342 210 298 370 209 
89 9 14 0 86 84 0 19 0 106 171 85 95 80 172 158 69 88 61 142 195 102 113 100 216 
0 0 0 0 0 0 0 0 0 0 1037 1043 1003 1023 1074 0 0 0 0 0 0 0 0 0 0 
0 0 0 273 0 0 0 0 253 0 119 108 104 398 148 116 114 104 410 137 0 0 0 257 0 
14 8 15 181 5 0 0 0 184 0 37 50 35 181 35 0 0 0 170 0 5 6 3 187 2 
57 149 175 196 47 61 145 200 213 44 145 208 229 295 119 69 207 170 232 80 85 141 149 256 50 
0 0 0 0 0 0 0 0 0 0 0 0 0 0 0 53 63 60 69 84 172 153 162 172 158 
90 95 68 65 188 0 9 0 0 122 0 3 0 0 118 0 4 0 0 123 96 95 93 87 187 
133 138 145 150 148 0 0 0 0 0 0 0 0 0 0 0 0 1 0 0 80 73 65 63 78 
0 0 0 0 0 0 0 0 0 0 0 0 0 0 0 430 427 417 398 406 173 165 161 179 185 
0 194 0 0 80 0 165 0 0 93 125 319 146 132 203 0 180 0 0 91 0 207 0 0 74 
961 0 0 0 0 938 0 0 0 0 934 0 0 0 0 990 0 0 0 0 970 0 0 0 0 
15 9 196 132 142 50 16 192 110 142 107 104 288 229 202 162 174 345 321 308 112 82 262 191 247 
73 117 75 133 65 65 74 55 112 69 0 43 0 46 0 42 92 40 81 40 0 40 0 40 0 
35 14 15 9 24 142 116 123 123 121 35 0 0 0 20 23 0 0 0 25 139 128 108 99 153 
0 0 130 0 0 0 0 134 0 0 0 0 146 0 0 132 113 243 105 123 0 0 137 0 0 
0 64 43 46 0 0 79 43 45 0 35 96 90 97 33 0 70 47 47 0 0 68 55 42 0 
0 0 0 1 146 156 118 131 161 272 148 128 115 134 246 3 1 0 2 123 81 97 99 90 205 
0 0 0 0 0 0 0 0 0 0 0 0 0 0 0 1012 1084 1083 1054 980 0 0 0 0 0 
0 20 54 139 0 0 18 54 119 0 0 18 46 149 0 0 17 54 144 0 0 16 54 148 0 
65 51 0 0 0 86 73 16 14 13 141 90 34 36 29 91 66 0 0 0 106 100 23 24 31 
77 109 75 147 147 7 43 21 59 77 16 52 24 76 93 0 32 0 54 75 0 39 0 57 72 
67 94 105 68 8 72 104 155 68 1 221 254 274 231 175 79 115 119 60 4 211 181 236 185 105 
69 19 16 96 13 69 0 0 113 0 193 140 126 206 126 56 0 0 98 7 104 51 49 170 42 
108 83 48 45 29 125 89 46 52 28 47 45 15 0 0 87 66 16 12 13 77 44 9 0 0 
0 0 154 71 0 0 0 167 54 0 0 0 203 57 0 0 0 177 53 0 0 0 156 50 0 
151 200 212 155 126 0 65 92 0 0 0 52 103 0 0 48 92 145 57 43 0 49 112 0 0 
71 59 74 80 67 104 127 119 125 114 23 46 44 45 42 0 0 0 0 0 0 0 0 0 0 
0 0 0 163 0 0 0 0 174 0 227 231 214 401 236 0 0 0 168 0 0 0 0 152 0 
0 0 0 0 0 156 151 182 145 156 0 0 0 0 0 0 0 0 0 0 75 59 75 64 84 
84 0 0 47 27 110 24 41 78 71 167 54 62 113 120 71 0 0 50 26 158 54 68 102 98 
0 77 0 0 0 0 76 0 0 0 0 63 0 0 0 103 146 78 118 85 52 128 43 49 49 
0 0 108 0 0 95 92 199 114 114 0 0 102 0 0 7 10 103 5 9 15 14 89 10 17 
243 201 183 260 109 107 75 67 102 0 81 72 58 90 0 253 218 157 263 109 139 100 82 140 3 
0 0 0 0 0 33 41 30 21 22 0 0 0 0 0 65 74 78 71 101 106 107 113 106 146 
0 234 0 204 0 0 181 0 202 0 8 212 3 205 4 0 188 0 198 0 0 200 0 211 0 
0 38 0 112 0 0 50 0 129 0 0 46 0 128 1 59 136 60 197 70 0 59 0 119 0 
0 0 0 0 73 82 69 78 70 140 86 78 71 86 133 0 0 0 0 79 0 0 0 0 87 
79 293 320 21 253 24 214 223 3 167 49 289 296 39 214 117 327 305 99 276 219 384 384 167 320 
0 47 33 0 84 20 62 48 14 95 29 84 89 40 85 0 60 26 0 65 0 64 27 0 71 
117 106 113 141 141 14 0 0 38 0 12 0 0 41 0 18 0 0 48 0 89 70 65 125 88 
91 0 80 0 0 84 0 83 0 0 162 62 130 59 59 132 18 99 14 15 85 0 89 0 0 
0 18 86 0 102 0 12 72 0 119 0 17 75 0 115 0 14 93 0 141 0 13 72 0 105 
21 57 146 80 21 61 74 163 103 58 0 39 118 33 0 50 71 167 110 45 0 25 112 59 0 
0 60 0 0 0 0 71 0 0 0 110 217 101 134 116 0 87 0 0 0 15 78 20 22 24 
0 0 0 76 0 62 66 55 132 86 0 0 0 77 0 0 0 0 91 0 77 68 64 155 66 
67 0 121 59 0 80 0 128 69 0 78 0 133 59 0 59 0 151 67 0 56 0 123 68 0 
76 46 0 29 0 103 72 16 47 23 92 86 0 24 0 110 52 0 41 0 87 58 0 33 0 
0 0 0 0 23 190 192 196 202 223 0 0 0 0 32 0 0 0 0 29 0 0 0 0 38 
89 47 57 109 77 57 37 49 95 67 24 0 0 52 10 28 0 0 48 11 37 12 8 55 27 
31 71 9 6 13 17 59 0 0 0 21 81 0 0 0 161 194 153 151 129 28 84 0 0 0 
0 0 0 23 0 197 187 207 212 172 0 0 0 25 0 0 0 0 23 0 0 0 0 21 0 
71 79 133 138 89 0 0 52 62 0 0 0 74 60 0 0 0 67 53 0 0 0 59 62 0 
69 59 66 50 74 43 0 0 0 13 83 66 53 50 81 31 0 0 0 26 100 52 46 51 62 
0 0 27 0 77 12 7 41 13 105 0 0 39 0 80 15 8 50 11 114 97 90 134 79 181 
614 607 634 663 613 0 0 0 0 0 0 0 0 0 0 0 0 0 0 0 0 0 0 0 0 
55 105 137 64 70 28 79 94 26 26 0 32 69 0 0 0 37 71 0 0 0 39 64 0 0 
0 0 118 0 0 0 0 98 0 0 78 126 211 117 106 0 0 91 0 0 0 0 113 0 0 
112 131 43 61 158 40 45 0 0 102 44 74 0 0 84 44 51 0 0 77 59 47 0 0 95 
0 44 0 16 6 40 99 43 49 37 0 55 0 10 7 0 54 0 22 7 3 35 2 21 18 
8 3 96 3 8 0 0 84 0 0 0 0 80 0 0 35 39 120 26 29 74 75 144 55 81 
0 0 0 51 75 86 76 60 110 158 0 0 0 49 73 0 0 0 35 84 0 0 0 46 73 
108 188 92 91 96 24 128 0 0 0 29 138 10 10 9 24 84 0 0 0 26 93 0 3 0 
64 27 97 30 96 18 0 34 7 66 15 0 40 0 76 19 0 49 0 63 5 0 34 0 71 
59 12 0 0 6 75 0 0 0 0 78 51 39 51 71 106 52 0 35 28 179 110 81 140 111 
67 34 118 48 45 32 0 81 0 0 29 0 77 0 0 24 0 70 0 0 83 45 122 48 41 
89 78 101 49 60 34 29 33 0 12 58 69 60 28 44 46 29 39 0 12 35 32 38 0 10 
0 62 64 0 0 0 65 49 0 0 20 104 72 21 21 32 109 53 39 42 0 62 46 0 0 
58 102 57 52 49 38 110 36 41 33 19 84 21 21 31 28 64 28 30 31 0 66 0 0 0 
25 0 88 0 38 61 43 116 39 72 24 0 78 0 25 32 0 80 0 24 29 0 92 0 20 
0 2110 0 0 0 0 2175 0 0 0 0 2057 0 0 0 0 2125 0 0 0 0 2051 0 0 0 
27 126 106 21 14 86 205 198 107 92 8 114 128 7 0 48 215 169 77 61 7 118 107 0 0 
49 89 67 0 0 41 116 92 0 0 66 99 94 0 0 52 96 86 0 0 54 98 93 0 0 
0 124 0 177 1 110 230 128 346 130 138 250 139 343 120 0 127 0 204 0 4 127 0 196 0 
69 97 142 130 95 0 0 46 0 0 0 0 62 0 0 0 0 49 0 0 185 205 247 242 201 
0 0 0 0 0 1253 1203 1208 1163 1235 0 0 0 0 0 0 0 0 0 0 0 0 0 0 0 
0 0 80 125 0 0 0 75 106 0 0 0 81 127 0 0 0 80 125 0 0 0 72 128 0 
166 70 65 102 46 194 63 59 126 68 122 0 0 46 0 125 0 0 41 0 114 0 0 55 0 
0 124 0 0 82 0 142 0 0 76 0 150 0 0 87 0 133 0 0 70 0 144 0 0 100 
151 297 179 228 92 121 273 120 156 19 258 409 292 323 143 212 408 291 265 156 212 365 304 259 155 
112 93 317 299 103 3 0 224 215 1 137 127 327 341 120 0 0 187 210 7 21 23 231 216 27 
189 164 153 195 339 14 41 5 16 207 8 23 8 27 190 279 295 236 243 443 281 316 323 291 468 
0 62 0 0 0 0 50 0 0 0 0 67 0 0 0 7 62 4 6 3 161 192 161 138 159 
64 39 60 14 59 50 19 40 0 45 59 14 49 0 37 79 18 37 0 58 143 129 124 92 174 
205 75 0 101 0 205 67 0 105 0 208 60 0 107 0 194 69 0 114 0 210 65 0 119 0 
56 0 0 0 0 62 0 0 0 0 64 0 0 0 0 203 134 145 147 141 52 0 0 0 0 
99 230 225 154 60 70 173 196 109 25 88 194 202 83 86 54 156 167 67 0 41 176 195 83 1 
77 7 9 45 26 109 77 57 101 78 106 71 69 76 75 68 35 28 74 40 53 0 0 30 13 
118 131 144 95 195 0 0 7 0 56 68 75 73 64 119 0 0 21 0 52 0 0 10 0 67 
20 46 0 49 0 95 116 64 108 47 53 60 24 76 32 34 40 0 49 0 24 42 0 52 0 
94 115 90 92 151 88 96 75 66 131 0 29 0 0 53 0 24 0 0 47 68 87 68 68 117 
0 71 0 0 1 29 132 39 36 27 35 146 40 31 31 26 123 22 28 32 40 117 43 36 49 
31 6 40 33 0 101 70 111 110 60 41 19 45 35 0 45 8 44 33 0 39 18 37 39 0 
1 12 0 89 236 138 144 144 245 396 0 33 0 104 276 0 25 1 102 271 141 169 138 209 346 
6 9 85 13 235 5 0 79 7 171 102 92 176 106 272 148 158 234 171 343 1 3 65 2 177 
155 0 0 0 0 137 0 0 0 0 233 87 109 105 105 130 0 0 0 0 128 0 0 0 0 
0 0 0 0 838 0 0 0 0 783 0 0 0 0 851 0 0 0 0 840 0 0 0 0 782 
165 127 0 176 56 136 144 0 229 85 196 184 50 247 136 123 117 6 189 96 116 187 0 191 81 
182 0 0 0 0 316 107 98 96 88 193 0 0 0 0 188 0 0 0 0 179 0 0 0 0 
0 0 0 0 0 76 60 79 69 73 0 0 0 0 0 148 138 153 154 148 0 0 0 0 0 
0 22 0 143 0 32 55 45 186 31 0 19 0 132 0 0 16 0 136 0 0 20 0 160 0 
80 37 85 86 102 51 2 58 53 52 30 1 61 62 50 88 51 105 116 114 12 0 43 28 35 
52 56 63 143 119 33 26 34 93 83 0 0 0 85 60 0 0 0 60 62 7 12 10 85 56 
0 8 58 0 0 73 81 151 73 80 0 9 62 0 0 47 66 144 43 52 0 5 53 0 0 
111 0 110 0 0 101 0 84 0 0 92 1 100 4 1 69 0 100 0 0 108 11 88 10 10 
321 99 333 126 230 366 171 405 171 243 345 146 395 191 230 217 12 206 31 135 202 53 270 45 128 
72 161 72 88 69 0 94 0 28 0 17 134 31 36 30 0 107 0 19 0 0 76 0 22 0 
0 0 33 0 58 35 46 78 44 113 55 74 89 53 121 0 0 33 0 61 0 0 49 0 58 
0 0 16 0 187 0 0 16 0 178 0 0 28 0 166 0 0 25 0 179 0 0 23 0 182 
0 0 0 50 0 0 0 0 59 0 54 59 45 140 45 0 0 0 58 0 85 78 82 158 86 
96 0 0 99 0 115 0 0 118 0 104 0 0 92 0 99 0 0 126 0 101 0 0 115 0 
3 42 78 52 4 107 180 199 186 153 177 213 247 214 138 0 72 110 84 11 91 132 132 156 55 
113 151 141 120 251 0 0 0 0 79 0 0 0 0 79 26 23 33 27 125 0 0 0 0 93 
124 223 130 128 123 0 116 0 0 0 83 198 88 88 81 3 113 3 1 6 87 199 82 76 94 
144 126 75 79 81 81 46 0 0 0 90 49 2 3 8 67 51 0 0 0 74 58 0 0 0 
0 95 0 0 0 29 138 42 45 52 0 108 0 0 0 53 163 69 67 54 0 96 0 0 0 
0 0 0 0 0 0 0 0 0 0 0 0 0 0 0 0 0 0 0 0 443 430 468 431 404 
0 0 37 0 0 73 79 92 75 87 0 0 30 0 0 77 75 85 59 79 19 25 59 22 25 
8 14 16 17 52 0 0 0 0 36 80 79 71 69 99 0 0 0 0 33 67 98 78 76 105 
0 0 0 127 0 0 0 0 110 0 0 0 0 135 0 0 0 0 139 0 72 71 76 190 79 
0 67 0 33 72 0 61 0 38 76 0 54 0 34 91 0 60 0 32 73 19 77 25 56 113 
0 110 0 0 0 0 105 0 0 0 0 104 0 0 0 0 96 0 0 0 97 185 99 104 92 
0 13 4 46 0 77 83 76 71 77 59 48 45 66 63 0 0 0 17 0 117 125 118 134 112 
0 0 119 55 0 43 47 155 108 51 0 0 105 40 0 0 0 94 39 0 0 0 130 36 0 
11 50 1 0 0 0 73 11 0 28 4 59 0 0 28 0 29 0 0 25 0 42 13 0 31 
58 0 0 0 0 125 62 61 76 69 99 20 18 20 15 131 47 46 52 40 58 0 0 0 0 
82 34 32 111 37 38 0 0 89 0 48 0 0 78 0 82 35 29 118 32 53 0 0 81 0 
0 0 63 43 0 0 0 55 43 0 101 99 149 132 97 0 0 62 47 0 0 0 67 42 0 
28 0 1 67 99 76 56 61 116 173 17 0 5 70 105 48 19 32 76 89 28 31 40 82 97 
4 7 55 102 8 0 0 50 85 0 55 32 119 130 54 32 45 78 125 41 0 0 53 91 0 
65 8 56 54 13 47 0 48 41 14 151 87 155 129 112 76 15 57 53 18 62 0 52 54 3 
45 0 61 0 61 41 0 66 0 56 31 0 74 0 73 97 63 125 72 118 31 0 66 0 65 
77 28 162 85 48 66 2 157 66 32 46 0 116 12 1 168 70 229 121 109 98 27 187 71 71 
22 100 168 40 143 151 218 300 146 275 32 93 194 54 185 0 57 159 4 123 99 165 245 127 238 
19 20 22 57 48 40 38 34 75 72 0 0 0 31 29 0 0 0 21 15 75 89 89 123 99 
19 37 0 105 1 34 54 0 129 0 92 89 47 158 62 31 43 0 123 0 50 42 0 92 0 
0 0 55 0 0 169 151 213 154 182 0 0 68 0 0 0 0 79 0 0 0 0 79 0 0 
57 81 60 83 47 12 27 0 29 0 72 96 70 114 45 13 52 9 45 8 71 65 65 102 41 
11 4 0 0 63 12 2 0 0 50 53 53 41 36 107 19 19 14 10 64 79 97 78 75 109 
58 11 10 6 20 86 60 62 64 64 93 73 78 87 83 39 0 4 0 12 34 11 14 7 20 
19 107 89 19 39 0 97 77 11 7 0 76 50 0 22 0 90 54 5 11 57 137 123 48 95 
151 186 99 94 99 73 67 51 22 21 41 51 18 0 0 41 54 16 0 0 33 46 14 0 0 
95 0 0 22 0 83 0 0 31 0 99 0 0 34 0 100 0 0 2 0 122 15 22 54 29 
72 83 14 20 25 50 48 1 0 1 51 71 14 10 19 67 70 37 42 48 82 78 48 27 48 
32 70 37 60 13 0 58 8 42 9 0 46 9 39 11 0 42 14 27 0 39 102 64 94 69 
0 0 58 26 12 0 0 48 37 0 0 0 45 41 4 46 56 132 95 62 58 51 105 95 68 
30 38 29 22 31 0 0 0 0 0 73 63 58 63 59 0 0 0 0 0 127 115 106 118 113 
47 34 37 34 42 0 0 15 0 0 0 0 18 0 0 50 43 87 62 52 131 101 143 133 131 
39 43 107 37 53 4 10 60 0 11 58 47 135 41 44 0 0 53 0 1 0 6 61 5 0 
0 0 180 32 0 0 0 141 23 0 19 20 156 37 18 0 0 166 23 0 0 0 162 23 0 
35 104 0 0 0 74 144 59 51 53 96 173 30 22 21 97 182 69 78 66 27 98 0 0 0 
58 0 81 69 98 142 62 192 171 172 151 86 195 197 210 154 50 128 126 167 99 8 100 133 125 
107 162 87 71 78 16 83 5 0 0 105 192 93 77 73 52 101 44 30 19 30 78 0 0 0 
0 116 108 162 0 0 127 119 164 1 0 108 120 167 3 0 117 115 156 0 0 126 118 165 2 
13 0 0 131 0 9 0 0 95 0 91 65 87 187 84 11 0 0 99 0 20 1 1 105 1 
41 65 45 39 47 0 52 2 0 14 51 82 45 40 52 7 35 0 0 24 0 58 0 0 21 
118 126 43 71 106 159 202 91 93 191 137 159 58 71 120 80 79 6 20 70 208 225 101 142 172 
69 178 138 112 105 4 43 66 17 3 34 80 103 47 30 24 72 66 10 27 0 62 42 0 0 
0 18 6 0 58 0 29 12 1 89 0 8 8 2 45 44 77 70 44 139 21 36 33 25 93 
603 451 462 364 426 467 205 243 165 206 496 310 294 217 252 312 132 126 48 134 523 354 411 332 365 
95 67 2 3 1 164 155 76 74 68 77 84 0 0 0 98 89 20 16 16 77 58 0 0 0 
147 301 111 143 142 263 391 162 279 199 124 273 87 166 76 25 191 0 43 0 98 220 67 102 62 
4 0 2 65 0 0 0 0 33 0 56 43 25 71 25 66 49 27 88 60 18 0 0 26 0 
0 0 0 0 57 0 0 0 0 65 0 0 0 0 83 0 0 0 0 65 158 190 170 189 224 
100 5 47 0 19 175 32 77 46 41 170 78 116 61 82 228 108 182 99 120 189 33 68 30 35 
150 0 0 54 0 156 0 0 55 0 141 0 0 40 0 168 0 0 46 0 149 0 0 40 0 
163 113 146 226 114 43 0 83 112 5 90 46 117 177 63 56 5 97 101 23 61 0 86 93 1 
0 0 54 51 0 69 52 99 88 61 0 0 43 33 0 59 50 102 88 50 42 35 83 70 33 
89 138 91 220 184 0 11 0 124 63 0 21 3 87 69 0 13 19 108 57 33 43 34 111 75 
143 109 90 86 30 180 149 127 139 100 102 73 49 55 5 237 160 173 154 128 171 145 146 95 73 
94 17 93 0 0 113 13 102 0 0 126 10 101 0 0 119 8 93 0 0 116 16 104 0 0 
63 157 65 68 65 0 60 0 0 0 2 83 1 0 3 0 69 0 0 0 83 170 69 87 73 
0 0 0 17 0 0 0 0 21 0 0 0 0 19 0 0 0 0 18 0 171 179 207 211 203 
46 7 0 33 39 117 90 77 104 103 49 5 0 35 39 40 0 0 24 43 50 6 0 29 34 
79 2 73 164 129 22 1 42 152 107 70 36 67 180 132 25 0 55 131 102 194 104 160 278 275 
0 0 0 196 0 0 0 0 186 0 0 0 0 178 0 4 4 5 225 6 0 0 0 202 0 
0 77 59 0 70 0 78 70 0 78 0 89 55 0 58 0 80 74 0 81 0 96 75 0 76 
0 0 0 156 37 0 0 0 174 34 29 32 17 172 60 0 0 0 153 37 0 0 0 155 47 
63 27 73 62 48 106 58 126 75 80 28 18 46 25 17 80 63 157 89 80 8 0 35 0 0 
71 0 0 0 48 60 0 0 0 46 78 0 0 0 53 61 0 0 0 44 161 83 72 84 138 
0 0 170 0 31 0 0 194 0 27 0 0 173 0 24 0 0 163 0 21 0 0 156 0 26 
65 110 6 132 67 83 165 24 117 127 27 92 0 112 34 204 257 158 240 185 123 220 91 185 163 
94 0 0 0 0 117 0 0 0 0 123 0 0 0 0 105 0 0 0 0 208 88 86 89 100 
0 0 0 29 0 72 67 45 86 45 0 0 0 10 0 41 43 64 73 49 49 56 47 101 42 
0 0 0 1044 0 0 0 0 1041 0 0 0 0 1054 0 0 0 0 1105 0 0 0 0 1050 0 
0 0 1459 0 0 0 0 1472 0 0 0 0 1373 0 0 0 0 1501 0 0 0 0 1465 0 0 
