862 870 810 745 863 1099 1186 1091 969 1108 686 695 652 662 752 968 966 988 908 1049 657 617 598 512 652 
163 123 163 150 159 0 0 0 0 0 115 77 115 100 93 0 0 0 0 0 0 0 0 0 0 
125 46 34 168 226 69 0 0 130 179 197 65 54 252 277 47 0 0 94 143 85 0 1 145 141 
315 45 112 94 102 226 0 41 5 13 389 102 215 134 163 441 209 319 236 248 284 55 129 88 104 
0 0 0 141 15 150 118 122 311 155 0 2 0 169 15 99 90 84 238 94 0 0 0 124 9 
150 54 91 134 13 148 13 104 139 0 152 34 82 116 19 133 13 66 134 0 342 214 317 360 195 
110 5 21 0 89 94 0 16 0 98 193 94 100 89 188 173 67 88 64 163 217 99 128 120 251 
0 0 0 0 0 0 0 0 0 0 1026 1036 985 1011 1052 0 0 0 0 0 0 0 0 0 0 
0 0 0 238 0 0 0 3 241 0 102 96 94 353 113 106 96 86 379 124 0 0 0 226 0 
11 9 13 196 7 0 0 0 200 0 38 45 37 184 33 0 0 0 169 0 2 7 3 187 3 
90 152 204 264 60 73 144 212 240 60 195 230 281 338 151 109 233 269 305 122 104 170 196 288 66 
0 0 0 0 0 0 0 0 0 0 0 0 0 0 0 63 72 71 75 89 199 156 168 202 173 
73 87 59 49 167 0 9 0 0 92 0 3 0 0 96 0 7 0 0 103 78 76 75 67 150 
144 151 152 158 153 0 0 0 0 0 0 0 0 0 0 0 0 0 0 0 84 81 67 71 88 
0 0 0 0 0 0 0 0 0 0 0 0 0 0 0 428 433 423 409 418 196 180 180 186 203 
0 215 0 0 87 0 180 0 0 102 140 348 165 157 220 0 204 0 0 100 0 226 0 0 78 
931 0 0 0 0 897 0 0 0 0 907 0 0 0 0 952 0 0 0 0 936 0 0 0 0 
14 6 201 133 141 52 5 161 141 164 95 103 250 199 197 182 192 359 315 296 126 88 254 209 272 
114 169 97 171 89 95 94 67 125 95 0 53 0 62 0 46 107 57 111 47 0 49 0 46 0 
29 16 13 7 21 143 109 115 116 134 38 0 0 0 20 28 0 0 0 23 137 126 113 115 169 
0 0 145 0 0 0 0 140 0 0 0 0 162 0 0 158 128 267 134 134 0 0 151 0 0 
0 69 44 51 0 0 79 43 47 0 36 98 93 104 34 0 71 48 49 0 0 71 57 42 0 
0 1 0 1 155 132 121 113 152 238 140 122 128 136 237 6 11 0 0 124 80 93 98 99 215 
0 0 0 0 0 0 0 0 0 0 0 0 0 0 0 1021 1081 1097 1064 1005 0 0 0 0 0 
0 18 52 135 0 0 17 52 115 0 0 18 46 143 0 0 17 51 141 0 0 15 52 139 0 
74 58 0 0 0 91 75 15 16 13 150 91 39 39 39 93 70 0 0 0 105 97 24 25 34 
71 108 74 156 158 12 41 17 68 63 16 38 25 90 96 0 42 0 65 64 0 40 0 58 75 
87 107 112 64 6 80 113 158 67 3 257 267 295 252 179 106 115 127 68 3 233 192 248 195 125 
79 8 14 112 11 76 0 0 126 0 225 149 140 237 137 84 0 0 111 6 121 47 47 187 45 
107 81 41 43 31 127 90 44 54 27 52 45 14 0 0 79 67 19 12 17 74 45 9 0 0 
0 0 175 72 0 0 0 189 59 0 0 0 227 63 0 0 0 205 54 0 0 0 187 56 0 
118 157 165 123 103 0 49 75 0 0 0 48 67 0 0 40 62 102 35 30 0 47 102 0 1 
113 85 117 95 94 154 162 146 151 158 38 71 60 50 62 0 0 0 0 0 0 0 0 0 0 
0 0 0 170 0 0 0 0 176 0 238 239 223 418 249 0 0 0 180 0 0 0 0 158 0 
0 0 0 0 0 167 162 190 143 162 0 0 0 0 0 0 0 0 0 0 79 68 76 69 90 
117 4 4 56 44 131 32 58 114 106 220 71 93 147 158 79 0 1 70 41 198 72 83 154 126 
0 93 0 0 0 0 90 0 0 0 0 68 0 0 0 112 166 86 124 88 63 132 48 52 52 
0 0 115 0 0 102 99 220 119 114 0 0 108 0 0 8 10 135 7 8 19 13 101 18 18 
270 231 210 270 125 127 107 80 119 0 100 107 63 95 0 284 265 178 285 128 142 119 80 143 1 
0 0 0 0 0 32 40 30 20 22 0 0 0 0 0 65 75 78 72 102 113 107 115 108 147 
0 234 0 205 0 0 181 0 195 0 8 207 7 199 7 0 190 0 197 0 0 202 0 211 0 
0 38 0 119 0 0 52 0 135 0 0 50 0 145 0 60 137 73 220 69 0 57 0 124 0 
0 0 0 0 68 74 65 71 56 123 78 67 67 75 116 0 0 0 0 68 0 0 0 0 72 
77 303 310 51 241 26 210 215 3 155 76 298 268 57 232 113 317 266 102 263 202 377 348 161 313 
0 51 36 0 83 20 69 50 16 99 28 93 96 44 90 0 67 29 0 67 0 66 32 0 77 
109 92 102 121 119 13 0 0 33 0 12 0 0 39 0 21 0 0 40 0 85 66 60 105 81 
77 0 75 0 0 79 0 82 0 0 151 61 127 62 56 122 18 98 13 13 77 0 89 0 0 
0 19 83 0 103 0 12 73 0 115 0 17 78 0 114 0 14 98 0 146 0 14 74 0 111 
14 47 133 77 18 54 71 150 103 45 0 30 111 33 0 38 66 153 90 36 0 18 101 58 0 
0 61 0 0 0 0 68 0 0 0 114 227 109 130 124 0 92 0 0 0 14 82 19 26 27 
0 0 0 81 0 67 68 54 139 86 0 0 0 74 0 0 0 0 92 0 77 66 68 162 67 
66 0 127 69 0 81 0 124 62 0 74 0 124 66 0 60 0 126 66 0 54 0 125 63 0 
102 69 0 39 0 138 95 17 61 27 122 112 0 32 0 143 69 0 50 0 111 82 0 46 0 
0 0 0 0 27 193 187 192 199 221 0 0 0 0 33 0 0 0 0 31 0 0 0 0 35 
115 53 71 143 95 67 41 63 127 88 27 0 0 62 12 37 0 0 64 11 46 12 8 75 35 
29 64 9 6 12 19 53 0 0 0 21 82 0 0 0 150 189 140 135 128 29 87 0 0 0 
0 0 0 21 0 186 170 197 198 164 0 0 0 23 0 0 0 0 22 0 0 0 0 19 0 
71 79 124 137 89 0 0 45 61 0 0 0 68 57 0 0 0 57 50 0 0 0 51 60 0 
69 56 60 47 69 42 0 0 0 11 78 62 50 49 73 30 0 0 0 23 93 49 46 50 58 
0 0 25 0 69 9 6 36 12 89 0 0 34 0 70 10 7 43 8 95 81 75 114 64 153 
602 596 617 651 600 0 0 0 0 0 0 0 0 0 0 0 0 0 0 0 0 0 0 0 0 
68 124 157 77 89 29 94 108 30 28 0 35 78 0 0 0 40 80 0 0 0 50 73 0 0 
0 0 120 0 0 0 0 97 0 0 78 126 223 119 118 0 0 91 0 0 0 0 108 0 0 
116 136 45 61 157 39 49 0 0 105 50 69 0 0 79 45 51 0 0 83 73 44 0 0 102 
0 49 0 23 35 59 115 55 80 94 0 59 0 27 38 0 54 0 39 40 26 65 22 53 63 
9 7 99 5 12 0 0 87 0 0 0 0 83 0 0 36 39 120 27 29 75 78 150 59 85 
0 0 0 51 75 88 81 63 117 163 0 0 0 47 73 0 0 0 36 84 0 0 0 46 73 
112 179 83 85 91 22 116 0 0 0 36 126 8 8 10 27 82 0 0 0 29 86 0 0 0 
63 30 96 35 94 18 0 36 2 65 15 0 41 0 77 16 0 54 2 63 10 0 33 0 68 
82 6 5 0 5 86 0 1 0 0 98 63 34 50 78 108 49 6 27 29 157 105 81 112 104 
67 34 118 48 46 32 0 81 0 0 29 0 77 0 0 26 0 70 0 0 83 45 122 48 41 
90 79 82 50 60 34 30 19 1 11 57 68 48 25 42 46 28 25 0 11 33 32 20 0 10 
0 62 68 0 0 0 69 50 0 0 21 103 76 21 21 32 109 62 40 42 0 62 48 0 0 
49 83 48 37 41 30 99 32 38 19 13 65 9 0 21 24 41 25 27 21 0 56 0 0 0 
30 0 91 0 45 63 43 124 39 80 25 0 85 0 29 37 10 99 5 36 31 0 99 0 28 
0 2071 0 0 0 0 2129 0 0 0 0 1993 0 0 0 0 2077 0 0 0 0 2011 0 0 0 
25 153 144 22 17 100 264 192 111 86 10 161 144 5 0 56 241 169 94 56 16 125 102 6 0 
51 85 68 0 0 36 102 92 0 0 60 92 96 0 0 51 99 86 0 0 50 97 89 0 0 
5 152 0 184 0 135 275 117 349 153 123 264 123 378 140 3 145 0 212 0 1 136 0 151 0 
69 92 166 127 114 0 0 48 0 0 0 0 92 0 0 0 0 55 0 0 212 269 275 249 266 
0 0 0 0 0 1266 1221 1216 1172 1246 0 0 0 0 0 0 0 0 0 0 0 0 0 0 0 
0 0 80 125 0 0 0 75 106 0 0 0 81 127 0 0 0 81 125 0 0 0 72 128 0 
159 52 58 109 49 157 58 69 123 65 94 0 0 44 0 87 0 0 40 0 100 0 0 47 0 
0 113 0 0 74 0 133 0 0 68 0 145 0 0 83 0 125 0 0 67 0 133 0 0 98 
167 207 110 194 78 108 171 70 135 24 226 328 215 273 141 178 266 178 185 79 160 336 229 218 141 
101 77 284 290 85 0 0 197 201 2 113 112 286 313 108 0 0 171 191 10 17 8 192 195 18 
146 138 121 160 283 19 28 5 16 176 15 17 3 22 177 233 238 173 208 384 234 290 266 259 418 
0 63 0 0 0 0 47 0 0 0 0 63 0 0 0 7 60 4 8 3 155 191 154 129 149 
63 31 57 16 64 62 18 34 0 47 60 16 45 0 42 81 17 40 0 56 143 119 120 99 162 
202 76 0 100 0 205 68 0 103 0 205 58 0 104 0 192 68 0 112 0 201 66 0 118 0 
55 0 0 0 0 62 0 0 0 0 64 0 0 0 0 202 133 145 146 141 52 0 0 0 0 
128 281 270 163 77 120 237 287 186 59 118 255 257 127 98 69 189 236 97 10 69 239 273 114 20 
96 7 13 57 34 117 84 64 123 84 116 84 83 96 98 86 32 26 82 61 68 0 1 40 20 
119 129 142 99 194 0 0 7 0 62 67 76 79 65 116 0 0 17 0 59 0 0 17 0 65 
20 45 0 46 0 92 111 59 96 43 51 56 23 72 34 33 36 0 47 0 24 43 0 49 0 
90 94 74 101 149 81 84 70 63 93 0 24 0 0 51 0 25 0 0 25 56 70 56 63 98 
0 65 0 0 0 29 117 32 32 27 31 133 34 31 31 25 111 23 24 31 38 120 45 32 47 
33 11 41 33 0 101 71 111 111 62 43 20 47 37 0 47 8 44 35 0 41 20 37 39 0 
1 10 0 79 205 117 131 119 206 332 2 28 0 78 239 0 9 2 92 247 113 134 112 176 300 
10 20 77 9 238 2 0 59 6 169 101 86 161 99 256 133 141 200 164 328 2 6 63 0 179 
151 0 0 0 0 126 0 0 0 0 212 89 104 103 107 122 0 0 0 0 126 0 0 0 0 
0 0 0 0 834 0 0 0 0 790 0 0 0 0 844 0 0 0 0 834 0 0 0 0 781 
132 80 0 167 46 115 107 4 170 66 151 154 47 218 94 103 101 6 172 82 122 137 10 191 55 
184 0 0 0 0 351 108 105 102 94 217 0 0 0 0 206 0 0 0 0 203 0 0 0 0 
0 0 0 0 0 80 67 76 76 88 0 0 0 0 0 161 148 169 166 156 0 0 0 0 0 
0 27 0 156 0 34 59 49 201 35 0 16 0 139 0 0 19 0 148 0 0 20 0 173 0 
106 74 132 157 165 61 0 85 88 76 43 6 78 87 71 110 57 130 154 126 17 3 51 69 50 
50 58 66 147 125 31 26 35 90 85 0 0 0 83 64 0 0 0 55 52 9 12 11 83 62 
0 8 70 0 0 96 109 208 93 103 0 12 79 0 0 69 83 182 56 69 0 6 75 0 0 
118 0 115 0 0 104 0 90 0 0 94 0 110 4 1 73 0 103 0 0 115 12 93 11 11 
304 78 297 128 175 332 169 421 179 217 326 163 395 232 236 193 27 228 54 114 238 45 263 77 86 
69 166 80 94 71 0 98 0 28 0 19 145 27 38 29 0 108 0 20 0 1 82 0 23 0 
0 0 38 0 68 40 53 89 50 136 65 80 105 61 133 0 0 36 0 73 0 0 49 0 67 
0 0 16 0 187 0 0 16 0 178 0 0 28 0 166 0 0 24 0 178 0 0 23 0 182 
0 0 0 50 0 0 0 0 62 0 58 65 47 146 48 0 0 0 61 0 87 88 85 171 95 
114 0 0 115 0 132 0 0 135 0 126 0 0 109 0 111 0 0 136 0 109 0 0 120 0 
0 25 65 64 0 108 185 181 179 133 161 210 218 221 147 1 41 83 93 0 74 92 90 126 47 
121 178 139 121 260 0 0 0 0 95 0 0 0 0 92 26 31 34 24 138 0 0 0 0 110 
113 222 132 119 128 0 117 0 0 0 72 188 83 85 72 3 110 2 0 3 88 201 78 74 93 
147 137 84 81 91 81 46 0 0 0 88 51 6 4 9 70 51 0 0 0 77 60 0 0 0 
0 110 0 0 0 30 145 45 47 56 0 116 0 0 0 63 180 72 71 58 0 102 0 0 0 
0 0 0 0 0 0 0 0 0 0 0 0 0 0 0 0 0 0 0 0 446 413 447 431 396 
0 0 36 0 0 73 79 92 75 87 0 0 30 0 0 76 75 83 59 79 19 25 58 22 26 
9 14 16 17 52 0 0 0 0 36 83 79 69 71 100 0 0 0 0 34 66 98 78 78 105 
0 0 0 132 0 0 0 0 114 0 0 0 0 138 0 0 0 0 144 0 75 71 76 191 81 
0 62 0 31 80 0 68 0 40 82 0 52 0 37 89 0 61 0 29 78 22 74 25 51 111 
0 112 0 0 0 0 108 0 0 0 0 106 0 0 0 0 96 0 0 0 97 185 99 105 92 
0 1 0 40 0 87 55 82 78 70 68 7 60 64 53 0 0 0 17 0 97 98 106 142 97 
0 0 117 55 0 43 44 155 106 50 0 0 101 39 0 0 0 89 38 0 0 0 126 34 0 
1 12 0 0 0 0 68 19 1 25 0 64 0 0 16 0 38 0 0 0 0 51 9 0 9 
59 0 0 0 0 124 61 61 76 67 99 20 18 20 15 131 47 45 52 41 58 0 0 0 0 
83 35 33 111 37 39 0 0 91 0 48 0 0 85 0 83 35 30 120 32 55 0 0 83 0 
0 0 64 44 0 0 0 55 46 0 101 102 150 135 101 0 0 63 48 0 0 0 67 42 0 
32 0 1 71 120 96 84 89 145 209 34 2 15 97 143 62 36 69 107 122 40 40 64 101 137 
4 7 52 100 7 0 0 52 80 0 55 31 113 125 52 28 42 70 118 37 0 0 46 82 0 
43 2 44 39 10 38 2 38 35 14 113 73 117 98 79 67 24 42 49 12 46 0 47 38 0 
39 0 54 0 55 38 0 56 0 51 26 0 66 0 70 88 49 103 64 103 30 0 55 0 53 
83 44 180 90 47 68 5 176 86 36 59 0 142 17 9 160 77 220 111 115 98 37 213 84 59 
1 93 144 26 159 154 209 306 148 285 42 129 204 38 212 0 64 162 0 154 109 165 260 134 286 
21 30 30 65 55 46 49 49 93 89 0 0 0 40 33 0 0 0 27 21 92 114 120 159 118 
19 33 0 91 0 35 53 0 108 0 82 87 43 141 57 28 39 0 105 0 45 37 0 99 0 
0 0 52 0 0 164 145 211 152 177 0 0 62 0 0 0 0 71 0 0 0 0 72 0 0 
64 105 67 94 45 17 38 0 44 0 89 127 84 130 56 24 91 9 75 17 90 87 101 121 49 
9 6 0 0 76 15 2 0 0 68 70 66 58 48 132 25 21 16 18 83 97 128 109 104 156 
59 11 10 5 20 86 60 61 64 64 94 73 78 87 83 39 0 5 0 12 34 11 14 7 21 
21 104 73 18 31 0 91 67 5 7 0 77 40 0 19 0 76 60 5 13 48 125 100 43 77 
172 200 115 109 120 85 69 44 22 20 46 55 21 0 0 49 52 17 0 0 32 47 15 0 0 
101 0 0 19 0 89 0 0 18 0 108 0 0 35 0 110 0 0 0 0 131 15 23 52 32 
69 91 15 26 19 51 54 0 0 0 55 78 19 6 14 73 80 42 41 53 86 85 51 33 47 
34 64 35 67 27 0 49 4 41 12 0 41 9 45 17 0 40 0 30 12 33 95 57 92 77 
0 0 62 28 11 0 0 46 36 2 0 0 45 42 5 49 57 133 99 64 54 51 105 94 67 
29 38 26 22 31 0 0 0 0 0 71 59 57 62 55 0 0 0 0 0 120 107 99 114 110 
40 32 36 31 38 0 0 14 0 0 0 0 17 0 0 46 38 79 51 41 103 84 115 121 108 
30 42 107 48 50 6 8 63 14 15 59 52 131 56 52 0 0 50 4 0 0 3 58 22 0 
0 0 180 32 0 0 0 141 23 0 19 20 156 37 18 0 0 165 23 0 0 0 162 23 0 
45 116 0 0 0 96 154 64 51 51 98 193 36 22 15 107 187 64 78 64 38 105 0 0 0 
76 0 79 84 98 145 62 176 167 160 175 83 174 197 209 163 35 93 118 150 104 0 81 123 101 
107 152 87 77 80 12 75 3 0 0 98 177 87 66 66 47 88 42 19 21 35 77 0 0 0 
0 122 116 178 0 0 139 132 181 0 0 112 129 188 0 0 128 127 169 0 0 134 125 180 0 
13 0 0 130 0 9 0 0 95 0 91 64 87 184 84 11 0 0 99 0 18 0 0 103 0 
44 66 43 30 42 0 50 0 0 29 50 85 44 40 64 7 36 0 0 34 2 62 0 0 23 
125 144 20 51 82 174 218 60 85 183 146 165 61 76 102 83 88 0 20 63 217 255 98 104 152 
66 159 117 82 91 8 41 59 11 3 29 75 100 30 31 21 64 58 11 26 0 55 49 0 0 
1 9 5 3 69 4 28 16 0 99 0 12 6 7 39 42 71 75 37 145 25 36 34 29 86 
637 458 503 407 491 460 160 250 207 234 451 249 282 206 282 385 98 104 65 123 522 311 367 316 373 
82 55 2 3 1 164 142 69 74 77 83 82 0 0 0 98 90 25 20 15 78 61 0 0 0 
133 313 128 126 121 248 394 160 225 179 117 269 60 134 74 32 187 0 31 0 81 212 67 79 44 
6 0 0 69 0 0 0 0 46 0 64 46 41 74 36 78 60 58 113 78 23 0 0 42 0 
0 0 0 0 52 0 0 0 0 58 0 0 0 0 65 0 0 0 0 59 136 161 144 155 187 
63 3 27 0 11 127 14 56 26 26 121 48 96 46 56 142 74 125 76 89 132 39 51 24 24 
150 0 0 53 0 156 0 0 55 0 141 0 0 40 0 168 0 0 46 0 149 0 0 41 0 
165 117 163 249 121 42 3 93 122 5 96 40 121 185 66 54 5 96 108 25 62 0 91 96 1 
0 0 52 71 0 101 68 127 112 81 0 0 55 52 0 78 71 135 109 57 59 51 89 105 36 
74 93 85 165 165 0 11 6 91 46 0 14 7 57 58 0 10 11 79 57 31 43 35 104 68 
117 101 64 51 20 129 108 100 98 81 77 56 35 35 7 198 148 149 118 127 119 135 112 56 69 
71 163 70 75 71 0 68 0 0 0 7 100 4 6 4 0 68 0 0 0 99 193 79 101 83 
0 0 0 17 0 0 0 0 23 0 0 0 0 21 0 0 0 0 22 0 178 192 217 230 220 
46 0 0 32 37 118 88 77 104 104 50 0 0 35 39 42 2 0 25 43 49 3 0 29 33 
69 8 54 130 108 38 7 30 111 104 91 25 51 149 132 44 0 38 107 112 172 104 157 240 260 
0 96 75 0 77 0 90 75 0 86 0 97 60 0 67 0 93 81 0 83 0 116 88 0 78 
47 22 56 39 33 72 48 92 52 55 23 16 36 20 13 54 45 101 66 49 8 0 32 0 0 
72 0 0 0 48 61 0 0 0 46 79 0 0 0 55 67 0 0 0 45 169 88 73 87 142 
75 127 11 128 79 59 139 4 120 103 48 96 4 135 64 227 265 146 267 190 129 164 81 177 144 
92 0 0 0 0 117 0 0 0 0 122 0 0 0 0 102 0 0 0 0 206 88 85 89 99 
70 83 95 76 62 10 32 39 10 7 0 13 42 0 0 56 66 82 49 42 21 29 52 18 13 
0 0 0 140 33 0 0 0 157 28 27 29 16 156 51 0 0 0 149 34 0 0 0 138 38 
89 16 79 0 0 99 11 90 0 0 109 9 86 0 0 107 8 85 0 0 101 14 94 0 0 
0 0 174 0 32 0 0 197 0 27 0 0 174 0 23 0 0 160 0 21 0 0 159 0 24 
0 0 0 36 0 70 63 46 98 54 0 0 0 24 0 41 45 60 85 50 37 45 42 96 38 
0 0 0 1255 0 0 0 0 1249 0 0 0 0 1238 0 0 2 1 1327 0 0 0 0 1269 0 
0 0 1462 0 0 0 0 1482 0 0 0 0 1377 0 0 0 0 1501 0 0 0 0 1468 0 0 
