917 934 741 811 906 1102 1217 1075 1029 1092 656 745 552 705 753 1065 1017 921 1023 1031 648 626 456 462 672 
177 131 172 161 148 0 0 0 0 0 117 76 116 99 97 0 0 0 0 0 0 0 0 0 0 
127 42 30 165 189 78 0 0 145 122 161 70 60 263 259 71 0 0 100 119 63 0 0 110 106 
0 0 59 116 1 185 133 202 249 140 0 2 60 76 0 125 114 225 225 128 112 103 173 212 88 
129 22 76 107 19 106 11 69 88 4 104 27 66 90 20 100 8 47 101 0 235 148 208 240 141 
114 9 25 0 106 106 6 19 0 131 221 106 116 88 199 175 80 112 70 172 250 130 136 124 254 
0 0 0 0 0 0 0 0 0 0 1051 1070 1010 1028 1066 0 0 0 0 0 0 0 0 0 0 
0 0 0 307 0 0 0 4 288 1 129 139 111 447 129 136 136 113 455 150 0 0 0 275 0 
13 7 13 165 4 0 0 0 178 0 32 43 35 173 28 0 0 0 148 0 3 7 3 173 3 
0 0 0 0 0 0 0 0 0 0 0 0 0 0 0 60 79 66 74 86 202 167 168 201 172 
79 102 74 64 186 0 13 0 0 105 0 2 0 0 130 0 4 0 0 109 83 90 86 68 186 
141 147 147 151 157 0 0 0 0 0 0 0 0 0 0 0 0 0 0 0 79 79 66 61 85 
0 0 0 0 0 0 0 0 0 0 0 0 0 0 0 431 423 422 404 417 173 174 174 185 195 
0 188 0 0 85 0 157 0 0 94 130 323 153 132 219 0 177 0 0 94 0 206 0 0 74 
813 0 0 0 0 804 0 0 0 0 805 0 0 0 0 825 0 0 0 0 829 0 0 0 0 
10 12 214 122 186 48 9 213 141 166 108 112 296 217 229 191 179 373 351 340 123 104 298 225 296 
85 113 80 135 67 54 70 58 109 61 0 41 0 45 0 42 88 45 90 45 0 43 0 33 0 
36 4 12 6 16 130 113 111 116 137 36 0 0 0 17 22 0 0 0 30 152 117 109 128 148 
0 0 129 0 0 0 0 133 0 0 0 0 137 0 0 135 112 240 114 125 0 0 141 0 0 
0 64 43 46 0 0 78 43 45 0 34 96 87 97 33 0 70 47 47 0 0 69 55 42 0 
0 2 0 3 159 132 96 110 152 255 144 122 116 106 224 0 8 0 0 112 82 91 99 99 202 
0 0 0 0 0 0 0 0 0 0 0 0 0 0 0 1029 1093 1110 1067 1016 0 0 1 0 0 
0 24 54 155 0 0 19 60 138 0 0 18 56 162 0 0 19 53 171 0 0 18 56 174 0 
73 51 0 0 0 92 71 17 15 15 159 92 37 37 29 102 64 0 0 0 105 98 24 23 28 
78 121 87 167 168 8 51 19 56 70 13 46 23 71 93 0 41 0 59 66 0 36 0 61 68 
148 134 152 105 0 144 156 201 104 2 359 356 403 346 241 146 153 162 89 11 346 260 366 276 156 
80 12 13 103 12 69 0 0 110 0 226 152 133 238 130 83 0 0 102 0 99 48 49 172 37 
115 86 41 44 30 132 96 47 58 32 57 48 13 0 0 83 70 18 13 12 78 47 8 0 0 
0 0 156 66 0 0 0 159 60 0 0 0 191 58 0 0 0 179 43 0 0 0 143 47 0 
129 170 170 121 104 0 53 72 0 0 0 53 64 0 0 39 69 89 32 33 0 43 99 0 0 
63 51 67 66 58 96 114 101 111 98 21 38 42 35 37 0 0 0 0 0 0 0 0 0 0 
0 0 0 179 0 0 0 0 192 0 233 241 229 431 242 0 0 0 188 0 0 0 0 174 0 
0 0 0 0 0 167 146 188 143 164 0 0 0 0 0 0 0 0 0 0 78 63 75 71 88 
105 1 0 62 39 133 28 47 106 92 202 78 79 130 141 84 0 0 58 39 191 66 80 141 107 
0 83 0 0 0 0 81 0 0 0 0 67 0 0 0 131 164 94 132 99 58 135 46 55 55 
0 0 123 0 0 101 102 214 123 118 0 0 109 0 0 7 10 112 4 12 14 19 100 14 19 
282 247 198 306 124 132 92 74 133 0 93 93 57 113 0 284 248 154 326 119 139 103 72 158 1 
0 0 0 0 0 41 43 33 20 29 0 0 0 0 0 80 87 80 77 112 120 123 107 113 154 
0 229 0 205 0 0 184 0 204 0 8 207 7 201 6 0 190 0 198 0 0 200 0 205 0 
0 45 0 131 0 0 53 0 154 0 0 50 0 135 0 73 163 75 216 81 0 60 0 139 0 
0 0 0 0 86 97 82 90 72 158 104 86 84 86 145 0 0 0 0 79 0 0 0 0 89 
99 311 372 50 252 21 211 258 15 142 84 292 368 65 242 116 327 353 95 258 177 367 372 132 254 
0 53 34 0 84 19 65 50 13 96 34 87 93 42 86 0 70 29 0 71 0 64 27 0 71 
131 119 125 137 137 16 0 0 41 0 14 0 0 40 0 18 0 0 52 0 107 77 72 124 90 
73 0 69 0 0 67 0 77 0 0 121 54 109 50 49 104 17 81 14 13 72 0 77 0 0 
0 18 80 0 96 0 12 69 0 107 0 16 74 0 106 0 13 90 0 133 0 13 69 0 101 
37 75 174 98 33 76 88 181 120 61 0 50 131 45 0 52 85 184 118 59 0 27 115 65 0 
0 71 0 0 0 0 76 0 0 0 122 233 115 144 129 0 88 0 0 0 16 85 19 26 25 
0 0 0 71 0 61 64 50 123 81 0 0 0 70 0 0 0 0 80 0 71 63 57 147 61 
49 0 92 48 0 57 0 108 53 0 59 0 93 50 0 46 0 102 54 0 44 0 99 46 0 
80 60 0 36 0 125 86 19 60 28 109 102 0 34 0 127 58 0 49 0 100 71 0 37 0 
0 0 0 0 28 207 201 205 207 233 0 0 0 0 40 0 0 0 0 42 0 0 0 0 42 
119 56 69 141 93 75 44 67 128 91 28 0 0 61 14 40 0 0 60 13 43 20 11 75 32 
31 75 9 7 11 18 55 0 0 0 22 92 0 0 0 159 202 146 146 131 27 86 0 0 0 
0 0 0 21 0 186 170 197 198 164 0 0 0 23 0 0 0 0 22 0 0 0 0 19 0 
82 97 166 182 108 0 0 58 71 0 0 0 85 76 0 0 0 81 62 0 0 0 74 80 0 
81 67 69 62 79 46 0 1 0 11 85 65 57 52 84 31 0 0 0 21 102 55 50 53 65 
0 0 23 0 68 8 6 36 12 89 0 0 34 0 69 10 7 43 6 95 81 75 114 64 154 
598 594 611 648 594 0 0 0 0 0 0 0 0 0 0 0 0 0 0 0 0 0 0 0 0 
63 116 149 82 81 35 87 102 33 26 0 33 80 0 0 0 40 86 0 0 0 41 70 0 0 
0 0 130 0 0 0 0 114 0 0 86 137 257 133 131 0 0 107 0 0 0 0 120 0 0 
108 124 42 58 155 38 43 0 0 91 44 59 0 0 75 44 45 0 0 85 60 49 0 0 95 
0 58 0 28 36 68 135 70 100 115 0 64 0 34 46 0 61 0 49 45 29 77 23 66 74 
10 7 105 5 13 0 0 93 0 0 0 0 83 0 0 38 40 126 28 29 79 83 151 62 92 
0 0 0 51 75 95 86 66 122 171 0 0 0 48 81 0 0 0 31 86 0 0 0 44 79 
108 187 86 77 92 25 124 0 0 1 32 129 7 8 11 27 89 0 0 0 25 93 0 3 0 
70 25 93 34 101 20 0 37 8 66 17 0 40 0 80 16 0 52 0 61 10 0 40 11 70 
49 6 19 0 7 46 0 11 0 0 53 52 68 41 67 90 52 67 34 40 146 111 111 143 118 
51 24 101 33 43 24 0 76 0 0 20 0 66 0 0 20 0 62 0 0 55 9 93 2 6 
0 0 37 0 12 0 0 0 2 0 0 4 1 12 0 12 0 0 0 0 19 0 0 0 0 
0 62 68 0 0 0 60 43 0 0 21 104 76 21 21 32 108 56 40 42 0 62 48 0 0 
30 0 91 0 45 64 43 124 39 80 25 0 85 0 29 37 10 99 5 36 31 0 99 0 28 
0 2107 0 0 0 0 2213 0 0 0 0 2049 0 0 0 0 2130 0 0 0 0 2084 0 0 0 
15 105 91 0 4 74 163 161 67 53 6 115 94 0 0 35 181 108 70 38 2 84 77 0 0 
74 111 101 0 0 64 137 127 0 0 84 130 130 0 0 74 134 117 0 0 63 126 129 0 0 
0 86 0 101 0 71 144 61 155 84 59 130 32 124 48 0 85 0 106 0 0 87 0 78 0 
0 0 0 0 0 1278 1249 1239 1193 1271 0 0 0 0 0 0 0 0 0 0 0 0 0 0 0 
0 0 98 133 0 0 0 84 115 0 0 0 91 139 0 0 0 89 140 0 0 0 77 134 0 
130 44 44 83 39 137 51 49 107 59 81 0 0 36 0 72 0 0 35 0 79 0 0 45 0 
0 115 0 0 75 0 132 0 0 68 0 144 0 0 78 0 127 0 0 64 0 132 0 0 93 
166 234 151 239 93 78 154 7 110 2 289 362 209 344 129 110 260 54 150 20 175 313 234 291 118 
91 88 271 267 92 0 0 186 187 0 116 87 244 255 84 0 0 136 169 2 24 16 166 156 25 
144 107 107 140 239 10 23 0 12 164 11 16 9 6 152 200 219 170 189 365 217 231 225 207 381 
0 66 0 0 0 0 56 0 0 0 0 61 0 0 0 7 64 4 8 3 156 204 162 141 157 
49 22 43 16 45 47 16 28 0 42 40 14 34 0 31 74 13 31 0 45 122 104 97 85 137 
210 72 0 102 0 210 68 0 110 0 210 62 0 108 0 194 73 0 114 0 214 57 0 110 0 
55 0 0 0 0 64 0 0 0 0 64 0 0 0 0 206 133 148 146 144 52 0 0 0 0 
141 254 297 194 89 178 264 329 188 95 148 260 316 174 134 86 160 241 95 25 79 205 248 139 18 
75 3 12 52 25 88 65 58 99 70 95 62 61 75 80 54 22 23 65 35 53 0 0 26 10 
146 144 134 118 203 0 0 6 0 50 70 93 83 65 136 0 0 21 0 56 0 0 11 0 62 
72 115 0 134 0 179 211 129 240 99 130 149 86 211 94 64 107 0 140 0 38 76 0 119 0 
78 89 107 106 132 91 81 74 70 111 1 23 0 0 45 0 22 0 0 27 55 73 73 50 97 
0 81 0 0 2 33 136 35 32 34 40 156 37 34 37 30 129 25 27 33 40 133 52 36 61 
29 11 41 26 0 97 70 112 108 63 33 21 47 33 0 43 9 44 30 0 36 20 36 28 0 
154 0 0 0 0 149 0 0 0 0 238 82 107 111 112 138 0 0 0 0 152 0 0 0 0 
0 0 0 0 830 0 0 0 0 786 0 0 0 0 844 0 0 0 0 833 0 0 0 0 766 
123 110 0 173 56 133 121 1 180 68 185 191 53 244 122 103 97 4 172 84 131 167 0 213 94 
125 0 0 0 0 261 97 88 81 71 153 0 0 0 0 149 0 0 0 0 148 0 0 0 0 
0 0 0 0 0 72 56 70 67 71 0 0 0 0 0 143 119 141 142 140 0 0 0 0 0 
0 22 0 146 0 33 56 46 190 32 0 22 0 134 0 0 16 0 136 0 0 20 0 161 0 
95 46 119 120 164 54 0 78 62 64 22 0 68 80 70 87 56 106 113 119 6 0 54 64 46 
43 48 55 128 106 28 22 31 81 73 0 0 0 77 55 0 0 0 48 50 7 10 9 75 53 
0 12 72 0 0 89 109 192 102 97 0 11 77 0 0 64 87 187 59 69 0 2 71 0 0 
204 15 202 0 0 214 3 182 0 0 215 5 189 2 0 176 3 192 0 0 214 23 191 8 10 
305 116 312 120 201 323 160 353 156 220 315 167 362 188 247 198 26 199 45 126 190 55 238 21 101 
65 151 69 83 66 0 86 0 27 0 17 128 28 34 27 0 104 0 17 0 0 75 0 22 0 
0 0 33 0 58 35 46 78 44 113 55 74 88 53 121 0 0 33 0 60 0 0 49 0 58 
0 0 17 0 218 0 0 18 0 207 0 0 35 0 198 0 0 34 0 218 0 0 27 0 225 
0 0 0 50 0 0 0 0 59 0 54 57 45 140 45 0 0 0 59 0 85 78 82 158 86 
92 0 0 102 0 116 0 0 113 0 109 0 0 93 0 96 0 0 118 0 103 0 0 119 0 
15 46 93 93 4 126 181 199 214 140 168 225 247 250 143 18 68 108 114 38 83 115 135 156 70 
113 145 127 116 247 0 0 0 0 90 0 0 0 0 82 24 31 26 25 120 0 0 0 0 85 
142 249 155 147 159 0 125 0 0 0 86 200 84 91 88 1 101 0 0 9 102 214 95 81 95 
148 138 85 80 82 88 47 0 0 0 89 48 4 4 8 76 47 0 0 0 81 61 0 0 0 
0 121 0 0 0 46 187 58 65 80 0 148 0 0 0 73 212 93 95 74 0 121 0 0 0 
0 0 0 0 0 0 0 0 0 0 0 0 0 0 0 0 0 0 0 0 449 424 472 441 423 
0 0 37 0 0 73 78 92 75 87 0 0 31 0 0 77 75 85 58 79 19 25 59 21 26 
8 14 18 18 53 0 0 0 0 39 82 85 76 75 107 0 0 0 0 35 72 102 81 81 110 
0 0 0 147 0 0 0 0 139 0 0 0 0 165 0 0 0 0 169 0 82 82 96 238 100 
0 67 0 34 72 0 63 0 39 76 0 55 0 36 91 0 59 0 32 72 18 78 25 53 113 
0 112 0 0 0 0 108 0 0 0 0 106 0 0 0 0 96 0 0 0 97 185 99 105 92 
0 6 0 30 0 82 78 85 78 84 61 39 60 66 60 0 0 0 16 0 101 115 101 128 106 
0 0 117 55 0 43 45 155 106 50 0 0 102 39 0 0 0 89 38 0 0 0 126 35 0 
59 0 0 0 0 125 62 61 76 69 99 20 18 20 15 131 47 46 52 41 58 0 0 0 0 
83 35 31 111 37 39 0 0 91 0 48 0 0 85 0 83 35 30 120 32 55 0 0 83 0 
0 0 63 39 0 0 0 55 40 0 97 96 146 130 94 0 0 62 46 0 0 0 67 40 0 
41 0 0 81 105 98 79 73 145 198 34 1 2 87 110 45 22 32 69 106 49 39 47 96 114 
0 6 54 106 12 0 0 53 94 0 61 32 122 132 50 33 45 81 143 45 0 0 48 88 0 
47 4 41 43 10 42 6 41 42 20 112 76 119 110 84 72 17 48 50 18 51 0 45 45 4 
41 0 57 0 56 39 0 58 0 50 28 0 71 0 74 88 50 105 67 106 31 0 57 0 53 
89 23 154 115 64 78 11 143 94 34 75 2 135 49 20 188 51 228 164 130 111 29 185 73 64 
9 98 147 34 118 159 223 324 154 273 38 152 206 59 175 0 56 166 3 135 92 143 248 118 223 
17 23 26 64 51 43 45 40 84 84 0 0 0 35 34 0 0 0 22 19 79 104 109 145 117 
19 31 0 82 0 29 49 0 103 0 76 71 38 130 52 24 38 0 106 0 40 30 0 79 0 
0 0 52 0 0 165 154 219 152 181 0 0 62 0 0 0 0 78 0 0 0 0 74 0 0 
12 8 0 0 74 14 2 0 0 69 62 65 51 46 135 22 26 18 11 80 91 127 106 97 139 
73 10 8 8 25 115 79 90 73 81 116 87 89 116 101 45 0 0 0 13 37 8 11 6 23 
18 111 66 15 34 0 91 68 5 7 0 68 42 0 18 0 79 52 5 14 53 125 102 42 84 
165 207 111 109 111 82 67 44 20 26 42 51 17 0 0 40 51 15 0 0 34 43 17 0 0 
95 0 0 21 0 83 0 0 0 0 99 0 0 15 0 100 0 0 0 0 122 15 23 58 29 
74 86 12 16 16 50 49 0 0 0 58 69 20 9 12 67 81 36 40 49 87 79 59 26 44 
38 76 43 67 27 0 62 11 42 15 0 49 10 45 17 0 43 14 27 13 37 104 63 95 78 
0 0 56 27 11 0 0 45 35 3 0 0 44 40 6 44 53 122 94 61 54 50 100 93 63 
29 38 26 22 31 0 0 0 0 0 71 59 57 62 55 0 0 0 0 0 120 107 99 114 110 
41 34 36 31 38 0 0 15 0 0 0 0 20 0 0 52 49 88 54 53 123 102 138 136 126 
36 44 108 52 51 1 0 57 0 0 61 51 132 56 54 0 0 53 6 0 0 3 60 22 12 
0 0 180 32 0 0 0 141 21 0 19 20 156 37 18 0 0 166 23 0 0 0 162 23 0 
46 77 0 0 1 78 97 41 40 36 83 123 18 15 14 88 133 43 41 43 38 74 0 0 0 
112 0 119 107 118 187 63 209 214 198 193 96 238 233 235 183 59 143 151 181 124 5 109 146 140 
113 144 80 67 79 14 67 5 0 0 90 159 79 62 69 41 81 29 20 17 27 67 0 0 0 
0 115 107 162 0 0 125 119 163 0 0 107 119 166 0 0 116 115 155 0 0 124 118 165 0 
14 0 0 142 0 9 0 0 107 0 100 68 95 210 92 9 0 0 102 0 22 0 0 109 0 
48 79 45 45 71 0 61 8 0 31 40 80 33 35 61 3 36 0 0 34 1 65 0 2 35 
144 173 41 90 124 159 264 91 101 195 152 185 70 87 158 95 113 14 47 73 253 305 150 179 202 
73 197 144 92 108 5 42 65 9 2 30 80 120 34 31 27 83 56 14 30 0 74 51 0 0 
2 15 0 0 63 0 23 23 0 97 0 6 11 5 52 60 79 70 41 158 19 37 39 28 102 
666 501 486 380 465 470 248 270 201 227 480 307 321 224 291 340 168 144 73 135 528 334 401 361 352 
77 65 2 3 0 152 140 66 73 66 70 76 0 0 0 92 83 22 16 20 63 59 0 0 0 
161 293 128 140 127 240 367 122 230 164 107 269 84 140 76 40 176 0 26 0 105 213 71 86 40 
0 0 0 0 55 0 0 0 0 61 0 0 0 0 72 0 0 0 0 59 145 168 152 165 195 
59 1 33 0 20 113 11 53 19 32 120 47 89 44 50 132 74 126 63 80 113 30 46 26 26 
152 0 0 56 0 158 0 0 55 0 144 0 0 40 0 173 0 0 46 0 151 0 0 45 0 
148 119 142 220 108 31 0 77 111 5 71 33 103 166 53 49 5 92 100 27 35 0 69 70 0 
59 101 85 163 144 0 8 8 89 44 0 13 6 65 51 0 13 11 80 47 31 37 29 92 55 
115 134 78 67 6 211 219 162 132 124 121 115 75 41 6 259 219 198 131 103 163 185 129 61 49 
58 130 51 56 53 0 54 0 0 0 6 80 3 5 4 0 64 0 0 0 76 154 61 76 65 
0 0 0 18 0 0 0 0 20 0 0 0 0 19 0 0 0 0 20 0 174 184 206 217 202 
28 0 0 13 34 98 78 73 77 95 34 0 0 19 32 32 1 0 0 39 34 0 0 0 25 
64 5 66 140 131 32 4 35 100 107 82 27 59 178 136 26 1 39 94 105 174 89 150 231 251 
0 69 57 0 67 0 71 63 0 72 0 79 53 0 55 0 66 64 0 69 0 84 67 0 66 
59 26 58 48 37 74 53 100 59 60 24 18 36 19 2 56 46 112 80 54 4 0 37 0 0 
82 0 0 0 50 69 0 0 0 50 87 0 0 0 60 68 0 0 0 51 173 93 77 96 153 
87 130 11 100 84 68 145 1 109 105 53 89 1 121 71 228 255 143 234 179 123 220 88 184 161 
70 87 96 76 62 10 35 37 13 7 0 14 43 0 0 58 69 84 51 45 20 29 55 19 13 
0 0 0 182 52 0 0 0 191 46 38 35 24 208 64 0 0 0 195 48 0 1 0 192 54 
0 0 0 142 14 146 129 121 312 167 0 0 0 159 12 114 121 108 247 105 1 0 0 128 6 
62 195 206 205 77 46 134 184 227 37 85 187 216 205 81 86 264 250 288 135 128 211 254 299 121 
0 0 0 1254 0 0 0 0 1275 0 0 0 0 1276 0 0 0 2 1342 0 0 0 0 1284 0 
192 0 0 0 0 193 13 18 17 20 177 0 0 0 0 193 0 0 0 0 166 0 0 0 0 
99 0 0 0 0 127 1 0 0 0 135 0 0 0 0 112 0 0 0 0 223 99 97 94 106 
277 56 137 101 80 222 0 32 7 3 504 129 221 152 149 481 243 408 285 265 347 70 156 118 103 
6 27 0 0 0 0 47 7 4 18 0 41 0 0 12 0 0 0 0 0 0 24 0 0 26 
0 0 196 0 30 0 0 209 0 26 0 0 201 0 25 0 0 181 0 15 0 0 171 0 23 
66 82 156 125 85 0 0 43 0 0 0 0 77 0 0 0 0 66 0 0 197 235 269 256 226 
7 10 0 80 229 113 122 110 203 342 0 19 0 82 247 0 8 0 77 251 124 148 120 182 306 
6 15 92 9 223 2 0 66 6 178 117 96 174 118 284 130 124 225 160 318 3 1 76 0 187 
62 27 28 67 72 41 0 0 30 59 57 0 0 26 38 58 0 0 36 41 91 45 48 79 84 
0 0 1464 0 0 0 0 1497 0 0 0 0 1367 0 0 0 0 1484 0 0 0 0 1454 0 0 
