802 779 732 688 785 1004 1169 992 983 1087 563 650 507 557 692 867 834 828 870 903 607 510 413 429 622 
232 163 231 208 189 0 0 0 0 0 130 114 142 127 143 0 0 0 0 0 0 0 0 0 0 
130 56 34 174 203 81 0 0 147 151 171 43 33 256 237 69 0 0 129 131 61 0 0 130 117 
161 0 109 155 153 229 35 170 219 210 314 129 263 318 349 221 49 163 187 239 160 0 122 206 146 
153 34 93 153 14 130 13 70 104 1 140 27 88 90 15 117 0 48 111 0 274 186 252 299 181 
133 11 29 0 103 112 4 18 0 129 205 106 127 82 214 194 82 107 80 171 257 118 149 124 276 
0 0 0 0 0 0 0 0 0 0 1031 1044 976 1005 1050 0 0 0 0 0 0 0 0 0 0 
0 0 0 249 0 0 0 3 235 0 103 105 95 361 113 109 99 89 373 118 0 0 0 242 0 
13 8 13 189 5 0 0 0 200 0 44 51 42 199 34 0 0 0 172 0 2 5 3 200 3 
0 0 0 0 0 0 0 0 0 0 0 0 0 0 1 64 61 68 68 89 181 173 165 204 175 
64 80 62 49 149 0 9 0 0 88 0 5 0 0 93 0 4 0 0 92 68 70 72 57 142 
147 154 149 165 171 0 0 0 0 0 0 0 0 0 0 0 0 0 0 0 86 81 67 67 82 
0 0 0 0 0 0 0 0 0 0 0 0 0 0 0 426 427 419 403 413 189 180 181 187 203 
0 210 0 0 87 0 179 0 0 99 122 347 143 127 207 0 205 0 0 111 0 232 0 0 85 
808 0 0 0 0 809 0 0 0 0 798 0 0 0 0 840 0 0 0 0 838 0 0 0 0 
75 53 230 170 197 62 14 177 158 171 133 113 246 254 229 212 196 332 340 325 168 97 272 247 269 
85 128 88 154 75 54 79 61 105 75 0 43 0 47 0 35 95 48 85 44 0 44 0 46 0 
32 9 15 10 26 141 104 106 105 131 40 0 0 0 21 29 0 0 0 35 129 122 108 118 156 
0 0 160 0 0 0 0 160 0 0 0 0 176 0 0 186 162 308 155 166 0 0 159 1 0 
0 87 55 59 0 0 96 54 63 0 46 123 117 137 48 0 107 79 71 0 0 102 81 49 0 
4 1 0 6 143 122 106 121 152 253 128 127 136 121 232 4 3 0 0 114 88 91 100 91 207 
0 0 0 0 0 0 0 0 0 0 0 0 0 0 0 1001 1049 1071 1044 973 0 0 0 0 0 
0 18 51 131 0 0 17 52 114 0 0 17 46 141 0 0 17 50 139 0 0 15 51 139 0 
99 143 104 208 189 5 51 25 76 85 16 59 35 90 103 0 55 0 72 86 0 39 0 73 92 
99 133 138 70 1 136 156 202 87 0 300 307 338 310 217 141 142 147 81 0 297 252 346 224 147 
83 11 13 100 17 73 0 0 109 0 209 149 137 233 125 72 0 0 103 0 109 40 42 172 41 
133 95 49 48 31 162 110 54 63 30 62 53 16 0 0 93 85 20 13 13 82 56 11 0 0 
0 0 188 66 0 0 0 224 88 0 0 0 267 89 0 0 0 233 75 0 0 0 209 67 0 
114 153 152 119 99 0 47 61 0 0 0 52 60 0 0 33 65 97 32 32 0 39 87 0 1 
73 58 77 73 62 108 131 113 129 106 22 41 44 36 38 0 0 0 0 0 0 0 0 0 0 
0 0 0 174 0 0 0 0 178 0 240 239 227 421 253 0 0 0 187 0 0 0 0 165 0 
0 0 0 0 0 138 128 163 125 132 0 0 0 0 0 0 0 0 0 0 69 53 63 60 76 
123 1 9 84 55 146 36 49 135 105 232 95 101 185 163 89 0 0 78 41 203 84 93 184 125 
0 85 0 0 0 0 81 0 0 0 0 62 0 0 0 120 170 91 130 94 58 129 46 51 46 
0 0 95 0 0 85 85 176 105 104 0 0 92 0 0 7 9 97 4 8 14 13 82 9 15 
285 209 201 279 130 130 87 77 119 0 97 88 56 104 0 287 228 181 286 118 162 103 92 161 0 
0 224 0 194 0 0 180 0 193 0 3 198 4 191 0 0 185 0 183 0 0 197 0 196 0 
0 44 0 125 0 0 51 0 142 0 0 51 0 145 0 74 164 81 216 76 0 59 0 125 0 
0 0 0 0 74 88 75 77 62 138 88 74 82 81 124 0 0 0 0 74 0 0 0 0 81 
90 278 321 57 238 35 199 239 6 157 82 266 312 64 237 79 288 315 86 237 201 337 378 159 292 
0 57 34 0 92 21 70 52 14 101 28 96 101 47 93 0 70 34 0 75 0 66 31 0 82 
115 92 105 117 130 15 0 0 38 0 12 0 0 38 0 18 0 0 45 0 91 64 60 106 81 
92 0 81 0 0 93 0 89 0 0 176 70 148 65 68 143 21 117 17 21 94 0 100 0 0 
0 18 81 0 96 0 12 69 0 106 0 16 74 0 106 0 14 91 0 133 0 13 69 0 101 
17 64 147 81 27 61 73 166 114 49 0 46 122 36 0 52 75 164 116 47 0 31 109 64 0 
0 78 0 0 0 0 82 0 0 1 134 257 124 148 140 0 98 0 0 0 16 88 21 30 28 
0 0 0 85 0 75 75 73 150 102 0 0 0 80 0 0 0 0 94 0 91 79 68 197 80 
56 0 95 52 0 61 0 118 58 0 64 0 99 55 0 53 0 106 56 0 45 0 105 47 0 
77 46 0 29 0 103 73 16 47 24 91 86 0 25 0 110 53 0 41 0 87 58 0 33 0 
0 0 0 0 36 251 242 254 255 281 0 0 0 0 53 0 0 0 0 51 0 0 0 0 55 
120 57 66 133 95 78 45 62 117 81 27 0 0 63 17 45 0 0 56 14 45 14 10 71 37 
29 59 8 6 10 19 52 0 0 0 21 77 0 0 0 131 166 132 122 122 28 76 0 0 0 
0 0 0 21 0 186 170 197 198 164 0 0 0 23 0 0 0 0 22 0 0 0 0 19 0 
71 79 133 138 89 0 0 52 62 0 0 0 74 60 0 0 0 67 53 0 0 0 59 62 0 
63 56 58 48 67 41 0 0 0 11 76 62 48 48 72 30 0 0 0 22 92 49 45 49 60 
0 0 26 0 72 9 8 37 12 92 0 0 35 0 71 10 7 45 8 98 87 82 123 66 158 
55 105 137 64 70 28 78 94 26 26 0 32 70 0 0 0 37 71 0 0 0 39 66 0 0 
0 0 122 0 0 0 0 99 0 0 82 121 225 122 114 0 0 94 0 0 0 0 113 0 0 
106 117 34 58 147 38 48 0 0 93 39 63 0 0 74 44 46 0 0 84 64 49 0 0 80 
0 49 0 23 36 59 115 57 80 94 0 59 0 27 38 0 55 0 39 40 26 64 22 53 63 
8 7 99 3 12 0 0 87 0 0 0 0 83 0 0 35 39 120 27 29 75 78 150 58 85 
0 0 0 51 75 88 81 63 117 163 0 0 0 49 73 0 0 0 36 84 0 0 0 47 73 
111 199 88 83 101 27 125 0 0 0 30 128 6 11 9 26 89 0 0 0 25 90 0 2 0 
76 38 102 47 99 20 0 40 2 60 21 0 43 0 73 21 0 51 0 56 0 0 29 0 55 
53 0 2 0 4 58 1 5 0 0 72 54 35 48 62 73 0 0 4 0 147 91 89 127 102 
29 34 118 47 50 8 0 81 0 0 0 0 77 0 0 3 0 70 0 3 37 34 103 33 18 
0 62 64 0 0 0 69 50 0 0 21 104 73 21 21 32 109 57 40 42 0 62 56 0 0 
25 0 85 0 36 60 43 116 39 73 22 0 74 0 21 23 0 82 0 14 27 0 91 0 22 
0 2125 0 0 0 0 2179 0 0 0 0 2061 0 0 0 0 2136 0 0 0 0 2082 0 0 0 
23 125 106 11 9 81 167 185 84 62 11 138 110 2 0 39 159 147 78 37 6 124 100 0 0 
69 125 101 0 0 54 124 120 0 0 81 124 113 0 0 73 124 106 0 0 67 121 115 0 1 
0 89 0 104 0 93 157 73 194 92 69 159 32 185 57 0 97 0 134 0 0 107 0 100 0 
0 0 0 0 0 1292 1258 1255 1220 1277 0 0 0 0 0 0 0 0 0 0 0 0 0 0 0 
0 0 84 133 0 0 0 83 115 0 0 0 85 139 0 0 0 90 132 0 0 0 74 142 0 
156 54 53 95 45 171 60 58 126 69 95 0 0 46 0 89 0 0 43 0 100 0 0 48 0 
0 146 0 0 88 0 160 0 0 86 0 182 0 0 94 0 152 0 0 69 0 161 0 0 106 
162 310 195 255 148 91 195 53 115 0 305 401 269 336 135 169 280 132 213 43 212 355 282 280 137 
97 97 274 295 77 0 0 183 192 0 115 99 268 291 94 0 0 158 188 0 13 14 208 182 16 
136 115 103 142 232 13 27 5 5 155 10 15 8 10 165 211 230 166 185 349 245 254 235 219 382 
0 65 0 0 0 0 51 0 0 0 0 69 0 0 0 7 61 5 7 3 184 236 188 157 181 
90 30 59 20 95 63 7 24 0 77 68 0 37 0 46 117 6 26 1 69 211 137 126 127 214 
202 70 0 99 0 204 67 0 105 0 206 47 0 104 0 192 70 0 111 0 199 51 0 114 0 
0 0 1435 0 0 0 0 1450 0 0 0 0 1346 0 0 0 0 1455 0 0 0 0 1420 0 0 
81 0 8 58 26 140 78 82 122 93 147 84 80 103 88 81 34 17 77 45 59 0 0 31 18 
112 114 128 89 192 0 0 6 0 50 59 74 77 55 112 0 0 19 0 56 0 0 15 0 59 
45 85 0 115 0 136 180 103 211 82 115 131 90 216 91 54 81 0 106 0 37 69 0 110 0 
83 90 79 93 126 75 87 68 63 99 0 25 0 0 50 0 19 0 0 31 52 65 51 51 91 
0 84 0 0 0 32 154 39 36 28 39 160 38 32 32 24 139 27 27 37 49 145 52 35 52 
31 8 39 33 0 99 67 103 109 63 42 17 45 28 0 44 5 44 34 0 40 19 37 37 0 
145 0 0 0 0 123 0 0 0 0 203 78 102 100 98 114 0 0 0 0 138 0 0 0 0 
0 0 0 0 821 0 0 0 0 778 0 0 0 0 827 0 0 0 0 820 0 0 0 0 767 
133 102 0 173 65 141 131 3 187 89 196 196 52 226 121 126 107 6 178 110 136 168 1 233 82 
129 0 0 0 0 259 100 95 84 70 159 0 0 0 0 151 0 0 0 0 154 0 0 0 0 
0 0 0 0 0 71 55 72 65 72 0 0 0 0 0 143 119 139 142 137 0 0 0 0 0 
0 21 0 143 0 33 55 45 186 32 0 19 0 132 0 0 16 0 136 0 0 20 0 160 0 
157 78 122 102 152 92 0 90 28 59 71 7 105 58 72 209 89 172 124 166 45 0 36 24 44 
43 48 57 130 110 28 22 32 84 76 0 0 0 78 56 0 0 0 49 53 7 11 9 77 53 
0 10 70 0 0 84 102 197 100 99 0 10 77 3 0 62 85 184 52 66 0 9 65 0 0 
202 4 191 0 0 209 2 174 0 0 199 2 182 4 0 171 0 192 0 0 212 16 178 10 10 
331 114 346 142 228 347 160 412 196 243 368 136 390 180 245 216 18 237 88 152 233 62 270 55 132 
70 160 74 90 69 0 87 0 27 0 18 134 30 36 28 0 108 0 18 0 0 79 0 23 0 
0 0 33 0 58 35 46 78 44 113 55 74 89 53 121 0 0 33 0 61 0 0 49 0 58 
0 0 18 0 201 0 0 16 0 193 0 0 28 0 174 0 0 31 0 190 0 0 24 0 195 
0 0 0 53 0 0 0 0 63 0 55 60 46 149 45 0 0 0 62 0 85 75 83 157 82 
108 0 0 117 0 143 0 0 142 0 142 0 0 119 0 125 0 0 136 0 128 0 0 135 0 
9 47 83 78 7 97 153 177 190 104 162 186 231 228 146 28 78 119 116 49 67 110 122 137 53 
121 143 135 118 237 0 0 0 0 81 0 0 0 0 84 28 29 30 23 123 0 0 0 0 93 
117 208 125 116 122 0 111 0 0 0 76 183 82 85 76 0 105 0 0 0 69 162 64 52 67 
136 126 76 78 78 76 44 0 0 0 83 46 4 4 8 63 47 0 0 0 71 56 0 0 0 
0 123 0 0 0 39 178 60 58 67 0 139 0 0 0 69 209 90 96 74 0 126 0 0 0 
0 0 0 0 0 0 0 0 0 0 0 0 0 0 0 0 0 0 0 0 448 415 456 440 398 
0 0 37 0 0 73 79 92 75 87 0 0 31 0 0 77 75 85 59 79 19 24 59 22 26 
10 16 22 25 75 0 0 0 0 53 117 116 107 116 151 0 0 0 0 56 93 145 120 129 171 
0 0 0 135 0 0 0 0 120 0 0 0 0 146 0 0 0 0 154 0 78 76 83 209 86 
0 73 0 35 77 2 71 0 37 88 0 62 0 40 101 0 61 0 35 82 18 82 27 62 115 
0 117 0 0 0 0 108 0 0 0 0 106 0 0 0 0 96 0 0 0 100 187 100 106 92 
0 26 0 12 0 91 106 90 89 88 83 79 78 83 81 0 22 0 14 0 123 157 125 146 119 
0 0 118 56 0 43 45 156 108 51 0 0 105 40 0 0 0 91 38 0 0 0 130 36 0 
59 0 0 0 0 126 62 61 75 69 97 20 18 20 14 131 47 46 52 41 58 0 0 0 0 
82 35 33 108 37 39 0 0 91 0 48 0 0 80 0 83 35 30 117 32 55 0 0 82 0 
0 0 23 35 0 0 0 0 19 0 101 99 73 106 97 0 0 0 21 0 0 0 13 22 0 
0 0 32 36 60 20 33 91 60 97 26 26 81 51 71 53 46 97 76 99 8 12 64 32 79 
3 6 56 119 8 0 0 50 81 0 51 36 115 135 50 31 46 73 120 41 0 0 55 86 0 
65 8 42 48 13 42 7 47 60 20 124 75 124 120 85 88 23 48 57 18 51 0 47 53 5 
44 0 60 0 64 42 0 63 0 58 29 0 76 0 76 101 59 120 69 125 34 0 63 0 59 
96 22 195 95 52 71 10 181 89 28 57 0 147 25 2 174 62 253 150 129 119 25 211 87 57 
6 99 162 28 133 155 225 323 134 263 37 141 203 63 197 0 63 180 2 105 95 155 247 113 240 
19 21 22 57 48 40 38 34 75 72 0 0 0 31 29 0 0 0 22 17 75 89 89 123 99 
21 34 0 103 0 40 50 0 121 0 96 86 47 152 56 32 42 0 120 0 45 38 0 89 0 
0 0 56 0 0 165 145 211 153 179 0 0 65 0 0 0 0 77 0 0 0 0 66 0 0 
94 17 21 8 38 137 91 96 90 91 152 129 123 113 122 64 0 6 0 17 47 19 16 9 34 
21 127 90 17 35 0 110 76 10 8 0 90 50 0 25 0 110 63 11 14 49 157 123 44 87 
151 197 93 98 95 76 63 46 19 19 43 51 19 0 0 38 55 14 0 0 36 47 14 0 0 
80 92 17 22 20 66 57 1 0 1 60 74 14 8 23 80 101 40 51 54 98 91 52 32 47 
38 75 40 70 28 0 60 11 38 15 1 51 11 44 18 0 41 14 30 11 36 103 64 95 77 
0 0 68 34 17 0 0 50 38 3 0 0 56 41 6 49 70 149 114 72 51 50 105 98 68 
29 38 26 22 31 0 0 0 0 0 71 59 57 62 55 0 0 0 0 0 120 107 99 114 110 
44 33 36 36 41 0 0 14 0 0 0 0 22 0 0 49 44 82 53 53 114 99 141 131 117 
40 45 107 48 51 6 8 63 19 20 51 43 124 46 47 0 0 53 0 0 0 0 57 17 0 
0 0 179 32 0 0 0 141 23 0 19 19 156 37 18 0 0 166 23 0 0 0 162 23 0 
45 71 0 0 0 70 94 38 36 33 71 113 17 16 13 91 123 41 41 45 39 66 0 0 0 
93 127 69 59 69 18 49 0 0 0 80 143 69 55 68 36 83 28 26 17 28 60 0 0 0 
0 115 105 162 0 0 127 118 162 0 0 107 120 167 0 0 117 114 154 2 0 127 118 164 3 
17 0 0 208 0 12 0 0 140 0 128 112 136 271 110 16 0 0 155 0 28 1 1 162 2 
170 179 66 113 123 208 281 113 114 210 173 195 93 122 148 112 126 22 37 95 292 347 180 222 232 
76 192 138 90 107 8 47 65 14 5 38 80 110 35 27 31 99 74 15 31 0 65 53 0 0 
2 14 14 3 68 4 20 22 1 107 0 21 9 1 49 60 89 70 55 162 29 35 29 20 91 
660 487 519 386 485 502 271 264 210 222 488 301 335 211 272 416 193 180 57 187 548 391 422 335 375 
83 61 0 3 0 159 152 65 70 72 70 74 0 0 0 91 81 24 17 17 63 50 0 0 0 
146 292 133 123 131 207 348 141 227 173 112 250 72 134 69 25 181 0 35 0 92 206 68 88 43 
0 0 0 0 52 0 0 0 0 56 0 0 0 0 65 0 0 0 0 58 134 157 141 152 186 
55 2 33 0 8 120 4 53 29 28 112 47 91 48 51 136 68 116 63 89 112 18 44 9 27 
150 0 0 51 0 156 0 0 50 0 141 0 0 40 0 168 0 0 41 0 149 0 0 40 0 
149 124 163 239 118 33 0 78 126 0 73 42 115 171 49 41 4 85 92 25 34 0 70 93 1 
87 125 106 230 209 0 9 1 132 72 0 10 0 83 72 0 8 9 109 58 38 55 50 149 81 
122 138 94 74 25 204 204 166 114 146 103 78 81 41 10 256 216 195 136 136 128 171 126 76 72 
58 130 51 57 53 0 55 0 0 0 6 80 4 5 4 0 64 0 0 0 76 154 62 76 65 
0 0 0 17 0 0 0 0 20 0 0 0 0 18 0 0 0 0 18 0 179 181 213 211 204 
42 2 55 115 93 19 3 37 109 97 61 13 54 142 113 18 0 43 95 93 139 78 134 195 207 
0 94 63 0 90 0 101 77 0 91 0 110 57 0 73 0 90 76 0 87 0 115 79 0 87 
48 26 60 41 35 78 55 102 55 58 23 17 38 21 13 56 42 117 77 53 9 0 33 0 0 
93 0 0 0 55 68 0 0 0 53 86 0 0 0 62 68 0 0 0 54 185 94 88 99 168 
81 135 10 129 83 109 225 61 172 150 41 93 0 108 49 219 283 188 273 228 154 275 174 236 213 
70 84 93 75 61 8 30 34 10 7 0 9 42 0 0 58 61 81 47 45 21 27 52 19 13 
0 0 0 145 35 0 0 0 158 28 27 30 16 158 53 0 0 0 154 34 0 0 0 143 38 
0 0 0 177 11 210 172 174 426 228 0 0 0 194 10 155 153 161 353 140 0 0 0 180 12 
53 150 153 193 65 30 117 149 184 27 82 160 169 212 79 83 213 189 266 105 103 151 188 257 112 
0 0 0 1289 0 0 4 0 1288 0 0 0 1 1296 0 0 0 2 1367 4 0 0 0 1327 0 
195 0 0 0 0 197 13 18 17 20 177 0 0 0 0 196 0 0 0 0 166 0 0 0 0 
92 0 0 0 0 117 0 0 0 0 122 0 0 0 0 102 0 0 0 0 206 88 85 89 99 
184 30 59 29 26 142 0 18 3 4 275 83 88 100 97 240 176 188 171 152 209 73 79 54 82 
0 16 0 0 0 0 30 0 0 0 3 18 0 0 0 25 43 30 41 45 0 0 0 0 0 
65 83 137 132 115 0 0 47 0 0 0 0 70 0 0 0 0 63 0 0 205 199 275 230 221 
1 10 0 73 212 113 124 120 195 350 0 23 2 79 250 0 12 0 81 252 115 140 114 169 307 
9 9 80 8 232 3 0 52 4 163 120 93 174 120 289 143 142 210 175 347 1 6 60 3 183 
175 328 338 235 113 178 284 345 218 98 173 303 341 206 169 101 225 302 132 24 73 247 244 133 5 
123 0 0 11 0 106 0 0 0 0 124 0 0 0 0 119 0 0 0 0 156 20 30 22 39 
0 0 199 0 36 0 0 221 0 31 0 0 184 0 25 0 0 184 0 21 0 0 177 0 30 
41 70 30 40 63 0 55 0 1 27 41 79 34 30 67 0 36 0 0 34 0 55 0 0 26 
612 623 641 679 626 0 0 0 0 0 0 0 0 0 0 0 0 0 0 0 0 0 0 0 0 
68 52 0 0 0 86 76 15 14 13 135 83 37 33 28 95 69 0 0 0 104 93 24 24 29 
56 0 0 0 0 77 0 0 2 0 90 0 0 0 0 267 179 191 181 185 52 0 0 0 0 
29 0 0 65 75 78 48 44 93 123 19 0 1 62 67 37 11 14 57 57 30 28 34 73 83 
0 0 56 61 0 77 59 108 102 72 0 0 46 43 0 62 49 113 89 56 50 31 90 80 32 
9 7 0 0 64 16 2 0 0 57 60 62 43 41 119 22 22 14 12 70 86 106 88 86 122 
0 0 0 0 0 31 36 30 18 23 0 0 0 0 0 59 67 69 64 91 99 94 96 96 127 
