890 905 863 760 856 1052 1189 1158 997 1109 697 754 748 736 846 1061 1036 1065 1056 1024 667 641 601 530 665 
169 146 169 146 164 0 0 0 0 0 133 81 121 105 99 0 0 0 0 0 0 0 0 0 0 
131 32 31 250 245 106 0 0 165 185 207 58 39 260 268 72 0 0 133 159 85 0 4 190 142 
322 37 125 95 115 242 0 35 3 4 432 107 199 132 146 466 225 317 251 244 309 58 121 49 79 
0 0 0 44 0 97 77 71 136 72 0 2 0 37 0 59 60 79 114 66 55 60 49 118 41 
169 41 89 132 16 148 4 79 100 0 143 23 78 101 22 139 0 48 107 0 301 183 258 302 175 
109 10 21 0 96 87 7 12 0 120 206 100 107 84 189 151 81 99 64 170 234 116 131 110 248 
0 0 0 0 0 0 0 0 0 0 1029 1038 992 1020 1048 0 0 0 0 0 0 0 0 0 0 
0 0 0 268 0 0 0 2 278 0 113 107 102 383 119 109 107 91 413 134 0 0 0 243 0 
16 8 23 209 7 0 0 0 205 0 41 50 42 215 30 0 0 0 190 0 3 8 4 210 3 
42 104 164 220 37 25 107 146 213 27 70 122 130 206 57 52 178 203 238 90 59 114 155 220 52 
0 0 0 0 0 0 0 0 0 0 0 0 0 0 0 66 72 72 66 92 198 173 165 198 171 
87 99 79 61 189 0 12 0 0 123 0 3 0 0 127 0 6 0 0 133 92 89 96 93 215 
139 145 154 158 157 0 0 0 0 0 0 0 0 0 0 0 0 0 0 0 87 83 67 69 85 
0 0 0 0 0 0 0 0 0 0 0 0 0 0 0 443 438 428 415 428 196 184 183 190 208 
0 209 0 0 85 0 174 0 0 101 139 334 157 142 226 0 185 0 0 96 0 219 0 0 75 
922 0 0 0 0 892 0 0 0 0 903 0 0 0 0 931 0 0 0 0 954 0 0 0 0 
24 5 222 142 150 55 15 183 162 156 106 113 284 253 244 226 201 420 349 329 131 87 291 218 302 
116 174 103 172 86 83 98 70 146 95 0 50 0 62 0 64 108 57 93 63 0 48 0 39 0 
41 9 19 8 21 150 108 130 116 129 33 0 0 0 19 27 0 0 0 21 130 124 103 121 166 
0 0 140 0 0 0 0 135 0 0 0 0 139 0 0 142 140 257 117 125 0 0 147 0 0 
0 64 43 46 0 0 78 43 45 0 35 96 90 97 33 0 70 47 47 0 0 69 55 41 0 
0 4 0 1 142 148 113 128 162 264 146 133 116 131 231 0 1 0 0 125 85 100 97 102 207 
0 0 0 0 0 0 0 0 0 0 0 0 0 0 0 1011 1069 1084 1049 993 0 0 0 0 0 
0 18 52 139 0 0 17 54 123 0 0 19 46 145 0 0 17 50 146 0 0 17 52 151 0 
88 67 0 0 0 115 88 15 23 15 167 107 42 50 36 114 84 0 0 0 120 122 27 31 36 
78 111 64 147 165 7 47 17 80 77 13 48 24 83 123 0 39 0 65 65 0 40 0 71 75 
77 106 101 67 1 75 110 148 68 0 253 278 302 243 178 92 122 119 68 0 232 185 246 186 106 
67 12 12 91 9 77 0 0 108 0 219 156 141 232 123 80 0 0 97 0 115 45 49 168 40 
109 94 36 43 33 133 92 37 51 29 56 52 11 0 0 84 62 14 11 7 75 50 8 0 0 
0 0 153 66 0 0 0 171 58 0 0 0 216 57 0 0 0 186 45 0 0 0 171 45 0 
122 163 164 130 110 0 50 71 0 0 0 53 64 0 0 41 67 102 30 39 0 40 91 0 0 
119 99 115 125 112 166 171 152 158 154 45 75 65 50 60 0 0 0 0 0 0 0 0 0 0 
0 0 0 166 0 0 0 0 176 0 232 235 223 411 242 0 0 0 174 0 0 0 0 156 0 
0 0 0 0 0 165 158 189 154 165 0 0 0 0 0 0 0 0 0 0 81 64 76 75 78 
125 4 0 83 51 138 39 69 138 121 221 90 113 164 165 82 0 0 87 40 213 80 93 170 140 
0 87 0 0 0 0 93 0 0 0 0 61 0 0 0 119 155 89 134 90 64 137 49 53 54 
0 0 127 0 0 119 111 249 144 133 0 0 110 0 0 11 11 152 3 11 19 17 103 12 23 
228 195 166 249 106 103 81 65 106 0 82 85 50 91 0 262 230 141 269 105 130 89 64 129 0 
1 0 0 0 0 35 38 30 19 22 0 0 0 0 0 65 77 78 74 101 112 109 113 113 146 
0 230 0 202 0 0 185 0 196 0 8 208 8 199 7 0 189 0 194 0 0 201 0 208 0 
0 40 0 122 0 0 52 0 146 1 0 51 0 136 0 63 149 74 208 85 0 57 0 118 0 
0 0 0 0 70 75 66 73 57 129 79 68 68 77 123 0 0 0 0 70 0 0 0 0 73 
72 330 361 56 237 14 210 254 8 157 59 291 332 53 235 100 319 298 88 244 205 393 407 167 297 
0 46 38 0 84 19 66 49 13 93 27 87 94 40 84 0 63 27 0 71 0 62 28 0 76 
108 100 106 124 124 16 0 0 37 0 12 0 0 41 0 20 0 0 45 0 94 61 67 119 86 
71 0 69 0 0 72 0 76 0 0 122 56 107 49 56 103 16 82 14 13 71 0 78 0 0 
0 18 81 0 96 0 12 69 0 107 0 16 74 0 106 0 14 91 0 133 0 13 69 0 101 
22 49 135 75 22 62 67 152 97 56 2 41 111 36 0 45 66 146 103 34 0 24 102 60 0 
0 72 0 0 0 0 91 0 0 0 119 240 116 142 121 0 94 0 0 0 15 89 21 27 31 
0 0 0 77 0 71 70 63 146 93 0 0 0 79 0 0 0 0 99 0 81 77 65 167 75 
58 0 116 62 0 80 0 123 69 0 77 0 119 57 0 59 1 135 78 0 52 0 118 55 0 
98 60 0 44 0 134 90 18 57 29 120 109 0 37 0 133 68 0 48 0 107 72 0 43 0 
0 0 0 0 24 199 190 197 202 222 0 0 0 0 35 0 0 0 0 37 0 0 0 0 36 
108 57 72 132 93 72 41 63 118 77 26 0 0 61 12 38 0 0 53 13 47 12 8 67 34 
29 73 9 7 14 18 56 0 0 0 20 90 0 0 0 152 194 149 142 134 29 85 0 0 0 
0 0 0 21 0 185 170 197 198 164 0 0 0 23 0 0 0 0 22 0 0 0 0 19 0 
71 80 133 138 89 0 0 50 64 0 0 0 74 60 0 0 0 67 53 0 0 0 59 62 0 
66 58 62 49 69 44 0 0 0 10 74 64 51 50 73 29 0 0 0 22 97 52 46 48 62 
0 0 24 0 69 9 6 35 12 89 0 0 34 0 70 9 7 43 8 94 81 75 114 64 153 
592 589 612 648 601 0 0 0 0 0 0 0 0 0 0 0 0 0 0 0 0 0 0 0 0 
66 132 162 84 85 34 97 103 31 37 0 38 78 0 0 0 46 86 0 0 0 50 73 0 0 
0 0 115 0 0 0 0 96 0 0 78 120 212 116 104 0 0 89 0 0 0 0 108 0 0 
110 129 47 61 152 43 49 0 0 95 50 62 0 0 83 48 45 1 0 81 63 44 1 0 95 
0 49 0 23 36 59 115 57 80 94 0 59 0 27 38 0 55 0 39 40 26 64 22 53 61 
9 7 98 5 12 0 0 87 0 0 0 0 82 0 0 36 39 120 27 29 75 78 150 59 85 
0 0 0 51 75 88 81 63 117 163 0 0 0 49 73 0 0 0 36 84 0 0 0 47 73 
113 186 85 90 90 24 127 0 0 0 32 124 7 10 9 29 81 0 0 0 26 93 3 4 0 
66 33 94 26 95 17 0 34 3 65 17 0 31 0 79 11 0 46 3 63 5 0 32 0 68 
82 0 2 0 3 79 0 3 1 0 103 47 59 63 77 117 50 23 34 39 187 111 98 148 115 
67 34 117 46 47 32 0 79 0 0 28 0 72 0 0 26 0 69 0 0 83 45 119 47 39 
89 79 93 51 59 33 28 22 0 10 58 68 48 25 44 46 29 27 0 11 35 29 29 0 7 
0 62 59 0 0 0 59 49 0 0 21 104 75 21 21 32 109 57 40 42 0 62 46 0 0 
38 63 45 30 32 28 91 29 22 11 0 62 9 0 8 17 43 21 24 16 0 49 0 0 0 
30 0 91 0 45 64 43 124 39 80 25 0 85 0 29 37 10 99 5 36 31 0 99 0 28 
0 2080 0 0 0 0 2129 0 0 0 0 2005 0 0 0 0 2076 0 0 0 0 2016 0 0 0 
27 120 99 24 13 83 217 184 98 71 6 108 95 7 0 34 184 146 69 56 14 124 85 0 0 
54 96 80 0 0 50 110 93 0 0 77 117 109 0 0 59 119 98 0 0 66 108 106 0 0 
18 146 0 169 0 117 239 120 332 136 150 261 127 353 134 1 151 0 209 0 4 139 0 147 0 
76 105 164 113 85 0 0 48 0 0 0 0 80 0 0 0 0 66 0 0 176 213 272 211 204 
0 0 0 0 0 1247 1205 1202 1162 1234 0 0 0 0 0 0 0 0 0 0 0 0 0 0 0 
0 0 79 125 0 0 0 75 106 0 0 0 80 125 0 0 0 79 125 0 0 0 71 128 0 
159 45 49 109 55 148 60 60 115 62 93 0 0 36 0 84 0 0 38 0 100 0 0 53 0 
0 116 0 0 74 0 133 0 0 68 0 150 0 0 80 0 122 0 0 66 0 139 0 0 98 
205 345 183 265 128 142 239 68 173 30 317 467 301 407 196 197 359 158 239 107 271 397 297 367 196 
95 84 308 310 99 0 1 205 212 7 116 130 310 340 124 0 0 176 209 18 31 11 210 229 28 
157 137 121 175 278 17 21 4 7 175 20 21 9 19 185 225 221 170 201 370 220 277 248 245 417 
0 60 0 0 0 0 47 0 0 0 0 61 0 0 0 7 61 4 7 3 152 187 150 127 146 
103 41 60 16 84 84 15 32 0 67 74 11 36 0 37 126 11 34 0 61 228 160 176 127 231 
200 76 0 101 0 201 70 0 103 0 205 58 0 103 0 192 68 0 110 0 201 62 0 112 0 
55 0 0 0 0 62 0 0 0 0 64 0 0 0 0 202 133 145 146 141 51 0 0 0 0 
101 211 227 151 62 129 233 261 147 65 117 248 239 130 91 53 175 211 86 9 45 212 219 103 14 
75 0 6 48 21 99 70 54 102 66 109 65 65 86 87 79 18 26 63 36 63 0 0 24 5 
129 132 139 93 211 0 0 7 0 60 66 83 80 74 118 0 0 17 0 53 0 0 17 0 61 
20 46 0 51 0 104 121 65 111 49 56 57 25 77 37 33 41 0 54 0 27 44 0 54 0 
88 100 94 109 153 95 104 82 74 115 0 25 0 0 48 0 24 0 0 30 58 71 53 57 95 
0 80 0 0 0 31 144 38 37 32 39 139 35 36 35 29 133 22 25 36 45 133 49 41 48 
33 10 41 34 0 103 71 112 111 63 43 21 47 37 0 47 9 44 35 0 41 20 37 39 0 
2 18 0 75 215 116 130 119 214 335 0 21 0 71 243 0 3 0 82 247 124 142 121 180 312 
9 21 83 8 245 0 0 50 8 175 111 94 172 117 279 141 137 200 147 339 2 1 62 0 188 
147 0 0 0 0 129 0 0 0 0 220 78 99 101 100 121 0 0 0 0 128 0 0 0 0 
0 0 0 0 835 0 0 0 0 790 0 0 0 0 842 0 0 0 0 837 0 0 0 0 778 
109 76 0 155 50 109 109 1 174 60 168 143 37 238 89 100 105 4 155 76 121 118 5 181 48 
221 0 0 0 0 369 113 112 101 93 235 0 0 0 0 241 0 0 0 0 197 0 0 0 0 
0 0 0 0 0 87 69 79 74 86 0 0 0 0 0 168 146 166 179 160 0 0 0 1 0 
0 23 0 160 0 36 63 51 200 35 0 20 0 136 0 0 16 0 153 0 0 21 0 171 0 
107 72 112 136 150 49 0 73 63 51 26 2 70 73 59 94 66 112 141 126 19 10 61 69 54 
46 53 57 139 115 29 23 31 85 75 0 0 0 87 59 0 0 0 51 52 7 10 9 81 54 
0 18 74 0 0 90 112 208 86 109 0 12 83 0 0 59 86 190 64 72 0 7 79 0 0 
212 13 206 0 0 216 6 185 0 0 214 6 191 4 1 190 6 205 0 0 221 24 192 10 10 
307 108 344 149 214 345 171 408 181 212 340 169 413 223 244 195 29 246 68 133 233 53 307 62 118 
65 152 69 83 66 0 86 0 27 0 17 128 28 34 27 0 104 0 17 0 0 75 0 22 0 
0 0 45 0 66 42 51 91 48 134 72 91 107 60 136 0 0 38 0 72 0 0 56 0 73 
0 0 15 0 187 0 0 14 0 178 0 0 28 0 166 0 0 24 0 179 0 0 23 0 182 
0 0 0 53 0 0 0 0 66 0 60 62 47 150 46 0 0 0 65 0 100 91 89 180 93 
101 0 0 104 0 121 0 0 125 0 117 0 0 106 0 114 0 0 128 0 113 0 0 127 0 
1 37 88 63 0 109 194 205 196 148 181 224 250 238 169 27 86 111 123 20 88 123 130 139 67 
118 163 145 119 249 0 0 0 0 84 0 0 0 0 81 24 27 37 27 136 0 0 0 0 94 
116 215 137 126 129 0 115 0 0 0 79 191 84 83 73 4 102 2 0 1 93 205 89 78 91 
143 129 82 83 83 77 45 0 0 0 85 49 4 3 6 63 48 0 0 0 74 57 0 0 0 
0 116 0 0 0 33 151 48 52 57 0 121 0 0 0 60 177 75 74 58 0 108 0 0 0 
0 0 0 0 0 0 0 0 0 0 0 0 0 0 0 0 0 0 0 0 445 424 463 436 403 
0 0 32 0 0 66 73 79 63 80 0 0 26 0 0 75 75 79 59 79 14 25 57 21 25 
8 14 15 16 52 0 0 0 0 36 80 78 71 68 99 0 0 0 0 33 68 96 78 76 105 
0 0 0 136 0 0 0 0 118 0 0 0 0 142 0 0 0 0 148 0 81 77 83 204 82 
0 70 0 36 73 3 69 0 39 78 0 57 0 36 95 0 58 0 33 74 17 78 25 56 114 
0 109 0 0 0 0 106 0 0 0 0 102 0 0 0 0 95 0 0 0 97 180 99 105 92 
0 0 0 48 0 84 69 79 75 73 36 20 45 60 51 0 0 0 17 0 102 92 108 145 102 
0 0 119 55 0 42 45 155 107 49 0 0 102 39 0 0 0 90 37 0 0 0 127 34 0 
0 18 0 0 0 0 76 28 0 26 0 64 0 0 23 6 54 4 0 0 0 48 19 0 19 
58 0 0 0 0 126 62 61 76 69 99 20 18 20 15 131 47 46 52 41 58 0 0 0 0 
83 35 33 111 37 39 0 0 91 0 48 0 0 85 0 83 35 30 120 32 55 0 0 83 0 
0 0 61 43 0 0 0 55 41 0 100 99 149 131 96 0 0 61 47 0 0 0 65 42 0 
35 0 0 75 119 116 80 81 153 235 40 3 0 89 126 49 22 27 94 136 35 39 50 111 132 
3 8 52 103 8 0 0 49 77 0 52 33 119 129 52 28 42 77 132 37 0 0 46 81 0 
69 9 67 51 10 49 5 57 47 30 155 86 165 145 111 95 29 68 54 14 57 0 55 42 0 
43 0 57 0 57 38 0 58 0 55 28 0 68 0 74 91 51 107 66 114 31 0 58 0 58 
91 27 185 98 64 73 18 181 87 33 65 0 158 47 21 175 68 241 143 108 107 36 214 91 82 
11 87 148 24 141 144 204 290 134 251 42 122 206 51 191 0 50 149 1 127 108 179 242 131 260 
19 15 26 64 56 39 47 39 90 82 0 0 0 31 34 0 0 0 24 19 87 101 107 148 123 
18 30 0 82 0 29 46 0 102 0 76 72 38 127 53 23 39 0 102 0 38 32 0 79 0 
0 0 61 0 0 165 155 212 153 179 0 0 63 0 0 0 0 77 0 0 0 0 76 0 0 
12 7 0 0 74 16 2 0 0 66 67 67 50 47 128 24 21 18 12 80 93 124 99 92 150 
59 11 9 5 20 85 62 61 60 62 88 73 77 87 83 38 0 4 0 11 30 9 10 2 18 
20 94 65 15 28 0 85 64 6 3 0 64 38 0 17 0 77 53 5 13 47 120 100 41 77 
157 194 104 104 106 74 59 47 20 26 40 51 21 0 0 39 55 15 0 0 30 43 14 0 0 
95 0 0 13 0 83 0 0 26 0 99 0 0 24 0 100 0 0 0 0 122 14 23 52 29 
70 84 12 26 25 54 44 0 0 4 48 73 12 10 16 66 71 40 40 53 84 74 56 30 49 
35 72 38 71 27 0 54 5 39 16 0 47 9 46 17 0 37 3 29 11 34 98 58 92 70 
0 0 59 28 12 0 0 46 36 4 0 0 47 43 6 44 56 130 98 64 53 50 103 96 66 
29 38 26 22 31 0 0 0 0 0 71 59 57 62 55 0 0 0 0 0 120 107 99 114 110 
45 36 43 34 39 0 0 15 0 0 0 0 20 0 0 54 47 84 58 51 133 100 141 143 120 
37 42 108 55 51 7 10 64 17 16 59 49 135 57 46 0 0 54 3 1 0 4 65 28 0 
0 0 180 32 0 0 0 141 23 0 19 20 155 37 18 0 0 165 23 0 0 0 162 23 0 
41 113 0 0 0 91 157 71 57 48 95 185 30 18 16 110 189 65 58 64 32 96 0 0 0 
73 0 75 77 90 142 57 153 156 155 160 81 163 181 192 135 40 86 111 138 93 2 84 123 101 
100 136 77 58 72 16 53 0 0 0 84 156 70 57 59 40 81 32 18 15 27 73 0 0 0 
0 116 108 164 0 0 127 119 160 0 0 108 120 168 3 0 116 115 156 2 0 127 118 166 3 
13 0 0 131 0 9 0 0 95 0 91 65 87 187 84 11 0 0 99 0 20 1 0 104 0 
42 77 40 32 60 0 42 0 0 17 48 77 40 37 60 6 33 0 0 30 0 61 0 0 22 
113 132 46 59 95 155 193 92 86 173 125 153 56 63 112 80 82 10 26 56 175 216 97 119 153 
66 173 129 87 98 3 40 64 10 0 31 77 100 38 31 19 71 63 11 28 0 66 51 0 0 
2 19 12 0 82 10 23 15 0 117 1 17 21 0 49 59 78 69 46 161 36 36 41 27 105 
639 533 456 397 463 481 277 276 201 232 467 324 306 212 253 360 166 118 85 139 533 388 371 350 359 
67 52 2 3 0 133 124 59 63 58 69 67 0 0 0 77 74 18 14 15 60 50 0 0 0 
170 307 107 144 123 273 396 154 268 186 140 271 86 146 88 46 194 0 42 0 89 228 66 87 50 
13 0 0 74 0 0 0 0 37 0 59 46 39 80 32 70 51 40 84 69 26 0 5 39 0 
0 0 0 0 52 0 0 0 0 56 0 0 0 0 65 0 0 0 0 58 134 157 141 152 185 
58 3 31 0 13 115 11 50 25 30 125 47 83 49 57 117 60 107 61 91 104 29 42 16 31 
157 0 0 56 0 158 0 0 49 0 140 0 0 38 0 174 0 0 46 0 148 0 0 39 0 
148 114 142 229 115 39 0 80 125 6 87 45 124 177 64 56 13 98 96 27 54 0 79 90 0 
0 0 49 60 0 83 62 124 105 71 1 0 46 41 0 68 54 106 87 54 58 36 95 84 30 
89 114 105 182 177 0 8 4 100 51 0 17 9 61 58 0 17 10 87 60 34 44 34 106 64 
115 113 73 51 12 170 149 117 99 102 92 89 65 21 10 220 201 192 137 143 112 148 96 36 37 
66 149 63 66 65 0 64 0 0 0 8 91 4 6 5 0 71 0 0 0 88 184 68 85 73 
0 0 0 17 0 0 0 0 20 0 0 0 0 19 0 0 0 0 20 0 179 198 223 239 232 
45 0 0 33 39 116 85 76 104 104 48 0 0 35 36 41 0 0 23 43 49 0 0 29 34 
45 3 38 90 74 14 0 25 83 76 61 24 47 124 103 14 0 33 84 81 98 78 112 179 183 
0 69 55 0 67 0 71 63 0 71 0 79 53 0 55 0 66 64 0 69 0 84 67 0 66 
46 23 56 40 33 72 52 92 56 53 23 17 36 20 13 53 45 102 72 49 8 0 32 2 0 
76 0 0 0 52 64 0 0 0 50 89 0 0 0 58 69 0 0 0 46 169 98 79 89 148 
75 109 6 114 81 57 114 0 90 77 42 84 0 115 72 190 218 141 224 162 102 162 61 144 114 
92 0 0 0 0 117 0 0 0 0 121 0 0 0 0 102 0 0 0 0 206 88 85 89 99 
78 87 110 86 66 9 36 44 14 10 0 15 53 0 0 66 77 92 59 50 24 30 65 20 16 
0 0 0 140 35 0 0 0 158 28 27 29 16 157 51 0 0 0 149 34 0 0 0 138 38 
0 0 173 0 33 0 0 199 0 27 0 0 173 0 24 0 0 163 0 21 0 0 161 0 26 
0 0 0 140 15 131 113 111 313 148 0 0 0 167 15 85 89 81 215 84 0 0 0 124 6 
9 5 1 12 2 0 0 0 18 12 0 0 0 2 0 0 0 2 1 0 27 33 0 86 63 
0 0 0 1239 0 0 0 0 1211 0 0 0 0 1234 0 0 0 3 1313 0 0 0 0 1244 0 
0 0 1455 0 0 0 0 1471 0 0 0 0 1362 0 0 0 0 1492 0 0 0 0 1457 0 0 
