896 929 664 704 821 1144 1162 1051 999 1058 747 707 587 734 786 1043 1005 950 1039 1099 621 609 443 454 679 
239 206 233 243 199 0 0 0 0 0 132 102 158 128 134 1 0 0 0 0 0 0 0 0 0 
144 68 36 223 233 86 0 0 140 166 174 46 25 235 243 76 0 0 137 151 96 0 0 153 160 
167 0 124 170 165 245 45 223 271 248 328 153 308 359 389 274 54 195 250 241 152 0 144 203 149 
144 38 114 133 48 129 12 82 101 0 128 24 86 108 27 119 3 58 109 0 259 166 233 275 154 
112 7 24 0 89 101 8 18 0 117 198 108 113 81 189 169 74 99 56 155 233 110 125 100 238 
0 0 0 0 0 0 0 0 0 0 1024 1033 986 1012 1054 0 0 0 0 0 0 0 0 0 0 
0 0 0 292 0 0 0 4 263 0 126 123 120 410 122 121 132 100 426 146 0 0 0 254 0 
15 10 16 182 5 0 0 0 185 0 38 43 37 197 31 0 0 0 169 0 3 6 3 184 3 
0 0 0 0 0 0 0 0 0 0 0 0 0 0 0 67 77 81 72 92 198 177 175 213 183 
74 102 79 59 182 0 13 0 0 105 0 3 0 0 109 0 5 0 0 109 87 78 97 70 192 
166 156 164 166 171 0 0 0 0 0 0 0 0 0 0 0 0 1 0 0 96 97 79 82 98 
0 0 0 0 0 0 0 0 0 0 0 0 0 0 0 434 434 425 414 420 189 179 184 189 204 
0 193 0 0 80 0 164 0 0 93 114 310 141 122 190 0 181 0 0 93 0 212 0 0 74 
815 0 0 0 0 808 0 0 0 0 795 0 0 0 0 838 0 0 0 0 838 0 0 0 0 
33 21 204 151 189 45 21 211 163 168 109 107 274 241 206 174 177 375 355 288 150 92 286 264 313 
70 130 81 143 64 62 84 69 113 69 0 42 0 48 0 47 95 55 88 40 0 43 0 44 0 
30 7 11 6 25 112 94 101 89 109 31 0 0 0 18 31 0 0 0 22 111 97 80 92 123 
0 0 148 0 0 0 0 152 0 0 0 0 154 0 0 151 128 257 127 137 0 0 158 0 0 
1 67 44 47 0 0 86 46 49 0 36 102 94 99 33 0 74 48 49 0 0 70 58 43 0 
0 1 0 3 165 178 134 141 186 284 160 138 128 138 252 0 5 0 0 147 93 91 113 110 237 
0 0 0 0 0 0 0 0 0 0 0 0 0 0 0 1032 1117 1107 1081 1028 0 0 0 0 0 
0 22 60 153 0 0 22 65 135 0 0 20 54 165 0 0 21 58 162 0 0 16 63 171 0 
73 52 0 0 0 86 78 18 15 18 146 97 38 43 36 103 71 0 0 0 117 106 26 24 39 
85 134 79 179 175 9 54 23 70 81 22 52 28 77 95 0 54 0 62 70 0 41 0 62 75 
115 114 142 79 4 120 139 205 92 2 306 300 364 315 224 123 134 153 92 7 301 241 359 253 170 
89 14 17 116 21 81 0 0 126 0 256 170 159 273 156 77 0 0 123 1 131 52 47 192 46 
112 98 48 53 33 157 109 53 59 35 68 57 17 0 0 81 84 22 10 12 84 55 10 0 0 
0 0 173 66 0 0 0 180 60 0 0 0 222 65 0 0 0 198 48 0 0 0 164 48 0 
157 197 190 141 147 0 65 77 0 0 0 54 72 0 0 46 76 101 37 44 0 58 107 0 0 
88 69 92 85 79 128 149 129 140 130 35 46 53 44 46 0 0 0 0 0 0 0 0 0 0 
0 0 0 169 0 0 0 0 185 0 238 244 227 430 249 0 0 0 183 0 0 0 0 161 0 
0 0 0 0 0 150 142 178 136 149 0 0 0 0 0 0 0 0 0 0 72 58 65 63 78 
140 0 15 84 60 154 38 54 127 118 237 80 96 166 170 96 0 0 70 50 216 85 93 164 133 
0 91 0 0 0 0 92 0 0 0 0 73 0 0 0 132 166 97 132 90 62 157 49 52 54 
0 0 104 0 0 95 105 204 119 117 0 0 104 0 0 10 9 113 4 7 15 13 87 10 16 
240 222 178 260 103 112 103 73 112 0 85 99 52 91 0 264 242 167 281 116 119 116 78 149 0 
0 0 0 0 0 37 38 36 20 21 0 0 0 0 0 74 81 71 82 107 109 92 95 99 132 
0 232 0 207 0 0 193 0 201 0 7 211 6 209 7 0 198 0 200 0 0 206 0 210 0 
0 45 0 139 0 0 52 0 154 0 0 47 0 147 0 75 152 72 229 82 0 61 0 143 0 
0 0 0 0 73 76 71 77 60 133 88 70 71 80 129 0 0 0 0 77 0 0 0 0 79 
70 277 352 50 250 33 188 273 11 176 94 277 370 65 240 97 306 345 112 267 215 358 432 174 321 
0 53 40 0 106 21 96 64 21 124 34 112 108 48 107 0 76 36 0 84 0 78 37 0 96 
111 95 111 115 122 14 0 0 37 0 14 0 0 42 0 19 0 0 49 0 86 69 59 118 83 
92 0 82 0 0 84 0 92 0 0 142 66 133 62 64 118 23 95 16 13 87 0 98 0 0 
0 19 82 0 101 0 13 78 0 118 0 17 81 0 118 0 14 98 0 149 0 14 76 0 117 
25 72 162 100 35 61 82 168 120 66 0 48 122 43 0 52 80 171 127 55 0 30 110 68 0 
0 65 0 0 0 0 71 0 0 0 118 229 110 131 123 0 88 0 0 0 15 84 18 23 28 
0 0 0 84 0 63 76 58 144 91 0 0 0 74 0 0 0 0 94 0 79 74 67 168 71 
51 0 83 48 0 62 0 108 58 0 61 0 93 52 0 49 0 94 55 0 41 0 92 48 0 
84 54 0 33 0 112 75 19 51 24 98 96 0 29 0 128 56 0 46 0 95 64 0 36 0 
0 0 0 0 29 196 191 196 206 232 0 0 0 0 35 0 0 0 0 41 0 0 0 0 40 
111 50 63 141 96 77 45 60 115 90 32 0 0 65 11 43 0 0 58 11 58 11 11 75 31 
34 79 11 6 14 20 60 0 0 0 24 85 0 0 0 155 209 137 133 137 30 95 0 0 0 
0 0 0 21 0 188 171 197 199 165 0 0 0 23 0 0 0 0 22 0 0 0 0 19 0 
75 87 147 150 96 0 0 58 63 0 0 0 76 65 0 0 0 69 58 0 0 0 63 65 0 
63 57 59 48 68 41 0 0 0 11 76 62 48 48 72 30 0 0 0 22 92 49 45 49 60 
0 0 35 0 86 10 6 43 13 108 0 0 47 0 80 12 7 47 8 110 96 89 151 73 173 
589 585 605 641 587 0 0 0 0 0 0 0 0 0 0 0 0 0 0 0 0 0 0 0 0 
58 112 149 65 76 30 84 97 26 28 0 33 75 0 0 0 41 79 0 0 0 39 70 0 0 
0 0 116 0 0 0 0 94 0 0 80 121 209 113 104 0 0 89 0 0 0 0 109 0 0 
89 105 34 50 119 33 38 0 0 75 37 52 0 0 60 39 41 0 0 65 51 40 0 0 70 
0 49 0 23 36 59 115 57 80 94 0 59 0 27 38 0 55 0 39 40 26 64 22 52 63 
9 7 102 6 12 0 0 89 0 0 0 0 85 0 0 37 40 127 28 29 80 79 154 61 90 
0 0 0 52 76 88 81 64 117 167 0 0 0 49 75 0 0 0 36 85 0 0 0 48 75 
101 189 75 77 97 22 137 0 0 0 20 117 0 0 0 22 74 0 0 0 21 87 3 3 0 
71 33 94 28 84 19 0 37 4 51 18 0 38 0 60 20 0 49 3 47 9 0 38 10 54 
36 0 21 0 1 62 1 10 0 0 55 40 47 34 42 101 54 58 28 26 141 113 106 134 105 
49 27 106 35 35 25 0 80 0 0 13 0 72 0 1 21 0 63 0 0 44 13 88 20 16 
0 0 18 3 0 0 0 0 1 0 0 24 0 0 0 0 0 0 0 0 12 0 8 0 0 
0 62 61 0 0 0 63 51 0 0 21 104 79 21 21 32 109 62 40 42 0 62 52 0 0 
26 0 78 0 36 58 43 113 39 78 20 0 79 0 20 16 0 81 0 27 28 0 86 0 16 
0 2096 0 0 0 0 2160 0 0 0 0 2048 0 0 0 0 2106 0 0 0 0 2047 0 0 0 
25 142 113 10 11 93 193 176 76 69 0 157 134 4 0 42 206 170 74 42 5 121 91 0 0 
70 116 115 1 0 62 150 140 0 1 91 132 119 0 0 95 147 143 0 0 69 144 133 0 0 
0 98 0 124 0 85 204 74 216 110 82 180 41 179 53 0 95 0 127 0 0 119 0 114 0 
0 0 0 0 0 1281 1239 1242 1207 1268 0 0 0 0 0 0 0 0 0 0 0 0 0 0 0 
0 0 87 131 0 0 0 78 108 0 0 0 83 137 0 0 0 81 132 0 0 0 77 136 0 
128 43 48 88 40 134 46 49 100 59 79 0 0 35 0 77 0 0 35 0 82 0 0 45 0 
0 111 0 0 73 0 132 0 0 66 0 139 0 0 77 0 121 0 0 63 0 129 0 0 91 
163 273 156 243 103 74 182 40 122 6 269 395 238 348 116 113 290 86 201 27 204 323 251 279 135 
104 81 283 285 86 0 0 202 201 0 115 98 291 280 89 0 0 163 168 2 19 11 196 192 18 
164 120 119 175 273 3 19 0 17 178 13 13 4 19 170 217 226 186 227 385 223 263 250 246 396 
0 64 0 0 0 0 53 0 0 0 0 65 0 0 0 7 62 4 9 2 154 199 163 138 160 
71 31 62 20 69 73 14 30 0 56 72 13 37 0 44 113 11 27 0 57 196 147 147 130 179 
201 71 0 101 0 204 66 0 104 0 205 52 0 103 0 186 65 0 102 0 211 61 0 116 1 
55 0 0 0 0 62 0 0 0 0 64 0 0 0 0 202 135 145 149 142 52 0 0 0 0 
0 0 1464 0 0 0 0 1485 0 0 0 0 1369 0 0 0 0 1500 0 0 0 0 1470 0 0 
61 2 8 41 18 103 67 54 101 73 95 64 65 72 76 61 27 20 67 30 51 0 0 29 14 
121 135 127 92 197 0 0 10 0 46 70 82 82 69 127 0 0 20 0 55 0 0 16 0 59 
43 88 0 113 0 144 182 99 223 85 117 137 92 218 93 52 81 0 111 0 37 71 0 108 0 
69 72 70 72 127 74 72 66 59 89 0 23 0 0 40 0 20 0 0 30 52 66 46 44 75 
2 76 0 0 1 32 142 33 36 31 39 155 39 35 39 30 136 26 29 33 44 142 44 40 55 
33 11 41 34 0 103 71 112 112 63 43 21 47 37 0 47 9 43 35 0 41 20 37 39 0 
160 0 0 0 0 138 0 0 0 0 241 87 109 111 117 123 0 0 0 0 151 0 0 0 0 
0 0 0 0 833 0 0 0 0 792 0 0 0 0 842 0 0 0 0 834 0 0 0 0 780 
115 82 0 134 44 108 100 0 143 68 157 147 40 181 102 105 90 2 122 68 93 123 0 156 43 
135 0 0 0 0 260 102 94 83 74 158 0 0 0 0 149 0 0 0 0 156 0 0 0 0 
0 0 0 0 0 78 55 73 65 70 0 0 0 0 0 149 122 147 148 141 0 0 0 0 0 
0 22 0 151 0 35 59 47 204 34 0 20 0 138 0 0 16 0 144 0 0 19 0 171 0 
115 77 127 163 183 71 0 92 64 78 53 0 99 91 80 156 107 151 145 161 33 2 53 67 50 
59 64 62 164 141 35 27 39 99 90 0 0 0 94 69 0 0 0 62 57 12 12 9 95 72 
0 11 62 0 0 77 88 163 83 85 0 10 71 1 0 54 71 159 47 58 0 6 60 0 0 
196 5 186 0 0 197 0 166 0 0 196 5 182 3 0 170 0 181 0 0 206 20 179 9 10 
350 117 324 118 188 385 154 378 179 223 424 168 396 204 262 261 29 213 48 138 251 49 248 44 116 
75 173 75 96 71 0 93 0 30 0 20 137 32 39 29 0 111 0 17 0 0 81 0 25 0 
0 0 32 0 57 35 46 78 44 113 52 74 89 53 121 0 0 33 0 61 0 0 49 0 57 
0 0 18 0 205 0 0 17 0 192 0 0 32 0 186 0 0 30 0 201 0 0 26 0 202 
0 0 0 50 0 0 0 0 59 0 54 58 45 140 45 0 0 0 59 0 84 78 82 158 86 
87 0 0 94 0 108 0 0 111 0 99 0 0 89 0 92 0 0 113 0 97 0 0 109 0 
6 37 86 74 5 94 166 180 163 104 158 214 239 215 145 0 59 112 90 15 52 99 110 97 38 
111 140 123 112 229 0 0 0 0 83 0 0 0 0 75 23 26 30 25 106 0 0 0 0 90 
134 258 158 158 155 0 149 0 0 0 88 215 82 100 87 0 103 0 0 0 90 225 84 74 85 
145 133 79 82 89 77 46 0 0 0 91 49 4 4 8 67 50 0 0 0 75 56 0 0 0 
0 137 0 0 0 50 197 67 70 84 0 153 0 0 0 72 231 100 99 77 0 131 0 0 0 
0 0 0 0 0 0 0 0 0 0 0 0 0 0 0 0 0 0 0 0 422 391 425 405 376 
0 0 36 0 0 73 79 92 75 87 0 0 31 0 0 77 75 84 59 79 19 25 59 22 26 
8 15 16 17 51 0 0 0 0 36 80 79 71 69 99 0 0 0 0 33 68 98 78 76 105 
0 0 0 137 0 0 0 0 127 1 0 0 0 143 0 0 0 0 150 0 78 85 85 226 93 
0 68 0 33 72 0 63 0 39 75 0 52 0 34 90 0 59 0 32 73 18 78 23 55 112 
0 112 0 0 0 0 108 0 0 0 0 106 0 0 0 0 96 0 0 0 97 185 99 104 92 
0 0 0 2 0 82 31 89 71 75 57 10 67 48 60 0 0 0 14 0 100 82 106 127 110 
0 0 117 55 0 43 45 155 106 50 0 0 102 39 0 0 0 89 38 0 0 0 126 35 0 
59 0 0 0 0 126 62 61 76 69 99 20 18 20 15 131 47 46 52 41 58 0 0 0 0 
83 35 33 111 37 39 0 0 90 0 48 0 0 85 0 83 35 30 120 32 55 0 0 83 0 
0 0 35 33 0 0 0 25 35 0 101 99 114 120 97 0 0 29 42 0 0 0 41 38 0 
28 0 0 70 84 76 57 55 100 156 28 1 1 73 88 44 18 22 66 82 31 27 40 72 98 
3 5 52 99 7 0 0 50 77 0 50 34 111 125 50 28 38 69 119 36 0 0 49 88 0 
48 2 41 42 8 44 0 34 40 21 116 78 109 101 87 62 19 45 44 15 51 0 44 46 0 
43 0 66 0 64 44 0 67 0 53 31 0 72 0 79 109 59 121 69 112 33 0 68 0 65 
104 20 161 103 39 84 11 137 87 28 69 0 125 32 7 199 63 244 116 110 117 35 200 66 58 
12 102 163 27 118 136 223 314 154 274 37 140 207 48 174 0 67 164 0 129 98 192 251 130 224 
24 21 29 72 51 55 58 47 89 89 0 0 0 43 31 0 0 0 27 19 107 115 111 154 128 
17 30 0 82 0 28 47 0 102 0 77 72 39 127 53 25 37 0 103 0 40 33 0 78 0 
0 0 58 0 0 165 151 210 153 179 0 0 58 0 0 0 0 72 0 0 0 0 70 0 0 
15 8 0 0 87 18 3 1 2 87 84 89 69 64 188 29 29 25 23 110 127 163 140 133 207 
59 11 10 6 20 85 60 62 64 64 94 73 77 87 83 39 0 4 0 11 34 11 13 6 21 
18 92 66 15 29 0 81 62 4 6 0 67 39 0 18 0 73 47 5 12 44 118 93 38 76 
146 190 103 97 104 75 64 49 19 22 41 51 16 0 0 40 51 16 0 0 36 46 18 0 0 
75 92 16 21 21 57 56 2 0 3 65 73 20 11 17 77 78 42 45 57 93 82 53 37 51 
36 76 42 71 29 0 62 8 39 16 0 51 9 45 19 0 43 14 31 13 39 104 64 97 78 
0 0 56 26 10 0 0 45 35 3 0 0 44 40 6 42 53 122 94 61 54 50 100 93 63 
29 38 26 22 31 0 0 0 0 0 71 59 57 62 55 0 0 0 0 0 120 107 99 114 110 
45 32 42 32 43 0 0 15 0 0 0 0 19 0 0 56 49 84 59 52 134 104 149 141 128 
39 43 108 51 48 1 0 57 8 0 62 52 132 55 49 0 0 52 0 0 0 1 59 24 0 
0 0 179 32 0 0 0 140 23 0 18 20 155 36 18 0 0 166 23 0 0 0 162 23 0 
43 70 0 0 0 67 95 40 30 31 67 112 17 14 9 80 120 38 38 42 39 69 0 0 0 
88 122 77 55 63 14 46 3 0 0 77 139 67 57 61 41 76 26 16 14 22 59 0 0 0 
0 125 113 168 0 0 129 126 173 1 0 110 125 180 3 0 118 120 161 2 0 132 125 169 0 
13 0 0 131 0 8 0 0 95 0 91 64 87 187 84 10 0 0 99 0 20 1 0 104 1 
62 84 53 52 80 15 66 13 9 37 51 86 45 40 71 7 41 0 0 36 15 70 11 13 40 
148 184 45 98 132 205 254 91 125 209 176 226 92 134 150 113 156 21 46 101 280 332 148 213 231 
94 222 183 120 149 8 59 74 14 2 41 121 120 52 47 30 112 88 12 32 0 86 74 0 0 
8 17 15 5 74 11 31 24 8 104 4 17 13 6 53 63 85 69 47 168 28 40 42 31 103 
660 458 515 397 464 481 267 261 195 226 493 329 325 212 298 384 165 161 90 140 543 358 390 350 338 
104 73 0 3 0 180 171 80 84 77 74 80 0 0 0 102 99 23 14 20 72 66 0 0 0 
125 282 73 116 100 227 345 126 218 173 112 267 66 137 61 34 169 0 40 0 85 212 62 90 48 
0 0 0 0 55 0 0 0 0 57 0 0 0 0 72 0 0 0 0 58 141 166 147 158 202 
80 0 38 0 16 132 13 52 22 33 128 51 98 51 56 150 70 119 68 92 139 32 44 15 28 
162 0 0 54 0 169 0 0 58 0 155 0 0 44 0 181 0 0 48 0 156 0 0 44 0 
169 128 166 254 126 37 2 85 140 5 84 51 127 196 70 51 10 107 105 32 55 3 87 87 1 
54 88 61 136 115 0 9 4 75 38 0 13 5 50 46 0 10 8 65 41 26 33 22 79 46 
130 121 85 113 26 171 172 133 132 117 84 66 34 52 8 249 165 146 138 97 167 158 131 99 64 
58 131 51 57 53 0 57 0 0 0 6 80 4 5 4 0 64 0 0 0 76 155 62 76 65 
0 0 0 16 0 0 0 0 19 0 0 0 0 18 0 0 0 0 18 0 164 173 198 200 194 
39 7 0 24 31 114 87 77 98 99 42 0 0 21 32 36 0 0 17 40 41 3 0 18 24 
50 10 54 97 84 18 2 33 93 74 59 26 50 130 109 18 1 37 81 87 104 85 118 181 201 
0 87 73 0 89 0 89 79 0 90 0 102 61 0 74 0 83 76 0 82 0 108 80 0 82 
47 22 55 40 31 70 50 91 56 54 23 17 34 20 11 53 45 103 69 46 7 0 30 0 0 
81 0 0 0 56 67 0 0 0 49 94 0 0 0 59 67 0 0 0 52 180 96 86 90 152 
79 114 12 137 76 89 170 41 158 134 51 86 1 121 63 208 252 146 284 186 131 225 122 221 164 
98 102 114 92 77 11 42 45 13 11 0 15 48 0 0 79 84 106 65 56 24 31 56 22 18 
0 0 0 150 43 0 0 0 173 28 29 29 20 168 61 0 0 0 163 35 0 0 0 149 46 
0 0 0 138 13 152 132 120 321 167 0 0 0 162 15 116 121 112 251 109 0 0 0 127 8 
42 154 187 201 68 19 153 169 215 36 70 186 192 198 93 60 218 220 243 97 103 168 203 278 86 
0 0 0 1289 0 0 0 0 1295 0 0 0 0 1288 0 1 2 4 1351 2 0 0 0 1287 0 
195 0 0 0 0 197 13 18 17 20 178 0 0 0 0 196 0 0 0 0 166 0 0 0 0 
92 0 0 0 0 117 0 0 0 0 122 0 0 0 0 102 0 0 0 0 206 88 84 89 99 
201 24 64 24 24 165 0 24 2 1 303 87 119 87 93 304 145 238 154 170 240 55 86 50 58 
17 24 0 0 0 0 56 0 3 1 0 28 0 2 6 0 0 0 0 19 0 15 0 0 0 
76 99 159 129 106 0 0 46 0 0 0 0 79 0 0 0 0 65 0 0 206 244 259 235 236 
4 20 4 76 218 120 131 126 210 342 0 26 0 83 252 0 9 4 98 248 122 141 118 182 318 
10 19 69 7 231 3 0 48 10 164 111 101 167 112 273 134 140 215 163 339 3 4 59 0 179 
111 238 254 186 61 162 237 268 190 89 119 241 252 162 96 51 171 203 112 6 66 179 200 138 25 
95 0 0 2 0 83 0 0 3 0 99 0 0 2 0 100 0 0 0 0 121 15 22 55 29 
17 10 67 51 37 0 0 0 12 17 0 0 0 0 0 6 0 0 0 2 0 0 14 0 3 
0 0 238 0 45 0 0 265 0 39 0 0 233 0 31 0 0 211 0 35 0 0 219 0 32 
0 0 46 52 0 66 46 89 86 53 0 0 36 31 0 53 46 88 75 43 39 28 72 63 25 
0 0 0 35 0 71 63 47 99 55 0 0 0 25 0 45 46 62 93 50 43 48 43 94 39 
