817 711 671 634 671 1086 1086 1089 982 1066 688 661 611 640 771 1060 995 1029 964 1082 610 551 454 375 583 
201 144 190 181 163 0 0 0 0 0 122 91 122 111 115 0 0 0 0 0 0 0 0 0 0 
127 80 49 219 243 53 0 1 138 145 164 55 19 209 208 60 0 0 102 149 75 0 1 120 141 
139 0 126 161 164 216 72 198 254 246 297 142 283 314 340 248 57 159 228 222 156 0 137 205 171 
172 65 104 182 47 140 9 89 111 1 127 23 72 95 29 130 4 51 121 2 287 186 273 292 184 
107 8 21 0 92 104 6 18 0 103 198 93 109 82 177 152 67 92 55 143 222 101 127 101 256 
0 0 0 0 0 0 0 0 0 0 1037 1046 999 1022 1070 0 0 0 0 0 0 0 0 0 0 
0 0 0 262 0 0 0 3 230 0 109 101 99 371 118 114 114 84 374 118 0 0 0 234 0 
13 7 14 190 5 0 0 1 191 0 36 47 37 193 31 0 0 0 157 0 3 7 3 185 4 
0 0 0 0 0 0 0 0 0 0 0 0 0 0 0 52 56 58 57 72 152 139 137 160 139 
67 87 64 51 157 0 10 0 0 96 0 3 0 0 97 0 5 0 0 100 76 75 80 69 146 
160 168 172 177 167 0 0 3 0 0 0 0 0 0 1 0 0 0 0 0 88 83 77 90 101 
0 0 0 0 0 0 0 0 0 0 0 0 0 0 0 433 427 419 405 414 190 176 179 188 201 
0 197 0 0 82 0 168 0 0 94 109 305 132 110 182 0 181 0 0 95 0 222 0 0 79 
823 0 0 0 0 810 0 0 0 0 818 0 0 0 0 836 0 0 0 0 852 0 0 0 0 
26 5 188 128 166 42 10 165 135 158 103 99 232 215 204 176 158 321 292 282 115 86 239 198 272 
76 127 71 146 70 48 81 61 116 66 0 39 0 46 0 45 94 44 85 38 0 33 0 47 0 
35 9 10 7 21 121 102 112 100 125 30 0 0 0 16 25 0 0 0 23 119 101 98 95 142 
0 0 147 0 0 0 0 153 0 0 0 0 146 0 0 159 135 265 120 137 0 0 153 0 0 
0 70 50 50 0 0 81 44 48 0 37 104 105 105 39 0 77 54 52 0 0 79 65 46 0 
1 0 0 1 146 152 111 122 145 254 147 129 114 129 231 1 1 0 0 125 88 88 107 94 200 
0 0 0 0 0 0 0 0 0 0 0 0 0 0 0 1042 1099 1105 1091 1018 0 0 0 0 0 
0 18 54 148 0 0 18 59 128 0 0 20 55 159 1 0 20 56 160 0 0 15 60 168 0 
65 51 0 0 0 82 71 17 13 13 138 92 37 36 30 93 63 0 0 0 99 95 22 24 29 
94 167 89 185 180 9 50 23 90 85 12 58 26 81 105 0 54 0 63 65 0 45 0 69 83 
114 110 158 65 3 115 120 203 87 4 321 305 386 300 197 107 104 156 61 0 306 231 332 242 149 
67 4 20 95 9 68 0 0 105 0 198 136 133 202 120 70 0 0 95 0 104 44 42 164 33 
122 108 47 45 35 151 113 58 66 47 65 54 16 0 0 101 85 20 13 19 94 74 12 0 0 
0 0 184 70 0 0 0 202 79 0 0 0 239 74 0 0 0 214 59 0 0 0 195 57 0 
128 163 163 122 109 0 56 71 0 0 0 51 58 0 0 45 62 95 32 32 0 48 95 0 0 
85 62 83 84 79 119 149 131 131 130 28 46 51 40 51 0 0 0 0 0 0 0 0 0 0 
0 0 0 165 0 0 0 0 174 0 230 234 219 409 242 0 0 0 171 0 0 0 0 155 0 
0 0 0 0 0 146 142 181 138 147 0 0 0 0 0 0 0 0 0 0 75 59 71 71 90 
150 5 15 88 55 167 46 66 143 132 262 87 103 175 182 104 0 0 86 51 234 105 105 192 148 
0 99 0 0 0 0 97 0 0 0 0 78 0 0 0 117 177 94 134 88 51 143 47 51 53 
0 0 95 0 0 88 85 187 109 110 0 0 93 0 0 6 11 103 4 9 13 14 84 10 16 
297 272 221 302 135 142 119 75 132 0 92 103 73 104 0 303 287 186 296 144 162 151 87 157 6 
0 0 0 0 0 39 39 33 19 25 0 0 0 0 0 72 73 79 70 111 113 107 109 111 141 
0 232 0 207 0 0 183 0 201 0 8 204 7 198 7 0 189 0 197 0 0 202 0 206 0 
0 41 0 131 0 0 51 0 144 0 0 49 0 140 0 65 142 71 214 67 0 59 0 134 0 
0 0 0 0 76 88 73 83 65 139 93 77 79 85 130 0 0 0 0 80 0 0 0 0 82 
115 316 351 67 260 23 199 246 10 140 80 286 351 65 211 130 325 349 109 243 228 368 401 164 290 
0 46 35 0 86 19 62 48 13 91 28 83 94 38 85 0 61 26 0 63 0 63 27 0 73 
116 93 108 121 123 13 0 0 40 0 16 0 0 39 0 18 0 0 44 0 92 73 56 118 85 
84 0 76 0 0 78 0 81 0 0 145 61 128 64 62 125 20 90 17 14 74 0 88 0 0 
0 18 81 0 96 0 12 69 0 107 0 16 74 0 106 0 14 91 0 133 0 13 69 0 101 
23 53 158 75 22 70 75 158 107 56 0 38 123 40 0 41 71 167 112 52 0 29 113 59 0 
0 69 0 0 0 0 75 0 0 0 130 253 126 139 132 0 101 0 0 0 15 86 22 29 28 
0 0 0 88 0 72 88 63 156 100 0 0 0 87 0 0 0 0 94 0 92 75 68 177 67 
64 0 107 55 0 70 0 135 63 0 82 0 120 68 0 58 0 128 61 0 55 0 131 52 0 
83 53 0 35 0 122 87 17 55 24 106 99 0 34 0 130 56 0 52 0 99 64 0 37 0 
0 0 0 0 27 208 190 197 206 214 0 0 0 0 35 0 0 0 0 36 0 0 0 0 37 
113 55 69 134 105 74 46 64 122 85 32 0 0 61 11 39 0 0 68 14 44 16 9 67 33 
29 55 8 6 10 15 48 0 0 0 26 82 0 0 0 138 184 137 124 124 29 73 0 0 0 
0 0 0 22 0 189 177 202 204 172 0 0 0 23 0 0 0 0 21 0 0 0 0 20 0 
77 82 140 142 95 0 0 52 64 0 0 0 78 66 0 0 0 70 57 0 0 0 64 64 0 
62 57 58 48 68 41 0 0 0 11 76 62 48 47 72 30 0 0 0 21 92 49 45 48 59 
0 0 24 0 69 9 5 36 12 89 0 0 34 0 70 8 7 43 8 95 81 75 114 64 153 
55 105 137 64 70 28 79 95 26 26 0 32 70 0 0 0 37 71 0 0 0 39 66 0 0 
0 0 122 0 0 0 0 94 0 0 82 122 222 122 107 1 0 97 0 0 0 0 112 0 0 
100 118 41 57 134 35 42 0 0 89 42 56 0 0 66 41 49 0 0 73 59 41 0 0 76 
0 48 0 23 36 58 115 56 80 93 0 59 0 27 37 0 55 0 39 40 26 64 22 51 63 
8 7 97 1 12 0 0 86 0 0 0 0 82 0 0 35 39 118 27 29 71 72 144 58 80 
0 0 0 51 75 88 81 63 117 163 0 0 0 48 73 0 0 0 36 84 0 0 0 47 73 
105 186 87 82 103 22 126 0 0 0 33 134 8 10 10 26 89 0 0 0 23 91 2 2 0 
62 26 90 28 91 15 0 39 4 65 16 0 38 0 77 17 0 51 0 61 0 0 34 0 71 
58 0 8 0 1 63 0 3 0 0 84 43 51 45 72 89 23 34 24 29 176 105 93 148 107 
55 34 115 48 49 19 0 81 0 0 19 0 75 0 0 14 0 70 0 0 64 41 110 37 25 
0 61 62 0 0 0 64 47 1 0 21 103 77 21 21 32 108 61 40 42 0 62 52 0 0 
22 0 80 0 41 63 42 119 39 77 19 0 76 0 18 25 0 85 0 25 27 0 92 0 23 
0 2139 0 0 0 0 2198 0 0 0 0 2075 0 0 0 0 2152 0 0 0 0 2054 0 0 0 
21 151 130 18 14 86 234 198 75 77 0 171 133 3 0 41 237 149 105 57 2 144 110 0 0 
74 127 122 0 0 72 142 135 0 0 90 153 135 0 0 96 155 134 0 0 66 147 136 0 0 
0 99 0 111 0 72 186 83 208 94 76 162 44 172 51 0 109 0 142 0 0 103 0 108 0 
0 0 0 0 0 1291 1248 1241 1208 1279 0 0 0 0 0 0 0 0 0 0 0 0 0 0 0 
0 0 80 125 0 0 0 75 106 0 0 0 81 127 0 0 0 81 125 0 0 0 72 128 0 
157 65 55 99 46 167 59 55 120 66 106 0 0 47 0 89 0 0 40 0 97 0 0 56 0 
0 124 0 0 95 0 154 0 0 76 0 169 0 0 94 0 158 0 0 78 0 152 0 0 110 
161 229 163 191 95 76 125 9 97 0 267 341 215 325 115 106 212 97 159 39 161 270 231 260 114 
110 88 284 298 93 2 1 204 196 4 115 109 280 293 108 0 0 167 185 7 16 11 207 195 33 
147 135 116 162 269 11 22 3 12 162 15 19 12 7 185 243 250 189 214 385 257 264 268 243 430 
0 70 0 0 0 0 57 0 0 0 0 63 0 0 0 7 60 4 7 4 171 212 166 148 162 
75 32 58 22 80 83 13 29 0 77 64 12 34 0 48 119 14 34 0 66 191 156 141 145 184 
205 63 0 94 0 211 63 0 99 0 205 55 0 104 0 192 71 0 109 0 191 46 0 107 1 
62 0 0 0 0 62 0 0 0 0 70 0 0 0 0 223 144 156 153 146 55 0 0 0 0 
0 0 1450 0 0 0 0 1492 0 0 0 0 1378 0 0 0 0 1498 0 0 0 0 1471 0 0 
71 5 8 45 21 90 66 49 93 65 83 57 59 76 71 62 24 15 64 29 54 0 0 25 11 
131 134 149 106 201 0 0 10 0 50 61 88 82 65 119 0 0 21 0 55 0 0 14 0 59 
45 87 0 115 0 138 182 103 224 86 125 136 90 223 98 54 79 0 112 0 39 73 0 113 0 
85 82 80 78 126 82 74 70 68 94 0 20 0 0 39 0 20 0 0 26 51 69 54 45 88 
0 75 0 0 0 32 128 35 35 27 39 146 32 36 30 25 124 30 26 37 38 120 49 34 50 
33 11 41 34 0 103 70 112 112 63 43 21 47 37 0 47 9 44 35 0 41 20 37 39 0 
143 0 0 0 0 124 0 0 0 0 205 72 98 99 97 117 1 0 0 0 133 0 0 0 0 
0 0 0 0 837 0 0 0 0 801 0 0 0 0 848 0 0 0 0 841 0 0 0 0 787 
146 131 1 177 61 139 133 0 210 85 204 205 49 290 122 116 127 5 189 96 150 189 0 226 64 
132 0 0 0 0 260 100 87 81 78 158 0 0 0 0 143 0 0 0 0 143 0 0 0 0 
0 0 0 0 0 72 54 70 64 70 0 0 0 0 0 140 116 137 141 135 0 0 0 0 0 
0 22 0 142 0 33 55 46 186 32 0 19 0 132 0 0 16 0 136 0 0 20 0 160 0 
151 61 133 102 165 96 0 87 37 55 91 0 100 43 73 185 86 177 143 172 72 0 58 37 65 
43 48 55 128 104 28 22 30 77 68 0 0 0 77 54 0 0 0 46 49 4 7 7 73 50 
0 10 67 0 0 84 111 195 92 99 0 10 74 1 0 69 91 185 59 69 0 5 73 0 0 
194 4 187 0 0 197 0 169 0 0 192 6 184 3 0 174 3 184 0 0 207 23 180 10 10 
285 106 313 105 201 310 164 371 159 217 331 153 364 174 241 218 5 199 12 124 217 65 246 43 115 
68 161 68 85 67 0 89 0 29 0 17 140 29 36 27 0 108 0 16 0 0 76 0 23 0 
0 0 35 0 57 36 46 78 43 115 55 76 89 53 122 0 0 33 0 62 0 0 49 0 58 
0 0 20 0 227 0 0 17 0 203 0 0 30 0 204 0 0 25 0 213 0 0 26 0 214 
0 0 0 57 0 0 0 0 62 0 57 60 48 154 48 0 0 0 66 0 92 85 90 170 96 
98 0 0 118 0 132 0 0 131 0 120 0 0 107 0 124 0 0 130 0 114 0 0 128 0 
4 27 65 76 0 80 160 157 164 108 161 192 211 220 141 12 61 93 114 17 49 95 83 101 41 
116 136 122 119 241 0 0 0 0 83 0 0 0 0 75 20 25 30 22 111 0 0 0 0 91 
149 258 150 135 149 0 145 0 0 0 92 225 100 100 90 3 133 5 3 5 119 235 92 105 109 
136 125 76 78 78 76 45 0 0 0 85 47 4 4 8 63 46 0 0 0 71 56 0 0 0 
0 133 0 0 0 36 182 51 56 69 0 139 0 0 0 69 207 90 98 71 0 128 0 0 0 
0 0 0 0 0 0 0 0 0 0 0 0 0 0 0 0 0 0 0 0 426 399 439 417 386 
0 0 37 0 0 73 79 92 75 87 0 0 31 0 0 77 75 85 59 79 19 24 59 22 26 
8 15 16 17 52 0 0 0 0 36 78 79 71 69 99 0 0 0 0 33 68 98 78 76 105 
0 0 0 139 0 0 0 0 130 0 0 0 0 159 0 0 0 0 156 0 91 86 86 219 90 
0 68 0 34 70 0 64 0 38 77 0 55 0 35 89 0 60 0 32 72 19 78 23 56 111 
0 112 0 0 0 0 108 0 0 0 0 106 0 0 0 0 96 0 0 0 97 185 99 105 92 
0 13 2 23 0 88 78 81 57 76 73 53 67 50 63 0 0 0 0 0 109 133 119 147 112 
0 0 117 55 0 43 45 155 106 50 0 0 102 39 0 0 0 89 38 0 0 0 126 35 0 
59 0 0 0 0 126 62 61 76 69 99 20 18 20 15 131 47 46 52 41 58 0 0 0 0 
83 35 33 111 36 39 0 0 91 0 48 0 0 85 0 83 34 30 120 32 54 0 0 83 0 
0 0 16 32 0 0 0 1 18 0 111 104 94 120 105 0 0 9 36 0 0 0 12 27 0 
32 0 0 73 108 104 83 71 136 193 33 2 2 93 101 43 19 20 69 93 35 29 43 104 111 
3 6 48 95 7 0 0 45 72 0 46 30 99 113 45 27 38 67 108 34 0 0 45 75 0 
59 4 45 49 14 52 2 39 46 18 147 86 124 127 99 80 18 54 57 23 54 0 43 45 0 
53 0 72 0 66 47 0 70 0 56 35 0 83 0 90 111 66 132 81 124 38 0 73 0 64 
106 16 175 107 35 91 2 153 76 26 64 0 141 40 12 224 100 272 169 167 125 27 192 91 57 
18 85 186 31 153 137 224 344 119 267 38 121 235 62 192 0 30 177 4 135 103 163 262 128 242 
21 25 26 81 76 51 50 54 98 99 0 0 0 42 37 0 0 0 32 24 92 116 118 155 118 
29 35 1 107 0 34 63 0 130 0 100 81 48 160 67 35 44 0 126 0 47 35 0 92 0 
0 0 58 0 0 164 152 215 152 179 0 0 61 0 0 0 0 73 0 0 0 0 70 0 0 
13 10 0 0 90 14 2 0 0 78 78 82 62 65 153 28 26 23 19 99 125 161 140 133 193 
84 18 19 9 28 135 82 88 80 104 143 112 108 104 110 67 0 8 0 22 42 9 14 5 35 
16 88 64 14 28 0 79 62 4 4 0 62 38 0 16 0 70 47 4 12 41 113 93 36 71 
141 189 105 97 100 72 65 42 23 25 40 51 18 0 0 40 53 15 0 0 31 43 15 0 0 
75 86 15 22 18 60 52 0 0 0 60 75 12 11 10 75 79 42 42 48 88 84 53 33 46 
36 77 42 70 30 0 64 11 42 16 0 52 11 46 20 0 44 14 31 11 39 102 62 96 80 
0 0 56 27 11 0 0 44 32 3 0 0 43 37 5 43 53 119 94 60 54 50 100 92 61 
29 38 26 22 31 0 0 0 0 0 71 59 57 62 55 0 0 0 0 0 120 107 99 114 110 
39 29 33 30 38 0 0 14 0 0 0 0 18 0 0 46 39 74 51 45 108 86 121 120 107 
40 45 110 50 42 2 0 52 4 0 62 53 132 52 40 0 0 53 0 0 0 5 59 17 0 
0 0 180 32 0 0 0 141 23 0 19 20 156 37 18 0 0 166 23 0 0 0 162 23 0 
52 88 0 0 0 71 117 44 33 31 83 132 20 19 10 98 145 43 39 48 42 79 0 0 0 
92 135 75 54 68 14 49 5 0 0 85 145 66 56 66 40 75 33 17 14 23 60 0 0 0 
0 123 118 173 0 0 135 132 175 0 0 115 132 170 0 0 120 120 168 0 0 142 136 180 0 
19 0 0 193 0 17 0 0 139 0 149 104 130 261 112 15 0 0 160 0 24 1 2 148 1 
122 163 28 68 106 167 235 80 82 176 134 183 94 95 130 92 112 8 25 71 231 285 136 157 201 
61 168 128 86 89 8 58 66 13 2 32 93 106 38 37 25 82 65 15 25 0 67 47 0 0 
7 28 15 8 77 16 42 25 2 127 7 24 18 3 68 69 100 82 61 188 34 47 41 31 120 
667 522 513 425 484 527 302 291 235 235 482 330 345 221 291 382 181 173 102 127 524 356 391 350 333 
95 69 1 4 0 183 174 85 75 76 80 88 0 0 0 102 99 23 13 18 77 68 0 0 0 
138 299 126 119 126 223 339 132 230 158 104 260 76 124 56 23 189 3 34 0 97 241 75 92 51 
0 0 0 0 57 0 0 0 0 66 0 0 0 0 76 0 0 0 0 59 153 178 171 172 208 
80 0 43 0 15 142 19 75 31 40 163 62 113 58 67 168 88 143 81 94 143 38 54 21 30 
150 0 0 54 0 156 0 0 55 0 141 0 0 39 0 168 0 0 46 0 149 0 0 41 0 
161 127 157 264 138 41 0 75 134 6 63 30 122 183 58 45 4 76 114 31 59 0 70 105 0 
75 125 89 199 177 0 10 3 93 63 0 16 4 81 62 1 19 14 100 66 31 49 36 126 69 
90 88 78 87 13 147 116 132 115 97 48 57 52 58 2 161 153 182 140 99 136 125 156 93 68 
59 131 52 59 51 0 56 0 0 0 6 80 4 5 5 0 65 0 0 0 77 157 64 77 66 
0 0 0 18 0 0 0 0 21 0 0 0 0 18 0 0 0 0 18 0 183 191 221 226 214 
26 1 0 2 37 88 87 77 74 104 24 0 0 3 36 6 0 0 0 37 27 0 0 0 32 
52 5 51 110 74 20 2 30 102 83 65 26 54 136 117 29 0 41 86 87 140 86 122 211 221 
0 85 71 0 83 0 93 79 0 97 0 118 61 0 84 0 88 77 0 95 0 119 79 0 91 
50 24 58 44 35 75 53 97 62 61 23 18 36 21 12 59 46 109 77 52 9 0 32 2 0 
83 0 0 0 53 75 0 0 0 50 88 0 0 0 60 73 0 0 0 51 180 87 84 95 160 
93 156 35 146 126 70 155 17 160 128 41 122 0 118 67 203 264 161 269 214 108 231 106 190 151 
79 92 104 80 72 11 38 43 14 10 0 15 48 0 0 68 77 93 51 47 23 29 56 21 15 
0 0 0 157 40 0 0 0 171 30 28 32 20 173 60 0 0 0 169 37 0 0 0 148 40 
0 0 0 150 12 166 139 140 344 177 0 0 0 177 13 130 133 122 279 116 0 0 0 138 4 
77 183 223 265 105 37 129 163 226 29 92 178 207 276 138 74 224 220 302 106 98 156 204 279 108 
0 0 0 1286 0 0 3 0 1297 0 0 0 0 1309 0 0 2 3 1363 2 0 0 0 1311 0 
195 0 0 0 0 197 13 18 17 20 177 0 0 0 0 196 0 0 0 0 166 0 0 0 0 
92 0 0 0 0 117 0 0 0 0 122 0 0 0 0 102 0 0 0 0 206 88 85 89 98 
168 20 58 28 40 136 0 16 0 0 245 75 85 91 85 236 138 185 156 130 205 69 94 58 57 
1 34 0 0 0 0 40 0 0 2 5 0 0 0 0 0 0 0 0 15 0 0 0 0 0 
89 105 169 137 112 0 0 53 0 0 0 0 79 0 0 0 0 58 0 0 232 239 298 245 265 
1 15 0 82 217 131 129 129 225 359 1 30 1 92 257 0 10 0 84 249 119 138 119 186 314 
14 21 87 6 234 1 0 58 15 178 119 101 175 120 284 150 147 223 171 338 1 10 60 4 195 
153 296 307 228 112 189 274 309 222 104 149 267 296 200 135 76 178 238 127 38 72 200 219 142 33 
96 0 0 5 0 83 0 0 0 0 98 0 0 1 0 100 0 0 0 0 122 15 23 19 30 
0 0 191 0 38 0 0 223 0 32 0 0 198 0 28 0 0 184 0 24 0 0 182 0 29 
0 0 48 47 0 68 47 94 91 59 0 0 37 26 0 55 45 97 75 45 43 30 74 70 27 
48 83 45 49 70 4 68 0 0 25 54 90 44 43 78 5 45 0 0 35 8 64 4 9 33 
0 0 0 35 0 75 63 49 102 57 0 0 0 21 0 46 47 62 92 52 43 49 45 98 40 
602 605 628 658 610 0 0 0 0 0 0 0 0 0 0 0 0 0 0 0 0 0 0 0 0 
0 0 9 0 8 0 1 0 0 0 15 0 0 0 0 0 0 0 0 0 1 0 0 0 0 
