919 934 820 835 884 1144 1116 1156 1138 1171 667 710 677 715 809 1023 1019 1018 1043 1021 632 556 550 544 717 
165 132 155 154 159 0 0 0 0 0 127 73 123 103 96 0 0 0 0 0 0 0 0 0 0 
111 53 32 197 259 95 0 0 139 163 186 61 35 250 258 70 0 0 98 145 84 0 0 135 138 
383 45 155 96 140 217 1 23 3 7 483 127 246 160 197 516 246 369 286 304 303 53 147 67 92 
0 0 1 44 0 88 64 59 118 70 0 1 0 32 0 54 53 72 112 60 46 53 49 115 45 
149 31 97 136 13 140 11 76 112 0 131 25 66 121 20 124 0 50 111 0 317 195 294 322 183 
114 12 8 0 102 106 8 13 0 129 221 101 102 82 196 176 80 96 71 168 272 131 144 125 258 
0 0 0 0 0 0 0 0 0 0 1052 1049 1019 1038 1084 0 0 0 0 0 0 0 0 0 0 
0 0 0 248 0 0 0 1 233 0 110 99 95 362 118 111 99 90 377 117 0 0 0 219 0 
19 8 15 201 6 0 0 0 193 0 40 47 40 197 35 0 0 0 179 0 4 6 2 195 1 
0 0 0 0 0 0 0 0 0 0 0 0 0 0 0 59 68 66 74 85 194 154 158 199 170 
66 89 56 56 157 0 8 0 0 88 0 4 0 0 109 0 4 0 0 99 69 77 68 67 150 
133 142 148 148 147 0 0 0 0 0 0 0 0 0 0 0 0 0 0 0 85 80 68 67 89 
0 0 0 0 0 0 0 0 0 0 0 0 0 0 0 435 434 429 422 436 194 180 182 191 204 
0 203 0 0 88 0 174 0 0 102 107 324 131 112 180 0 191 0 0 95 0 219 0 0 77 
922 0 0 0 0 889 0 0 0 0 902 0 0 0 0 929 0 0 0 0 933 0 0 0 0 
16 10 219 148 142 48 13 230 161 177 103 117 293 245 215 190 202 436 342 321 121 97 297 249 300 
96 143 91 188 90 59 91 68 117 75 0 46 0 56 0 49 120 51 106 54 0 48 0 36 0 
45 11 19 6 22 141 115 137 114 133 36 0 0 0 23 35 0 0 0 25 140 124 107 119 164 
0 0 119 0 0 0 0 116 0 0 0 0 132 0 0 139 111 232 116 116 0 0 132 0 0 
0 64 43 46 0 0 78 43 45 0 35 96 90 97 33 0 70 45 47 0 0 69 55 42 0 
0 1 0 1 156 154 122 120 149 280 152 120 110 142 241 0 1 0 0 124 88 85 95 99 203 
0 0 0 0 0 0 0 0 0 0 0 0 0 0 0 1019 1086 1100 1059 997 0 0 0 0 0 
0 18 51 132 0 0 16 52 114 0 0 18 45 141 0 0 16 50 139 0 0 15 51 139 0 
64 48 0 0 0 79 65 16 14 15 140 84 35 37 30 87 64 0 0 0 95 91 22 24 29 
62 99 62 121 139 4 37 12 55 67 13 38 17 66 80 0 36 0 47 65 0 33 0 51 65 
92 122 110 75 3 90 132 167 72 0 278 299 323 276 191 118 132 140 78 2 247 217 294 208 116 
75 9 11 100 8 74 0 0 105 0 220 155 141 227 130 81 0 0 96 3 110 48 48 167 41 
97 67 27 38 28 115 75 31 47 21 47 31 6 0 0 71 49 0 5 6 70 35 0 0 0 
0 0 135 56 0 0 0 148 52 0 0 0 179 51 0 0 0 159 43 0 0 0 136 41 0 
122 149 175 125 103 0 48 70 0 0 0 48 62 0 0 37 66 98 32 30 0 40 100 0 0 
96 77 109 103 88 154 151 140 153 141 31 61 60 41 59 0 0 0 0 0 0 0 0 0 1 
0 0 0 165 0 0 0 0 174 0 230 234 220 409 242 0 0 0 170 0 0 0 0 155 0 
0 0 0 0 0 163 151 185 137 155 0 0 0 0 0 0 0 0 0 0 70 59 69 69 87 
108 5 0 87 46 140 33 55 121 100 234 77 90 160 157 90 0 0 78 37 177 75 90 168 121 
0 80 0 0 0 0 75 0 0 0 0 59 0 0 0 106 144 78 115 77 50 120 45 45 47 
0 0 108 0 0 99 99 202 120 113 0 0 95 0 0 7 9 114 2 9 18 11 91 8 15 
267 221 191 276 117 122 92 80 117 0 105 101 53 112 0 302 273 169 303 131 144 91 77 148 0 
0 0 0 0 0 34 41 32 22 22 0 0 0 0 0 67 76 80 79 102 117 114 115 105 149 
0 224 0 201 0 0 180 0 194 0 7 203 7 196 7 0 185 0 191 0 0 196 0 204 0 
0 41 0 122 0 0 50 0 140 0 0 48 0 131 0 63 137 69 209 70 0 58 0 134 0 
0 0 0 0 68 74 67 71 56 123 78 67 67 75 116 0 0 0 0 68 0 0 0 0 72 
72 320 342 61 253 8 232 293 6 161 64 302 333 52 237 107 339 360 117 257 178 382 439 168 332 
0 49 38 0 86 22 70 51 12 99 29 97 98 46 92 0 69 31 0 75 0 69 32 0 84 
112 96 109 129 127 16 0 0 37 0 15 0 0 37 0 17 0 0 43 0 90 68 62 116 85 
72 0 67 0 0 65 0 78 0 0 123 53 113 50 52 105 17 81 14 12 72 0 81 0 0 
0 19 88 0 100 0 11 72 0 112 0 17 78 0 111 0 14 95 0 138 0 12 74 0 106 
31 59 154 87 28 82 79 150 125 57 0 36 110 41 0 50 73 154 109 44 0 22 106 69 0 
0 68 0 0 0 0 82 0 0 0 114 235 106 141 126 0 91 0 0 0 14 82 18 22 25 
0 0 0 82 0 64 71 55 138 86 0 0 0 85 0 0 0 0 98 0 81 69 61 166 69 
60 0 122 64 0 77 0 125 69 0 78 0 124 59 0 62 0 124 69 0 50 0 119 59 0 
95 73 0 37 0 135 91 20 57 31 120 112 0 37 0 146 70 0 48 0 112 72 0 38 0 
0 0 0 0 25 198 187 199 203 218 0 0 0 0 44 0 0 0 0 33 0 0 0 0 38 
112 55 69 133 99 78 43 62 127 84 29 0 0 60 13 40 0 0 61 14 53 16 11 72 31 
30 80 8 6 10 18 56 0 0 0 21 86 1 0 0 148 197 146 134 129 29 89 0 0 0 
0 0 0 21 0 189 170 200 199 167 0 0 0 23 0 0 0 0 22 0 0 0 0 19 0 
71 79 133 138 89 0 0 52 63 0 0 0 74 60 0 0 0 67 53 0 0 0 59 62 0 
63 59 61 49 70 43 0 0 0 11 81 64 53 49 74 32 0 0 0 22 97 52 47 51 65 
0 0 25 0 69 9 6 36 12 88 0 0 33 0 70 9 7 43 8 95 81 73 114 63 153 
598 597 616 654 596 0 0 0 0 0 0 0 0 0 0 0 0 0 0 0 0 0 0 0 0 
73 128 152 84 81 34 97 109 29 32 0 37 78 0 0 0 47 79 0 0 0 48 80 0 0 
0 0 120 0 0 0 0 97 0 0 81 126 225 116 108 0 0 94 0 0 0 0 119 0 0 
112 141 43 58 155 43 50 0 0 98 44 64 0 0 72 49 45 0 0 82 70 47 0 0 97 
0 49 0 23 35 59 115 57 80 94 0 59 0 27 38 0 55 0 38 40 26 65 21 52 63 
8 7 99 5 12 0 0 87 0 0 0 0 83 0 0 36 39 120 27 29 75 78 149 59 85 
0 0 0 51 75 88 81 63 117 164 0 0 0 49 73 0 0 0 36 85 0 0 0 47 74 
119 187 87 87 95 25 128 0 0 0 38 130 7 9 10 30 98 0 0 0 30 97 3 3 1 
67 29 95 42 101 20 0 43 8 66 15 0 41 0 79 21 0 52 0 62 12 0 39 8 71 
71 9 2 0 2 90 0 0 0 0 103 55 57 62 84 113 38 13 22 30 188 105 106 135 106 
67 34 117 47 53 32 0 81 0 0 29 0 77 0 0 26 0 70 0 0 82 44 122 48 40 
90 79 93 50 61 34 29 31 2 10 58 68 59 28 45 45 29 37 0 13 34 31 34 0 10 
0 62 68 0 0 0 61 42 0 0 21 104 66 21 21 32 107 47 35 39 0 62 46 0 0 
39 61 33 11 21 32 79 26 25 21 0 51 3 0 19 17 22 16 13 19 0 37 0 0 0 
30 0 91 0 45 64 43 124 39 80 25 0 85 0 29 37 10 99 5 36 31 0 98 0 28 
0 2079 0 0 0 0 2132 0 0 0 0 2003 0 0 0 0 2079 0 0 0 0 2022 0 0 0 
33 133 145 18 12 100 246 218 94 99 1 155 127 2 0 45 235 175 76 74 3 165 110 0 0 
58 86 75 0 0 42 107 87 0 0 74 109 96 0 0 66 107 93 0 0 54 107 102 0 0 
19 148 0 215 0 128 261 145 347 140 175 284 140 408 136 2 155 0 246 0 7 131 0 170 0 
73 88 155 95 88 0 0 48 0 0 0 0 91 0 0 0 0 44 0 0 191 194 246 213 193 
0 0 0 0 0 1255 1215 1216 1164 1246 0 0 0 0 0 0 0 0 0 0 0 0 0 0 0 
0 0 80 125 0 0 0 75 106 0 0 0 81 127 0 0 0 81 124 0 0 0 72 128 0 
137 46 50 83 40 143 50 51 106 57 87 0 0 43 0 82 0 0 38 0 85 0 0 41 0 
0 120 0 0 80 0 135 0 0 73 0 150 0 0 81 0 128 0 0 68 0 137 0 0 97 
189 291 181 274 132 111 198 28 131 2 299 432 272 386 153 194 310 143 260 79 265 387 299 369 157 
96 85 287 299 96 0 0 210 204 4 128 114 297 312 106 0 0 174 205 14 15 13 211 210 24 
165 114 111 173 288 14 17 4 10 160 13 8 7 3 163 229 232 182 232 405 255 262 266 272 433 
0 63 0 0 0 0 49 0 0 0 0 64 0 0 0 7 59 4 7 3 153 189 151 128 148 
78 31 53 16 59 57 17 29 0 51 50 13 40 0 36 97 13 37 0 53 150 140 114 106 164 
207 84 0 106 0 207 72 0 107 0 214 61 0 105 0 198 66 0 112 0 204 69 0 127 0 
54 0 0 0 0 61 0 0 0 0 63 0 0 0 0 202 133 145 146 140 52 0 0 0 0 
75 240 226 141 38 122 223 243 142 64 122 213 265 126 92 48 173 204 88 2 54 205 215 118 30 
100 0 8 71 39 144 82 62 150 104 149 91 92 129 126 93 42 29 74 55 79 0 0 33 19 
113 131 141 102 212 0 0 8 0 51 68 80 81 71 115 0 0 21 0 59 0 0 20 0 69 
23 48 0 58 0 104 125 63 113 51 57 59 25 87 34 40 42 0 52 0 24 46 0 57 0 
75 91 80 76 144 79 73 76 70 107 0 30 0 4 50 0 21 0 0 32 57 74 63 58 84 
0 82 0 0 0 32 151 44 35 35 33 148 34 36 29 24 131 30 28 41 45 142 49 33 50 
33 11 41 34 0 103 71 112 112 63 43 21 47 37 0 47 9 44 35 0 41 20 37 39 0 
3 10 0 81 210 126 136 122 212 343 2 27 0 75 250 0 10 1 82 256 118 152 114 183 308 
20 11 89 4 226 1 0 63 8 152 107 81 166 115 265 135 134 187 167 325 0 2 61 5 176 
158 0 0 0 0 137 0 0 0 0 224 88 105 104 104 127 0 0 0 0 133 0 0 0 0 
0 0 0 0 833 0 0 0 0 787 0 0 0 0 840 0 0 0 0 837 0 0 0 0 778 
113 93 0 155 55 122 147 3 181 81 167 187 54 245 108 101 113 6 160 73 135 147 7 205 77 
208 0 0 0 0 360 109 101 101 92 230 0 0 0 0 234 0 1 0 0 214 0 0 0 0 
0 0 0 0 0 79 65 79 81 82 0 0 0 0 0 163 140 177 176 161 0 0 0 0 0 
0 26 0 159 0 36 60 48 198 35 0 20 0 142 0 0 18 0 151 0 0 20 0 170 0 
76 59 101 108 132 36 0 59 51 49 22 0 69 72 58 84 42 106 119 116 9 0 55 59 39 
45 49 57 136 115 30 22 33 83 84 0 0 0 80 58 0 0 0 49 53 7 10 9 78 58 
0 12 75 0 0 87 126 208 98 108 0 13 88 0 0 70 97 212 62 74 0 11 78 0 0 
210 15 196 0 0 218 10 185 0 0 211 10 194 0 0 183 7 199 0 0 224 22 189 6 10 
316 128 360 143 219 373 188 471 235 250 349 191 437 235 285 213 30 243 81 133 261 80 301 84 121 
65 152 69 82 66 0 86 0 27 0 17 128 28 34 27 0 104 0 16 0 0 75 0 22 0 
0 0 41 0 70 42 57 96 51 146 70 89 104 57 141 0 0 37 0 70 0 0 51 0 80 
0 0 16 0 194 0 0 17 0 186 0 0 28 0 169 0 0 27 0 183 0 0 24 0 190 
0 0 0 59 0 0 0 0 69 0 70 71 52 165 54 0 0 0 67 0 111 99 102 195 101 
100 0 0 100 0 118 0 0 123 0 107 0 0 97 0 109 0 0 116 0 105 0 0 118 0 
6 35 77 77 0 119 193 200 216 146 157 208 243 223 141 25 63 120 126 40 86 125 128 148 59 
122 157 145 119 260 0 0 0 0 102 0 0 0 0 88 33 31 34 32 141 0 0 0 0 105 
127 236 142 136 134 0 126 0 0 0 83 194 81 88 84 0 108 0 0 1 101 202 90 75 104 
143 129 81 80 86 76 46 0 0 0 89 49 5 4 8 67 51 0 0 0 76 58 0 0 0 
0 110 0 0 0 31 154 45 47 57 0 122 0 0 0 61 170 78 75 62 0 105 0 0 0 
0 0 0 0 0 0 0 0 0 0 0 0 0 0 0 0 0 0 0 0 461 442 472 458 422 
0 0 36 0 0 73 79 89 75 87 0 0 29 0 0 77 75 84 59 79 19 25 58 22 26 
8 14 16 17 53 0 0 0 0 36 81 80 72 71 100 0 0 0 0 34 68 103 81 77 108 
0 0 0 140 0 0 0 0 122 0 0 0 0 151 0 0 0 0 152 0 86 75 84 209 88 
0 67 0 30 72 0 61 0 27 76 0 53 0 28 86 0 60 0 28 73 17 71 25 49 113 
0 112 0 0 0 0 107 0 0 0 0 103 0 0 0 0 95 0 0 0 97 182 99 105 92 
1 4 0 23 0 82 60 73 87 78 39 19 49 31 53 0 0 0 15 0 106 115 106 158 104 
0 0 117 55 0 43 45 155 106 50 0 0 103 38 0 0 0 91 40 0 0 0 126 37 0 
0 37 0 0 0 9 92 16 0 26 0 82 0 0 35 0 54 0 0 0 0 73 22 2 21 
58 0 0 0 0 126 62 61 76 69 99 20 18 20 15 132 47 46 52 41 58 0 0 0 0 
83 35 32 111 36 39 0 0 91 0 48 0 0 85 0 83 35 29 120 32 55 0 0 83 0 
0 0 62 43 0 0 0 55 43 0 101 99 149 132 97 0 0 62 47 0 0 0 67 42 0 
31 0 0 70 109 92 69 78 117 181 32 0 3 77 119 49 22 24 94 93 33 33 42 83 113 
3 6 52 97 8 0 0 55 82 0 47 31 120 128 49 28 41 74 124 38 0 0 48 83 0 
70 2 58 47 11 46 0 47 45 25 153 92 141 133 108 85 19 48 48 20 55 0 49 43 0 
39 0 54 0 55 38 0 56 0 51 26 0 66 0 70 88 49 103 64 103 30 0 55 0 53 
80 16 171 86 55 61 7 162 74 30 58 0 137 35 7 152 58 226 111 103 92 33 191 60 64 
3 85 147 20 129 133 176 283 133 232 36 107 188 48 171 0 35 154 1 128 109 158 229 130 236 
20 23 26 63 52 42 47 41 85 87 0 0 0 34 30 0 0 0 27 19 86 103 108 138 119 
20 36 0 96 1 35 50 0 118 0 82 82 45 142 62 30 40 0 119 0 47 44 0 92 0 
0 0 52 0 0 160 149 215 149 175 0 0 72 0 0 0 0 86 0 0 0 0 76 0 0 
12 7 0 0 74 16 2 0 0 67 60 70 56 49 140 26 23 17 15 82 87 117 105 92 144 
59 11 10 6 20 85 60 62 64 64 94 73 78 87 83 39 0 5 0 12 34 11 14 7 21 
18 96 71 14 28 0 92 69 5 7 0 73 38 0 17 0 79 51 4 13 48 123 110 43 79 
157 201 105 104 113 81 66 50 18 21 41 49 17 0 0 40 53 12 0 0 35 49 15 0 0 
95 0 0 10 0 83 0 0 23 0 99 0 0 28 0 100 0 0 0 0 122 15 23 55 29 
66 80 13 22 24 53 41 0 0 0 47 68 16 5 15 58 75 32 38 44 81 79 46 33 47 
35 72 37 69 23 0 57 3 42 11 0 46 3 46 11 0 36 1 29 0 35 92 56 90 70 
0 0 55 27 11 0 0 44 34 0 0 0 42 40 4 43 51 122 94 59 53 49 98 93 62 
29 38 26 22 31 0 0 0 0 0 71 59 57 62 55 0 0 0 0 0 120 107 99 114 110 
46 39 41 36 45 0 0 20 0 0 0 0 21 0 0 53 46 90 59 52 124 98 131 140 122 
36 44 107 51 57 7 10 61 15 20 59 53 130 56 54 0 0 52 2 5 2 7 56 26 13 
0 0 190 33 0 0 0 147 25 0 19 20 166 42 18 0 0 169 27 0 0 0 172 25 0 
46 113 0 0 0 95 159 65 60 56 101 186 29 19 18 104 189 68 63 67 39 103 0 0 0 
77 0 73 80 91 145 60 163 165 163 155 83 172 186 202 145 34 87 107 154 95 0 77 119 103 
98 142 80 68 73 14 62 4 0 0 89 165 74 61 66 41 94 30 21 20 24 79 0 0 0 
0 117 107 164 0 0 127 117 163 0 0 107 121 169 2 0 116 114 156 0 0 127 119 166 3 
13 0 0 131 0 9 0 0 95 0 91 65 87 187 84 11 0 0 98 0 20 0 0 105 1 
55 70 42 46 58 0 61 0 0 20 46 78 40 37 62 4 39 0 0 31 0 59 0 0 25 
116 129 25 69 103 162 215 81 82 208 140 147 60 65 105 83 88 5 13 82 201 239 103 119 177 
76 205 162 128 119 6 45 84 18 3 35 88 137 49 36 28 75 74 12 32 0 73 51 0 0 
5 19 17 7 84 16 33 24 12 113 8 16 19 6 64 59 89 71 55 173 36 44 38 37 106 
686 504 545 392 468 481 270 274 216 235 487 313 309 230 306 359 178 159 82 162 568 389 413 344 364 
86 73 1 3 2 163 165 73 70 72 83 89 0 0 0 98 94 23 17 18 70 58 0 0 0 
156 305 126 144 134 254 374 144 263 169 124 251 73 146 66 36 178 1 25 0 85 217 56 66 24 
13 0 0 70 0 8 0 2 37 0 61 45 40 76 28 77 51 70 83 60 26 0 8 35 0 
0 0 0 0 53 0 0 0 0 56 0 0 0 0 65 0 0 0 0 58 134 164 142 154 185 
51 0 31 0 7 106 10 40 21 25 104 51 77 42 47 111 53 103 53 75 104 29 38 17 27 
151 0 0 54 0 156 0 0 55 0 141 0 0 41 0 168 0 0 47 0 149 0 0 41 0 
149 108 142 208 104 33 0 69 116 3 72 41 107 169 57 39 0 86 94 24 34 0 60 75 0 
0 0 51 54 0 74 52 97 97 64 0 0 42 38 0 62 50 104 78 50 46 28 91 78 25 
76 120 99 199 172 0 11 5 104 44 0 18 5 80 57 0 14 16 88 62 46 54 35 121 60 
109 109 81 41 12 159 163 138 103 79 50 77 52 10 3 214 205 197 143 112 91 127 100 25 52 
58 130 51 57 53 0 55 0 0 0 6 80 4 5 4 0 64 0 0 0 75 153 61 76 65 
0 0 0 17 0 0 0 0 21 0 0 0 0 18 0 0 0 0 22 0 183 193 217 223 223 
46 2 0 33 39 118 84 77 104 102 50 0 0 34 39 42 3 0 25 43 50 0 0 29 33 
49 5 48 96 77 12 5 30 84 78 65 26 50 131 106 21 0 37 81 85 113 75 109 178 191 
0 68 55 0 66 0 71 63 0 72 0 79 53 0 55 0 66 64 0 69 0 84 67 0 66 
48 22 58 39 35 73 53 95 57 55 26 17 36 19 14 53 42 104 71 49 6 0 32 0 0 
78 0 0 0 50 63 0 0 0 57 90 0 0 0 63 67 0 0 0 46 180 94 78 88 159 
86 140 21 133 93 62 133 1 138 101 52 94 0 129 75 213 256 131 254 183 120 195 96 199 141 
92 0 0 0 0 117 0 0 0 0 122 0 0 0 0 102 0 0 0 0 206 88 85 89 99 
84 95 121 84 69 8 37 47 13 12 0 13 60 0 0 65 81 96 67 58 21 32 61 22 15 
0 0 0 140 35 0 0 0 158 28 25 28 15 156 51 0 0 0 149 34 0 0 0 138 38 
0 0 181 0 34 0 0 203 0 27 0 0 185 0 24 0 0 170 0 23 0 0 167 0 27 
0 0 0 141 13 140 118 111 292 151 1 0 0 157 15 88 99 71 212 85 1 0 0 130 8 
43 116 134 181 55 23 93 98 155 11 81 128 148 195 65 45 144 144 188 65 47 129 127 187 41 
0 0 0 1250 0 0 0 0 1230 0 0 0 0 1239 0 0 0 1 1322 1 0 0 0 1246 0 
21 27 9 46 0 0 0 0 0 1 0 0 0 1 0 0 0 0 0 0 72 72 40 94 71 
0 0 1468 0 0 0 0 1483 0 0 0 0 1363 0 0 0 0 1501 0 0 0 0 1452 0 0 
