853 807 706 720 877 1168 1141 1080 1063 1167 721 718 648 693 825 1014 958 851 960 1064 650 549 460 500 627 
153 125 165 157 148 0 0 0 0 0 108 75 110 88 101 0 0 0 0 0 0 0 0 0 0 
164 46 42 235 265 84 0 0 156 165 211 105 56 337 359 81 0 0 121 151 84 0 0 147 140 
0 0 76 77 0 103 55 135 119 82 0 3 54 54 0 77 63 133 117 63 61 39 120 104 39 
167 36 93 143 39 132 16 78 103 0 145 31 74 116 23 128 0 61 114 0 287 170 253 280 169 
107 3 0 1 110 107 7 6 0 135 210 107 101 89 213 182 84 102 69 168 244 114 134 110 264 
0 0 0 0 0 0 0 0 0 0 1035 1049 996 1010 1076 0 0 0 0 0 0 0 0 0 0 
0 0 0 280 0 1 0 2 272 0 118 129 116 421 129 124 121 101 439 145 0 0 0 264 0 
19 9 15 175 6 0 0 0 193 0 41 45 35 180 32 0 0 0 164 0 4 6 3 182 5 
0 0 0 0 0 0 0 0 0 0 0 0 0 0 0 72 75 89 72 96 220 166 185 227 181 
61 80 55 46 135 0 9 0 0 80 0 3 0 0 86 0 3 0 0 87 65 66 65 55 131 
144 155 165 164 156 0 0 0 0 0 0 0 0 0 0 0 0 0 0 0 79 85 66 72 82 
0 0 0 0 0 0 0 0 0 0 0 0 0 0 0 431 438 423 406 418 193 177 183 190 204 
0 203 0 0 87 0 175 0 0 98 131 332 151 135 218 0 185 0 0 97 0 214 0 0 75 
799 0 0 0 0 796 0 0 0 0 794 0 0 0 0 822 0 0 0 0 829 0 0 0 0 
15 4 205 144 164 32 5 188 145 172 112 112 282 243 209 169 190 424 322 326 125 90 302 240 306 
75 129 76 141 72 56 74 59 108 65 0 40 0 43 0 41 90 51 84 40 0 46 0 33 0 
39 16 20 5 28 144 111 128 121 133 33 0 0 0 20 22 0 0 0 20 146 143 104 121 158 
0 0 142 0 0 0 0 132 0 0 0 0 148 0 0 146 117 253 121 130 0 0 152 0 0 
0 67 45 49 0 0 80 45 45 0 41 101 93 105 36 0 72 47 50 0 0 70 56 44 0 
2 1 0 3 149 126 102 103 142 213 125 114 109 101 218 1 6 0 0 124 86 87 102 87 183 
0 0 0 0 0 0 0 1 0 0 0 0 0 0 0 1032 1095 1101 1065 1000 0 0 0 0 0 
0 18 53 137 0 0 17 59 131 0 0 20 48 155 0 0 20 56 150 0 1 16 54 168 0 
90 75 0 0 0 109 106 25 20 15 202 134 61 48 51 122 91 0 0 0 134 124 27 37 40 
61 109 67 147 140 7 39 13 65 59 12 43 21 73 84 0 41 0 51 59 0 37 0 56 67 
94 121 128 82 0 84 128 171 76 0 277 300 339 291 177 108 140 122 81 3 233 210 264 232 119 
82 11 18 100 18 74 0 0 109 0 211 147 127 219 121 70 0 0 100 3 107 43 46 175 40 
138 106 49 56 40 167 115 55 65 32 80 57 17 0 0 95 92 19 15 15 96 63 11 0 0 
0 0 135 56 0 0 0 148 52 0 0 0 179 51 0 0 0 159 43 0 0 0 136 41 0 
145 196 188 123 125 0 64 71 0 0 0 62 71 0 0 45 72 109 41 40 0 48 110 0 0 
63 51 67 66 58 96 114 101 111 98 22 39 42 35 37 0 0 0 0 0 0 0 0 0 0 
0 0 0 170 0 0 0 0 190 0 240 252 233 437 250 0 0 0 177 0 0 0 0 161 0 
0 0 0 0 0 173 140 191 141 153 0 0 0 0 0 0 0 0 0 0 79 59 73 71 89 
107 5 0 56 49 132 41 43 116 99 212 58 85 149 140 80 0 0 56 39 183 72 80 132 113 
0 90 1 0 0 0 86 0 0 0 0 65 0 0 0 128 167 87 131 90 58 143 49 62 58 
0 0 105 0 0 102 104 204 117 122 0 0 103 0 0 7 11 108 4 8 17 16 92 9 19 
283 258 209 268 127 121 102 87 113 0 95 104 67 70 0 284 280 190 280 143 155 145 93 146 2 
0 0 0 0 0 31 34 29 19 20 0 0 0 0 0 59 66 68 66 90 100 94 95 96 127 
0 228 0 206 0 0 181 0 197 0 8 208 7 202 8 0 187 0 195 0 0 202 0 206 0 
0 46 0 129 0 0 52 0 149 0 0 48 0 144 0 65 161 82 230 86 0 63 0 142 0 
0 0 0 0 86 81 86 88 64 157 100 98 80 87 142 0 0 0 0 80 0 0 0 0 90 
91 308 368 52 222 26 235 285 8 146 65 268 348 61 207 97 318 318 100 237 190 374 408 153 286 
0 48 35 0 90 22 64 49 13 100 32 89 102 41 89 0 66 27 0 76 0 58 29 0 76 
115 105 107 126 129 13 0 0 34 0 15 0 0 39 0 16 0 0 43 0 88 68 63 105 80 
69 0 63 0 0 63 0 75 0 0 112 53 107 48 50 99 15 78 12 10 65 0 73 0 0 
0 18 81 0 96 0 12 69 0 107 0 16 74 0 106 0 14 91 0 133 0 13 69 0 101 
14 56 144 84 17 51 68 157 101 53 0 34 117 38 0 41 75 158 106 43 0 22 104 62 0 
0 59 0 0 0 0 66 0 0 0 105 208 97 125 112 0 86 0 0 0 14 75 17 22 24 
0 0 0 71 0 65 66 54 124 88 0 0 0 76 0 0 0 0 83 0 74 65 59 158 66 
55 0 100 56 0 61 0 118 60 0 64 0 103 54 0 54 0 112 64 0 47 0 108 52 0 
77 46 0 29 0 103 72 16 47 24 92 86 0 25 0 110 53 0 41 0 87 61 0 33 0 
0 0 0 0 29 201 187 193 206 223 0 0 0 0 36 0 0 0 0 34 0 0 0 0 43 
89 47 57 109 77 58 37 49 96 68 24 0 0 52 10 28 0 0 48 11 37 12 8 56 27 
31 72 10 7 10 21 59 0 0 0 21 90 0 0 0 156 196 148 135 128 29 85 0 0 0 
0 0 0 23 0 195 178 209 209 172 0 0 0 24 0 0 0 0 24 0 0 0 0 21 0 
85 104 177 181 115 0 0 64 80 0 0 0 105 74 0 0 0 79 65 0 0 0 70 78 0 
63 57 59 48 68 41 0 0 0 11 76 62 48 48 72 29 0 0 0 22 92 49 45 49 60 
0 0 25 0 69 7 6 36 11 89 0 0 34 0 70 10 7 43 8 95 81 75 114 64 153 
585 586 605 637 586 0 0 0 0 0 0 0 0 0 0 0 0 0 0 0 0 0 0 0 0 
75 142 175 87 90 41 110 128 33 36 0 44 80 0 0 0 51 93 0 0 0 52 82 0 0 
0 0 110 0 0 0 0 91 0 0 77 115 207 112 101 0 0 85 0 0 0 0 104 0 0 
109 125 49 68 144 40 44 0 0 90 46 58 0 0 71 45 45 0 0 78 67 45 0 0 82 
0 49 0 23 36 59 115 57 80 94 0 59 0 27 38 0 55 0 39 40 26 65 22 53 63 
9 7 102 5 12 0 0 88 0 0 0 0 85 0 0 36 40 125 27 30 78 80 154 60 89 
0 0 0 54 82 100 100 70 138 190 0 0 0 53 94 0 0 0 47 93 0 0 0 56 86 
112 193 87 86 96 23 126 0 0 0 36 130 9 9 8 26 88 0 0 0 30 95 3 3 0 
60 15 96 27 92 15 0 35 5 66 14 0 41 0 80 14 0 48 0 65 10 0 35 7 71 
38 0 15 1 3 33 0 11 0 0 54 39 64 35 57 90 55 58 27 43 147 103 114 126 114 
53 34 118 47 46 20 0 79 0 0 19 0 77 0 0 16 0 70 0 0 57 30 114 25 25 
46 38 50 13 19 24 4 0 0 0 0 28 11 9 10 29 0 0 0 0 26 5 0 0 0 
0 60 64 0 0 0 66 49 0 0 21 104 69 21 21 32 108 59 39 42 0 62 57 0 0 
22 0 0 0 0 0 12 0 0 0 0 1 0 3 0 9 0 0 0 9 0 0 0 0 0 
30 0 91 0 45 64 43 124 39 79 24 0 84 0 29 37 10 99 3 36 31 0 99 0 28 
0 2139 0 0 0 0 2201 0 0 0 0 2067 0 0 0 0 2128 0 0 0 0 2075 0 0 0 
21 123 131 6 14 87 216 216 93 69 3 128 118 3 0 39 188 165 67 37 1 125 124 0 0 
57 92 81 0 0 49 121 118 0 0 90 112 109 0 0 66 125 110 0 0 53 120 123 0 0 
0 92 0 105 0 79 167 75 217 94 69 168 30 186 56 0 97 0 144 0 0 109 0 106 0 
0 0 0 0 0 1269 1230 1223 1174 1243 0 0 0 0 0 0 0 0 0 0 0 0 0 0 0 
0 0 101 148 0 0 0 86 115 0 0 0 90 139 0 0 0 97 145 0 0 0 81 148 0 
143 48 51 104 45 142 53 53 108 65 81 0 0 37 0 89 0 1 34 0 88 0 1 48 0 
0 116 0 0 78 0 139 0 0 70 0 152 0 0 88 0 133 0 0 64 0 138 0 0 97 
202 278 175 250 123 100 196 62 133 7 315 411 250 379 179 147 267 115 206 44 217 365 276 306 151 
92 84 289 294 110 0 0 195 198 6 120 114 296 323 119 0 0 169 188 12 20 9 196 185 17 
157 112 120 164 264 2 22 1 18 172 8 9 9 7 159 225 227 174 191 373 214 250 237 228 385 
1 70 0 0 0 0 54 0 0 0 0 70 0 0 0 7 66 8 5 3 187 226 188 173 183 
58 25 41 16 52 47 19 34 0 45 45 15 38 0 34 73 13 31 0 47 124 106 105 88 148 
222 76 0 107 0 222 79 0 113 0 223 61 0 116 0 202 80 0 122 1 215 66 0 122 0 
55 0 0 0 0 63 0 0 0 0 65 0 0 0 0 203 132 145 146 144 52 0 0 0 0 
165 311 297 193 99 176 270 337 214 87 170 303 333 189 133 85 214 266 132 25 86 238 250 138 22 
76 5 10 54 30 113 79 55 116 81 102 78 64 82 82 81 26 24 78 39 64 0 0 39 14 
122 124 137 105 198 0 0 7 0 50 70 81 88 70 125 0 0 23 0 55 0 0 14 0 62 
40 85 0 79 0 134 175 95 184 83 105 117 61 180 69 51 77 0 91 0 37 69 0 89 0 
96 105 102 116 172 98 91 80 72 143 0 36 0 0 61 0 27 0 0 30 61 97 63 57 119 
0 88 0 0 0 39 174 41 38 37 39 166 41 37 33 39 151 33 35 50 49 142 47 40 64 
21 10 38 6 0 81 70 110 91 63 29 15 46 15 0 30 3 40 0 0 22 17 32 9 0 
1 16 0 63 195 94 112 106 171 299 1 18 0 62 205 0 7 0 64 228 113 129 106 154 266 
12 22 98 6 225 1 2 66 12 176 118 98 175 106 280 149 153 226 170 349 2 0 68 0 192 
160 0 0 0 0 155 0 0 0 0 248 89 113 119 120 139 0 0 0 0 143 0 0 0 0 
0 0 0 0 842 0 0 0 0 805 0 0 0 0 866 0 0 0 0 834 0 0 0 0 784 
128 95 0 164 52 132 111 6 180 73 179 167 35 243 98 123 91 2 157 83 119 109 0 182 47 
132 0 0 0 0 260 97 89 85 76 163 0 0 0 0 154 0 0 0 0 157 0 0 0 0 
0 0 0 0 0 71 55 70 63 70 0 0 0 0 0 140 115 137 142 134 0 0 0 0 0 
0 22 0 143 0 33 55 46 186 32 0 19 0 132 0 0 16 0 136 0 0 20 0 160 0 
88 55 98 112 135 52 0 57 56 55 31 0 64 73 60 98 49 110 121 111 19 1 49 73 47 
43 48 55 128 106 28 21 31 81 74 0 0 0 77 55 0 0 0 48 48 7 10 9 74 52 
0 8 62 0 0 78 93 172 84 86 0 9 72 1 0 56 76 175 52 63 0 5 65 0 0 
128 0 127 0 0 125 0 87 0 0 109 0 117 4 1 89 0 108 0 0 123 14 99 10 15 
318 112 337 143 195 324 138 347 132 216 371 167 390 189 276 232 33 218 78 145 231 74 241 24 142 
66 152 69 83 65 0 86 0 27 0 17 127 28 34 26 0 104 0 17 0 0 75 0 22 0 
0 0 30 0 58 35 46 76 44 113 55 74 88 53 121 0 0 31 0 61 0 0 48 0 58 
0 0 20 0 223 0 0 17 0 197 0 0 31 0 180 0 0 29 0 204 0 0 26 0 195 
0 0 0 50 0 0 0 0 59 0 53 59 45 140 45 0 0 0 59 0 85 78 81 158 85 
99 0 0 115 0 131 0 0 129 0 113 0 0 106 0 108 0 0 140 0 116 0 0 133 0 
0 23 77 92 0 110 180 173 207 136 159 211 231 246 151 0 57 108 111 30 63 94 129 145 57 
118 171 139 115 257 0 0 0 0 97 0 0 0 0 98 25 25 32 27 135 0 0 0 0 90 
142 261 161 149 160 0 145 0 0 0 91 222 90 96 89 1 110 1 0 5 88 238 90 68 92 
154 144 80 83 90 92 49 0 0 0 94 54 4 3 8 70 50 0 0 0 81 61 0 0 0 
0 94 0 0 0 29 135 41 45 52 0 105 0 0 0 54 161 67 67 54 0 96 0 0 0 
0 0 0 0 0 0 0 0 0 0 0 0 0 0 0 0 0 0 0 0 465 427 463 461 414 
0 0 45 0 0 78 90 107 90 100 0 0 32 0 0 94 85 101 68 87 20 27 63 24 31 
8 16 17 17 62 0 0 0 0 36 87 94 76 77 107 0 0 0 0 37 72 104 84 79 118 
0 0 0 153 0 0 0 0 140 0 0 0 0 166 0 0 0 0 163 0 100 86 104 244 94 
0 68 0 34 70 1 64 0 39 75 0 55 0 36 89 0 59 0 31 72 14 75 23 55 111 
0 112 0 0 0 0 108 0 0 0 0 106 0 0 0 0 96 0 0 0 97 185 99 105 92 
0 0 0 39 0 83 49 83 73 79 50 0 54 45 52 0 0 0 15 0 105 88 101 146 107 
0 0 116 53 0 43 45 155 105 50 0 0 99 39 0 0 0 87 38 0 0 0 125 34 0 
59 0 0 0 0 125 62 61 76 69 99 20 18 20 15 130 47 46 52 40 57 0 0 0 0 
83 35 33 111 37 39 0 0 91 0 48 0 0 85 0 83 35 30 119 32 55 0 0 83 0 
0 0 62 43 0 0 0 55 43 0 101 99 149 132 97 0 0 62 47 0 0 0 67 42 0 
55 0 0 105 114 146 91 113 180 242 49 3 11 97 165 66 27 30 104 130 47 48 67 122 157 
2 7 54 105 10 0 0 55 90 0 55 35 125 143 54 29 52 80 136 40 0 0 51 85 0 
72 4 74 70 21 50 3 50 46 28 161 97 154 151 102 96 18 68 72 23 77 0 67 64 0 
39 0 54 0 55 38 0 56 0 51 26 0 66 0 70 88 49 103 64 103 30 0 55 0 53 
89 24 168 111 53 76 15 141 90 31 63 0 118 45 15 177 52 182 121 104 91 33 178 65 72 
11 76 151 27 110 150 176 297 143 246 42 97 205 56 142 0 31 146 1 121 93 135 247 109 227 
23 24 23 72 68 49 41 37 96 82 0 0 0 39 33 0 0 0 38 19 89 102 109 156 116 
18 31 0 82 0 28 46 0 103 0 77 72 39 128 53 24 35 0 102 0 40 33 0 80 0 
0 0 62 0 0 172 151 221 161 190 0 0 71 0 0 0 0 73 0 0 0 0 67 0 0 
14 7 0 0 70 13 2 0 0 62 65 65 49 43 135 23 21 18 14 79 92 120 95 96 144 
76 20 16 7 23 114 82 90 85 94 121 107 104 118 114 46 0 8 0 16 41 12 15 5 25 
20 99 69 17 38 0 92 68 4 6 0 75 47 0 21 0 83 50 5 16 56 130 109 42 95 
166 209 112 116 118 77 66 46 22 21 40 49 15 0 0 38 55 25 0 0 37 50 15 0 0 
95 0 0 13 0 83 0 0 22 0 98 0 0 25 0 100 0 0 0 0 121 15 23 23 29 
67 72 9 17 22 47 42 0 0 0 44 62 7 0 13 63 68 31 34 47 78 73 43 25 45 
39 76 42 71 29 0 62 11 42 16 2 51 11 46 19 0 43 12 30 13 39 104 63 97 77 
0 0 56 27 11 0 0 45 35 3 0 0 44 40 6 42 53 122 94 61 54 50 100 93 63 
29 38 26 22 31 0 0 0 0 0 70 59 57 62 55 0 0 0 0 0 120 107 99 114 110 
46 33 36 31 40 0 0 15 0 0 0 0 21 0 0 49 43 89 58 48 121 95 130 136 120 
31 43 104 48 47 6 8 52 5 14 47 47 120 42 37 0 0 44 0 0 0 1 52 16 0 
0 0 180 32 0 0 0 141 23 0 19 20 156 37 18 0 0 166 23 0 0 0 162 23 0 
45 120 0 0 0 95 159 68 56 59 100 193 35 26 20 109 185 67 65 65 40 111 0 0 0 
57 0 53 65 83 128 68 163 153 159 130 55 135 151 192 118 50 87 98 149 76 4 72 112 108 
126 156 92 86 89 12 50 5 0 0 103 162 87 65 78 57 94 36 23 24 35 76 0 0 0 
0 122 106 175 0 0 127 117 172 0 0 119 119 176 0 0 126 114 168 0 0 129 119 173 0 
16 0 0 166 0 9 0 0 120 0 101 79 116 219 108 12 0 0 115 0 21 1 1 124 1 
42 67 42 28 57 0 58 0 0 20 43 80 41 36 56 0 36 0 0 35 0 59 0 1 25 
118 161 24 83 87 164 226 71 84 172 147 202 79 115 125 96 110 1 36 68 242 280 123 175 201 
58 157 109 79 83 5 39 51 10 2 29 70 92 28 29 19 70 52 13 21 0 56 39 0 0 
11 29 14 9 77 17 41 24 5 110 3 14 13 3 58 75 97 76 55 170 31 41 38 31 108 
618 489 513 400 439 432 205 237 157 195 417 265 300 206 265 346 108 152 104 117 499 339 409 338 363 
86 61 1 5 2 162 143 68 74 70 70 80 0 0 0 92 85 22 20 16 63 62 0 0 0 
160 280 93 156 123 255 366 156 258 176 121 265 69 161 73 43 181 0 57 0 100 206 62 93 33 
0 0 0 0 56 0 0 0 0 66 0 0 0 0 79 0 0 0 0 59 155 174 160 172 198 
66 4 35 0 19 114 13 54 21 32 123 51 93 48 57 135 64 128 69 84 111 24 44 18 39 
150 0 0 54 0 156 0 0 55 0 141 0 0 40 0 167 0 0 45 0 149 0 0 41 0 
162 132 152 225 117 42 0 95 119 0 82 36 123 169 51 53 8 104 100 23 50 0 90 81 0 
80 126 108 205 175 0 14 6 100 51 0 17 10 81 66 0 18 11 90 57 40 55 36 114 66 
134 118 105 52 19 209 210 188 146 144 109 107 102 50 23 273 240 244 170 163 164 184 154 55 84 
57 128 51 57 53 0 53 0 0 0 3 79 4 4 4 0 63 0 0 0 76 154 62 75 65 
0 0 0 22 0 0 0 0 23 0 0 0 0 21 0 0 0 0 19 0 182 197 217 227 225 
43 3 0 25 39 115 88 77 97 101 46 0 0 20 35 37 3 0 18 42 47 0 0 26 31 
54 6 50 97 94 21 7 41 111 85 71 27 52 144 111 17 0 39 96 92 119 85 121 192 209 
0 82 63 0 79 0 78 73 0 81 0 91 60 0 59 0 76 73 0 73 0 103 69 0 74 
62 28 76 54 42 91 62 110 67 65 26 21 50 22 19 66 51 132 83 59 9 0 38 2 0 
85 0 0 0 57 72 0 0 0 50 88 0 0 0 60 72 0 0 0 52 187 99 80 106 160 
79 98 4 116 84 59 133 14 135 120 53 84 1 115 71 209 235 128 255 178 107 170 78 163 129 
70 87 96 76 60 10 36 39 13 9 0 14 41 0 0 58 69 78 51 45 21 29 51 19 11 
0 0 0 140 35 0 0 0 158 28 27 29 16 157 51 0 0 0 149 34 0 0 0 138 38 
0 0 0 134 12 147 129 123 320 168 0 0 0 160 12 118 122 114 250 115 0 0 0 131 7 
41 190 173 187 75 28 140 144 206 25 92 181 191 212 87 53 237 216 274 118 114 207 228 265 111 
0 0 0 1297 0 0 0 0 1266 1 0 0 0 1284 0 0 0 2 1356 0 0 0 0 1311 0 
195 0 0 0 0 197 13 18 17 20 178 0 0 0 0 196 0 0 0 0 166 0 0 0 0 
102 0 0 0 0 134 0 0 0 0 139 0 0 0 0 113 0 0 0 0 235 104 99 102 106 
286 43 124 87 40 219 0 55 10 1 412 96 208 127 106 440 217 350 235 241 267 30 94 55 57 
69 28 31 74 83 38 0 0 29 59 57 0 0 28 36 50 0 0 36 41 95 45 46 79 84 
0 0 0 35 0 76 68 48 102 57 0 0 0 24 0 44 48 63 92 53 44 50 44 96 40 
9 13 0 0 0 0 65 12 1 12 0 52 0 0 0 0 26 0 0 0 0 35 12 0 22 
0 0 216 0 37 0 0 243 0 30 0 0 221 0 26 0 0 210 0 19 0 0 197 0 25 
89 16 81 0 0 100 10 90 0 0 109 9 86 0 0 107 7 85 0 0 100 13 94 0 0 
72 107 155 141 102 0 0 45 0 0 0 0 67 0 0 0 0 68 0 3 196 241 254 263 250 
0 0 1462 0 0 0 0 1481 0 0 0 0 1356 0 0 0 0 1481 0 0 0 0 1455 0 0 
