885 820 642 739 759 1019 1176 946 1004 958 682 654 566 696 677 967 950 861 990 971 600 544 430 434 572 
166 130 158 143 145 0 0 0 0 0 117 74 113 92 110 0 0 0 0 0 0 0 0 0 0 
114 38 26 162 204 68 0 0 155 134 187 66 53 254 278 71 0 0 94 140 82 0 0 121 114 
4 0 73 91 1 131 70 158 137 96 12 5 82 69 5 95 76 157 148 70 71 38 136 107 48 
185 53 127 187 49 136 17 91 124 4 134 24 84 115 23 143 7 62 133 0 315 187 277 338 188 
115 5 28 0 94 95 2 13 0 128 204 93 123 89 177 152 72 98 56 153 233 122 140 103 256 
0 0 0 0 0 0 0 0 0 0 1018 1031 976 1015 1048 0 0 0 0 0 0 0 0 0 0 
0 0 0 250 0 0 0 3 232 0 111 101 96 355 114 101 101 84 372 110 0 0 0 230 0 
17 8 14 182 6 0 0 0 186 0 37 45 33 190 30 0 0 0 166 0 1 7 3 186 2 
0 0 0 0 0 0 0 0 0 0 0 0 0 0 0 64 72 62 62 86 199 162 163 200 167 
72 91 66 58 170 0 10 0 0 85 0 3 0 0 109 0 6 0 0 104 75 71 92 77 160 
128 136 136 148 144 0 0 0 0 0 0 0 0 0 0 0 0 0 0 0 76 77 63 61 76 
0 0 0 0 0 0 0 0 0 0 0 0 0 0 0 427 434 422 415 425 192 178 182 186 210 
0 212 0 0 89 0 178 0 0 105 135 343 161 144 225 0 197 0 0 98 0 236 0 0 76 
818 0 0 0 0 812 0 0 0 0 800 0 0 0 0 848 0 0 0 0 842 0 0 0 0 
26 11 196 170 170 60 18 200 172 176 125 109 249 251 234 205 187 377 351 336 126 97 266 244 313 
70 113 75 147 59 57 68 60 98 54 0 38 1 53 0 35 81 46 89 41 0 40 0 36 0 
32 9 14 4 19 131 97 111 101 115 31 0 0 0 16 28 0 0 0 20 128 116 117 117 149 
0 0 135 0 0 0 0 127 0 0 0 0 141 0 0 135 119 246 119 120 0 0 138 0 0 
0 64 42 46 0 0 78 43 45 0 35 96 90 97 33 0 70 45 46 0 0 69 54 42 0 
0 0 0 0 155 155 103 121 140 257 144 124 103 115 232 2 5 0 0 122 84 86 93 97 228 
0 0 0 0 0 0 0 0 0 0 0 0 0 0 0 1034 1105 1108 1081 1040 0 0 0 0 0 
0 19 53 139 0 0 22 56 122 0 0 19 51 150 0 0 18 54 145 0 0 15 56 159 0 
71 53 0 0 0 91 75 16 16 17 150 92 40 36 31 101 66 0 0 0 101 92 23 24 29 
90 154 110 201 196 11 50 20 68 96 26 60 21 86 116 0 46 0 67 85 0 39 0 80 87 
124 140 161 81 0 115 164 224 98 1 345 338 407 318 231 126 133 172 85 8 309 265 355 273 145 
82 10 18 96 26 75 0 0 105 0 208 135 133 210 124 71 0 0 84 8 109 40 42 154 41 
113 103 47 51 30 138 104 48 56 32 56 52 14 0 0 85 83 18 10 14 82 51 11 0 0 
0 0 138 59 0 0 0 148 52 0 0 0 180 51 0 0 0 163 43 0 0 0 134 42 0 
124 156 166 118 113 0 56 70 0 0 0 50 59 0 0 34 68 95 32 31 0 35 98 0 0 
65 50 66 65 57 99 116 101 113 100 19 39 42 35 38 0 0 0 0 0 0 0 0 0 0 
0 0 0 167 0 0 0 0 175 0 232 234 221 413 244 0 0 0 172 0 0 0 0 158 0 
0 0 0 0 0 166 154 192 144 156 0 0 0 0 0 0 0 0 0 0 86 57 73 69 91 
114 6 0 70 50 141 51 52 123 110 230 76 96 155 169 93 0 0 69 50 208 84 91 163 125 
0 87 0 0 0 0 82 0 0 0 0 64 0 0 0 128 156 85 133 94 64 146 44 57 53 
0 0 102 0 0 86 89 185 114 108 0 0 94 0 0 8 9 100 4 8 14 14 90 9 15 
260 228 189 256 129 125 98 73 107 0 91 101 64 98 0 279 255 168 297 124 145 107 92 141 14 
0 0 0 0 0 43 40 40 20 25 0 0 0 0 0 82 72 87 83 100 130 121 117 115 165 
0 231 0 219 0 0 199 0 215 0 10 212 8 212 7 0 198 0 203 0 1 205 0 226 0 
0 46 0 129 0 0 51 0 147 1 0 49 0 142 0 66 151 74 218 79 0 59 0 137 0 
0 0 0 0 78 82 73 83 64 145 88 81 74 81 137 0 0 0 0 76 0 0 0 0 81 
104 308 343 67 247 18 205 254 9 186 94 280 346 48 251 99 343 330 89 289 216 372 417 185 287 
0 48 34 0 84 19 64 53 16 94 30 86 97 44 90 0 64 30 0 68 0 69 26 0 72 
115 99 109 125 124 14 0 0 38 0 12 0 0 41 0 22 0 0 42 0 86 66 63 111 82 
69 0 65 0 0 63 0 75 0 0 113 53 107 47 49 99 16 78 13 12 64 0 73 0 0 
0 18 86 0 100 0 13 70 0 110 0 17 75 0 106 0 16 94 0 139 0 15 73 0 101 
29 83 167 104 36 62 93 179 126 60 0 36 123 43 0 48 85 179 128 58 0 35 117 72 0 
0 70 0 0 0 0 79 0 0 0 123 242 120 143 122 0 88 0 0 0 14 84 20 28 25 
0 0 0 71 0 61 64 50 123 81 0 0 0 70 0 0 0 0 80 0 71 63 57 147 61 
49 0 92 47 0 57 0 109 51 0 59 0 93 49 0 45 0 101 54 0 44 0 97 44 0 
108 63 0 39 0 130 90 23 57 30 108 108 0 35 0 138 61 0 43 0 119 74 0 42 0 
1 0 0 0 26 204 193 203 206 232 0 0 0 0 34 0 0 0 0 36 0 0 0 0 35 
113 56 77 139 88 82 47 65 131 88 28 0 0 62 11 48 0 0 63 15 42 17 11 82 42 
30 78 9 6 14 17 56 0 0 0 21 86 0 0 0 167 201 143 148 135 28 95 0 0 0 
0 0 0 22 0 195 184 210 208 174 0 0 0 26 0 0 0 0 23 0 0 0 0 20 0 
71 79 133 137 89 0 0 51 63 0 0 0 74 60 0 0 0 67 53 0 0 0 58 62 0 
67 64 62 49 73 42 0 0 0 11 79 63 51 48 77 32 0 0 0 22 97 50 46 53 63 
0 0 24 0 69 9 6 36 12 89 0 0 34 0 70 10 7 43 8 94 81 75 114 64 153 
600 597 617 649 601 0 0 0 0 0 0 0 0 0 0 0 0 0 0 0 0 0 0 0 0 
60 115 149 71 78 30 85 104 28 31 0 32 80 0 0 0 43 83 0 0 0 40 72 0 0 
0 0 124 0 0 0 0 108 0 0 89 138 241 147 119 0 0 104 0 0 0 0 123 0 0 
104 133 45 63 146 39 43 0 0 90 43 59 0 0 75 46 42 0 0 83 58 42 0 0 90 
0 54 0 25 42 68 126 61 89 106 0 67 0 32 42 0 61 0 45 45 28 77 22 54 70 
9 7 99 5 12 0 0 87 0 0 0 0 83 0 0 36 39 120 27 29 75 78 150 59 85 
0 0 0 57 81 106 91 74 148 184 0 0 0 52 88 0 0 0 47 96 0 0 0 55 81 
119 205 107 95 106 28 128 0 0 0 37 144 9 11 14 26 84 0 0 0 25 97 0 1 0 
74 32 95 39 102 17 0 41 5 66 16 0 43 0 74 15 0 53 8 61 10 0 38 8 71 
38 9 25 0 4 42 0 10 0 0 40 49 56 29 54 82 49 64 27 40 146 96 118 120 115 
53 22 96 33 35 22 0 73 0 0 21 0 68 0 0 25 0 65 0 0 32 0 73 0 0 
0 0 26 10 2 5 8 0 2 0 0 19 1 0 0 0 0 0 0 0 2 0 0 0 0 
0 62 67 0 0 0 70 54 9 0 21 104 81 21 21 32 109 63 40 42 0 62 53 0 0 
28 0 89 0 43 63 43 123 39 79 23 0 80 0 24 34 7 94 0 34 30 0 95 0 24 
0 2117 0 0 0 0 2203 0 0 0 0 2064 0 0 0 0 2139 0 0 0 0 2073 0 0 0 
23 98 89 13 13 73 159 185 71 59 8 104 86 5 0 32 149 105 64 45 6 95 82 2 0 
77 111 132 0 0 58 133 132 0 0 92 147 136 0 0 78 144 133 0 0 76 138 128 0 0 
0 90 0 106 0 79 162 78 189 88 60 144 44 147 47 0 80 0 105 0 0 90 0 104 0 
0 0 0 0 0 1269 1236 1229 1192 1251 0 0 0 0 0 0 0 0 0 0 0 0 0 0 0 
0 0 91 143 0 0 0 78 111 0 0 0 93 141 0 0 0 91 145 0 0 0 78 138 0 
141 43 56 93 39 145 47 50 101 60 81 0 0 38 0 76 0 0 36 0 88 0 0 45 0 
0 113 0 0 73 0 135 0 0 67 0 140 0 0 81 0 124 0 0 64 0 133 0 0 90 
159 269 175 253 109 69 119 16 117 1 247 416 261 367 160 95 235 65 187 25 175 306 229 287 134 
88 71 268 266 80 0 0 183 203 0 105 94 256 267 96 0 0 158 192 1 4 4 182 190 10 
138 107 106 140 236 5 19 1 14 159 16 19 5 8 143 198 210 150 171 330 209 246 225 211 354 
0 75 0 0 0 0 61 0 0 0 0 77 0 0 0 9 71 5 8 4 172 219 176 154 165 
57 27 47 13 48 48 15 34 0 44 47 16 40 0 37 79 16 40 0 47 130 119 110 93 139 
207 68 0 103 0 208 66 0 104 0 209 50 0 107 0 199 64 0 109 0 208 61 0 110 0 
55 0 0 0 0 62 0 0 0 0 64 0 0 0 0 202 133 145 146 141 52 0 0 0 0 
0 0 1460 0 0 0 0 1491 0 0 0 0 1371 0 0 0 0 1486 0 0 0 0 1448 0 0 
83 7 10 45 23 146 74 69 131 85 119 82 78 104 101 75 31 25 79 46 70 0 0 32 19 
138 151 124 107 212 0 0 11 0 50 73 82 85 77 133 0 0 20 0 56 0 0 14 0 62 
45 85 0 112 0 132 181 95 208 84 113 131 85 207 91 53 78 0 105 0 37 67 0 108 0 
80 94 115 102 138 88 69 79 66 107 0 22 0 0 48 0 18 0 0 26 56 73 67 47 99 
0 66 0 0 0 32 126 41 35 30 39 136 31 35 29 25 120 23 27 29 41 118 43 33 56 
33 11 41 34 0 103 71 112 112 63 43 20 46 37 0 47 8 44 35 0 41 20 37 39 0 
166 0 0 0 0 148 0 0 0 0 242 82 111 122 121 135 0 0 0 0 150 0 0 0 0 
0 0 0 0 843 0 0 0 0 800 0 0 0 0 846 0 0 0 0 840 0 0 0 0 774 
122 119 0 179 65 142 125 3 184 83 187 175 47 245 118 116 95 5 165 85 135 167 0 222 71 
131 0 0 0 0 258 97 89 80 71 153 0 0 0 0 148 0 0 0 0 151 0 0 0 0 
0 0 0 0 0 79 61 76 69 75 0 0 0 0 0 150 130 148 156 142 0 0 0 0 0 
0 22 0 143 0 33 55 46 186 32 0 19 0 132 0 0 16 0 136 0 0 20 0 160 0 
85 67 124 133 178 49 0 84 67 66 25 0 84 74 65 105 68 131 121 126 24 0 50 69 38 
45 49 59 136 112 28 22 35 82 76 0 0 0 81 56 0 0 0 50 51 7 10 9 81 56 
0 11 72 0 0 86 100 178 83 90 0 13 73 0 0 60 81 186 55 65 0 4 66 0 0 
200 13 190 0 0 201 9 174 0 0 203 8 187 4 1 177 8 184 0 0 209 24 181 10 10 
332 130 315 121 192 357 176 377 189 213 382 181 379 202 263 248 43 194 81 144 225 68 263 44 136 
65 152 69 82 66 0 86 0 26 0 17 125 28 33 27 0 104 0 17 0 0 75 0 22 0 
0 0 33 0 58 35 46 78 44 113 55 73 89 53 121 0 0 33 0 61 0 0 49 0 58 
0 0 17 0 209 0 0 18 0 199 0 0 32 0 193 0 0 26 0 196 0 0 29 0 194 
0 0 0 50 0 0 0 0 60 0 55 60 45 140 45 0 0 0 59 0 85 80 83 163 87 
87 0 0 94 0 109 0 0 111 0 99 0 0 89 0 92 0 0 113 0 97 0 0 109 0 
0 21 85 80 8 114 196 208 199 140 157 212 232 228 145 20 62 121 117 33 65 119 134 134 62 
114 135 137 120 251 0 0 0 0 83 0 0 0 0 75 24 31 26 22 121 0 0 0 0 82 
138 250 149 135 153 0 131 0 0 0 86 194 89 90 85 1 108 0 0 5 92 204 73 67 91 
147 132 80 86 83 79 45 0 0 0 93 46 4 4 10 68 47 0 0 0 73 60 0 0 0 
0 116 0 0 0 40 174 59 60 76 0 135 0 0 0 66 210 91 103 70 0 116 0 0 0 
0 0 0 0 0 0 0 0 0 0 0 0 0 0 0 0 0 0 0 0 427 404 436 425 394 
0 0 37 0 0 73 79 92 75 87 0 0 31 0 0 77 75 85 59 79 19 25 59 22 26 
8 15 16 17 52 0 0 0 0 36 80 79 71 69 99 0 0 0 0 33 68 98 78 76 105 
0 0 0 133 0 0 0 0 124 0 0 0 0 148 0 0 0 0 146 0 83 76 80 207 84 
0 68 0 34 72 0 64 0 38 77 0 53 0 35 90 0 59 0 32 73 18 75 24 50 112 
0 114 0 0 0 0 109 0 0 0 0 108 0 0 0 0 98 0 0 0 98 185 102 108 93 
0 3 0 23 0 80 52 73 62 78 54 27 48 43 58 0 0 0 12 0 91 106 110 124 99 
0 0 118 57 0 43 46 160 109 51 0 0 104 40 0 0 0 91 40 0 0 0 127 35 0 
59 0 0 0 0 125 62 61 76 68 99 19 18 20 15 131 47 46 52 41 58 0 0 0 0 
83 35 33 104 37 39 0 0 83 0 48 0 0 76 0 83 35 30 111 32 55 0 0 71 0 
0 0 63 43 0 0 0 55 43 0 101 98 149 132 97 0 0 62 47 0 0 0 67 42 0 
37 0 0 88 136 109 75 85 141 213 30 0 11 80 117 57 19 26 95 116 42 40 51 92 146 
5 6 54 155 7 0 0 60 125 0 78 55 142 185 60 52 63 119 189 54 0 0 57 110 0 
46 5 41 40 10 41 7 37 43 23 117 75 113 109 78 69 20 47 50 16 51 0 45 40 2 
42 0 56 0 57 39 0 60 0 54 27 0 73 0 80 92 57 116 71 116 32 0 60 0 60 
82 20 144 89 51 72 8 122 81 19 58 0 124 34 10 163 45 187 127 87 85 21 162 71 58 
9 109 187 44 146 155 246 346 172 326 30 151 209 67 194 0 41 164 2 115 86 177 262 116 243 
19 21 22 57 48 40 38 34 75 72 0 0 0 31 29 0 0 0 21 17 75 89 89 123 99 
18 30 0 79 0 30 46 0 103 0 78 73 38 125 51 25 40 0 110 0 39 33 0 77 0 
0 0 53 0 0 165 144 207 144 179 0 0 56 0 0 0 0 71 0 0 0 0 68 0 0 
13 10 0 0 81 19 2 0 0 79 67 73 63 55 152 26 24 18 14 93 120 152 128 114 174 
64 11 11 8 24 99 66 71 72 78 109 88 90 101 92 44 0 5 0 14 38 8 15 4 19 
20 93 66 15 29 0 81 63 6 6 0 67 40 0 19 0 73 46 4 12 43 120 93 38 75 
163 206 111 112 115 78 66 46 22 26 44 51 19 0 0 46 54 13 0 0 40 49 18 0 0 
95 0 0 3 0 83 0 0 0 0 99 0 0 10 0 100 0 0 0 0 122 15 23 37 29 
76 92 15 20 21 59 52 0 0 3 62 74 16 7 19 75 86 42 44 48 91 90 53 29 48 
37 75 40 71 29 0 62 11 40 16 1 49 11 46 18 0 43 14 31 13 38 103 62 97 78 
0 0 54 27 11 0 0 45 35 3 0 0 44 40 5 43 53 122 94 60 53 50 95 90 63 
29 38 26 22 31 0 0 0 0 0 71 59 57 62 55 0 0 0 0 0 120 107 99 114 110 
49 33 41 39 41 0 0 19 0 0 0 0 30 0 0 50 43 99 61 50 131 105 148 150 128 
39 44 107 52 47 4 0 58 3 8 60 49 132 58 52 0 0 52 4 0 0 3 60 24 0 
0 0 180 32 0 0 0 141 23 0 19 20 156 35 18 0 0 166 23 0 0 0 162 22 0 
45 84 0 0 0 79 112 44 35 34 78 126 19 14 8 93 134 45 42 45 36 74 0 0 0 
111 0 120 110 140 196 91 223 222 212 199 112 243 238 262 196 62 155 146 199 107 3 122 167 160 
93 132 72 60 69 14 49 5 0 0 82 149 70 52 62 38 73 30 17 15 23 58 0 0 0 
0 117 107 163 0 0 126 118 164 0 0 108 120 164 0 0 116 115 155 0 0 127 118 165 0 
13 0 0 134 0 9 0 0 98 0 93 67 93 194 86 12 0 0 105 0 20 1 0 101 0 
52 81 48 48 77 2 55 9 0 28 40 75 42 34 66 4 41 0 0 34 0 60 0 1 32 
164 169 22 92 109 198 268 63 96 177 180 239 78 106 134 85 116 2 20 59 271 325 135 174 190 
77 196 149 100 108 6 46 63 11 5 43 86 111 40 30 22 88 73 15 32 0 68 60 0 0 
2 26 14 12 78 16 34 35 11 116 2 21 20 5 63 58 90 79 54 169 32 45 40 33 102 
676 527 546 389 521 450 204 282 195 223 441 299 326 229 264 389 208 215 104 169 555 369 437 373 399 
89 61 0 3 0 166 144 67 76 82 69 87 1 0 0 98 84 21 16 17 63 55 0 0 0 
169 323 137 190 141 261 384 148 258 174 135 282 95 178 85 24 188 0 48 0 110 229 67 114 38 
0 0 0 0 55 0 0 0 0 62 0 0 0 0 78 0 0 0 0 67 157 182 161 183 206 
71 4 49 0 7 139 12 67 30 38 135 58 108 59 60 168 100 156 75 111 136 36 53 24 32 
150 0 0 54 0 156 0 0 55 0 141 0 0 40 0 168 0 0 46 0 149 0 0 41 0 
154 114 159 227 115 38 0 78 121 0 82 40 121 182 57 53 5 98 94 26 45 0 73 86 0 
57 88 66 138 129 0 8 4 83 45 0 13 6 53 48 0 13 8 66 44 30 34 24 81 47 
121 140 97 47 0 186 188 147 124 108 127 107 89 41 10 243 233 188 131 107 128 165 119 48 46 
59 130 53 59 53 0 56 0 0 0 6 82 4 5 4 0 64 0 0 0 76 154 61 77 65 
0 0 0 17 0 0 0 0 19 0 0 0 0 19 0 0 0 0 18 0 173 178 206 210 198 
37 0 0 15 32 102 84 75 91 98 32 0 0 16 27 37 0 0 0 36 38 0 0 0 26 
51 0 44 101 97 11 2 30 82 85 74 20 58 149 123 13 0 35 87 89 143 87 127 185 210 
0 94 73 0 73 0 90 82 0 84 0 105 69 0 63 0 87 79 0 77 0 107 85 0 77 
55 25 64 48 42 79 56 101 62 56 23 19 42 21 14 64 50 106 77 51 9 0 34 0 0 
81 0 0 0 52 73 0 0 0 49 86 0 0 0 59 65 0 0 0 52 177 90 80 93 158 
71 121 20 120 85 55 150 26 134 115 37 88 6 112 55 192 252 156 242 183 104 201 99 183 151 
69 86 95 74 58 9 35 33 11 9 0 13 42 0 0 57 65 83 51 44 20 27 52 18 13 
0 0 0 167 43 0 0 0 182 32 31 32 21 180 61 0 0 0 182 39 0 0 0 167 45 
0 0 0 146 10 155 133 129 318 166 0 0 0 172 14 119 121 117 256 110 0 0 0 134 8 
51 141 168 174 67 28 113 144 175 32 69 148 149 179 77 67 203 197 234 103 100 150 181 232 101 
0 0 0 1286 0 0 1 0 1292 0 0 0 0 1295 0 0 4 3 1364 1 0 0 0 1304 0 
195 0 0 0 0 197 13 18 16 20 177 0 0 0 0 195 0 0 0 0 166 0 0 0 0 
98 0 0 0 0 128 0 0 0 0 142 0 0 0 0 118 0 0 0 0 222 100 95 100 104 
292 25 91 69 46 226 0 22 1 0 460 128 163 130 159 467 218 322 238 284 301 49 96 73 80 
5 39 0 0 0 0 40 0 0 28 0 38 2 0 27 1 0 8 0 0 0 30 0 0 27 
66 88 159 126 114 0 0 51 0 0 0 0 79 0 0 1 0 55 0 0 225 260 272 275 264 
2 14 0 81 208 114 138 119 221 339 2 38 0 84 235 0 6 0 92 241 120 141 116 182 303 
17 19 93 11 233 5 0 56 11 166 110 101 179 117 274 138 139 226 170 320 2 0 72 2 176 
169 321 345 269 131 177 297 353 213 116 162 289 307 227 154 96 228 282 158 41 85 262 312 181 51 
63 27 29 65 75 40 0 0 28 59 57 0 0 25 37 54 0 0 35 40 92 45 47 75 83 
0 0 216 0 40 0 0 245 0 39 0 0 224 0 32 1 0 210 0 32 0 0 204 0 32 
0 0 0 37 0 76 69 49 103 58 0 0 0 26 0 46 48 63 93 52 44 51 43 97 38 
