795 630 525 610 636 1058 1029 970 1014 1049 683 592 511 724 752 1010 870 841 923 956 626 437 413 477 596 
269 210 278 251 239 0 1 0 0 0 164 122 176 146 164 0 0 0 0 0 0 0 0 0 0 
113 59 25 181 225 83 0 0 125 139 136 54 33 244 256 62 0 0 88 155 70 0 0 118 128 
126 0 100 153 151 185 21 155 198 202 284 117 252 286 292 199 40 141 194 197 143 0 109 187 150 
166 48 107 148 44 140 14 67 101 0 131 34 71 103 18 138 6 48 111 0 304 188 243 303 187 
97 8 2 0 95 87 3 15 0 101 173 89 101 76 182 153 71 94 58 154 202 118 114 103 233 
0 0 0 0 0 0 0 0 0 0 1027 1034 972 1011 1048 0 0 0 0 0 0 0 0 0 0 
0 0 0 263 0 0 0 4 238 0 108 104 96 379 115 121 115 98 381 126 0 0 0 250 0 
16 8 19 204 5 0 0 0 220 0 43 54 45 202 37 0 0 0 177 0 5 6 5 234 3 
0 0 0 0 0 0 0 0 0 0 0 0 0 0 0 68 72 81 82 90 188 184 189 213 182 
88 99 74 55 192 0 10 0 0 117 0 3 0 0 107 0 4 0 0 117 92 89 88 74 174 
160 157 164 177 166 0 0 0 0 0 0 0 0 0 0 1 0 0 0 0 86 91 76 81 89 
0 0 0 0 0 0 0 0 0 0 0 0 0 0 0 432 430 421 407 417 191 177 185 185 202 
0 215 0 0 91 0 196 0 0 105 137 365 157 149 233 0 218 0 0 109 0 224 0 0 87 
814 0 0 0 0 817 0 0 0 0 805 0 0 0 0 844 0 0 0 0 850 0 0 0 0 
10 0 186 137 192 59 55 249 182 227 104 112 293 215 260 198 170 411 345 360 97 92 250 186 289 
115 155 107 184 92 77 105 69 166 87 0 56 0 52 0 57 122 74 116 66 0 51 0 58 0 
36 7 14 11 20 165 123 132 120 149 34 0 0 0 17 29 0 0 0 34 133 126 112 109 152 
0 0 154 0 0 0 0 153 0 0 0 0 168 0 0 181 149 289 149 152 0 0 157 0 0 
0 90 52 65 0 0 111 56 73 0 60 146 127 145 49 0 99 62 67 0 0 94 74 66 0 
0 0 0 2 142 134 111 104 127 228 130 111 99 98 198 1 3 0 0 108 89 98 102 87 197 
0 0 0 0 0 0 0 0 0 0 0 0 0 0 0 1001 1048 1070 1041 971 0 0 0 0 0 
0 19 56 153 0 0 19 54 138 0 0 19 51 162 0 0 18 55 157 0 0 19 56 149 0 
106 158 88 197 200 23 55 25 86 92 18 58 24 98 117 0 44 0 95 89 0 50 0 75 80 
105 124 137 85 0 107 122 199 82 0 287 302 370 312 217 112 139 153 96 1 249 238 328 238 132 
82 19 30 102 18 78 0 0 114 0 213 149 139 222 127 76 0 0 102 0 108 40 42 174 43 
108 85 40 42 30 134 84 50 51 25 48 42 15 0 0 77 72 18 11 12 84 45 14 0 0 
0 0 184 74 0 0 0 208 76 0 0 0 250 87 0 0 0 234 58 0 0 0 188 65 0 
116 142 145 104 97 0 53 66 0 0 0 55 56 0 0 43 67 101 37 30 0 40 92 0 0 
69 57 77 75 60 113 141 121 141 118 24 40 48 42 43 0 0 0 0 0 0 0 0 0 0 
0 0 0 170 0 0 0 0 179 0 219 224 221 398 235 0 0 0 174 0 0 0 0 156 0 
0 0 0 0 0 153 144 194 159 153 0 0 0 0 0 0 0 0 0 0 81 57 77 73 86 
137 0 16 80 47 156 40 71 136 112 251 96 104 185 176 97 0 0 79 49 224 95 108 169 139 
0 85 0 0 0 0 86 0 0 0 0 65 0 0 0 124 160 80 127 87 56 135 43 51 51 
0 0 93 0 0 82 83 173 102 103 0 0 92 0 0 3 5 94 2 8 14 11 83 9 14 
258 223 187 247 122 119 95 78 108 0 80 108 69 83 0 248 236 162 266 118 150 122 90 141 0 
0 230 0 210 0 0 187 0 208 0 8 216 6 198 8 0 187 0 200 0 0 203 0 210 0 
0 40 0 129 0 0 49 0 144 0 0 49 1 147 0 68 155 76 218 80 0 56 0 144 0 
0 0 0 0 88 105 80 89 71 158 104 91 84 102 149 0 0 0 0 76 0 0 0 0 87 
64 236 319 52 187 21 187 259 11 144 60 258 320 63 169 74 261 282 85 201 214 322 368 166 272 
0 60 39 0 112 22 74 64 15 126 34 117 106 46 103 0 72 29 0 82 0 74 34 0 84 
109 88 101 118 119 14 0 0 34 0 15 0 0 38 0 19 0 0 41 0 96 68 58 109 78 
69 0 65 0 0 63 0 75 0 0 113 53 107 48 50 99 16 78 13 12 66 0 73 0 0 
0 18 83 0 100 0 11 71 0 112 0 16 74 0 112 0 13 96 0 143 0 13 73 0 104 
9 44 122 61 16 46 57 131 71 41 0 24 104 26 0 38 56 132 90 32 0 23 86 50 0 
0 65 0 0 0 0 75 0 0 0 141 254 130 152 137 0 95 0 0 0 15 81 20 29 31 
0 0 0 78 0 68 73 62 132 90 0 0 0 82 0 0 0 0 90 0 80 66 60 159 67 
49 0 92 48 0 57 0 109 53 0 59 0 93 50 0 46 0 102 54 0 44 0 98 46 0 
77 46 0 29 0 103 73 16 47 24 92 86 0 25 0 110 52 0 41 0 87 58 0 33 0 
0 0 0 0 43 256 246 253 255 283 0 0 0 0 52 0 0 0 0 56 0 0 0 0 56 
101 52 67 119 87 61 53 55 109 82 24 0 0 53 8 31 0 0 51 12 39 15 12 64 32 
33 63 8 6 9 17 57 0 0 0 24 79 0 0 0 134 168 130 122 121 28 82 0 0 0 
0 0 0 21 0 186 170 197 198 164 0 0 0 23 0 0 0 0 22 0 0 0 0 19 0 
76 92 152 162 115 0 0 58 73 0 0 0 83 62 0 0 0 80 60 0 0 0 76 73 0 
83 82 75 61 88 50 0 0 0 13 100 84 64 59 89 44 0 0 0 32 117 70 70 61 91 
0 0 27 0 79 11 6 51 12 106 0 0 51 0 92 13 9 58 9 116 106 111 144 80 204 
77 134 176 80 83 41 114 130 36 34 0 46 88 0 0 0 49 93 0 0 0 51 79 0 0 
0 0 122 0 0 0 0 98 0 0 81 117 233 119 115 0 0 95 0 0 0 0 114 0 0 
107 116 34 60 136 37 41 0 0 86 48 63 0 0 70 50 45 0 0 81 63 50 0 0 80 
0 47 0 14 6 45 104 47 60 61 0 56 0 16 8 0 52 0 35 0 16 55 10 35 24 
12 10 125 5 14 0 0 101 0 0 0 0 101 0 0 44 47 142 32 32 99 91 172 69 102 
0 0 0 51 75 88 81 63 117 163 0 0 0 49 73 0 0 0 36 84 0 0 0 47 73 
94 165 78 73 84 22 106 0 0 0 30 115 7 8 9 22 75 0 0 0 25 80 3 3 1 
73 37 96 41 101 21 0 38 8 55 18 0 46 0 73 16 0 56 0 56 0 0 32 0 57 
63 0 18 0 2 76 3 15 0 0 100 58 61 59 79 90 39 4 8 0 139 84 96 92 73 
26 34 118 46 49 3 0 81 0 0 0 0 77 0 0 1 0 70 0 3 49 32 110 40 33 
0 62 67 0 0 0 58 50 0 0 21 104 77 21 21 32 109 62 40 42 0 62 52 0 0 
3 0 62 0 31 29 22 108 33 63 11 0 65 0 20 0 0 76 0 7 5 0 82 0 17 
0 2163 0 0 0 0 2238 0 0 0 0 2083 0 0 0 0 2155 0 0 0 0 2089 0 0 0 
13 92 80 11 13 74 144 155 66 55 7 106 80 6 0 31 132 96 65 26 5 84 72 0 0 
67 118 95 0 0 67 143 124 0 0 80 145 121 0 0 86 150 116 0 0 61 145 136 0 0 
0 97 0 94 0 79 151 62 156 90 56 128 31 161 48 0 78 0 111 0 0 103 0 78 0 
0 0 0 0 0 1287 1246 1242 1206 1272 0 0 0 0 0 0 0 0 0 0 0 0 0 0 0 
0 0 83 129 0 0 0 80 108 0 0 0 86 129 0 0 0 88 129 0 0 0 76 135 0 
136 46 49 85 40 137 51 49 102 59 83 0 0 35 0 76 0 0 33 0 83 0 0 44 0 
0 128 0 0 87 0 152 0 0 84 0 165 0 0 87 0 141 0 0 74 0 148 0 0 97 
190 280 189 205 96 135 248 100 119 16 242 353 229 207 92 248 347 261 237 126 170 342 225 187 131 
101 87 278 255 86 0 0 185 170 1 120 119 270 293 102 0 0 149 182 6 15 27 203 186 30 
158 134 131 171 298 4 20 1 8 174 15 25 12 30 169 225 250 189 212 388 233 268 261 262 435 
0 122 0 0 1 0 98 0 0 0 1 124 0 0 0 7 119 4 7 3 264 365 272 253 248 
47 23 36 10 38 39 14 27 0 36 37 11 33 0 28 63 13 30 0 40 105 97 85 74 113 
198 68 0 101 0 205 65 0 104 0 201 53 0 104 0 186 65 0 109 0 204 63 1 121 0 
0 0 1458 0 0 0 0 1475 0 0 0 0 1383 0 0 0 0 1484 0 0 0 0 1447 0 0 
74 5 8 56 22 108 61 47 108 69 98 71 58 77 88 61 33 17 61 31 58 0 0 30 14 
103 118 120 78 176 0 0 4 0 44 57 70 67 52 101 0 0 16 0 45 0 0 13 0 58 
38 79 0 91 0 123 164 94 179 80 100 102 73 160 77 43 60 0 77 0 32 62 0 85 0 
82 96 81 81 135 79 97 63 61 120 0 27 0 0 50 0 20 0 0 38 58 77 54 52 102 
0 91 0 0 0 36 150 40 36 39 40 165 41 38 41 27 135 28 29 43 49 148 57 47 69 
33 11 41 34 0 103 71 112 112 63 43 21 47 37 0 47 9 44 35 0 41 20 37 39 0 
151 0 0 0 0 139 0 0 0 0 218 82 101 101 102 129 0 0 0 0 130 0 0 0 0 
0 0 0 0 827 0 0 0 0 783 0 0 0 0 833 0 0 0 0 826 0 0 0 0 771 
78 114 93 177 162 0 10 6 98 56 0 13 7 71 67 0 16 11 107 65 33 43 29 111 61 
141 0 0 0 0 277 121 87 89 78 172 0 0 0 0 167 0 0 0 0 161 0 0 0 0 
0 0 0 0 0 78 59 72 69 72 0 0 0 0 0 148 124 147 154 153 0 0 0 0 0 
0 21 0 153 0 41 62 51 198 33 0 19 0 145 0 0 16 0 148 0 0 21 0 164 0 
132 51 108 94 142 98 0 64 29 42 112 18 94 60 68 186 106 151 97 145 82 0 42 30 51 
53 66 62 150 124 34 31 37 89 99 0 0 0 94 63 0 0 0 52 60 8 15 11 92 59 
0 6 66 0 0 103 112 190 99 105 0 10 75 0 0 59 88 186 61 68 0 9 72 0 0 
203 0 194 0 0 198 0 170 0 0 196 1 182 4 1 176 1 189 0 0 217 17 178 10 10 
340 126 335 143 213 388 216 438 215 235 337 149 396 198 237 252 28 244 73 140 210 52 274 84 124 
65 152 69 83 66 0 86 0 27 0 17 128 28 34 27 0 104 0 17 0 0 75 0 22 0 
0 0 33 0 57 35 46 78 44 113 55 74 89 53 121 0 0 31 0 61 0 0 49 0 58 
0 0 19 0 212 0 0 19 0 204 0 0 29 0 190 0 0 28 0 204 0 0 27 0 219 
0 0 0 53 0 0 0 0 61 0 60 62 48 149 45 0 0 0 65 0 96 88 89 176 87 
116 0 0 114 0 142 0 0 141 0 138 0 0 123 0 122 0 0 138 0 134 0 0 137 0 
2 32 89 69 4 122 193 195 203 114 177 206 246 227 140 19 64 116 112 8 75 111 119 138 59 
98 117 107 100 197 0 0 0 0 69 0 0 0 0 66 20 22 25 20 96 0 0 0 0 69 
111 203 120 108 118 0 112 0 0 0 64 181 74 75 75 1 108 0 0 1 79 185 64 67 81 
202 192 104 104 100 104 55 0 0 0 111 58 5 5 10 91 70 0 0 0 94 68 0 0 0 
0 132 0 0 0 39 190 61 56 76 0 141 0 0 0 77 207 95 96 68 0 126 0 0 0 
0 0 0 0 0 0 0 0 0 0 0 0 0 0 0 0 0 0 0 0 456 416 454 440 394 
0 0 37 0 0 73 79 92 75 87 0 0 31 0 0 77 75 83 59 79 19 25 59 22 25 
8 14 16 17 52 0 0 0 0 35 80 79 71 69 99 0 0 0 0 33 68 98 78 75 105 
0 0 0 132 0 0 0 0 118 0 0 0 0 141 0 0 0 0 143 0 74 75 78 197 81 
0 65 0 34 70 3 64 0 39 77 0 56 0 36 91 0 59 0 30 70 18 76 23 53 112 
0 22 0 30 1 75 90 73 74 77 83 82 77 83 76 0 17 0 11 0 122 151 125 146 119 
0 0 118 55 0 43 45 156 107 50 0 0 103 39 0 0 0 89 38 0 0 0 126 35 0 
58 0 0 0 0 125 62 60 74 69 98 20 18 17 15 131 47 46 51 41 58 0 0 0 0 
80 35 32 106 37 37 0 0 86 0 45 0 0 78 0 80 34 29 114 30 52 0 0 76 0 
0 0 63 43 0 0 0 55 43 0 100 99 149 132 97 0 0 62 47 0 0 0 67 42 0 
4 7 55 102 7 0 0 54 79 0 46 31 108 128 46 28 43 76 123 35 0 0 48 79 0 
83 9 63 69 17 62 8 69 72 30 176 100 192 179 109 113 29 71 76 24 92 1 70 59 0 
52 0 83 0 69 50 0 64 0 63 30 0 85 0 79 110 58 124 69 132 37 0 70 0 64 
97 32 163 83 56 70 14 143 86 37 61 0 108 29 13 151 52 206 119 99 100 32 194 73 67 
22 103 152 36 145 123 192 286 134 238 27 109 198 59 181 0 44 158 0 107 83 135 211 115 222 
20 22 22 58 48 40 38 34 75 73 0 0 0 32 31 0 0 0 22 18 75 90 90 124 100 
24 37 0 112 0 32 64 0 137 0 97 107 53 184 71 41 52 0 137 0 45 42 0 107 0 
0 0 53 0 0 166 156 212 154 181 0 0 61 0 0 0 0 72 0 0 0 0 70 0 0 
59 11 9 6 19 86 60 62 64 63 92 73 78 87 82 37 0 5 0 9 34 11 14 7 21 
20 140 92 20 40 1 116 74 10 13 0 94 48 0 27 0 120 59 7 13 50 165 114 43 90 
128 168 90 92 90 66 62 40 18 18 37 57 15 0 0 36 45 13 0 0 27 39 13 0 0 
54 83 4 5 5 44 54 0 0 1 39 56 12 4 8 71 61 30 36 33 62 61 34 9 27 
43 90 48 84 29 0 73 11 49 18 0 52 8 49 21 0 48 17 39 14 38 116 69 106 85 
0 0 60 27 13 0 0 51 40 3 0 0 48 44 10 50 56 146 108 68 58 54 112 111 73 
27 39 30 19 33 0 0 0 0 0 72 65 56 64 59 0 0 0 0 0 126 111 105 127 114 
45 34 9 40 43 0 0 0 0 0 0 0 0 0 0 52 49 78 63 74 122 105 129 163 139 
27 31 100 40 41 0 0 58 12 0 56 47 132 47 44 0 0 53 0 0 0 0 57 0 9 
0 0 132 13 0 0 0 87 0 0 18 20 87 0 18 0 0 92 8 0 0 0 112 0 0 
43 70 0 0 0 66 93 38 30 29 67 108 17 14 9 79 119 37 37 41 37 66 0 0 0 
88 124 67 57 65 13 46 3 0 0 78 134 66 56 55 35 70 28 17 15 25 59 0 0 0 
0 138 113 184 0 0 135 128 181 0 0 118 128 188 0 0 128 125 168 0 0 137 124 178 2 
15 0 0 210 0 11 0 0 146 0 142 109 135 248 111 16 0 0 149 0 26 1 0 143 0 
163 194 36 112 98 210 301 115 131 201 163 210 98 129 114 96 141 10 49 46 282 366 165 213 235 
62 170 116 76 88 9 48 63 16 4 34 79 96 32 29 26 86 64 9 25 0 53 54 0 0 
0 17 14 0 60 0 19 12 0 98 0 16 3 1 53 53 74 63 33 140 27 31 28 23 86 
688 573 634 456 573 473 288 316 207 286 466 316 358 210 323 357 190 203 84 199 556 386 456 339 421 
81 66 1 4 0 166 158 70 74 64 81 74 0 0 0 89 92 27 14 19 71 54 0 0 0 
155 294 126 159 128 280 396 164 288 189 164 293 101 177 91 41 195 2 65 0 107 207 60 89 40 
0 0 0 0 52 0 0 0 0 56 0 0 0 0 65 0 0 0 0 58 134 157 142 153 186 
150 0 0 54 0 156 0 0 55 0 141 0 0 40 0 168 0 0 46 0 149 0 0 41 0 
186 164 188 276 133 53 0 87 138 5 99 63 127 208 76 55 7 123 107 32 54 0 99 107 2 
125 118 109 73 19 197 183 163 131 120 102 91 93 33 20 252 223 219 160 144 143 154 142 54 69 
57 128 49 56 53 0 55 0 0 0 6 80 4 4 2 0 64 0 0 0 76 154 62 76 64 
0 0 0 17 0 0 0 0 20 0 0 0 0 19 0 0 0 0 20 0 176 191 223 217 223 
88 18 80 144 119 17 1 43 117 112 99 22 49 160 126 43 0 37 129 88 170 92 149 247 249 
0 110 83 0 106 0 95 85 0 109 0 133 60 0 84 0 89 106 0 101 0 115 81 0 104 
46 21 52 38 31 71 51 91 54 55 23 16 35 16 8 54 45 101 71 47 8 0 30 0 0 
82 0 0 0 53 70 0 0 0 50 82 0 0 0 60 62 0 0 0 49 171 93 80 92 147 
66 91 0 89 55 49 75 0 98 80 73 72 0 123 90 160 172 92 198 166 91 148 28 121 99 
78 105 107 85 73 11 39 46 11 12 0 14 51 0 0 68 82 90 54 53 23 33 61 20 15 
0 0 0 140 35 0 0 0 158 28 27 29 16 157 51 0 0 0 149 34 0 0 0 138 38 
0 0 0 184 12 216 186 173 443 219 0 0 0 194 17 147 168 158 347 155 0 0 0 178 12 
42 133 169 171 55 40 113 146 177 30 81 144 154 178 73 61 200 173 216 93 95 127 168 225 78 
0 0 0 1278 0 0 0 0 1281 0 0 0 0 1293 0 0 0 2 1362 1 0 0 0 1338 0 
195 0 0 0 0 197 13 18 16 20 178 0 0 0 0 196 0 0 0 0 164 0 0 0 0 
92 0 0 0 0 117 0 0 0 0 122 0 0 0 0 102 0 0 0 0 206 88 85 89 99 
155 68 52 115 119 50 0 0 13 13 158 60 39 51 49 146 66 68 88 113 234 151 131 160 154 
18 16 0 0 12 0 38 1 0 0 0 0 0 0 0 32 46 10 47 58 0 0 0 0 0 
54 61 120 81 68 0 0 44 0 0 0 0 53 0 0 0 2 53 0 0 136 146 196 167 158 
0 11 0 82 222 126 125 114 205 346 2 24 0 73 254 0 14 0 81 266 123 147 125 195 320 
9 14 100 7 261 0 2 49 8 204 129 106 196 113 322 151 160 238 179 393 1 8 77 1 219 
121 234 270 198 83 147 201 291 174 97 154 228 249 174 135 48 136 192 97 11 73 192 233 152 19 
125 0 0 12 0 103 0 0 0 0 126 0 0 0 0 128 0 0 0 0 152 18 27 2 34 
41 59 35 38 45 1 34 0 0 0 51 79 45 40 59 7 38 0 0 25 0 51 0 0 11 
607 628 641 673 627 0 0 0 0 0 0 0 0 0 0 0 0 0 0 0 0 0 0 0 0 
70 56 0 0 0 90 74 16 17 14 143 96 39 39 29 93 65 0 0 0 105 103 25 32 33 
37 0 0 68 73 91 52 45 103 134 20 0 0 62 76 42 10 15 61 72 34 30 34 71 79 
19 9 0 0 91 23 2 0 0 76 69 74 55 57 155 21 25 19 16 90 104 138 117 105 149 
55 0 0 0 0 62 0 0 0 0 64 0 0 0 0 202 133 145 146 141 52 0 0 0 0 
64 151 125 122 132 97 236 146 157 192 5 114 62 44 41 113 200 120 145 133 104 225 166 176 152 
0 0 0 0 0 31 34 30 19 22 0 0 0 0 0 58 67 67 65 90 100 94 96 97 127 
156 10 93 8 17 227 4 47 0 4 319 96 161 97 114 317 166 277 174 168 243 71 98 26 41 
18 0 34 0 0 25 0 16 0 0 25 0 19 21 0 83 61 87 65 72 28 3 30 13 1 
0 0 188 0 33 0 0 230 0 29 0 0 191 0 26 0 0 182 0 23 0 0 175 0 27 
88 51 0 112 35 89 49 0 105 52 97 98 28 118 55 79 53 0 93 47 75 60 0 129 30 
57 82 46 74 44 13 24 0 30 0 75 106 62 122 45 15 47 8 45 5 64 65 60 84 31 
0 0 44 57 0 69 50 102 95 60 0 0 35 36 0 52 44 95 76 41 39 31 74 70 29 
