721 699 582 630 634 1013 1027 987 908 941 573 581 513 591 659 938 875 832 876 887 556 457 387 459 522 
271 219 293 277 239 0 1 0 0 0 163 133 164 141 151 0 0 0 0 0 0 0 0 0 0 
112 43 46 181 216 63 0 0 133 165 139 40 20 197 218 58 0 0 72 130 78 0 1 123 138 
135 0 98 154 161 196 27 175 198 203 281 121 266 315 315 207 49 157 192 215 143 0 117 208 153 
189 54 123 158 52 153 7 72 109 0 131 30 77 98 15 128 1 31 134 2 350 221 308 345 221 
104 9 16 1 98 103 0 15 0 118 208 112 120 88 213 204 75 110 76 178 233 132 136 130 266 
0 0 0 0 0 0 0 0 0 0 1043 1061 1005 1036 1059 0 0 0 0 0 0 0 0 0 0 
0 0 0 257 0 0 0 3 241 1 116 98 96 362 124 117 104 89 379 132 0 0 0 235 0 
17 6 15 206 6 0 0 0 203 0 41 49 42 213 29 0 0 0 179 0 5 6 5 221 3 
0 1 0 0 0 0 0 0 0 0 0 0 0 0 0 70 74 87 82 109 205 206 197 224 202 
61 85 56 47 142 0 9 0 0 85 0 3 0 0 92 0 4 0 0 95 67 68 67 58 144 
158 143 166 162 164 0 0 0 0 0 0 0 0 0 0 0 0 0 0 0 83 89 68 68 87 
0 0 0 0 0 0 0 0 0 0 0 0 0 0 0 429 425 415 406 416 191 178 179 187 204 
0 198 0 0 86 0 151 0 0 105 85 297 102 98 170 0 184 0 0 96 0 216 0 0 74 
807 0 0 0 0 809 0 0 0 0 799 0 0 0 0 833 0 0 0 0 839 0 0 0 0 
16 4 195 142 190 86 66 264 240 261 129 115 281 242 274 201 186 396 362 349 124 97 273 226 305 
112 154 96 157 76 90 103 76 151 77 0 49 0 52 0 54 111 63 115 52 0 37 0 48 0 
31 9 12 6 30 132 100 127 107 129 33 0 0 0 18 25 0 0 0 25 124 104 107 100 134 
0 0 156 0 0 0 0 154 0 0 0 0 165 0 0 182 142 289 138 158 0 0 156 0 0 
0 92 47 77 0 0 112 55 61 0 49 129 111 141 40 0 95 60 65 0 0 113 63 60 0 
2 0 0 2 163 147 122 139 151 292 144 143 137 129 237 4 0 0 0 137 92 97 115 94 221 
0 0 0 0 0 0 0 0 0 0 0 0 0 0 0 1006 1055 1080 1050 978 0 0 0 0 0 
0 19 66 176 0 0 19 62 135 0 0 18 58 166 0 0 18 69 172 0 0 22 65 187 0 
90 144 79 176 170 8 56 20 88 75 15 61 27 90 108 0 53 0 69 81 0 42 0 63 68 
91 117 158 107 0 105 160 205 114 1 300 321 399 316 222 112 133 173 87 0 257 256 349 269 134 
68 13 17 93 13 68 0 0 108 0 196 141 133 216 124 52 0 0 90 0 99 33 37 166 33 
99 74 38 39 28 119 82 41 50 27 45 43 13 0 0 73 62 15 11 12 70 43 9 0 0 
0 0 214 83 0 0 0 231 75 0 0 0 278 88 0 0 0 253 61 0 0 0 210 64 0 
115 150 141 103 94 0 47 66 0 0 0 49 58 0 0 38 69 93 32 36 0 42 92 0 1 
85 63 77 79 68 111 132 115 122 104 24 44 44 36 43 0 0 0 0 0 0 0 0 0 0 
0 0 0 186 0 0 0 0 194 0 213 212 205 402 227 0 0 0 189 0 0 0 0 174 0 
0 0 0 0 0 164 153 184 150 150 0 0 0 0 0 0 0 0 0 0 72 56 69 63 84 
167 14 41 106 83 173 50 68 163 129 280 117 119 200 195 128 0 1 101 64 242 110 113 221 163 
0 77 0 0 0 0 74 0 0 0 0 56 0 0 0 101 138 73 110 72 47 118 42 45 46 
0 0 101 0 0 100 97 202 119 122 0 0 106 0 0 8 11 110 4 8 14 14 94 9 15 
276 247 201 240 120 126 115 62 86 0 70 100 49 63 0 295 282 170 258 117 130 130 74 101 0 
0 42 0 144 0 0 54 0 144 0 0 52 0 148 0 69 143 70 214 85 0 61 0 140 0 
0 0 0 0 75 80 73 75 56 131 83 76 67 78 129 0 0 0 0 72 0 0 0 0 78 
100 284 297 68 203 24 179 232 7 116 65 252 314 75 201 100 275 306 94 232 197 304 351 148 250 
0 62 44 0 103 22 72 59 18 129 33 110 97 42 113 0 78 33 0 97 0 87 33 0 102 
106 87 103 115 120 15 0 0 35 0 12 0 0 35 0 16 0 0 41 0 86 64 58 105 77 
69 0 65 0 0 63 0 75 0 0 113 53 107 48 50 99 16 78 13 12 66 0 73 0 0 
0 19 86 0 100 0 12 74 0 113 0 18 78 0 112 0 15 96 0 141 0 13 73 0 107 
15 51 146 76 19 49 77 159 93 56 0 47 121 36 0 46 69 152 102 47 0 32 107 56 0 
1 88 0 0 0 0 115 0 0 0 195 307 190 189 197 0 113 0 0 0 15 100 22 26 43 
0 0 0 73 0 61 65 51 123 82 0 0 0 70 0 0 0 0 80 0 72 64 57 151 62 
57 0 102 51 0 60 0 120 58 0 68 0 101 53 0 49 0 117 60 0 51 0 105 53 0 
77 45 0 28 0 103 73 16 43 24 92 85 0 23 0 110 51 0 41 0 86 58 0 32 0 
0 0 0 0 33 249 240 253 261 289 0 0 0 0 54 0 0 0 0 59 0 0 0 0 57 
112 64 74 139 92 75 49 62 115 82 28 0 0 69 13 37 0 0 60 12 52 13 10 68 34 
29 55 7 5 10 17 48 0 0 0 21 73 0 0 0 125 160 123 115 111 26 72 0 0 0 
0 0 0 21 0 186 170 197 198 164 0 0 0 23 0 0 0 0 22 0 0 0 0 19 0 
71 79 133 138 89 0 0 52 63 0 0 0 74 60 0 0 0 67 52 0 0 0 58 62 0 
69 59 65 53 77 41 0 0 0 11 88 68 53 51 77 33 0 0 0 22 95 50 49 53 62 
0 0 28 1 80 1 1 46 13 102 0 0 48 0 89 0 3 44 0 103 106 117 156 103 204 
63 131 151 73 81 39 88 104 28 30 0 37 77 0 0 0 44 81 0 0 0 39 69 0 0 
0 0 119 0 0 0 0 97 0 0 77 116 219 119 111 0 0 98 0 0 0 0 107 0 0 
103 116 34 56 142 43 48 0 0 80 48 64 0 0 69 44 46 0 0 73 58 50 0 0 77 
0 49 0 23 36 61 123 58 81 95 0 62 0 27 39 0 56 0 40 42 28 70 21 56 63 
11 7 123 5 15 0 0 118 0 0 0 0 98 0 0 41 52 154 34 39 93 95 188 81 107 
0 0 0 51 75 88 81 63 117 163 0 0 0 49 73 0 0 0 36 84 0 0 0 47 73 
94 172 79 74 87 22 109 0 0 0 31 116 7 9 9 22 76 0 0 0 25 82 3 0 0 
78 38 106 55 108 21 0 45 14 65 23 0 48 12 82 22 0 57 13 64 15 0 44 15 70 
62 0 16 0 1 79 0 6 0 0 101 58 63 62 81 92 14 0 0 0 136 96 85 90 65 
28 34 118 46 42 0 0 80 0 0 0 0 77 0 0 4 0 70 0 0 41 37 111 28 27 
0 61 65 0 0 4 67 41 6 0 21 103 67 21 21 31 104 54 39 42 0 59 49 0 0 
0 0 89 0 45 12 22 106 16 70 0 0 83 0 29 1 4 91 0 26 0 0 98 0 27 
0 2152 0 0 0 0 2232 0 0 0 0 2076 0 0 0 0 2159 0 0 0 0 2098 0 0 0 
20 126 121 18 14 80 215 207 104 87 8 137 129 7 0 38 239 183 85 46 5 124 121 0 0 
72 130 102 0 0 68 163 127 0 0 78 167 130 0 0 80 165 128 0 0 84 154 141 0 0 
0 88 0 110 0 75 157 81 182 88 64 142 45 159 48 0 82 0 120 0 0 104 0 88 0 
0 0 0 0 0 1301 1251 1258 1220 1274 0 0 0 0 0 0 0 0 0 0 0 0 0 0 0 
0 0 80 125 0 0 0 75 106 0 0 0 81 127 0 0 0 81 125 0 0 0 72 128 0 
132 48 55 83 40 140 50 50 105 59 80 0 0 35 0 78 0 0 33 0 82 0 0 38 0 
0 129 0 0 94 0 156 0 0 74 0 171 0 0 98 0 145 0 0 76 0 152 0 0 104 
136 228 161 187 77 124 259 116 142 35 300 401 300 326 149 232 324 252 255 135 208 316 258 208 145 
87 71 273 282 83 0 0 178 193 0 107 110 269 322 94 0 0 160 191 3 3 7 188 193 10 
124 109 105 135 250 7 19 2 5 150 8 12 6 6 137 192 195 162 165 346 195 219 211 196 371 
0 127 0 0 0 0 99 0 0 0 0 130 0 0 0 7 114 4 7 3 275 351 283 269 263 
55 29 48 10 49 52 16 39 0 49 49 16 43 0 39 77 16 34 0 53 126 114 103 90 139 
202 75 0 100 0 205 73 0 105 0 205 57 0 104 0 193 72 0 111 0 204 65 0 112 0 
0 0 1437 0 0 0 0 1465 0 0 0 0 1351 0 0 0 0 1464 0 0 0 0 1427 0 0 
70 5 8 54 28 97 56 50 88 75 89 57 59 71 71 64 26 20 67 34 55 0 0 30 12 
112 120 131 79 179 0 0 7 0 44 57 77 68 58 111 1 0 19 0 47 0 0 13 0 56 
45 86 0 107 0 138 185 98 191 83 103 114 70 185 82 52 79 0 91 0 37 67 0 95 0 
89 118 105 94 159 103 104 80 70 128 0 33 0 1 65 0 21 0 0 36 66 84 64 57 118 
0 73 0 1 1 32 122 31 38 30 36 128 37 38 35 29 123 23 28 33 39 119 40 35 45 
33 11 41 34 0 103 71 112 112 62 43 21 47 37 0 47 9 44 35 0 41 20 37 39 0 
141 0 0 0 0 125 0 0 0 0 210 80 101 96 100 111 0 0 0 0 125 0 0 0 0 
0 0 0 0 840 0 0 0 0 795 0 0 0 0 841 0 0 0 0 832 0 0 0 0 785 
76 129 96 206 191 0 9 5 94 53 0 14 6 65 70 0 12 14 96 64 34 52 45 116 71 
135 0 0 0 0 260 104 92 95 73 150 0 0 0 0 154 0 0 0 0 145 0 0 0 0 
0 0 0 0 0 80 60 73 67 72 0 0 0 0 0 150 120 148 149 142 0 0 0 0 0 
0 22 0 143 0 33 55 46 186 32 0 19 0 132 0 0 16 0 136 0 0 20 0 160 0 
164 55 119 102 162 96 0 76 33 52 106 9 101 77 79 212 104 170 119 167 75 0 45 26 65 
55 62 63 157 135 31 31 36 95 92 0 0 0 95 67 0 0 0 53 57 6 9 11 96 62 
0 14 65 0 0 78 99 178 85 95 0 11 65 0 0 59 82 181 47 61 0 5 63 0 0 
125 0 119 0 0 109 0 93 0 0 97 1 108 4 1 78 0 109 0 0 119 11 98 12 11 
343 113 353 140 240 388 167 396 217 247 355 118 354 177 258 235 25 205 47 137 226 41 234 25 127 
75 165 72 89 68 0 95 0 33 0 17 138 32 36 33 0 113 0 21 0 0 87 0 25 0 
0 0 34 0 59 35 46 80 45 114 57 75 91 55 123 0 0 33 0 61 0 0 49 0 59 
0 0 16 0 214 0 0 16 0 192 0 0 35 0 184 0 0 28 0 202 0 0 27 0 214 
0 0 0 53 0 0 0 0 62 0 56 61 46 149 47 0 0 0 61 0 88 84 87 167 93 
121 0 0 124 0 146 0 0 138 0 142 0 0 127 0 129 0 0 140 0 143 0 0 140 0 
0 38 76 69 0 118 188 186 172 125 158 223 228 229 141 26 81 110 108 30 76 107 122 134 42 
98 119 107 101 202 0 0 0 0 69 0 0 0 0 67 20 23 25 20 96 0 0 0 0 71 
102 186 101 88 97 0 110 0 0 0 63 170 73 77 65 9 108 7 1 13 94 195 83 79 96 
137 130 80 80 82 78 46 0 0 0 87 47 4 4 8 64 50 0 0 0 73 61 0 0 0 
0 127 0 0 0 43 175 63 57 77 0 151 0 0 0 70 213 92 93 76 0 127 0 0 0 
0 0 0 0 0 0 0 0 0 0 0 0 0 0 0 0 0 0 0 0 442 408 449 431 393 
0 0 37 0 0 73 79 92 74 87 0 0 31 0 0 77 75 85 59 78 19 25 59 22 26 
8 15 19 19 54 0 0 0 0 38 90 89 76 72 111 0 0 0 0 41 75 106 84 82 115 
0 0 0 133 0 0 0 0 116 0 0 0 0 145 0 0 0 0 151 0 79 75 83 205 88 
0 64 0 31 77 2 61 0 37 77 0 57 0 33 93 2 54 0 31 74 18 74 25 57 115 
0 17 0 18 0 79 95 73 71 69 79 75 73 72 77 0 15 0 11 0 123 149 125 146 120 
0 0 117 56 0 43 45 156 106 50 0 0 102 39 0 0 0 89 38 0 0 0 126 35 0 
71 0 0 0 0 146 74 75 90 79 116 24 23 26 18 153 56 57 54 48 68 0 0 0 0 
82 35 33 111 37 39 0 0 90 0 48 0 0 85 0 83 33 30 120 32 54 0 0 83 0 
0 0 63 42 0 0 0 55 43 0 101 99 149 132 97 0 0 62 47 0 0 0 67 42 0 
3 6 48 95 7 0 0 45 71 0 46 29 99 112 45 27 38 66 108 34 0 0 45 75 0 
63 7 50 52 10 39 5 40 43 15 141 84 137 126 101 93 23 53 56 17 62 1 56 41 2 
39 0 53 0 55 37 0 56 0 51 26 0 65 0 69 87 49 103 64 103 30 0 55 0 52 
72 25 131 67 45 58 11 116 74 38 52 0 113 34 19 134 62 165 106 79 84 27 158 66 62 
17 112 189 42 145 116 206 314 124 266 31 109 217 52 179 0 45 175 4 131 67 123 221 84 214 
33 34 27 93 75 62 59 55 108 100 0 0 0 47 41 0 0 0 38 18 100 122 118 176 133 
18 33 0 94 0 31 52 0 110 0 84 76 44 139 55 26 38 0 113 0 44 35 0 84 0 
0 0 51 0 0 153 135 200 138 172 0 0 56 0 0 0 0 69 0 0 0 0 67 0 0 
59 10 8 5 20 86 60 60 64 64 93 71 77 87 82 39 0 4 0 12 34 9 14 5 21 
21 150 101 21 51 1 126 78 9 18 0 110 52 0 34 0 131 64 11 22 52 179 122 49 97 
151 210 115 102 100 72 78 49 22 22 41 67 15 0 0 45 50 14 0 0 30 46 20 0 0 
63 52 3 0 1 65 40 6 0 3 73 52 23 6 18 92 70 62 55 57 82 53 45 0 42 
30 67 41 65 24 0 57 11 42 16 0 45 8 45 18 0 32 14 31 12 39 95 63 97 77 
0 0 61 32 12 0 0 50 37 3 0 0 48 51 7 48 61 143 112 68 57 55 123 109 69 
31 40 27 24 33 0 0 0 0 0 74 63 64 68 57 0 0 0 0 0 134 114 112 125 117 
42 23 23 23 28 0 0 0 0 0 0 0 17 0 0 60 67 93 69 64 108 69 137 142 119 
28 30 99 23 28 2 0 57 0 0 59 52 130 33 43 0 0 52 0 0 0 0 58 0 0 
0 0 101 4 0 0 0 58 0 0 19 20 57 0 18 0 0 72 5 0 0 0 88 0 0 
43 70 0 0 0 66 93 38 30 28 67 108 17 14 9 79 119 37 37 41 37 65 0 0 0 
102 139 76 58 74 20 55 0 0 0 100 164 70 54 68 40 85 27 20 17 25 63 0 0 0 
0 121 109 169 0 0 130 126 168 0 0 117 124 176 0 0 121 121 167 0 0 136 121 169 0 
20 0 0 207 0 14 0 0 143 0 150 108 121 262 109 14 0 0 153 0 26 2 1 153 4 
173 185 39 128 144 214 280 92 159 235 161 226 88 151 161 97 153 10 48 90 303 383 161 200 243 
68 199 128 88 97 9 44 69 11 5 33 85 99 45 37 22 77 65 10 29 0 66 58 0 0 
7 29 20 0 70 8 24 23 9 123 7 17 16 0 61 59 80 74 49 156 35 37 40 26 105 
610 413 489 363 481 406 165 209 155 225 428 232 269 171 255 317 114 119 62 137 539 337 406 310 386 
84 64 3 2 0 178 153 77 80 78 96 84 0 0 0 98 108 25 21 27 79 56 0 0 0 
149 305 123 159 119 258 388 158 273 170 132 281 97 135 79 25 184 0 55 1 81 214 67 99 46 
0 0 0 0 52 0 0 0 0 58 0 0 0 0 68 0 0 0 0 60 136 159 148 159 189 
150 0 0 54 0 156 0 0 55 0 141 0 0 40 0 168 0 0 46 0 149 0 0 41 0 
195 141 235 277 157 46 0 103 138 8 96 54 170 214 76 45 8 119 112 38 55 0 111 96 0 
135 98 70 50 41 184 142 104 94 113 111 73 50 33 13 234 154 144 115 130 163 144 112 46 88 
77 173 65 79 74 0 73 0 0 0 8 106 7 8 5 0 88 0 0 0 101 188 76 106 78 
0 0 0 16 0 0 0 0 20 0 0 0 0 18 0 0 0 0 20 0 181 203 223 224 229 
63 10 46 116 97 33 4 40 113 88 72 25 50 129 110 30 0 38 97 87 133 84 119 204 213 
0 80 63 0 79 0 82 75 0 78 0 84 60 0 62 0 76 80 0 83 0 100 79 0 81 
46 23 56 40 33 72 52 92 56 55 23 17 36 20 13 55 45 103 71 49 8 0 32 2 0 
80 0 0 0 57 67 0 0 0 48 80 0 0 0 59 64 0 0 0 51 167 88 80 91 146 
83 101 0 86 47 43 93 1 121 66 68 80 10 144 67 149 194 100 223 143 70 131 31 134 76 
95 134 128 102 90 13 45 54 18 13 0 15 57 0 0 69 80 111 63 58 28 40 71 24 14 
0 0 0 140 35 0 0 0 158 28 26 29 16 157 51 0 0 0 149 34 0 0 0 138 38 
0 0 0 188 16 238 205 182 462 242 0 0 0 201 17 166 166 167 363 155 5 0 0 208 11 
55 137 154 173 45 26 74 127 157 15 69 128 135 161 54 62 163 154 201 75 97 131 148 220 79 
0 0 0 1266 0 0 0 0 1294 0 0 0 0 1300 0 0 1 2 1356 1 0 0 0 1308 0 
218 1 0 0 0 224 13 23 18 21 188 0 0 0 0 210 0 0 0 0 190 0 0 0 0 
92 0 0 0 0 117 0 0 0 0 122 0 0 0 0 102 0 0 0 0 205 87 85 89 99 
227 109 63 140 139 102 0 0 18 9 210 56 40 62 69 204 57 58 105 87 250 173 133 177 164 
51 62 120 84 71 0 0 53 0 0 0 0 53 0 0 0 0 54 0 0 145 154 177 150 153 
2 16 0 73 202 119 122 114 204 335 3 41 0 83 238 0 13 0 81 236 115 134 110 173 292 
15 16 82 9 241 5 0 53 10 185 115 103 162 118 299 143 141 217 183 355 4 2 62 0 192 
133 249 270 209 86 155 239 281 203 92 176 260 292 226 158 56 152 213 104 13 33 190 190 143 29 
123 0 0 17 0 108 0 0 0 0 124 0 0 0 0 119 0 0 0 0 158 18 24 40 38 
44 59 29 40 50 0 46 0 0 14 50 78 45 38 46 1 39 0 0 32 0 50 0 0 16 
616 631 645 686 629 0 0 0 0 0 0 0 0 0 0 0 0 0 0 0 0 0 0 0 0 
84 73 0 0 0 119 94 18 15 18 167 109 40 40 31 109 78 0 1 0 124 115 25 25 33 
28 0 0 48 64 67 41 38 81 110 18 0 0 54 59 33 10 14 51 55 24 21 25 59 70 
16 9 0 0 82 21 6 0 0 77 85 89 50 50 152 23 28 16 10 89 102 117 102 101 139 
55 0 0 0 0 62 0 0 0 0 63 0 0 0 0 202 133 145 146 141 52 0 0 0 0 
91 174 127 117 142 111 282 173 175 224 30 132 67 74 65 125 224 161 191 162 140 244 181 183 172 
0 0 0 0 0 39 36 31 20 23 0 0 0 0 0 64 69 71 68 92 109 100 101 105 141 
139 9 70 0 13 201 0 55 10 12 289 70 149 90 94 282 160 250 160 172 210 50 98 39 45 
25 0 45 0 0 22 0 21 0 0 17 0 43 6 0 110 85 113 92 96 40 2 43 0 0 
0 0 195 0 37 0 0 224 0 34 0 0 193 0 25 0 0 189 0 20 0 0 183 0 27 
99 66 0 122 49 100 61 0 112 58 117 99 31 163 70 96 54 0 115 47 77 59 1 125 33 
43 68 41 63 31 12 24 0 24 0 62 84 54 90 37 12 40 3 34 4 58 58 55 85 31 
0 0 52 66 0 77 51 110 101 67 0 0 45 45 1 61 58 108 92 49 45 33 97 87 32 
4 0 0 1 11 0 27 0 0 0 0 0 0 0 0 36 46 52 50 57 0 0 0 0 0 
0 242 0 217 0 0 204 0 211 0 8 225 6 207 7 0 194 0 205 0 0 213 0 220 0 
98 17 85 0 0 106 11 97 0 0 115 9 92 0 0 119 9 93 0 1 108 15 98 0 0 
