771 646 532 667 647 1070 1000 862 1008 932 656 674 500 693 747 985 885 779 889 970 607 464 361 473 604 
254 214 286 252 225 0 0 0 0 0 155 111 157 140 153 0 0 0 0 0 0 0 0 0 0 
92 48 40 156 189 75 0 0 129 131 131 42 30 180 190 45 0 0 86 124 59 0 0 96 131 
154 0 128 157 174 209 54 215 219 255 305 138 274 337 350 254 60 194 236 243 161 0 142 203 180 
133 23 76 111 33 123 9 62 112 0 123 22 65 83 23 122 6 44 110 0 279 183 231 294 167 
126 10 25 0 103 110 7 20 0 140 230 110 108 91 211 193 84 107 77 202 244 130 125 122 262 
0 0 0 0 0 0 0 0 0 0 1026 1053 1002 1019 1067 0 0 0 0 0 0 0 0 0 0 
0 0 0 248 0 0 0 3 244 1 107 105 95 352 112 102 102 87 372 115 0 0 0 229 0 
11 8 14 186 6 0 0 0 194 0 44 58 43 201 36 0 0 0 171 0 5 9 2 201 0 
0 0 0 0 0 0 0 0 0 0 0 0 0 0 0 71 77 83 74 87 199 183 183 226 180 
74 88 63 58 169 0 9 0 0 109 0 3 0 0 96 0 4 0 0 103 87 81 81 76 171 
154 147 159 163 161 0 0 0 0 0 0 0 0 0 0 0 0 0 0 0 84 91 67 72 81 
0 0 0 0 0 0 0 0 0 0 0 0 0 0 0 431 432 418 403 419 179 172 180 188 194 
0 218 0 0 95 0 194 0 0 107 146 370 167 145 240 0 208 0 0 104 0 233 0 0 88 
859 0 0 0 0 854 0 0 0 0 830 0 0 0 0 874 0 0 0 0 881 0 0 0 0 
7 0 199 136 178 47 31 223 175 226 118 104 280 223 255 192 197 410 353 353 89 89 264 213 304 
80 130 75 146 74 69 81 60 118 71 0 48 0 44 0 53 89 38 85 39 0 51 0 47 0 
28 7 12 6 16 167 128 121 111 141 29 0 0 1 19 25 0 0 1 28 133 128 100 120 154 
0 0 159 0 0 0 0 154 0 0 0 0 178 0 0 181 151 307 151 147 0 0 163 0 0 
0 87 53 66 0 0 106 56 68 0 61 148 125 135 43 0 93 66 60 0 0 106 74 58 0 
0 0 0 3 150 127 107 114 134 247 120 118 116 128 219 1 1 0 0 116 93 91 100 88 199 
0 0 0 0 0 0 0 0 0 0 0 0 0 0 0 998 1049 1069 1039 973 0 0 0 0 0 
0 21 58 153 0 0 20 60 142 0 0 21 53 169 0 0 17 57 170 0 0 16 56 153 0 
102 171 90 185 191 10 61 15 90 95 31 57 24 97 112 0 65 0 81 89 0 45 0 80 89 
120 125 142 94 0 111 123 183 93 0 296 292 335 303 196 117 131 142 73 0 272 234 335 262 144 
75 16 27 99 17 76 0 0 116 0 210 155 134 223 126 68 0 0 100 2 111 43 46 173 34 
108 88 41 41 30 146 88 54 57 30 52 43 14 0 0 81 73 18 11 14 82 47 11 0 0 
0 0 213 88 0 0 0 230 75 0 0 0 285 89 0 0 0 245 66 0 0 0 209 64 0 
103 146 142 100 87 0 45 55 0 0 0 46 54 0 0 39 58 91 32 33 0 37 82 0 0 
67 56 74 71 60 113 130 110 123 118 25 42 45 35 38 0 0 0 0 0 0 0 0 0 0 
0 0 0 164 0 0 0 0 173 0 209 199 182 379 204 0 0 0 170 0 0 0 0 155 0 
0 0 0 0 0 151 137 187 145 151 0 0 0 0 0 0 0 0 0 0 74 55 71 62 89 
129 0 13 85 54 137 29 50 137 106 242 88 98 174 178 98 0 0 87 54 200 93 88 201 141 
0 93 0 0 0 0 87 0 0 0 0 66 0 0 0 120 154 83 129 86 54 148 49 51 60 
0 0 107 0 0 95 99 196 118 118 0 0 107 0 0 8 11 114 7 8 17 14 93 11 18 
264 217 189 277 121 115 96 83 118 0 87 102 54 93 0 271 248 154 287 120 133 127 95 132 0 
0 232 0 213 0 0 193 0 202 0 8 212 7 205 7 0 192 0 197 0 0 201 0 219 0 
0 47 0 129 0 0 50 0 150 0 0 50 0 138 0 65 149 78 208 64 0 62 0 130 0 
0 0 3 0 81 93 83 88 68 146 98 82 80 85 132 0 0 0 0 71 0 0 0 0 87 
62 221 315 49 204 12 189 253 3 134 56 267 342 70 228 99 262 313 92 238 198 300 398 169 274 
0 64 48 0 104 23 96 61 23 132 35 124 115 49 113 0 74 31 0 91 0 82 41 0 99 
115 101 117 128 134 18 0 0 37 0 12 0 0 39 0 17 0 0 49 0 90 72 66 117 83 
68 0 65 0 0 61 0 75 0 0 112 53 106 47 50 98 15 77 13 12 66 0 72 0 0 
0 19 90 0 100 0 12 75 0 110 0 18 83 0 111 0 14 95 0 140 0 13 72 0 105 
13 52 130 68 20 49 74 133 90 38 0 38 112 35 0 31 73 141 90 34 0 21 94 52 0 
0 71 0 0 0 0 79 1 0 0 139 268 133 153 140 2 99 0 0 1 15 92 20 23 30 
0 0 0 80 0 68 70 52 136 93 0 0 0 79 0 0 0 0 94 0 81 68 66 166 72 
49 0 92 48 0 57 0 109 52 0 59 0 93 49 0 46 0 102 54 0 44 0 98 46 0 
91 54 0 30 0 124 89 19 52 25 108 97 0 30 0 127 62 0 44 0 104 65 0 38 0 
0 0 0 0 33 264 245 254 262 276 0 0 0 0 56 0 0 0 0 47 0 0 0 0 53 
116 64 68 141 91 72 56 63 114 89 31 0 0 61 12 32 0 0 52 13 44 16 12 64 29 
31 59 8 7 10 18 47 0 0 0 20 79 0 0 0 130 174 128 123 118 27 76 0 0 0 
0 0 0 21 0 186 170 199 198 164 0 0 0 23 0 0 0 0 22 0 0 0 0 19 0 
77 88 144 147 100 0 0 58 67 0 0 0 79 63 0 0 0 77 58 0 0 0 71 65 0 
63 56 59 47 68 41 0 0 0 9 76 61 48 48 72 30 0 0 0 21 92 49 45 49 60 
0 0 25 0 84 10 0 49 11 97 0 0 41 0 91 14 8 42 8 116 110 109 142 83 210 
65 117 160 74 86 32 97 116 32 32 0 43 87 0 0 0 44 91 0 0 0 43 77 0 0 
0 0 119 0 0 0 0 98 0 0 79 123 230 131 108 0 0 94 0 0 0 0 113 0 0 
108 117 34 62 148 38 44 0 0 96 51 63 0 0 73 44 45 0 0 90 63 50 0 0 82 
0 51 0 20 0 46 106 51 60 68 0 60 0 17 11 0 55 0 32 2 16 49 21 37 31 
10 10 121 6 14 0 0 102 0 0 0 0 102 0 0 54 52 144 31 33 94 105 193 72 97 
0 0 0 51 75 88 81 63 117 162 0 0 0 49 73 0 0 0 35 84 0 0 0 47 73 
93 165 77 71 83 22 105 0 0 0 30 115 7 6 9 22 75 0 0 0 22 80 0 2 0 
73 37 102 48 101 20 0 41 11 64 20 0 47 0 74 21 0 56 0 59 0 0 38 0 51 
61 3 13 0 3 81 4 5 0 0 105 58 51 57 82 109 49 15 8 0 159 80 87 83 53 
42 34 118 42 51 0 0 81 0 0 0 0 77 0 0 3 0 69 0 5 39 37 112 42 35 
0 62 63 0 0 0 65 42 0 0 21 104 78 21 21 32 109 64 40 42 0 62 55 0 0 
13 0 82 0 37 48 38 117 37 63 9 0 76 0 11 12 0 71 0 16 20 0 88 0 15 
0 2155 0 0 0 0 2235 0 0 0 0 2099 0 0 0 0 2158 0 0 0 0 2107 0 0 0 
14 97 91 15 10 85 162 190 79 68 7 97 114 6 0 38 149 127 72 42 0 98 87 0 0 
64 129 119 0 0 49 145 138 0 0 76 177 132 0 0 67 152 125 0 0 71 150 145 0 0 
0 103 0 142 0 93 162 63 194 81 75 139 39 156 43 0 77 0 117 0 0 115 0 104 0 
0 0 0 0 0 1270 1235 1238 1193 1263 0 0 0 0 0 0 0 0 0 0 0 0 0 0 0 
0 0 80 125 0 0 0 74 106 0 0 0 80 127 0 0 0 81 125 0 0 0 72 128 0 
164 52 49 98 43 155 54 52 121 64 93 0 0 40 0 88 0 0 43 0 94 0 0 46 0 
0 129 0 0 85 0 151 0 0 84 0 162 0 0 91 0 143 0 0 81 0 158 0 0 95 
235 347 204 230 115 145 291 112 106 32 252 373 258 269 107 334 431 330 284 165 217 325 278 170 129 
94 65 252 268 80 0 0 182 195 5 115 111 293 313 100 0 0 173 193 4 8 21 213 219 20 
134 107 109 132 240 2 17 0 10 167 15 17 3 11 141 197 198 150 165 318 192 219 219 196 354 
0 134 0 0 0 0 101 0 0 0 0 118 0 0 0 7 113 4 7 2 262 332 265 256 253 
49 25 38 9 44 39 17 32 1 38 39 12 37 0 32 65 14 29 0 41 119 104 94 79 119 
200 71 0 100 0 204 73 0 104 0 205 53 0 104 0 185 55 0 106 0 200 61 0 110 0 
0 0 1462 0 0 0 0 1496 0 0 0 0 1392 0 0 0 0 1488 0 0 0 0 1467 0 0 
66 1 6 47 23 102 60 56 103 65 96 64 61 85 73 60 30 19 67 34 58 0 0 24 14 
107 115 128 84 180 0 0 7 0 46 55 79 71 63 114 0 0 21 0 47 0 0 9 0 55 
28 69 0 73 0 129 161 95 159 82 77 96 40 126 51 46 57 0 68 0 29 57 0 65 0 
82 95 85 88 129 76 78 63 57 119 0 26 0 0 50 0 21 0 0 27 53 80 54 50 94 
0 62 0 0 0 28 112 31 30 27 32 120 32 30 29 23 106 21 24 30 36 108 39 32 43 
29 11 40 29 0 95 71 112 111 62 38 21 47 37 0 42 9 44 32 0 37 20 36 36 0 
156 0 0 0 0 128 0 0 0 0 225 85 105 107 108 117 0 0 0 0 133 0 0 0 0 
0 0 0 0 829 0 0 0 0 782 0 0 0 0 835 1 0 0 0 823 0 0 0 0 766 
93 130 110 226 208 0 10 5 119 54 0 15 4 82 78 0 13 16 116 75 33 50 25 142 87 
140 0 0 0 0 272 99 98 87 78 172 0 0 0 0 152 0 0 0 0 153 0 0 0 0 
0 0 0 0 0 74 55 72 68 75 0 0 0 0 0 148 120 141 152 135 0 0 0 0 0 
0 23 0 153 0 39 63 51 207 35 0 19 0 138 0 0 16 0 144 0 0 20 0 169 0 
123 46 102 84 140 91 0 70 21 57 95 12 96 39 50 181 105 141 77 148 77 0 34 20 49 
49 52 64 146 124 30 23 33 90 94 0 0 0 89 66 0 0 0 55 57 7 13 9 91 62 
1 4 70 0 0 91 85 194 92 102 0 3 69 0 0 68 72 186 65 73 0 0 64 0 0 
201 1 189 0 0 204 4 171 0 0 201 4 185 4 0 174 2 183 0 0 207 21 173 10 10 
365 126 359 145 235 391 199 436 210 242 354 148 363 202 241 233 31 265 95 134 207 40 252 50 103 
67 156 74 89 69 0 88 0 28 0 16 130 28 34 28 0 106 0 18 0 0 75 0 22 0 
0 0 35 0 60 39 46 80 47 120 57 78 95 55 126 0 0 34 0 67 0 0 53 0 62 
0 0 22 0 216 0 0 18 0 206 0 0 30 0 184 0 0 25 0 199 0 0 28 0 223 
0 0 0 50 0 0 0 0 59 0 53 59 45 139 45 0 0 0 59 0 85 78 82 158 86 
115 0 0 115 0 135 0 0 135 0 135 0 0 123 0 128 0 0 138 0 135 0 0 138 0 
0 16 71 64 0 101 151 174 178 107 168 201 227 220 144 2 46 102 90 10 80 95 118 131 45 
96 116 107 100 195 0 0 0 0 69 0 0 0 0 65 19 21 25 20 94 0 0 0 0 67 
111 209 119 114 112 0 111 0 0 0 57 177 76 81 72 1 108 0 0 3 63 174 63 54 75 
166 157 89 97 96 88 48 0 0 0 102 53 5 4 10 82 60 0 0 0 81 63 0 0 0 
0 123 0 0 0 38 177 53 59 68 1 126 0 0 0 67 200 83 89 72 0 120 0 0 0 
0 0 0 0 0 0 0 0 0 0 0 0 0 0 0 0 0 0 0 0 450 412 455 439 399 
0 0 37 0 0 73 79 92 75 87 0 0 31 0 0 77 75 85 59 79 19 25 59 22 26 
9 16 18 19 59 0 0 0 0 38 89 83 76 74 103 0 0 0 0 37 74 107 84 82 122 
0 0 0 136 0 0 0 0 121 0 1 0 0 149 0 0 0 0 145 0 80 74 80 204 83 
0 66 0 34 72 0 63 0 36 77 0 55 0 34 90 0 59 0 32 73 18 71 25 53 113 
0 22 0 18 0 85 104 80 81 84 82 79 79 73 80 0 20 0 20 0 122 151 125 148 120 
0 0 117 55 0 43 45 155 106 50 0 0 102 39 0 0 0 89 38 0 0 0 126 35 0 
59 0 0 0 0 126 62 61 74 69 99 20 18 20 15 131 47 46 51 41 58 0 0 0 0 
76 35 33 111 36 27 0 0 91 0 42 0 0 85 0 79 35 30 120 32 47 0 0 83 0 
0 0 63 41 0 0 0 54 43 0 101 99 149 131 97 0 0 62 44 0 0 0 67 41 0 
3 8 55 99 7 0 0 52 80 0 51 32 111 125 50 29 44 72 118 36 0 0 51 82 0 
77 4 57 52 15 59 5 44 53 30 165 83 146 148 116 85 21 52 63 19 64 0 49 48 0 
52 0 66 0 67 49 0 63 0 68 36 0 76 0 89 115 60 135 70 128 37 0 69 0 66 
100 27 153 83 61 62 12 127 62 35 59 0 92 29 2 153 50 174 118 99 98 20 170 71 67 
18 106 160 45 137 126 193 296 131 258 27 120 196 42 181 0 46 158 3 116 92 137 230 101 224 
21 23 26 67 52 46 43 44 88 82 0 0 0 35 29 0 0 0 27 18 87 98 102 145 111 
33 47 0 124 0 33 62 0 154 0 114 106 87 211 92 31 57 0 139 0 49 43 0 123 0 
0 0 56 0 0 164 148 218 153 178 0 0 59 0 0 0 0 70 0 0 0 0 67 0 0 
59 11 10 6 20 86 60 62 64 64 94 73 78 86 83 39 0 5 0 12 34 11 14 7 21 
22 165 97 22 43 0 125 83 7 4 0 101 61 0 29 0 128 65 6 20 54 180 127 50 102 
138 170 92 93 94 65 60 40 20 19 37 55 16 0 0 38 44 14 0 0 28 44 13 0 0 
69 90 11 21 20 53 49 2 0 1 52 77 19 4 8 69 77 40 47 43 74 88 53 31 50 
38 76 43 71 28 0 62 11 42 16 0 51 11 45 19 0 43 13 31 12 38 104 64 97 78 
0 0 59 32 14 0 0 47 39 3 0 0 43 46 7 45 60 129 116 74 59 56 116 102 67 
29 38 26 23 33 0 0 0 0 0 71 63 60 64 57 0 0 0 0 0 124 111 107 120 118 
43 30 12 35 39 0 0 0 0 1 0 0 0 0 0 40 37 81 63 72 126 91 112 156 156 
29 41 100 37 37 0 6 60 11 0 61 50 126 48 43 0 0 52 0 0 0 0 51 7 0 
0 0 104 0 0 0 0 60 0 0 19 20 53 0 18 0 0 86 0 0 0 0 90 0 0 
43 69 0 0 0 66 92 38 30 29 66 107 17 13 9 78 118 37 37 40 36 65 0 0 0 
81 110 64 50 59 11 42 3 0 0 70 121 59 48 51 34 64 26 15 14 22 52 0 0 0 
0 132 122 183 0 0 143 125 177 0 0 117 129 188 3 0 128 124 169 0 0 136 124 184 1 
16 0 0 207 0 11 0 0 143 0 130 108 113 247 109 23 0 0 139 0 29 1 1 152 1 
170 222 67 114 124 217 317 95 138 190 197 256 110 127 179 90 137 2 49 57 314 439 176 216 250 
73 203 134 87 115 11 45 67 12 2 31 78 100 34 30 28 91 65 13 29 0 59 47 0 0 
0 16 6 0 61 0 18 14 0 90 0 11 11 2 50 38 72 59 37 136 23 34 39 21 82 
693 532 596 430 551 474 239 297 154 217 458 282 361 194 280 344 172 190 47 156 564 394 466 342 364 
74 66 2 4 1 152 140 71 70 65 78 78 0 0 0 95 82 22 16 15 61 57 0 0 0 
155 330 134 157 130 283 410 180 275 198 163 315 106 175 95 48 197 0 35 0 91 214 68 78 50 
0 0 0 0 52 0 0 0 0 56 0 0 0 0 65 0 0 0 0 58 133 157 143 152 185 
150 0 0 54 0 156 0 0 55 0 141 0 0 40 0 168 0 0 46 0 149 0 0 41 0 
189 146 195 269 135 48 0 90 132 1 105 49 136 194 70 54 0 104 106 29 62 0 106 104 0 
112 113 78 51 11 193 176 144 102 116 106 93 90 47 20 236 204 200 133 120 126 145 99 34 46 
58 130 51 57 53 0 55 0 0 0 6 80 4 5 4 0 64 0 0 0 76 154 62 76 65 
0 0 0 16 0 0 0 0 17 0 0 0 0 20 0 0 0 0 20 0 173 186 219 216 216 
78 12 71 130 104 18 2 41 115 89 69 25 57 149 112 31 0 39 117 86 164 84 132 228 230 
0 102 84 0 91 0 115 82 0 120 0 123 58 0 91 0 96 101 0 102 0 122 76 0 104 
62 36 77 55 44 95 86 127 88 74 31 18 45 26 16 66 56 114 92 66 9 0 44 2 0 
75 0 0 0 50 64 0 0 0 49 80 0 0 0 60 66 0 0 0 46 172 88 80 89 146 
78 95 0 88 54 51 88 1 110 76 70 63 1 155 97 165 199 104 220 158 102 152 36 144 99 
89 106 118 91 70 9 38 51 20 12 0 16 55 0 0 68 87 111 66 54 29 36 67 21 13 
0 0 0 141 34 0 0 0 158 28 27 28 16 157 51 0 0 0 149 34 0 0 0 137 38 
0 0 0 187 11 215 188 185 451 230 0 0 0 202 16 156 173 168 375 162 0 0 0 167 11 
40 115 131 164 64 25 111 127 173 23 89 143 140 185 82 44 164 159 213 84 102 123 168 234 101 
0 0 0 1300 0 0 0 0 1293 0 0 0 0 1332 0 0 0 0 1384 2 0 0 0 1357 0 
195 0 0 0 0 197 13 17 17 20 177 0 0 0 0 196 0 0 0 0 166 0 0 0 0 
92 0 0 0 0 117 0 0 0 0 122 0 0 0 0 102 0 0 0 0 206 88 85 89 99 
161 84 39 95 97 69 0 0 11 15 156 41 41 59 52 143 54 66 91 94 226 148 128 167 155 
12 28 0 0 31 0 21 0 0 0 0 0 0 0 0 34 42 13 45 55 0 0 0 0 0 
63 77 148 118 89 0 0 50 0 0 0 0 86 0 0 0 0 63 0 0 182 186 245 218 200 
1 10 0 77 241 130 137 127 221 368 1 37 0 89 274 1 16 3 100 282 120 155 113 199 319 
9 29 76 9 239 5 0 51 8 193 127 108 156 126 294 137 150 205 178 347 2 3 56 5 199 
100 197 240 158 78 137 209 288 164 85 109 173 242 153 104 40 124 179 81 12 33 161 174 126 0 
102 0 0 11 0 95 0 0 0 0 112 0 0 0 0 109 0 0 0 0 134 18 25 8 33 
35 60 27 26 51 0 50 0 0 1 45 76 45 35 57 6 36 0 0 30 0 48 0 0 17 
621 637 647 701 637 0 0 0 0 0 0 0 0 0 0 0 0 0 0 0 0 0 0 0 0 
77 62 0 0 0 96 77 18 15 14 155 104 39 39 28 109 75 0 1 0 117 109 29 32 31 
33 0 0 67 76 90 51 48 95 129 19 0 0 62 69 39 10 18 58 65 32 31 37 78 85 
10 9 0 0 81 21 0 0 0 70 65 74 50 45 145 23 24 19 16 86 99 130 107 102 152 
55 0 0 0 0 62 0 0 0 0 64 0 0 0 0 202 132 145 146 140 52 0 0 0 0 
69 153 122 117 135 98 263 178 169 232 12 117 67 68 62 112 201 136 172 151 132 233 173 189 187 
0 0 0 0 0 36 39 38 23 25 0 0 0 0 0 67 81 82 71 114 125 107 119 117 139 
161 10 90 10 20 200 12 60 17 18 278 80 149 96 106 301 158 259 148 166 230 50 92 33 50 
20 0 28 0 0 23 0 16 0 0 33 0 39 20 0 78 55 85 67 68 22 3 30 0 3 
0 0 203 0 42 0 0 235 0 34 0 0 200 0 25 0 0 206 0 29 0 0 200 0 28 
109 67 0 129 46 122 82 0 119 72 134 116 34 136 76 100 66 0 104 62 94 86 1 117 40 
44 73 44 67 36 14 23 0 25 0 62 88 55 93 40 14 43 5 38 3 57 58 57 84 29 
0 0 44 55 0 71 53 106 102 63 0 0 40 39 0 59 53 104 84 52 39 29 78 75 25 
