912 808 769 755 868 1081 1055 1120 1089 1081 731 680 657 684 819 1000 978 955 991 1036 637 493 557 486 662 
175 160 182 181 179 0 0 0 0 0 135 89 128 111 106 0 0 0 0 0 0 0 0 0 0 
129 39 41 206 235 82 0 0 145 177 156 41 39 228 240 57 0 0 114 141 88 0 0 159 115 
336 48 168 105 160 242 1 51 3 10 468 110 235 168 191 507 238 379 292 318 327 76 126 59 98 
0 0 2 50 0 93 69 66 120 80 0 2 0 29 0 50 57 78 118 59 51 49 56 131 47 
157 44 69 113 25 124 9 77 86 0 132 28 68 99 21 123 4 55 99 0 284 163 259 282 179 
105 10 21 1 89 93 3 22 0 114 192 96 109 82 192 161 73 92 67 164 222 109 126 115 237 
0 0 0 0 0 0 0 0 0 0 1049 1061 1013 1038 1074 0 0 0 0 0 0 0 0 0 0 
0 0 0 252 0 0 0 1 244 0 116 103 98 376 116 115 99 91 389 125 0 0 0 241 0 
15 10 14 208 7 0 0 0 216 0 45 52 45 238 39 0 0 0 195 0 3 7 3 213 3 
0 0 0 0 0 0 0 0 0 0 0 0 0 0 0 58 66 67 70 80 173 149 153 185 150 
75 96 60 61 183 0 13 0 0 101 0 5 0 0 114 0 5 0 0 119 90 93 93 88 189 
131 134 139 148 147 0 0 0 0 0 0 0 0 0 0 0 0 0 0 0 78 75 66 65 75 
0 0 0 0 0 0 0 0 0 0 0 0 0 0 0 441 436 422 412 429 196 181 185 194 206 
0 201 0 0 86 0 171 0 0 98 115 316 136 123 194 0 194 0 0 96 0 223 0 0 76 
914 0 0 0 0 902 0 0 0 0 902 0 0 0 0 934 0 0 0 0 939 0 0 0 0 
12 6 204 125 141 34 12 202 158 147 88 104 271 229 169 181 162 382 326 286 97 82 255 198 253 
94 151 82 169 84 62 82 91 124 69 0 46 0 49 0 52 115 48 100 46 1 42 0 43 0 
40 10 18 10 21 144 111 125 119 126 42 0 0 0 25 25 0 0 0 25 127 139 105 127 158 
0 0 134 0 0 0 0 137 0 0 0 0 137 0 0 137 131 257 117 130 0 0 139 0 0 
0 66 45 47 0 0 78 43 45 0 36 97 90 98 33 0 70 47 47 0 0 70 57 43 0 
0 2 0 0 152 153 128 134 157 271 163 138 120 128 257 1 1 0 0 133 102 101 104 111 215 
0 0 0 0 0 0 0 0 0 0 0 0 0 0 0 1014 1080 1098 1067 1003 0 0 0 0 0 
0 18 51 134 0 0 17 52 118 0 0 18 47 144 0 0 17 51 144 0 0 15 51 144 0 
73 56 0 0 0 92 78 14 15 16 150 100 39 43 34 98 72 0 0 0 107 100 23 23 32 
73 119 80 124 150 5 41 19 64 65 12 43 20 75 101 0 45 0 52 67 0 40 0 67 70 
103 112 103 75 3 97 114 159 84 0 292 291 307 276 180 122 120 144 84 3 272 215 305 222 125 
67 9 13 93 11 72 0 0 109 0 213 151 139 224 128 73 3 0 101 3 104 38 48 168 35 
106 73 33 42 30 123 77 33 45 30 56 43 9 0 0 81 66 7 10 11 77 44 0 0 0 
0 0 151 63 0 0 0 159 53 0 0 0 204 58 0 0 0 175 50 0 0 0 153 43 0 
123 162 170 123 112 0 50 64 0 0 0 47 63 0 0 40 67 95 32 39 0 44 93 0 0 
109 88 99 109 95 153 164 146 155 151 32 62 64 55 56 0 0 0 0 0 0 0 0 0 0 
0 0 0 169 0 0 0 0 177 0 232 236 222 409 243 0 0 0 173 0 0 0 0 157 0 
0 0 0 0 0 172 157 193 149 161 0 0 0 0 0 0 0 0 0 0 80 57 79 75 91 
116 1 0 67 44 133 31 55 114 106 213 71 88 150 153 87 0 0 75 38 191 62 90 141 123 
0 83 0 0 0 0 81 0 0 0 0 66 0 0 0 108 153 82 118 81 53 127 42 48 50 
0 0 124 0 0 113 104 228 134 124 0 0 108 0 0 8 12 138 5 8 20 15 109 11 19 
264 197 184 255 120 125 81 65 115 0 91 84 50 90 0 283 238 159 281 121 140 82 68 135 0 
0 0 0 0 0 35 41 33 20 24 0 0 0 0 0 70 72 80 72 105 105 115 117 108 147 
0 237 0 207 0 0 191 0 197 0 8 217 7 212 8 0 202 0 202 0 0 202 0 222 0 
0 42 0 135 0 0 52 0 154 0 0 51 0 147 0 68 158 76 243 80 0 59 0 131 0 
0 0 0 0 68 74 65 71 56 123 78 67 67 75 116 0 0 0 0 68 0 0 0 0 72 
62 340 363 57 237 15 232 252 12 161 58 312 346 65 222 105 341 337 113 258 189 399 404 170 331 
0 48 39 0 94 22 75 52 14 105 32 101 102 46 89 0 74 29 0 76 0 67 33 0 85 
112 95 106 114 122 14 0 0 35 0 11 0 0 41 0 19 0 0 41 0 87 68 60 111 84 
77 0 68 0 0 66 0 81 0 0 120 56 118 50 54 105 17 85 13 14 70 0 80 0 0 
0 19 84 0 100 0 12 77 0 114 0 16 77 0 111 0 13 93 0 143 0 13 71 0 102 
28 61 154 88 28 73 72 161 126 68 0 42 121 41 0 53 65 153 103 47 0 27 107 69 0 
0 69 0 0 0 0 78 0 0 0 113 237 109 144 116 0 93 0 0 0 10 82 16 22 25 
0 0 0 84 0 74 79 60 148 94 0 0 0 80 0 0 0 0 92 0 84 72 66 167 70 
64 0 122 67 0 70 0 124 75 0 75 0 128 53 0 60 0 135 69 0 53 0 112 61 0 
88 57 0 35 0 137 90 25 60 32 116 102 0 32 0 141 72 0 49 0 110 74 0 41 0 
0 0 0 0 24 198 196 198 204 223 0 0 0 0 34 0 0 0 0 33 0 0 0 0 35 
115 53 62 128 102 77 41 66 116 81 28 0 0 63 8 33 0 0 55 12 51 16 10 70 34 
31 71 8 6 16 20 69 0 0 0 21 88 0 0 0 154 196 144 138 129 29 92 0 0 0 
0 0 0 22 0 193 178 202 204 167 0 0 0 24 0 0 0 0 23 0 0 0 0 19 0 
71 79 132 138 89 0 0 52 63 0 0 0 74 60 0 0 0 67 53 0 0 0 59 61 0 
62 56 58 48 67 41 0 0 0 8 76 62 48 48 68 30 0 0 0 19 91 49 45 44 56 
0 0 24 0 69 9 6 36 12 89 0 0 34 0 70 10 7 43 8 95 81 75 114 63 153 
595 596 618 655 601 0 0 0 0 0 0 0 0 0 0 0 0 0 0 0 0 0 0 0 0 
66 130 160 85 94 29 101 111 33 32 0 36 82 0 0 0 47 93 0 0 0 49 75 0 0 
0 0 119 0 0 0 0 99 0 0 80 125 220 115 111 0 0 93 0 0 0 0 115 0 0 
99 126 43 59 149 39 47 0 0 93 41 63 0 0 78 44 45 0 0 69 59 43 0 0 94 
0 48 0 23 36 59 115 57 80 96 0 59 0 27 38 0 55 0 39 40 26 65 22 53 64 
9 7 99 5 12 0 0 87 0 0 0 0 82 0 0 36 39 120 26 28 74 78 149 59 85 
0 0 0 51 75 88 81 62 117 163 0 0 0 49 73 0 0 0 36 84 0 0 0 47 73 
119 189 90 92 94 24 126 0 0 0 32 132 7 9 9 27 91 0 0 0 32 99 2 3 0 
62 24 92 34 94 17 0 35 3 66 16 0 39 0 71 19 0 52 1 63 11 0 36 4 71 
81 3 4 0 2 92 0 6 0 0 114 56 47 61 77 119 41 24 31 30 192 101 109 134 114 
66 34 118 47 49 32 0 81 0 0 29 0 77 0 0 26 0 69 0 0 83 45 122 48 45 
85 76 89 41 55 33 28 27 0 11 54 66 50 26 44 46 25 32 0 11 35 30 29 0 10 
0 62 65 0 0 0 64 38 0 0 19 103 73 21 21 31 105 43 33 41 0 62 46 0 0 
49 77 45 42 41 36 92 30 35 26 1 52 4 0 16 20 30 13 15 17 0 41 0 0 0 
30 0 91 0 45 64 42 124 38 80 23 0 84 0 29 37 10 98 5 36 30 0 99 0 28 
0 2108 1 0 0 0 2165 0 0 0 0 2024 0 0 0 0 2098 0 0 0 0 2042 0 0 0 
35 146 134 27 16 109 238 238 99 90 0 149 122 3 0 35 214 158 75 57 7 143 116 0 0 
53 90 75 0 0 41 106 87 0 0 69 98 101 0 0 59 114 86 0 0 53 106 97 0 0 
16 153 0 200 0 126 242 132 347 145 169 272 132 389 141 5 142 0 212 0 5 137 0 193 0 
73 95 160 104 72 0 0 59 0 0 0 0 82 0 0 0 0 71 0 1 181 197 246 193 190 
0 0 0 0 0 1253 1207 1218 1171 1241 0 0 0 0 0 0 0 0 0 0 0 0 0 0 0 
0 0 80 125 0 0 0 75 106 0 0 0 81 127 0 0 0 81 125 0 0 0 72 128 0 
136 45 47 86 40 144 46 47 98 60 84 0 0 36 0 79 0 0 35 0 90 0 0 42 0 
0 116 0 0 77 0 135 0 0 72 0 148 0 0 79 0 126 0 0 65 0 135 0 0 94 
213 350 188 298 138 126 214 48 175 12 327 461 307 469 208 217 353 153 277 99 259 411 334 385 211 
95 77 283 293 82 0 0 202 211 6 118 100 299 323 112 0 0 177 205 13 7 7 200 211 15 
162 123 126 175 275 11 22 3 0 168 14 16 10 13 183 252 248 196 233 416 244 277 286 258 451 
0 60 0 0 0 0 47 0 0 0 0 60 0 0 0 7 59 4 7 3 148 184 149 127 145 
86 37 63 23 68 80 15 33 0 71 80 15 35 0 46 120 18 35 0 66 197 151 142 120 210 
204 76 0 102 0 200 66 0 105 0 207 57 0 104 0 189 71 0 116 0 211 59 0 122 0 
55 0 0 0 0 62 0 0 0 0 64 0 0 0 0 202 133 145 146 141 52 0 0 0 0 
97 235 247 134 43 113 256 260 143 67 124 262 259 137 112 55 167 235 90 4 77 236 248 119 33 
72 0 3 50 19 100 59 51 97 64 104 82 72 93 80 83 21 25 70 27 70 0 0 32 1 
121 124 150 103 206 0 0 8 0 57 69 81 83 76 139 0 0 24 0 56 0 0 13 0 72 
21 45 0 52 0 100 116 60 102 48 54 54 25 77 34 36 39 0 51 0 24 38 0 51 0 
72 86 84 89 138 84 76 68 67 110 0 34 0 0 52 0 22 0 0 33 55 73 53 50 87 
0 84 0 0 0 37 151 44 38 36 31 151 35 40 35 31 146 31 33 40 44 150 58 42 56 
33 11 41 34 0 103 71 112 111 63 41 20 47 35 0 45 6 44 35 0 41 20 36 38 0 
3 8 0 86 211 138 137 129 220 359 2 20 0 86 267 0 4 2 88 253 131 154 128 190 320 
10 15 77 6 223 3 0 49 10 149 107 87 163 113 265 136 129 194 173 318 1 8 60 3 177 
148 0 0 0 0 130 0 0 0 0 224 87 104 100 105 127 0 0 0 0 131 0 0 0 0 
0 0 0 0 829 0 0 0 0 780 0 0 0 0 841 0 0 0 0 832 0 0 0 0 772 
131 109 0 176 62 130 148 0 221 87 188 178 54 257 95 116 111 2 172 82 132 146 0 210 66 
220 0 0 0 0 351 107 110 99 96 234 0 0 0 0 237 0 0 0 0 211 0 0 0 0 
0 0 0 0 0 88 64 80 73 82 0 0 0 0 0 165 136 165 175 161 0 0 0 0 0 
0 23 0 157 0 36 57 50 196 33 0 19 0 138 0 0 16 0 145 0 0 21 0 170 0 
91 67 104 132 143 46 0 63 62 56 31 0 68 74 62 83 60 106 133 114 17 0 51 58 43 
50 58 58 141 117 31 24 34 85 78 0 0 0 86 59 0 0 0 54 55 7 11 10 76 59 
0 11 70 0 0 91 120 217 94 119 0 13 80 0 1 67 100 215 62 78 0 5 75 0 0 
203 13 193 0 0 208 3 182 0 0 211 6 197 5 0 186 3 199 0 0 221 24 192 12 11 
287 105 331 131 219 329 155 420 179 214 346 173 420 223 262 197 23 241 66 134 229 57 290 48 131 
65 152 69 83 66 0 86 0 27 0 17 128 28 34 26 0 104 0 17 0 0 75 0 22 0 
0 0 38 0 66 43 55 93 48 138 67 87 102 63 148 0 0 38 0 75 0 0 51 0 73 
0 0 16 0 187 0 0 16 0 178 0 0 28 0 166 0 0 25 0 179 0 0 23 0 182 
0 0 0 52 0 0 0 0 65 0 58 63 48 146 50 0 0 0 63 0 98 84 89 172 92 
106 0 0 101 0 118 0 0 125 0 108 0 0 102 0 107 0 0 121 0 106 0 0 119 0 
0 28 70 73 0 130 193 201 211 142 178 209 237 240 147 18 62 107 104 23 83 124 131 157 62 
119 177 145 121 258 0 0 0 0 100 0 0 0 0 93 25 36 34 25 136 0 0 0 0 105 
126 213 132 120 123 0 114 0 0 0 85 191 89 93 78 3 97 2 0 3 87 204 73 75 78 
151 135 82 80 82 81 46 0 0 0 88 48 6 4 9 68 48 0 0 0 79 60 0 0 0 
0 119 0 0 0 38 160 54 60 63 0 125 0 0 0 66 191 77 80 65 0 119 0 0 0 
0 0 0 0 0 0 0 0 0 0 0 0 0 0 0 0 0 0 0 0 445 429 474 451 409 
0 0 37 0 0 73 79 92 75 87 0 0 31 0 0 77 73 85 58 79 19 25 58 22 26 
12 20 19 20 56 1 0 0 0 39 86 91 84 78 111 0 0 0 0 40 81 110 83 84 123 
0 0 0 139 0 0 0 0 120 0 0 0 0 146 0 0 0 0 146 0 79 72 83 207 82 
0 69 0 32 71 0 68 0 33 72 0 60 0 32 91 0 58 0 26 71 17 79 25 53 116 
0 112 0 0 0 0 108 0 0 0 0 106 0 0 0 0 96 0 0 0 97 185 99 105 92 
0 0 0 39 0 75 74 79 73 72 42 18 46 37 57 0 0 0 23 0 107 106 113 142 116 
0 0 118 57 0 43 45 155 107 50 0 0 103 41 0 0 0 90 38 0 0 0 127 35 0 
0 10 0 0 0 3 79 23 0 28 0 79 0 0 21 0 49 8 0 1 0 54 17 0 18 
59 0 0 0 0 126 62 61 76 69 99 20 17 20 15 131 47 46 52 41 58 0 0 0 0 
83 35 33 111 37 39 0 0 91 0 48 0 0 85 0 83 35 30 120 32 55 0 0 83 0 
0 0 63 43 0 0 0 55 43 0 101 99 149 132 97 0 0 62 47 0 0 0 67 42 0 
34 0 0 77 104 99 82 81 118 200 35 1 1 88 117 45 15 25 89 102 33 28 49 82 109 
3 7 52 101 9 0 0 52 82 0 52 35 126 124 50 31 45 79 135 40 0 0 48 82 0 
73 2 63 50 11 55 6 51 47 25 147 78 133 135 113 88 18 62 60 24 57 0 50 47 0 
41 0 59 0 62 42 0 60 0 56 29 0 76 0 77 100 60 112 72 109 35 0 60 0 61 
83 22 172 78 55 73 13 171 76 37 58 0 147 35 20 157 58 221 110 109 99 36 199 82 72 
11 88 140 20 121 138 182 256 121 246 30 103 191 45 178 0 39 130 3 120 116 144 225 127 236 
19 22 29 68 60 42 48 43 83 91 0 0 0 33 31 0 0 0 29 24 88 103 109 141 121 
16 31 0 83 0 29 47 0 103 0 76 72 39 128 53 25 37 0 103 0 40 33 0 80 0 
0 0 55 0 0 165 149 222 153 179 0 0 65 0 0 0 0 84 0 0 0 0 76 0 0 
11 6 0 0 74 12 0 0 0 64 62 66 48 40 125 25 21 16 14 77 89 117 101 98 138 
57 9 4 0 14 85 59 57 61 60 90 67 75 85 81 34 0 0 0 7 30 9 12 7 21 
19 98 70 19 30 0 90 64 5 5 0 67 40 0 12 0 80 52 4 12 45 123 105 40 73 
162 197 110 110 115 76 65 48 24 24 42 51 14 0 0 47 55 11 0 0 39 44 16 0 0 
95 0 0 7 0 83 0 0 30 0 99 0 0 18 0 100 0 0 0 0 122 15 23 29 29 
77 77 11 23 23 50 49 0 0 3 53 75 16 11 19 68 75 37 45 53 89 80 44 32 50 
33 62 31 70 20 0 59 2 36 10 0 40 1 44 9 0 31 0 26 0 32 87 52 91 69 
0 0 56 25 11 0 0 44 32 3 0 0 44 38 6 43 53 122 91 61 54 50 100 92 63 
29 38 26 22 31 0 0 0 0 0 71 59 57 62 55 0 0 0 0 0 120 107 99 114 110 
44 33 41 34 40 0 0 18 0 0 0 0 21 0 0 54 51 88 60 52 134 112 144 148 128 
29 40 101 48 55 6 10 59 15 22 60 54 125 56 52 0 0 47 3 1 0 2 57 22 12 
0 0 180 32 0 0 0 141 23 0 19 20 156 37 18 0 0 166 23 0 0 0 162 23 0 
45 107 0 0 0 88 150 59 47 50 92 180 30 21 23 104 180 65 58 61 39 97 0 0 0 
80 4 84 86 95 146 69 175 169 174 166 87 178 192 207 150 57 116 127 164 99 7 93 134 116 
104 144 80 67 78 17 64 0 0 0 90 160 79 57 69 47 84 33 19 22 28 80 0 0 0 
0 113 106 160 0 0 128 119 165 1 0 108 119 167 2 0 117 116 156 1 0 126 119 166 2 
13 0 0 131 0 9 0 0 95 0 91 65 87 187 84 11 0 0 99 0 20 1 1 104 1 
53 70 39 38 62 0 55 0 0 20 50 75 37 36 58 7 36 0 0 27 0 54 0 0 29 
114 139 10 59 97 192 228 84 92 190 141 179 53 59 112 93 80 5 26 76 203 279 98 147 175 
67 187 137 87 107 5 44 66 11 1 33 81 110 36 32 28 78 64 12 28 0 67 48 0 0 
6 32 19 7 84 16 36 26 5 106 0 18 13 4 59 57 89 71 48 162 34 38 43 30 109 
677 540 586 473 503 482 292 252 209 264 469 292 319 218 282 350 159 139 64 114 558 384 395 383 370 
82 61 2 4 1 157 146 71 77 69 81 78 0 0 0 92 90 23 15 18 67 57 0 0 0 
174 304 132 145 137 257 375 143 248 171 134 274 84 135 72 50 179 0 35 0 91 218 65 82 43 
11 0 0 71 0 14 0 0 30 0 66 53 34 87 31 75 58 55 104 72 25 0 11 34 0 
0 0 0 0 52 0 0 0 0 57 0 0 0 0 66 0 0 0 0 58 135 159 143 155 188 
64 3 32 0 14 119 13 49 24 29 115 48 79 46 60 125 63 116 67 85 109 33 40 17 28 
150 0 0 54 0 156 0 0 55 0 141 0 0 40 0 168 0 0 46 0 149 0 0 41 0 
157 124 157 232 122 44 2 80 125 5 76 42 122 170 61 43 8 96 101 24 39 0 67 83 1 
0 0 52 58 0 84 59 123 98 66 0 0 46 43 1 76 55 122 96 53 58 35 94 86 28 
64 108 82 170 162 0 3 0 95 40 0 11 0 57 55 0 8 10 71 57 29 45 30 92 70 
102 122 73 43 16 147 160 127 102 104 71 80 76 27 7 198 197 182 134 124 103 129 103 10 50 
71 141 60 64 58 0 65 0 0 0 6 88 4 5 6 0 67 0 0 0 87 173 71 86 68 
0 0 0 16 0 0 0 0 22 0 0 0 0 18 0 0 0 0 22 0 178 192 222 216 222 
45 0 0 33 39 118 82 77 104 104 49 0 0 34 39 42 0 0 25 43 50 0 0 29 32 
48 8 51 100 75 8 0 17 90 73 55 23 49 118 102 24 0 35 84 87 101 74 102 174 183 
0 69 55 0 67 0 71 63 0 72 0 79 53 0 55 0 66 64 0 69 0 84 67 0 66 
47 22 56 40 33 71 52 92 55 55 23 16 36 20 13 55 45 103 70 49 8 0 32 2 0 
78 0 0 0 50 65 0 0 0 51 86 0 0 0 55 68 0 0 0 48 182 94 82 99 152 
74 101 8 105 71 53 108 0 105 84 43 63 0 100 58 176 222 120 214 154 99 157 46 166 117 
92 0 0 0 0 117 0 0 0 0 122 0 0 0 0 101 0 0 0 0 206 88 85 89 99 
81 98 113 88 70 12 37 42 15 10 0 17 53 0 0 70 85 92 62 53 22 33 61 18 13 
0 0 0 140 35 0 0 0 158 28 27 29 16 157 51 0 0 0 149 34 0 0 0 138 38 
0 0 181 0 34 0 0 201 0 27 0 0 181 0 23 0 0 165 0 21 0 0 168 0 26 
0 0 0 144 16 131 119 111 316 152 0 0 0 167 17 87 101 85 221 85 0 0 0 138 8 
38 121 161 204 45 19 98 109 172 16 68 148 140 184 51 46 169 165 186 87 71 141 142 187 39 
0 0 0 1258 0 0 0 0 1219 0 0 0 0 1247 0 0 0 2 1314 1 0 0 0 1272 0 
9 23 4 29 0 0 0 0 5 8 2 0 0 0 0 1 0 0 0 2 72 103 55 111 87 
0 0 1451 0 0 0 0 1469 0 0 0 0 1367 0 0 0 0 1488 0 0 0 0 1450 0 0 
