855 826 731 703 828 1137 1241 1146 1004 1121 624 689 620 608 766 1048 974 969 895 1021 618 516 524 454 647 
219 162 216 202 181 0 3 0 0 0 137 121 135 120 120 0 0 0 0 0 0 0 0 0 0 
142 78 51 232 274 75 0 0 156 167 170 54 29 278 272 72 0 0 110 162 65 0 0 148 151 
133 0 109 147 149 211 42 189 248 224 312 148 271 308 320 231 44 164 219 250 149 0 125 205 153 
182 43 124 200 54 157 8 89 138 0 162 35 110 134 38 131 1 64 132 0 300 195 290 335 195 
110 11 22 0 100 81 0 17 0 104 188 103 106 92 175 164 62 104 63 149 226 115 118 107 250 
0 0 0 0 0 0 0 0 0 0 1009 1023 966 993 1032 0 0 0 0 0 0 0 0 0 0 
0 0 0 230 0 0 0 3 217 0 98 96 85 326 108 97 95 80 347 113 0 0 0 204 0 
13 7 13 186 5 0 0 0 191 0 44 52 35 196 31 0 0 0 172 0 3 7 3 193 3 
0 0 0 0 0 0 0 0 0 0 0 0 0 0 0 64 68 65 66 87 199 162 171 192 177 
89 98 69 59 185 0 11 0 0 124 0 5 0 0 112 0 3 0 0 115 97 89 85 78 193 
143 150 150 151 160 0 0 0 0 0 0 0 0 0 0 0 0 0 0 0 82 83 63 62 82 
0 0 0 0 0 0 0 0 0 0 0 0 0 0 0 441 435 428 412 417 197 178 185 189 207 
0 142 0 0 54 0 127 0 0 59 48 192 60 59 83 0 109 0 0 66 0 158 0 0 53 
811 0 0 0 0 810 0 0 0 0 801 0 0 0 0 837 0 0 0 0 850 0 0 0 0 
25 16 165 137 135 50 7 151 128 152 93 95 230 195 187 170 174 323 281 277 129 80 230 198 253 
66 109 67 124 67 59 66 55 101 60 0 39 0 43 0 37 93 40 75 36 0 42 0 39 0 
30 7 11 8 16 113 95 92 90 106 30 0 0 0 15 24 0 0 0 20 112 101 84 88 127 
0 0 181 0 0 0 0 156 0 0 0 0 178 0 0 188 186 312 159 160 0 0 175 0 0 
0 79 45 51 0 0 90 48 52 0 39 108 104 105 36 0 84 59 51 0 0 83 64 45 0 
3 2 0 1 159 154 120 125 157 273 142 130 129 137 235 2 7 0 1 124 83 90 99 96 201 
0 0 0 0 0 0 0 0 0 0 0 0 0 0 0 1014 1069 1079 1051 978 0 0 0 0 0 
0 18 51 139 0 0 17 53 121 0 0 20 47 145 0 0 17 50 151 0 0 15 54 146 0 
64 53 0 0 0 79 70 16 15 13 129 86 35 35 24 84 63 0 0 0 99 89 22 23 29 
87 164 99 193 197 9 63 22 88 90 15 56 33 92 113 0 48 0 72 79 0 62 0 74 91 
105 149 154 88 0 112 168 191 105 2 327 342 384 351 229 123 153 165 114 0 290 245 350 275 121 
86 21 23 103 28 74 0 0 113 0 212 157 137 228 132 79 5 0 105 6 117 55 51 176 45 
99 74 38 40 28 119 83 40 50 27 47 43 13 0 0 73 63 16 11 12 69 44 9 0 0 
0 0 183 75 0 0 0 196 72 0 0 0 225 69 0 0 0 215 64 0 0 0 176 55 0 
113 149 161 115 94 0 50 67 0 0 0 48 66 0 0 39 66 101 34 32 0 44 105 0 1 
69 53 73 76 63 101 121 111 121 105 24 43 44 37 37 0 0 0 0 0 0 0 0 0 0 
0 0 0 167 0 0 0 0 174 0 230 234 220 410 243 0 0 0 171 0 0 0 0 154 0 
0 0 0 0 0 171 174 210 168 180 0 0 0 0 0 0 0 0 0 0 95 79 98 93 113 
142 1 15 103 72 157 40 51 136 121 266 96 91 173 171 116 0 0 89 57 255 96 99 194 152 
0 78 0 0 0 0 73 0 0 0 0 58 0 0 0 108 143 76 114 76 51 122 43 51 46 
0 0 108 0 0 94 96 204 121 114 0 0 101 0 0 8 12 111 4 10 17 15 92 13 15 
258 239 198 260 115 119 107 84 118 0 90 88 63 102 0 270 244 168 282 119 138 149 90 144 0 
0 0 0 0 0 41 42 38 23 30 0 0 0 0 0 74 79 89 81 116 118 115 110 110 140 
0 236 0 199 0 0 188 0 190 0 2 203 8 188 4 0 192 0 184 0 0 198 0 203 0 
0 48 0 132 0 0 59 0 140 0 0 48 0 140 0 55 131 68 202 73 0 62 0 121 0 
0 0 0 0 73 78 73 77 59 135 88 71 75 77 127 0 0 0 0 74 0 0 0 0 73 
60 263 310 35 227 29 197 219 5 166 82 281 312 51 242 120 296 297 118 249 220 359 383 155 308 
0 48 34 0 82 20 66 45 13 95 28 89 90 41 84 0 61 29 0 68 0 65 28 0 71 
147 120 141 164 159 15 0 0 53 0 13 0 0 62 0 20 0 0 57 0 123 80 85 138 96 
85 0 74 0 0 91 0 82 0 0 168 67 148 66 69 135 27 98 17 16 92 0 98 0 0 
0 18 81 0 96 0 12 69 0 107 0 16 74 0 105 0 14 91 0 133 0 12 69 0 101 
18 62 147 80 18 60 76 154 111 56 0 37 119 36 0 46 70 160 112 51 0 19 106 61 0 
0 67 0 0 0 0 79 0 0 0 137 248 130 141 131 0 97 0 0 0 15 90 19 27 27 
0 0 0 84 0 68 79 57 139 95 0 0 0 83 0 0 0 0 90 0 87 72 72 180 68 
59 0 98 52 0 61 0 120 56 0 66 0 100 60 0 49 0 111 56 0 47 0 111 51 0 
77 46 0 29 0 103 73 16 47 24 92 86 0 24 0 110 53 0 41 0 87 58 0 33 0 
0 0 0 0 25 187 164 182 192 203 0 0 0 0 34 0 0 0 0 30 0 0 0 0 34 
113 58 67 139 94 78 43 67 127 87 29 0 0 63 8 41 0 0 67 13 46 11 9 68 32 
31 58 8 6 9 19 49 0 0 0 23 77 0 0 0 133 176 133 127 119 29 77 0 0 0 
0 0 0 21 0 186 170 197 198 163 0 0 0 23 0 0 0 0 22 0 0 0 0 19 0 
71 79 133 138 89 0 0 52 63 0 0 0 74 60 0 0 0 67 53 0 0 0 59 62 0 
63 56 59 48 68 41 0 0 0 11 76 62 48 48 72 29 0 0 0 22 92 49 45 49 60 
0 0 24 0 69 8 3 36 11 89 0 0 33 0 70 7 6 41 6 95 80 75 113 64 153 
55 105 137 64 70 28 78 94 26 26 0 32 70 0 0 0 37 71 0 0 0 39 66 0 0 
0 0 117 0 0 0 0 96 0 0 78 118 215 115 103 0 0 89 0 0 0 0 108 0 0 
120 142 45 62 163 51 48 0 0 98 57 71 0 0 77 54 53 0 0 86 80 52 0 0 102 
0 49 0 23 36 59 115 56 80 94 0 59 0 26 38 0 55 0 37 40 26 65 20 52 63 
9 5 97 3 12 0 0 80 0 0 0 0 77 0 0 36 39 113 27 28 73 77 146 58 84 
0 0 0 51 74 88 81 61 117 163 0 0 0 48 72 0 0 0 35 81 0 0 0 47 72 
104 199 90 82 100 25 124 0 0 0 33 129 6 9 9 25 83 0 0 0 25 95 0 0 0 
72 32 99 40 100 20 0 40 1 62 17 0 41 0 77 20 0 49 0 61 1 0 35 3 55 
46 0 4 0 1 44 0 0 0 0 47 43 13 44 55 71 3 0 6 0 153 99 89 129 104 
41 34 118 46 52 15 0 81 0 0 10 0 77 0 0 3 0 70 0 0 38 32 109 34 25 
0 62 60 0 0 0 56 50 0 2 20 104 78 21 21 32 109 57 40 42 0 62 47 0 0 
22 0 83 0 32 60 43 118 39 72 24 0 76 0 15 12 0 73 0 15 23 0 88 0 20 
0 2114 0 0 0 0 2183 0 0 0 0 2064 0 0 0 0 2121 0 0 0 0 2051 0 0 0 
24 94 97 12 9 78 166 191 88 71 5 102 106 2 0 40 163 125 69 31 3 110 75 4 0 
57 114 101 0 0 58 131 128 0 0 65 126 121 0 0 81 137 112 0 0 65 133 126 0 0 
0 94 0 128 0 109 161 93 208 112 64 160 52 201 56 0 96 0 148 0 0 109 0 113 0 
0 0 0 0 0 1306 1259 1253 1223 1279 0 0 0 0 0 0 0 0 0 0 0 0 0 0 0 
0 0 79 127 0 0 0 75 109 0 0 0 84 131 0 0 0 82 129 0 0 0 71 130 0 
154 49 47 99 43 146 51 50 112 61 93 0 0 41 0 80 0 0 38 0 94 0 0 46 0 
0 142 0 0 88 0 162 0 0 84 0 175 0 0 103 0 149 0 0 82 0 179 0 0 108 
132 251 146 220 62 62 177 29 114 0 266 400 224 338 156 144 275 113 198 40 170 350 240 261 106 
97 79 284 286 84 0 0 199 193 0 92 106 274 298 80 0 0 158 172 2 11 9 202 188 27 
144 113 110 148 227 8 23 1 14 145 6 16 6 6 154 196 216 172 191 350 207 237 230 223 375 
0 70 0 0 0 0 58 0 0 0 0 69 0 0 0 7 64 4 7 6 166 203 167 149 166 
50 25 39 10 50 46 15 30 0 40 46 13 35 0 31 77 12 30 0 50 122 107 107 90 125 
200 63 0 99 0 203 63 0 104 0 204 46 0 104 0 190 55 0 104 0 195 56 0 106 0 
0 0 1446 0 0 0 0 1481 0 0 0 0 1375 0 0 0 0 1486 0 0 0 0 1442 0 0 
84 1 15 60 22 107 68 57 106 65 109 71 71 87 81 58 26 20 69 31 58 0 0 27 13 
123 123 135 83 187 0 0 5 0 48 64 80 79 61 116 0 0 21 0 55 0 0 12 0 61 
35 79 0 111 0 106 162 86 199 78 106 123 87 206 90 42 69 0 104 0 29 60 0 106 0 
65 76 64 72 104 65 70 57 51 81 0 23 0 0 43 0 18 0 0 25 42 59 45 39 80 
0 77 0 0 0 31 155 42 34 31 34 151 37 34 34 22 140 18 29 36 41 145 51 36 56 
32 10 41 31 0 102 68 111 108 63 41 18 44 37 0 45 8 44 31 0 41 19 37 38 0 
157 0 1 0 0 132 0 0 0 0 237 87 109 110 110 128 0 0 0 0 141 0 0 0 0 
0 0 0 0 821 0 0 0 0 779 0 0 0 0 829 0 0 0 0 822 0 0 0 0 768 
138 100 0 172 48 126 113 0 196 64 190 159 41 252 94 111 110 4 157 89 136 154 2 220 65 
137 0 0 0 0 254 95 94 84 74 154 0 0 0 0 144 0 0 0 0 149 0 0 0 0 
0 0 0 0 0 85 55 75 76 69 0 0 0 0 0 174 142 173 172 163 0 0 0 0 0 
0 22 0 143 0 33 56 46 189 33 0 19 0 133 0 0 16 0 136 0 0 20 0 161 0 
115 46 94 90 125 78 0 60 22 31 100 0 92 57 62 171 101 153 99 148 63 0 42 42 66 
43 47 55 128 105 25 20 30 81 72 0 0 0 77 55 0 0 0 48 49 6 9 6 75 53 
0 13 66 0 0 85 112 205 98 99 0 12 87 1 0 62 103 192 68 73 0 6 70 0 0 
212 14 194 0 0 206 0 177 0 0 205 4 197 4 1 176 0 193 0 0 218 23 188 10 11 
388 121 371 173 258 370 121 368 170 229 384 146 400 219 280 250 9 257 94 138 258 66 281 73 135 
65 152 69 83 67 0 86 0 27 0 17 128 28 34 27 0 104 0 17 0 0 75 0 22 0 
0 0 33 0 58 35 46 78 44 113 55 74 89 53 121 0 0 33 0 61 0 0 49 0 58 
0 0 20 0 216 0 0 18 0 197 0 0 34 0 184 0 0 30 0 202 1 0 26 0 205 
0 0 0 50 0 0 0 0 59 0 54 59 45 140 45 0 0 0 59 0 85 78 82 158 86 
105 0 0 114 0 133 0 0 148 0 126 0 0 111 0 126 0 0 128 0 115 0 0 128 0 
6 47 92 66 15 92 154 176 158 101 170 230 236 218 151 3 65 91 85 2 57 99 107 106 43 
119 139 130 116 235 0 0 0 0 87 0 0 0 0 80 26 23 31 25 115 0 0 0 0 87 
119 207 126 118 122 0 110 0 0 0 76 180 79 84 73 0 94 0 0 0 53 172 55 54 64 
152 150 86 91 91 85 56 0 0 0 103 55 4 5 10 76 56 0 0 0 86 68 0 0 0 
0 131 0 0 0 37 174 54 58 72 0 146 0 0 0 62 208 79 93 73 0 123 0 0 0 
0 0 0 0 0 0 0 0 0 0 0 0 0 0 0 0 0 0 0 0 440 411 445 435 399 
0 0 37 0 0 73 79 92 75 87 0 0 31 0 0 77 75 85 59 79 18 25 59 22 25 
8 15 16 17 52 0 0 0 0 36 80 79 71 69 99 0 0 0 0 33 68 98 78 76 105 
0 0 0 132 0 0 0 0 117 0 0 0 0 143 0 0 0 0 148 0 77 77 80 203 83 
0 70 0 34 72 3 64 0 39 76 1 55 0 37 93 0 58 0 32 72 19 76 24 53 113 
0 115 0 0 0 0 111 0 0 0 0 116 0 0 0 0 101 0 0 0 100 198 102 110 97 
0 19 0 0 3 75 95 78 61 75 81 67 72 68 73 0 6 0 11 0 120 140 122 125 116 
0 0 117 55 0 43 45 155 106 50 0 0 102 39 0 0 0 89 38 0 0 0 126 35 0 
59 0 0 0 0 125 62 61 76 69 99 20 18 20 15 131 47 45 52 40 58 0 0 0 0 
82 35 33 111 35 38 0 0 91 0 47 0 0 85 0 83 35 30 120 32 53 0 0 83 0 
0 0 14 26 0 0 0 0 23 0 101 99 94 113 97 0 0 0 27 0 0 0 20 27 0 
31 0 0 78 112 95 75 78 120 179 19 3 10 80 105 57 23 32 97 120 32 35 48 101 129 
3 6 52 111 8 0 0 54 81 0 51 34 110 131 55 32 48 87 130 41 0 0 50 93 0 
68 4 61 69 12 60 7 59 62 21 158 98 153 153 100 80 22 50 66 18 56 0 53 76 1 
47 0 62 0 68 40 0 62 0 59 27 0 75 0 84 113 59 129 69 124 38 0 66 0 59 
84 13 193 91 44 79 2 165 93 26 67 0 151 36 6 205 97 259 162 137 97 25 216 97 57 
16 71 155 31 110 151 190 309 129 243 40 112 204 43 173 0 49 173 0 118 105 151 253 106 217 
20 21 25 60 51 41 38 38 77 78 0 0 0 31 29 0 0 0 24 18 80 92 102 134 105 
22 35 0 99 0 41 54 0 121 0 96 85 45 154 64 35 46 0 124 0 48 38 0 91 0 
0 0 60 0 0 165 158 211 153 177 0 0 60 0 0 0 0 77 0 0 0 0 74 0 0 
11 5 0 0 84 19 0 0 3 85 89 76 63 59 181 27 22 26 23 102 123 163 134 149 205 
99 16 18 8 33 129 91 88 87 104 157 107 119 109 121 69 0 7 0 23 52 16 18 7 32 
18 102 65 15 32 0 85 66 5 6 0 71 43 0 18 0 76 48 5 14 46 119 97 38 79 
145 204 96 107 106 76 66 49 22 26 45 51 18 0 0 44 53 14 0 0 33 47 15 1 0 
72 90 18 21 19 60 58 0 0 0 61 71 11 4 12 68 87 31 42 48 79 87 50 31 32 
34 79 43 71 26 0 66 14 43 16 0 51 11 47 20 0 44 15 31 13 38 104 63 104 76 
0 0 61 36 12 0 0 48 40 7 0 0 53 41 8 48 59 145 108 67 56 55 108 98 67 
29 38 28 24 34 0 0 0 0 0 72 63 57 65 57 0 0 0 0 0 128 111 107 124 117 
39 29 33 30 37 0 0 14 0 0 0 0 18 0 0 46 40 74 51 45 108 86 120 120 106 
32 41 106 50 45 1 7 57 14 13 56 50 129 51 47 0 0 50 0 1 0 0 60 15 0 
0 0 180 31 0 0 0 140 21 0 19 18 155 35 18 0 0 165 18 0 0 0 162 22 0 
48 76 0 0 0 74 106 42 32 33 78 120 19 13 9 85 140 41 39 42 39 75 0 0 0 
110 149 89 63 80 12 51 5 0 0 85 147 73 71 65 42 76 33 20 19 23 63 0 0 0 
0 120 113 167 0 0 131 120 170 0 0 108 122 172 0 0 119 116 156 0 0 133 125 170 0 
23 0 0 218 0 10 0 0 137 0 160 111 141 285 122 12 0 0 179 0 37 0 0 161 1 
147 176 21 73 137 200 275 105 119 222 157 211 80 96 163 107 118 1 28 88 278 350 149 184 244 
95 223 172 115 125 7 72 115 24 5 47 114 146 42 43 30 119 101 18 46 0 77 75 0 0 
9 25 21 13 69 18 32 29 9 107 10 19 16 11 56 68 85 78 51 153 29 40 38 31 101 
632 474 516 346 504 470 224 291 211 252 496 294 343 198 288 364 173 146 81 152 517 322 385 311 342 
106 71 0 5 0 209 179 91 81 85 88 98 0 0 0 119 107 24 21 16 79 68 0 0 0 
132 309 127 127 129 237 365 140 226 168 102 259 72 105 54 33 192 9 29 0 84 218 67 92 48 
0 0 0 0 55 0 0 1 0 61 0 0 0 0 76 0 0 0 0 59 144 168 153 168 200 
82 0 42 0 13 136 15 60 29 36 128 63 99 47 54 154 89 142 68 96 141 20 46 20 32 
150 0 0 54 0 156 0 0 55 0 140 0 0 40 0 168 0 0 46 0 149 0 0 41 0 
125 117 145 226 115 28 3 76 114 3 50 39 102 163 49 34 6 93 94 26 41 3 78 84 3 
75 118 93 186 182 0 9 6 104 59 0 9 4 64 68 0 12 9 101 60 34 46 41 115 62 
136 149 93 74 22 226 202 171 152 131 121 115 73 81 26 269 235 213 179 160 159 174 132 89 95 
63 140 52 59 55 0 56 0 0 0 6 82 4 4 4 0 66 0 0 0 79 161 65 76 66 
0 0 0 17 0 0 0 0 19 0 0 0 0 21 0 0 0 0 22 0 184 194 217 230 222 
19 0 0 0 32 81 87 77 55 97 0 0 0 0 31 0 0 0 0 32 24 0 0 0 27 
76 4 68 127 124 28 10 42 127 101 73 18 54 158 123 26 0 43 92 91 165 104 144 223 242 
0 91 67 0 91 0 97 78 0 89 0 119 59 0 77 0 89 103 0 96 0 117 80 0 87 
86 44 87 70 55 103 83 150 100 92 32 28 68 40 18 86 58 140 112 71 10 0 54 0 0 
83 0 0 0 49 67 0 0 0 50 82 0 0 0 59 68 0 0 0 52 186 95 84 95 159 
100 152 31 168 116 84 183 1 143 162 50 127 3 145 83 252 286 194 291 258 125 259 117 191 174 
92 116 116 91 72 13 36 42 11 7 0 17 56 0 0 68 82 104 57 59 24 30 58 20 14 
0 0 0 140 35 0 0 0 158 28 27 29 16 157 51 0 0 0 149 34 0 0 0 138 38 
0 0 0 156 15 168 156 146 366 184 0 0 0 191 24 141 135 142 299 124 0 0 0 152 13 
29 138 171 189 64 4 85 108 176 16 59 117 133 174 67 43 201 165 251 101 105 146 190 214 106 
0 0 0 1269 0 0 2 0 1286 0 0 0 0 1298 0 0 3 5 1360 3 0 0 0 1317 0 
195 0 0 0 0 197 13 18 17 20 178 0 0 0 0 196 0 0 0 0 166 0 0 0 0 
92 0 0 0 0 117 0 0 0 0 122 0 0 0 0 102 0 0 0 0 206 88 85 89 99 
186 34 65 35 30 141 0 14 4 1 266 84 89 76 82 239 128 185 157 146 178 69 79 65 63 
0 24 0 0 0 0 37 0 0 0 0 0 0 0 1 28 48 10 43 43 0 0 0 0 0 
90 90 154 134 105 0 0 61 0 0 0 0 70 0 0 0 0 73 0 0 251 234 266 260 249 
1 11 0 74 207 118 131 110 197 333 1 21 0 80 257 0 13 0 83 258 119 138 118 171 308 
14 22 91 4 225 2 3 54 5 179 122 96 172 117 280 141 144 217 168 334 2 4 67 1 195 
150 294 305 246 70 165 250 292 197 76 158 244 293 216 121 78 200 231 135 15 61 211 236 166 22 
109 0 0 18 0 93 0 0 0 0 113 0 0 0 0 117 0 0 0 0 142 16 24 32 30 
0 0 198 0 36 0 0 234 0 32 0 0 205 0 26 0 0 204 0 23 0 0 186 0 29 
0 0 48 57 0 71 44 98 88 61 0 0 46 37 0 60 47 100 82 44 47 30 90 76 27 
54 74 50 42 72 0 47 0 0 20 44 71 39 34 62 0 28 0 0 29 0 50 0 0 18 
617 621 645 692 624 0 0 0 0 0 0 0 0 0 0 0 0 0 0 0 0 0 0 0 0 
55 0 0 0 0 63 0 0 0 0 64 0 0 0 0 202 133 146 145 142 51 0 0 0 0 
0 0 0 36 0 76 66 48 102 55 0 0 0 24 0 47 49 63 93 52 42 50 42 96 38 
0 66 0 0 34 0 68 0 0 40 83 166 99 82 130 0 79 0 0 32 0 66 0 0 31 
