749 775 669 683 746 1038 1175 1007 970 1016 569 650 526 570 679 838 885 744 842 866 487 529 411 424 519 
217 154 218 190 189 0 0 0 0 0 131 110 139 121 125 0 0 0 0 0 0 0 0 0 0 
163 82 47 226 261 75 0 0 181 179 195 55 37 298 307 72 0 0 144 168 69 0 0 148 127 
112 0 90 152 155 198 52 209 248 226 285 131 284 313 337 233 69 191 224 246 152 2 138 196 185 
132 30 80 121 14 123 6 70 94 0 129 29 68 80 21 111 0 51 108 0 253 170 219 267 161 
111 8 19 0 98 88 0 20 0 117 188 92 102 83 186 170 76 93 65 169 227 106 123 106 245 
0 0 0 0 0 0 0 0 0 0 1024 1039 994 1025 1066 0 0 0 0 0 0 0 0 0 0 
0 0 0 248 0 0 0 4 232 1 107 100 96 355 113 109 103 84 367 116 0 0 0 235 0 
12 9 14 173 6 0 0 0 179 0 39 46 33 172 27 0 0 0 155 0 3 6 3 175 4 
0 0 0 0 0 0 0 0 0 0 0 0 0 0 1 69 67 73 80 98 201 175 179 219 180 
71 81 54 53 160 0 9 0 0 88 0 5 0 0 103 0 4 0 0 103 69 74 72 60 147 
155 148 155 159 167 0 0 0 0 0 0 0 0 0 0 0 0 0 0 0 85 84 69 69 81 
0 0 0 0 0 0 0 0 0 0 0 0 0 0 0 433 436 420 409 417 193 182 184 186 203 
0 211 0 0 94 0 194 0 0 101 121 349 140 114 204 0 206 0 0 108 0 236 0 0 93 
808 0 0 0 0 802 0 0 0 0 802 0 0 0 0 844 0 0 0 0 847 0 0 0 0 
54 34 189 142 166 56 10 164 122 148 102 100 245 231 191 186 175 329 303 296 147 106 250 220 254 
71 117 72 137 64 57 75 55 112 68 0 37 0 44 0 38 84 41 77 36 0 39 0 38 0 
29 9 15 10 21 133 111 107 122 136 32 0 0 0 18 26 0 0 0 26 128 117 103 111 163 
0 0 170 0 0 0 0 160 0 0 0 0 177 0 0 199 168 327 164 173 0 0 171 0 0 
0 80 54 56 0 0 102 54 58 0 48 121 113 131 41 0 98 72 74 0 0 103 81 58 0 
0 3 0 2 138 127 116 131 145 252 141 128 132 119 237 0 2 0 0 111 75 88 99 84 205 
0 0 0 0 0 0 0 0 0 0 0 0 0 0 0 1004 1049 1073 1039 975 0 0 0 0 0 
0 20 54 141 0 0 17 55 125 0 0 21 49 156 0 0 17 50 151 0 0 16 52 153 0 
104 140 111 193 187 9 41 25 75 82 11 51 22 109 86 0 57 0 63 64 0 51 1 67 82 
104 130 141 84 3 115 143 209 98 0 339 323 404 358 222 141 151 188 104 4 314 257 372 284 148 
80 18 20 102 20 75 0 0 110 0 212 149 135 227 125 73 0 0 104 5 110 47 47 172 41 
139 110 55 60 41 159 119 66 71 39 56 61 18 0 0 97 104 31 16 15 94 59 10 0 0 
0 0 177 75 0 0 0 200 71 0 0 0 247 82 0 0 0 221 63 0 0 0 178 61 0 
116 162 168 115 105 0 55 61 0 0 1 56 62 0 0 40 64 97 32 34 0 40 88 0 2 
70 55 77 72 65 116 131 115 123 114 22 39 46 41 42 0 0 0 0 0 0 0 0 0 0 
0 0 0 170 0 0 0 0 180 0 242 240 230 419 252 0 0 0 180 0 0 0 0 160 0 
0 0 0 0 0 137 126 161 124 132 0 0 0 0 0 0 0 0 0 0 69 52 62 60 75 
125 2 22 81 58 141 30 60 131 113 242 87 113 185 165 88 0 0 79 41 213 91 106 189 134 
0 80 0 0 0 0 83 0 0 0 0 60 0 0 0 108 156 80 124 85 51 125 47 46 47 
0 0 95 0 0 87 85 180 105 104 0 0 91 0 0 7 9 97 4 8 15 13 82 9 15 
262 218 201 272 119 106 97 72 108 0 84 89 69 91 0 267 234 181 277 114 133 125 100 153 4 
0 219 0 197 0 0 173 0 191 0 0 196 1 193 0 0 179 0 188 0 0 187 0 199 0 
0 43 0 121 0 0 53 0 144 0 0 49 0 141 0 61 152 68 204 79 0 56 0 132 0 
0 0 0 0 76 88 73 77 61 134 85 74 74 80 128 0 0 0 0 75 0 0 0 0 78 
64 276 316 55 194 45 210 240 12 144 89 269 333 69 230 95 283 313 103 217 227 367 393 176 305 
0 43 33 0 91 21 68 49 10 94 29 83 90 38 86 0 62 27 0 71 0 64 31 0 69 
118 96 107 122 131 14 0 0 38 0 13 0 0 42 0 17 0 0 40 0 92 67 62 105 80 
86 0 75 0 0 76 0 82 0 0 152 69 135 65 72 131 20 102 16 18 88 0 79 0 0 
0 18 81 0 96 0 12 68 0 107 0 16 74 0 106 0 14 91 0 133 0 13 69 0 101 
23 49 147 67 23 54 70 163 96 51 0 38 120 35 0 48 71 166 112 50 0 23 109 61 0 
0 79 0 0 0 0 79 0 0 0 137 249 128 147 135 0 103 0 0 0 17 84 19 26 31 
0 0 0 89 0 74 97 72 156 103 0 0 0 88 0 0 0 0 102 0 106 85 80 216 80 
52 0 100 53 0 59 0 116 54 0 66 0 102 56 0 54 0 109 61 0 49 0 110 48 0 
81 52 0 30 0 106 75 17 48 24 99 86 0 26 0 114 53 0 42 0 90 59 0 34 0 
0 0 0 0 41 259 249 254 259 289 0 0 0 0 59 0 0 0 0 59 0 0 0 0 52 
112 56 64 140 94 74 42 58 119 80 28 0 0 64 12 41 0 0 68 12 48 13 13 69 31 
33 58 8 6 10 18 52 0 0 0 22 80 0 0 0 137 170 133 124 121 30 80 0 0 0 
0 0 0 21 0 186 170 197 198 164 0 0 0 23 0 0 0 0 22 0 0 0 0 19 0 
71 79 133 138 89 0 0 52 63 0 0 0 74 60 0 0 0 67 53 0 0 0 59 62 0 
62 57 58 48 68 39 0 0 0 11 76 62 48 45 72 30 0 0 0 22 90 49 45 48 60 
0 0 26 0 72 11 6 38 14 94 0 0 37 0 71 9 7 46 9 100 88 79 118 68 161 
55 105 137 64 69 28 78 95 25 26 0 32 70 0 0 0 37 71 0 0 0 39 66 0 0 
0 0 122 0 0 0 0 97 0 0 79 118 227 121 110 0 0 90 0 0 0 0 113 0 0 
103 116 34 56 137 38 39 0 0 81 43 62 0 0 69 45 45 0 0 78 61 50 0 0 82 
0 49 0 23 36 59 115 57 80 93 0 59 0 27 38 0 55 0 39 40 26 65 21 53 63 
9 7 99 5 12 0 0 87 0 0 0 0 83 0 0 36 39 120 27 29 75 78 150 59 85 
0 0 0 50 75 88 79 61 117 162 0 0 0 46 73 0 0 0 35 84 0 0 0 47 73 
112 200 96 99 104 30 121 0 0 0 34 146 6 6 14 28 85 0 0 0 25 97 0 2 0 
76 38 97 41 105 18 0 40 1 54 14 0 44 0 69 21 0 55 0 54 0 0 28 0 58 
54 0 6 0 1 76 0 5 0 0 73 43 46 45 53 72 0 0 3 0 153 106 100 126 86 
50 34 118 46 52 19 0 81 0 0 0 0 77 0 0 4 0 70 0 0 32 35 114 38 32 
0 62 63 0 0 0 59 46 0 0 21 104 72 21 20 32 108 54 40 42 0 62 55 0 0 
28 0 88 0 43 58 42 122 39 77 19 0 80 0 19 28 0 87 0 25 30 0 92 0 25 
0 2138 0 0 0 0 2183 0 0 0 0 2055 0 0 0 0 2138 0 0 0 0 2088 0 0 0 
11 88 72 14 10 64 137 133 66 57 2 89 75 4 0 22 122 94 61 26 4 76 75 0 0 
78 123 101 0 0 56 128 128 0 0 75 122 134 0 0 65 131 113 0 0 62 125 125 0 0 
0 63 0 86 0 61 133 61 165 70 60 119 38 135 40 0 70 0 101 0 0 95 0 81 0 
0 0 0 0 0 1301 1274 1260 1222 1285 0 0 0 0 0 0 0 0 0 0 0 0 0 0 0 
0 0 85 138 0 0 0 76 111 0 0 0 84 135 0 0 0 81 132 0 0 0 73 142 0 
155 60 55 92 42 171 64 66 115 68 109 0 0 47 0 86 0 0 42 0 102 0 0 45 0 
0 142 0 0 89 0 160 0 0 84 0 183 1 0 96 0 146 0 0 70 0 160 0 0 106 
190 283 183 232 107 74 173 34 109 0 295 390 227 337 125 172 274 166 200 75 198 328 258 279 139 
93 74 283 263 85 0 0 199 183 0 104 96 278 281 81 0 0 167 184 0 12 5 215 174 24 
118 121 96 154 248 7 24 4 17 161 11 21 10 13 173 215 236 197 205 370 214 264 245 237 414 
0 79 0 0 0 0 57 0 0 0 0 73 0 0 0 7 67 5 7 5 174 233 182 159 183 
81 29 47 27 87 75 7 21 0 84 91 4 25 0 41 121 5 23 0 67 205 146 143 133 242 
200 63 0 101 0 203 65 0 104 0 205 45 0 104 0 186 63 0 112 0 203 50 0 106 0 
0 0 1441 0 0 0 0 1463 0 0 0 0 1352 0 0 0 0 1462 0 0 0 0 1436 0 0 
81 0 10 56 31 129 54 46 106 73 122 70 74 113 87 76 25 24 83 40 65 0 0 36 11 
111 128 136 96 199 0 0 7 0 47 68 85 74 71 119 0 0 23 0 56 0 0 13 0 64 
50 91 0 122 0 148 192 104 229 88 123 157 87 227 104 55 91 0 116 0 38 74 0 114 0 
76 94 73 85 115 83 81 62 62 105 0 24 0 0 53 0 17 0 0 31 53 61 51 44 84 
0 70 0 0 1 31 138 33 35 30 39 152 40 36 35 25 130 25 28 31 43 130 47 33 47 
33 11 40 32 0 103 70 110 110 61 42 18 47 33 0 47 8 44 34 0 41 19 37 39 0 
155 0 0 0 0 123 0 0 0 0 211 75 101 99 100 118 0 0 0 0 140 0 0 0 0 
0 0 0 0 819 0 0 0 0 775 0 0 0 0 824 0 0 0 0 818 0 0 0 0 763 
142 119 0 180 64 146 118 1 203 91 199 215 50 243 131 139 136 12 176 103 146 161 0 197 77 
138 0 0 0 0 254 100 94 85 71 163 0 0 0 0 148 0 0 0 0 149 0 0 0 0 
0 0 0 0 0 74 55 71 64 71 0 0 0 0 0 144 116 137 144 139 0 0 0 0 0 
0 22 0 143 0 32 55 46 186 32 0 19 0 132 0 0 16 0 136 0 0 20 0 160 0 
166 55 132 98 173 103 0 91 22 74 88 10 98 68 68 222 111 194 139 189 67 0 52 39 49 
44 48 55 130 106 29 20 32 83 76 0 0 0 77 58 0 0 0 48 52 6 9 6 77 52 
0 9 70 0 0 82 110 197 98 103 0 11 79 0 0 60 87 179 50 68 0 6 65 0 0 
196 1 181 0 0 199 0 169 0 0 197 4 177 4 1 177 0 179 0 0 205 18 174 8 9 
369 128 416 156 231 384 170 455 209 256 368 155 391 189 250 273 30 265 80 166 284 55 322 81 157 
69 159 72 89 70 0 89 0 27 0 18 140 29 36 27 0 108 0 18 0 0 83 0 23 0 
0 0 33 0 58 35 46 78 44 113 55 74 88 53 121 0 0 33 0 61 0 0 50 0 58 
0 0 17 0 202 0 0 17 0 194 0 0 30 0 189 0 0 28 0 193 0 0 25 0 204 
0 0 0 53 0 0 0 0 63 0 57 63 49 150 46 0 0 0 61 0 91 78 90 168 101 
113 0 0 120 0 137 0 0 138 0 136 0 0 124 0 120 0 0 138 0 127 0 0 137 0 
9 48 90 78 6 87 153 162 173 101 162 185 227 221 133 23 77 108 118 35 70 107 127 141 53 
116 138 122 110 233 0 0 0 0 81 0 0 0 0 79 25 29 29 24 119 0 0 0 0 94 
121 215 123 117 122 0 110 0 0 0 77 185 76 83 77 0 103 1 0 0 65 182 52 52 76 
136 126 76 78 78 76 45 0 0 0 85 47 3 4 7 63 47 0 0 0 71 56 0 0 0 
0 117 0 0 0 35 174 52 56 63 0 143 0 0 0 72 208 92 96 69 0 126 0 0 0 
0 0 0 0 0 0 0 0 0 0 0 0 0 0 0 0 0 0 0 0 442 405 443 425 396 
0 0 37 0 0 73 79 92 75 87 0 0 31 0 0 77 75 84 59 79 19 25 59 22 26 
8 18 23 28 62 2 0 0 0 61 106 110 101 106 153 0 0 0 0 51 83 135 107 106 160 
0 0 0 133 0 0 0 0 125 0 0 0 0 145 0 0 0 0 153 0 76 74 84 208 87 
0 74 0 33 79 0 70 0 43 83 0 61 0 35 99 0 63 0 35 80 15 80 27 59 124 
0 112 0 0 0 0 108 0 0 0 0 106 0 0 0 0 96 0 0 0 97 185 99 105 92 
0 26 0 6 0 89 101 91 68 84 83 77 78 74 81 0 21 0 13 0 123 155 125 140 120 
0 0 118 57 0 44 45 155 106 52 0 0 104 39 0 0 0 89 37 0 0 0 130 36 0 
59 0 0 0 0 125 62 60 76 69 99 20 18 20 15 131 47 45 52 40 58 0 0 0 0 
83 35 32 110 35 39 0 0 91 0 47 0 0 84 0 83 34 30 119 32 55 0 0 83 0 
0 0 20 24 0 0 0 0 24 0 101 99 81 100 96 0 0 1 26 0 0 0 24 22 0 
0 0 23 25 46 21 24 65 38 70 23 23 56 36 55 40 30 80 61 79 2 7 44 23 59 
4 5 60 123 8 0 0 55 93 0 51 36 126 143 57 32 41 78 125 41 0 0 54 88 0 
54 5 49 55 11 44 6 36 53 22 125 71 130 121 91 68 21 45 67 22 47 0 49 51 3 
40 0 56 0 57 43 0 56 0 54 32 0 69 0 80 94 59 114 69 114 31 0 61 0 56 
93 20 205 85 39 77 4 173 83 32 74 0 163 27 3 195 76 257 153 124 114 28 228 77 58 
16 102 160 28 143 147 227 299 138 276 40 128 215 48 196 0 37 169 4 128 112 150 257 138 253 
18 22 22 58 50 41 38 34 76 74 0 0 0 31 30 0 0 0 23 17 81 91 91 126 100 
24 37 0 100 1 33 57 0 122 0 93 86 49 150 66 29 40 0 119 0 48 35 0 94 0 
0 0 56 0 0 165 155 215 153 179 0 0 65 0 0 0 0 79 0 0 0 0 66 0 0 
98 12 17 6 32 137 101 108 89 101 165 143 115 120 130 66 0 8 0 27 51 18 21 9 28 
21 133 89 18 38 1 109 82 11 9 0 81 46 0 22 0 108 54 3 15 51 153 114 42 80 
145 191 94 95 102 76 63 51 21 21 40 52 18 0 0 40 53 14 0 0 30 45 13 0 0 
82 92 11 18 17 53 60 0 0 0 72 71 18 5 16 77 98 48 53 55 99 85 50 30 51 
38 75 43 71 29 0 62 11 42 15 2 51 11 46 19 0 43 14 31 13 38 102 64 97 78 
0 0 68 31 11 0 0 46 39 0 0 0 52 43 8 51 62 151 108 74 65 58 114 104 67 
28 36 25 21 28 0 0 0 0 0 71 59 56 62 55 0 0 0 0 0 120 105 99 109 106 
39 29 34 32 39 0 0 14 0 0 0 0 18 0 0 46 42 77 50 45 110 87 129 124 110 
37 40 106 45 53 6 9 62 13 18 58 47 126 45 46 0 0 51 0 0 0 0 61 15 0 
0 0 180 32 0 0 0 141 23 0 19 20 156 37 18 0 0 166 23 0 0 0 162 23 0 
51 72 0 0 0 73 99 45 32 29 70 119 16 14 5 87 124 42 39 45 39 69 0 0 0 
96 121 73 58 64 12 50 3 0 0 81 146 66 51 60 45 74 27 22 16 29 54 0 0 0 
0 120 109 162 0 0 127 117 165 0 0 107 122 167 0 0 118 115 156 0 0 126 119 164 0 
17 0 0 209 0 14 0 0 135 0 145 111 134 277 111 16 0 0 166 0 38 1 0 155 0 
171 235 95 120 152 239 312 151 146 249 176 261 120 130 166 101 150 17 31 83 281 381 183 217 265 
70 180 124 84 91 6 50 69 10 4 31 80 99 31 29 29 90 63 13 26 0 59 53 0 0 
0 16 4 0 74 3 22 11 2 100 0 10 14 4 56 60 86 67 49 151 28 35 33 24 98 
761 516 547 430 498 501 236 290 206 229 482 277 338 199 300 422 181 172 96 178 577 361 420 331 367 
78 59 0 4 0 159 146 67 71 68 71 77 0 0 0 91 85 20 15 17 63 56 0 0 0 
146 314 128 136 135 224 333 123 223 161 109 250 59 126 69 26 185 0 29 0 92 221 68 90 53 
0 0 0 0 52 0 0 0 0 56 0 0 0 0 65 0 0 0 0 58 134 157 141 152 185 
64 1 37 0 13 126 8 55 31 36 133 52 90 43 50 153 86 116 73 87 123 19 40 20 24 
150 0 0 53 0 156 0 0 52 0 141 0 0 39 0 168 0 0 46 0 148 0 0 38 0 
139 129 158 244 126 40 1 70 130 0 63 47 117 184 62 40 7 98 99 25 35 0 79 90 2 
91 143 118 261 210 0 8 5 126 61 0 14 7 84 72 0 13 11 112 64 48 65 57 156 104 
159 141 99 69 51 227 224 174 153 138 107 94 88 50 31 258 240 223 160 150 180 201 141 75 76 
58 130 51 57 53 0 55 0 0 0 6 80 4 5 4 0 62 0 0 0 76 154 62 76 65 
0 0 0 17 0 0 0 0 20 0 0 0 0 21 0 0 0 0 19 0 176 187 210 213 216 
55 0 59 108 89 26 7 40 103 98 66 18 50 134 118 19 0 40 85 97 128 77 115 192 206 
0 96 71 0 88 0 93 79 0 97 0 113 59 0 76 1 89 86 0 94 0 110 83 0 85 
51 26 59 44 37 79 58 100 57 58 25 18 38 24 14 57 46 114 79 55 9 0 32 0 0 
79 0 0 0 50 63 0 0 0 49 88 0 0 0 57 68 0 0 0 51 185 91 75 89 150 
87 144 26 135 95 118 218 37 179 171 48 100 1 113 70 229 287 207 291 227 172 279 161 225 192 
70 88 96 77 62 10 36 39 13 9 0 14 45 0 0 58 72 85 51 45 21 29 55 19 13 
0 0 0 140 35 0 0 0 158 28 27 29 16 157 51 0 0 0 149 34 0 0 0 138 38 
0 1 0 158 15 213 184 190 422 229 0 0 0 184 16 147 150 154 327 146 1 1 0 194 17 
71 164 186 211 91 51 125 162 189 31 89 180 186 222 86 104 225 207 265 121 125 157 186 262 120 
0 0 0 1297 0 0 6 0 1315 1 0 0 0 1319 0 1 3 2 1365 2 0 0 0 1329 0 
195 0 0 0 0 197 13 18 17 20 178 0 0 0 0 196 0 0 0 0 166 0 0 0 0 
92 0 0 0 0 117 0 0 0 0 122 0 0 0 0 102 0 0 0 0 206 88 85 89 99 
169 19 65 32 25 148 2 18 7 6 278 96 97 90 84 241 135 172 159 141 203 61 73 62 66 
0 12 0 0 0 0 32 0 0 0 2 13 0 0 0 22 40 27 35 45 0 0 0 0 0 
65 94 132 129 104 0 0 43 0 0 0 0 61 0 0 0 0 57 0 0 192 196 226 234 202 
5 22 0 94 215 130 132 127 202 351 0 24 0 80 237 0 16 0 94 262 127 148 122 188 307 
13 5 76 7 245 6 0 59 7 181 119 102 166 123 296 140 150 224 182 352 2 3 64 0 195 
146 301 312 230 77 150 285 335 201 91 141 264 298 160 108 74 207 283 108 7 46 212 226 114 0 
111 0 0 20 0 95 0 0 0 0 122 0 0 1 0 122 0 0 0 0 158 17 28 35 32 
0 0 203 0 38 0 0 223 0 30 0 0 193 0 27 0 0 190 0 25 0 0 177 0 25 
45 66 42 44 74 0 52 0 0 25 34 73 38 29 62 0 33 0 0 30 0 49 0 0 29 
610 623 640 685 625 0 0 0 0 0 0 0 0 0 0 0 0 0 0 0 0 0 0 0 0 
55 0 0 0 0 61 0 0 0 0 64 0 0 0 0 202 133 145 146 141 52 0 0 0 0 
66 52 0 0 0 87 72 15 15 13 138 87 37 38 29 97 69 0 0 0 103 102 22 25 29 
0 0 0 0 0 10 0 0 10 0 2 0 0 0 0 53 41 42 29 45 0 0 0 0 0 
31 0 0 65 73 76 49 46 92 121 20 0 1 65 73 35 12 18 57 62 31 27 30 76 79 
0 0 55 63 0 87 57 120 114 83 0 0 38 51 0 84 55 124 101 58 46 43 103 87 30 
12 7 0 1 78 16 2 0 0 67 59 67 49 48 133 22 22 15 12 83 92 110 97 95 130 
0 0 0 0 0 30 33 27 21 21 0 0 0 0 0 61 66 68 67 93 105 95 99 101 129 
