745 701 601 604 722 1095 1065 985 1048 1032 639 646 498 705 716 1049 918 868 931 984 595 489 353 418 545 
239 198 252 226 206 0 0 0 0 0 144 105 144 135 140 0 0 0 0 0 0 0 0 0 0 
88 40 22 129 160 49 0 0 136 145 115 31 21 151 158 49 0 0 66 114 65 0 0 93 102 
201 0 151 175 174 239 36 186 221 239 359 150 298 354 381 261 34 182 258 246 183 0 112 192 156 
161 54 111 156 32 128 27 83 92 0 121 29 79 117 11 118 14 43 103 3 297 216 266 317 187 
110 8 24 0 97 102 6 15 0 125 204 89 107 86 207 171 90 111 80 162 241 125 140 136 250 
0 0 0 0 0 0 0 0 0 0 1051 1061 1001 1024 1074 0 0 0 0 0 0 0 0 0 0 
0 0 0 276 0 0 0 4 247 1 114 104 97 367 125 120 102 96 400 125 0 0 0 259 0 
14 11 12 184 3 0 0 0 188 0 43 52 38 192 38 0 0 0 167 0 5 6 3 205 3 
0 0 0 0 0 0 1 0 0 0 0 0 0 0 0 59 69 66 65 80 177 170 170 197 166 
65 82 53 49 141 0 9 0 0 86 0 3 0 0 90 0 5 0 0 94 72 68 70 59 140 
144 146 156 165 167 0 0 0 0 0 0 0 0 0 0 0 0 0 0 0 85 80 69 67 87 
0 0 0 0 0 0 0 0 0 0 0 0 0 0 0 430 430 423 406 419 181 167 170 177 198 
0 208 0 0 96 0 184 0 0 104 139 359 156 141 229 0 201 0 0 100 0 228 0 0 86 
815 0 0 0 0 811 0 0 0 0 810 0 0 0 0 848 0 0 0 0 837 0 0 0 0 
20 0 189 157 195 82 70 269 235 274 123 122 315 289 300 228 224 409 361 382 102 91 280 259 349 
78 122 66 127 68 53 66 53 103 61 0 41 0 39 0 38 84 38 77 36 0 38 0 42 0 
31 9 12 4 19 186 114 124 112 132 31 0 0 0 17 24 0 1 0 24 155 138 123 145 164 
0 0 154 0 0 0 0 149 0 0 0 0 153 0 0 176 165 287 142 152 0 0 163 0 0 
0 105 53 74 1 0 116 59 81 0 67 151 127 153 60 0 105 72 69 0 0 122 82 73 0 
0 3 0 0 139 126 107 120 145 245 131 126 106 117 215 1 7 0 0 127 77 85 104 85 209 
0 0 0 0 0 0 0 0 0 0 0 0 0 0 0 1007 1064 1076 1044 978 0 0 0 0 0 
0 25 66 156 0 0 20 69 140 0 0 19 53 175 0 0 20 54 159 0 0 18 59 159 0 
78 135 75 173 154 7 42 18 77 69 12 51 23 78 101 0 46 0 56 78 0 39 0 60 81 
117 130 149 98 6 104 147 218 114 7 311 314 382 345 220 102 139 171 101 2 287 255 355 279 144 
72 13 20 102 11 74 0 0 116 0 207 151 141 225 135 69 0 0 105 0 97 40 36 157 31 
128 92 43 49 35 145 99 52 62 29 53 48 12 0 0 85 74 19 12 13 89 57 11 0 0 
0 0 258 112 0 0 0 246 93 0 0 0 331 101 0 0 0 296 76 0 0 0 247 83 0 
129 176 164 118 102 0 50 68 0 0 0 53 68 0 0 46 74 99 37 39 0 52 107 0 4 
73 64 75 75 67 116 150 126 142 124 27 48 49 41 43 0 0 0 0 0 0 0 0 0 0 
0 0 0 160 0 0 0 0 167 0 187 193 186 363 198 0 0 0 162 0 0 0 0 146 0 
0 0 0 0 0 154 137 176 142 154 0 0 0 0 0 0 0 0 0 0 73 59 70 66 84 
119 3 3 79 47 143 50 60 138 105 242 93 103 186 177 91 0 0 85 46 207 66 91 177 125 
0 90 0 0 0 0 90 0 0 0 0 70 0 0 0 125 167 91 128 96 54 148 47 57 57 
0 0 98 0 0 93 97 192 118 113 0 0 107 0 0 7 11 111 3 10 15 14 86 9 16 
248 221 177 267 108 112 101 75 109 0 89 92 46 98 0 259 246 133 272 110 144 115 64 154 4 
0 239 0 218 0 0 195 0 215 0 9 227 7 212 7 0 210 0 206 0 0 215 0 223 0 
0 36 0 120 0 0 52 0 140 0 0 45 0 143 0 64 147 73 209 77 0 59 0 120 0 
0 0 0 0 83 89 79 84 61 152 83 78 81 82 133 0 0 0 0 81 0 0 0 0 92 
65 272 304 49 210 10 194 250 1 133 69 269 311 69 212 91 270 284 83 208 201 323 368 158 271 
0 56 35 0 88 23 80 51 17 109 29 99 99 42 96 0 67 27 0 78 0 68 29 0 84 
125 97 118 134 146 21 0 0 38 0 12 0 0 40 0 22 0 0 48 0 99 76 68 117 97 
69 0 65 0 0 63 0 75 0 0 113 53 107 48 50 99 16 78 13 12 66 0 73 0 0 
0 19 95 0 108 0 12 74 0 116 0 16 88 0 121 0 15 103 0 152 0 13 77 0 111 
14 57 143 72 20 47 73 135 94 44 0 43 111 35 0 41 77 141 96 38 0 28 98 51 0 
0 70 0 0 0 0 78 0 0 0 143 261 132 141 142 0 102 0 0 0 14 97 21 23 33 
0 0 0 81 0 73 75 65 146 92 0 0 0 85 0 0 0 0 89 0 86 74 79 176 72 
60 0 100 56 0 60 0 127 65 0 65 0 102 63 0 51 0 110 59 0 47 0 112 54 0 
83 53 0 37 0 120 86 17 50 26 100 93 0 24 0 117 56 0 45 0 94 62 0 38 0 
0 0 0 0 36 244 245 253 254 286 0 0 0 0 54 0 0 0 0 51 0 0 0 0 47 
101 56 68 135 94 74 55 62 114 90 28 0 0 60 8 35 0 0 59 9 44 13 11 66 32 
30 59 8 7 10 18 51 0 0 0 23 76 0 0 0 133 171 133 126 118 29 77 0 0 0 
0 0 0 21 0 186 170 197 198 164 0 0 0 23 0 0 0 0 22 0 0 0 0 19 0 
82 97 153 165 113 0 0 59 73 0 0 0 83 69 0 0 0 79 72 0 0 0 73 80 0 
63 57 59 47 68 40 0 0 0 11 75 62 48 48 72 30 0 0 0 22 92 49 45 49 59 
0 0 29 0 81 7 1 47 5 102 0 0 38 0 105 9 4 49 6 115 100 116 158 88 213 
59 119 151 70 79 32 95 106 27 30 0 39 79 0 0 0 41 75 0 0 0 44 71 0 0 
0 0 121 0 0 0 0 96 0 0 82 118 220 115 111 0 0 95 0 0 0 0 110 0 0 
106 116 33 57 144 50 43 0 0 85 43 62 0 0 73 45 45 0 0 85 56 50 0 0 89 
0 49 0 18 16 42 101 46 62 66 0 59 0 21 11 0 55 0 36 22 17 50 10 39 43 
9 7 117 7 12 0 0 101 0 0 0 0 101 0 0 39 43 142 32 33 86 86 194 71 102 
0 0 0 51 75 88 80 63 117 163 0 0 0 49 73 0 0 0 36 84 0 0 0 47 73 
94 166 79 70 84 19 105 0 0 0 29 114 7 6 8 20 73 0 0 0 23 81 0 0 0 
77 37 104 43 102 20 0 44 10 58 20 0 43 0 72 21 0 56 0 63 0 0 36 0 65 
58 0 2 0 3 73 0 10 0 0 91 57 55 53 77 89 11 3 4 0 147 78 86 83 73 
42 34 118 48 48 7 0 81 0 0 0 0 77 0 0 6 0 70 0 0 31 36 108 26 24 
0 62 63 0 0 5 71 52 0 0 19 103 74 21 21 32 109 52 40 42 0 61 48 0 0 
9 0 88 0 32 41 43 116 38 70 4 0 81 0 22 0 0 81 0 28 21 0 90 0 24 
0 2153 0 0 0 0 2230 0 0 0 0 2101 0 0 0 0 2182 0 0 0 0 2114 0 0 0 
23 90 85 18 9 70 143 152 64 55 6 91 77 6 0 31 139 113 71 34 6 95 65 0 0 
68 114 93 0 0 55 121 119 0 0 76 133 105 0 0 67 125 106 0 0 64 114 125 0 0 
0 73 0 89 0 72 125 62 152 77 59 116 39 133 46 0 58 0 94 0 0 88 0 84 0 
0 0 0 0 0 1279 1246 1232 1199 1262 0 0 0 0 0 0 0 0 0 0 0 0 0 0 0 
0 0 80 125 0 0 0 75 106 0 0 0 80 127 0 0 0 81 125 0 0 0 72 128 0 
139 43 48 85 40 149 51 52 106 61 77 0 0 35 0 78 0 0 37 0 78 0 0 41 0 
0 136 0 0 89 0 148 0 0 85 0 166 0 0 91 0 144 0 0 76 0 153 0 0 98 
216 268 177 192 101 133 238 85 92 5 275 376 235 235 108 227 372 283 235 112 151 316 261 182 137 
90 87 280 281 87 0 0 177 196 3 110 121 275 307 90 0 0 156 175 4 14 18 190 177 16 
131 105 101 139 238 7 16 0 7 148 17 8 5 8 154 207 211 164 182 335 204 233 225 217 360 
0 128 0 0 0 0 103 0 0 0 0 120 0 0 0 7 107 4 7 3 263 340 261 249 251 
47 24 41 11 41 39 14 28 0 39 41 12 33 0 30 64 13 31 0 40 105 100 90 74 114 
204 72 0 101 0 204 69 0 105 0 205 56 0 104 0 188 60 0 108 0 201 56 3 113 0 
0 0 1445 0 0 0 0 1462 0 0 0 0 1359 0 0 0 0 1477 0 0 0 0 1438 0 0 
75 7 8 43 21 88 71 47 98 68 89 58 60 71 69 63 26 21 63 39 60 0 0 25 10 
105 118 122 84 184 0 0 9 0 49 56 76 71 56 109 1 0 24 0 55 0 0 12 0 61 
55 98 0 131 0 152 198 104 242 91 128 149 94 244 102 57 86 0 121 0 43 73 0 121 0 
101 101 116 120 171 103 90 86 78 143 0 31 0 0 59 0 25 0 0 38 68 92 66 70 117 
0 74 0 0 0 31 124 35 36 30 37 145 34 31 33 29 125 25 28 30 37 120 41 36 44 
32 5 38 32 0 102 66 109 110 61 41 19 44 35 0 46 4 43 35 0 39 16 36 35 0 
154 0 0 0 0 130 0 0 0 0 243 81 120 113 112 132 0 0 0 0 144 0 0 0 0 
0 0 0 0 840 0 0 0 0 788 0 0 0 0 845 0 0 0 0 839 0 0 0 0 778 
84 127 89 196 186 0 6 4 106 55 0 16 5 79 69 0 11 8 100 62 33 51 36 127 70 
136 0 0 0 0 264 97 87 84 79 162 0 0 0 0 147 0 0 0 0 149 0 0 0 0 
0 0 0 0 0 72 55 70 64 70 0 0 0 0 0 140 116 137 141 135 0 0 0 0 0 
0 21 0 153 0 41 64 51 204 35 0 18 0 143 0 0 14 0 146 0 0 19 0 175 0 
141 45 105 89 129 105 0 68 20 59 106 21 97 53 77 196 118 173 107 169 79 0 50 16 58 
59 76 72 176 148 41 30 37 99 95 0 0 0 95 74 0 0 0 65 58 8 20 13 98 65 
0 9 83 0 0 90 125 206 100 111 0 10 83 1 0 66 92 205 61 80 0 6 77 0 0 
202 5 193 0 0 203 6 168 0 0 202 6 184 3 0 180 1 184 0 0 213 25 173 10 10 
371 134 350 127 260 446 215 454 188 283 387 186 419 203 279 247 37 228 76 149 233 67 259 63 143 
69 159 76 95 72 0 91 0 32 0 19 135 28 40 35 0 111 0 18 0 0 81 0 25 0 
0 0 32 0 58 35 46 78 44 113 55 74 89 53 121 0 0 33 0 61 0 0 48 0 58 
0 0 17 0 219 0 0 18 0 201 0 0 29 0 186 0 0 26 0 200 0 0 28 0 222 
0 0 0 55 0 0 0 0 66 0 62 62 49 162 48 0 0 0 63 0 98 85 98 179 95 
111 0 0 118 0 137 0 0 141 0 131 0 0 124 0 118 0 0 138 0 134 0 0 136 0 
1 36 77 83 6 94 156 169 173 110 150 191 216 225 134 3 53 100 104 13 73 109 118 135 31 
96 117 107 100 195 0 0 0 0 69 0 0 0 0 65 20 22 25 20 94 0 0 0 0 70 
118 206 130 117 121 0 112 0 0 0 75 185 85 85 75 1 107 2 0 12 89 196 83 77 95 
186 174 99 105 108 100 53 0 0 0 107 53 5 4 9 94 60 0 0 0 82 69 0 0 0 
0 127 0 0 1 41 170 59 56 63 0 138 0 0 0 66 199 90 87 69 0 115 0 0 0 
0 0 0 0 0 0 0 0 0 0 0 0 0 0 0 0 0 0 0 0 450 413 454 444 412 
0 0 37 0 0 66 75 90 72 86 0 0 30 0 0 77 75 85 59 79 19 25 59 22 26 
9 18 17 19 63 1 0 0 0 40 94 95 84 81 120 0 0 0 0 41 76 116 97 88 132 
0 0 0 135 0 0 0 0 118 0 0 0 0 143 0 0 0 0 145 0 81 79 82 201 82 
0 72 0 37 84 0 70 0 40 81 0 62 0 45 99 1 65 0 35 76 21 84 27 62 131 
0 22 0 9 0 88 108 90 77 84 82 86 79 78 79 0 21 0 7 0 118 151 123 139 117 
0 0 117 55 0 43 44 155 106 49 0 0 102 39 0 0 0 89 38 0 0 0 126 36 0 
55 0 0 0 0 124 61 61 75 68 99 20 16 20 14 127 44 43 50 38 57 0 0 0 0 
76 35 33 109 37 31 0 0 89 0 41 0 0 84 0 71 35 30 120 32 48 0 0 83 0 
0 0 23 19 0 0 0 19 25 0 101 99 104 119 97 0 0 12 37 0 0 0 39 23 0 
3 6 53 104 5 0 0 47 76 0 50 31 108 124 50 29 42 73 122 34 0 0 46 85 0 
46 4 37 38 6 31 1 37 27 15 106 63 104 97 71 62 14 38 48 18 40 0 44 37 0 
45 0 57 0 68 42 0 61 0 60 30 0 70 0 77 103 59 121 70 111 33 0 64 0 57 
87 45 168 84 48 66 3 168 67 31 59 0 129 9 4 158 73 223 108 98 88 28 206 84 47 
9 104 186 32 135 121 242 314 146 269 32 135 226 56 196 0 43 188 0 141 85 160 251 92 230 
21 22 22 62 51 41 39 37 79 79 0 0 0 34 29 1 0 0 22 18 79 94 96 130 107 
18 31 0 87 0 30 47 0 105 0 77 71 39 132 55 24 37 0 108 0 43 33 0 84 0 
0 0 58 0 0 169 147 213 159 185 0 0 65 0 0 0 0 82 0 0 0 0 76 0 0 
71 13 11 5 26 101 73 74 80 77 111 88 94 100 100 41 0 7 0 13 39 11 15 6 25 
18 117 79 17 34 2 102 61 8 4 0 82 52 0 21 0 87 52 7 14 49 147 104 44 85 
136 187 89 91 93 64 63 38 21 17 37 54 15 0 0 37 45 13 1 0 28 45 13 0 0 
74 91 15 19 20 50 57 0 0 0 61 67 17 7 12 66 67 39 42 40 87 78 54 28 47 
38 76 43 70 29 0 59 10 42 16 2 51 11 46 19 0 43 14 31 13 39 103 64 97 78 
0 0 59 31 14 0 0 48 33 3 0 0 49 41 7 46 60 134 105 71 58 52 107 96 67 
29 38 26 22 31 0 0 0 0 0 71 59 57 62 55 0 0 0 0 0 120 106 99 114 110 
50 38 20 33 43 0 0 0 0 0 0 0 0 0 0 58 63 67 61 62 126 115 105 166 135 
33 39 107 50 49 2 3 52 11 7 53 45 116 53 45 0 0 48 1 0 0 0 52 27 0 
0 0 97 0 0 0 0 78 0 0 19 20 49 0 17 0 0 79 0 0 0 0 79 0 0 
47 92 0 0 0 75 119 43 36 32 70 138 23 15 11 91 141 48 45 44 40 89 0 0 0 
82 113 66 51 67 12 43 0 0 0 73 126 64 54 54 33 68 28 17 14 22 56 0 0 0 
0 126 112 183 0 0 140 128 179 0 0 111 122 171 0 0 128 121 169 1 0 137 121 176 0 
22 0 0 208 0 11 0 0 143 0 128 108 123 251 108 15 0 0 139 0 34 1 0 154 0 
186 219 55 127 142 235 299 101 142 207 199 257 101 138 164 119 160 13 55 103 308 408 171 225 245 
70 169 126 99 98 11 43 69 15 4 30 83 99 36 33 26 79 62 19 25 0 58 49 0 0 
0 16 4 0 61 7 23 13 0 96 0 15 10 0 45 48 68 56 37 129 21 30 35 21 83 
667 481 609 423 524 456 220 281 147 191 491 275 379 169 257 337 126 193 46 170 581 341 467 312 393 
91 65 0 0 0 162 145 74 75 82 89 83 0 0 0 99 97 22 17 17 74 69 0 0 0 
154 288 99 130 121 262 396 144 260 192 131 283 77 133 85 39 188 0 38 0 81 217 55 92 39 
0 0 0 0 52 0 0 0 0 57 0 0 0 0 66 0 0 0 0 58 134 159 144 152 185 
157 0 0 56 0 164 0 0 57 0 147 0 0 41 0 180 0 0 46 0 156 0 0 41 0 
175 137 178 257 133 36 2 96 142 5 88 73 142 200 75 50 13 119 119 29 53 0 110 95 1 
77 73 79 51 13 147 121 138 101 93 59 51 72 20 10 212 161 178 138 129 110 92 103 38 50 
58 130 51 57 53 0 54 0 0 0 6 80 4 5 4 0 64 0 0 0 76 154 62 76 65 
0 0 0 17 0 0 0 0 22 0 0 0 0 19 0 0 0 0 22 0 183 190 220 223 220 
66 10 65 130 101 19 1 31 87 73 69 30 57 143 118 21 0 33 81 79 139 81 108 193 190 
0 101 83 0 98 0 107 86 0 103 1 124 59 0 86 0 88 89 0 118 0 121 79 0 110 
51 27 64 49 35 73 58 98 64 60 23 17 41 21 15 57 54 113 73 52 8 0 35 0 0 
83 0 0 0 54 69 0 0 0 50 87 0 0 0 59 68 0 0 0 52 186 91 81 101 158 
67 76 0 88 49 53 70 0 90 65 53 62 0 123 59 162 164 85 191 143 90 104 29 115 99 
91 109 123 98 80 12 49 44 22 11 0 15 50 0 0 66 91 111 68 54 27 36 68 28 15 
0 0 0 140 35 0 0 0 159 28 27 29 16 158 51 0 0 0 149 34 0 0 0 138 38 
0 0 0 180 12 200 196 165 436 232 0 0 0 202 15 164 176 174 373 165 0 0 0 181 10 
46 146 162 182 57 10 96 141 191 28 86 145 194 202 73 77 165 172 234 83 103 134 198 241 78 
0 0 0 1290 0 0 0 0 1310 0 0 0 0 1315 0 0 0 1 1381 0 0 0 0 1314 0 
218 0 0 0 0 225 13 21 19 23 200 0 0 0 0 230 0 0 0 0 183 0 0 0 0 
92 0 0 0 0 117 0 0 0 0 122 0 0 0 0 102 0 0 0 0 206 88 85 89 98 
199 106 74 143 129 99 0 0 6 9 177 40 40 49 59 154 42 52 127 91 279 175 140 224 205 
18 26 0 0 20 0 27 0 0 2 0 0 0 0 0 41 52 32 48 49 0 0 0 0 0 
63 73 144 111 75 0 0 48 0 0 0 0 61 0 0 0 0 53 0 0 160 164 215 171 179 
1 5 0 82 217 130 136 110 215 366 0 26 0 96 254 0 2 0 91 255 121 152 124 193 308 
10 20 88 7 254 6 1 61 7 198 118 111 191 131 314 153 152 248 190 372 1 1 62 2 202 
105 250 242 171 62 139 232 303 195 96 127 211 259 178 111 56 167 200 89 14 72 190 217 144 12 
108 0 0 10 0 99 0 0 0 0 118 0 0 0 0 113 0 0 0 0 149 16 28 28 31 
37 66 34 35 47 0 51 0 0 7 49 79 45 36 61 7 34 0 0 27 0 48 3 0 20 
616 630 647 681 623 0 0 0 0 0 0 0 0 0 0 0 0 0 0 0 0 0 0 0 0 
87 72 0 0 0 100 85 17 18 14 157 96 40 41 32 102 75 0 0 0 117 108 24 30 37 
39 0 0 68 82 90 50 52 115 143 26 0 2 74 68 47 10 20 76 69 36 31 46 93 87 
11 8 0 0 76 18 1 0 1 66 64 68 47 45 136 21 24 18 15 82 95 115 104 101 141 
59 0 0 0 0 64 0 0 0 0 64 0 0 0 0 206 136 147 148 144 52 0 0 0 0 
76 134 90 116 118 100 231 122 152 179 21 106 37 55 38 127 202 133 161 151 122 209 146 160 165 
0 0 0 0 0 31 35 31 19 22 0 0 0 0 0 59 67 68 65 90 100 94 97 97 127 
136 9 74 6 8 189 1 38 0 6 261 69 135 85 89 271 167 238 139 134 212 45 86 27 34 
13 0 29 0 0 21 0 15 0 0 36 0 31 16 0 82 53 79 68 65 20 3 26 0 3 
0 0 215 0 35 0 0 250 0 31 0 0 205 0 23 0 0 195 0 22 0 0 199 0 28 
104 66 0 112 50 96 73 0 93 90 131 124 32 116 81 94 73 0 111 67 92 109 0 130 54 
55 88 56 85 44 15 24 0 30 0 76 104 64 113 58 12 57 3 47 0 73 73 66 99 35 
0 0 53 59 0 69 48 101 97 54 0 0 43 34 0 53 50 101 77 47 42 28 80 70 28 
