810 799 640 660 728 1071 1263 1076 1026 1103 626 636 508 567 729 1011 955 895 909 1031 577 479 454 442 664 
208 158 222 196 174 0 4 0 0 0 134 105 137 117 125 0 0 0 0 0 0 0 0 0 0 
166 97 53 274 282 81 0 0 151 176 178 74 39 294 295 74 0 0 145 162 81 0 0 113 134 
134 0 109 151 160 203 32 196 227 229 305 117 280 316 335 233 41 167 199 221 161 0 110 192 161 
162 43 114 188 45 123 15 75 120 0 144 35 102 139 38 129 2 66 120 0 276 179 256 310 165 
97 8 20 0 95 80 4 15 0 106 172 90 98 84 182 154 68 84 62 143 206 105 125 106 238 
0 0 0 0 0 0 0 0 0 0 1006 1020 967 987 1029 0 0 0 0 0 0 0 0 0 0 
0 0 0 240 0 0 0 3 235 1 110 103 98 351 120 101 98 87 368 116 0 0 0 226 0 
13 9 13 187 5 0 0 0 191 0 43 49 41 189 35 0 0 0 162 0 3 6 3 186 3 
0 0 0 0 0 0 0 0 0 0 0 0 0 0 0 66 68 68 61 88 198 163 163 195 168 
90 95 72 62 191 0 10 0 0 114 0 3 0 0 108 0 4 0 0 117 98 85 96 85 197 
138 144 150 152 163 0 0 0 0 0 0 0 0 0 0 0 0 0 0 0 87 82 67 71 85 
0 0 0 0 0 0 0 0 0 0 0 0 0 0 0 423 428 416 408 417 190 180 180 185 201 
0 227 0 0 93 0 197 0 0 109 143 360 162 143 227 0 207 0 0 100 0 244 0 0 89 
807 0 0 0 0 807 0 0 0 0 802 0 0 0 0 845 0 0 0 0 846 0 0 0 0 
17 11 168 134 155 48 12 170 164 160 93 107 227 210 196 177 182 325 313 273 121 78 228 214 259 
76 126 75 147 63 57 79 58 113 76 0 36 0 41 0 42 90 48 84 41 0 38 0 38 0 
32 8 11 6 16 120 83 86 93 102 26 0 0 0 16 24 0 0 0 22 110 101 84 90 129 
0 0 174 0 0 0 0 164 0 0 0 0 171 0 0 185 194 307 145 156 0 0 167 1 0 
0 67 48 50 0 0 82 48 47 0 38 105 96 105 37 0 75 53 50 0 0 76 58 44 0 
4 1 0 3 155 154 121 126 151 256 148 131 108 133 233 1 10 0 0 138 89 89 104 91 203 
0 0 0 0 0 0 0 0 0 0 0 0 0 0 0 1010 1064 1078 1039 975 0 0 0 0 0 
0 18 51 132 0 0 17 52 113 0 0 18 46 141 0 0 17 50 139 0 0 14 51 140 0 
64 48 0 0 0 84 68 15 14 12 132 81 35 34 30 92 66 0 0 0 94 89 22 23 33 
90 167 101 200 196 8 43 15 84 85 11 60 35 94 104 0 51 0 77 73 0 65 0 76 88 
105 130 149 85 3 114 153 194 110 5 328 349 377 336 225 104 153 157 88 0 280 261 334 276 114 
88 18 17 99 22 76 0 0 116 0 221 154 138 234 131 83 4 0 106 6 118 51 49 184 43 
107 86 44 46 32 125 98 47 54 27 50 47 14 0 0 83 68 22 14 17 81 51 14 0 0 
0 0 162 75 0 0 0 186 74 0 0 0 241 67 0 0 0 203 64 0 0 0 170 58 0 
113 142 162 109 94 0 40 67 0 0 0 49 56 0 0 36 66 99 35 34 0 40 92 0 1 
72 54 76 70 63 112 137 114 123 110 24 47 45 40 43 0 0 0 0 0 0 0 0 0 0 
0 0 0 170 0 0 0 0 180 0 237 237 225 420 256 0 0 0 180 0 0 0 0 163 0 
0 0 0 0 0 175 164 202 153 169 0 0 0 0 0 0 0 0 0 0 83 76 81 76 98 
169 9 23 120 73 180 52 64 146 130 273 90 101 185 188 134 0 0 106 61 273 105 117 220 176 
0 78 0 0 0 0 74 0 0 0 0 59 0 0 0 107 137 77 114 78 50 121 45 48 49 
0 0 105 0 0 93 99 202 113 113 0 0 112 0 0 7 8 107 4 6 13 14 88 10 15 
263 215 182 255 108 114 102 72 110 0 80 97 56 94 0 271 237 163 277 125 130 134 84 135 0 
0 0 0 0 0 39 44 35 25 28 0 0 0 0 0 74 73 82 82 116 111 124 108 113 138 
0 234 0 192 0 0 188 0 192 0 1 202 2 186 0 0 187 0 183 0 0 204 0 190 0 
0 40 0 121 0 0 52 0 137 0 0 48 0 139 0 58 128 68 201 67 0 57 0 124 0 
0 0 0 0 74 80 67 74 61 133 86 73 70 77 122 0 0 0 0 71 0 0 0 0 72 
69 247 318 45 223 44 210 231 8 151 89 296 359 64 251 124 306 337 113 250 238 367 395 179 324 
0 45 34 0 79 19 60 45 13 88 28 82 88 38 81 0 59 26 0 65 0 62 27 0 69 
139 116 146 160 152 18 0 0 51 0 18 0 0 55 0 20 0 0 53 0 108 76 79 137 109 
89 0 77 0 0 85 0 83 0 0 160 62 139 61 64 134 21 96 15 18 85 0 98 0 0 
0 18 81 0 96 0 12 69 0 107 0 16 74 0 106 0 14 91 0 133 0 13 69 0 101 
17 56 146 72 24 58 76 162 112 46 0 35 121 38 0 51 78 159 109 52 0 27 104 61 0 
0 69 0 0 0 0 87 0 0 0 136 247 132 150 135 0 103 0 0 0 15 88 20 27 33 
0 0 0 85 0 64 71 58 143 92 0 0 0 75 0 0 0 0 85 0 86 70 63 177 67 
56 0 102 53 0 61 0 127 59 0 71 0 104 61 0 51 0 122 61 0 50 0 108 48 0 
76 45 0 29 0 103 73 16 47 24 92 86 0 25 0 110 53 0 41 0 87 58 0 33 0 
0 0 0 0 23 188 175 186 190 198 0 0 0 0 31 0 0 0 0 30 0 0 0 0 33 
117 59 71 147 98 89 44 60 120 86 32 0 0 57 11 44 0 0 58 15 50 18 10 66 30 
32 55 8 5 8 15 54 0 0 0 23 79 0 0 0 133 170 133 120 120 29 76 0 0 0 
0 0 0 21 0 186 170 197 198 164 0 0 0 23 0 0 0 0 22 0 0 0 0 19 0 
71 79 133 138 89 0 0 51 63 0 0 0 74 60 0 0 0 67 53 0 0 0 59 62 0 
64 57 59 48 68 42 0 0 0 11 77 62 49 49 73 30 0 0 0 22 92 52 45 49 60 
0 0 25 0 69 8 4 35 12 89 0 0 32 0 70 10 7 42 7 95 81 75 114 64 153 
55 104 137 64 70 28 78 93 26 25 0 30 70 0 0 0 37 71 0 0 0 39 66 0 0 
0 0 119 0 0 0 0 95 0 0 80 123 217 117 107 0 0 89 0 0 0 0 106 0 0 
107 137 43 62 158 49 51 0 0 93 48 74 0 0 80 49 51 0 0 88 64 46 0 0 95 
0 48 0 23 36 59 113 57 79 93 0 58 0 27 37 0 55 0 39 40 26 62 21 53 63 
9 7 99 4 12 0 0 87 0 0 0 0 83 0 0 36 39 120 27 29 74 78 149 59 85 
0 0 0 51 75 87 81 63 117 162 0 0 0 49 73 0 0 0 36 83 0 0 0 46 72 
111 206 92 86 100 24 118 0 0 0 33 135 6 8 11 21 82 0 0 0 25 94 3 0 0 
68 35 96 45 100 17 0 37 2 59 14 0 46 2 77 19 0 53 0 61 0 0 32 0 63 
40 0 4 0 1 53 0 0 0 0 56 44 9 46 67 62 0 0 18 0 139 105 87 132 104 
40 34 118 45 45 19 0 81 0 0 4 0 77 0 0 7 0 70 0 0 31 22 100 28 23 
0 62 57 0 0 0 70 49 0 0 21 104 73 21 21 32 109 54 40 42 0 62 52 0 0 
21 0 84 0 28 60 43 109 39 67 23 0 69 0 18 6 0 63 0 10 27 0 88 0 18 
0 2116 0 0 0 0 2183 0 0 0 0 2067 0 0 0 0 2130 0 0 0 0 2072 0 0 0 
18 96 126 18 20 81 171 199 87 66 8 116 114 6 0 33 188 132 71 35 7 109 86 0 0 
68 102 87 0 0 62 129 124 0 0 63 129 120 0 0 73 133 114 0 0 62 117 125 0 0 
0 106 0 139 0 99 170 77 222 88 70 173 35 197 66 0 106 0 157 0 0 125 0 113 0 
0 0 0 0 0 1297 1255 1257 1217 1280 0 0 0 0 0 0 0 0 0 0 0 0 0 0 0 
0 0 80 126 0 0 0 75 108 0 0 0 83 128 0 0 0 83 125 0 0 0 72 129 0 
150 54 47 94 41 141 56 52 114 63 93 0 0 39 0 98 0 0 37 0 92 0 0 43 0 
0 141 0 0 91 0 164 0 0 85 0 173 0 0 90 0 140 0 0 77 0 171 0 0 100 
146 268 149 246 75 76 165 31 107 0 274 425 257 341 152 159 313 153 218 39 183 336 274 264 101 
86 88 289 283 91 0 0 205 194 0 105 109 285 311 87 0 0 164 187 4 16 11 215 201 31 
138 119 113 151 253 8 21 2 16 150 13 16 6 5 158 217 213 163 182 358 224 249 234 225 379 
0 66 0 0 0 0 53 0 0 0 0 65 0 0 0 7 66 4 8 3 169 212 170 154 166 
50 26 39 10 49 42 14 31 0 42 50 15 40 0 32 71 11 33 0 51 126 112 104 90 141 
198 65 0 100 0 203 58 0 102 0 202 43 0 103 0 190 52 0 110 1 193 43 0 106 1 
0 0 1453 0 0 0 0 1481 0 0 0 0 1380 0 0 0 0 1492 0 0 0 0 1451 0 0 
66 4 8 49 22 95 59 53 88 66 93 61 59 76 69 56 22 20 66 28 50 0 0 27 10 
113 124 132 86 191 0 0 6 0 45 57 83 74 64 110 0 0 20 0 55 0 0 12 0 60 
37 80 0 111 0 126 169 88 204 78 112 127 87 206 90 49 74 0 105 0 32 68 0 106 0 
72 79 69 77 116 75 80 49 61 98 0 24 0 0 40 0 17 0 0 26 41 63 47 40 77 
0 75 0 0 0 35 170 42 39 34 45 148 36 40 31 27 136 25 25 30 47 161 46 50 55 
30 11 37 29 0 93 63 101 101 60 41 21 41 35 0 37 4 36 33 0 37 9 26 34 0 
137 0 0 0 0 123 0 0 0 0 219 83 100 100 107 122 0 0 0 0 134 0 0 0 0 
0 0 0 0 819 0 0 0 0 777 0 0 0 0 826 0 0 0 0 818 0 0 0 0 762 
119 94 0 145 41 115 102 2 166 56 187 167 51 221 93 105 99 2 146 73 120 158 0 190 68 
134 0 0 0 0 254 100 91 84 74 158 0 0 0 0 146 0 1 0 0 137 0 0 0 0 
0 0 0 0 0 84 55 78 81 69 0 0 0 0 0 189 144 170 167 172 0 0 0 0 0 
0 22 0 143 0 33 55 46 186 32 0 19 0 132 0 0 16 0 136 0 0 20 0 160 0 
130 54 103 74 155 92 0 66 33 46 107 11 108 56 67 195 109 178 103 161 87 0 51 50 70 
43 48 55 128 106 28 22 31 81 74 0 0 0 77 55 0 0 0 48 50 7 10 9 75 53 
0 10 69 0 0 84 115 206 104 99 0 9 79 0 0 73 93 184 60 69 0 5 63 0 0 
206 10 194 0 0 196 0 179 0 0 199 6 192 4 0 180 0 190 0 0 216 22 187 10 10 
367 107 364 146 237 348 120 365 174 205 362 152 380 201 235 246 20 238 79 140 223 61 283 70 114 
65 152 69 83 66 0 86 0 27 0 17 128 28 34 27 0 104 0 17 0 0 75 0 22 0 
0 0 33 0 58 35 46 78 44 113 55 74 89 53 121 0 0 33 0 61 0 0 49 0 58 
0 0 21 0 205 0 0 17 0 197 0 0 35 0 185 0 0 32 0 197 0 0 26 0 200 
0 0 0 50 0 0 0 0 59 0 54 59 44 140 45 0 0 0 59 0 85 78 82 158 86 
104 0 0 110 0 144 0 0 137 0 135 0 0 115 0 124 0 0 132 0 120 0 0 132 0 
11 47 97 75 16 97 162 161 164 100 180 220 244 233 156 12 68 97 86 3 73 77 116 121 48 
118 136 125 117 230 0 0 0 0 75 0 0 0 0 78 24 25 26 26 109 0 0 0 0 82 
119 209 126 117 121 0 111 0 0 0 76 180 82 84 76 0 98 0 0 2 55 174 59 51 71 
155 148 87 89 87 95 48 0 0 0 96 52 5 9 9 70 53 0 0 0 82 66 0 0 0 
0 127 0 0 0 38 179 60 62 72 0 149 0 0 0 72 204 91 93 74 0 120 0 0 0 
0 0 0 0 0 0 0 0 0 0 0 0 0 0 0 0 0 0 0 0 455 415 450 438 405 
0 0 37 0 0 71 76 92 75 87 0 0 31 0 0 77 74 85 58 79 19 25 59 22 26 
8 15 16 17 51 0 0 0 0 36 80 79 71 69 99 0 0 0 0 33 68 98 78 76 105 
0 0 0 130 0 0 0 0 116 0 0 0 0 137 0 0 0 0 148 0 77 73 78 198 81 
0 72 0 35 75 0 67 0 41 82 1 59 0 39 94 0 60 0 36 74 19 83 27 57 118 
0 116 0 0 0 0 112 0 0 0 0 110 0 0 0 0 102 0 0 0 102 195 102 110 95 
0 22 0 0 8 82 90 83 69 80 76 64 78 63 71 0 2 0 11 0 122 139 124 149 116 
0 0 117 55 0 43 45 155 106 50 0 0 102 39 0 0 0 89 38 0 0 0 126 35 0 
59 0 0 0 0 126 62 61 76 69 99 20 18 20 15 131 47 46 52 41 58 0 0 0 0 
83 35 33 111 37 39 0 0 91 0 48 0 0 85 0 83 35 30 120 32 55 0 0 83 0 
0 0 21 24 0 0 0 0 21 0 101 99 72 116 97 0 0 0 26 0 0 0 23 25 0 
41 0 0 77 105 98 77 83 127 183 29 0 4 86 113 54 15 22 95 122 38 35 50 91 119 
1 6 47 100 6 0 0 47 73 0 52 29 107 123 44 29 45 71 122 34 0 0 45 81 0 
61 6 57 65 12 48 19 65 67 28 154 84 156 143 97 74 23 54 66 16 63 0 54 76 4 
48 0 61 0 72 42 0 71 0 62 27 0 82 0 81 119 59 139 69 129 34 0 65 0 63 
93 18 186 103 41 78 1 148 89 27 67 0 162 36 9 200 109 266 168 141 107 28 203 81 60 
14 76 162 29 142 159 196 325 128 283 29 109 206 52 181 0 44 179 1 113 100 155 265 115 254 
24 22 28 63 53 45 39 38 82 78 0 0 0 33 29 0 0 0 23 18 88 100 111 151 109 
25 37 1 105 0 36 55 0 127 0 96 80 47 161 66 32 49 0 122 0 47 34 0 94 0 
0 0 62 0 0 165 144 212 153 179 0 0 65 0 0 0 0 80 0 0 0 0 70 0 0 
15 8 0 0 90 18 1 0 0 91 78 83 69 51 168 28 24 20 22 95 112 158 125 137 191 
91 14 22 9 31 133 84 85 83 100 152 111 114 120 127 67 0 7 0 24 57 17 17 7 34 
18 92 64 15 29 0 80 61 4 4 0 67 38 0 18 0 73 47 4 12 43 113 93 38 76 
148 197 99 105 99 77 65 48 22 22 42 51 18 0 0 45 52 17 0 0 34 47 17 1 0 
81 98 16 22 15 60 59 1 0 0 60 79 24 6 6 74 98 45 39 52 109 92 51 32 35 
38 76 43 71 29 0 61 10 41 15 0 47 10 44 19 0 42 12 28 13 37 104 63 97 77 
0 0 69 31 12 0 0 46 36 2 0 0 58 42 10 51 61 145 111 71 61 62 111 108 71 
31 40 27 23 32 0 0 0 0 0 73 61 57 68 58 0 0 0 0 0 132 110 106 124 126 
39 29 33 31 38 0 0 14 0 0 0 0 18 0 0 46 40 74 51 45 108 86 121 119 106 
32 43 107 48 55 1 9 60 14 5 57 50 126 56 55 0 0 52 0 0 0 0 59 22 5 
0 0 180 32 0 0 0 141 23 0 19 20 156 37 18 0 0 166 23 0 0 0 162 22 0 
51 69 0 0 0 70 101 47 32 33 77 124 20 15 10 88 134 38 43 47 44 79 0 0 0 
115 163 92 69 85 14 53 4 0 0 103 155 74 69 65 42 77 35 24 21 28 60 0 0 0 
0 113 107 163 0 0 126 118 162 0 0 106 119 166 0 0 115 114 154 0 0 123 118 165 0 
23 0 0 214 0 13 0 0 133 0 162 117 141 292 119 15 0 0 175 0 26 0 0 160 2 
159 161 20 88 158 245 288 102 115 250 172 217 86 112 152 107 119 2 22 97 289 362 163 201 267 
86 223 173 92 108 10 50 84 18 3 36 101 115 39 36 21 102 70 13 37 0 74 67 0 0 
9 26 16 12 65 15 32 26 9 112 14 20 16 9 54 58 81 69 49 143 28 34 35 29 87 
756 563 608 454 534 541 253 333 243 280 511 298 379 216 324 390 184 213 90 189 562 377 433 357 385 
96 72 2 3 1 187 170 77 73 76 84 94 0 0 0 100 103 23 14 18 76 59 0 1 0 
134 302 101 132 123 218 354 131 238 171 103 250 69 104 50 36 183 8 39 0 74 217 64 76 40 
0 0 0 0 57 0 0 0 0 58 0 0 0 0 73 0 0 0 0 61 149 165 151 170 197 
65 0 47 0 11 131 12 64 26 38 148 56 113 49 59 151 82 149 64 85 132 27 45 22 31 
149 0 0 54 0 155 0 0 55 0 141 0 0 40 0 168 0 0 45 0 149 0 0 41 0 
147 110 138 184 103 31 5 71 100 3 42 29 93 147 42 39 5 74 73 19 36 0 68 70 0 
74 118 92 192 157 0 5 10 97 56 0 8 7 70 67 0 10 13 104 59 28 40 40 113 64 
137 133 78 71 19 212 180 169 129 104 130 113 94 70 27 270 232 215 179 147 168 177 133 80 53 
64 141 52 58 56 0 54 0 0 0 6 92 4 5 4 0 67 0 0 0 83 170 68 79 68 
0 0 0 22 0 0 0 0 20 0 0 0 0 18 0 0 0 0 19 0 182 195 222 229 220 
20 0 0 6 31 77 86 77 69 101 0 0 0 0 32 0 0 0 0 32 22 0 0 0 24 
57 0 56 117 104 20 6 43 133 100 70 22 59 155 121 23 0 40 104 105 150 85 140 210 221 
0 94 74 0 91 0 98 81 0 99 0 127 59 0 76 0 89 93 0 97 0 115 76 0 100 
59 34 89 63 45 104 78 143 85 76 25 19 51 35 18 77 60 127 113 69 12 0 52 0 0 
87 0 0 0 57 65 0 0 0 50 87 0 0 0 60 69 0 0 0 52 196 106 89 97 160 
102 137 23 149 127 75 167 0 139 159 41 112 3 140 79 256 279 190 293 271 136 217 124 217 166 
101 119 121 108 81 10 42 45 11 12 0 14 48 0 0 72 79 115 67 68 23 32 59 20 18 
0 0 0 140 35 0 0 0 158 28 27 28 16 157 51 0 0 0 148 34 0 0 0 139 38 
0 0 0 158 14 174 149 147 373 192 0 0 0 183 22 127 143 135 297 123 0 0 0 147 10 
38 184 207 206 63 7 117 165 182 19 68 149 187 209 83 48 231 216 291 115 127 195 238 262 119 
0 0 0 1275 0 1 2 0 1276 0 0 0 0 1295 0 0 3 3 1351 3 0 0 0 1287 0 
194 0 0 0 0 197 13 18 17 20 177 0 0 0 0 194 0 0 0 0 164 0 0 0 0 
91 0 0 0 0 117 0 0 0 0 122 0 0 0 0 102 0 0 0 0 206 88 84 89 99 
192 14 52 15 26 135 0 14 0 2 228 67 76 68 64 224 120 157 127 108 183 78 74 56 48 
0 23 0 0 0 0 37 0 0 0 0 0 0 0 1 26 49 18 35 46 0 0 0 0 0 
66 81 152 112 107 0 1 55 0 0 0 0 70 0 0 0 0 64 0 0 214 202 255 222 221 
0 11 4 76 217 119 131 126 202 339 1 27 1 82 247 0 11 0 95 254 122 132 116 184 310 
13 28 78 7 236 4 1 55 9 177 112 98 167 121 271 137 134 218 168 326 0 4 64 0 179 
137 274 290 221 82 151 220 287 184 62 160 255 274 213 102 61 180 229 129 11 65 201 248 132 18 
106 0 0 13 0 90 0 0 0 0 115 0 0 0 0 111 0 0 0 0 139 15 28 42 31 
0 0 204 0 37 0 0 239 0 33 0 0 209 0 29 0 0 191 0 29 0 0 188 0 37 
0 0 56 62 0 81 58 114 108 71 0 0 42 36 0 68 47 107 81 46 45 36 103 77 31 
56 81 52 47 71 0 49 0 0 30 47 77 42 39 67 0 31 0 0 29 0 61 0 0 29 
614 624 643 694 620 0 0 0 0 0 0 0 0 0 0 0 0 0 0 0 0 0 0 0 0 
56 0 0 0 0 63 0 0 0 0 65 0 0 0 0 205 134 150 148 144 53 0 0 0 0 
0 0 0 35 0 76 61 44 96 55 0 0 0 22 0 44 45 60 84 50 44 50 44 97 39 
0 0 0 0 0 0 19 0 0 1 0 0 0 0 0 0 0 0 0 0 0 0 0 8 0 
