858 877 759 738 766 1097 1145 1072 1044 1012 649 726 574 666 735 1008 984 925 929 934 631 610 520 449 567 
217 150 216 189 182 0 0 0 0 0 128 94 137 117 122 0 0 0 0 0 0 0 0 0 0 
171 60 39 238 297 84 0 0 159 187 175 51 25 255 251 88 0 0 107 161 70 2 0 147 157 
149 0 128 167 161 224 58 231 234 262 321 151 306 342 345 244 55 167 221 259 147 1 123 179 153 
179 57 118 165 45 154 8 86 131 0 139 24 70 132 22 129 0 43 137 1 333 201 300 348 187 
122 8 17 0 111 91 6 13 0 128 201 100 113 93 180 173 70 103 60 158 245 112 141 115 261 
0 0 0 0 0 0 0 0 0 0 1031 1046 988 1011 1058 0 0 0 0 0 0 0 0 0 0 
0 0 0 259 0 1 0 4 239 1 110 107 94 365 116 112 102 91 386 127 0 0 0 251 0 
15 9 14 178 6 0 0 0 188 0 39 46 36 183 31 0 0 0 152 0 3 7 2 185 3 
0 0 0 0 0 0 0 0 0 0 0 0 0 0 0 61 65 65 63 87 173 160 161 178 147 
61 82 62 55 158 0 10 0 0 91 0 2 0 0 103 0 4 0 0 95 74 77 80 63 150 
176 185 204 203 218 0 0 0 0 0 0 0 0 0 0 0 0 0 0 0 99 95 91 81 112 
0 0 0 0 0 0 0 0 0 0 0 0 0 0 0 434 440 429 424 424 197 182 188 188 206 
0 200 0 0 82 0 173 0 0 97 119 322 140 126 194 0 182 0 0 93 0 215 0 0 75 
814 0 0 0 0 811 0 0 0 0 800 0 0 0 0 841 0 0 0 0 842 0 0 0 0 
26 0 198 131 141 42 3 182 157 147 106 98 287 236 225 159 182 393 352 325 128 83 238 256 274 
67 105 75 130 66 49 74 52 100 57 0 33 0 40 0 37 83 40 79 36 0 34 0 41 0 
36 8 12 7 20 119 89 101 98 111 30 0 0 1 17 26 0 0 0 21 122 102 94 95 134 
0 0 161 0 0 0 0 156 0 0 0 2 166 0 0 168 138 286 135 153 0 0 158 0 0 
0 101 55 62 0 0 109 62 65 2 53 132 124 146 55 0 115 85 63 0 0 113 83 57 0 
0 0 0 2 163 148 131 135 151 288 136 120 127 129 221 0 1 0 0 130 86 95 112 87 202 
0 0 0 0 0 0 0 0 0 0 0 0 0 0 0 1033 1080 1103 1074 990 0 0 0 0 0 
0 18 58 138 0 0 17 56 117 0 0 16 50 149 0 0 16 53 161 0 0 15 59 151 0 
85 61 0 0 0 98 87 18 18 13 165 104 50 40 40 110 75 0 0 0 114 105 28 30 38 
85 132 100 178 180 14 62 20 79 85 14 53 32 85 96 0 52 0 74 64 0 56 0 71 84 
104 139 142 97 7 121 130 203 94 0 306 315 380 317 217 104 141 144 97 0 307 252 362 268 148 
91 24 26 105 17 77 0 0 114 0 219 153 142 236 132 76 0 0 102 1 122 49 44 178 42 
131 100 46 46 34 149 102 45 70 39 61 58 13 0 0 93 74 17 13 15 93 59 8 0 0 
0 0 205 81 0 0 0 212 74 0 0 0 277 69 0 0 0 228 77 0 0 0 193 59 0 
129 159 166 114 95 0 52 75 0 0 0 57 68 0 0 36 65 99 34 36 0 42 95 0 0 
66 52 77 72 64 99 125 116 127 111 22 42 45 36 40 0 0 0 0 0 0 0 0 0 0 
0 0 0 174 0 0 0 0 180 0 238 241 222 422 250 0 0 0 172 0 0 0 0 158 0 
0 0 0 0 0 167 166 196 141 168 0 0 0 0 0 0 0 0 0 0 84 69 80 74 88 
146 1 4 88 67 168 53 51 153 120 266 96 95 186 178 109 0 0 95 56 229 91 97 194 149 
0 99 0 0 0 0 86 0 0 0 0 62 0 0 0 122 183 91 136 82 51 139 48 52 50 
0 0 104 0 0 97 97 199 117 114 0 0 103 0 0 7 10 107 4 9 17 15 95 10 19 
252 235 196 265 119 124 96 79 122 0 91 87 58 100 0 287 245 173 295 134 140 106 65 134 0 
0 0 0 0 0 38 43 37 21 26 0 0 0 0 0 76 76 80 77 114 110 103 107 116 142 
0 229 0 206 0 0 187 0 200 0 8 214 5 202 7 0 189 0 202 0 0 202 0 208 0 
0 41 0 119 0 0 50 0 129 0 0 47 0 135 0 62 137 67 196 66 0 57 0 119 0 
0 0 0 0 79 94 80 85 71 156 100 77 88 90 141 0 0 0 0 84 0 0 0 0 84 
77 309 356 64 253 55 233 268 7 195 84 325 368 69 272 140 349 359 117 299 238 404 433 180 337 
0 62 49 0 104 23 84 65 18 113 28 106 125 57 101 0 79 36 0 80 0 78 30 0 89 
125 108 115 141 131 14 0 0 44 0 15 0 0 45 0 18 0 0 42 0 97 83 70 123 86 
98 0 75 0 0 97 0 82 0 0 155 62 131 66 63 126 19 92 15 15 89 0 88 0 0 
0 18 87 0 100 0 12 73 0 112 0 16 82 0 113 0 15 100 0 140 0 15 72 0 103 
24 60 150 86 22 69 76 167 112 61 0 35 117 39 0 40 76 166 114 48 0 21 101 65 0 
0 71 0 0 0 0 83 0 0 0 136 257 122 139 133 0 94 0 0 0 18 94 20 26 29 
0 0 0 81 0 70 83 61 144 98 0 0 0 79 0 0 0 0 94 0 92 79 68 182 68 
62 0 118 59 0 66 1 125 60 0 72 0 118 54 0 58 0 123 61 0 52 0 118 51 0 
78 46 0 29 0 106 76 16 47 24 91 87 0 25 0 110 53 0 41 0 87 59 0 33 0 
0 0 0 0 24 194 168 192 199 208 0 0 0 0 38 0 0 0 0 30 0 0 0 0 33 
112 55 66 140 95 75 44 56 122 77 28 0 0 67 14 38 0 0 57 15 48 7 5 66 34 
31 57 8 7 10 18 49 0 0 0 25 78 0 0 0 135 174 133 126 119 29 74 0 0 0 
0 0 0 24 0 179 178 191 199 164 0 0 0 23 0 0 0 0 25 0 0 0 0 21 0 
71 79 133 138 89 0 0 52 63 0 0 0 74 60 0 0 0 67 53 0 0 0 59 62 0 
63 57 59 48 68 41 0 0 0 11 76 62 48 47 72 30 0 0 0 21 92 49 45 49 60 
0 0 25 0 69 9 6 36 12 89 0 0 34 0 70 10 7 43 8 95 80 75 114 64 153 
55 105 137 64 70 28 79 95 26 26 0 32 70 0 0 0 37 71 0 0 0 39 66 0 0 
0 0 125 0 0 0 0 95 0 0 80 125 226 119 113 0 0 97 0 0 0 0 112 0 0 
109 130 44 66 142 49 50 0 0 93 52 61 0 0 71 50 51 0 0 74 64 49 0 0 90 
0 55 0 28 46 67 132 60 90 110 0 62 0 30 45 0 56 0 43 46 27 71 24 60 72 
9 7 99 4 12 0 0 87 0 0 0 0 83 0 0 36 39 120 27 29 75 78 150 59 85 
0 0 0 51 75 88 81 62 117 163 0 0 0 49 72 0 0 0 34 84 0 0 0 47 73 
110 204 97 94 102 25 130 0 0 0 34 135 8 10 14 24 90 0 0 0 25 99 3 3 0 
68 30 99 31 91 17 0 34 2 62 16 0 36 0 74 16 0 49 0 63 0 0 34 0 68 
47 0 2 0 1 53 0 0 0 0 65 48 43 44 64 78 32 16 13 0 150 104 92 133 115 
60 34 118 48 53 26 0 81 0 0 17 0 77 0 1 19 0 70 0 0 60 36 114 41 34 
0 61 63 0 0 0 66 51 0 0 20 104 78 21 21 32 107 51 40 42 0 62 51 0 0 
23 0 79 0 34 56 43 113 39 73 16 0 70 0 16 12 0 81 0 23 26 0 90 0 15 
0 2136 0 0 0 0 2197 0 0 0 0 2094 0 0 0 0 2155 0 0 0 0 2089 0 0 0 
17 110 88 13 12 66 152 155 75 76 8 103 98 6 0 29 162 92 66 36 6 104 71 0 0 
69 120 105 0 0 56 139 126 0 0 86 140 117 0 0 93 143 137 0 0 78 140 128 0 0 
0 90 0 140 0 96 182 85 211 95 68 160 46 162 45 0 74 0 120 0 1 105 0 117 0 
0 0 0 0 0 1310 1266 1267 1219 1285 0 0 0 0 0 0 0 0 0 0 0 0 0 0 0 
0 0 80 125 0 0 0 75 106 0 0 0 81 127 0 0 0 81 125 0 0 0 72 128 0 
147 62 58 97 42 157 62 55 117 66 99 0 0 44 0 94 0 0 40 0 95 0 0 49 0 
0 126 0 0 81 0 148 0 0 73 0 166 0 0 90 0 134 0 0 76 0 144 0 0 103 
135 214 135 185 89 90 139 31 114 1 255 323 203 302 130 137 224 120 194 59 164 266 218 235 105 
97 80 294 300 90 0 0 192 192 1 104 105 290 308 87 0 0 167 199 6 2 13 202 225 19 
147 124 111 147 253 11 29 4 1 166 14 16 10 4 148 218 225 171 187 367 222 264 248 229 370 
0 70 0 0 0 0 57 0 0 0 0 63 0 0 0 8 66 4 8 7 174 226 181 150 172 
63 32 45 14 58 55 12 32 0 47 46 12 36 0 36 93 14 31 0 51 151 131 121 105 164 
203 62 0 98 0 206 60 0 100 0 206 45 0 101 0 190 60 0 104 0 196 46 0 112 0 
0 0 1446 0 1 0 0 1464 0 0 0 0 1351 0 0 0 0 1473 0 0 0 0 1436 0 0 
99 4 14 60 26 128 83 73 111 95 137 90 75 109 97 87 33 30 95 45 79 0 0 36 20 
119 136 145 89 206 0 0 7 0 52 66 82 81 66 120 0 0 19 0 56 0 0 16 0 63 
44 85 0 104 0 140 188 99 213 88 118 129 84 204 86 52 76 0 90 0 42 74 0 106 0 
64 72 61 68 101 65 66 48 51 77 0 20 0 0 37 0 16 0 0 23 43 59 43 37 72 
0 82 0 0 1 30 151 35 39 27 39 157 37 35 31 29 139 31 28 33 42 137 49 43 62 
33 11 41 34 0 103 71 112 112 63 43 20 47 37 0 47 9 43 35 0 41 20 37 39 0 
139 0 0 0 0 117 0 0 0 0 193 76 92 96 94 108 0 0 0 0 131 0 0 0 0 
0 0 0 0 840 0 0 0 0 797 0 0 0 0 850 0 0 0 0 842 0 0 0 0 778 
131 92 0 171 44 148 114 0 197 78 173 166 44 220 100 134 111 9 175 80 136 145 2 193 72 
137 0 0 0 0 256 102 93 87 74 169 0 0 0 0 148 0 0 0 0 155 0 0 0 0 
0 0 0 0 0 71 55 70 64 70 0 0 0 0 0 140 116 137 141 135 0 0 0 0 0 
0 22 0 143 0 33 55 46 186 32 0 19 0 132 0 0 16 0 136 0 0 20 0 160 0 
146 67 119 81 151 106 0 96 19 62 102 4 118 70 65 220 127 191 131 167 80 0 70 31 67 
43 48 53 128 106 28 22 31 81 74 0 0 0 77 55 0 0 0 48 49 7 10 9 75 53 
0 7 71 0 0 85 108 194 92 101 0 11 81 0 0 61 88 193 56 66 0 5 67 0 0 
200 14 191 0 0 204 1 173 0 0 199 2 189 2 1 178 1 186 0 0 206 20 178 8 8 
360 100 338 136 213 370 140 388 174 215 365 123 357 174 237 232 5 216 43 106 251 48 270 38 126 
65 151 68 82 66 0 84 0 27 0 14 123 26 31 25 0 103 0 17 0 0 73 0 22 0 
0 0 35 0 58 37 46 79 45 116 55 74 90 54 124 0 0 33 0 62 0 0 50 0 58 
0 0 19 0 210 0 0 16 0 207 0 0 33 0 188 0 0 30 0 201 0 0 26 0 209 
0 0 0 52 0 0 0 0 64 0 60 61 51 145 49 1 0 0 62 0 88 84 90 176 93 
102 0 0 110 0 134 2 0 130 0 119 0 0 103 0 110 0 0 130 0 107 0 0 131 0 
1 42 84 85 1 80 153 166 188 101 166 214 224 224 153 13 69 110 115 14 54 96 107 117 36 
120 145 129 113 251 0 0 0 0 82 0 0 0 0 82 25 28 32 23 115 0 0 0 0 82 
139 232 139 132 132 0 124 0 0 0 81 197 88 97 83 0 116 0 0 0 81 186 65 62 88 
142 129 78 80 84 78 46 0 0 0 90 48 4 3 9 66 48 0 0 0 74 56 0 0 0 
0 127 0 0 1 34 164 52 52 64 0 139 1 0 0 64 205 87 89 67 0 122 0 0 0 
0 0 0 0 0 0 0 0 0 0 0 0 0 0 0 0 0 0 0 0 440 416 449 433 394 
0 0 37 0 0 73 79 91 75 87 0 0 31 0 0 77 74 85 59 79 19 23 59 22 26 
7 17 17 18 56 0 0 0 0 39 84 85 73 76 107 0 0 0 0 35 73 102 83 79 110 
0 0 0 135 0 0 0 0 121 0 0 0 0 140 0 0 0 0 145 0 81 79 80 207 82 
0 68 0 34 72 0 64 0 39 77 1 56 0 36 91 0 60 0 31 73 18 78 25 57 114 
0 112 0 0 0 0 108 0 0 0 0 106 0 0 0 0 96 0 0 0 97 185 98 105 92 
0 35 0 0 0 77 79 76 60 73 74 60 70 66 71 0 3 0 1 0 123 135 126 127 115 
0 0 117 55 0 43 45 155 106 50 0 0 101 39 0 0 0 89 38 0 0 0 126 35 0 
61 0 0 0 0 129 62 63 73 69 98 23 18 21 15 136 50 47 52 42 61 0 0 0 0 
83 35 33 111 37 39 0 0 91 0 48 0 0 85 0 82 35 30 120 32 55 0 0 83 0 
0 0 4 24 0 0 0 0 23 0 101 99 62 115 97 0 0 0 17 0 0 0 18 24 0 
35 0 0 86 113 98 91 93 133 217 31 0 10 103 124 67 26 37 80 118 42 33 60 103 144 
3 6 52 112 7 0 0 52 90 0 53 37 111 140 51 35 43 81 120 36 0 0 48 93 0 
55 5 39 42 10 43 6 35 34 11 114 64 109 101 80 70 16 36 52 14 46 0 43 39 1 
46 0 66 0 66 46 0 67 0 56 35 0 81 0 83 113 60 121 68 117 34 0 64 0 67 
81 10 190 98 50 77 5 166 96 24 63 0 162 33 5 191 98 275 161 151 110 19 209 97 50 
10 110 172 32 146 129 222 324 131 257 37 113 226 42 168 0 43 187 2 125 108 140 250 118 233 
28 26 28 67 68 50 47 59 95 100 0 0 0 43 38 0 0 0 28 23 100 116 113 170 140 
22 37 0 97 0 38 68 0 125 0 104 84 50 150 72 32 44 0 121 0 52 38 0 88 0 
0 0 57 0 0 167 148 210 154 179 0 0 60 0 0 0 0 83 0 0 0 0 71 0 0 
11 10 0 0 91 17 2 0 1 81 91 85 61 63 182 25 25 21 21 112 124 169 148 116 214 
77 12 5 0 30 119 80 86 89 96 144 119 110 108 115 65 0 7 0 22 44 11 18 0 35 
18 93 63 14 29 0 81 63 5 5 0 67 40 0 18 0 74 47 5 12 43 118 92 38 77 
151 194 101 93 104 76 66 50 19 24 41 51 15 0 0 43 51 16 0 0 34 49 15 0 0 
63 90 15 15 17 50 50 0 0 0 54 74 12 0 14 68 73 34 37 44 93 87 54 31 38 
37 74 39 67 27 0 62 11 41 16 2 51 11 44 19 0 43 14 29 12 39 104 64 96 77 
0 0 56 27 11 0 0 45 34 0 0 0 42 40 4 43 52 120 93 59 54 50 96 92 62 
29 41 29 22 35 0 0 0 0 0 75 63 63 68 57 0 0 0 0 0 130 113 112 127 122 
36 29 30 28 37 0 0 10 0 0 0 0 15 0 0 46 40 74 51 44 103 82 121 118 99 
40 45 110 52 52 1 0 62 12 0 62 51 132 60 54 0 0 53 2 0 0 7 59 21 0 
0 0 180 32 0 0 0 140 23 0 19 20 156 37 18 0 0 166 23 0 0 0 162 23 0 
55 103 0 0 0 89 115 50 36 33 86 138 19 22 11 95 154 46 47 47 44 92 0 0 0 
106 134 88 70 77 14 53 3 0 0 96 151 86 65 69 49 79 38 20 21 29 72 0 0 0 
0 116 109 171 0 0 131 125 169 0 0 109 122 171 0 0 118 116 163 0 0 127 123 168 1 
21 0 0 216 0 12 0 0 159 0 142 107 146 291 123 19 0 0 208 0 24 0 0 159 0 
125 167 38 98 102 195 275 101 101 189 146 210 81 90 123 96 117 5 15 79 268 330 146 175 237 
73 195 136 109 105 5 59 81 14 0 38 101 127 33 31 27 104 77 15 33 0 70 57 0 0 
7 21 16 6 60 16 33 25 6 99 10 21 16 6 51 57 76 66 43 133 28 31 31 24 87 
644 474 497 363 468 463 227 271 175 231 464 288 316 185 297 357 163 184 74 147 517 325 352 314 353 
82 62 2 4 1 153 145 66 76 70 70 84 0 0 0 101 81 22 16 22 62 56 1 0 0 
151 293 111 115 121 228 342 122 201 153 93 229 45 103 35 31 183 0 21 0 71 199 48 85 35 
0 0 0 0 55 0 0 0 0 60 0 0 0 0 70 0 0 0 0 60 145 179 156 164 204 
74 0 33 0 15 119 14 53 23 32 124 49 92 53 51 143 73 121 54 82 113 29 57 22 27 
150 0 0 54 0 156 0 0 55 0 141 0 0 40 0 168 0 0 46 0 149 0 0 40 0 
142 135 141 248 114 37 0 90 131 3 76 37 103 186 63 40 10 93 107 27 47 0 80 96 0 
76 119 107 209 183 0 4 4 102 57 0 11 2 69 72 0 3 12 105 62 33 39 30 123 63 
97 79 97 83 8 191 186 172 128 124 75 71 72 59 9 249 213 233 190 159 142 117 131 71 61 
58 130 51 57 53 0 55 0 0 0 0 77 2 3 1 0 63 0 0 0 76 154 62 76 65 
0 0 0 20 0 0 0 0 21 0 0 0 0 21 0 0 0 0 20 0 179 193 218 216 220 
27 8 0 11 39 88 87 76 75 102 21 5 0 10 34 15 0 0 0 40 37 0 0 0 30 
50 4 47 91 80 20 2 33 90 82 66 25 50 120 101 24 0 38 83 79 112 80 116 182 186 
0 99 73 0 91 0 97 78 0 95 0 130 58 0 77 0 84 76 0 98 0 119 81 0 100 
47 21 56 38 33 69 52 90 56 55 23 17 34 19 12 54 43 102 70 49 8 0 32 0 0 
78 0 0 0 49 66 0 0 0 50 90 0 0 0 59 69 0 0 0 50 183 92 79 91 150 
89 168 27 140 107 74 194 8 147 141 55 131 4 142 93 245 325 185 303 244 121 256 121 206 179 
100 116 123 94 81 15 38 42 11 10 0 16 54 0 0 71 83 99 60 58 22 33 59 21 14 
0 0 0 144 38 0 0 0 162 28 28 30 16 160 54 0 0 0 152 35 0 0 0 140 38 
0 0 0 152 13 165 144 138 355 178 1 0 0 184 12 135 135 122 286 123 0 0 0 142 6 
42 128 153 202 62 20 98 123 193 26 66 129 153 189 84 31 174 157 236 85 61 115 151 222 67 
0 0 0 1276 0 0 0 0 1283 0 0 0 0 1298 0 0 4 3 1350 2 0 0 0 1316 0 
194 0 0 0 0 197 13 17 17 20 175 0 0 0 0 196 0 0 0 0 165 0 0 0 0 
91 0 0 0 0 116 0 0 0 0 121 0 0 0 0 102 0 0 0 0 206 88 84 89 99 
176 19 69 26 28 137 0 18 1 0 330 112 131 80 87 313 175 226 196 181 196 70 106 48 74 
5 8 0 2 0 0 35 0 0 1 0 0 0 0 3 0 18 0 4 24 0 0 0 0 0 
108 103 155 150 105 0 0 51 0 0 0 0 75 0 0 0 0 70 0 0 239 242 287 265 253 
1 11 1 74 215 111 123 124 204 355 2 28 1 84 249 0 12 0 91 253 118 141 119 189 313 
12 22 78 5 225 4 0 58 8 170 105 106 173 102 286 139 149 214 173 348 5 0 56 2 194 
137 283 288 219 91 148 251 294 211 60 104 245 242 194 109 17 180 191 85 4 52 208 227 150 13 
95 0 0 7 0 83 0 0 0 0 99 0 0 0 0 100 0 0 0 0 122 15 23 23 29 
0 0 194 0 36 0 0 216 0 29 0 0 192 0 24 0 0 183 0 21 0 0 183 0 29 
0 0 43 49 0 63 45 87 83 54 0 0 34 31 0 50 43 86 72 41 35 27 70 62 24 
56 71 38 42 76 0 55 0 0 33 47 78 40 34 64 1 33 0 0 31 3 60 0 4 39 
609 605 633 677 612 0 0 0 0 0 0 0 0 0 0 0 0 0 0 0 0 0 0 0 0 
55 0 0 0 0 62 0 0 0 0 64 0 0 0 0 202 133 145 146 141 52 0 0 0 0 
0 0 0 36 0 75 62 49 96 56 0 0 0 22 0 44 47 59 88 52 42 49 40 96 38 
