745 681 556 657 651 1077 1033 836 991 958 677 639 523 646 738 1033 888 764 873 928 625 462 371 432 594 
262 196 259 250 229 0 0 0 0 0 156 105 163 141 148 0 0 0 0 0 1 0 0 0 0 
101 45 44 158 191 82 0 0 117 138 146 56 28 187 198 47 0 0 90 121 55 0 0 109 121 
149 0 144 157 154 212 53 212 215 251 298 125 295 327 356 234 56 196 237 248 153 0 142 208 169 
119 24 84 113 21 126 8 59 95 0 110 23 74 84 26 114 6 44 109 0 273 163 238 280 163 
120 6 26 0 107 112 9 22 0 153 215 120 112 86 214 185 81 112 69 203 255 124 124 121 262 
0 0 0 0 0 0 0 0 0 0 1031 1049 1014 1036 1065 0 0 0 0 0 0 0 0 0 0 
0 0 0 250 0 1 0 3 234 1 108 111 93 367 112 115 106 97 382 122 0 0 0 231 0 
15 8 13 203 6 0 0 0 206 0 49 54 35 203 36 0 0 0 179 0 4 8 2 205 0 
0 0 0 0 0 0 0 0 0 0 0 0 0 0 0 83 85 90 81 100 212 204 195 243 195 
69 82 63 55 168 0 10 0 0 104 0 3 0 0 100 0 3 0 0 101 82 77 77 73 158 
149 154 162 162 168 0 0 0 0 0 0 0 0 0 0 0 0 0 0 0 88 95 67 76 80 
0 0 0 0 0 0 0 0 0 0 0 0 0 0 0 423 422 415 401 412 183 172 177 182 200 
0 217 0 0 96 0 193 0 0 108 146 372 164 142 242 0 203 0 0 106 0 239 0 0 89 
832 0 0 0 0 845 0 0 0 0 828 0 0 0 0 867 0 0 0 0 875 0 0 0 0 
3 1 178 153 196 65 40 255 204 234 128 121 289 247 276 202 201 427 381 353 105 99 280 221 321 
88 126 83 136 72 71 88 56 116 62 0 45 0 44 0 47 83 46 87 35 0 50 0 47 0 
33 9 12 7 17 178 125 124 109 139 32 0 0 1 21 25 0 0 0 32 129 127 105 130 147 
0 0 160 0 0 0 0 150 0 0 0 0 174 0 0 184 148 297 147 149 0 0 165 0 0 
0 103 58 63 0 0 117 56 73 1 60 153 126 136 40 0 95 64 62 0 0 105 81 66 0 
0 0 0 3 148 125 118 108 143 251 124 112 109 123 207 0 0 0 0 122 83 90 101 82 196 
0 0 0 0 0 0 0 0 0 0 0 0 0 0 0 1001 1056 1074 1041 975 0 0 0 0 0 
0 19 59 167 0 0 20 61 139 0 0 21 56 165 0 0 18 58 162 0 0 15 58 166 0 
100 153 92 178 182 11 55 19 93 80 20 51 26 98 106 0 54 0 84 93 0 49 0 76 84 
119 127 133 83 0 114 122 178 84 0 302 294 341 298 199 107 131 150 76 0 273 232 329 253 139 
73 14 23 97 15 76 0 0 115 0 212 154 142 224 131 69 0 1 101 0 111 45 45 164 31 
119 86 42 42 30 150 88 51 52 30 52 43 13 0 0 81 82 18 11 14 81 46 13 0 0 
0 0 198 88 0 0 0 227 75 0 0 0 272 89 0 0 0 235 67 0 0 0 203 64 0 
111 134 145 103 90 0 43 57 0 0 0 42 56 0 0 39 62 88 32 30 0 40 85 0 0 
67 56 75 69 65 107 132 108 131 111 24 42 43 35 37 0 0 0 0 0 0 0 0 0 0 
0 0 0 166 0 0 0 0 174 0 204 202 170 361 205 0 0 0 173 0 0 0 0 156 0 
0 0 0 0 0 150 139 193 150 156 0 0 0 0 0 0 0 1 0 0 80 60 71 67 86 
136 1 15 92 57 133 28 61 151 107 249 96 103 189 180 99 0 0 92 55 212 94 97 204 137 
0 92 0 0 0 0 83 0 0 0 0 65 0 0 0 119 157 86 133 84 53 147 47 53 57 
0 0 102 0 0 92 91 192 114 113 0 0 100 0 0 8 9 110 5 8 16 14 93 9 19 
273 204 223 276 133 118 95 88 110 0 88 100 65 90 0 274 260 167 285 123 135 135 101 142 0 
0 228 0 214 0 0 185 0 201 0 8 203 7 203 9 0 194 0 197 0 0 203 0 215 0 
0 44 0 134 0 0 52 0 151 0 0 47 0 145 0 69 153 76 211 80 0 64 0 135 0 
0 0 0 0 74 93 81 86 63 152 91 77 80 87 141 0 0 0 0 73 0 0 0 0 83 
72 237 308 30 196 15 194 249 2 141 57 255 332 72 221 92 272 313 101 253 202 329 396 174 287 
0 58 42 0 115 26 95 62 24 123 37 115 116 48 108 0 72 33 0 90 0 82 30 0 99 
121 104 131 141 148 23 0 0 39 0 16 0 0 40 0 20 0 0 45 0 99 71 65 119 84 
69 0 65 0 0 63 0 75 0 0 113 53 107 48 50 99 16 78 13 12 66 0 73 0 0 
0 19 83 0 96 0 12 72 0 110 0 16 78 0 105 0 14 93 0 138 0 13 70 0 101 
14 49 130 74 20 47 76 146 84 52 0 40 111 37 0 37 74 138 97 40 0 23 104 52 0 
0 68 0 0 0 0 79 0 0 0 138 259 130 146 141 0 99 0 0 0 15 86 21 25 29 
0 0 0 81 0 71 71 54 132 91 0 0 0 81 0 0 0 0 93 0 84 73 70 169 73 
49 0 90 48 0 57 0 108 53 0 59 0 92 49 0 46 0 100 54 0 44 0 98 45 0 
93 57 0 36 0 123 84 25 53 24 114 102 0 27 0 128 61 0 50 0 109 66 0 40 0 
0 0 0 0 31 266 249 255 268 281 0 0 0 0 54 0 0 0 0 48 0 0 0 0 52 
111 66 68 137 99 69 53 67 115 90 27 0 0 61 16 31 0 0 57 16 43 16 12 66 34 
32 58 7 6 10 19 53 0 0 0 21 81 0 0 0 136 173 129 124 117 28 76 0 0 0 
0 0 0 21 0 186 170 197 198 164 0 0 0 23 0 0 0 0 21 0 0 0 0 18 0 
79 89 153 161 101 0 0 61 73 0 0 0 81 69 0 0 0 72 59 0 0 0 67 67 0 
60 57 58 47 68 40 0 0 0 11 76 62 48 48 72 30 0 0 0 22 91 49 45 49 60 
0 0 27 0 82 6 0 41 7 99 0 0 42 0 95 13 9 44 9 114 111 106 137 90 204 
67 118 160 72 85 40 93 115 35 34 0 43 85 0 0 0 45 84 0 0 0 45 76 0 0 
1 0 117 0 0 0 0 103 0 0 81 127 223 129 109 0 0 95 0 0 0 0 113 0 0 
102 117 34 59 149 40 40 0 0 89 43 62 0 0 74 48 45 0 0 87 58 50 0 0 81 
0 50 0 14 0 48 109 50 67 68 0 60 0 24 13 0 58 0 32 7 20 54 16 33 32 
12 8 118 7 15 0 0 101 0 0 0 0 101 0 0 43 42 134 33 34 83 91 180 68 95 
0 0 0 51 75 88 81 63 117 163 0 0 0 49 73 0 0 0 36 84 0 0 0 46 73 
94 164 78 72 84 22 106 0 0 0 30 115 7 8 9 22 72 0 0 0 24 76 1 2 0 
72 32 101 44 100 19 0 43 9 58 21 0 42 0 76 22 0 57 0 59 0 0 35 0 49 
56 4 11 0 2 80 5 8 0 0 94 61 41 54 82 102 35 18 8 0 151 85 90 84 65 
45 33 118 43 44 0 0 81 0 0 0 0 77 0 0 2 0 70 0 6 40 39 112 39 35 
0 62 66 0 0 0 56 42 0 0 21 105 80 21 21 32 109 59 40 42 0 62 56 0 0 
18 0 82 0 32 48 33 111 35 67 8 0 75 0 15 6 0 72 0 14 18 0 88 0 17 
0 2189 0 0 0 0 2260 0 0 0 0 2131 0 0 0 0 2172 0 0 0 0 2128 0 0 0 
24 102 97 12 19 99 179 198 81 79 8 110 105 2 0 28 163 133 72 45 0 106 98 0 0 
71 133 117 0 0 55 167 135 0 0 81 177 151 0 0 79 152 137 0 0 76 154 148 0 0 
0 95 0 125 0 93 161 64 191 83 67 144 39 154 41 0 78 0 115 0 0 113 0 100 0 
0 0 0 0 0 1270 1231 1236 1192 1260 0 0 0 0 0 0 0 0 0 0 0 0 0 0 0 
0 0 81 125 0 0 0 75 107 0 0 0 81 128 0 0 0 81 125 0 0 0 72 128 0 
142 45 50 85 43 139 53 48 104 67 84 0 0 32 0 78 0 0 38 0 88 0 0 43 0 
0 134 0 0 85 0 155 0 0 83 0 170 0 0 90 0 142 0 0 72 0 153 0 0 94 
186 274 180 212 84 111 249 100 114 22 219 323 220 241 103 276 367 284 256 146 166 266 246 152 122 
87 77 279 282 78 0 0 188 204 6 120 126 297 330 114 0 0 177 191 5 13 28 216 220 32 
130 105 99 130 239 4 10 0 4 151 12 10 1 15 134 185 175 148 165 325 190 215 209 197 350 
0 117 0 0 0 0 98 0 0 0 0 110 0 0 0 7 114 4 8 3 261 327 269 251 251 
54 23 40 9 41 43 16 34 1 41 41 10 35 0 36 68 14 28 0 41 120 106 97 83 123 
198 71 0 99 0 203 65 0 102 0 204 51 0 104 0 180 59 0 103 0 200 57 0 107 0 
0 0 1463 0 0 0 0 1491 0 0 0 0 1394 0 0 0 0 1498 0 0 0 0 1461 0 0 
64 0 6 42 19 93 49 50 96 66 93 61 59 73 65 51 24 17 55 28 54 0 0 27 12 
111 129 141 89 187 0 0 9 0 44 61 84 66 64 118 0 0 20 0 52 0 0 12 0 62 
35 73 0 89 0 137 165 99 170 87 81 99 46 134 51 44 55 0 71 0 34 56 0 81 0 
85 100 82 89 126 79 83 63 59 117 0 29 0 0 56 0 22 0 0 31 54 74 52 51 88 
0 62 0 0 0 28 113 31 31 27 32 119 30 30 29 22 106 21 24 30 36 107 39 32 43 
30 11 39 34 0 97 72 112 112 63 39 20 47 37 0 40 9 44 35 0 36 20 37 39 0 
148 0 0 0 0 126 0 0 0 0 210 81 107 102 103 116 0 0 0 0 128 0 0 0 0 
0 0 0 0 825 0 0 0 0 779 0 0 0 0 831 0 0 0 0 823 0 0 0 0 767 
80 128 87 201 194 0 11 4 95 59 0 13 4 78 71 0 15 15 109 71 33 48 34 120 74 
142 0 0 0 0 274 109 106 90 79 179 0 0 0 0 161 0 0 0 0 150 0 1 0 0 
0 0 0 0 0 75 59 72 72 76 0 0 0 0 0 150 124 144 157 150 0 0 0 0 0 
0 22 0 157 0 40 63 49 206 36 0 19 0 141 0 0 16 0 148 0 0 20 0 169 0 
145 54 86 76 143 94 0 64 19 57 88 10 84 42 61 187 115 151 101 170 77 0 36 20 58 
49 57 66 145 125 34 25 32 92 95 0 0 0 90 68 0 0 0 55 56 8 13 11 95 64 
0 3 67 0 0 84 90 189 92 100 0 2 72 0 0 68 76 184 67 75 0 2 65 0 0 
202 2 188 0 0 207 3 171 0 0 203 6 187 4 1 179 2 189 0 0 208 19 176 10 10 
359 131 359 141 220 392 178 441 203 238 366 157 387 211 246 249 21 269 102 125 215 44 271 60 104 
65 154 72 82 68 0 87 0 29 0 17 130 29 33 26 0 106 0 16 0 0 76 0 22 0 
0 0 35 0 60 36 46 79 46 119 58 77 92 55 123 0 0 34 0 61 0 0 51 0 59 
0 0 19 0 210 0 0 17 0 195 0 0 30 0 179 0 0 26 0 205 0 0 27 0 210 
0 0 0 52 0 0 0 0 61 0 56 58 48 143 46 0 0 0 61 0 96 77 82 165 89 
121 0 0 118 0 132 0 0 130 0 143 0 0 124 0 124 0 0 137 0 140 0 0 138 0 
0 24 74 71 0 103 170 186 177 108 161 217 238 230 149 2 54 107 84 13 86 105 132 135 57 
96 117 107 100 195 0 0 0 0 69 0 0 0 0 65 20 22 25 20 94 0 0 0 0 70 
109 207 120 112 116 0 110 0 0 0 59 176 78 79 70 2 105 0 0 3 59 168 67 52 69 
173 173 102 96 90 95 53 0 0 0 98 52 5 4 9 89 63 0 0 0 82 67 0 0 0 
0 128 0 0 0 37 175 55 58 67 0 133 0 0 0 69 208 91 97 77 0 124 0 0 0 
0 0 0 0 0 0 0 0 0 0 0 0 0 0 0 0 0 0 0 0 449 411 450 430 398 
0 0 37 0 0 72 79 92 75 87 0 0 31 0 0 77 75 85 59 79 19 25 59 22 26 
8 15 18 21 59 0 0 0 0 39 92 93 80 76 112 0 0 0 0 34 79 109 90 86 127 
0 0 0 132 0 0 0 0 115 0 0 0 0 145 0 0 0 0 148 0 77 74 78 204 83 
1 65 0 30 71 0 62 0 39 76 0 55 0 34 91 0 60 0 29 74 18 72 25 56 113 
0 24 0 19 0 89 106 83 74 83 84 80 78 65 81 0 20 0 16 0 123 152 126 154 120 
0 0 117 55 0 43 45 155 106 50 0 0 102 39 0 0 0 89 38 0 0 0 126 35 0 
59 0 0 0 0 126 62 61 76 69 99 20 18 20 15 131 47 46 52 41 57 0 0 0 0 
77 34 33 109 37 25 0 0 80 0 40 0 0 78 0 77 34 29 112 32 47 0 0 71 0 
0 0 62 40 0 0 0 54 41 0 101 99 148 127 97 0 0 61 45 0 0 0 66 40 0 
2 6 53 102 6 0 0 53 86 0 49 29 104 121 51 33 42 73 121 37 0 0 48 85 0 
76 9 57 62 11 63 1 45 55 29 167 95 143 143 114 90 22 68 54 22 63 0 53 44 0 
47 0 64 0 74 48 0 63 0 67 37 0 79 0 91 119 61 132 69 132 36 0 68 0 66 
91 30 142 76 59 49 14 117 70 34 55 0 97 26 4 145 47 168 113 91 88 23 167 64 58 
24 114 165 46 138 138 195 297 142 252 28 109 200 49 189 0 50 157 2 122 86 154 223 109 224 
20 21 23 65 49 46 43 39 90 79 0 0 0 32 28 0 0 0 25 17 82 98 104 142 109 
29 45 0 110 0 37 62 0 144 0 109 108 81 201 94 37 62 0 134 0 49 48 0 107 0 
0 0 53 0 0 165 158 219 152 179 0 0 58 0 0 0 0 75 0 0 0 0 66 0 0 
59 11 10 6 20 86 60 62 64 64 94 73 78 87 83 39 0 5 0 12 34 10 14 7 21 
22 142 91 18 40 0 116 72 11 6 0 88 47 0 25 0 129 65 7 13 54 159 120 46 104 
136 170 95 94 91 63 61 39 19 18 34 52 15 0 0 34 43 13 0 0 28 45 13 0 0 
76 105 18 21 23 56 58 1 0 0 58 77 18 9 15 73 84 41 48 50 90 91 52 32 51 
38 76 43 70 28 0 61 11 42 16 0 51 11 45 19 0 43 12 29 12 38 103 63 97 77 
0 0 67 29 13 0 0 48 37 3 0 0 50 42 7 46 56 136 114 68 59 53 110 113 70 
29 38 26 22 31 0 0 0 0 0 71 59 57 62 55 0 0 0 0 0 120 107 99 114 110 
41 30 12 34 38 0 0 0 0 0 0 0 0 0 0 48 49 85 63 72 128 97 128 165 153 
33 35 98 38 37 0 6 60 8 0 57 47 126 45 41 0 0 52 0 0 0 0 56 4 0 
0 0 117 0 0 0 0 63 0 0 19 20 64 0 18 0 0 91 0 0 0 0 97 0 0 
43 70 0 0 0 66 93 38 30 28 67 108 16 14 9 79 119 37 37 41 36 66 0 0 0 
81 109 65 49 58 9 42 3 0 0 69 121 59 48 51 34 65 26 16 14 22 52 0 0 0 
0 128 128 184 0 0 140 126 181 0 0 116 132 194 2 0 125 127 173 0 0 139 128 181 0 
17 0 0 205 0 13 0 0 141 0 132 108 113 244 109 22 0 0 136 0 29 1 0 151 0 
183 223 52 123 111 214 297 82 122 195 202 264 102 134 142 103 140 3 49 65 301 435 149 212 232 
72 213 138 102 115 3 51 71 15 0 34 90 117 37 29 28 99 65 10 27 0 70 54 0 0 
0 14 11 0 68 0 19 16 0 95 0 9 7 0 45 36 66 57 32 127 27 37 33 18 83 
713 581 616 434 586 457 251 320 156 214 446 290 353 198 288 339 167 194 46 158 565 392 492 345 398 
75 59 3 3 0 148 139 67 66 65 75 75 0 0 0 88 87 22 16 16 65 53 0 0 0 
166 322 129 153 134 284 397 184 280 204 162 310 94 170 88 48 193 0 31 0 96 220 60 80 54 
0 0 0 0 53 0 0 0 0 56 0 0 0 0 65 0 0 0 0 61 136 157 141 152 188 
150 0 0 54 0 156 0 0 55 0 142 0 0 40 0 168 0 0 46 0 149 0 0 41 0 
195 147 196 268 136 47 0 92 134 1 106 49 127 192 64 48 0 104 104 29 54 0 88 92 2 
103 95 74 51 9 165 173 147 115 113 102 91 81 38 20 231 191 197 127 119 113 127 103 33 43 
58 130 51 57 53 0 55 0 0 0 6 80 4 5 4 0 64 0 0 0 76 154 62 76 64 
0 0 0 16 0 0 0 0 22 0 0 0 0 19 0 0 0 0 18 0 177 182 221 219 214 
77 19 70 129 99 21 1 33 118 94 55 21 62 144 113 29 0 38 86 89 161 80 135 209 234 
0 99 75 0 86 0 111 85 0 115 0 127 59 0 86 0 94 89 0 107 0 119 78 0 104 
65 36 68 55 42 94 68 121 84 63 29 21 39 28 17 63 56 120 88 62 12 0 42 2 0 
74 0 0 0 58 65 0 0 0 50 81 0 0 0 60 64 0 0 0 46 173 87 78 93 145 
78 93 0 95 63 60 75 0 113 79 86 77 1 156 106 165 214 97 221 161 105 166 39 145 110 
78 106 109 85 70 10 38 50 15 11 0 14 48 0 0 68 76 104 58 51 25 34 61 20 14 
0 0 0 140 35 0 0 0 158 28 27 29 16 157 51 0 0 0 149 33 0 0 0 137 38 
0 0 0 184 16 204 181 171 441 233 0 0 0 195 17 156 160 159 351 151 0 0 0 172 12 
60 149 159 192 100 26 126 148 203 46 92 166 164 230 105 78 203 182 265 112 123 145 197 283 130 
0 0 0 1285 0 0 0 1 1314 0 0 0 0 1329 0 0 0 0 1380 1 0 0 0 1352 0 
195 0 0 0 0 197 13 18 17 20 178 0 0 0 0 196 0 0 0 0 166 0 0 0 0 
92 0 0 0 0 117 0 0 0 0 122 0 0 0 0 102 0 0 0 0 206 88 85 89 99 
152 80 43 93 94 53 0 0 11 11 145 45 42 53 42 137 45 54 70 86 213 141 110 157 145 
12 30 0 0 36 0 23 0 0 0 0 0 1 0 0 39 41 18 39 44 0 0 0 0 0 
62 75 145 124 74 0 0 49 0 0 0 0 74 0 0 0 0 65 0 0 181 196 219 205 201 
3 11 0 80 238 124 129 125 222 352 2 27 0 86 263 0 16 0 100 270 121 152 113 198 314 
11 25 81 11 236 4 0 55 8 188 122 104 169 129 301 140 145 199 175 348 1 5 47 4 197 
99 186 214 178 84 133 199 273 171 91 112 181 218 166 108 44 135 174 95 16 41 147 185 142 2 
108 0 0 18 0 99 0 0 0 0 115 0 0 0 0 119 0 0 0 0 143 17 27 8 33 
35 56 29 28 53 0 48 1 0 0 47 75 45 37 52 6 33 0 0 28 0 51 0 0 17 
626 637 648 692 641 0 0 0 0 0 0 0 0 0 0 0 0 0 0 0 0 0 0 0 0 
67 59 0 0 0 94 78 16 16 13 144 92 39 35 29 99 70 0 0 0 106 103 23 26 33 
40 0 0 68 81 85 49 49 99 133 25 0 0 68 69 39 10 13 68 64 33 31 37 80 84 
13 8 0 0 77 21 2 0 0 73 76 71 49 50 137 20 24 17 21 84 97 129 101 103 155 
55 0 0 0 0 62 0 0 0 0 64 0 0 0 0 202 133 145 146 141 52 0 0 0 0 
67 138 99 114 121 101 247 167 150 213 18 101 56 55 54 114 184 120 146 137 106 208 160 162 158 
0 0 0 0 0 43 44 43 30 26 0 0 0 0 0 67 87 85 76 121 122 114 119 124 148 
163 15 86 11 19 221 9 54 16 14 292 83 171 99 102 303 169 255 169 160 243 48 90 37 50 
19 0 32 0 0 22 0 16 0 0 32 0 41 24 0 79 57 87 74 68 27 3 31 1 3 
0 0 209 0 39 0 0 247 0 32 0 0 203 0 28 0 0 206 0 22 0 0 199 0 29 
113 63 0 121 51 129 92 0 114 80 142 124 34 147 71 93 68 0 110 54 98 78 0 127 49 
46 69 49 66 37 13 23 0 24 0 64 86 56 93 39 16 48 5 38 5 60 57 58 84 29 
0 0 45 56 0 68 57 104 98 62 0 0 36 33 0 58 50 99 83 45 36 31 79 74 26 
