882 858 646 774 845 1150 1167 1014 1027 1123 684 695 548 703 790 954 947 819 1058 1015 623 577 423 494 642 
171 128 161 150 148 0 0 0 0 0 120 74 106 93 97 0 0 0 0 0 0 0 0 0 0 
117 38 45 191 234 84 0 0 132 155 183 81 56 270 296 72 0 0 100 135 64 0 0 111 133 
0 0 75 70 2 90 54 133 128 94 2 4 74 47 2 79 58 135 122 58 52 31 122 110 38 
157 53 108 156 39 133 10 79 102 0 136 33 91 112 41 127 8 56 120 0 279 178 250 275 165 
109 4 19 0 106 95 2 14 0 127 201 106 110 79 200 177 86 99 68 167 243 140 139 118 292 
0 0 0 0 0 0 0 0 0 0 1025 1037 998 1014 1054 0 0 0 0 0 0 0 0 0 0 
0 0 0 314 0 0 0 4 278 0 132 129 117 425 133 140 132 105 451 144 0 0 0 260 0 
13 12 14 183 4 0 0 0 190 0 38 53 33 189 30 0 0 0 163 0 2 6 0 185 2 
0 0 0 0 0 0 0 0 0 0 0 0 0 0 0 75 81 86 80 98 224 178 174 216 182 
66 86 71 56 158 0 9 0 0 103 0 3 0 0 97 0 4 0 0 99 83 72 85 66 153 
154 152 162 168 176 0 0 0 0 0 0 0 0 0 0 0 0 0 0 0 96 90 71 70 100 
0 0 0 0 0 0 0 0 0 0 0 0 0 0 0 438 434 421 408 417 196 182 183 191 210 
0 203 0 0 87 0 172 0 0 98 131 343 155 136 221 0 187 0 0 95 0 226 0 0 75 
811 0 0 0 0 801 0 0 0 0 801 0 0 0 0 820 0 0 0 0 835 0 0 0 0 
26 0 235 154 179 57 24 210 165 206 135 119 316 246 277 208 196 456 376 351 147 106 312 238 356 
77 146 98 156 82 71 87 73 120 64 1 41 0 50 0 38 115 53 107 52 0 47 0 38 0 
40 11 19 12 30 164 122 132 134 150 38 0 0 0 21 28 0 0 0 22 171 151 127 140 183 
0 0 137 0 0 0 0 123 0 0 0 0 147 0 0 140 119 251 116 127 0 0 141 0 0 
0 64 43 46 0 0 78 43 45 0 35 96 90 97 33 0 70 47 47 0 0 69 55 42 0 
3 1 2 2 134 117 101 113 136 244 127 112 103 97 212 2 2 0 0 117 79 97 105 91 195 
1 0 0 0 0 0 0 0 0 0 0 0 0 0 0 1027 1095 1114 1072 1016 0 0 0 0 0 
0 19 57 151 0 0 18 58 126 0 0 19 55 153 0 0 19 60 152 0 0 15 56 160 0 
85 56 0 0 0 101 85 19 16 14 170 102 43 38 32 105 72 0 0 0 117 105 27 24 32 
73 106 70 143 137 6 36 16 71 62 10 41 18 76 81 0 36 0 57 61 0 34 0 58 58 
81 119 110 76 8 79 115 169 73 1 280 301 332 306 186 102 121 136 65 1 250 208 289 221 118 
64 13 15 98 20 74 0 0 110 0 206 147 133 219 129 64 0 0 105 3 107 49 47 168 38 
118 95 47 49 41 148 94 51 60 30 75 55 15 0 0 92 75 19 11 12 93 53 11 0 0 
0 0 134 56 0 0 0 148 52 0 0 0 181 51 0 0 0 161 43 0 0 0 137 41 0 
142 171 204 140 136 0 55 81 0 0 0 55 76 0 0 44 79 111 34 38 0 51 105 0 0 
63 51 66 66 58 96 114 101 112 99 22 40 42 35 37 0 0 0 0 0 0 0 0 0 0 
0 0 0 178 0 0 0 0 188 0 241 254 236 433 251 0 0 0 181 0 0 0 0 166 0 
0 0 0 0 0 141 139 173 131 138 0 0 0 0 0 0 0 0 0 0 69 56 64 62 82 
117 0 0 61 44 136 38 49 106 105 201 78 80 127 148 82 1 0 57 48 198 68 74 131 118 
0 76 0 0 0 0 78 0 0 0 0 59 0 0 0 108 149 79 117 80 49 120 43 51 46 
0 0 104 0 0 99 107 220 116 132 0 0 105 0 0 8 11 109 4 9 15 15 95 10 19 
296 240 207 272 129 133 93 79 122 0 90 105 73 93 0 314 280 198 299 145 151 136 81 145 2 
0 0 0 0 0 31 35 30 19 22 0 0 0 0 0 59 67 68 65 90 100 94 96 97 127 
0 232 0 208 0 0 184 0 201 0 8 206 6 196 6 0 193 0 195 0 0 204 0 211 0 
0 42 0 130 0 0 48 0 145 0 0 49 0 141 0 72 155 71 229 82 0 61 0 137 0 
0 0 0 0 80 98 77 86 69 153 96 89 81 89 147 0 0 0 0 80 0 0 0 0 89 
62 319 339 55 224 11 213 267 7 137 55 291 337 62 202 89 322 305 92 228 198 351 406 162 253 
0 50 43 0 89 21 63 49 13 93 27 82 93 42 87 0 67 32 0 76 0 67 27 0 74 
101 90 89 96 108 14 0 0 37 0 13 0 0 41 0 17 0 0 42 0 85 66 57 116 75 
69 0 65 0 0 63 0 75 0 0 113 53 107 48 50 99 16 77 13 12 66 0 73 0 0 
0 18 82 0 97 0 12 69 0 106 0 17 74 0 107 0 14 92 0 133 0 13 69 0 102 
18 59 135 85 17 50 73 151 112 51 0 35 112 42 0 43 73 158 118 45 0 22 101 66 0 
0 63 0 0 0 0 69 0 0 0 118 233 103 136 124 0 90 0 0 0 14 87 20 33 25 
0 0 0 72 0 64 66 54 129 87 0 0 0 74 0 0 0 0 80 0 75 68 59 156 64 
54 0 104 57 0 62 0 125 62 0 74 0 115 55 0 49 0 109 64 0 50 0 110 50 0 
84 52 0 34 0 110 83 15 53 28 96 99 0 29 0 120 56 0 47 0 95 64 0 35 0 
0 0 0 0 28 194 192 193 209 234 0 0 0 0 43 0 0 0 0 36 0 0 0 0 37 
89 47 57 109 77 58 37 49 96 68 24 0 0 52 9 28 0 0 47 11 37 12 8 56 26 
31 69 9 8 9 17 60 0 0 0 20 88 0 0 0 155 204 146 138 132 28 89 0 0 0 
0 0 0 21 0 196 174 204 204 173 0 0 0 24 0 0 0 0 22 0 0 0 0 19 0 
101 101 171 179 118 0 0 68 80 0 0 0 97 81 0 0 0 82 65 0 0 0 70 87 0 
63 57 59 48 68 41 0 0 0 11 76 62 48 48 72 30 0 0 0 22 92 49 45 49 60 
0 0 25 0 69 9 5 36 12 89 0 0 34 0 70 10 7 43 8 95 81 75 114 64 153 
585 586 605 637 586 0 0 0 0 0 0 0 0 0 0 0 0 0 0 0 0 0 0 0 0 
77 149 178 88 95 33 106 129 36 30 0 37 85 0 0 0 54 102 0 0 0 55 84 0 0 
0 0 110 0 0 0 0 91 0 0 76 114 207 112 101 0 0 85 0 0 0 0 104 0 0 
107 138 43 67 149 39 47 0 0 92 48 65 0 0 69 45 46 0 0 78 64 42 0 0 88 
0 48 0 23 36 59 115 56 78 94 0 59 0 27 37 0 54 0 39 40 26 65 21 53 63 
9 7 100 5 12 0 0 90 0 0 0 0 83 0 0 36 39 124 27 29 77 80 153 59 88 
0 0 0 54 83 105 99 75 139 194 0 0 0 59 91 0 0 0 40 95 0 0 0 57 87 
115 197 103 87 111 28 141 0 0 0 36 143 10 10 10 28 92 0 0 0 29 98 5 3 0 
71 31 106 47 103 16 0 42 10 66 21 0 42 0 80 18 0 50 7 64 14 0 38 7 75 
51 7 0 0 4 40 0 12 0 0 60 39 51 35 56 100 49 43 27 41 153 108 114 136 113 
59 34 118 47 52 22 0 81 0 0 7 0 77 0 0 22 0 70 0 0 62 27 115 38 17 
32 9 58 13 8 25 12 0 0 0 0 17 11 9 18 31 0 0 0 0 19 0 0 0 0 
0 61 65 0 0 0 64 54 0 0 21 104 75 21 20 32 108 56 40 42 0 62 52 0 0 
11 0 0 0 0 0 43 0 0 0 0 0 0 0 0 16 0 0 0 0 0 0 0 0 0 
30 0 91 0 45 64 43 124 39 80 25 0 85 0 29 37 10 99 5 36 31 0 99 0 27 
0 2122 0 0 0 0 2173 0 0 0 0 2043 0 0 0 0 2134 0 0 0 0 2061 0 0 0 
27 142 142 24 20 92 244 229 85 85 9 110 99 4 0 39 205 158 68 59 6 132 106 2 0 
62 108 78 0 0 50 117 126 0 0 83 126 117 0 0 62 126 111 0 0 64 116 120 0 0 
0 96 0 107 0 75 162 83 180 101 65 142 36 157 50 0 98 0 118 0 0 111 0 103 0 
0 0 0 0 0 1262 1218 1213 1179 1248 0 0 0 0 0 0 0 0 0 0 0 0 0 0 0 
0 0 100 143 0 0 0 83 121 0 0 0 93 142 0 0 0 92 144 0 0 0 81 147 0 
151 51 50 92 47 151 52 53 119 65 80 0 0 41 0 89 0 0 39 0 91 0 0 45 0 
0 129 0 0 79 0 149 0 0 86 0 158 0 0 93 0 144 0 0 72 0 151 0 0 105 
159 273 164 245 112 69 182 48 122 4 315 427 275 386 166 133 241 121 179 62 206 388 287 298 146 
99 91 301 280 100 0 1 192 195 1 126 117 302 304 105 0 0 168 184 9 27 16 195 192 30 
150 129 100 161 268 13 22 0 19 169 22 15 2 18 173 217 219 153 190 356 213 242 239 237 385 
0 62 0 0 0 0 50 0 0 0 0 68 0 0 0 8 62 5 8 5 178 211 177 145 172 
52 29 45 12 52 46 17 37 0 49 46 14 44 0 42 71 13 33 0 53 131 114 112 83 153 
227 75 0 109 0 228 76 0 114 0 233 52 0 115 0 214 76 0 122 0 211 60 0 127 0 
55 0 0 0 0 62 0 0 0 0 62 0 0 0 0 202 133 145 146 141 51 0 0 0 0 
153 281 300 197 87 155 252 303 177 90 147 282 324 186 134 87 201 271 122 16 75 229 254 139 22 
81 0 11 59 29 120 86 62 144 81 122 79 71 122 93 84 25 29 88 37 64 0 0 47 24 
135 137 130 107 209 0 0 7 0 50 85 83 80 70 116 0 0 20 0 54 0 0 18 0 61 
39 89 0 82 0 135 189 99 192 82 89 108 57 146 61 50 81 0 75 0 37 70 0 87 0 
72 86 87 92 122 91 73 65 61 99 0 23 0 0 50 0 23 0 0 25 52 61 48 46 85 
0 77 0 0 0 34 146 36 36 30 40 152 38 41 37 27 141 34 33 47 42 136 60 41 59 
12 9 41 30 0 89 71 112 98 63 30 21 47 25 0 28 7 44 0 0 23 20 37 26 0 
2 11 0 80 211 122 126 118 194 329 1 25 1 79 260 0 10 0 81 254 113 139 113 177 305 
12 19 99 4 226 4 1 72 8 182 117 114 185 110 285 153 151 236 175 340 2 7 76 3 200 
150 0 0 0 0 150 0 0 0 0 226 83 105 109 117 123 0 0 0 0 149 0 0 0 0 
0 0 0 0 837 0 0 0 0 798 0 0 0 0 849 0 0 0 0 835 0 0 0 0 779 
122 93 0 154 50 107 114 3 176 70 170 157 41 216 87 95 94 8 150 80 128 122 0 183 64 
142 0 0 0 0 284 111 89 92 83 170 0 0 0 0 175 0 0 0 0 164 0 0 0 0 
0 0 0 0 0 72 55 73 66 72 0 0 0 0 0 140 117 141 145 140 0 0 0 0 0 
0 22 0 143 0 33 54 46 186 32 0 19 0 132 0 0 16 0 136 0 0 19 0 160 0 
80 61 113 143 140 33 0 69 58 41 23 0 80 64 62 87 58 116 123 113 7 1 51 48 42 
43 48 56 130 106 28 21 33 81 72 0 0 0 77 56 0 0 0 48 49 7 7 9 76 53 
0 8 63 0 0 80 93 176 79 91 0 12 69 1 0 51 77 159 48 60 0 5 55 0 0 
130 0 129 0 0 110 0 91 0 0 109 1 111 4 1 82 0 104 0 0 117 12 91 10 10 
325 126 343 109 215 313 143 347 128 206 359 174 410 214 281 214 23 210 52 120 208 70 255 31 134 
67 158 76 90 70 0 88 0 27 0 17 136 28 36 28 0 110 0 18 0 0 77 0 23 0 
0 0 30 0 59 36 46 77 43 114 56 74 82 54 124 0 0 30 0 64 0 0 48 0 58 
0 0 21 0 214 0 0 21 0 194 0 0 30 0 178 0 0 28 0 200 0 0 24 0 199 
0 0 0 50 0 0 0 0 58 0 54 59 45 140 44 0 0 0 59 0 85 78 82 156 86 
108 0 0 98 0 123 0 0 125 0 112 0 0 101 0 111 0 0 146 0 115 0 0 123 0 
0 42 72 85 0 113 203 197 217 127 172 208 226 250 136 1 57 84 109 18 76 121 119 153 41 
117 168 137 117 249 0 0 0 0 89 0 0 0 0 89 26 30 31 24 130 0 0 0 0 90 
137 260 157 159 160 0 137 0 0 0 97 220 97 100 97 2 108 1 0 1 94 220 91 74 90 
148 141 82 83 86 87 46 0 0 0 99 56 4 5 8 74 57 0 0 0 78 62 0 0 0 
0 112 0 0 0 36 157 49 52 61 0 138 0 0 0 63 192 78 86 64 0 118 0 0 0 
0 0 0 0 0 0 0 0 0 0 0 0 0 0 0 0 0 0 0 0 461 439 472 470 432 
0 0 42 0 0 83 92 109 93 99 0 0 37 0 0 95 89 98 77 89 24 29 68 24 31 
9 19 17 20 62 0 0 0 0 36 85 88 73 71 109 0 0 0 0 37 71 109 87 81 120 
0 0 0 149 0 0 0 0 138 0 0 0 0 166 0 0 0 0 167 0 94 85 99 254 108 
0 60 0 30 68 0 58 0 36 74 0 51 0 32 86 0 50 0 32 67 18 71 22 54 104 
0 112 0 0 0 0 108 0 0 0 0 106 0 0 0 0 96 0 0 0 97 185 99 105 92 
0 0 0 6 0 87 53 78 73 72 37 0 40 37 43 0 0 0 15 0 102 89 99 125 106 
0 0 119 57 0 45 45 159 107 52 0 0 104 42 0 0 0 93 40 0 0 0 131 36 0 
59 0 0 0 0 129 63 62 75 70 102 19 18 20 14 131 48 46 53 42 60 0 0 0 0 
83 35 33 111 37 39 0 0 91 0 48 0 0 85 0 83 35 30 120 32 55 0 0 83 0 
0 0 63 43 0 0 0 55 43 0 95 89 138 127 92 0 0 62 47 0 0 0 67 42 0 
37 0 0 87 116 118 74 86 166 213 34 1 6 102 108 63 26 28 80 106 46 36 50 97 138 
3 7 51 103 10 0 0 55 94 0 61 38 130 148 58 28 41 82 138 42 0 0 48 87 0 
87 6 78 68 16 70 8 64 60 27 159 103 143 161 116 117 22 58 69 30 85 0 61 67 0 
39 0 55 0 55 38 0 56 0 52 26 0 67 0 70 88 49 104 64 103 30 0 55 0 53 
85 22 159 90 42 59 11 114 93 26 59 0 109 28 14 169 45 182 121 92 93 29 168 72 58 
10 63 131 20 120 160 202 308 143 243 39 121 204 70 176 0 20 150 0 118 113 142 245 116 235 
24 24 25 70 67 43 42 40 93 85 0 0 0 37 42 0 0 0 26 19 93 109 105 158 122 
20 34 0 90 0 32 47 0 115 0 90 82 44 148 62 29 41 0 113 0 42 34 0 90 0 
0 0 54 0 0 165 150 207 153 179 0 0 63 0 0 0 0 78 0 0 0 0 70 0 0 
12 8 0 0 72 14 2 0 0 59 66 68 54 38 140 21 25 16 15 71 85 118 97 95 130 
78 10 12 12 27 121 82 86 76 86 129 92 105 127 112 45 1 7 0 17 36 12 11 7 22 
22 106 81 18 33 0 104 73 6 3 0 75 44 0 24 0 87 54 5 11 52 133 112 45 95 
171 213 117 116 127 89 67 59 22 26 45 52 27 0 0 44 61 14 0 0 33 51 16 0 0 
91 0 0 15 0 77 0 0 0 0 94 0 0 17 0 99 0 0 4 0 120 15 23 37 29 
62 76 12 20 22 46 37 1 0 0 47 62 13 3 15 57 67 33 31 45 78 73 44 24 45 
38 76 42 71 28 0 62 11 42 15 0 51 10 46 17 0 43 13 31 13 38 102 62 96 78 
0 0 56 27 11 0 0 45 35 3 0 0 44 40 6 43 53 122 93 61 54 50 100 93 63 
29 38 26 22 31 0 0 0 0 0 71 59 57 62 55 0 0 0 0 0 120 107 99 113 110 
44 34 37 35 41 0 0 18 0 0 0 0 20 0 0 48 47 86 56 49 133 102 142 132 125 
37 45 108 48 55 7 10 63 15 12 54 52 126 55 49 0 0 50 2 0 0 5 58 24 0 
0 0 175 31 0 0 0 133 23 0 19 20 147 37 18 0 0 156 23 0 0 0 159 23 0 
46 98 0 0 0 85 132 51 43 46 95 160 26 14 17 100 165 56 55 53 40 85 0 0 0 
57 0 60 71 83 137 48 162 154 171 146 67 169 181 193 115 37 93 101 158 72 5 78 122 96 
117 159 90 86 80 12 68 3 0 0 107 182 92 69 78 67 96 32 23 19 36 79 0 0 0 
0 114 108 162 0 0 127 118 162 0 0 106 120 167 0 0 115 115 156 0 0 126 118 164 0 
19 0 0 169 0 8 0 0 120 0 122 92 118 258 114 15 0 0 134 0 20 1 0 131 0 
36 65 40 39 65 0 56 0 0 24 41 81 37 38 57 0 36 0 0 32 0 60 6 0 30 
146 187 49 101 122 196 267 102 120 197 154 195 83 131 140 101 127 13 39 89 231 303 130 180 198 
55 155 114 81 94 7 36 60 11 4 33 70 94 33 27 21 70 57 12 23 0 59 43 0 0 
9 32 13 14 78 18 36 30 12 120 12 26 20 10 61 68 99 78 51 177 37 45 44 39 111 
709 520 569 377 497 447 202 263 210 190 459 280 327 187 274 382 130 170 39 130 546 312 422 373 373 
102 67 2 4 0 188 181 81 79 79 78 84 0 0 0 107 95 25 16 21 73 70 0 0 0 
130 272 89 161 106 231 359 140 256 174 91 254 67 158 78 25 171 0 54 0 68 193 60 96 29 
0 0 0 0 57 0 0 0 0 58 0 0 0 0 68 0 0 0 0 61 136 165 149 165 196 
59 2 37 0 17 129 10 77 35 49 137 59 91 56 66 154 75 138 83 109 144 29 55 22 29 
150 0 0 54 0 156 0 0 55 0 141 0 0 40 0 168 0 0 46 0 149 0 0 41 0 
157 118 143 216 108 41 1 81 112 3 81 42 113 170 60 56 8 96 92 25 41 0 83 80 1 
90 118 88 214 173 0 9 3 111 49 0 18 4 90 53 0 19 8 102 63 40 51 37 123 72 
139 141 121 60 4 218 212 180 130 139 115 103 108 28 18 287 247 253 167 153 148 170 150 37 57 
58 130 51 57 53 0 55 0 0 0 6 80 4 5 4 0 64 0 0 0 76 154 62 76 65 
0 0 0 19 0 0 0 0 22 0 0 0 0 23 0 0 0 0 21 0 180 197 221 222 224 
44 0 0 21 38 112 83 77 91 101 40 0 0 29 36 42 1 0 18 41 46 0 0 18 32 
50 3 51 115 89 13 7 37 97 89 72 25 50 129 106 15 0 31 86 85 115 78 118 192 201 
0 68 54 0 67 0 71 63 0 72 0 79 53 0 54 0 66 64 0 69 0 83 67 0 66 
44 22 55 40 33 68 52 92 56 55 17 16 35 18 13 48 43 103 68 48 2 0 32 0 0 
79 0 0 0 49 69 0 0 0 50 100 0 0 0 60 66 0 0 0 51 182 99 79 94 167 
72 106 6 108 85 68 134 0 130 117 47 92 0 116 70 195 218 137 240 194 116 188 86 183 135 
79 94 113 83 64 7 35 39 11 8 0 15 48 0 0 64 76 98 54 47 25 32 63 21 13 
0 0 0 146 35 0 0 0 161 28 28 29 16 162 51 0 0 0 154 37 0 0 0 144 38 
0 0 0 146 13 150 127 121 319 165 0 0 0 165 14 116 130 120 260 111 0 0 0 132 7 
49 155 179 195 73 30 135 161 190 31 64 173 176 159 65 59 214 196 229 117 94 161 199 240 93 
0 0 0 1267 0 0 0 0 1273 0 0 0 0 1269 0 0 0 0 1340 0 0 0 0 1284 0 
186 0 0 0 0 176 0 16 10 11 166 0 0 0 0 172 0 0 0 0 151 0 0 0 0 
96 0 0 0 0 126 0 0 0 0 138 0 0 0 0 112 0 0 0 0 224 94 97 96 107 
285 26 117 37 42 273 0 33 1 0 456 120 181 140 119 467 247 390 251 265 304 48 111 74 57 
0 0 0 37 0 76 68 49 103 59 0 0 0 23 0 47 49 63 93 53 43 51 44 99 39 
7 12 0 0 0 0 58 16 3 17 0 50 4 0 1 0 13 0 0 0 0 37 7 0 23 
0 0 197 0 37 0 0 225 0 24 0 0 210 0 23 0 0 197 0 26 0 0 182 0 30 
89 15 80 0 0 100 11 90 0 0 109 9 85 0 0 108 7 85 0 0 101 14 94 0 0 
86 96 130 132 98 0 0 41 0 0 0 0 68 0 0 0 0 55 0 0 183 217 237 222 209 
63 29 19 68 74 37 0 0 29 57 52 0 0 23 38 52 0 0 34 40 92 44 46 79 87 
0 0 1478 0 0 0 0 1506 0 0 0 0 1399 0 0 0 0 1506 0 0 0 0 1483 0 0 
