1092 969 828 826 922 1244 1230 1187 1120 1261 843 747 668 775 832 1164 1129 1019 1092 1163 720 602 582 650 703 
194 166 204 195 196 0 0 0 0 0 144 86 148 110 114 0 0 0 0 0 0 0 0 0 0 
125 53 32 184 205 66 0 0 197 158 164 72 46 257 259 62 0 0 108 159 68 0 0 133 130 
310 41 117 63 66 235 0 24 19 3 473 124 185 139 152 474 228 306 237 243 325 60 103 67 68 
0 0 75 88 1 118 72 145 142 85 0 3 70 52 0 97 68 154 142 79 65 43 127 117 35 
185 72 128 149 34 149 14 100 126 3 133 39 98 134 28 147 10 80 130 0 295 198 285 321 171 
115 6 23 1 113 98 5 16 0 126 225 109 115 93 215 181 80 102 64 176 252 123 135 133 283 
0 0 0 0 0 0 0 0 0 0 1036 1038 993 1024 1064 0 0 0 0 0 0 0 0 0 0 
0 0 0 254 0 0 0 3 250 1 118 108 106 365 114 125 104 99 395 130 0 0 0 232 0 
13 8 14 195 6 0 0 0 193 0 37 48 36 189 31 0 0 0 176 0 2 6 3 187 4 
0 0 0 0 0 0 0 0 0 0 0 0 0 0 0 54 61 66 72 76 189 155 149 187 155 
63 82 59 50 146 0 9 0 0 83 0 2 0 0 90 0 4 0 0 92 68 69 69 58 138 
149 155 175 161 168 0 0 0 0 0 0 0 0 0 0 0 0 0 0 0 90 83 76 70 90 
0 0 0 0 0 0 0 0 0 0 0 0 0 0 0 436 443 423 415 424 193 181 185 191 212 
0 206 0 0 88 0 180 0 0 102 135 333 157 140 224 0 192 0 0 98 0 217 0 0 75 
808 0 0 0 0 792 0 0 0 0 791 0 0 0 0 820 0 0 0 0 829 0 0 0 0 
18 12 195 124 139 45 11 167 118 139 124 119 278 208 188 171 181 345 297 286 147 104 257 209 263 
88 138 88 138 77 67 79 68 116 62 0 45 0 44 0 41 94 48 83 43 0 57 0 31 0 
31 9 17 6 19 130 108 116 114 128 30 0 0 0 16 22 0 0 0 27 120 105 87 98 150 
0 0 142 0 0 0 0 141 0 0 0 0 145 0 0 137 129 259 111 128 0 0 143 0 0 
0 70 44 49 0 0 84 47 47 0 40 101 99 102 35 0 74 49 48 0 0 71 59 45 0 
0 0 0 0 140 122 103 104 149 240 111 114 101 113 195 0 6 0 0 102 83 79 102 80 194 
0 0 0 0 0 0 0 0 0 0 0 0 0 0 0 1026 1099 1101 1068 1010 0 0 0 0 0 
0 19 53 144 0 0 20 57 126 0 0 18 51 158 0 0 17 56 157 0 0 15 53 168 0 
63 47 0 0 0 79 67 15 14 13 128 81 34 34 27 84 60 0 0 0 93 88 22 23 28 
63 102 69 134 135 6 35 17 56 61 11 43 23 69 81 0 38 0 57 58 0 34 0 55 63 
79 117 104 62 5 98 143 176 63 0 279 301 325 288 201 98 128 110 71 0 247 209 279 195 139 
83 11 17 105 23 76 0 0 117 0 217 161 137 238 137 71 0 0 114 0 111 50 51 180 45 
121 93 37 47 32 159 107 56 60 33 70 55 14 0 0 98 80 21 12 13 90 65 9 1 0 
0 0 141 58 0 0 0 157 56 0 0 0 186 53 0 0 0 165 43 0 0 0 144 45 0 
130 191 188 125 129 0 64 83 0 0 0 52 68 0 0 39 75 97 33 34 0 47 101 0 0 
80 62 73 84 66 121 139 128 131 115 27 46 53 40 41 0 0 0 0 0 0 0 0 0 0 
0 0 0 171 0 0 0 0 179 0 239 238 226 418 244 0 0 0 177 0 0 0 0 154 0 
0 0 0 0 0 140 132 172 130 139 0 0 0 0 0 0 0 0 0 0 72 60 64 63 80 
105 2 0 61 46 128 30 55 109 96 193 78 98 140 151 79 0 0 61 35 179 63 78 139 113 
0 90 0 0 0 0 86 0 0 0 0 65 0 0 0 115 160 83 130 86 62 143 45 55 52 
0 0 95 0 0 100 91 186 109 110 0 0 81 0 0 8 10 100 5 9 18 14 79 10 16 
264 227 195 277 111 127 82 81 117 0 90 105 64 101 0 285 256 167 280 132 142 135 82 142 0 
0 0 0 0 0 35 42 30 20 23 0 0 0 0 0 65 77 79 80 105 108 106 116 110 149 
0 237 0 210 0 0 192 0 201 0 8 216 7 206 7 0 195 0 199 0 0 206 0 215 0 
0 45 0 126 0 0 55 0 142 0 0 51 0 142 0 67 152 74 217 68 0 59 0 129 0 
0 0 0 0 78 92 69 85 61 142 88 82 72 89 131 0 0 0 0 70 0 0 0 0 79 
110 305 343 50 242 52 216 256 4 180 77 278 344 55 234 114 323 334 111 280 223 381 408 164 321 
0 48 38 0 85 21 63 47 14 93 29 84 94 39 86 0 63 29 0 66 0 62 28 0 70 
114 100 115 120 129 16 0 0 36 0 13 0 0 38 0 19 0 0 46 0 87 70 65 118 83 
74 0 73 0 0 68 0 79 0 0 124 56 115 58 53 102 16 83 15 13 67 0 77 0 0 
0 18 81 0 97 0 12 69 0 109 0 16 74 0 104 0 14 91 0 133 0 12 69 0 100 
16 57 145 90 25 59 77 150 114 60 0 39 117 38 0 47 73 162 108 48 0 30 104 64 0 
0 58 0 0 0 0 66 0 0 0 104 205 96 125 113 0 82 0 0 0 14 75 17 21 24 
0 0 0 80 0 68 80 64 142 99 0 0 0 88 0 0 0 0 95 0 87 78 70 178 75 
53 0 98 48 0 61 0 114 58 0 62 0 102 55 0 55 0 119 60 0 48 0 114 51 0 
83 60 0 33 0 112 89 17 54 27 107 94 0 31 0 122 61 0 46 0 99 62 0 35 0 
0 0 0 0 26 202 197 198 207 226 0 0 0 0 38 0 0 0 0 39 0 0 0 0 42 
89 47 57 109 77 58 37 49 96 68 24 0 0 52 10 28 0 0 47 11 37 12 8 56 27 
30 64 10 8 10 19 57 0 0 0 21 89 0 0 0 159 204 153 135 132 28 87 0 0 0 
0 0 0 21 0 194 178 202 204 164 0 0 0 23 0 0 0 0 23 0 0 0 0 19 0 
71 79 132 138 89 0 0 53 63 0 0 0 74 60 0 0 0 67 53 0 0 0 59 62 0 
62 57 58 48 68 41 0 0 0 11 76 62 47 48 72 30 0 0 0 22 92 48 45 48 60 
0 0 25 0 69 9 6 36 12 89 0 0 34 0 70 10 7 43 8 95 81 75 114 64 153 
586 587 605 638 586 0 0 0 0 0 0 0 0 0 0 0 0 0 0 0 0 0 0 0 0 
69 142 167 87 86 35 106 120 36 35 0 40 89 0 0 0 51 95 0 0 0 52 82 0 0 
0 0 110 0 0 0 0 91 0 0 76 114 207 112 102 0 0 85 0 0 0 0 104 0 0 
120 122 45 64 141 46 41 0 0 95 42 60 0 0 68 43 43 0 0 79 67 44 0 0 87 
0 49 0 22 36 59 115 57 80 94 0 59 0 27 38 0 55 0 39 40 26 65 22 53 63 
9 6 99 5 12 0 0 87 0 0 0 0 81 0 0 36 37 119 27 28 75 78 150 59 84 
0 0 0 55 84 102 96 73 131 194 0 0 0 59 88 0 0 0 40 99 0 0 0 52 87 
110 185 86 90 96 24 118 0 0 0 35 126 6 8 9 25 85 0 0 0 27 95 3 0 0 
45 23 86 30 101 14 0 38 1 63 16 0 38 0 71 8 0 52 0 59 0 0 30 0 68 
57 4 16 0 3 59 0 2 0 0 70 43 54 43 68 104 53 37 37 41 180 122 117 139 120 
57 30 113 42 47 28 0 81 0 0 17 0 75 0 4 22 0 68 0 0 51 32 107 41 21 
64 52 73 44 22 28 15 21 0 0 29 42 26 10 21 37 20 27 0 0 25 26 23 0 0 
0 62 67 0 0 0 57 40 0 0 21 103 76 21 21 32 109 58 40 42 0 59 52 0 0 
2 0 0 1 0 5 39 7 0 2 0 27 0 0 0 10 0 0 0 0 0 3 0 0 1 
30 0 91 0 45 64 43 124 39 80 25 0 85 0 29 33 10 99 0 35 31 0 99 0 27 
0 2096 0 0 0 0 2165 0 0 0 0 2032 0 0 0 0 2103 0 0 0 0 2042 0 0 0 
6 101 77 17 12 71 187 182 68 65 0 124 87 1 0 23 157 119 77 32 0 107 97 0 0 
57 100 73 0 0 48 115 99 0 0 73 107 103 0 0 66 107 95 0 0 59 94 102 0 0 
0 102 0 112 0 90 161 72 181 81 57 161 36 146 47 0 84 0 117 0 0 108 0 109 0 
76 85 148 128 107 0 0 39 0 0 0 0 73 0 0 0 0 58 0 0 180 214 263 222 243 
0 0 0 0 0 1252 1199 1207 1166 1244 0 0 0 0 0 0 0 0 0 0 0 0 0 0 0 
0 0 77 130 0 0 0 69 107 0 0 0 80 131 0 0 0 79 125 0 0 0 70 132 0 
179 56 72 109 51 187 68 77 137 70 96 0 0 44 0 95 0 0 43 0 112 0 0 47 0 
0 126 0 0 77 0 147 0 0 74 0 148 0 0 85 0 130 0 0 65 0 139 0 0 99 
177 347 217 261 135 60 206 74 150 5 318 466 345 422 191 135 347 205 244 69 231 437 361 360 213 
97 76 283 285 84 0 0 195 212 6 121 106 301 295 107 0 0 176 186 13 20 15 205 183 6 
128 110 99 137 243 11 19 1 7 146 9 12 6 4 148 211 203 157 173 323 208 243 222 226 352 
0 69 0 0 0 0 57 0 0 0 0 64 0 0 0 8 71 5 9 4 177 219 182 163 173 
56 29 51 18 52 47 17 32 0 45 46 12 38 0 34 78 14 37 0 48 140 109 98 90 131 
202 76 0 101 0 201 67 0 103 0 205 59 0 102 0 191 70 0 105 0 209 66 0 117 0 
55 0 0 0 0 62 0 0 0 0 64 0 0 0 0 202 133 145 148 142 52 0 0 0 0 
138 293 309 226 90 163 271 307 205 78 160 283 316 203 132 77 196 249 114 13 82 240 248 142 32 
92 0 8 67 37 125 73 58 134 84 114 72 76 103 104 83 26 26 73 50 71 0 0 33 15 
119 127 138 78 213 0 0 7 0 49 75 77 83 71 125 0 0 18 0 61 0 0 13 0 63 
43 84 0 111 0 134 176 95 207 82 114 130 86 208 91 52 77 0 106 0 35 69 0 108 0 
68 82 74 77 122 77 73 64 57 90 0 24 0 0 44 0 18 0 0 29 62 70 53 49 85 
0 78 0 0 0 37 152 34 35 30 39 147 41 34 34 27 132 25 29 37 42 128 52 42 58 
27 11 41 14 0 91 71 112 98 63 25 21 47 29 0 35 9 44 23 0 17 20 37 28 0 
0 13 0 69 201 120 142 119 203 334 0 36 0 77 245 0 11 4 70 222 115 142 116 176 291 
9 8 87 9 231 4 0 59 8 177 111 99 175 125 282 135 131 218 162 330 2 1 57 6 191 
158 0 0 0 0 145 0 0 0 0 241 89 107 115 111 130 0 0 0 0 137 0 0 0 0 
0 0 0 0 859 0 0 0 0 797 0 0 0 0 859 0 0 0 0 850 0 0 0 0 796 
172 81 0 198 63 151 161 4 255 119 195 165 51 282 118 145 102 0 189 93 154 171 2 250 78 
126 0 0 0 0 253 93 92 85 71 157 0 0 0 0 152 0 0 0 0 148 0 0 0 0 
0 0 0 0 0 74 57 78 66 75 0 0 0 0 0 153 126 146 148 142 0 0 0 0 0 
0 25 0 147 0 34 58 48 195 33 0 20 0 138 0 0 17 0 146 0 0 20 0 169 0 
101 68 118 153 146 72 4 90 74 55 33 11 81 85 60 120 71 139 149 128 22 0 51 61 37 
43 48 54 128 106 25 21 31 81 74 0 0 0 77 53 0 0 0 48 50 6 10 7 74 51 
0 8 61 0 0 78 92 171 76 90 0 9 65 0 0 52 79 163 51 55 0 5 59 0 0 
210 16 198 0 0 208 11 177 0 0 210 9 197 4 0 191 8 187 0 0 217 26 183 12 10 
284 77 283 106 164 314 136 351 135 190 338 165 393 177 263 173 10 215 40 118 199 53 253 7 117 
65 151 69 84 67 0 85 0 26 0 17 126 28 33 27 0 103 0 15 0 0 75 0 22 0 
0 0 34 0 71 47 56 76 53 138 76 90 105 64 147 0 0 33 0 72 0 0 52 0 75 
0 0 20 0 215 0 0 18 0 198 0 0 34 0 176 0 0 26 0 196 0 0 23 0 192 
0 0 0 51 0 0 0 0 68 0 61 62 49 145 51 0 0 0 62 0 97 84 90 177 96 
93 0 0 114 0 121 0 0 125 0 117 0 0 98 0 104 0 0 125 0 121 0 0 120 0 
5 43 85 77 0 101 189 178 161 128 152 224 247 225 142 9 80 106 110 23 67 116 125 132 57 
115 177 147 118 255 0 0 0 0 86 0 0 0 0 84 21 31 34 22 132 0 0 0 0 91 
138 249 157 154 154 0 138 0 0 0 71 207 83 80 77 0 104 0 0 0 90 223 88 74 92 
136 126 76 78 78 76 45 0 0 0 83 47 4 4 8 63 47 0 0 0 71 56 0 0 0 
0 94 0 0 0 29 135 41 44 52 0 104 0 0 0 54 161 67 67 54 0 96 0 0 0 
0 0 0 0 0 0 0 0 0 0 0 0 0 0 0 0 0 0 0 0 476 439 486 465 445 
0 0 37 0 0 73 79 92 75 87 0 0 31 0 0 77 75 85 59 79 19 25 59 22 26 
8 15 15 15 52 0 0 0 0 36 80 80 71 69 100 0 0 0 0 33 68 98 78 76 105 
0 0 0 149 0 0 0 0 124 0 0 0 0 154 0 0 0 1 152 0 79 78 92 218 91 
0 67 0 30 72 0 63 0 35 77 0 53 0 35 88 0 58 0 30 73 15 76 25 52 112 
0 112 0 0 0 0 108 0 0 0 0 106 0 0 0 0 97 0 0 0 97 186 99 105 92 
0 0 0 25 0 80 48 81 78 79 57 0 51 67 60 0 0 0 23 0 107 94 110 142 105 
0 0 117 55 0 43 45 155 106 50 0 0 102 39 0 0 0 89 38 0 0 0 126 35 0 
8 5 0 0 0 2 54 21 0 22 0 48 0 0 22 0 0 0 0 1 0 38 9 0 21 
59 0 0 0 0 126 62 61 76 69 99 20 18 20 15 131 47 46 52 41 58 0 0 0 0 
83 35 33 110 37 39 0 0 90 0 47 0 0 84 0 83 35 30 120 32 54 0 0 83 0 
0 0 63 43 0 0 0 55 43 0 101 99 149 132 97 0 0 62 47 0 0 0 67 42 0 
41 0 0 116 138 121 83 121 187 231 33 2 4 130 156 73 25 53 139 142 36 41 54 136 162 
2 6 60 149 11 0 0 63 123 0 74 54 167 184 77 38 68 125 177 57 0 0 61 116 0 
59 4 44 44 12 39 0 33 47 20 137 79 119 120 86 75 18 45 51 13 58 0 47 50 0 
43 0 58 0 57 41 0 65 0 55 30 0 71 0 77 98 49 109 69 117 32 0 60 0 61 
101 18 167 108 40 65 5 154 82 26 57 0 128 34 13 181 51 223 125 119 91 31 196 85 67 
9 62 143 24 107 142 171 284 127 225 41 113 189 54 153 0 33 144 4 101 75 102 218 99 189 
24 28 31 75 67 52 50 44 94 93 0 0 0 39 34 0 0 0 25 19 96 112 110 150 132 
21 31 0 91 0 29 50 0 107 0 81 78 41 132 53 24 37 0 109 0 42 32 0 86 0 
0 0 55 0 0 170 163 233 158 186 0 0 62 0 0 0 0 78 0 0 0 0 72 0 0 
12 9 0 0 79 14 1 0 0 69 64 60 54 45 140 26 21 21 13 89 95 127 101 91 151 
59 9 10 5 19 82 58 62 59 61 95 75 78 92 83 37 0 1 0 10 32 12 13 7 23 
20 98 77 15 32 0 97 74 7 5 0 74 48 0 23 0 77 56 4 14 52 132 113 44 89 
153 208 111 104 122 80 65 49 22 23 41 51 15 0 0 45 60 16 0 0 37 47 12 0 0 
95 0 0 16 0 82 0 0 9 0 99 0 0 24 0 99 0 0 0 0 122 12 22 45 28 
65 77 6 20 19 46 44 0 0 0 47 66 16 8 11 64 69 34 39 43 77 73 45 30 42 
38 76 43 71 28 0 62 11 42 16 2 51 10 45 19 0 43 14 31 13 39 104 64 95 78 
0 0 56 27 10 0 0 45 34 3 0 0 44 40 6 43 53 121 94 60 53 50 100 93 63 
29 38 26 22 31 0 0 0 0 0 71 59 57 62 55 0 0 0 0 0 120 107 99 114 110 
40 33 35 32 42 0 0 15 0 0 0 0 18 0 0 52 45 83 57 50 129 101 140 143 118 
36 41 106 52 54 1 0 56 9 17 56 50 128 53 53 0 0 49 0 0 0 0 55 10 1 
0 0 180 32 0 0 0 141 23 0 19 20 156 37 18 0 0 166 23 0 0 0 161 22 0 
44 118 0 0 0 88 161 65 61 51 104 191 33 25 16 108 187 57 79 60 40 108 0 0 0 
60 0 78 82 96 140 65 174 167 175 156 87 171 197 216 141 49 111 124 167 89 7 94 132 117 
116 144 91 80 88 16 56 3 0 0 93 160 75 66 68 46 82 32 17 22 26 65 0 0 0 
0 125 112 170 0 0 133 128 174 1 0 113 126 173 3 0 119 122 160 0 0 135 124 167 0 
13 0 0 131 0 9 0 0 97 0 92 66 87 187 83 11 0 0 101 0 20 1 1 107 0 
55 70 40 40 61 1 57 0 0 26 48 80 43 36 63 6 39 0 0 33 0 62 0 0 31 
100 143 23 58 81 167 215 81 86 177 130 152 57 71 117 86 86 6 25 75 202 230 119 136 161 
71 204 144 111 117 6 55 81 16 3 45 85 101 38 40 32 91 74 14 24 0 66 55 0 0 
7 24 15 0 67 16 31 24 0 106 5 15 13 5 51 57 81 77 44 148 28 39 37 27 97 
580 478 499 420 511 421 252 220 204 224 460 355 299 211 316 361 178 151 109 157 539 411 386 323 369 
89 70 1 3 0 168 155 75 78 71 75 85 0 0 0 99 96 23 17 23 67 58 0 0 0 
157 309 106 144 125 265 395 164 260 184 138 294 89 164 92 39 194 0 36 0 85 217 47 93 32 
0 0 0 0 55 0 0 0 0 65 0 0 0 0 77 0 0 0 0 64 152 178 156 172 206 
70 4 44 0 17 127 19 64 30 29 124 52 84 48 59 143 75 134 82 87 129 27 52 24 33 
150 0 0 54 0 156 0 0 55 0 141 0 0 40 0 168 0 0 46 0 149 0 0 41 0 
161 119 149 222 103 33 0 82 118 0 69 39 118 167 59 40 0 89 94 19 41 0 91 83 0 
68 113 108 205 154 0 9 8 112 46 0 15 5 73 48 0 15 8 91 45 40 51 33 105 59 
110 120 57 13 7 164 165 112 68 95 81 84 49 0 5 212 192 162 83 134 131 140 98 5 50 
58 130 51 57 53 0 55 0 0 0 5 80 4 5 4 0 64 0 0 0 75 154 62 76 65 
0 0 0 17 0 0 0 0 19 0 0 0 0 21 0 0 0 0 20 0 177 190 223 226 223 
45 0 0 23 38 112 81 73 92 97 49 2 0 26 34 41 0 0 15 42 50 0 0 20 32 
54 6 60 129 113 21 7 33 107 104 76 28 61 160 118 21 0 46 103 106 124 96 142 211 231 
0 69 55 0 67 0 71 63 0 72 0 79 53 0 55 0 66 64 0 69 0 84 67 0 66 
52 28 65 46 38 81 62 108 64 69 29 23 40 24 15 64 58 121 89 63 8 0 37 1 0 
77 0 0 0 52 64 0 0 0 50 90 0 0 0 56 66 0 0 0 52 190 91 80 90 153 
79 132 13 111 84 76 146 13 129 122 42 91 0 127 70 183 243 129 243 193 125 200 84 193 156 
81 98 120 89 67 12 40 42 13 11 0 15 48 0 0 66 84 92 63 48 23 34 61 19 13 
0 0 0 140 35 0 0 0 158 28 27 29 16 157 51 0 0 0 149 34 0 0 0 138 38 
0 0 0 156 13 163 149 134 348 185 1 0 0 181 16 120 133 123 285 127 0 0 0 143 8 
43 106 148 185 66 19 74 109 154 16 52 113 127 146 63 32 136 146 187 69 62 111 118 184 65 
0 0 0 1263 0 0 0 0 1258 0 0 0 0 1268 0 1 2 3 1336 2 0 0 0 1282 0 
199 0 0 0 0 199 13 18 17 21 178 0 0 0 0 206 0 0 0 0 173 0 0 0 0 
92 0 0 0 0 117 0 0 0 0 122 0 0 0 0 102 0 0 0 0 206 88 85 88 99 
0 0 0 26 0 65 53 51 82 40 0 0 0 9 0 41 41 55 80 42 51 53 53 91 41 
49 16 26 44 58 36 0 0 1 42 38 0 0 3 17 52 0 0 26 27 84 44 47 73 79 
0 0 224 0 37 0 0 257 0 35 0 0 232 1 30 0 0 213 0 25 0 0 211 0 29 
0 0 1473 0 1 0 0 1490 0 0 0 0 1373 0 0 0 0 1489 0 0 0 0 1458 0 0 
