1047 982 939 910 963 1351 1332 1174 1188 1310 827 807 771 790 961 1037 1047 1022 1018 1048 699 591 611 558 736 
151 118 138 138 134 0 0 0 0 0 112 71 110 91 98 0 0 0 0 0 0 0 0 0 0 
123 28 35 153 172 71 0 0 119 115 178 69 87 205 210 79 0 11 103 122 90 0 8 116 95 
92 43 32 49 52 45 0 0 6 4 110 41 33 30 38 65 41 38 53 54 112 84 61 86 70 
0 0 1 174 9 191 145 156 385 198 0 2 0 194 16 160 156 151 325 142 0 0 0 167 9 
156 56 115 123 46 143 6 77 105 0 135 39 89 107 39 124 4 56 117 0 304 179 263 316 200 
98 8 25 0 79 88 0 14 0 98 172 91 97 83 169 158 66 89 59 151 197 103 109 100 221 
0 0 0 0 0 0 0 0 0 0 1014 1030 969 993 1036 0 0 0 0 0 0 0 0 0 0 
0 0 0 254 0 0 0 3 235 2 105 104 92 356 113 103 102 88 373 117 0 0 0 227 0 
13 8 12 164 5 0 0 0 172 0 35 43 33 172 29 0 0 0 144 0 2 6 3 167 3 
235 187 245 357 173 47 3 123 160 2 119 58 142 261 76 53 5 128 124 29 58 0 105 97 0 
0 0 0 0 0 0 0 0 0 0 0 0 0 0 0 55 59 62 58 75 156 144 143 163 149 
58 73 52 42 137 0 9 0 0 79 0 3 0 0 85 0 2 0 0 88 64 65 63 55 131 
145 153 169 165 173 0 0 0 0 0 0 0 0 0 0 0 0 0 0 0 82 87 75 70 78 
0 0 0 0 0 0 0 0 0 0 0 0 0 0 0 432 435 421 412 415 194 181 182 189 204 
0 196 0 0 79 0 166 0 0 94 125 322 147 132 206 0 183 0 0 91 0 209 0 0 74 
799 0 0 0 0 794 0 0 0 0 787 0 0 0 0 820 0 0 0 0 828 0 0 0 0 
12 4 199 132 207 57 18 234 155 214 141 112 287 243 224 214 205 363 373 322 163 103 283 225 307 
94 152 100 168 90 77 106 77 127 84 0 54 0 47 0 58 107 64 103 64 0 43 0 48 0 
31 6 11 6 19 128 101 104 89 122 28 0 0 0 15 26 0 0 0 20 108 111 82 99 129 
0 0 133 0 0 0 0 131 0 0 0 0 135 0 0 169 132 269 128 128 0 0 147 0 0 
0 81 51 61 0 0 99 55 64 0 42 118 111 133 46 0 87 57 63 0 0 94 64 53 0 
3 0 0 0 140 135 108 111 155 243 126 118 116 127 199 0 1 0 0 128 93 90 101 93 194 
0 0 0 0 0 0 0 0 0 0 0 0 0 0 0 974 1032 1042 1010 941 0 0 0 0 0 
0 20 55 145 0 0 20 60 127 0 0 17 51 155 0 0 19 56 160 0 0 16 54 158 0 
69 54 0 0 0 95 80 17 16 16 149 98 45 36 33 96 68 0 0 0 106 94 24 24 33 
137 210 140 316 301 0 43 23 149 115 1 46 10 116 144 1 39 6 124 108 23 63 21 153 131 
87 90 95 63 5 77 90 131 63 2 239 245 253 216 157 97 99 108 66 0 226 180 252 191 116 
79 25 24 101 24 69 0 0 103 0 202 147 135 214 126 76 3 0 88 1 112 54 49 167 45 
121 99 42 45 40 141 107 46 57 32 61 55 16 0 0 88 78 18 10 14 80 51 8 0 0 
0 0 135 56 0 0 0 148 52 0 0 0 179 51 0 0 0 159 43 0 0 0 136 41 0 
156 202 220 161 129 0 70 87 0 0 0 49 93 0 0 60 104 145 57 45 0 53 110 0 0 
70 52 73 71 60 103 119 106 116 104 25 48 45 36 40 0 0 0 0 0 0 0 0 0 0 
0 0 0 165 0 0 0 0 174 0 230 234 220 409 242 0 0 0 171 0 0 0 0 155 0 
0 0 0 0 0 139 126 163 127 132 0 0 0 0 0 0 0 0 0 0 70 52 62 60 79 
105 2 1 72 46 141 39 51 109 90 222 78 89 148 147 77 0 0 70 26 190 71 91 151 122 
0 77 0 0 0 0 77 0 0 0 0 60 0 0 0 104 143 78 113 80 50 123 45 48 49 
0 0 97 0 0 86 89 187 111 107 0 0 98 0 0 7 9 102 4 9 15 15 85 10 15 
251 225 188 257 113 106 98 67 121 1 83 76 47 89 0 272 244 153 268 120 136 131 76 143 4 
0 0 0 0 0 30 35 30 19 22 0 0 0 0 0 59 67 68 65 90 100 94 96 97 127 
0 222 0 204 0 0 172 0 194 0 8 202 7 196 5 0 180 0 196 0 0 199 0 211 0 
0 33 0 107 0 0 46 0 114 0 0 40 0 118 0 57 114 57 183 62 0 48 0 103 0 
0 0 0 0 89 95 81 92 66 152 102 94 85 107 152 0 0 0 0 81 0 0 0 0 96 
97 270 325 65 221 61 183 239 7 167 113 274 366 90 269 142 320 358 137 308 242 368 409 186 319 
0 45 33 0 79 19 60 45 13 88 27 79 87 37 77 0 59 26 0 64 0 61 27 0 68 
99 83 95 106 108 13 0 0 31 0 12 0 0 35 0 16 0 0 38 0 80 59 54 96 73 
27 0 0 53 64 67 41 38 82 113 18 0 0 55 59 34 10 14 51 55 27 25 28 66 70 
69 0 65 0 0 63 0 75 0 0 113 52 106 48 50 99 16 78 13 12 64 0 73 0 0 
0 21 82 0 97 0 12 70 0 110 0 16 75 0 108 0 14 91 0 138 0 13 70 0 101 
16 50 136 73 15 62 74 149 96 54 0 38 111 36 0 41 70 148 91 32 0 31 104 55 0 
0 58 0 0 0 0 66 0 0 0 104 206 97 123 111 0 82 0 0 0 14 76 17 22 24 
0 0 0 71 0 61 64 51 123 81 0 0 0 70 0 0 0 0 80 0 72 63 57 147 61 
49 0 91 50 0 57 0 110 54 0 60 0 94 49 0 46 0 110 55 0 47 0 99 48 0 
82 52 0 30 0 109 82 16 49 25 96 87 0 28 0 119 55 0 41 0 92 63 0 35 0 
0 0 0 0 23 177 158 177 182 192 0 0 0 0 30 0 0 0 0 29 0 0 0 0 32 
89 47 57 109 77 58 36 49 95 67 24 0 0 52 10 27 0 0 48 11 37 12 8 56 26 
31 62 9 6 11 19 50 0 0 0 24 75 0 0 0 136 174 125 127 126 29 75 0 0 0 
0 0 0 21 0 186 170 198 199 164 0 0 0 23 0 0 0 0 22 0 0 0 0 19 0 
71 81 137 141 92 0 0 54 65 0 0 0 75 62 0 0 0 68 54 0 0 0 59 62 0 
68 59 60 48 70 43 0 0 0 11 76 64 49 49 74 30 0 0 0 22 94 49 46 51 61 
0 0 24 0 69 9 6 36 12 89 0 0 34 0 70 10 7 43 8 95 79 75 114 64 153 
585 586 605 638 586 0 0 0 0 0 0 0 0 0 0 0 0 0 0 0 0 0 0 0 0 
55 103 137 64 70 28 78 94 26 26 0 30 69 0 0 0 34 68 0 0 0 38 64 0 0 
0 0 110 0 0 0 0 91 0 0 76 114 207 112 101 0 0 85 0 0 0 0 104 0 0 
89 105 34 50 119 33 37 0 0 76 37 52 0 0 60 39 41 0 0 65 51 40 0 0 70 
0 49 0 23 36 59 115 57 80 94 0 59 0 27 38 0 55 0 39 40 26 65 22 53 63 
9 7 99 0 11 0 0 87 0 0 0 0 83 0 0 36 38 120 25 28 72 78 150 55 85 
0 0 0 51 75 91 82 62 118 167 0 0 0 49 76 0 0 0 36 84 0 0 0 47 73 
96 169 79 73 84 22 106 0 0 0 30 115 7 8 8 22 78 0 0 0 26 81 3 2 1 
78 38 106 55 108 21 0 45 14 66 23 0 49 12 82 22 0 58 12 65 15 0 44 15 71 
31 7 35 0 7 26 0 37 0 0 22 27 52 20 30 47 28 65 9 25 91 57 95 86 79 
67 34 118 48 54 32 0 81 0 4 29 0 77 0 7 26 0 70 0 8 83 44 121 48 47 
58 13 16 0 0 72 11 8 0 0 103 33 45 39 50 87 35 31 19 15 112 63 69 56 44 
0 39 0 2 6 38 74 39 63 48 38 82 37 37 37 24 71 40 56 28 0 32 0 10 7 
90 79 101 51 60 35 29 34 0 7 58 69 60 28 41 46 29 39 0 13 36 31 39 0 9 
0 62 70 0 0 16 81 71 20 20 21 104 82 21 21 32 109 67 40 42 0 62 59 0 0 
57 101 57 51 48 36 110 35 39 28 16 80 18 18 31 28 62 27 28 27 0 64 0 0 0 
28 0 90 0 44 61 42 124 37 78 19 0 84 0 24 37 4 93 1 35 30 0 96 0 27 
0 2041 0 0 0 0 2098 0 0 0 0 1975 0 0 0 0 2057 0 0 0 0 1975 0 0 0 
26 200 168 16 17 69 241 213 71 82 2 171 132 1 0 54 309 217 114 60 5 166 116 0 0 
46 71 60 0 0 38 95 84 0 0 57 87 85 0 0 48 88 74 0 0 45 82 79 0 0 
0 106 0 157 0 97 198 86 263 107 124 188 101 263 86 0 100 0 163 0 2 108 0 131 0 
108 196 11 241 122 83 187 23 264 153 90 151 12 237 112 333 399 269 449 327 198 283 155 318 257 
0 0 0 0 0 1235 1192 1193 1153 1224 0 0 0 0 0 0 0 0 0 0 0 0 0 0 0 
0 0 80 125 0 0 0 75 106 0 0 0 81 127 0 0 0 81 125 0 0 0 72 128 0 
121 41 44 76 36 124 46 45 90 53 75 0 0 33 0 69 0 0 32 0 75 0 0 38 0 
0 130 0 0 91 0 161 0 0 87 0 165 0 0 93 0 147 0 0 75 0 145 0 0 103 
169 260 140 246 111 114 280 96 130 28 290 413 244 320 179 220 330 232 249 171 200 399 275 239 198 
15 17 139 133 46 0 0 100 68 36 67 75 157 153 90 9 0 64 79 42 49 64 160 157 99 
144 125 122 149 284 3 24 2 2 178 13 10 9 3 159 228 210 177 165 368 225 236 266 213 392 
129 14 55 14 21 199 28 84 42 37 219 88 168 84 83 225 130 199 112 148 190 36 82 27 31 
0 71 0 0 0 0 60 0 0 0 0 76 0 0 0 7 78 5 7 2 206 239 196 170 197 
47 23 37 11 42 44 16 26 0 42 36 13 38 0 30 66 11 28 0 48 113 102 94 80 116 
55 160 177 220 64 51 95 185 226 18 108 186 267 304 70 16 136 156 214 7 42 127 154 261 20 
205 77 0 103 0 207 74 0 111 0 209 58 0 106 0 196 69 0 115 0 211 67 4 125 0 
77 20 5 53 50 161 135 116 124 149 66 15 0 49 49 52 5 0 38 55 71 12 0 38 43 
55 0 0 0 0 62 0 0 0 0 64 0 0 0 0 200 133 146 146 141 51 0 0 0 0 
67 164 161 103 38 84 152 164 104 30 86 164 168 77 71 39 111 123 44 1 52 188 181 87 28 
86 0 7 45 16 91 57 52 102 73 100 64 73 94 85 71 23 12 64 29 63 0 0 33 10 
91 100 98 69 156 0 0 1 0 38 50 64 60 51 91 0 0 13 0 43 0 0 6 0 52 
19 45 0 49 0 95 113 59 101 46 52 57 23 72 32 33 38 0 47 0 24 42 0 51 0 
87 86 98 98 149 85 92 76 69 106 0 24 1 0 54 0 21 0 0 30 59 79 56 55 96 
0 78 0 0 0 30 126 38 37 28 39 143 36 32 30 30 122 22 32 33 43 126 41 41 48 
33 11 41 33 0 103 71 112 112 63 43 21 45 37 0 47 9 44 34 0 41 20 37 39 0 
0 17 0 85 216 120 146 129 244 350 0 42 0 95 267 0 13 2 94 256 119 154 126 200 337 
15 20 91 10 220 6 1 77 7 167 109 105 176 107 266 134 140 224 150 320 3 7 71 2 176 
155 0 0 54 0 161 0 0 55 0 142 0 0 42 0 175 0 0 47 0 155 0 0 41 0 
0 0 0 0 821 0 0 0 0 780 0 0 0 0 831 0 0 0 0 818 0 0 0 0 764 
133 108 6 156 58 123 113 0 190 66 169 154 54 235 101 127 95 0 155 92 131 157 2 223 74 
116 0 0 0 0 220 85 76 76 64 132 0 0 0 0 130 0 0 0 0 125 0 0 0 0 
64 30 67 40 34 84 73 124 72 67 26 23 47 25 13 74 66 133 96 62 8 0 36 0 0 
0 24 0 144 0 34 56 50 198 33 0 21 0 138 0 0 18 0 139 0 0 22 0 166 0 
0 0 43 49 0 63 45 87 83 54 0 0 34 31 0 50 43 86 72 41 36 27 70 62 24 
105 84 114 149 154 37 0 57 49 48 26 0 74 84 73 83 40 104 132 140 0 0 63 84 58 
43 48 55 128 106 28 20 31 81 74 0 0 0 77 55 0 0 0 48 50 7 10 9 75 53 
166 165 114 124 45 216 192 160 165 132 118 94 60 71 13 259 196 187 170 124 195 188 153 113 100 
137 0 0 0 0 118 0 0 0 0 200 74 97 100 96 110 0 0 0 0 122 0 0 0 0 
0 8 60 0 0 76 83 159 79 84 0 9 64 0 0 49 68 146 45 53 0 5 57 0 0 
67 28 33 77 84 47 0 0 35 62 61 0 0 34 46 64 0 0 39 44 95 52 53 87 98 
212 17 202 0 0 210 10 185 0 0 210 10 195 4 0 182 8 191 0 0 216 27 191 11 10 
0 0 0 0 0 71 54 70 64 71 0 0 0 0 0 142 118 138 144 136 0 0 0 0 0 
295 119 361 145 232 354 202 480 180 258 351 195 424 234 284 202 20 242 73 126 223 81 309 83 124 
65 152 69 83 66 0 86 0 27 0 17 128 28 34 27 0 104 0 17 0 0 75 0 22 0 
0 0 0 0 52 0 0 0 0 58 0 0 0 0 65 0 0 0 0 59 135 157 144 147 183 
0 0 0 16 0 0 0 0 19 0 0 0 0 18 0 0 0 0 18 0 164 173 198 200 194 
0 0 36 0 63 38 47 82 45 126 57 83 97 55 135 0 0 35 0 66 0 0 53 0 67 
0 0 16 0 187 0 0 16 0 178 0 0 28 0 166 0 0 25 0 179 0 0 23 0 182 
0 0 0 51 0 0 0 0 61 0 56 60 48 144 45 0 0 0 59 0 88 83 86 166 89 
91 0 0 98 0 114 0 0 115 0 99 0 0 89 0 94 0 0 118 0 99 0 0 110 0 
17 62 113 109 17 106 217 221 230 128 231 265 298 300 196 24 105 152 135 44 132 153 168 199 81 
101 128 112 106 203 0 0 0 0 71 0 0 0 0 69 22 24 25 21 100 0 0 0 0 74 
91 197 78 88 90 0 91 0 0 0 11 124 10 13 11 0 105 0 0 0 126 255 104 113 114 
136 126 76 78 78 76 45 0 0 0 85 47 4 4 8 63 47 0 0 0 71 56 0 0 0 
0 111 0 0 0 34 169 50 49 65 0 124 0 0 0 58 183 76 71 63 0 120 0 0 0 
92 0 0 0 0 117 0 0 0 0 122 0 0 0 0 102 0 0 0 0 206 87 85 89 99 
0 0 0 0 0 0 0 0 0 0 0 0 0 0 0 0 0 0 0 0 432 403 445 424 387 
57 52 73 45 44 41 10 70 18 13 14 0 39 0 0 50 37 76 34 28 73 34 75 55 39 
0 0 37 0 0 73 79 92 75 87 0 0 31 0 0 77 75 85 59 79 19 25 59 22 26 
8 15 16 17 52 0 0 0 0 36 80 79 70 69 100 0 0 0 0 33 69 98 78 76 105 
0 0 0 128 0 0 0 0 113 0 0 0 0 136 0 0 0 0 142 0 72 71 78 192 79 
0 66 0 33 72 1 62 0 38 77 0 55 0 36 90 0 59 0 31 72 19 78 25 55 113 
71 0 0 0 46 60 0 0 0 45 78 0 0 0 51 62 0 0 0 44 160 83 72 84 138 
0 99 0 0 0 0 93 0 0 0 0 85 0 0 0 0 72 0 0 0 57 138 74 76 57 
32 60 51 55 48 56 71 50 33 54 47 43 47 43 53 0 5 0 0 0 91 103 96 76 75 
0 0 117 55 0 43 45 155 106 50 0 0 102 39 0 0 0 89 38 0 0 0 126 35 0 
33 72 38 20 61 15 72 25 11 47 7 55 8 3 45 44 76 60 52 100 1 39 14 0 45 
59 0 0 0 0 125 62 61 75 69 99 20 17 20 15 131 47 46 51 41 58 0 0 0 0 
195 0 0 0 0 197 13 18 17 20 178 0 0 0 0 196 0 0 0 0 166 0 0 0 0 
83 35 33 110 37 39 0 0 91 0 48 0 0 85 0 83 35 30 120 32 55 0 0 82 0 
0 14 0 39 0 54 59 53 92 48 40 45 43 77 40 0 15 0 40 0 50 65 55 111 59 
0 0 63 43 0 0 0 55 43 0 100 99 149 132 97 0 0 62 47 0 0 0 67 42 0 
79 14 60 135 110 33 12 42 136 107 77 28 54 149 119 36 0 38 104 93 143 94 128 222 215 
3 6 50 106 8 0 0 44 74 0 50 33 104 121 49 30 42 71 120 35 0 0 48 78 0 
65 5 69 49 19 51 7 52 57 28 165 95 152 131 108 90 23 68 70 26 76 1 62 61 4 
45 0 61 0 65 40 0 58 0 58 30 0 76 0 83 103 52 121 72 114 31 0 61 0 58 
74 30 146 80 45 50 13 110 84 31 51 0 93 52 19 151 82 180 139 111 72 32 154 82 56 
8 132 166 31 132 147 253 334 154 273 32 164 214 61 187 0 94 181 0 136 111 232 279 154 259 
19 21 22 57 48 42 39 33 76 73 0 0 0 29 29 0 0 0 22 17 76 91 92 125 99 
17 29 0 90 0 33 49 0 115 0 77 77 39 137 54 28 38 0 112 0 41 30 0 87 0 
0 0 50 0 0 149 133 190 133 159 0 0 56 0 0 0 0 67 0 0 0 0 63 0 0 
61 84 68 73 40 10 34 0 24 0 92 118 83 125 69 23 58 14 41 18 73 77 71 97 48 
11 5 0 0 66 12 2 0 0 48 58 53 42 37 111 20 19 15 11 63 77 94 77 75 110 
61 9 10 6 21 91 59 65 64 67 97 75 81 90 85 38 0 5 0 14 35 12 14 7 21 
27 115 69 17 37 0 97 80 7 6 0 90 53 0 21 0 85 52 4 16 48 142 107 41 85 
152 191 102 106 104 73 73 41 21 19 45 61 17 0 0 41 53 14 0 0 35 57 16 0 0 
0 69 55 0 67 0 71 63 0 72 0 79 53 0 55 0 66 64 0 69 0 84 67 0 66 
95 0 0 81 0 83 0 0 84 0 99 0 0 84 0 99 0 0 69 0 122 15 23 110 29 
76 158 90 87 95 0 83 0 0 0 45 133 53 45 40 0 76 0 0 0 33 99 32 35 32 
61 73 8 18 14 46 38 0 0 0 46 63 13 0 9 60 62 34 37 44 77 69 44 29 40 
42 26 88 84 24 0 0 62 85 0 41 36 102 99 32 0 0 72 77 0 0 0 64 64 0 
38 74 41 71 29 0 61 11 42 16 1 50 9 46 18 0 40 13 30 13 37 102 64 96 77 
0 0 55 25 11 0 0 44 34 0 0 0 44 40 5 42 52 119 92 60 51 50 99 91 60 
29 38 25 22 31 0 0 0 0 0 71 59 57 62 55 0 0 0 0 0 120 107 99 114 110 
39 29 33 31 38 0 0 14 0 0 0 0 18 0 0 46 40 74 51 45 108 86 121 120 107 
38 45 110 56 57 6 8 61 19 19 62 51 129 60 57 0 0 51 5 6 6 9 64 31 17 
0 0 180 32 0 0 0 141 23 0 19 20 156 37 18 0 0 166 23 0 0 0 162 23 0 
49 74 0 0 0 77 107 40 32 29 70 123 20 12 9 88 127 43 43 48 40 77 0 0 0 
55 0 55 57 83 135 54 162 145 151 117 62 153 159 194 125 45 108 88 148 67 1 91 107 127 
87 116 74 56 66 14 46 4 0 0 74 127 64 56 58 36 73 30 18 16 22 56 0 0 0 
0 116 111 163 0 0 128 121 165 1 0 108 120 167 0 0 116 114 155 0 0 128 118 168 0 
0 0 0 151 35 0 0 0 160 30 27 34 17 163 54 0 0 0 157 34 0 0 0 141 40 
12 0 0 130 0 8 0 0 95 0 91 65 87 186 84 11 0 0 98 0 19 1 1 105 1 
44 69 37 39 60 2 51 0 0 33 42 72 38 35 61 5 30 0 0 33 7 58 8 1 30 
113 115 33 55 71 170 199 83 89 174 109 140 49 67 88 65 63 5 20 49 210 239 110 128 156 
0 0 0 197 0 7 8 5 196 2 0 0 0 194 0 0 0 0 208 0 0 0 0 180 0 
52 62 112 85 61 0 0 41 0 0 0 0 69 0 0 0 0 48 0 0 150 150 200 162 161 
52 144 101 67 78 7 41 55 9 3 26 64 83 28 24 21 65 51 10 20 0 56 42 0 0 
38 0 9 0 0 44 0 0 0 0 86 0 36 32 27 95 55 88 63 40 51 0 14 0 0 
3 17 9 7 78 0 30 28 2 107 0 17 5 6 54 64 87 77 41 155 29 30 30 19 87 
0 0 198 0 35 0 0 226 0 29 0 0 196 0 24 0 0 189 0 22 0 0 185 0 26 
49 13 22 28 53 41 0 21 12 12 61 0 39 22 28 93 56 72 41 67 45 0 0 5 17 
745 497 571 386 536 487 197 303 177 242 546 377 337 212 334 423 184 138 73 168 647 415 451 389 448 
72 59 2 4 0 147 132 64 68 63 74 70 0 0 0 84 74 20 13 18 60 53 0 0 0 
0 0 0 31 0 64 62 38 81 50 0 0 0 23 0 41 44 55 87 46 46 52 45 94 39 
164 261 118 148 122 239 350 142 250 161 135 245 90 155 77 45 175 0 65 0 84 188 53 94 33 
0 0 0 993 0 0 0 0 983 0 0 0 0 985 0 0 1 1 1049 1 0 0 0 1013 0 
0 0 1423 0 0 0 0 1440 0 0 0 0 1322 0 0 0 0 1437 0 0 0 0 1412 0 0 
23 0 29 48 0 25 0 15 30 0 65 33 63 54 21 77 47 72 74 57 32 2 26 32 3 
