889 761 579 694 724 1070 1103 930 1064 956 596 544 533 634 643 984 903 860 908 929 611 484 356 466 551 
274 244 271 263 245 0 0 0 0 0 165 157 160 145 163 0 0 0 0 0 0 0 0 0 1 
98 44 29 150 187 64 0 0 146 120 155 35 26 225 212 56 0 0 98 109 75 0 2 113 115 
157 0 116 159 173 222 34 201 244 243 311 133 298 343 342 259 44 179 234 222 164 1 130 214 175 
149 43 95 138 30 145 12 84 109 4 127 35 81 108 7 144 2 47 121 0 307 200 265 316 197 
107 8 19 0 101 89 0 20 0 112 210 91 109 96 201 186 78 106 65 160 237 128 131 113 269 
0 0 0 0 0 0 0 0 0 0 1039 1067 1003 1032 1063 0 0 0 0 0 0 0 0 0 0 
0 0 0 284 0 1 0 3 289 0 126 114 114 409 128 128 119 96 428 138 1 0 0 290 0 
18 8 14 199 8 0 0 0 219 0 41 46 39 212 32 0 0 0 189 0 1 10 4 215 3 
0 0 0 0 0 0 0 0 0 0 0 0 0 0 0 66 84 91 110 119 218 224 203 248 215 
87 98 61 68 175 0 9 0 0 128 0 2 0 0 113 0 4 0 0 117 104 84 90 84 193 
142 145 160 171 165 0 0 0 0 0 0 0 0 0 0 0 0 0 0 0 85 87 72 71 86 
0 0 0 0 0 0 0 0 0 0 0 0 0 0 0 424 426 413 405 411 188 178 176 183 202 
0 219 0 0 88 0 182 0 0 106 122 334 153 123 219 0 197 0 0 105 0 221 0 0 82 
810 0 0 0 0 802 0 0 0 0 802 0 0 0 0 835 0 0 0 0 842 0 0 0 0 
22 0 174 139 156 84 73 252 195 235 102 138 258 226 258 178 187 371 314 332 105 94 259 216 300 
109 171 93 170 95 89 107 64 148 93 0 61 0 58 0 56 112 71 113 63 0 47 0 53 0 
29 9 12 9 18 139 97 117 98 112 28 0 0 0 16 24 0 0 0 22 132 116 101 107 129 
0 0 168 0 0 0 0 157 0 0 0 0 168 0 0 190 153 296 161 169 0 0 160 0 0 
0 64 43 47 0 0 78 43 45 0 35 98 91 98 34 0 73 49 48 0 0 69 56 42 0 
1 0 0 3 155 162 117 141 154 269 153 126 108 124 238 5 2 0 0 134 77 91 108 90 203 
0 0 0 0 0 0 0 0 0 0 0 0 0 0 0 1011 1072 1080 1051 990 0 0 0 0 0 
0 18 68 179 0 0 20 62 145 0 0 20 57 170 0 0 18 67 175 0 0 17 62 182 0 
84 132 75 163 160 10 43 16 73 77 14 48 22 84 101 0 58 0 59 76 0 37 0 59 61 
103 147 133 73 8 93 147 193 66 5 330 328 383 320 231 104 132 152 72 9 265 242 343 229 137 
57 14 16 91 13 65 0 0 111 0 192 147 132 216 126 54 0 0 96 0 96 37 41 164 36 
101 70 38 41 28 120 83 40 51 27 45 40 10 0 0 71 66 17 9 12 71 44 7 0 0 
0 0 227 89 0 0 0 212 73 0 0 0 278 90 0 0 0 258 62 0 0 0 190 68 0 
111 146 139 100 91 0 47 62 0 0 0 51 55 0 0 34 62 90 32 31 0 38 81 0 0 
63 51 67 66 58 96 114 101 111 98 22 38 42 35 37 0 0 0 0 0 0 0 0 0 0 
0 0 0 171 0 0 0 0 182 0 218 208 205 405 225 0 0 0 176 0 0 0 0 160 0 
0 0 0 0 0 166 144 182 151 162 0 0 0 0 0 0 0 0 0 0 75 57 72 72 84 
153 12 23 102 76 166 48 60 156 127 271 102 109 201 185 120 0 0 98 63 241 99 108 214 139 
0 75 0 0 0 0 72 0 0 0 0 57 0 0 0 100 137 74 111 74 48 117 42 46 46 
0 0 95 0 0 85 85 176 105 104 0 0 92 0 0 7 9 97 4 8 14 13 82 9 15 
243 216 191 267 116 112 96 73 82 0 75 74 53 72 0 264 224 159 261 108 127 111 90 119 0 
0 38 0 135 0 0 50 0 151 0 0 49 0 144 0 64 139 72 213 68 0 60 0 129 0 
0 0 0 0 71 79 80 75 62 143 84 73 71 80 131 0 0 0 0 73 0 0 0 0 83 
79 278 329 77 223 23 182 219 5 143 82 277 320 71 242 120 280 326 114 265 188 322 365 140 260 
0 71 44 0 104 23 78 58 19 122 32 115 96 39 104 0 82 30 0 90 0 82 35 0 94 
101 83 95 109 109 13 0 0 32 0 13 0 0 34 0 16 0 0 38 0 79 59 54 98 73 
75 0 71 0 0 72 0 85 0 0 121 55 119 49 56 109 16 89 14 13 75 0 79 0 0 
0 19 99 0 115 0 16 82 0 130 0 19 85 0 123 0 14 104 0 153 1 17 77 0 112 
16 51 141 66 17 59 72 162 92 47 0 35 119 35 0 46 72 151 100 34 0 29 107 55 0 
0 78 0 0 0 0 85 0 0 0 161 276 151 159 153 0 105 0 0 0 15 95 21 28 30 
0 0 0 78 0 74 76 66 145 100 0 0 0 81 0 0 0 0 92 0 79 75 68 162 66 
51 0 93 48 0 57 0 109 55 0 59 0 98 50 0 46 0 105 54 0 45 0 99 47 0 
77 46 0 29 0 103 72 16 47 23 92 86 0 25 0 110 53 0 41 0 87 58 0 33 0 
0 0 0 0 35 253 239 254 252 279 0 0 0 0 45 0 0 0 0 42 0 1 0 0 46 
94 55 61 113 83 58 35 50 102 71 24 0 0 60 8 30 0 0 54 11 39 13 8 58 29 
29 55 8 6 10 17 48 0 0 0 21 73 0 0 0 125 160 123 115 111 27 72 0 0 0 
0 0 0 24 0 193 178 202 206 167 0 0 0 23 0 0 0 0 22 0 0 0 0 19 0 
76 84 145 147 98 0 0 54 66 0 0 0 81 62 0 0 0 74 55 0 0 0 62 69 0 
72 58 63 53 77 43 0 0 0 11 80 67 51 53 81 31 0 0 0 22 96 51 51 52 66 
0 0 31 0 76 0 0 47 9 101 0 0 39 0 88 0 7 32 0 104 107 101 151 87 197 
67 120 159 75 79 31 88 106 33 29 0 46 84 0 0 0 43 84 0 0 0 46 75 0 0 
0 0 126 0 0 0 0 96 0 0 77 120 225 121 111 0 0 93 0 0 0 0 113 0 0 
107 116 34 60 134 38 48 0 0 85 49 63 0 0 75 50 45 0 0 81 77 48 0 0 86 
0 48 0 23 36 59 115 57 80 93 0 59 0 27 38 0 54 0 39 40 26 64 22 53 63 
10 8 109 3 14 0 0 107 0 0 0 0 92 0 0 40 50 134 31 31 87 86 172 73 96 
0 0 0 51 75 89 81 64 117 163 0 0 0 49 73 0 0 0 36 84 0 0 0 47 73 
93 165 78 73 84 22 106 0 0 0 30 115 7 8 9 22 75 0 0 0 23 79 1 3 0 
78 38 106 55 108 21 0 44 9 66 23 0 49 9 82 21 0 58 11 65 15 0 44 12 70 
58 2 17 0 1 60 7 11 0 0 101 39 66 57 79 77 0 0 0 2 134 75 78 81 57 
29 34 118 43 53 0 0 81 0 0 0 0 77 0 2 1 0 70 0 6 39 36 107 38 37 
0 62 60 0 0 0 74 49 0 0 21 102 75 21 20 27 103 28 31 32 0 60 48 0 0 
0 0 88 0 45 22 29 103 23 74 0 0 78 0 27 0 1 89 0 28 0 0 98 0 28 
0 2159 0 0 0 0 2241 0 0 0 0 2090 0 0 0 0 2162 0 0 0 0 2092 0 0 0 
32 130 103 20 8 103 188 190 87 57 8 132 114 2 0 34 193 176 74 33 0 117 74 0 0 
76 111 88 0 0 54 137 119 0 0 80 144 120 0 0 70 136 112 0 0 62 126 110 0 0 
1 78 0 98 0 68 158 73 188 88 80 131 36 130 52 0 71 0 93 0 0 86 0 105 0 
0 0 0 0 0 1292 1233 1239 1206 1268 0 0 0 0 0 0 0 0 0 0 0 0 0 0 0 
0 0 80 125 0 0 0 75 106 0 0 0 81 127 0 0 0 81 125 0 0 0 72 128 0 
128 44 48 81 38 135 52 49 93 57 75 0 0 31 0 73 0 0 32 0 80 0 0 38 1 
0 118 0 0 85 0 150 0 0 76 0 151 0 0 92 0 132 0 0 76 0 145 0 0 102 
235 343 244 249 98 154 305 165 131 29 312 498 281 331 137 308 407 329 313 136 258 409 323 248 144 
93 75 270 301 95 0 0 187 198 2 117 118 290 321 97 0 0 166 205 7 5 15 193 210 12 
137 103 108 143 253 8 17 4 5 161 6 12 8 5 175 202 198 160 180 343 228 236 234 210 382 
0 127 0 0 0 0 103 0 0 0 0 115 0 0 0 7 111 5 7 3 274 360 278 258 257 
64 28 45 11 52 57 16 39 0 49 54 16 42 0 36 73 18 32 0 50 149 125 108 98 144 
201 76 0 101 0 205 74 0 103 0 205 59 0 103 0 196 72 0 105 0 202 58 0 112 0 
0 0 1446 0 0 0 0 1476 0 0 0 0 1357 0 0 0 0 1485 0 0 0 0 1441 0 0 
80 0 13 46 27 111 60 58 98 79 103 55 58 80 83 66 23 18 66 32 59 0 0 30 11 
91 101 104 66 167 0 0 6 0 44 55 68 61 51 100 0 0 17 0 51 0 0 11 0 58 
51 100 0 119 0 154 191 100 215 87 118 144 75 204 81 59 86 0 113 0 41 75 0 117 0 
92 108 116 117 172 93 101 83 77 112 0 25 0 0 53 0 22 0 0 33 63 79 73 64 107 
0 84 0 0 0 48 143 35 43 50 49 167 43 49 38 33 141 27 27 51 50 146 51 43 55 
29 10 39 33 0 97 66 105 110 60 43 19 46 36 0 45 4 40 35 0 40 17 34 38 0 
147 0 0 0 0 128 0 0 0 0 218 78 99 102 107 119 0 0 0 0 136 0 0 0 0 
0 0 0 0 831 0 0 0 0 784 0 0 0 0 835 0 0 0 0 832 0 0 0 0 767 
72 106 91 183 164 0 6 5 101 47 0 10 5 56 57 0 10 9 95 66 33 40 28 107 68 
129 0 0 0 0 246 96 89 89 69 148 0 0 0 0 146 0 0 0 0 142 0 0 0 0 
0 0 0 0 0 81 61 73 67 77 0 0 0 0 0 150 117 154 149 145 0 0 0 0 0 
0 22 0 143 0 33 54 46 186 32 0 19 0 132 0 0 16 0 136 0 0 20 0 160 0 
139 60 118 131 166 98 0 79 39 60 89 10 95 93 79 195 95 158 117 153 72 0 45 33 48 
56 64 65 172 140 34 32 38 96 96 0 0 0 104 71 0 0 0 55 58 7 17 11 100 70 
0 8 73 0 0 103 112 200 112 122 0 14 77 0 0 70 87 217 64 84 0 6 80 0 2 
121 0 115 0 0 110 0 89 0 0 105 0 110 5 0 77 0 106 0 0 119 11 95 12 11 
322 122 344 147 216 379 177 433 202 237 334 147 395 181 226 213 20 231 34 117 196 47 251 22 134 
70 168 73 88 72 0 94 0 28 0 18 142 30 35 27 0 117 0 17 0 0 81 0 24 0 
0 0 33 0 58 35 46 78 44 113 55 74 89 52 121 0 0 33 0 61 0 0 49 0 58 
0 0 20 0 231 0 0 17 0 219 0 0 32 0 205 0 0 31 0 220 0 0 29 0 234 
0 0 0 51 0 0 0 0 64 0 57 59 46 142 47 0 0 0 59 0 88 80 87 163 89 
117 0 0 118 0 146 0 0 148 0 139 0 0 128 0 122 0 0 139 0 121 0 0 137 0 
0 56 88 77 2 97 196 191 178 105 160 229 237 209 151 17 78 104 107 23 80 119 124 131 52 
96 117 107 100 195 0 0 0 0 69 0 0 0 0 65 20 22 25 20 94 0 0 0 0 70 
95 188 115 101 101 0 111 0 0 0 63 169 75 74 63 2 108 6 0 11 88 191 80 73 86 
136 125 76 78 78 76 45 0 0 0 85 47 4 4 8 63 47 0 0 0 71 56 0 0 0 
0 128 0 0 0 42 188 65 68 73 0 140 0 0 0 68 206 85 87 71 0 128 0 0 0 
0 0 0 0 0 0 0 0 0 0 0 0 0 0 0 0 0 0 0 0 447 421 457 442 404 
0 0 37 0 0 73 79 92 74 87 0 0 31 0 0 77 75 85 59 79 19 25 59 22 26 
8 15 16 20 56 0 0 0 0 36 88 96 84 76 112 0 0 0 0 36 73 117 89 90 123 
0 0 0 131 0 0 0 0 114 0 0 0 0 145 0 0 0 0 148 0 77 73 76 202 81 
0 67 0 34 71 0 64 0 38 75 1 56 0 36 91 2 60 0 32 72 19 75 24 56 110 
0 24 0 19 0 82 98 82 65 82 79 76 75 67 78 0 13 0 18 0 122 156 126 143 120 
0 0 117 55 0 43 45 155 106 50 0 0 102 39 0 0 0 89 38 0 0 0 126 35 0 
69 0 0 0 0 145 69 67 88 82 119 24 21 21 16 150 56 55 64 50 67 0 0 0 0 
83 35 32 110 37 39 0 0 91 0 48 0 0 85 0 83 34 30 120 32 55 0 0 82 0 
0 0 63 42 0 0 0 55 43 0 101 99 149 132 96 0 0 62 47 0 0 0 67 42 0 
1 6 50 101 6 0 0 50 79 0 51 31 105 123 47 26 39 70 118 34 0 0 48 82 0 
57 5 45 48 10 43 7 39 40 18 133 73 123 105 89 78 21 44 61 16 61 0 44 46 0 
39 0 54 0 55 39 0 56 0 51 26 0 66 0 70 88 49 103 64 103 30 0 55 0 53 
72 29 137 82 53 70 12 121 80 35 55 0 115 34 12 124 51 175 108 89 81 29 160 69 53 
20 92 160 31 141 127 180 287 117 250 23 98 174 45 180 0 33 151 5 117 69 122 204 91 210 
28 26 27 85 62 48 50 43 102 93 0 0 0 46 36 0 0 0 28 21 97 120 118 156 125 
17 31 0 81 0 29 47 0 103 0 77 72 39 128 53 25 37 0 103 0 40 33 0 79 0 
0 0 51 0 0 156 141 197 143 166 0 0 59 0 0 0 0 67 0 0 0 0 64 0 0 
59 11 10 4 20 86 59 61 62 63 94 73 74 87 83 38 0 0 0 12 34 11 12 6 21 
20 144 93 18 48 5 121 78 11 22 0 111 53 0 32 0 126 67 3 16 48 170 116 44 94 
150 204 112 100 99 71 68 50 24 23 42 66 16 0 0 39 62 13 0 0 29 53 16 0 0 
73 65 5 0 0 80 37 0 0 0 72 67 22 5 15 98 80 55 51 55 82 66 43 0 35 
38 76 42 70 29 0 62 11 42 16 1 51 11 46 19 0 43 14 31 13 39 104 64 94 78 
0 0 61 27 13 0 0 49 35 3 0 0 47 45 6 45 56 135 103 68 57 53 114 110 65 
34 44 28 24 32 0 0 0 0 0 75 64 63 70 65 0 0 0 0 0 128 115 107 118 116 
31 23 11 21 27 0 0 0 0 0 0 1 8 0 0 58 52 83 63 61 106 63 125 129 108 
27 29 100 12 25 0 0 56 0 0 58 53 131 33 40 0 0 53 0 0 4 0 57 0 0 
0 0 87 1 0 0 0 81 7 0 19 20 64 0 18 0 0 76 3 0 0 0 111 0 0 
43 75 0 0 0 67 98 39 32 31 68 115 17 14 9 81 121 39 38 43 38 73 0 0 0 
111 139 82 68 75 20 50 0 0 0 91 174 78 58 75 48 101 34 26 18 36 73 0 0 0 
0 116 108 163 0 0 126 115 163 0 0 107 120 166 0 0 116 114 156 0 0 126 117 165 0 
19 0 0 207 0 13 0 0 143 0 139 108 137 263 109 21 0 0 140 0 26 0 0 152 0 
173 185 60 118 131 192 280 112 119 201 176 213 92 121 140 107 136 12 60 74 265 335 153 218 232 
55 145 106 73 75 6 35 52 7 0 28 62 87 30 23 19 64 47 8 24 0 50 47 0 0 
4 22 13 0 79 16 28 23 4 132 2 25 14 11 74 71 94 76 63 174 30 47 43 31 111 
576 415 535 339 456 423 153 223 133 186 460 240 284 167 233 312 128 110 36 154 531 301 430 308 378 
82 62 3 3 0 173 155 69 72 69 89 75 0 0 0 96 96 26 15 17 74 72 0 0 0 
154 320 143 136 140 269 398 170 274 191 140 287 108 152 81 39 185 1 36 0 74 207 64 90 43 
0 0 0 0 53 0 0 0 0 56 0 0 0 0 66 0 0 0 0 60 136 165 145 156 187 
150 0 0 53 0 153 0 0 54 0 141 0 0 40 0 168 0 0 46 0 149 0 0 41 0 
213 165 229 305 154 44 0 104 150 5 123 54 173 225 99 54 9 119 111 35 60 0 105 92 0 
125 102 65 39 37 167 127 115 101 132 91 63 42 28 14 212 153 142 108 132 157 145 118 52 85 
72 157 61 76 73 0 71 0 0 0 8 96 4 7 3 0 83 0 0 0 90 180 75 102 86 
0 0 0 17 0 0 0 0 20 0 0 0 0 17 0 0 0 1 19 0 187 196 225 226 232 
63 11 50 118 93 25 4 37 105 87 59 23 47 136 102 24 0 32 87 84 125 79 120 195 195 
0 93 70 0 79 0 89 69 0 76 0 102 66 0 68 0 89 84 0 88 0 111 80 0 84 
47 23 56 40 33 72 53 92 56 55 23 17 36 20 13 55 45 103 71 49 8 0 32 2 0 
74 0 0 0 49 60 0 0 0 47 80 0 0 0 57 66 0 0 0 46 167 84 73 85 142 
55 79 0 73 47 36 78 0 79 58 52 60 2 114 66 122 157 80 166 117 72 121 23 98 77 
96 120 115 93 81 13 43 52 15 9 0 13 52 0 0 67 83 109 59 55 26 34 71 21 17 
0 0 0 140 35 0 0 0 157 28 27 29 16 157 51 0 0 0 150 34 0 0 0 138 38 
0 0 0 183 8 237 194 177 447 236 0 0 0 202 13 164 170 166 345 151 0 0 0 195 13 
57 151 189 222 79 28 91 151 160 24 76 132 162 203 82 76 220 189 248 87 102 142 184 262 97 
0 0 0 1268 0 0 0 0 1295 0 0 0 0 1317 0 0 0 1 1349 0 0 0 0 1311 0 
213 0 0 0 0 214 13 21 16 23 186 0 0 0 0 213 0 0 0 0 189 0 0 0 0 
92 0 0 0 0 117 0 0 0 0 122 0 0 0 0 102 0 0 0 0 206 88 85 89 99 
204 64 66 103 100 92 1 0 21 7 162 44 42 62 47 179 48 59 98 80 207 132 114 148 133 
63 72 151 104 84 0 0 57 0 0 0 0 66 0 0 0 0 54 0 0 161 176 208 173 179 
3 18 1 89 217 128 127 125 224 358 2 36 2 87 259 0 24 0 97 260 119 150 114 185 303 
4 12 72 7 246 2 0 58 4 189 112 105 174 130 299 145 155 225 188 352 3 1 62 5 206 
106 226 255 169 82 120 231 262 155 86 133 237 264 150 116 56 146 188 76 18 36 184 213 110 2 
129 0 0 16 0 115 0 0 0 0 123 0 0 0 0 119 0 0 0 0 160 23 37 40 34 
42 67 33 32 51 0 45 0 0 21 51 84 45 40 63 7 37 0 0 30 0 57 0 0 18 
622 627 646 683 630 0 0 0 0 0 0 0 0 0 0 0 1 0 0 0 0 0 0 0 0 
78 77 0 0 0 115 90 23 16 13 165 104 38 42 32 115 86 0 0 0 125 114 28 28 34 
27 0 0 52 67 68 41 36 82 115 15 0 0 55 62 35 10 14 54 58 27 26 26 68 68 
22 10 0 0 83 21 11 0 0 86 78 72 59 59 159 27 26 19 18 89 101 135 106 101 155 
56 0 0 0 0 62 0 0 0 0 65 0 0 0 0 205 136 145 149 143 52 0 0 0 0 
83 157 130 125 151 109 283 168 179 227 21 127 68 62 68 118 211 146 178 161 126 254 194 184 202 
0 0 0 0 0 31 34 30 18 22 0 0 0 0 0 59 67 68 65 90 100 94 96 97 127 
136 9 80 5 25 196 2 68 7 11 272 78 136 86 88 268 154 244 141 153 210 36 88 42 40 
19 0 41 0 0 26 0 24 0 0 30 0 18 4 0 102 76 115 95 93 36 2 41 0 4 
0 0 195 0 34 0 0 221 0 31 0 0 201 0 24 0 0 184 0 24 0 0 178 0 32 
121 75 0 135 48 98 84 0 102 61 120 118 38 144 77 91 55 0 113 42 94 63 0 130 47 
40 66 43 61 33 12 22 0 23 0 61 83 50 88 37 12 43 6 35 4 56 56 54 79 29 
0 0 51 67 0 80 60 123 101 64 0 0 49 52 0 74 62 117 100 53 56 32 94 91 38 
7 0 0 0 9 0 42 0 0 0 0 1 0 0 1 35 34 49 47 50 0 0 0 0 0 
0 248 0 215 0 0 199 0 218 0 9 227 7 214 7 0 210 0 207 0 0 226 0 218 0 
99 18 87 0 0 116 11 97 0 0 114 9 92 0 0 119 8 91 0 0 113 17 104 0 0 
