845 823 639 694 806 1071 1139 1016 957 1036 696 659 594 684 762 1035 1005 934 982 1083 604 568 465 464 642 
244 206 233 224 217 0 0 0 0 0 163 110 166 128 139 1 0 0 0 0 0 0 0 0 0 
159 78 45 237 243 105 0 0 156 194 180 44 23 250 270 75 0 0 123 168 105 2 0 190 197 
163 0 126 178 173 249 42 224 280 249 329 141 294 332 357 274 49 193 230 226 160 0 132 212 146 
146 44 100 140 42 128 13 78 96 2 118 24 79 101 24 108 3 58 118 0 249 160 233 261 149 
116 8 24 0 102 102 8 14 0 121 209 109 111 83 187 163 77 98 56 157 237 112 133 105 244 
0 0 0 0 0 0 0 0 0 0 1012 1025 976 1004 1043 0 0 0 0 0 0 0 0 0 0 
0 0 0 297 0 0 0 3 253 0 125 120 115 403 130 121 123 106 427 146 0 0 0 255 0 
15 8 14 179 5 0 0 0 197 0 38 42 35 185 30 0 0 0 158 0 3 6 4 190 4 
0 1 0 0 0 0 0 0 0 0 0 0 0 0 0 69 84 79 78 92 216 175 181 213 192 
75 111 73 66 180 0 14 0 0 104 0 3 0 0 115 0 4 0 0 111 83 84 89 73 181 
159 161 163 162 177 0 0 0 0 0 0 0 0 0 0 0 0 0 0 0 85 96 77 69 95 
0 0 0 0 0 0 0 0 0 0 0 0 0 0 0 430 433 422 406 420 190 179 181 187 206 
0 195 0 0 81 0 164 0 0 94 125 321 147 131 204 0 179 0 0 90 0 209 0 0 74 
805 0 0 0 0 805 0 0 0 0 797 0 0 0 0 837 0 0 0 0 841 0 0 0 0 
45 31 188 148 185 54 19 192 160 177 118 107 272 246 210 182 181 366 361 302 141 104 261 248 302 
69 131 78 141 65 57 81 57 109 68 0 40 0 48 0 44 95 53 88 45 0 45 0 40 0 
29 8 12 8 23 121 95 94 88 110 31 0 0 0 17 27 0 0 0 19 114 99 81 90 130 
0 0 136 0 0 0 0 154 0 0 0 0 148 0 0 146 126 255 124 142 0 0 155 1 0 
0 66 44 47 0 0 79 43 45 0 36 97 93 100 32 0 71 49 48 0 0 69 55 44 0 
0 1 0 2 160 176 127 133 173 266 159 137 120 144 241 0 5 0 0 132 93 91 113 104 221 
0 0 0 0 0 0 0 0 0 0 0 0 0 0 0 1035 1101 1108 1078 1023 0 0 0 0 0 
0 24 58 161 0 0 24 70 137 0 0 19 56 164 0 0 21 64 168 0 0 16 64 173 0 
73 50 0 0 0 86 80 17 16 14 157 87 37 41 31 90 67 0 0 0 108 100 25 24 32 
83 129 77 170 158 8 51 25 73 84 21 44 20 73 89 0 48 0 72 70 0 37 0 64 78 
125 128 162 78 9 130 151 214 97 12 318 311 379 316 231 136 130 163 93 8 306 264 379 273 170 
80 11 13 104 22 75 0 0 119 0 246 167 140 250 142 80 0 0 113 3 130 50 51 189 43 
119 97 46 52 34 159 117 53 63 29 67 55 15 0 0 89 83 18 13 13 90 56 9 0 0 
0 0 169 63 0 0 0 183 61 0 0 0 212 64 0 0 0 202 48 0 0 0 163 44 0 
153 192 197 131 127 0 63 76 0 0 0 61 72 0 0 51 80 105 35 44 0 49 107 0 0 
88 65 89 88 72 123 142 132 144 133 33 49 52 47 46 0 0 0 0 0 0 0 0 0 0 
0 0 0 178 0 0 0 0 186 0 251 247 235 432 260 0 0 0 184 0 0 0 0 169 0 
0 0 0 0 0 151 134 172 130 136 0 0 0 0 0 0 0 0 0 0 76 60 66 62 78 
140 0 15 84 64 154 38 48 117 109 240 84 99 158 167 95 0 0 65 41 213 78 96 178 138 
0 105 0 0 0 0 96 0 0 0 0 76 0 0 0 139 167 97 134 87 62 166 54 59 58 
0 0 100 0 0 95 102 203 120 108 0 0 96 0 0 9 10 105 5 9 14 15 88 10 17 
259 220 184 257 108 108 108 70 120 0 87 107 57 101 0 276 256 164 280 124 129 123 77 151 0 
0 0 0 0 0 37 38 38 23 25 0 0 0 0 0 81 85 75 84 115 113 109 107 109 146 
0 226 0 208 0 0 186 0 200 0 6 210 5 201 6 0 191 0 202 0 0 202 0 207 0 
0 45 0 134 0 0 50 0 154 0 0 48 0 142 0 79 154 75 226 76 0 60 0 146 0 
0 0 0 0 75 81 72 82 63 132 89 72 73 84 130 0 0 0 0 77 0 0 0 0 82 
86 258 363 40 241 35 188 269 8 166 109 277 368 65 259 99 301 337 99 268 221 352 419 175 329 
0 55 39 0 102 23 95 64 18 121 36 118 105 48 104 0 78 37 0 84 0 70 38 0 86 
106 87 109 116 119 14 0 0 37 0 13 0 0 40 0 19 0 0 46 0 86 66 61 108 76 
85 0 85 0 0 77 0 88 0 0 141 64 134 59 67 128 21 98 16 12 84 0 103 0 0 
0 19 86 0 102 0 13 80 0 120 0 17 84 0 121 0 19 101 0 145 0 14 77 0 120 
30 81 161 100 36 61 89 174 120 64 0 50 122 43 0 53 80 170 127 55 0 27 110 68 0 
0 68 0 0 0 0 71 0 0 0 123 229 112 137 129 0 88 0 0 0 14 83 19 25 28 
0 0 0 81 0 61 76 58 139 87 0 0 0 77 0 0 0 0 90 0 81 71 67 171 68 
50 0 92 48 0 57 0 110 52 0 58 0 94 49 0 46 0 103 54 0 45 0 97 45 0 
85 49 0 29 0 112 78 16 49 25 102 95 0 28 0 125 60 1 45 0 96 66 0 36 0 
0 0 0 0 27 198 198 197 207 231 0 0 0 0 32 0 0 0 0 34 0 0 0 0 37 
115 54 66 142 93 79 41 69 124 86 27 0 0 61 13 41 0 0 63 12 49 13 13 74 33 
30 86 10 6 14 21 63 0 0 0 22 97 0 0 1 164 216 142 144 130 29 93 0 0 0 
0 0 0 21 0 186 170 196 198 164 0 0 0 23 0 0 0 0 22 0 0 0 0 19 0 
76 84 145 151 91 0 0 53 64 0 0 0 76 60 0 0 0 72 55 0 0 0 61 67 0 
63 57 59 48 68 41 0 0 0 11 76 62 48 48 72 30 0 0 0 22 91 49 45 49 60 
0 0 32 0 85 11 7 43 12 107 0 0 47 0 79 10 8 51 10 107 93 89 141 71 173 
590 589 607 645 588 0 0 0 0 0 0 0 0 0 0 0 0 0 0 0 0 0 0 0 0 
64 110 149 70 75 31 86 99 28 30 0 32 75 0 0 0 40 78 0 0 0 43 67 0 0 
0 0 122 0 0 0 0 97 0 0 84 125 222 120 105 0 0 90 0 0 0 0 111 0 0 
92 104 37 50 126 34 40 0 0 78 38 52 0 0 60 41 41 0 0 66 51 40 0 0 72 
0 48 0 23 35 58 115 57 79 94 0 59 0 27 38 0 55 0 39 39 26 65 21 53 62 
9 7 97 5 13 0 0 89 0 0 0 0 84 0 0 36 40 127 28 29 77 78 154 61 87 
0 0 0 51 75 88 81 63 117 163 0 0 0 49 73 0 0 0 36 84 0 0 0 47 73 
105 198 83 80 93 23 125 0 0 0 20 131 1 0 0 26 77 0 0 0 24 90 3 3 1 
67 28 95 43 84 19 0 37 3 53 21 0 42 0 53 21 0 53 3 42 9 0 41 5 53 
38 0 20 0 1 49 2 14 0 0 51 35 47 42 44 79 56 59 26 26 152 110 121 129 108 
51 25 103 33 34 28 0 76 0 0 17 0 70 0 0 17 0 66 0 0 38 10 87 10 11 
0 0 22 5 0 0 0 0 0 0 0 21 0 0 0 0 0 0 0 0 8 0 5 0 0 
0 62 65 0 0 0 63 53 0 0 21 104 80 21 21 32 109 61 40 42 0 62 52 0 0 
25 0 82 0 36 60 43 115 39 76 21 0 77 0 23 21 0 87 0 29 27 0 92 0 23 
0 2104 0 0 0 0 2182 0 0 0 0 2064 0 0 0 0 2125 0 0 0 0 2060 0 0 0 
25 140 125 18 18 103 211 203 98 83 3 183 134 4 0 48 223 171 73 45 4 127 101 0 0 
77 114 110 0 0 67 144 133 0 0 87 129 122 0 0 90 139 120 0 0 72 134 131 0 0 
0 85 0 133 0 89 182 78 212 102 74 184 36 173 59 0 88 0 124 0 0 106 0 110 0 
0 0 0 0 0 1286 1244 1243 1210 1272 0 0 0 0 0 0 0 0 0 0 0 0 0 0 0 
0 0 83 132 0 0 0 73 107 0 0 0 82 133 0 0 0 81 132 0 0 0 77 131 0 
129 44 46 83 37 130 49 46 104 58 79 0 0 34 0 74 0 0 34 0 82 0 0 40 0 
0 112 0 0 73 0 132 0 0 66 0 139 0 0 78 0 124 0 0 63 0 129 0 0 90 
149 259 134 236 81 78 164 34 121 2 252 378 213 318 131 102 232 77 182 24 171 333 222 234 116 
105 78 299 280 89 0 0 202 198 0 101 93 276 309 86 0 0 162 177 1 11 8 192 182 15 
162 113 119 157 268 5 20 0 6 165 10 9 5 19 168 212 225 180 205 376 214 244 233 229 381 
0 70 0 0 0 0 51 0 0 0 0 65 0 0 0 8 61 4 7 3 158 203 164 136 159 
74 42 60 21 77 75 15 30 0 62 66 13 38 0 40 104 13 29 0 55 206 148 156 122 184 
202 65 0 101 0 205 68 0 104 0 205 53 0 104 0 189 65 0 112 0 205 55 0 116 0 
55 0 0 0 0 62 0 0 0 0 63 0 0 0 0 202 133 145 146 141 52 0 0 0 0 
0 0 1468 0 0 0 0 1497 0 0 0 0 1379 0 0 0 0 1501 0 0 0 0 1477 0 0 
63 3 8 41 23 95 52 45 93 64 87 57 57 68 72 61 27 20 67 30 52 0 0 21 12 
116 126 127 87 187 0 0 7 0 49 59 76 76 65 121 0 0 23 0 53 0 0 14 0 62 
44 90 0 117 0 141 185 104 224 86 118 145 94 216 96 52 78 0 110 0 38 71 0 109 0 
70 77 64 80 122 69 74 61 59 98 0 23 0 0 42 0 18 0 0 32 52 65 47 40 81 
1 73 0 0 0 33 144 35 29 32 41 149 36 33 43 30 127 26 30 36 46 127 41 35 57 
33 11 41 34 0 103 71 112 112 63 43 21 47 37 0 46 9 44 35 0 41 20 37 39 0 
158 0 0 0 0 142 0 0 0 0 243 84 109 111 113 139 0 0 0 0 153 0 0 0 0 
0 0 0 0 836 0 0 0 0 788 0 0 0 0 851 0 0 0 0 835 0 0 0 0 780 
123 92 0 150 56 121 119 0 166 55 158 161 38 205 109 113 116 3 140 69 108 140 0 148 60 
135 0 0 0 0 259 99 89 85 76 154 0 0 0 0 154 0 0 0 0 148 0 0 0 0 
0 0 0 0 0 73 55 70 67 70 0 0 0 0 0 145 120 142 149 145 0 0 0 0 0 
0 23 0 154 0 36 58 47 198 37 0 19 0 140 0 0 17 0 143 0 0 20 0 166 0 
131 83 133 170 198 80 0 98 70 79 66 0 106 86 86 162 103 164 149 165 47 0 60 79 72 
52 69 67 159 140 38 30 38 102 93 0 0 0 91 73 0 0 0 62 55 13 12 13 91 73 
0 9 61 0 0 74 87 165 84 82 0 10 70 1 0 58 71 166 50 55 0 8 58 0 0 
197 11 187 0 0 199 4 171 0 0 197 7 184 3 0 173 4 183 0 0 203 24 178 8 9 
332 101 332 107 172 361 145 375 171 214 378 141 380 199 242 246 17 185 58 125 245 59 226 42 113 
76 166 74 94 71 0 93 0 31 0 20 138 32 37 27 0 112 0 19 0 0 82 0 21 0 
0 0 33 0 58 35 46 78 44 114 55 74 89 53 121 0 0 33 0 61 0 0 49 0 58 
1 0 17 0 201 0 0 17 0 194 0 1 31 0 184 0 0 28 0 198 0 0 27 0 205 
0 0 0 50 0 0 0 0 56 0 54 58 45 138 45 0 0 0 59 0 84 78 82 156 86 
87 0 0 94 0 109 0 0 111 0 99 0 0 89 0 92 0 0 113 0 97 0 0 109 0 
3 42 82 64 3 97 172 171 172 102 165 200 239 216 145 0 45 118 88 22 59 96 110 112 42 
111 139 125 111 237 0 0 0 0 77 0 0 0 0 75 25 28 28 23 106 0 0 0 0 91 
131 254 158 156 155 0 149 0 0 0 80 209 93 102 87 1 104 0 0 0 83 244 85 75 85 
148 135 78 86 88 78 46 0 0 0 92 47 4 4 8 72 54 0 0 0 76 60 0 0 0 
0 133 0 0 0 51 202 62 81 82 0 154 0 1 0 77 231 96 103 74 0 131 1 0 0 
0 0 0 0 0 0 0 0 0 0 0 0 0 0 0 0 0 0 0 0 416 387 420 403 374 
0 0 37 0 0 73 79 92 75 87 0 0 31 0 0 76 75 85 59 78 19 25 59 21 25 
8 14 15 17 51 0 0 0 0 36 80 79 71 69 99 0 0 0 0 32 68 98 78 76 105 
0 0 0 134 0 0 0 0 122 0 0 0 0 144 0 0 0 0 146 0 81 86 84 222 87 
0 67 0 34 71 0 63 0 39 74 0 54 0 32 88 0 57 0 32 72 15 75 24 54 112 
0 112 0 0 0 0 108 0 0 0 0 106 0 0 0 0 96 0 0 0 97 185 99 105 92 
0 0 0 6 0 82 34 89 70 76 60 14 61 51 61 0 0 0 15 0 107 80 107 131 111 
0 0 116 55 0 43 45 155 106 50 0 0 102 39 0 0 0 89 38 0 0 0 126 35 0 
59 0 0 0 0 125 62 61 76 69 99 19 16 20 14 131 47 44 52 41 57 0 0 0 0 
83 35 33 111 37 39 0 0 91 0 48 0 0 85 0 83 35 30 120 32 55 0 0 83 0 
0 0 35 37 0 0 0 26 34 0 101 99 123 120 96 0 0 24 42 0 0 0 44 40 0 
29 0 0 74 84 81 65 66 104 167 27 2 5 73 91 47 19 23 72 91 31 33 50 77 99 
3 6 52 105 8 0 0 55 75 0 53 37 111 126 49 30 42 74 126 41 0 0 48 87 0 
51 4 40 41 8 40 0 44 47 15 128 83 123 122 86 63 15 51 48 16 52 0 50 47 0 
44 0 63 0 66 42 0 66 0 55 29 0 74 0 76 104 60 115 69 111 35 0 62 0 58 
99 19 171 86 46 81 12 143 78 28 60 0 126 29 11 164 64 219 116 102 98 32 189 67 57 
10 117 154 28 130 143 219 314 145 272 33 130 204 60 170 0 63 166 1 124 98 177 241 126 233 
23 24 28 72 54 54 52 55 93 96 0 0 0 40 29 0 0 0 28 20 101 118 119 160 130 
18 34 0 84 1 29 47 0 105 0 79 75 41 134 55 26 38 0 106 0 40 34 0 84 0 
0 0 55 0 0 166 151 208 153 180 0 0 58 0 0 0 0 73 0 0 0 0 71 0 0 
14 10 0 0 84 19 3 0 1 80 85 96 67 63 178 34 26 25 22 106 128 161 142 150 192 
58 11 9 6 20 86 60 61 64 64 94 73 77 87 83 39 0 4 0 12 33 11 14 7 21 
17 91 65 15 29 0 81 62 5 6 0 67 38 0 18 0 73 47 5 12 42 116 92 38 74 
153 194 95 109 107 76 64 50 19 23 41 51 18 0 0 36 47 16 0 0 33 43 15 0 0 
78 92 13 19 17 60 56 0 0 0 61 76 18 7 16 77 79 38 41 53 89 84 53 32 46 
38 76 41 71 29 0 61 9 41 15 0 51 10 46 19 0 43 14 31 13 39 104 64 97 78 
0 0 56 27 11 0 0 45 34 3 0 0 44 40 6 43 52 121 94 61 54 50 100 93 63 
32 40 28 26 33 0 0 0 0 0 71 63 58 64 61 0 0 0 0 0 124 110 106 122 117 
48 37 37 35 42 0 0 17 0 0 0 0 18 0 0 59 49 83 62 49 130 107 145 146 129 
39 45 109 45 51 1 0 58 10 0 61 51 131 54 47 0 0 53 0 0 0 1 58 22 0 
0 0 178 32 0 0 0 137 23 0 18 18 151 34 17 0 0 162 23 0 0 0 159 23 0 
43 70 0 0 0 65 93 38 29 29 67 107 17 14 9 79 119 37 37 41 37 66 0 0 0 
88 114 74 53 62 13 46 2 0 0 78 127 65 55 60 36 68 26 16 14 22 56 0 0 0 
0 113 107 161 0 0 127 119 161 0 0 108 120 167 2 0 117 115 156 0 0 126 117 163 0 
13 0 0 131 0 9 0 0 95 0 91 65 87 187 84 11 0 0 99 0 20 1 1 105 0 
62 84 53 53 80 15 66 13 10 38 51 86 45 40 71 6 41 0 0 36 15 70 11 13 40 
154 194 46 107 141 222 260 105 133 237 195 248 101 141 173 123 137 26 44 103 291 339 142 210 237 
79 206 167 106 142 6 54 65 9 4 36 99 112 52 45 25 94 70 14 34 0 95 70 0 0 
8 17 13 5 68 15 34 25 7 98 7 17 17 9 52 57 80 74 50 165 25 38 38 30 92 
638 494 522 391 473 467 253 266 202 211 481 298 349 211 294 380 162 170 90 164 528 334 403 317 342 
105 66 0 3 0 176 167 73 81 82 75 85 0 0 0 101 99 24 16 22 72 76 0 0 0 
131 286 79 120 104 231 358 127 232 179 113 279 71 130 72 32 176 0 48 0 90 199 59 97 43 
0 0 0 0 53 0 0 0 0 61 0 0 0 0 70 0 0 0 0 61 144 174 153 161 195 
68 0 36 0 19 122 9 56 23 32 123 45 88 50 52 128 64 123 65 79 127 25 46 19 28 
157 0 0 56 0 162 0 0 57 0 155 0 0 44 0 181 0 0 48 0 157 0 0 41 0 
177 135 165 247 125 41 2 87 134 4 84 48 139 194 67 44 13 103 103 35 54 0 88 100 0 
51 88 61 142 118 0 8 4 82 38 0 15 4 49 47 0 10 10 69 46 28 33 20 82 50 
144 139 97 113 24 194 190 161 158 118 90 83 30 61 5 238 187 169 162 116 180 172 147 122 77 
58 130 51 57 53 0 55 0 0 0 6 80 4 3 4 0 64 0 0 0 76 152 62 76 65 
0 0 0 16 0 0 0 0 19 0 0 0 0 18 0 0 0 0 18 0 168 174 200 201 196 
39 7 0 17 32 109 86 77 89 101 44 0 0 23 33 39 0 0 18 41 46 0 0 19 23 
48 6 49 95 88 16 2 25 83 81 67 28 50 138 109 19 0 38 80 84 118 85 115 182 199 
0 93 74 0 85 0 93 79 0 99 0 103 59 0 76 0 87 79 0 82 0 105 81 0 85 
43 20 54 40 32 66 48 89 50 48 20 16 32 16 5 51 42 98 66 41 6 0 28 0 0 
77 0 0 0 52 64 0 0 0 50 90 0 0 0 59 71 0 0 0 52 187 92 84 97 156 
76 119 15 174 81 167 241 76 259 193 56 113 0 161 65 260 309 201 369 244 173 262 160 306 194 
92 102 112 89 74 11 37 40 13 10 0 12 48 0 0 75 82 102 63 54 22 32 58 22 14 
0 0 0 150 43 0 0 0 168 29 29 33 16 170 57 0 0 0 163 39 0 0 0 146 45 
0 0 0 141 14 152 134 120 313 174 0 0 0 162 14 116 123 116 251 107 0 0 0 131 9 
42 157 201 209 57 24 137 186 227 32 88 199 219 231 85 73 235 217 264 104 110 191 206 283 95 
0 0 0 1284 0 0 1 0 1304 0 0 0 0 1298 0 0 2 3 1355 1 0 0 0 1286 0 
195 0 0 0 0 197 13 18 17 20 178 0 0 0 0 196 0 0 0 0 166 0 0 0 0 
92 0 0 0 0 117 0 0 0 0 122 0 0 0 0 101 0 0 0 0 206 88 85 89 99 
206 31 81 24 27 178 0 16 0 0 315 80 130 90 94 346 187 268 175 188 260 45 86 48 64 
16 19 0 0 0 0 48 0 1 4 0 23 0 0 2 0 0 0 0 15 0 11 0 0 0 
73 94 157 148 114 0 0 49 0 0 0 0 83 0 0 0 0 75 0 0 187 243 264 244 232 
2 14 6 78 215 110 131 126 210 345 0 27 2 78 254 0 14 5 95 255 124 155 116 186 317 
10 24 70 6 232 6 0 54 9 177 107 95 170 118 266 128 139 216 160 334 4 3 61 0 183 
138 261 277 207 83 169 255 292 189 91 126 265 264 177 119 59 185 217 125 7 73 206 224 139 26 
95 0 0 1 0 83 0 0 1 0 99 0 0 5 0 100 0 0 0 0 122 15 23 53 29 
19 8 63 40 23 0 0 0 8 15 0 0 0 0 0 5 0 0 0 3 0 0 10 0 5 
0 0 227 0 38 0 0 249 0 35 0 0 230 0 28 0 0 200 0 29 0 0 195 0 32 
0 0 45 50 0 66 51 93 91 61 0 0 34 32 0 50 44 89 80 42 38 31 72 67 25 
