774 766 626 675 721 1106 1085 988 1007 1033 639 656 530 664 695 1009 920 863 935 934 589 530 385 434 578 
265 235 271 247 229 0 0 0 0 0 152 153 160 140 154 0 0 0 0 0 0 0 0 0 0 
117 49 41 183 205 78 0 0 125 138 130 42 25 210 218 67 0 0 82 132 65 0 2 119 134 
153 0 121 162 174 212 22 178 183 216 299 115 288 337 326 222 39 167 188 214 165 0 120 192 154 
185 49 92 150 41 154 3 79 105 0 135 36 83 96 7 139 0 44 121 0 353 220 299 366 214 
114 5 10 0 99 106 0 17 0 113 189 100 109 92 197 192 77 107 77 182 253 134 133 134 256 
0 0 0 0 0 0 0 0 0 0 1037 1048 991 1023 1061 0 0 0 0 0 0 0 0 0 0 
0 0 0 265 0 0 0 3 255 2 113 101 97 377 119 123 107 97 399 124 0 0 0 244 0 
14 11 19 210 7 0 0 0 213 0 38 46 46 213 29 1 0 0 183 0 4 7 4 219 4 
0 0 0 0 0 0 0 0 0 0 0 0 0 0 0 70 72 90 81 105 209 214 199 227 193 
75 84 69 57 162 0 9 0 0 111 0 3 0 0 94 2 4 0 0 107 80 76 82 68 155 
145 149 152 160 159 0 0 0 0 0 0 0 0 0 0 0 0 0 0 0 81 87 70 66 78 
0 0 0 0 0 0 0 0 0 0 0 0 0 0 0 433 430 415 404 416 189 178 179 186 204 
0 204 0 0 86 0 175 0 0 113 88 315 120 97 191 0 192 0 0 98 0 218 0 0 76 
816 0 0 0 0 810 0 0 0 0 799 0 0 0 0 837 0 0 0 0 840 0 0 0 0 
9 4 187 154 186 71 61 272 246 250 123 128 301 224 294 182 186 399 380 346 98 76 302 217 315 
114 172 122 184 92 96 116 85 157 77 0 61 0 60 0 63 115 73 111 64 0 67 0 52 0 
34 9 16 6 28 127 88 105 111 114 34 0 0 0 19 25 0 0 0 19 114 113 87 103 129 
0 0 163 0 0 0 0 147 0 0 0 0 171 0 0 188 155 294 143 161 0 0 151 0 0 
0 80 55 58 0 0 99 52 53 0 42 112 103 117 39 0 83 58 54 0 0 90 66 48 0 
0 0 0 2 155 144 112 136 143 255 142 125 124 108 234 4 1 0 0 126 89 92 109 96 201 
0 0 0 0 0 0 0 0 0 0 0 0 0 0 0 1012 1067 1084 1050 985 0 0 0 0 0 
0 26 77 194 0 0 20 63 156 0 0 20 53 172 0 0 17 71 180 0 0 20 67 187 0 
89 140 81 178 159 12 47 20 78 81 21 59 25 95 103 0 56 0 58 80 0 48 0 66 71 
104 137 141 101 0 103 155 206 99 1 300 308 379 300 212 102 125 165 76 11 268 239 375 259 143 
75 10 22 93 14 68 0 0 110 0 196 140 131 223 125 65 0 0 97 0 100 35 40 163 35 
94 78 37 41 26 116 82 37 49 26 45 41 15 0 0 74 61 15 11 9 73 44 10 0 0 
0 0 227 79 0 0 0 240 72 0 0 0 305 88 0 0 0 259 65 0 0 0 207 65 0 
118 142 140 100 86 0 43 58 0 0 0 42 53 0 0 34 66 88 31 30 0 36 82 0 1 
74 61 71 69 62 107 131 109 118 104 28 44 46 39 41 0 0 0 0 0 0 0 0 0 0 
0 0 0 170 0 0 0 0 189 0 219 221 208 417 230 0 0 0 179 0 0 0 0 162 0 
0 0 0 0 0 174 156 217 162 174 0 0 0 0 0 0 0 0 0 0 78 69 77 75 91 
177 17 46 113 89 171 61 62 166 131 289 112 116 222 197 126 3 0 114 62 252 123 112 227 164 
0 74 0 0 0 0 71 0 0 0 0 57 0 0 0 100 134 74 112 74 48 116 42 46 46 
0 0 104 0 0 94 94 199 115 116 0 0 101 0 0 8 10 109 4 8 13 13 93 9 15 
261 237 211 242 125 113 108 79 82 0 79 78 52 54 0 272 261 180 250 114 130 120 75 94 0 
0 42 0 135 0 0 53 0 144 0 0 51 0 142 0 70 145 74 223 75 0 63 0 134 0 
0 0 0 0 76 85 75 75 59 133 88 80 68 81 130 0 0 0 0 76 0 0 0 0 85 
102 274 304 66 207 14 179 235 3 124 85 250 314 61 200 94 261 305 87 222 191 310 347 142 257 
0 51 40 0 98 21 73 58 14 107 29 99 91 42 102 0 69 29 0 89 0 79 29 0 88 
106 93 102 110 122 14 0 0 32 0 12 0 0 35 0 11 0 0 39 0 84 60 55 104 74 
69 0 66 0 0 64 0 78 0 0 115 53 106 48 50 101 16 78 13 13 67 0 73 0 0 
0 18 88 0 100 0 12 76 0 114 0 16 79 0 113 0 15 98 0 140 0 15 72 0 106 
12 44 130 67 16 51 77 163 91 66 0 44 119 34 0 49 78 157 107 44 0 23 113 57 0 
0 88 0 0 0 0 87 0 0 0 182 288 177 182 185 0 110 0 0 0 14 103 22 25 35 
0 0 0 71 0 61 64 51 123 81 0 0 0 70 0 0 0 0 80 0 71 63 57 147 61 
58 0 104 63 0 64 0 128 60 0 68 0 103 61 1 51 0 115 58 0 48 0 108 49 0 
77 46 0 29 0 102 73 16 47 22 92 85 0 25 0 110 53 0 41 0 86 58 0 33 0 
0 0 0 0 36 258 246 251 257 282 0 0 0 0 54 0 0 0 0 51 0 0 0 0 50 
112 61 63 128 93 74 46 59 119 76 28 0 0 58 13 33 0 0 53 11 46 15 8 66 31 
29 55 8 6 10 17 48 0 0 0 21 73 0 0 0 125 160 123 115 110 27 72 0 0 0 
0 0 0 21 0 186 170 196 198 164 0 0 0 23 0 0 0 0 22 0 0 0 0 19 0 
71 79 133 138 89 0 0 52 63 0 0 0 74 60 0 0 0 67 53 0 0 0 59 62 0 
68 60 70 54 70 42 0 0 0 11 82 64 53 51 79 30 0 0 0 22 94 55 45 51 62 
0 0 28 0 79 0 0 42 7 104 0 1 48 1 92 0 1 39 4 107 100 106 135 84 208 
63 123 152 72 79 30 92 114 31 30 0 35 84 0 0 0 43 81 0 0 0 42 72 0 0 
0 0 121 0 0 0 0 98 0 0 79 120 224 122 108 0 0 95 0 0 0 0 113 0 0 
105 115 34 53 143 39 42 0 0 88 43 61 0 0 67 47 43 0 1 80 64 50 0 0 81 
0 51 0 23 35 61 117 59 81 96 0 60 0 29 38 0 55 0 42 41 24 65 21 53 64 
13 9 126 6 16 0 0 122 0 0 0 0 94 0 0 50 46 149 32 33 105 102 189 78 109 
0 0 0 51 74 88 81 63 117 162 0 0 0 49 71 0 0 0 36 84 0 0 0 47 73 
94 165 78 73 84 22 106 0 0 0 30 114 7 6 8 22 75 0 0 0 23 80 3 3 0 
78 38 105 55 106 21 0 45 14 66 23 0 49 12 81 22 0 58 12 63 14 0 44 15 70 
57 0 25 2 1 66 0 8 0 0 100 49 71 61 82 80 5 0 0 0 137 86 82 106 60 
31 34 118 46 49 0 0 81 0 0 0 0 77 0 0 2 0 70 0 0 35 34 112 34 26 
0 57 64 0 0 1 59 43 2 0 21 100 68 21 21 29 104 54 36 42 0 55 43 0 0 
0 0 91 0 42 15 28 112 15 65 0 0 83 0 27 0 1 90 0 23 0 0 97 0 28 
0 2131 0 0 0 0 2222 0 0 0 0 2053 0 0 0 0 2130 0 0 0 0 2078 0 0 0 
19 125 111 12 10 87 216 195 93 72 10 150 117 3 0 41 227 143 90 45 4 129 105 0 0 
65 127 97 0 0 67 161 134 0 0 81 144 131 0 0 81 157 133 0 0 80 159 133 0 0 
0 89 0 105 0 84 167 83 188 85 69 150 42 181 48 0 82 0 131 0 0 106 0 93 0 
0 0 0 0 0 1305 1251 1254 1217 1271 0 0 0 0 0 0 0 0 0 0 0 0 0 0 0 
0 0 80 125 0 0 0 75 106 0 0 0 81 126 0 0 0 81 125 0 0 0 72 128 0 
130 45 47 80 40 137 49 48 100 57 82 0 0 34 0 73 0 0 35 0 82 0 0 42 0 
0 134 0 0 98 0 162 0 0 77 0 179 0 0 93 0 152 0 0 79 0 160 0 0 111 
155 261 185 214 64 115 271 109 134 33 287 432 312 320 133 226 366 259 266 139 205 322 296 229 131 
90 78 278 276 79 0 0 191 190 0 109 110 276 322 98 0 0 173 194 3 0 7 202 201 10 
126 110 103 141 248 5 15 2 5 147 6 9 7 8 140 184 191 153 170 320 191 224 229 205 383 
0 133 0 0 0 0 103 0 0 0 0 129 0 0 0 6 122 3 7 2 273 356 276 264 263 
53 25 46 11 48 49 16 33 0 45 50 12 36 0 33 75 14 33 0 49 131 112 104 87 135 
205 81 0 106 0 214 74 0 107 0 209 61 0 105 0 198 73 0 116 0 203 62 0 117 0 
0 0 1433 0 0 0 0 1464 0 0 0 0 1347 0 0 0 0 1464 0 0 0 0 1432 0 0 
69 4 9 49 21 104 57 56 98 77 100 70 64 87 84 61 28 20 65 32 57 0 0 29 9 
110 114 119 75 174 0 0 7 0 43 58 73 65 60 107 0 0 19 0 51 0 0 9 0 60 
57 102 0 130 0 161 199 109 224 93 120 140 81 202 91 60 97 0 129 1 44 80 0 115 0 
91 115 103 94 164 96 91 78 72 129 0 22 0 0 69 0 22 0 0 30 69 80 71 62 123 
0 83 0 1 0 42 130 33 50 31 42 149 40 42 38 31 137 26 30 42 42 128 47 41 53 
33 11 39 34 0 101 68 107 109 63 44 19 44 35 0 45 10 43 34 0 41 19 37 40 0 
141 0 0 0 0 123 0 0 0 0 195 75 99 98 97 109 0 0 0 0 125 0 0 0 0 
0 0 0 0 830 0 0 0 0 784 0 0 0 0 846 0 0 0 0 829 0 0 0 0 777 
80 139 97 216 177 0 9 5 108 52 0 15 7 69 65 0 11 12 96 61 30 43 31 117 73 
133 0 0 0 0 256 98 86 96 77 150 0 0 0 0 151 0 0 0 0 145 0 0 0 0 
0 0 0 0 0 82 62 73 70 74 0 0 0 0 0 151 123 149 147 139 0 0 0 0 0 
0 22 0 143 0 33 55 46 186 32 0 19 0 132 0 0 16 0 136 0 0 20 0 160 0 
152 40 113 89 156 100 0 77 26 49 82 7 100 77 89 200 103 168 104 176 67 0 46 26 52 
52 58 71 152 139 32 32 40 96 95 0 0 0 96 65 0 0 0 53 57 11 14 11 94 62 
0 12 66 0 0 86 99 180 91 99 0 10 73 0 0 59 86 176 54 63 0 6 58 0 0 
117 0 119 0 0 112 0 95 0 0 102 1 113 4 1 77 0 104 0 0 118 12 99 11 10 
353 101 342 137 235 347 162 401 191 240 341 123 356 175 250 216 21 233 38 134 215 44 256 33 131 
72 173 73 88 70 0 98 0 27 0 18 139 30 35 32 0 109 0 18 0 0 83 0 23 0 
0 0 33 0 58 35 46 78 44 113 55 74 89 53 121 0 0 32 0 61 0 0 49 0 58 
0 0 18 0 224 0 0 22 0 211 0 0 35 0 190 0 0 33 0 223 0 0 28 0 223 
0 0 0 54 0 0 0 0 64 0 59 62 45 143 46 0 0 0 61 0 86 81 84 168 92 
120 0 0 123 0 141 0 0 144 0 144 0 0 126 0 126 0 0 137 0 135 0 0 140 0 
0 37 77 55 0 96 175 168 167 109 164 214 225 222 133 16 74 94 96 43 68 112 105 125 41 
96 117 107 100 195 0 0 0 0 69 0 0 0 0 65 20 20 25 18 94 0 0 0 0 70 
100 194 106 105 97 0 111 0 0 0 63 167 69 71 67 8 107 6 3 11 94 195 83 79 96 
136 126 76 78 78 76 45 0 0 0 85 47 4 3 8 63 47 0 0 0 71 56 0 0 0 
0 124 0 0 0 38 193 60 58 76 0 150 0 0 0 67 208 86 100 73 0 125 0 0 0 
0 0 0 0 0 0 0 0 0 0 0 0 0 0 0 0 0 0 0 0 443 409 437 431 394 
0 0 37 0 0 73 79 92 75 87 0 0 31 0 0 77 75 85 59 79 19 25 59 22 26 
8 15 17 16 54 0 0 0 0 39 88 83 74 69 105 0 0 0 0 35 77 110 87 80 111 
0 0 0 131 0 0 0 0 119 0 0 0 0 145 0 0 0 0 150 0 83 80 79 204 89 
0 68 0 33 71 1 62 0 36 77 0 56 0 36 90 0 57 0 31 72 18 76 24 53 112 
0 22 0 24 0 80 89 73 70 74 79 69 76 64 76 0 14 0 15 0 123 147 126 139 120 
0 0 117 55 0 43 45 155 106 50 0 0 102 39 0 0 0 89 38 0 0 0 126 35 0 
69 0 0 0 0 143 69 70 85 75 119 23 21 22 17 152 55 52 58 44 63 0 0 0 0 
82 35 33 111 37 39 0 0 91 0 47 0 0 84 0 83 35 30 120 32 55 0 0 83 0 
0 0 59 39 0 0 0 55 43 0 101 99 149 132 97 0 0 62 47 0 0 0 67 42 0 
3 6 48 97 7 0 0 45 72 0 46 29 101 113 45 27 39 66 108 34 0 0 46 75 0 
62 2 48 54 7 51 11 41 43 14 129 82 141 111 98 81 19 59 55 19 61 0 48 44 0 
39 0 54 0 55 38 0 56 0 51 26 0 66 0 70 88 49 103 64 103 30 0 55 0 53 
74 29 138 70 46 61 14 136 83 38 51 0 113 36 21 121 54 177 101 101 80 30 172 74 66 
16 91 178 39 134 105 192 279 111 237 32 110 207 54 169 0 46 168 0 122 71 115 215 91 191 
28 27 29 91 71 53 50 46 103 96 0 0 0 45 40 0 0 0 37 21 101 127 119 164 146 
19 32 0 85 0 32 50 0 105 0 83 79 40 130 54 27 39 0 111 0 43 34 0 80 0 
0 0 54 0 0 161 146 206 143 168 0 0 63 0 0 0 0 70 0 0 0 0 69 0 0 
59 11 10 5 20 86 60 62 64 64 94 73 78 87 83 39 0 5 0 12 34 11 14 7 21 
19 148 90 18 47 0 118 76 7 12 0 104 56 0 35 0 108 59 9 18 49 171 119 43 92 
152 213 110 100 101 71 81 47 26 27 38 76 16 0 0 42 50 16 0 0 30 49 20 0 0 
72 51 3 3 0 75 35 0 0 1 77 53 14 6 10 96 84 57 55 57 73 49 42 0 37 
38 76 43 71 29 0 61 11 42 16 0 50 10 45 17 0 42 14 31 13 36 103 63 96 78 
0 0 60 29 13 0 0 49 36 4 0 0 48 45 5 46 61 138 111 66 60 56 116 104 72 
30 39 27 27 31 0 0 0 0 0 71 62 64 64 58 0 0 0 0 0 133 114 106 125 119 
32 22 18 27 34 0 0 0 0 0 0 0 14 0 0 62 62 90 67 70 120 72 126 124 139 
31 35 93 29 25 0 0 54 0 0 57 50 132 40 46 0 0 52 0 0 0 3 61 0 0 
0 0 91 7 0 0 0 54 1 0 19 20 35 0 18 0 0 73 1 0 0 0 94 0 0 
43 70 0 0 0 66 93 38 30 29 66 108 17 14 9 79 120 37 37 41 37 66 0 0 0 
111 142 85 74 76 13 53 2 0 0 91 168 75 56 66 52 86 31 26 21 30 72 0 0 0 
0 116 108 163 0 0 127 119 164 0 0 108 120 167 0 0 117 115 156 0 0 127 118 164 0 
20 0 0 214 0 15 0 0 146 0 141 109 129 272 111 15 0 0 151 0 25 1 0 154 1 
181 170 46 117 134 216 291 89 135 204 164 192 85 135 155 106 127 11 42 72 282 333 150 198 216 
55 159 114 83 89 6 42 62 11 3 32 71 89 36 29 20 73 58 12 24 0 53 43 0 0 
5 28 19 0 77 11 31 28 7 133 8 19 16 0 62 59 83 81 50 158 30 49 42 27 102 
581 415 483 356 453 391 177 246 161 196 429 239 279 156 269 311 123 112 48 140 509 290 400 313 372 
87 61 1 3 3 178 161 75 72 87 96 98 0 0 0 103 106 23 15 21 76 60 0 0 0 
148 304 127 138 120 253 384 168 275 185 149 287 90 142 72 32 184 0 45 0 86 215 68 97 58 
0 0 0 0 55 0 0 0 0 59 0 0 0 0 69 0 0 0 0 66 143 164 147 160 196 
150 0 0 54 0 156 0 0 55 0 142 0 0 39 0 168 0 0 46 0 149 0 0 41 0 
210 148 234 293 159 54 0 102 147 4 113 61 164 245 80 69 10 112 129 34 57 0 117 108 1 
143 110 79 44 44 177 137 109 100 115 115 73 32 27 13 232 184 162 120 144 183 149 111 61 81 
78 174 64 75 74 0 79 0 0 0 6 115 4 5 10 0 82 0 0 0 109 199 81 106 86 
0 0 0 15 0 0 0 0 19 0 0 0 0 18 0 0 0 0 23 0 182 201 232 231 232 
46 8 50 111 95 15 2 34 95 86 65 25 44 127 101 19 0 28 89 84 120 79 112 196 196 
0 89 68 0 78 0 83 72 0 77 0 98 65 0 62 0 77 83 0 87 0 106 76 0 81 
55 26 61 43 39 78 54 98 57 60 23 18 43 20 14 60 46 107 76 50 8 0 34 3 0 
76 0 0 0 48 63 0 0 0 47 78 0 0 0 57 64 0 0 0 48 173 88 75 91 142 
54 80 0 80 49 38 93 0 108 60 59 66 1 133 71 128 180 91 179 122 79 122 24 127 73 
97 126 122 102 85 13 43 47 19 14 0 13 56 0 0 71 96 111 64 60 24 35 66 25 18 
0 0 0 140 35 0 0 0 158 28 27 29 16 157 51 0 0 0 149 34 0 0 0 139 38 
0 0 0 184 14 246 196 182 462 229 1 0 0 200 17 156 167 165 346 153 0 0 0 194 10 
54 135 141 165 68 26 69 99 146 10 62 128 126 166 58 65 162 168 203 73 93 136 147 221 78 
0 0 0 1274 0 0 0 0 1279 0 0 0 0 1305 0 1 2 1 1344 2 0 0 0 1317 0 
207 0 0 0 0 217 15 20 18 21 189 0 0 0 0 211 0 0 0 0 183 0 0 0 0 
92 0 0 0 0 117 0 0 0 0 122 0 0 0 0 102 0 0 0 0 206 88 85 89 99 
191 95 50 111 118 98 0 0 21 17 200 48 38 56 70 182 40 62 101 88 245 147 111 163 148 
58 63 128 84 72 0 0 49 0 0 0 0 57 0 0 0 0 50 0 0 140 160 185 165 147 
1 20 0 77 214 115 126 122 198 347 3 37 0 85 248 0 20 3 83 251 116 144 116 177 304 
9 23 83 11 252 2 0 57 10 185 110 114 179 126 302 140 158 228 185 358 2 4 61 0 196 
114 243 275 194 86 121 230 257 181 85 150 224 275 178 131 39 143 186 88 10 37 162 228 131 22 
126 0 0 9 0 112 0 0 0 0 128 0 0 0 0 123 0 0 0 0 159 23 30 30 40 
49 63 36 45 57 0 50 0 0 15 51 85 45 39 52 5 38 0 0 33 0 58 0 0 14 
612 623 646 681 627 0 0 0 0 0 0 0 0 0 0 0 0 0 0 0 0 0 0 0 0 
79 70 0 0 0 115 99 18 17 22 162 99 38 45 31 110 82 0 0 0 118 112 27 31 34 
28 0 0 53 64 66 41 38 82 113 18 0 1 55 60 34 10 14 51 53 27 25 28 66 70 
18 12 0 0 91 20 3 0 0 87 88 85 61 56 166 32 30 19 21 92 108 115 106 105 153 
53 0 0 0 0 61 0 0 0 0 64 0 0 0 0 202 133 145 146 141 52 0 0 0 0 
86 159 108 115 141 122 282 168 176 233 18 130 62 55 52 132 199 132 165 156 134 252 179 191 181 
0 0 0 0 0 31 35 34 19 22 0 0 0 0 0 59 67 68 65 91 102 94 97 97 127 
152 13 73 0 17 213 0 54 11 9 280 82 149 97 95 298 163 252 174 169 233 53 92 38 42 
20 0 46 0 0 21 0 25 0 0 27 0 34 2 0 112 86 114 94 97 47 3 39 0 0 
0 0 198 0 38 0 0 223 0 38 0 0 196 0 24 0 0 187 0 21 0 0 180 0 31 
121 63 0 143 53 111 65 0 110 72 120 108 34 165 81 90 57 0 114 50 76 54 0 125 45 
44 68 45 65 33 12 20 0 27 0 63 87 54 89 37 13 46 6 37 1 57 56 57 84 32 
0 0 48 61 0 78 50 111 99 65 0 0 50 46 0 65 54 105 91 45 41 36 93 84 36 
4 0 0 0 12 0 17 0 0 0 0 0 0 0 0 37 46 52 47 50 0 0 0 0 0 
0 248 0 223 0 0 206 0 212 0 9 234 8 209 7 0 198 0 207 0 0 230 0 227 0 
92 16 83 0 0 107 12 96 0 0 115 9 94 0 0 120 8 92 0 0 113 14 99 0 0 
