981 963 795 896 945 1157 1087 1103 1065 1154 827 787 718 794 924 1156 1010 1043 1098 1128 654 492 540 532 699 
200 176 212 199 183 0 0 0 1 0 151 88 140 124 125 0 0 0 0 0 0 0 0 0 0 
121 48 37 229 235 97 0 0 156 148 187 50 44 268 257 73 0 0 133 144 125 0 0 163 188 
328 44 143 101 103 222 0 53 13 9 435 137 198 157 162 473 231 333 266 273 314 49 110 86 67 
0 0 89 95 1 134 83 170 169 113 4 3 78 74 7 126 85 186 152 112 73 51 131 137 51 
182 42 132 171 23 147 11 108 137 4 143 32 101 132 16 143 0 73 130 0 310 192 270 336 181 
123 7 22 0 99 112 8 19 0 140 219 112 120 89 206 175 79 111 64 189 261 136 143 122 296 
0 0 0 0 0 0 0 0 0 0 1022 1034 987 1011 1049 0 0 0 0 0 0 0 0 0 0 
0 0 0 309 0 0 0 1 279 0 140 137 117 442 133 140 125 100 452 135 0 0 0 269 0 
16 11 14 188 7 0 0 0 190 0 38 47 40 189 29 0 0 0 169 0 2 8 4 180 3 
0 0 0 0 0 0 0 0 0 0 0 0 1 0 0 60 64 73 71 83 191 152 161 188 163 
74 89 63 55 177 0 10 0 0 94 0 3 0 0 107 0 5 0 0 102 75 71 81 64 148 
141 144 151 145 157 0 0 0 0 0 0 0 0 0 0 0 0 0 0 0 83 81 67 67 82 
0 0 0 0 0 0 0 0 0 0 0 0 0 0 0 426 426 412 401 409 192 177 180 185 200 
0 197 0 0 84 0 171 0 0 99 131 329 151 132 211 0 185 0 0 95 0 212 0 0 75 
817 0 0 0 0 814 0 0 0 0 805 0 0 0 0 839 0 0 0 0 845 0 0 0 0 
50 10 190 124 145 37 5 157 133 142 112 86 248 202 190 203 161 323 316 271 162 120 241 239 258 
88 153 95 171 98 66 102 67 115 70 0 46 0 47 0 51 114 69 106 61 0 62 0 37 0 
44 9 14 8 26 156 113 115 116 141 36 0 0 0 24 27 0 0 0 32 143 135 109 116 174 
0 0 130 0 0 0 0 120 0 0 0 0 137 0 0 135 107 226 106 114 0 0 133 0 0 
0 70 47 47 0 0 89 54 45 0 41 109 109 106 47 0 82 59 52 0 0 81 59 43 0 
0 3 0 1 163 162 131 135 153 263 161 126 137 116 239 0 1 0 0 119 84 103 106 96 204 
0 0 0 0 0 0 0 0 0 0 0 0 0 0 0 1020 1110 1107 1066 1022 0 0 0 0 0 
0 18 56 145 0 0 19 61 137 0 0 23 53 158 0 0 21 54 163 0 0 15 54 171 0 
64 46 0 0 0 83 71 15 13 14 133 83 34 36 26 85 60 0 0 0 100 91 22 22 28 
65 99 64 132 129 7 36 16 54 62 11 38 20 69 72 0 39 0 49 61 0 32 0 54 59 
80 117 115 51 2 78 105 162 49 0 282 294 300 264 192 101 140 146 65 6 248 214 294 211 116 
84 26 24 106 28 79 0 0 119 0 215 155 140 231 130 70 0 0 106 0 113 53 45 181 43 
126 121 49 52 35 155 123 60 65 33 56 67 19 0 0 100 105 25 14 25 94 64 12 0 0 
0 0 135 56 0 0 0 148 52 0 0 0 179 51 0 0 0 159 43 0 0 0 136 41 0 
129 153 164 117 110 0 58 71 0 0 0 48 61 0 0 37 67 88 32 33 0 47 92 0 0 
72 65 76 75 60 108 128 117 126 109 23 44 46 42 40 0 0 0 0 0 0 0 0 0 0 
0 0 0 164 0 0 0 0 169 0 230 234 220 407 242 0 0 0 168 0 0 0 0 151 0 
0 0 0 0 0 152 152 191 147 148 0 0 0 0 0 0 0 0 0 0 78 63 73 71 89 
115 0 0 71 52 131 37 48 140 108 235 84 88 167 161 87 0 0 79 44 190 79 86 160 112 
0 75 0 0 0 0 72 0 0 0 0 57 0 0 0 101 137 74 111 74 48 117 42 46 46 
0 0 104 0 0 98 90 204 117 117 0 0 96 0 0 8 9 101 5 8 13 12 93 7 17 
240 214 184 259 111 115 87 74 124 0 85 92 56 96 0 254 226 158 271 112 133 111 77 148 0 
0 0 0 0 0 33 42 31 23 22 0 0 0 0 0 65 76 78 72 100 111 109 117 116 143 
0 232 0 206 0 0 186 0 199 0 8 210 7 203 7 0 190 0 197 0 0 205 0 211 0 
0 43 0 122 0 0 52 0 136 0 0 51 0 136 0 59 153 72 206 66 0 55 0 125 0 
0 0 0 0 68 74 65 71 56 123 78 67 67 75 116 0 0 0 0 68 0 0 0 0 72 
73 301 327 56 216 26 211 269 11 156 46 275 312 56 207 122 357 350 116 261 207 367 411 167 316 
0 50 43 0 97 20 67 42 16 99 31 92 98 42 84 0 65 30 0 64 0 67 27 0 76 
111 104 111 126 122 14 0 0 35 0 13 0 0 40 0 18 0 0 48 0 87 67 60 108 83 
70 0 64 0 0 64 0 76 0 0 113 54 109 48 50 100 16 78 13 11 64 0 73 0 0 
0 18 86 0 100 0 13 71 0 110 0 15 75 0 108 0 13 94 0 137 0 12 71 0 101 
20 68 161 87 20 54 73 155 114 54 0 45 122 40 0 44 76 167 110 35 0 24 111 62 0 
0 58 0 0 0 0 66 0 0 0 104 209 99 124 111 0 82 0 0 0 14 77 17 22 24 
0 0 0 80 0 69 73 57 141 97 3 0 0 86 0 0 0 0 89 0 87 74 71 177 76 
55 0 97 51 0 60 0 117 62 0 67 0 101 55 0 47 0 114 58 0 49 0 110 52 0 
92 68 0 32 0 127 89 20 55 29 118 105 0 34 0 131 63 0 43 0 115 71 0 40 0 
0 0 0 0 27 192 198 198 202 223 0 0 0 0 39 0 0 0 0 32 0 0 0 0 40 
89 47 57 109 77 58 37 49 96 68 23 0 0 52 10 28 0 0 48 11 37 12 8 56 27 
30 74 8 6 13 21 62 0 0 0 22 94 0 0 0 156 202 167 147 132 29 85 0 0 0 
0 0 0 21 0 186 170 197 198 164 0 0 0 23 0 0 0 0 22 0 0 0 0 19 0 
74 82 138 142 91 0 0 52 63 0 0 0 76 61 0 0 0 73 55 0 0 0 60 62 0 
74 66 68 60 87 46 0 0 0 11 89 74 57 61 88 37 0 0 0 22 103 58 54 55 65 
0 0 25 0 69 8 6 36 12 89 0 0 34 0 70 10 6 42 8 95 81 75 113 64 152 
593 595 613 651 600 0 0 0 0 0 0 0 0 0 0 0 0 0 0 0 0 0 0 0 0 
76 141 174 86 95 41 98 126 31 36 0 39 84 0 0 0 47 92 0 0 0 46 81 0 0 
0 0 110 0 0 0 0 91 0 0 76 114 207 112 101 0 0 85 0 0 0 0 104 0 0 
99 129 42 56 135 37 41 0 0 88 45 59 0 0 67 45 44 0 0 74 62 42 0 0 79 
0 53 0 22 37 59 117 60 87 97 0 64 0 29 38 0 58 0 39 42 26 66 24 57 65 
9 7 99 5 12 0 0 87 0 0 0 0 83 0 0 36 39 120 27 29 75 78 150 58 85 
0 0 0 55 80 103 92 70 139 189 0 0 0 62 86 0 0 0 43 97 0 0 0 53 85 
109 178 83 84 95 22 120 0 0 0 34 124 4 7 7 27 86 0 0 0 27 98 0 0 0 
65 26 98 37 99 18 0 40 5 66 17 0 40 0 79 15 0 50 0 63 7 0 38 4 71 
40 0 9 0 2 54 0 2 0 0 71 45 25 35 56 100 40 44 35 36 154 110 114 142 121 
56 34 116 46 48 16 0 81 0 0 18 0 77 0 0 19 0 70 0 0 59 30 112 37 24 
79 67 90 40 45 31 21 26 0 7 51 60 37 26 37 46 23 31 0 8 36 22 35 0 2 
0 62 64 0 0 0 58 43 0 0 21 104 72 21 21 32 109 51 40 42 0 62 48 0 0 
16 0 0 2 0 6 35 12 0 5 0 32 0 0 4 12 0 0 0 0 0 19 0 0 0 
30 0 91 0 45 63 42 124 38 80 25 0 85 0 29 37 10 99 5 36 31 0 99 0 28 
0 2107 0 0 0 0 2165 0 0 0 0 2033 0 0 0 0 2112 0 0 0 0 2029 0 0 0 
26 133 112 13 11 94 208 216 97 82 0 124 122 3 0 44 193 126 67 49 5 149 123 0 2 
57 89 69 0 0 48 107 95 0 0 69 100 106 0 0 57 112 87 0 0 55 103 96 0 0 
0 96 0 128 0 107 181 85 274 82 102 187 72 209 72 0 85 0 135 0 0 130 0 96 0 
80 110 139 111 91 0 0 46 0 0 0 0 84 0 0 0 0 61 0 0 216 252 261 232 250 
0 0 0 0 0 1263 1220 1213 1185 1248 0 0 0 0 0 0 0 0 0 0 0 0 0 0 0 
0 0 81 125 0 0 0 73 105 0 0 0 81 128 0 0 0 81 125 0 0 0 72 130 0 
169 48 65 126 53 168 60 66 129 81 95 0 0 51 0 99 0 0 44 0 107 0 0 60 0 
0 117 0 0 78 0 141 0 0 72 0 145 0 0 81 0 129 0 0 67 0 136 0 0 94 
193 323 192 239 122 72 189 55 144 0 284 415 267 388 144 167 372 190 296 98 260 354 332 348 182 
116 98 314 327 109 0 0 221 209 3 130 110 302 345 113 0 0 173 210 6 11 9 210 207 13 
144 116 102 137 250 8 25 0 15 171 7 19 7 9 165 207 211 164 166 362 213 262 242 218 381 
0 68 0 0 0 0 53 0 0 0 0 65 0 0 0 9 66 5 10 3 182 219 176 153 187 
79 36 53 21 71 54 12 24 0 64 55 11 31 0 32 100 9 21 0 49 157 140 131 104 149 
200 75 0 99 0 203 69 0 100 0 205 58 0 104 0 192 69 0 112 0 203 64 0 111 0 
55 0 0 0 0 62 0 0 0 0 64 0 0 0 0 202 133 145 146 141 52 0 0 0 0 
124 238 310 177 72 160 235 299 188 62 146 241 295 164 133 66 168 235 100 18 78 221 254 149 28 
100 2 14 68 36 142 72 64 126 87 113 70 68 120 97 88 37 19 83 50 74 0 0 35 16 
123 124 141 96 206 0 0 7 0 53 70 83 92 68 128 0 0 22 0 57 0 0 13 0 65 
42 84 0 110 0 134 176 94 205 82 110 128 85 204 87 52 77 0 104 0 35 68 0 106 0 
89 98 103 118 161 97 90 85 72 145 0 28 0 0 48 0 21 0 0 27 76 86 65 67 113 
0 81 0 0 1 37 162 45 32 36 36 167 45 38 34 28 142 30 29 41 46 150 56 36 71 
34 13 44 25 0 105 76 115 105 64 36 19 48 26 0 41 9 49 27 0 41 20 39 31 0 
1 14 1 71 196 114 122 122 202 329 0 30 0 82 234 0 5 0 78 236 108 140 111 176 290 
7 9 82 5 217 4 0 65 14 170 108 99 159 114 269 134 138 219 170 328 2 0 63 4 180 
169 0 0 0 0 147 0 0 0 0 243 82 116 117 113 136 0 0 0 0 163 0 0 0 0 
0 0 0 0 842 0 0 0 0 788 0 0 0 0 845 0 0 0 0 831 0 0 0 0 776 
135 116 0 197 62 168 148 5 214 75 176 178 43 249 106 112 118 5 172 79 122 147 0 219 56 
135 0 0 0 0 262 102 86 82 71 162 1 0 0 0 153 0 0 0 0 155 0 0 0 0 
0 0 0 0 0 79 62 74 67 76 0 0 0 0 0 148 128 147 151 145 0 0 0 0 0 
0 25 0 165 0 38 62 47 200 33 0 19 0 148 0 0 18 0 150 0 0 24 0 179 0 
62 29 89 96 109 43 0 57 51 41 23 1 57 64 44 82 54 98 108 102 8 0 38 58 19 
41 48 55 128 106 28 22 31 81 74 0 0 0 77 55 0 0 0 47 50 7 10 9 75 53 
0 8 66 0 0 81 107 181 81 93 0 10 69 0 0 54 81 169 55 63 0 6 64 0 0 
115 0 110 0 0 102 0 91 0 0 96 1 102 4 1 74 0 105 0 0 109 12 91 10 10 
292 112 330 115 198 329 185 411 173 226 351 173 424 197 269 180 30 224 51 136 194 77 268 19 127 
65 152 68 83 66 0 86 0 27 0 17 128 28 34 27 0 104 0 17 0 0 75 0 22 0 
0 0 42 0 64 43 53 88 49 133 70 87 113 66 147 0 0 37 0 70 0 0 55 0 79 
0 0 18 0 219 0 0 16 0 198 0 0 29 0 176 0 0 25 0 193 0 0 23 0 191 
0 0 0 59 0 0 0 0 69 0 64 66 51 164 51 0 0 0 69 0 108 93 95 193 100 
89 0 0 101 0 114 0 0 121 0 106 0 0 96 0 99 0 0 117 0 101 0 0 117 0 
12 42 72 46 0 93 179 161 156 112 162 219 231 193 158 11 64 84 85 12 65 115 119 120 43 
113 158 141 124 267 0 0 0 0 88 0 0 0 0 76 21 34 32 25 129 0 0 0 0 85 
135 256 160 146 157 0 130 0 0 0 91 218 97 92 96 0 111 0 0 1 116 245 98 82 113 
137 128 77 79 79 76 45 0 0 0 85 49 4 4 9 63 46 0 0 0 72 57 0 0 0 
0 108 0 0 0 33 149 46 49 59 0 115 0 0 0 64 177 78 71 64 0 97 0 0 0 
0 0 0 0 0 0 0 0 0 0 0 0 0 0 0 0 0 0 0 0 459 439 475 459 423 
0 0 36 0 0 73 79 92 75 87 0 0 31 0 0 77 75 85 59 79 19 25 58 20 26 
7 15 16 14 51 0 0 0 0 36 80 79 70 67 97 0 0 0 0 33 68 98 78 75 105 
0 0 0 145 0 0 0 0 122 0 0 0 0 155 0 0 0 0 154 0 88 82 91 223 101 
1 66 0 33 72 0 64 0 36 77 0 55 0 36 91 2 58 0 32 73 19 77 24 54 113 
0 112 0 0 0 0 108 0 0 0 0 106 0 0 0 0 96 0 0 0 97 185 99 105 92 
0 0 0 37 0 79 64 79 64 83 37 0 39 57 42 0 0 0 29 0 93 78 99 161 100 
0 0 121 55 0 43 46 159 110 50 0 0 103 40 0 0 0 91 39 0 0 0 128 37 0 
17 27 0 0 0 0 63 8 0 24 0 50 0 0 21 0 0 0 0 0 0 38 6 0 31 
59 0 0 0 0 126 62 61 76 69 99 20 17 20 14 131 47 46 51 41 58 0 0 0 0 
83 35 33 111 37 39 0 0 91 0 48 0 0 85 0 79 30 21 118 26 55 0 0 83 0 
0 0 63 40 0 0 0 55 40 0 101 99 149 128 97 0 0 62 41 0 0 0 67 37 0 
31 0 0 83 115 85 69 77 127 192 29 1 13 93 115 53 26 42 96 116 32 27 49 91 136 
4 8 52 98 10 0 0 66 88 0 55 36 113 121 52 29 46 74 134 41 0 0 50 88 0 
53 5 46 51 7 35 3 37 43 20 141 79 129 116 96 74 18 49 49 25 55 1 51 47 0 
39 0 54 0 55 38 0 56 0 51 26 0 66 0 70 88 49 103 64 103 30 0 54 0 53 
93 25 179 117 49 72 13 174 106 39 76 0 173 49 21 184 62 244 147 131 105 38 213 98 67 
8 74 142 29 103 132 195 287 141 254 31 108 185 40 179 0 39 146 0 101 93 138 218 110 220 
23 24 26 64 57 45 51 44 97 95 0 0 0 34 33 0 0 0 35 25 93 105 116 146 123 
19 29 1 84 1 30 51 0 108 0 81 74 40 133 58 27 37 0 107 0 41 33 0 82 0 
0 0 56 0 0 165 156 218 154 179 0 0 66 0 0 0 0 83 0 0 0 0 74 0 0 
11 8 0 0 72 11 1 0 0 60 58 66 51 44 133 21 18 16 13 81 91 123 96 92 134 
59 11 10 6 20 85 60 62 63 66 94 71 80 89 84 38 0 5 0 12 34 10 14 7 21 
20 104 75 18 35 0 100 69 3 5 0 70 41 0 21 0 84 51 6 14 45 135 107 47 87 
164 203 110 107 120 85 64 47 22 25 41 51 18 0 0 49 59 16 0 0 38 51 16 0 0 
95 0 0 11 0 83 0 0 9 0 99 0 0 18 0 100 0 0 0 0 122 15 23 44 29 
59 75 13 20 17 44 42 0 0 0 31 65 14 7 12 56 66 34 37 42 72 72 43 28 43 
35 73 38 64 28 0 61 11 41 15 0 50 8 44 16 0 43 14 32 12 32 100 62 86 70 
0 0 56 27 10 0 0 45 35 3 0 0 44 40 6 43 53 122 94 58 54 50 100 93 63 
28 38 26 22 31 0 0 0 0 0 71 59 57 62 55 0 0 0 0 0 120 107 99 114 110 
39 34 35 33 41 0 0 15 0 0 0 0 20 0 0 48 50 84 56 45 120 98 135 139 120 
33 39 105 45 54 3 6 61 15 20 59 52 127 55 57 0 0 50 0 2 0 3 58 24 8 
0 0 179 32 0 0 0 141 23 0 19 20 156 37 18 0 0 166 23 0 0 0 162 23 0 
45 119 0 0 0 92 167 56 50 56 102 198 44 28 20 112 196 71 69 63 40 113 0 0 0 
75 0 82 83 96 139 65 175 170 180 165 86 177 196 208 145 52 109 124 159 91 7 94 138 116 
116 148 92 77 91 15 65 5 0 0 101 160 85 65 78 46 88 34 26 20 31 73 0 0 0 
0 116 106 163 1 0 124 119 163 0 0 107 120 166 0 0 117 115 153 2 0 126 118 164 1 
13 0 0 132 0 9 0 0 95 0 91 65 87 186 83 11 0 0 99 0 20 1 1 105 0 
53 78 40 38 55 0 58 0 0 17 50 81 45 40 65 7 39 0 0 34 0 59 0 0 32 
90 111 13 33 65 148 215 88 79 153 106 138 59 64 89 68 69 1 14 58 185 242 87 118 176 
72 187 128 92 97 11 48 83 14 5 36 87 117 33 34 24 81 74 12 27 0 68 56 0 0 
0 22 9 0 70 11 25 21 0 100 0 19 10 2 48 51 73 67 45 139 27 44 31 32 91 
636 490 496 442 496 463 285 226 196 235 463 356 300 215 312 345 178 130 75 164 529 414 383 373 357 
97 69 0 5 0 180 165 79 70 85 74 84 0 0 0 98 88 20 18 21 65 67 0 0 0 
161 300 125 154 127 262 397 154 252 193 150 296 67 138 79 42 201 0 31 0 67 201 40 89 26 
0 0 0 0 54 0 0 0 0 61 0 0 0 0 76 0 0 0 0 61 156 169 165 167 204 
69 4 42 1 13 118 11 64 32 39 136 70 130 74 73 168 100 147 95 137 121 31 62 16 34 
150 0 0 54 0 156 0 0 55 0 141 0 0 40 0 168 0 0 46 0 149 0 0 41 0 
151 125 150 230 117 36 1 70 121 0 62 38 108 172 55 43 7 91 103 27 45 0 76 90 0 
54 100 73 149 135 0 9 4 89 41 0 13 5 53 48 0 11 10 72 45 26 35 22 91 54 
142 117 101 66 23 196 173 142 123 132 99 96 70 34 10 236 202 200 149 141 158 171 148 60 67 
58 130 51 57 53 0 55 0 0 0 6 80 4 5 4 0 64 0 0 0 76 154 62 76 65 
0 0 0 18 0 0 0 0 21 0 0 0 0 21 0 0 0 0 21 0 186 207 229 234 229 
44 0 0 27 39 117 83 76 95 101 47 1 0 25 39 41 0 0 18 42 50 0 0 22 34 
49 8 50 106 98 15 3 31 99 85 62 25 52 137 115 18 0 39 100 100 115 89 135 194 219 
0 79 69 0 77 0 87 74 0 80 0 84 66 0 63 0 81 70 0 78 0 93 79 0 72 
53 28 68 44 36 77 58 108 58 60 26 16 38 21 16 57 53 126 83 57 11 0 44 0 0 
82 0 0 0 54 75 0 0 0 48 89 0 0 0 59 69 0 0 0 52 185 97 82 93 160 
77 123 14 116 97 56 122 7 134 108 33 72 2 129 72 188 245 145 242 187 110 176 88 178 161 
71 93 108 86 72 10 39 41 15 9 0 19 46 0 0 67 85 98 59 50 21 29 57 19 11 
0 0 0 144 36 0 0 0 160 28 27 31 17 162 54 0 0 0 154 34 0 0 0 139 38 
0 0 215 0 38 0 0 236 0 29 0 0 218 0 27 0 0 208 0 20 0 0 204 0 31 
0 0 0 148 14 152 138 127 324 167 0 0 0 161 15 118 122 113 255 119 0 0 0 134 9 
28 82 96 134 52 14 76 75 124 20 65 97 102 153 58 23 121 95 150 52 44 87 85 155 48 
0 0 0 1250 0 0 0 0 1249 0 0 0 0 1257 0 0 2 2 1329 1 0 0 0 1264 0 
195 0 0 0 0 197 13 18 17 20 178 0 0 0 0 196 0 0 0 0 166 0 0 0 0 
91 0 0 0 0 117 0 0 0 0 122 0 0 0 0 102 0 0 0 0 206 88 85 88 99 
99 17 91 0 0 115 13 101 0 0 123 10 97 0 0 130 10 102 0 0 113 14 107 0 0 
0 0 0 37 0 74 63 51 101 55 0 0 0 24 0 46 48 63 92 52 42 46 44 94 40 
0 0 1457 0 0 0 0 1484 0 0 0 0 1373 0 0 0 0 1486 0 0 0 0 1454 0 0 
