1077 1017 949 926 1027 1345 1398 1272 1176 1327 845 868 774 773 960 1091 1049 1089 1041 1104 750 627 642 561 761 
142 113 139 128 126 0 0 0 0 0 110 64 100 88 85 0 0 0 0 0 0 0 0 0 0 
114 28 38 148 153 65 0 0 134 109 185 56 88 207 216 71 0 11 97 117 81 0 18 111 109 
99 38 33 53 59 43 0 0 9 8 109 42 36 35 45 71 30 39 60 57 111 82 58 89 78 
0 0 0 181 10 200 151 165 388 194 0 4 0 192 14 147 153 144 327 142 0 0 0 170 7 
168 40 119 132 36 128 10 79 100 1 133 37 91 118 33 130 4 67 120 0 311 187 256 311 177 
99 8 23 0 80 81 4 18 0 93 179 92 106 77 177 163 73 92 69 141 207 98 113 101 220 
0 0 0 0 0 0 0 0 0 0 1006 1022 964 991 1029 0 0 0 0 0 0 0 0 0 0 
0 0 0 215 0 0 0 2 207 0 94 90 85 316 105 91 87 75 322 106 0 0 0 201 0 
14 8 13 170 5 0 0 0 173 0 34 43 33 180 30 0 0 0 149 0 3 6 3 174 4 
217 182 216 343 167 35 2 126 159 3 107 46 147 247 78 34 6 127 130 28 54 0 81 92 0 
0 0 0 0 0 0 0 0 0 0 0 0 0 0 0 56 58 60 61 77 158 147 141 165 148 
63 73 59 44 142 0 6 0 0 84 0 4 0 0 91 0 4 0 0 92 66 67 68 58 132 
145 154 155 166 174 0 0 0 0 0 0 0 0 0 0 0 0 0 0 0 84 86 73 75 83 
0 0 0 0 0 0 0 0 0 0 0 0 0 0 0 428 430 417 409 411 192 182 182 187 206 
0 194 0 0 80 0 163 0 0 95 127 319 147 130 207 0 179 0 0 92 0 210 0 0 76 
800 0 0 0 0 793 0 0 0 0 788 0 0 0 0 820 0 0 0 0 836 0 0 0 0 
18 0 204 130 195 52 12 220 141 200 124 106 288 234 232 202 179 383 334 313 148 85 261 205 288 
92 148 89 173 86 67 94 79 127 87 0 56 0 45 0 51 113 64 104 62 0 49 0 50 0 
36 9 16 8 21 130 101 106 87 115 28 0 0 0 14 23 0 0 0 19 112 109 91 95 127 
0 0 128 0 0 0 0 136 0 0 0 0 137 0 0 155 120 268 122 135 0 0 147 0 0 
0 79 45 50 0 0 83 49 49 0 40 109 99 119 38 0 85 59 55 0 0 83 65 48 0 
2 1 0 3 142 155 112 123 161 256 139 131 118 144 213 1 6 0 0 129 97 102 105 99 202 
0 0 0 0 0 0 0 0 0 0 0 0 0 0 0 973 1031 1043 1009 941 0 0 0 0 0 
0 20 54 146 0 0 19 59 123 0 0 20 51 149 0 0 18 54 150 0 0 15 54 155 0 
79 53 0 0 0 98 72 20 17 19 162 93 47 37 35 103 73 0 0 0 105 93 25 25 32 
129 211 147 315 282 0 41 17 140 104 4 35 16 113 133 0 43 5 122 104 27 62 20 147 128 
93 101 108 73 2 81 105 135 73 1 252 250 278 238 161 95 106 110 69 0 225 197 256 196 124 
76 24 19 104 23 72 0 0 113 0 205 152 132 227 127 76 2 0 102 2 106 54 49 175 43 
121 98 43 44 31 133 95 46 56 27 52 50 15 0 0 85 78 14 10 13 84 48 8 0 0 
0 0 135 56 0 0 0 148 52 0 0 0 179 50 0 0 0 159 43 0 0 0 136 41 0 
151 198 210 154 132 0 62 83 0 0 0 50 92 0 0 61 91 147 60 51 0 52 111 0 0 
69 55 71 69 62 108 122 111 118 108 24 44 45 36 38 0 0 0 0 0 0 0 0 0 0 
0 0 0 165 0 0 0 0 173 0 230 234 220 409 242 0 0 0 171 0 0 0 0 155 0 
0 0 0 0 0 137 126 162 125 132 0 0 0 0 0 0 0 0 0 0 69 52 62 60 75 
106 1 5 84 49 135 31 53 116 88 222 83 92 154 147 72 0 0 65 33 191 67 96 153 116 
0 77 0 0 0 0 74 0 0 0 0 59 0 0 0 103 145 81 117 78 49 123 44 49 47 
0 0 95 0 0 84 85 174 105 104 0 0 92 0 0 7 9 97 4 8 14 13 82 9 14 
246 218 193 252 116 108 85 69 113 0 77 84 40 99 0 263 239 142 265 117 137 128 80 145 6 
0 0 0 0 0 32 35 30 19 22 0 0 0 0 0 59 67 68 66 91 100 95 96 98 128 
0 224 0 203 0 0 182 0 194 0 8 205 7 199 7 0 187 0 193 0 0 197 0 210 0 
0 35 0 102 0 0 45 0 108 0 0 42 0 108 0 54 113 55 168 56 0 50 0 96 0 
0 0 0 0 94 96 93 100 65 159 100 96 86 97 149 0 0 0 0 85 0 0 0 0 91 
108 272 303 65 237 53 193 230 3 148 110 274 357 80 269 164 313 363 126 304 250 352 395 190 325 
0 45 33 0 79 19 60 45 13 88 28 81 87 38 79 0 59 26 0 64 0 61 25 0 68 
100 83 95 106 108 13 0 0 32 0 12 0 0 35 0 16 0 0 38 0 80 59 54 96 73 
26 0 0 53 63 67 41 40 81 115 18 0 0 55 59 34 8 12 51 55 27 25 27 66 71 
69 0 64 0 0 62 0 75 0 0 112 52 107 48 50 99 15 78 13 12 66 0 73 0 0 
0 19 86 0 101 0 12 72 0 117 0 17 77 0 114 0 15 95 0 140 0 13 72 0 105 
20 54 140 66 18 58 75 136 95 52 0 39 108 36 0 35 72 146 91 34 0 28 100 53 0 
0 58 0 0 0 0 66 0 0 0 104 206 97 124 111 0 82 0 0 0 14 75 17 22 24 
0 0 0 71 0 61 65 51 122 78 0 0 0 69 0 0 0 0 80 0 71 63 56 146 61 
51 0 93 51 0 57 0 112 55 0 62 0 93 50 0 46 0 104 56 0 46 0 99 46 0 
82 48 0 29 0 107 75 16 50 25 95 91 0 30 0 119 54 0 42 0 89 59 0 34 0 
0 0 0 0 23 177 158 177 183 192 0 0 0 0 30 0 0 0 0 29 0 0 0 0 32 
89 47 58 109 77 59 37 49 96 68 24 0 0 52 10 28 0 0 48 11 37 12 8 57 27 
30 62 8 5 10 16 49 0 0 0 26 80 0 0 0 133 166 125 121 123 28 74 0 0 0 
0 0 0 21 0 185 170 197 198 164 0 0 0 23 0 0 0 0 22 0 0 0 0 19 0 
72 81 137 142 91 0 0 54 66 0 0 0 77 62 0 0 0 69 58 0 0 0 59 63 0 
63 57 59 48 68 41 0 0 0 11 76 62 48 48 72 30 0 0 0 22 92 49 45 49 60 
0 0 25 0 69 9 6 36 12 89 0 0 34 0 70 10 7 43 8 95 81 75 114 64 153 
586 587 611 641 586 0 0 0 0 0 0 0 0 0 0 0 0 0 0 0 0 0 0 0 0 
55 105 137 64 70 28 79 95 26 26 0 32 70 0 0 0 37 71 0 0 0 39 66 0 0 
0 0 110 0 0 0 0 91 0 0 76 114 207 112 101 0 0 85 0 0 0 0 104 0 0 
91 105 34 50 119 33 38 0 0 76 37 52 0 0 60 39 41 0 0 65 51 40 0 0 70 
0 49 0 23 36 59 115 56 81 95 0 59 0 26 39 0 54 0 40 40 26 66 21 53 64 
9 7 99 0 12 0 0 87 0 0 0 0 83 0 0 36 39 120 27 29 75 78 149 57 84 
0 0 0 51 75 88 81 63 117 163 0 0 0 49 73 0 0 0 36 84 0 0 0 47 73 
92 164 78 73 83 21 105 0 0 0 30 113 6 8 9 21 72 0 0 0 25 78 3 3 0 
78 38 106 55 107 21 0 45 14 65 23 0 49 12 82 22 0 58 13 65 15 0 43 15 71 
29 6 31 0 7 25 0 35 0 1 20 25 47 20 25 49 29 58 9 24 91 60 88 82 82 
67 34 118 48 53 32 0 82 0 4 29 0 77 0 7 26 0 70 0 7 82 45 122 47 47 
60 16 16 0 0 74 15 8 0 0 103 35 47 39 51 89 36 31 19 15 113 68 71 57 45 
0 45 0 4 7 37 81 39 64 53 34 83 36 29 33 26 79 38 62 38 0 39 1 13 11 
90 79 101 51 59 35 28 31 0 4 58 69 61 28 43 46 27 39 0 11 36 30 39 0 10 
0 62 69 0 0 16 81 71 20 20 21 104 82 21 21 32 109 67 39 42 0 62 59 0 0 
58 102 57 52 49 38 110 36 41 33 19 84 21 21 31 28 63 28 30 31 0 66 0 0 1 
27 0 90 0 40 61 43 122 39 79 25 0 85 0 23 34 5 89 1 32 31 0 93 0 26 
0 2041 0 0 0 0 2083 0 0 0 0 1969 0 0 0 0 2053 0 0 0 0 1981 0 0 0 
24 210 196 18 14 78 248 242 81 82 5 176 169 2 0 77 352 232 121 72 7 190 110 0 0 
44 71 60 0 0 36 87 82 0 0 54 85 81 0 0 45 89 70 0 0 43 81 77 0 0 
0 116 0 144 0 84 196 91 245 107 96 185 88 253 80 0 108 0 161 0 1 109 0 136 0 
107 182 17 224 103 94 196 19 260 152 91 123 10 225 112 321 382 243 449 303 205 293 160 324 201 
0 0 0 0 0 1236 1196 1198 1157 1230 0 0 0 0 0 0 0 0 0 0 0 0 0 0 0 
0 0 80 126 0 0 0 75 106 0 0 0 82 128 0 0 0 81 125 0 0 0 72 128 0 
122 40 46 79 37 130 49 48 94 55 76 0 0 35 0 71 0 0 34 0 76 0 0 37 0 
0 133 0 0 96 0 149 0 0 81 0 170 0 0 97 0 144 0 0 73 0 148 0 0 103 
171 294 134 246 109 116 262 100 129 27 286 411 254 323 192 200 338 217 258 156 218 390 287 257 213 
10 25 139 130 41 0 0 99 75 32 61 68 143 148 81 7 0 62 79 36 48 64 156 156 98 
150 127 120 166 290 14 23 3 2 180 13 9 6 4 159 218 240 176 164 363 233 252 250 222 405 
105 10 48 0 21 197 35 75 36 37 196 90 130 58 74 205 117 188 78 132 193 43 58 23 32 
0 72 0 0 0 0 52 0 0 0 0 66 0 0 0 6 81 4 9 3 183 218 199 165 181 
48 20 35 6 42 45 12 28 0 38 42 11 34 0 30 72 14 28 0 47 119 106 91 79 127 
37 148 178 210 51 46 96 164 190 13 104 202 259 311 71 11 137 144 181 2 25 104 140 227 7 
209 76 0 102 0 213 77 0 108 0 208 60 0 105 0 194 68 0 113 0 215 63 8 120 0 
57 13 0 44 41 141 98 94 114 126 60 14 0 43 42 45 5 0 27 46 55 12 0 36 34 
55 0 0 0 0 61 0 0 0 0 64 0 0 0 0 202 133 145 146 141 52 0 0 0 0 
70 163 174 104 42 84 158 166 104 35 89 161 165 81 69 43 108 131 57 2 59 177 182 85 34 
94 1 8 58 19 97 67 50 105 75 115 67 81 103 83 77 26 16 69 25 63 0 0 38 10 
91 100 97 69 156 0 0 0 0 38 50 64 57 51 91 0 0 9 0 43 0 0 7 0 52 
21 45 0 51 0 96 113 59 105 46 52 58 23 74 32 34 39 0 47 0 24 44 0 52 0 
97 104 96 108 160 83 86 78 71 119 0 28 4 0 58 0 21 0 0 31 64 87 59 57 88 
0 72 0 0 0 35 122 31 38 32 40 129 35 32 31 25 114 23 28 33 40 121 49 38 43 
32 10 41 34 0 103 71 112 112 63 43 21 47 37 0 47 8 43 35 0 41 20 37 39 0 
0 18 0 90 223 125 149 137 258 355 0 41 0 109 280 0 11 3 112 264 123 162 124 204 333 
15 21 98 11 234 4 3 70 6 166 106 98 181 112 266 135 143 222 154 322 2 5 71 3 181 
158 0 0 55 0 159 0 0 58 0 150 0 0 44 0 178 0 0 46 0 158 0 0 41 0 
0 0 0 0 823 0 0 0 0 782 0 0 0 0 829 0 0 0 0 820 0 0 0 0 762 
148 108 3 172 72 139 114 0 219 82 194 184 59 267 124 137 94 4 182 116 140 169 7 237 105 
111 0 0 0 0 215 83 75 75 63 132 0 0 0 0 127 0 0 0 0 123 0 0 0 0 
67 26 66 40 34 94 69 125 77 72 24 23 50 22 10 74 63 123 89 60 11 0 39 0 0 
0 23 0 146 0 35 57 50 195 33 0 20 0 139 0 0 16 0 142 0 0 20 0 169 0 
0 0 43 49 0 65 45 88 88 55 0 0 37 34 0 53 43 87 72 43 37 28 74 63 28 
103 79 110 138 157 38 0 54 51 42 26 0 69 81 65 79 39 104 121 108 0 0 64 80 61 
43 48 55 128 105 28 22 31 81 74 0 0 0 77 55 0 0 0 48 50 7 10 9 74 53 
157 149 98 108 36 213 183 143 156 126 117 97 45 63 9 261 170 159 163 111 181 184 150 114 104 
131 0 0 0 0 112 0 0 0 0 191 72 94 95 94 107 0 0 0 0 118 0 0 0 0 
0 8 57 0 0 75 85 155 77 88 0 9 63 0 0 48 67 151 42 54 0 7 57 0 0 
71 29 34 76 84 47 0 0 30 64 63 0 0 34 46 61 0 0 37 43 95 51 54 86 91 
214 15 204 0 0 214 11 192 0 0 211 13 200 4 1 182 8 194 0 0 217 28 195 10 10 
0 0 0 0 0 76 53 72 71 70 0 0 0 0 0 142 122 139 156 142 0 0 0 0 0 
309 115 364 155 222 363 174 454 205 253 346 184 446 252 303 209 20 244 92 143 210 80 332 80 114 
65 152 69 83 66 0 86 0 27 0 16 128 27 34 27 0 104 0 17 0 0 75 0 22 0 
0 0 0 0 52 0 0 0 0 56 0 0 0 0 65 0 0 0 0 58 130 156 139 150 184 
0 0 0 16 0 0 0 0 19 0 0 0 0 18 0 0 0 0 18 0 164 174 200 202 196 
0 0 36 0 63 38 53 86 47 127 60 79 91 55 135 0 0 35 0 64 0 0 52 0 69 
0 0 16 0 187 0 0 16 0 178 0 0 28 0 166 0 0 25 0 179 0 0 23 0 182 
0 0 0 52 0 0 0 0 62 0 55 61 46 150 45 0 0 0 60 0 85 79 84 161 88 
89 0 0 97 0 117 0 0 112 0 103 0 0 94 0 97 0 0 119 0 99 0 0 114 0 
19 64 107 101 18 105 219 218 220 135 213 268 290 285 190 30 106 142 140 40 111 160 173 206 84 
98 122 108 101 196 0 0 0 0 68 0 0 0 0 68 21 22 25 20 94 0 0 0 0 72 
88 182 83 83 84 0 93 0 0 0 11 125 14 10 11 0 94 0 0 0 121 245 90 106 114 
136 126 76 78 78 76 45 0 0 0 85 47 4 4 8 63 47 0 0 0 71 56 0 0 0 
0 108 0 0 0 38 161 48 50 60 0 122 0 0 0 59 185 81 74 65 0 116 0 0 0 
92 0 0 0 0 117 0 0 0 0 122 0 0 0 0 102 0 0 0 0 206 88 84 89 99 
0 0 0 0 0 0 0 0 0 0 0 0 0 0 0 0 0 0 0 0 430 401 438 424 385 
59 52 73 46 45 42 10 71 19 13 16 0 40 0 0 52 38 76 34 28 74 37 78 55 42 
0 0 37 0 0 73 79 92 75 87 0 0 31 0 0 77 75 84 59 79 19 25 59 22 26 
8 15 16 17 52 0 0 0 0 36 80 79 71 69 99 0 0 0 0 33 68 98 78 76 106 
0 0 0 127 0 0 0 0 111 0 0 0 0 135 0 0 0 0 139 0 72 71 76 190 79 
0 68 0 33 71 1 63 0 39 77 1 56 0 36 91 0 60 0 31 73 18 78 25 56 113 
71 0 0 0 48 60 0 0 0 46 78 0 0 0 52 62 0 0 0 44 161 83 72 84 138 
0 102 0 0 0 0 103 0 0 0 0 96 0 0 0 0 79 0 0 0 76 159 76 77 70 
29 55 43 53 43 44 61 40 29 41 49 46 48 36 53 0 7 0 0 0 86 102 80 69 71 
0 0 118 56 0 43 46 157 108 50 0 0 102 39 0 0 0 89 39 0 0 0 127 35 0 
31 68 37 21 60 14 71 22 8 43 6 51 7 3 43 41 75 48 48 94 0 39 11 0 44 
59 0 0 0 0 126 62 61 76 69 99 20 18 20 15 131 47 46 52 41 58 0 0 0 0 
195 0 0 0 0 197 13 18 16 20 178 0 0 0 0 196 0 0 0 0 166 0 0 0 0 
83 35 33 111 37 39 0 0 90 0 48 0 0 85 0 82 35 30 119 32 55 0 0 83 0 
0 14 0 40 0 54 59 53 92 48 39 45 43 77 38 0 15 0 40 0 50 65 53 110 59 
0 0 63 43 0 0 0 55 43 0 101 99 149 132 97 0 0 61 47 0 0 0 67 42 0 
83 13 65 138 118 38 10 40 148 117 81 27 54 157 138 33 0 38 109 98 159 88 139 242 246 
2 7 53 112 7 0 0 52 79 0 49 32 113 129 49 33 46 76 122 44 0 0 48 84 0 
79 6 69 45 20 55 4 41 55 19 173 93 161 137 103 103 25 72 73 21 72 0 79 59 4 
42 0 55 0 62 42 0 64 0 57 27 0 68 0 81 94 57 117 74 111 30 0 66 0 58 
81 27 144 98 50 53 11 110 86 29 56 0 104 54 16 164 81 191 155 120 75 32 154 84 57 
7 123 166 38 127 145 271 329 154 267 34 162 207 62 188 0 87 176 1 128 107 224 268 152 258 
19 25 23 57 52 42 39 36 77 77 0 0 0 34 29 0 0 0 23 17 75 93 96 129 104 
19 31 0 90 0 32 50 0 107 0 78 75 40 137 55 27 38 0 113 0 40 32 0 84 0 
0 0 50 0 0 150 134 192 133 159 0 0 56 0 0 0 0 67 0 0 0 0 63 0 0 
65 98 62 80 44 12 32 0 24 0 93 117 78 128 70 23 67 13 41 20 75 84 80 98 46 
11 7 0 0 63 12 2 0 0 50 53 52 41 36 107 19 19 14 11 63 79 97 79 75 109 
61 12 10 8 21 92 62 66 69 70 103 81 84 91 91 43 0 5 0 15 34 12 15 7 22 
24 125 93 22 33 0 93 80 7 8 0 83 54 0 19 0 95 58 3 17 47 135 119 44 87 
162 200 112 104 103 76 76 42 19 17 48 59 18 0 0 42 52 15 0 0 34 58 23 0 0 
0 68 55 0 72 0 75 65 0 73 0 81 57 0 56 0 68 66 0 71 0 85 69 0 68 
22 0 30 82 0 22 0 16 46 0 81 48 71 86 27 92 60 86 115 69 38 0 27 48 3 
95 0 0 82 0 83 0 0 84 0 99 0 0 84 0 100 0 0 71 0 119 13 22 110 29 
76 149 89 90 91 0 76 0 0 0 43 123 53 43 44 0 68 0 0 0 37 94 32 33 30 
62 71 8 20 13 49 34 0 0 0 41 60 11 0 12 61 58 34 36 45 72 68 39 28 36 
42 27 88 84 24 0 0 62 85 0 41 36 102 99 32 0 0 72 77 0 0 0 64 64 0 
38 74 41 71 29 0 64 10 42 15 2 50 10 46 19 0 43 14 31 12 38 104 64 98 77 
0 0 53 25 11 0 0 44 33 0 0 0 43 40 6 43 51 118 92 61 50 46 99 91 61 
29 38 26 22 31 0 0 0 0 0 71 59 57 61 55 0 0 0 0 0 120 107 99 114 110 
39 29 33 30 38 0 0 13 0 0 0 0 18 0 0 46 40 74 51 45 108 87 121 120 107 
40 45 109 56 58 5 10 61 19 19 61 54 130 62 57 0 0 51 6 5 7 8 63 31 18 
0 0 179 32 0 0 0 141 23 0 19 20 156 37 18 0 0 166 23 0 0 0 162 23 0 
52 81 0 0 0 73 111 43 36 29 73 129 20 14 9 88 131 47 44 47 39 78 0 0 0 
58 0 63 53 81 135 56 167 145 158 134 72 163 151 191 129 43 103 92 142 77 2 88 120 119 
86 117 72 52 68 11 50 3 0 0 78 127 65 55 56 33 76 26 17 16 24 54 0 0 0 
0 118 108 165 0 0 127 119 163 0 0 110 120 168 0 0 118 117 155 0 0 127 117 164 0 
0 0 0 152 37 0 0 0 165 35 27 32 16 172 53 0 0 0 158 34 0 0 0 145 39 
11 0 0 126 0 5 0 0 91 0 88 64 87 176 82 9 0 0 94 0 19 1 0 99 0 
48 66 42 36 67 8 53 3 0 33 42 74 39 35 57 4 29 0 0 33 8 57 5 5 38 
111 115 35 52 78 156 212 94 104 189 110 133 46 74 87 75 76 4 25 48 223 232 113 140 153 
0 0 0 197 0 7 8 5 196 3 0 0 0 194 0 0 0 0 208 0 0 0 0 182 0 
43 59 102 75 59 0 0 38 0 0 0 0 61 0 0 0 0 44 0 0 127 140 178 143 144 
53 143 106 68 78 7 38 55 12 3 28 65 88 28 24 21 66 52 10 21 0 55 45 0 0 
37 0 15 0 0 47 0 0 0 0 83 0 31 28 17 97 58 86 60 41 55 5 11 0 0 
5 13 8 4 68 0 24 20 4 95 1 14 6 6 49 55 79 72 42 147 24 23 37 26 86 
0 0 195 0 34 0 0 223 0 27 0 0 200 0 23 0 0 188 0 22 0 0 190 0 25 
44 13 21 21 48 41 0 18 8 16 60 0 40 22 27 91 52 72 42 67 45 0 0 5 16 
715 488 568 405 532 509 226 289 188 257 533 349 325 209 322 434 194 144 82 190 601 391 463 379 437 
79 58 3 4 0 148 139 68 64 58 76 79 0 0 0 86 83 19 16 18 66 54 0 0 0 
0 0 0 28 0 59 58 31 80 55 0 0 0 23 0 44 42 69 73 45 50 58 48 90 45 
149 262 118 144 117 229 347 127 247 152 124 248 84 139 78 35 159 0 50 0 78 190 53 86 28 
0 0 0 988 0 0 0 0 976 0 0 0 0 989 0 0 3 2 1047 5 0 0 0 1014 0 
0 0 1428 0 0 0 0 1438 0 0 0 0 1327 0 0 0 0 1441 0 0 0 0 1409 0 0 
