954 880 914 887 988 1102 1146 1175 1046 1248 719 719 745 743 926 1053 971 1066 988 1126 675 583 646 572 746 
169 147 158 151 157 0 0 0 0 0 122 82 124 100 103 0 0 0 0 0 0 0 0 0 0 
107 38 31 149 160 65 0 0 112 107 174 54 53 210 230 70 0 0 87 128 63 0 0 95 110 
245 38 82 66 71 156 0 0 4 0 337 87 176 107 118 359 166 270 213 188 267 75 143 101 91 
0 0 0 158 19 177 130 139 341 184 3 3 0 183 18 117 125 118 278 117 0 0 0 148 8 
130 40 86 117 22 124 12 82 97 4 138 45 95 101 27 116 6 51 94 0 273 175 262 268 161 
98 8 17 0 81 82 3 13 0 100 180 86 98 75 164 147 62 84 61 145 192 102 110 100 220 
0 0 0 0 0 0 0 0 0 0 1006 1018 967 988 1030 0 0 0 0 0 0 0 0 0 0 
0 0 0 230 0 0 0 3 221 1 99 96 93 338 110 98 92 86 349 114 0 0 0 221 0 
15 9 15 189 5 0 0 0 187 0 38 45 36 186 30 0 0 0 166 0 4 7 3 183 3 
71 161 209 244 77 66 153 207 253 56 149 214 235 343 129 70 186 187 266 66 86 170 192 268 62 
0 0 0 0 0 0 0 0 0 0 0 0 0 0 0 55 61 64 72 82 176 164 168 182 162 
79 114 69 67 212 0 9 0 0 114 0 5 0 0 110 0 5 0 0 125 84 84 97 64 196 
145 147 150 148 157 0 0 0 0 0 0 0 0 0 1 0 0 0 0 0 87 83 69 65 85 
0 0 0 0 0 0 0 0 0 0 0 0 0 0 0 433 439 425 413 426 192 179 189 194 209 
0 192 0 0 80 0 165 0 0 93 113 293 139 118 192 0 178 0 0 91 0 204 0 0 72 
800 0 0 0 0 792 0 0 0 0 786 0 0 0 0 813 0 0 0 0 825 0 0 0 0 
7 6 177 145 178 59 24 212 164 179 121 98 261 243 222 181 203 366 326 309 127 99 257 228 290 
87 131 75 136 73 66 80 69 107 75 0 43 0 48 0 48 89 56 84 39 0 44 0 37 0 
46 9 23 10 25 132 108 131 117 133 33 0 0 0 21 27 0 0 0 20 149 128 119 124 165 
0 0 145 0 0 0 0 133 0 0 0 0 142 0 0 166 133 267 140 152 0 0 162 0 0 
0 74 45 47 0 0 87 49 52 0 38 112 99 105 40 0 82 52 50 0 0 80 63 43 0 
0 1 0 6 162 147 112 131 143 259 134 123 117 130 211 4 3 0 0 125 82 93 101 87 204 
0 0 0 0 0 0 0 0 0 0 0 0 0 0 0 981 1041 1052 1020 951 0 0 0 0 0 
0 18 57 142 0 0 18 60 120 0 0 18 47 147 0 0 18 51 146 0 0 15 52 156 0 
67 47 0 0 0 85 73 15 15 14 148 86 34 36 26 96 65 0 0 0 99 98 21 23 30 
55 86 54 111 111 6 32 14 51 52 10 34 17 59 61 0 32 0 41 50 0 29 0 48 51 
95 121 119 74 11 92 110 160 65 3 260 287 297 263 188 112 125 122 65 1 254 200 285 206 134 
79 19 17 100 23 77 0 0 113 0 215 152 137 224 129 78 0 0 97 0 117 46 45 173 38 
111 80 45 47 34 133 90 50 55 31 50 51 15 0 0 81 66 19 11 12 80 45 8 0 0 
0 0 159 73 0 0 0 187 57 0 0 0 225 64 0 0 0 184 52 0 0 0 176 58 0 
153 204 204 158 127 2 67 78 0 1 0 49 82 0 0 66 99 134 65 44 0 44 111 0 0 
65 52 71 68 62 100 119 107 115 105 24 39 43 38 41 0 0 0 0 0 0 0 0 0 0 
0 0 0 170 0 0 0 0 175 0 237 239 225 419 249 0 0 0 176 0 0 0 0 157 0 
0 0 0 0 0 159 147 177 155 151 0 0 0 0 0 0 0 0 0 0 78 63 67 69 85 
110 1 2 67 40 124 30 44 100 82 188 67 80 143 135 71 0 0 64 28 182 67 77 130 107 
0 80 0 0 0 0 75 0 0 0 0 61 0 0 0 110 146 85 121 81 49 131 46 50 47 
0 0 95 0 0 85 85 176 105 104 0 0 92 0 0 7 9 97 4 8 14 13 82 9 15 
258 227 196 258 114 105 85 67 102 0 94 80 64 91 0 268 224 155 263 116 144 133 64 152 0 
0 0 0 0 0 35 49 31 22 23 0 0 0 0 0 69 80 80 76 109 116 112 119 116 147 
0 227 0 198 0 0 183 0 194 0 2 201 2 194 0 0 189 0 192 0 0 201 0 205 0 
0 37 0 115 0 0 46 0 120 0 0 44 0 113 0 51 117 60 175 56 0 50 0 103 0 
0 0 0 0 71 78 66 77 58 129 81 69 67 78 117 0 0 0 0 72 0 0 0 0 76 
53 256 231 4 219 26 177 188 0 141 55 276 244 16 204 119 316 274 89 273 189 310 273 99 245 
0 52 38 0 87 20 67 52 14 105 36 95 99 43 87 0 64 29 0 79 0 66 30 0 78 
127 121 129 143 130 16 0 0 38 0 12 0 0 40 0 22 0 0 50 0 104 75 68 126 87 
27 0 0 52 63 66 40 35 80 112 18 0 1 51 58 34 9 14 48 55 26 25 26 63 68 
103 0 88 0 0 89 0 93 0 0 160 68 147 68 74 140 21 103 18 17 93 0 94 0 0 
0 18 81 0 96 0 12 69 0 107 0 16 73 0 106 0 14 91 0 133 0 13 69 0 101 
17 54 162 82 14 73 91 164 119 53 0 46 138 33 0 49 85 176 116 49 0 23 118 64 0 
0 68 0 0 0 0 76 0 0 0 127 245 113 151 134 0 92 0 0 0 16 85 20 24 27 
0 0 0 71 0 61 64 51 123 81 0 0 0 70 0 0 0 0 80 0 71 63 57 148 61 
49 0 92 48 0 57 0 109 53 0 59 0 93 50 0 46 0 102 54 0 44 0 98 46 0 
86 52 0 33 0 117 79 18 54 26 99 97 0 30 0 127 60 0 43 0 96 65 0 40 0 
0 0 0 0 25 186 177 181 193 208 0 0 0 0 32 0 0 0 0 29 0 0 0 0 35 
89 47 57 109 77 58 37 49 96 67 24 0 0 51 10 28 0 0 48 11 37 11 7 56 27 
29 55 8 6 10 17 48 0 0 0 21 73 0 0 0 125 160 123 115 111 27 72 0 0 0 
0 0 0 20 0 188 170 198 199 164 0 0 0 23 0 0 0 0 22 0 0 0 0 19 0 
83 99 150 171 110 0 0 64 74 0 0 0 82 69 0 0 0 84 69 0 0 0 71 78 1 
63 57 58 48 68 41 0 0 0 11 76 62 48 47 72 30 0 0 0 22 92 48 45 48 59 
0 0 25 0 69 9 6 36 12 89 0 0 34 0 70 10 7 43 8 95 81 75 114 64 153 
602 605 623 656 602 0 0 0 0 0 0 0 0 0 0 0 0 0 0 0 0 0 0 0 0 
55 104 137 64 70 28 78 95 26 26 0 30 69 0 0 0 37 71 0 0 0 37 65 0 0 
0 0 110 0 0 0 0 91 0 0 76 114 207 112 101 0 0 85 0 0 0 0 103 0 0 
94 113 36 52 124 34 37 0 0 82 40 54 0 0 66 43 46 0 0 68 54 40 0 0 71 
0 50 0 0 0 37 90 37 27 47 0 60 0 14 0 0 55 0 24 0 3 35 3 23 0 
9 6 98 3 9 0 0 87 0 0 0 0 81 0 0 36 38 119 27 29 71 77 149 54 82 
0 0 0 51 75 88 81 63 117 163 0 0 0 49 73 0 0 0 36 84 0 0 0 47 73 
93 165 78 72 84 22 106 0 0 0 30 114 7 8 8 22 75 0 0 0 25 80 0 2 0 
78 38 105 55 107 21 0 45 14 65 21 0 48 11 82 21 0 58 13 65 15 0 43 14 70 
68 0 8 0 1 93 0 0 0 0 111 57 68 52 78 116 34 26 27 17 162 85 86 91 69 
66 29 117 47 37 33 0 85 0 1 30 0 76 0 0 26 0 71 0 3 83 41 120 48 37 
0 35 2 0 6 32 77 33 51 42 30 74 30 21 35 27 72 43 54 32 0 36 0 9 0 
90 77 100 48 61 35 25 33 0 12 57 62 60 28 44 46 26 38 0 12 34 29 38 0 8 
0 60 67 0 0 12 75 67 14 13 20 102 79 20 21 30 105 59 37 42 0 61 55 0 0 
58 102 57 52 49 38 110 36 41 33 19 84 21 21 31 28 63 28 30 31 0 66 0 0 1 
27 0 82 0 36 62 43 122 39 79 25 0 75 0 25 31 0 89 0 15 30 0 87 0 22 
0 2065 0 0 0 0 2114 0 0 0 0 1985 0 0 0 0 2076 0 0 0 0 1999 0 0 0 
23 159 126 24 18 92 232 220 94 75 1 155 147 6 0 39 226 195 106 51 8 133 95 0 2 
64 93 74 0 0 42 109 94 0 0 81 102 91 0 0 55 110 90 0 0 58 102 89 0 0 
0 123 0 135 0 98 206 109 244 118 106 191 73 229 75 0 107 0 154 0 1 115 0 135 0 
123 183 7 196 125 110 188 26 264 157 83 125 2 217 79 294 350 171 405 248 198 292 101 318 249 
0 0 0 0 0 1255 1209 1211 1177 1238 0 0 0 0 0 0 0 0 0 0 0 0 0 0 0 
0 0 80 125 0 0 0 75 106 0 0 0 81 127 0 0 0 81 125 0 0 0 72 128 0 
165 58 58 105 42 169 59 62 121 65 100 0 0 43 0 91 0 0 40 0 93 0 0 56 0 
0 136 0 0 98 0 175 0 0 87 0 187 0 0 106 0 152 0 0 88 0 160 0 0 114 
140 244 127 218 85 116 264 99 158 37 262 372 231 321 169 176 304 170 221 116 208 400 282 262 222 
56 65 235 234 114 4 1 157 104 28 92 98 205 257 111 0 0 91 109 27 35 33 173 160 64 
165 118 150 149 272 2 17 4 3 154 1 9 10 4 154 215 241 194 187 387 222 268 239 234 406 
0 74 0 0 0 0 55 0 0 0 0 73 0 0 0 8 67 4 7 3 187 223 195 165 177 
51 23 39 14 41 40 14 28 0 40 41 14 39 0 31 69 14 33 0 45 113 104 92 74 123 
201 75 0 100 0 204 64 0 102 0 204 59 0 103 0 190 67 0 108 0 204 64 0 114 0 
46 12 1 33 40 118 94 76 106 104 51 11 0 35 40 43 5 0 26 43 52 11 0 29 35 
55 0 0 0 0 62 0 0 0 0 64 0 0 0 0 202 133 145 146 141 52 0 0 0 0 
75 163 178 117 46 77 164 157 96 21 71 170 149 71 47 50 128 160 71 5 37 162 171 76 17 
103 6 14 59 39 140 81 74 137 86 141 81 95 124 124 80 28 38 86 43 70 0 3 39 16 
117 118 135 93 183 0 0 8 0 44 60 69 79 59 107 0 0 20 0 53 0 0 13 0 68 
34 56 0 65 0 135 144 77 128 70 73 81 32 95 41 48 51 0 58 0 33 47 0 59 0 
72 83 83 79 129 80 76 66 62 89 0 22 0 0 48 0 18 0 0 26 52 67 51 47 83 
0 71 0 0 0 32 131 35 36 33 40 139 37 34 33 28 121 22 26 37 39 120 41 33 50 
33 11 45 34 0 109 80 122 123 67 48 24 53 42 0 49 11 48 42 0 45 20 37 46 0 
1 18 0 112 239 142 163 145 261 389 1 30 1 103 274 0 13 0 101 276 132 178 130 198 357 
10 16 96 10 219 2 3 71 9 159 112 108 178 112 275 136 143 229 170 329 2 1 74 1 180 
155 0 0 0 0 140 0 0 0 0 233 95 105 105 116 136 0 0 0 0 128 0 0 0 0 
0 0 0 0 844 0 0 0 0 809 0 0 0 0 854 0 0 0 0 844 0 0 0 0 796 
130 129 0 165 51 133 138 1 165 107 185 227 56 219 129 146 148 16 200 121 125 164 0 190 53 
116 0 0 0 0 216 85 74 75 64 133 0 0 0 0 128 0 0 0 0 125 0 0 0 0 
50 25 68 42 32 87 74 119 69 67 28 17 40 25 14 75 58 126 83 61 11 0 40 0 0 
0 22 0 144 0 33 56 47 192 33 0 20 0 136 0 0 16 0 137 0 0 21 0 166 0 
102 62 108 123 170 52 0 76 65 60 35 0 72 79 73 100 59 130 142 135 13 1 44 62 52 
43 48 55 128 106 28 22 31 81 74 0 0 0 77 55 0 0 0 48 50 6 10 9 75 53 
0 7 60 0 0 73 83 159 82 85 0 9 64 0 0 47 68 145 43 53 0 6 56 0 0 
217 19 206 0 0 226 12 195 0 0 220 11 206 4 1 202 8 196 0 0 227 27 193 11 11 
0 0 0 0 0 70 53 69 62 69 0 0 0 0 0 143 121 140 146 137 0 0 0 0 0 
289 113 314 138 214 341 175 437 235 287 329 168 415 233 306 187 22 213 94 153 236 78 288 119 140 
72 165 73 84 69 0 95 0 30 0 16 147 28 37 27 0 113 0 21 0 0 80 0 22 0 
0 0 0 16 0 0 0 0 19 0 0 0 0 18 0 0 0 0 17 0 164 175 198 201 194 
0 0 35 0 62 36 53 83 46 121 62 76 98 58 132 0 0 37 0 68 0 0 56 0 67 
0 0 16 0 188 0 0 16 0 178 0 0 28 0 166 0 0 25 0 178 0 0 23 0 182 
0 0 0 50 0 0 0 0 58 0 54 59 45 140 45 0 0 0 59 0 85 78 82 158 86 
99 0 0 103 0 119 0 0 125 0 107 0 0 99 0 102 0 0 131 0 110 0 0 122 0 
19 55 39 72 0 98 170 148 190 100 181 210 193 228 160 14 69 59 105 27 75 120 79 126 63 
111 133 118 123 224 0 0 0 0 74 0 0 0 0 87 21 30 31 24 113 0 0 0 0 80 
99 206 93 95 90 0 103 0 0 0 22 149 21 40 26 1 109 0 0 2 130 264 114 123 130 
135 126 76 78 78 75 45 0 0 0 82 47 2 3 8 63 47 0 0 0 71 55 0 0 0 
0 98 0 0 0 33 157 46 49 56 0 114 0 0 0 57 176 76 71 58 0 106 0 0 0 
92 0 0 0 0 117 0 0 0 0 122 0 0 0 0 100 0 0 0 0 205 88 84 88 99 
0 0 0 0 0 0 0 0 0 0 0 0 0 0 0 0 0 0 0 0 442 412 443 432 404 
0 0 41 0 0 76 80 98 76 87 0 0 31 0 0 80 77 90 63 88 18 26 60 22 27 
7 16 13 17 52 0 0 0 0 37 80 82 72 70 101 0 0 0 0 33 70 100 79 78 108 
0 0 0 126 0 0 0 0 111 0 0 0 0 135 0 0 0 0 139 0 72 71 76 190 79 
0 60 0 34 61 2 40 0 37 65 0 30 0 35 75 0 45 0 29 64 18 60 25 55 100 
70 0 0 0 33 60 0 0 0 25 78 0 0 0 36 62 0 0 0 24 161 83 72 84 115 
0 112 0 0 0 0 108 0 0 0 0 106 0 0 0 0 96 0 0 0 97 185 99 105 92 
27 60 38 61 45 46 65 48 36 50 50 48 42 46 47 0 9 0 9 0 83 109 82 85 71 
0 0 126 56 0 47 45 168 109 55 0 0 105 41 0 0 0 95 38 0 0 0 131 39 0 
20 60 22 0 39 12 68 15 3 34 7 50 0 2 19 45 72 44 46 84 0 35 8 0 40 
59 0 0 0 0 126 62 61 76 69 99 20 18 20 15 131 47 46 52 41 58 0 0 0 0 
195 0 0 0 0 197 13 18 17 19 178 0 0 0 0 196 0 0 0 0 166 0 0 0 0 
82 35 33 110 37 39 0 0 91 0 48 0 0 85 0 83 35 29 120 32 54 0 0 83 0 
0 0 0 24 0 42 30 31 52 29 22 15 36 42 32 0 0 0 15 0 50 46 55 89 59 
0 0 63 43 0 0 0 55 43 0 101 99 149 132 97 0 0 62 47 0 0 0 67 42 0 
84 15 68 136 118 43 11 49 142 111 72 25 52 156 122 40 1 45 111 89 155 87 138 230 222 
3 10 70 116 8 0 0 58 105 0 62 40 137 157 57 40 51 91 147 45 0 0 66 115 0 
54 5 41 42 10 34 5 35 38 20 109 71 116 102 82 63 18 45 50 19 53 0 43 44 0 
42 0 66 0 65 38 0 61 0 53 26 0 78 0 74 95 59 116 69 125 31 0 67 0 59 
96 45 152 71 55 77 18 155 64 32 39 0 110 3 1 147 73 200 106 86 117 60 191 84 76 
9 132 175 33 155 170 300 311 146 313 40 160 192 57 228 0 100 167 2 133 110 208 243 122 284 
25 20 25 77 53 41 50 36 90 87 0 0 0 36 34 1 0 0 31 18 96 113 110 158 118 
18 35 0 92 1 33 61 0 133 0 106 94 48 161 70 36 40 0 126 0 48 46 0 103 0 
0 0 52 0 0 163 148 208 140 176 0 0 60 0 0 0 0 73 0 0 0 0 73 0 0 
67 101 56 90 42 16 34 0 32 0 90 116 86 133 44 14 61 7 55 8 82 85 78 127 41 
11 7 0 0 68 13 1 0 0 50 53 54 43 37 111 20 20 14 12 64 84 103 83 74 115 
59 11 9 5 19 86 60 61 64 64 94 72 77 84 82 39 0 4 0 12 34 11 14 6 21 
17 105 75 19 33 0 98 74 6 7 0 73 46 0 17 0 88 58 7 12 47 127 113 50 90 
124 161 84 85 85 60 57 37 17 18 36 51 14 0 0 35 42 13 0 0 28 39 13 0 0 
0 69 55 0 67 0 70 62 0 72 0 79 52 0 55 0 65 64 0 69 0 84 67 0 66 
95 0 0 68 0 83 0 0 71 0 99 0 0 70 0 100 0 0 52 0 122 15 23 101 29 
68 129 76 75 80 0 64 0 0 0 37 105 43 38 35 0 55 0 0 0 29 79 28 30 31 
63 78 11 19 19 47 42 0 0 0 49 66 12 7 13 60 68 36 38 43 80 72 44 26 40 
38 76 43 70 28 0 61 10 42 14 1 51 10 46 19 0 43 14 31 13 39 104 64 97 78 
0 0 54 37 11 0 0 50 41 3 0 0 56 54 5 60 63 151 110 74 57 56 114 110 67 
28 38 26 21 31 0 0 0 0 0 70 59 57 62 55 0 0 0 0 0 120 107 98 113 110 
48 36 40 36 42 0 0 14 0 0 0 0 19 0 0 57 48 92 57 49 135 105 157 148 131 
39 40 96 44 38 7 10 43 13 3 57 47 120 48 40 0 0 44 0 0 0 0 52 17 0 
0 0 180 31 0 0 0 141 23 0 19 20 156 36 18 0 0 166 23 0 0 0 162 22 0 
43 68 0 0 0 66 93 38 29 29 67 108 17 14 8 79 119 37 33 39 37 66 0 0 0 
70 1 82 78 97 145 70 180 161 179 162 84 167 192 206 145 52 112 120 167 93 9 91 130 118 
99 131 80 62 78 13 54 3 0 0 85 152 76 59 65 47 77 35 17 18 24 66 0 0 0 
0 121 107 169 0 0 133 120 169 0 0 115 114 177 3 0 116 113 158 0 0 135 119 165 2 
0 0 0 140 35 0 0 0 158 28 27 28 15 157 51 0 0 0 148 34 0 0 0 138 38 
24 0 0 151 0 11 0 0 128 0 122 86 119 242 113 24 0 0 112 0 25 2 0 125 1 
54 73 39 46 62 8 58 2 0 27 49 84 45 37 62 7 39 0 0 32 0 67 0 0 26 
127 115 26 48 81 203 197 62 81 193 142 161 53 62 101 72 92 0 15 59 198 247 103 137 129 
80 206 148 114 91 4 56 83 17 3 36 89 127 46 34 27 89 74 11 24 0 67 51 0 0 
7 28 16 9 66 16 36 28 7 108 8 24 16 7 56 65 86 68 47 162 35 40 39 32 101 
0 0 218 0 46 0 0 236 0 34 0 0 239 0 31 0 0 202 0 23 0 0 202 0 29 
740 538 629 428 555 497 218 302 177 218 507 310 367 209 312 343 142 188 30 138 598 346 475 342 407 
89 73 2 4 0 204 187 82 92 78 102 98 0 0 0 114 109 24 17 21 77 69 0 0 0 
158 298 132 159 139 252 383 147 273 185 131 267 86 157 73 42 192 0 55 0 96 207 54 99 38 
22 0 28 84 0 26 0 15 45 0 75 41 67 77 20 94 58 80 113 72 31 0 25 45 0 
0 0 0 0 58 0 0 0 0 66 0 0 0 0 80 0 0 0 0 66 166 186 172 188 230 
79 2 44 0 20 153 14 57 22 30 158 62 111 50 58 184 106 146 70 103 127 38 58 23 34 
57 40 114 117 32 0 0 78 110 0 55 49 145 129 44 0 0 94 98 0 0 0 83 81 0 
149 0 0 54 0 156 0 0 55 0 141 0 0 40 0 168 0 0 46 0 149 0 0 41 0 
0 0 0 0 0 0 0 12 0 0 1 0 0 0 0 0 0 0 0 0 0 0 35 0 29 
164 125 165 254 136 32 6 66 123 0 64 36 109 170 57 35 7 88 103 23 42 0 69 101 0 
61 26 28 65 74 42 0 0 28 55 53 0 0 20 32 55 0 0 33 35 87 44 43 71 83 
0 0 55 59 0 76 55 106 103 69 0 0 45 41 0 66 54 113 84 60 48 34 84 77 30 
0 0 0 37 0 78 62 53 94 58 0 0 0 21 0 46 51 64 96 51 44 54 46 94 43 
55 87 68 141 127 0 8 3 85 40 0 13 5 52 48 0 10 9 72 46 27 39 25 85 48 
129 121 100 110 23 194 166 170 153 123 108 73 60 67 12 262 210 207 182 152 171 153 158 100 91 
60 71 111 80 65 0 0 30 0 0 0 0 44 0 0 0 0 42 0 0 150 166 179 167 148 
0 0 0 1188 0 0 0 0 1168 0 0 0 0 1192 0 0 1 1 1262 1 0 0 0 1197 0 
0 0 1432 0 0 0 0 1458 0 0 0 0 1346 0 0 0 0 1473 0 0 0 0 1430 0 0 
