690 642 568 604 652 1012 1011 910 906 877 595 557 481 590 663 902 833 765 834 884 528 390 381 445 488 
278 227 271 260 230 0 1 0 0 0 157 108 159 143 158 0 0 0 0 0 0 0 0 0 0 
120 49 25 175 220 71 0 0 129 167 121 58 28 201 220 63 0 0 81 131 68 1 1 108 142 
137 0 119 171 153 197 30 194 216 219 290 121 268 323 315 231 47 174 207 214 162 2 115 195 163 
222 59 141 193 49 157 9 78 140 0 150 28 82 111 16 162 7 50 147 1 416 243 334 390 240 
141 11 19 0 108 108 8 18 0 147 225 107 119 98 224 219 81 111 82 192 262 131 139 125 287 
0 0 0 0 0 0 0 0 0 0 1021 1038 979 1004 1044 0 0 0 0 0 0 0 0 0 0 
0 0 0 250 0 1 0 4 239 1 108 107 94 360 120 112 118 87 385 128 0 0 0 238 0 
16 10 13 213 6 0 0 0 231 0 44 48 41 226 28 0 0 0 185 0 7 7 5 228 3 
0 0 0 0 0 0 0 0 0 0 0 0 0 0 0 60 71 83 81 98 192 197 189 209 189 
58 79 52 48 141 0 9 0 0 84 0 3 0 0 86 0 3 0 0 90 68 65 66 59 135 
142 144 147 153 163 0 0 0 0 0 0 0 0 0 0 0 0 0 0 0 85 83 69 72 77 
0 0 0 0 0 0 0 0 0 0 0 0 0 0 0 433 431 418 405 414 193 179 179 187 204 
0 193 0 0 84 0 163 0 0 106 87 284 107 92 180 0 180 0 0 98 0 220 0 0 73 
807 0 0 0 0 810 0 0 0 0 796 0 0 0 0 830 0 0 0 0 842 0 0 0 0 
19 4 194 130 187 95 71 276 235 259 124 133 306 255 296 204 200 398 359 338 116 99 281 231 305 
94 153 94 161 79 91 104 70 135 88 0 50 0 51 0 46 105 50 108 51 0 50 0 43 0 
32 7 19 8 37 152 120 172 116 159 32 0 0 0 23 21 0 0 1 25 140 143 133 125 157 
0 0 152 0 0 0 0 149 0 0 0 0 163 0 0 182 150 283 141 150 0 1 154 0 0 
0 81 51 62 0 0 96 55 59 0 44 124 119 125 38 0 90 64 58 0 0 85 70 60 0 
1 0 0 1 168 153 113 136 158 273 153 122 131 114 232 2 2 0 0 139 98 98 118 92 225 
0 0 0 0 0 0 0 0 0 0 0 0 0 0 0 1005 1052 1073 1044 978 0 0 0 0 0 
0 22 71 173 0 0 19 60 144 0 0 18 56 168 0 0 17 64 182 0 0 22 66 189 0 
95 146 85 174 177 9 47 16 87 84 20 60 25 81 105 0 52 0 70 76 0 42 1 61 76 
121 139 166 101 0 111 155 197 108 2 302 338 395 339 219 126 147 186 110 0 277 259 369 267 131 
74 9 22 95 12 66 0 0 120 0 200 151 139 229 131 55 0 0 101 0 96 33 40 172 38 
103 79 41 40 29 128 86 40 51 27 51 46 14 0 0 75 67 17 12 12 72 47 9 0 0 
0 0 219 78 0 0 0 231 75 0 0 0 283 90 0 0 0 240 59 0 0 0 219 65 0 
115 150 152 107 98 0 44 58 0 0 0 46 59 0 0 37 68 99 32 32 0 42 95 0 1 
84 64 82 78 60 124 136 116 128 108 26 44 47 46 46 0 0 0 0 0 0 1 0 0 0 
0 0 0 182 0 0 0 0 189 0 231 234 229 433 250 0 0 0 183 0 0 0 0 164 0 
0 0 0 0 0 149 141 176 143 142 0 0 0 0 0 0 0 0 0 0 71 55 67 64 79 
157 9 18 97 69 166 49 55 152 122 267 105 114 202 190 119 0 3 99 56 247 97 111 210 152 
0 75 0 0 0 0 71 0 0 0 0 57 0 0 0 101 137 74 111 74 48 117 42 46 46 
0 0 108 0 0 97 91 199 115 124 0 0 97 0 0 7 9 114 5 8 14 14 91 10 15 
283 263 213 242 128 118 127 79 87 0 71 115 57 58 0 285 285 174 268 129 158 142 84 111 0 
0 43 0 130 0 0 50 0 144 0 0 51 0 139 0 68 141 69 218 78 0 55 0 132 0 
0 0 0 0 75 79 73 77 61 135 80 74 73 81 126 0 0 0 0 71 0 0 0 0 74 
74 270 313 48 192 20 185 236 11 111 56 265 286 74 206 103 261 299 106 233 183 298 345 156 246 
0 72 44 0 103 21 87 61 15 123 32 124 101 43 121 0 91 39 0 91 0 88 35 0 110 
107 90 105 121 117 14 0 0 37 0 12 0 0 35 0 17 0 0 40 0 84 62 54 103 78 
69 0 65 0 0 64 0 76 0 0 113 53 107 48 50 100 15 78 13 12 66 0 73 0 0 
0 18 83 0 100 0 12 70 0 110 0 16 75 0 110 0 15 95 0 137 0 13 72 0 105 
14 50 141 72 15 54 77 172 108 50 0 44 121 35 0 55 75 163 104 41 0 25 110 60 0 
0 88 0 0 0 0 102 0 0 0 197 325 187 193 195 0 118 0 0 0 16 103 21 24 42 
0 0 0 71 0 61 64 52 123 81 0 0 0 71 0 0 0 0 80 0 71 63 57 147 61 
49 0 96 50 0 62 0 112 54 0 59 0 97 53 0 49 0 106 57 0 48 0 100 49 0 
77 46 0 29 0 103 73 16 47 24 92 86 0 25 0 110 52 0 41 0 87 58 0 33 0 
0 0 0 0 36 235 237 248 252 275 0 0 0 0 55 0 0 0 0 55 0 0 0 0 52 
121 63 71 155 98 81 54 66 122 101 30 0 0 69 16 41 0 0 62 16 50 16 12 70 33 
29 55 8 6 10 17 48 0 0 0 21 73 0 0 0 125 160 123 115 111 27 72 0 0 0 
0 0 0 21 0 186 170 197 198 164 0 0 0 23 0 0 0 0 22 0 0 0 0 19 0 
70 79 133 138 89 0 0 52 63 0 0 0 74 59 0 0 0 67 53 0 0 0 59 62 0 
67 60 65 53 78 49 0 0 0 11 84 67 51 51 80 35 0 0 0 22 97 52 48 53 64 
0 0 28 0 76 3 0 44 12 99 0 0 45 0 89 0 5 40 0 104 100 101 147 90 195 
59 122 154 77 76 35 91 115 27 32 0 39 78 0 0 0 40 87 0 0 0 40 70 0 0 
0 0 116 0 0 0 0 98 0 0 81 120 231 123 108 0 0 96 0 0 0 0 110 0 0 
105 117 34 55 145 40 48 0 0 91 46 63 0 0 74 44 45 0 0 82 61 49 0 0 85 
0 49 0 23 36 59 115 57 80 94 0 59 0 27 38 0 55 0 39 40 26 65 22 53 63 
10 8 127 5 14 0 0 120 0 0 0 0 102 0 0 43 46 143 30 34 95 97 181 78 104 
0 0 0 50 71 88 81 64 116 159 0 0 0 49 70 0 0 0 35 84 0 0 0 47 72 
99 174 80 80 87 22 107 0 0 0 31 118 6 9 9 22 79 0 0 0 27 83 3 0 0 
78 38 105 54 106 21 0 45 14 66 21 0 49 12 82 20 0 57 13 65 14 0 44 15 70 
65 0 9 0 2 71 2 5 0 0 101 61 64 58 83 85 20 0 1 0 130 96 83 87 67 
24 33 118 48 48 0 0 80 0 0 0 0 77 0 0 4 0 70 0 0 50 28 107 28 21 
0 62 62 0 0 4 74 54 13 1 21 103 75 20 20 32 108 58 36 42 0 60 48 0 0 
0 0 84 0 41 10 26 94 11 64 0 0 82 0 28 0 5 92 0 26 0 0 98 0 26 
0 2159 0 0 0 0 2235 0 0 0 0 2097 0 0 0 0 2168 0 0 0 0 2111 0 0 0 
26 139 114 20 11 95 220 198 104 74 10 143 136 6 0 42 238 193 85 38 12 138 95 0 0 
77 118 116 0 0 66 180 142 0 0 79 165 138 0 0 89 166 120 0 0 82 159 139 0 0 
0 97 0 127 0 83 191 95 189 113 75 152 38 163 61 0 93 0 121 0 1 107 0 104 0 
0 0 0 0 0 1316 1266 1260 1227 1279 0 0 0 0 0 0 0 0 0 0 0 0 0 0 0 
0 0 80 125 0 0 0 75 106 0 0 0 82 127 0 0 0 81 126 0 0 0 72 128 0 
147 48 49 80 41 143 48 48 98 61 80 0 0 32 0 76 0 0 35 0 83 0 0 43 0 
0 129 0 0 81 0 150 0 0 72 0 157 0 0 88 0 131 0 0 75 0 148 0 0 108 
148 219 155 200 68 118 261 122 143 34 322 397 303 341 165 208 331 267 238 117 190 314 255 219 151 
83 82 272 272 88 0 0 181 191 0 105 112 277 293 86 0 0 149 185 6 6 22 173 187 12 
122 111 103 150 245 8 21 3 3 149 9 15 7 7 148 189 203 169 175 342 192 224 224 211 360 
0 131 0 0 0 0 98 0 0 0 0 123 0 0 0 7 115 3 6 0 268 341 274 265 261 
56 23 47 7 56 55 20 31 0 44 60 15 51 1 38 76 17 31 0 50 125 121 108 84 125 
202 76 0 101 0 205 74 0 103 0 205 59 0 103 0 196 71 0 108 0 204 57 0 108 0 
0 0 1434 0 0 0 0 1465 0 0 0 0 1352 0 0 0 0 1464 0 0 0 0 1428 0 0 
79 7 12 61 26 109 67 51 90 89 117 71 68 84 91 80 34 23 71 42 60 0 0 26 11 
109 124 132 85 182 0 0 10 1 47 61 89 70 61 111 0 0 18 0 51 0 0 11 0 58 
39 84 0 93 0 135 176 95 190 82 97 114 64 165 66 52 77 0 94 0 37 69 0 96 0 
101 106 110 119 166 99 95 86 77 123 0 29 0 0 58 0 23 0 0 35 64 85 68 56 110 
0 72 0 0 1 32 127 35 33 33 35 142 33 33 32 25 119 27 31 34 39 124 46 39 48 
33 11 41 34 0 103 71 112 112 63 43 20 47 37 0 47 9 44 35 0 41 20 37 39 0 
135 0 0 0 0 123 0 0 0 0 205 74 97 96 98 111 0 0 0 0 122 0 0 0 0 
0 0 0 0 831 0 0 0 0 793 0 0 0 0 840 0 0 0 0 823 0 0 0 0 775 
72 118 87 188 170 0 14 7 93 52 0 15 6 64 67 0 16 11 94 51 35 44 37 119 63 
135 0 0 0 0 262 100 98 98 76 151 0 0 0 0 153 0 0 0 0 147 0 0 0 1 
0 0 0 0 0 81 63 75 67 79 0 0 0 0 0 152 121 152 151 145 0 0 0 0 0 
0 22 0 143 0 33 55 46 185 31 0 19 0 132 0 0 15 0 135 0 0 20 0 160 0 
166 63 123 128 175 104 0 77 41 59 111 0 95 84 68 195 104 165 135 171 73 0 35 25 54 
53 60 70 161 138 31 26 34 97 87 0 0 0 87 65 0 0 1 55 58 8 13 12 91 70 
0 10 62 0 0 76 98 167 87 91 0 11 67 0 0 55 77 165 49 58 1 6 59 0 0 
121 0 121 0 0 106 0 93 0 0 100 0 106 4 0 76 0 108 0 0 116 13 98 11 10 
348 124 335 150 237 363 161 417 191 235 339 140 366 177 257 231 24 227 44 145 223 54 258 29 123 
68 157 73 88 69 0 90 0 30 0 19 135 31 36 26 0 111 0 18 0 0 79 0 22 0 
0 0 33 0 59 35 46 79 44 115 56 74 89 53 121 0 0 33 0 61 0 0 51 0 59 
0 0 16 0 212 0 0 17 0 205 0 0 29 0 183 0 0 26 0 200 0 0 28 0 229 
0 0 0 53 0 0 0 0 60 0 60 60 47 157 48 0 0 0 60 0 90 85 86 173 89 
119 0 0 122 0 154 0 0 141 0 140 0 0 124 0 131 0 0 140 0 139 0 0 139 0 
0 39 60 63 2 112 182 178 175 121 171 206 218 212 134 25 75 104 117 35 73 108 114 130 51 
101 118 107 102 205 0 0 0 0 70 0 0 0 0 69 22 23 25 20 95 0 0 0 0 70 
93 192 102 95 107 0 110 0 0 0 66 167 73 71 63 10 104 5 3 15 93 195 82 78 96 
138 126 79 79 79 78 45 0 0 0 88 48 3 3 8 65 47 0 0 0 71 60 0 0 0 
0 127 0 0 0 39 183 60 53 69 0 140 0 0 0 64 207 89 92 78 0 123 0 0 0 
0 0 0 0 0 0 0 0 0 0 0 0 0 0 0 0 0 0 0 0 444 406 448 425 392 
0 0 37 0 0 73 79 92 75 87 0 0 30 0 0 77 75 85 59 78 19 25 59 22 26 
8 15 17 19 54 0 0 0 0 38 89 89 71 76 104 0 0 0 0 35 73 106 88 78 109 
0 0 0 135 0 0 0 0 122 0 0 0 0 144 0 0 0 0 150 0 82 77 82 216 87 
0 64 0 33 69 3 64 0 37 75 0 50 0 32 86 2 57 0 31 73 17 77 23 49 110 
0 23 0 14 0 76 90 75 71 71 77 72 75 80 69 0 12 0 14 0 123 151 126 150 120 
0 0 117 55 0 43 45 155 106 50 0 0 101 39 0 0 0 89 38 0 0 0 126 35 0 
65 0 0 0 0 139 72 71 77 73 121 23 28 21 17 152 52 54 56 48 68 0 0 0 0 
83 35 33 111 37 39 0 0 90 0 48 0 0 84 0 83 35 30 120 32 55 0 0 83 0 
0 0 62 43 0 0 0 55 43 0 101 99 149 131 97 0 0 62 47 0 0 0 67 42 0 
3 7 50 112 7 0 0 48 74 0 49 30 108 123 49 27 40 69 114 39 0 0 47 84 0 
57 6 38 45 2 37 0 44 40 9 129 83 117 97 84 78 13 44 57 18 47 0 53 36 0 
39 0 54 0 57 38 0 57 0 53 26 0 66 0 70 90 49 103 64 107 30 0 55 0 53 
70 22 128 63 46 60 9 118 68 34 52 0 112 33 21 120 47 178 91 86 75 33 164 60 61 
11 122 198 50 170 111 214 298 126 253 24 128 211 66 173 0 51 170 2 139 75 146 222 96 226 
32 29 32 92 60 52 62 43 109 95 0 0 0 45 43 0 0 0 34 21 117 120 123 177 136 
19 31 0 82 0 29 47 0 105 0 78 72 39 129 53 25 37 0 105 0 40 33 0 80 0 
0 0 54 0 0 170 143 209 146 177 0 0 59 0 0 0 0 69 0 0 0 0 73 0 0 
63 10 9 6 21 87 60 63 66 64 97 73 79 87 85 39 0 5 0 12 34 11 15 8 21 
24 153 101 20 56 2 116 82 9 19 0 109 53 0 36 0 121 58 9 29 50 187 125 49 99 
150 203 105 100 110 73 73 42 23 24 43 69 14 0 0 44 46 13 0 0 29 49 16 0 0 
64 54 0 0 0 62 37 2 0 2 66 50 21 10 18 81 67 56 49 55 80 50 53 0 32 
37 69 40 71 27 0 54 10 38 16 0 46 10 46 18 0 34 14 31 13 39 96 64 97 78 
0 0 70 33 12 0 0 54 40 2 0 0 48 46 7 46 59 148 105 75 59 55 117 111 73 
33 44 29 26 34 0 0 0 0 0 78 65 64 75 66 0 0 0 0 0 137 124 120 131 121 
37 28 25 23 33 0 0 0 0 0 0 0 18 0 0 66 65 94 70 76 129 83 123 163 134 
30 33 96 19 28 0 0 56 0 0 56 52 130 37 45 0 0 52 0 0 0 0 56 0 0 
0 0 96 10 0 0 0 59 0 0 19 20 52 0 18 0 0 85 7 0 0 0 80 0 0 
45 71 0 0 0 66 96 38 30 31 68 111 18 14 9 80 123 38 40 42 37 67 0 0 0 
104 140 77 61 65 15 56 0 0 0 92 157 73 55 67 44 87 32 19 18 26 59 0 0 0 
0 118 109 168 1 0 135 127 173 0 0 120 127 189 0 0 124 123 162 0 0 135 128 172 1 
15 0 0 209 0 18 0 0 144 0 142 108 129 264 111 14 0 0 141 0 25 2 0 152 4 
175 212 44 117 147 201 336 94 158 248 179 239 101 166 146 113 172 11 51 98 290 388 174 200 256 
74 222 142 96 96 8 46 71 13 3 41 80 104 32 33 27 86 66 11 32 0 66 48 0 0 
8 24 19 4 68 13 27 27 7 116 6 20 18 2 60 58 92 76 50 157 31 37 37 27 106 
581 418 512 352 451 398 153 224 153 231 414 225 295 161 231 325 108 123 42 161 501 301 369 304 364 
91 68 2 3 0 181 151 73 73 76 98 85 0 0 0 95 104 29 15 19 80 61 0 0 0 
167 296 133 150 125 262 388 156 264 184 133 283 94 144 83 28 186 0 65 0 84 201 67 84 47 
0 0 0 0 53 0 0 0 0 58 0 0 0 0 65 0 0 0 0 58 135 159 140 154 190 
150 0 0 54 0 156 0 0 55 0 141 0 0 40 0 168 0 0 46 0 149 0 0 41 0 
221 166 223 285 174 46 0 100 148 6 101 51 144 242 80 49 8 123 124 36 50 0 100 103 0 
142 101 80 66 54 189 156 117 104 121 100 74 46 35 22 242 166 153 132 145 176 161 129 68 97 
74 168 66 79 75 0 75 0 0 0 7 106 5 6 5 0 83 0 0 0 96 189 71 104 83 
0 0 0 20 0 0 0 0 20 0 0 0 0 19 0 0 0 0 20 0 183 196 228 229 226 
60 6 57 105 101 26 3 37 106 81 70 25 46 137 110 30 0 37 98 88 140 83 121 202 223 
0 86 62 0 77 0 81 75 0 78 0 87 59 0 59 0 73 74 0 85 0 102 76 0 76 
47 22 56 40 33 71 51 91 56 54 23 16 36 20 13 55 44 102 71 49 8 0 32 2 0 
83 0 0 0 54 64 0 0 0 49 83 0 0 0 60 71 0 0 0 52 168 99 80 93 153 
61 93 0 96 62 50 70 0 112 56 51 66 4 146 74 147 181 106 221 153 74 139 30 110 89 
96 132 126 99 88 17 44 56 16 14 0 16 61 0 0 73 91 114 67 57 26 33 70 24 15 
0 0 0 140 35 0 0 0 157 28 27 28 16 157 51 0 0 0 149 34 0 0 0 137 38 
0 0 0 189 10 248 202 187 468 252 0 0 0 206 16 172 179 168 380 157 6 0 0 212 14 
52 106 147 161 47 22 71 104 141 14 69 109 150 159 59 63 154 143 197 76 85 124 152 217 89 
0 0 0 1258 0 0 0 0 1268 0 0 0 0 1283 0 0 2 2 1344 1 0 0 0 1287 0 
218 1 0 0 0 221 13 21 20 23 192 0 0 0 0 211 0 0 0 0 187 0 0 0 0 
92 0 0 0 0 117 0 0 0 0 122 0 0 0 0 102 0 0 0 0 206 88 85 89 99 
182 101 65 114 133 85 0 0 15 11 165 51 52 65 65 174 53 57 95 81 208 162 120 176 128 
53 58 117 91 72 0 0 54 0 0 0 0 50 0 0 0 0 58 0 0 158 161 207 155 168 
2 18 0 71 199 106 121 109 203 325 5 31 0 73 238 0 13 0 84 233 113 137 104 174 291 
9 12 81 10 239 7 0 58 11 197 123 103 164 131 302 147 147 221 176 353 2 4 57 4 202 
118 270 278 200 90 160 219 286 200 88 151 249 268 186 137 35 156 237 93 4 31 177 196 138 14 
126 0 0 16 0 110 0 0 0 0 121 0 0 0 0 113 0 0 0 0 148 16 29 46 39 
43 66 35 31 42 0 49 0 0 21 51 82 44 38 61 7 36 0 0 30 0 53 0 0 23 
614 628 643 685 630 0 0 0 0 0 0 0 0 0 0 0 0 0 0 0 0 0 0 0 0 
77 77 0 0 0 112 84 19 16 16 175 103 41 40 30 106 82 0 0 0 119 119 25 31 33 
31 0 0 53 64 68 39 40 89 121 16 0 0 58 64 33 7 14 54 55 28 21 26 68 71 
17 8 0 0 85 16 5 0 0 72 72 82 48 52 159 28 30 24 16 87 107 129 107 102 146 
54 0 0 0 0 62 0 0 0 0 63 0 0 0 0 201 133 145 146 141 51 0 0 0 0 
85 143 118 126 131 98 240 154 165 206 20 119 67 57 65 130 191 141 165 151 124 212 175 168 165 
0 0 0 0 0 39 37 32 20 22 0 0 0 0 0 62 70 71 67 97 105 104 105 103 133 
146 11 67 0 22 204 0 41 5 10 289 94 151 88 88 295 163 253 161 161 218 48 81 34 44 
28 0 40 0 0 22 0 23 0 0 24 0 27 8 0 106 79 108 98 98 42 2 40 0 0 
0 0 194 0 37 0 0 224 0 29 0 0 201 0 31 0 0 189 0 21 0 0 184 0 30 
105 67 0 142 45 111 75 5 119 61 127 108 33 171 71 106 60 0 112 52 70 66 0 132 37 
39 64 43 60 33 10 21 0 24 0 60 81 50 86 36 12 42 4 36 4 56 55 54 79 28 
0 0 45 54 0 70 46 103 90 66 0 0 38 34 0 58 49 104 85 46 38 31 82 70 28 
4 0 0 0 12 0 22 0 0 0 0 0 0 0 0 39 48 46 51 67 0 0 0 0 0 
0 233 0 221 0 0 192 0 212 0 9 215 7 207 7 0 193 0 204 0 0 209 0 217 0 
99 17 89 0 0 107 12 99 0 0 122 10 98 0 0 121 9 99 0 0 111 16 105 0 0 
