761 744 644 701 799 1078 1061 991 1044 1108 722 724 663 713 808 1011 887 870 1036 1027 614 482 454 475 675 
176 125 155 150 144 0 0 0 0 0 121 74 119 99 99 0 0 0 0 0 0 0 0 0 0 
148 39 39 218 245 86 0 0 159 168 247 80 55 340 345 84 0 0 106 151 72 0 0 137 139 
0 0 59 72 0 87 53 122 119 67 3 6 59 42 0 82 57 140 119 68 59 35 102 98 40 
167 42 108 138 38 156 11 89 122 0 148 26 82 98 26 137 0 55 115 0 342 178 283 319 186 
115 9 12 0 121 122 12 6 0 139 207 106 119 86 218 166 82 97 67 177 260 120 154 121 303 
0 0 0 0 0 0 0 0 0 0 1019 1034 982 1006 1043 0 0 0 0 0 0 0 0 0 0 
0 0 0 309 0 1 0 4 284 0 144 138 139 441 141 128 142 94 456 152 0 0 0 286 0 
17 11 15 172 7 0 0 0 191 0 37 46 35 181 28 0 0 0 161 0 4 5 3 179 1 
0 0 0 1 0 0 1 0 0 0 0 0 0 0 0 62 89 82 74 98 223 189 201 232 196 
61 79 56 48 146 0 11 0 0 85 0 3 0 0 95 0 4 0 0 94 65 67 68 63 136 
156 160 159 169 180 0 0 0 0 0 0 1 0 0 0 0 0 0 0 0 86 88 70 73 93 
0 0 0 0 0 0 0 0 0 0 0 0 0 0 0 441 444 428 425 426 194 185 186 189 212 
0 199 0 0 80 0 170 0 0 93 126 321 151 133 214 0 182 0 0 97 0 213 0 0 75 
802 0 0 0 0 791 0 0 0 0 794 0 0 0 0 822 0 0 0 0 828 0 0 0 0 
22 10 215 128 146 54 1 190 129 154 122 112 285 244 212 184 200 389 304 267 154 102 291 222 279 
77 122 89 140 85 58 71 61 114 65 0 40 0 45 0 37 82 49 83 47 0 42 0 33 0 
32 8 13 6 20 125 99 96 97 109 26 0 0 0 14 23 0 0 0 18 106 102 85 87 130 
0 0 128 0 0 0 0 124 0 0 0 0 138 0 0 143 124 255 119 121 0 0 143 0 0 
0 77 46 51 0 0 88 45 48 0 37 104 104 104 38 0 78 48 53 0 0 76 60 46 0 
0 0 0 3 139 132 92 115 145 260 119 119 121 114 221 0 8 0 0 120 92 96 104 94 197 
0 0 0 1 0 0 0 0 0 0 0 0 0 0 0 1027 1080 1109 1069 1010 0 0 0 0 0 
0 17 55 149 0 0 22 57 127 0 0 19 50 157 0 0 17 56 155 0 0 14 54 164 0 
89 67 0 0 0 119 92 20 16 20 182 124 51 40 34 129 84 0 0 0 116 121 28 33 37 
76 112 75 156 146 5 51 15 74 67 15 42 20 72 83 0 46 0 59 73 0 38 0 60 66 
112 115 113 87 3 98 127 172 72 0 284 299 299 298 189 114 148 136 84 0 249 217 269 218 112 
72 13 10 98 16 74 0 0 111 0 211 150 128 225 124 63 0 0 101 4 106 46 42 170 38 
134 104 48 54 38 148 104 58 67 31 68 60 14 0 0 106 89 17 15 12 94 58 7 0 0 
0 0 138 56 0 0 0 147 52 0 0 0 180 51 0 0 0 163 43 0 0 0 138 41 0 
148 195 201 138 129 0 72 92 0 0 0 64 73 0 0 44 66 108 37 52 0 63 110 0 0 
63 52 72 70 60 103 122 105 114 102 26 40 44 39 40 0 0 0 0 0 0 0 0 0 0 
0 0 0 172 0 0 0 0 180 0 235 247 234 419 250 0 0 0 173 0 0 0 0 159 0 
0 0 0 0 0 164 159 197 150 158 0 0 0 0 0 0 0 0 0 0 88 63 78 72 85 
94 1 0 60 40 126 37 51 102 92 201 69 82 141 139 71 0 0 61 32 182 54 74 134 114 
0 103 0 0 0 0 89 0 0 0 1 77 0 0 0 145 177 101 144 108 65 156 56 61 58 
0 0 99 0 0 92 101 189 113 113 0 0 98 0 0 7 11 106 4 11 15 16 89 10 15 
265 208 189 250 115 104 85 70 100 0 60 88 61 66 0 255 259 165 263 127 131 125 93 130 1 
0 0 0 0 0 31 35 30 18 22 0 0 0 0 0 59 67 66 65 90 100 93 96 97 127 
0 224 0 201 0 0 180 0 193 0 6 203 6 197 7 0 185 0 192 0 0 197 0 204 0 
0 42 0 126 0 0 50 0 143 0 0 51 0 145 0 66 151 75 213 79 0 64 0 143 0 
0 0 0 0 87 86 79 95 71 158 95 86 80 87 145 0 0 0 0 81 0 0 0 0 89 
64 320 365 25 227 18 214 274 4 143 46 274 343 33 214 79 313 308 78 235 154 353 392 127 257 
0 47 36 0 91 20 64 50 13 94 27 87 98 43 84 0 65 30 0 73 0 67 30 0 72 
124 108 108 131 137 16 0 0 41 0 16 0 0 41 0 19 0 0 39 1 91 70 69 114 97 
70 0 66 0 0 62 0 76 0 0 117 53 112 50 51 102 16 79 13 11 67 0 73 0 0 
0 18 81 0 96 0 12 69 0 107 0 16 74 0 105 0 14 90 0 133 0 12 69 0 101 
19 41 117 80 13 39 41 130 91 38 0 30 103 35 0 39 60 131 94 32 0 16 91 57 0 
0 58 0 0 0 0 67 0 0 0 109 215 98 126 114 0 84 0 0 0 14 78 17 22 24 
0 0 0 71 0 62 66 53 127 86 0 0 0 73 0 0 0 0 80 0 71 63 58 151 66 
49 0 92 46 0 57 0 109 53 0 59 0 93 48 0 46 0 102 53 0 44 0 98 43 0 
83 52 0 31 0 112 82 16 48 24 101 92 0 27 0 118 55 0 43 0 95 61 0 35 0 
0 0 0 0 24 196 188 199 207 219 0 0 0 0 38 0 0 0 0 34 0 0 0 0 40 
89 47 58 109 77 58 37 49 96 68 24 0 0 52 10 28 0 0 47 11 37 12 8 56 27 
30 69 9 7 11 21 64 1 0 0 21 88 0 0 0 166 206 152 142 131 29 89 0 0 0 
0 0 0 21 0 187 170 197 198 165 0 0 0 23 0 0 0 0 22 0 0 0 0 19 0 
88 103 171 182 112 0 0 67 76 0 0 0 94 74 0 0 0 81 59 0 0 0 73 72 0 
63 57 59 48 68 41 0 0 0 11 76 62 48 48 72 30 0 0 0 22 92 49 45 49 60 
0 0 25 0 69 8 0 35 10 87 0 0 34 0 68 9 7 43 7 95 79 73 113 62 153 
585 586 605 638 586 0 0 0 0 0 0 0 0 0 0 0 0 0 0 0 0 0 0 0 0 
71 152 174 92 93 37 110 122 28 34 0 39 87 0 0 0 47 95 0 0 0 53 80 0 0 
0 0 110 0 0 0 0 91 0 0 76 114 207 112 101 0 0 85 0 0 0 0 104 0 0 
109 123 42 64 145 34 42 0 0 85 45 59 0 0 67 43 43 0 0 75 59 45 0 0 88 
0 49 0 23 36 63 120 61 82 98 0 61 0 27 38 0 57 0 40 40 26 68 22 54 65 
9 7 99 5 12 0 0 87 0 0 0 0 83 0 0 36 39 120 27 29 75 78 150 59 85 
0 0 0 52 80 95 90 70 127 182 0 0 0 55 86 0 0 0 41 93 0 0 0 52 86 
112 193 91 85 95 27 139 0 0 0 37 139 8 9 14 27 95 0 0 0 28 102 4 4 1 
64 25 86 37 101 17 0 42 4 66 19 0 37 0 77 11 0 50 0 62 14 0 37 0 71 
53 0 12 0 5 63 0 5 0 0 56 46 64 41 73 102 54 44 41 41 148 111 114 137 119 
63 33 117 48 44 27 0 81 0 0 20 0 76 0 0 21 0 70 0 0 65 38 116 35 38 
55 43 66 33 33 25 8 2 0 0 39 37 23 18 22 40 0 22 0 11 22 18 7 0 0 
0 62 67 0 0 0 68 49 0 0 21 104 79 21 21 32 109 57 40 42 0 62 51 0 0 
3 0 0 0 0 0 34 0 0 0 0 16 0 0 0 10 0 0 0 0 0 0 0 0 0 
29 0 90 0 45 64 43 124 39 80 25 0 84 0 29 36 10 99 5 34 31 0 98 0 28 
0 2128 0 0 0 0 2179 0 0 0 0 2060 0 0 0 0 2143 0 0 0 0 2057 0 0 0 
28 129 165 16 15 100 231 238 103 87 5 111 118 7 0 44 204 180 96 71 6 121 103 4 0 
67 125 104 0 0 47 150 132 0 0 82 132 129 0 0 70 148 116 0 0 69 130 122 0 0 
0 109 0 136 0 92 223 83 245 112 82 182 36 211 68 0 100 0 149 0 0 169 0 116 0 
67 105 143 106 120 0 0 47 0 0 0 0 74 0 0 0 0 53 0 0 187 218 241 213 233 
0 0 0 0 0 1278 1231 1226 1193 1254 0 0 0 0 0 0 0 0 0 0 0 0 0 0 0 
0 0 86 138 0 0 0 80 115 0 0 0 88 136 0 0 0 91 136 0 0 0 77 140 0 
147 48 49 86 39 144 51 51 111 60 78 0 0 39 0 85 0 0 39 0 86 0 0 47 0 
0 125 0 0 78 0 151 0 0 78 0 160 0 0 88 0 139 0 0 66 0 147 0 0 96 
198 336 170 265 112 89 176 45 112 0 296 454 260 355 162 126 305 122 194 60 217 385 316 312 141 
105 85 298 301 84 0 0 210 202 6 128 119 311 330 122 0 0 178 196 7 25 4 209 202 12 
137 119 110 153 254 10 26 4 4 161 16 11 9 2 169 211 226 178 208 361 218 249 254 237 412 
0 62 0 0 0 0 62 0 0 0 0 68 0 0 0 8 69 4 11 4 185 215 186 160 176 
55 29 53 18 52 55 15 33 0 45 51 18 42 0 40 81 17 36 1 52 157 123 115 109 164 
215 83 0 101 0 216 79 0 107 0 218 62 0 111 0 211 72 0 114 2 217 60 0 117 0 
55 0 0 0 0 62 0 0 0 0 64 0 0 0 0 202 133 145 146 141 52 0 0 0 0 
151 272 306 194 76 170 259 329 197 79 145 265 311 184 107 82 187 255 129 16 72 216 239 143 30 
83 2 9 57 32 113 83 67 130 82 103 82 68 85 84 80 32 25 75 40 70 0 0 32 18 
119 128 123 95 193 0 0 9 0 50 59 84 80 62 120 0 0 18 0 49 0 0 10 0 62 
43 88 0 100 0 139 177 97 195 89 100 118 77 176 78 49 64 0 82 0 40 65 0 91 0 
104 107 138 121 160 99 106 88 94 133 0 32 0 0 63 1 29 1 0 29 75 91 93 56 138 
0 77 0 0 0 31 149 37 31 30 40 144 38 36 37 33 128 28 30 41 47 132 56 37 59 
11 4 41 9 0 69 71 113 89 64 19 14 45 13 0 15 8 43 0 0 16 16 32 14 0 
3 9 0 79 209 127 120 117 197 358 0 31 0 80 244 1 11 0 90 252 120 142 120 183 310 
8 18 78 3 219 2 0 69 5 172 111 103 169 100 262 129 149 225 148 318 2 0 66 0 179 
147 0 0 0 0 132 0 0 0 0 234 79 106 112 106 128 0 0 0 0 140 0 0 0 0 
0 0 0 0 850 0 0 0 0 804 0 0 0 0 849 0 0 0 0 835 0 0 0 0 786 
139 89 2 184 60 121 134 3 213 93 187 176 43 263 123 116 104 8 185 101 127 169 0 241 72 
137 0 0 0 0 263 93 86 84 75 162 0 0 0 0 152 0 0 0 0 155 0 0 0 0 
0 0 0 0 0 73 56 74 66 72 0 0 0 0 0 144 119 139 144 136 0 0 0 0 0 
0 23 0 153 0 36 63 50 205 34 0 19 0 149 0 0 17 0 149 0 0 25 0 175 0 
110 60 123 146 162 43 0 75 66 52 26 0 88 86 93 108 51 133 167 154 8 1 55 75 30 
43 48 55 128 105 27 22 31 80 74 0 0 0 77 55 0 0 0 48 50 7 10 8 75 53 
0 9 62 0 0 82 91 172 84 83 0 8 68 1 0 56 83 172 57 62 0 5 62 0 0 
212 7 200 0 0 207 3 176 0 0 218 7 198 1 1 189 3 184 0 0 223 21 187 8 9 
312 126 318 101 212 326 146 376 129 211 375 164 421 202 262 193 12 208 56 116 211 54 271 32 120 
65 150 69 83 66 0 86 0 27 0 16 125 28 33 27 0 103 0 16 0 0 73 0 22 0 
0 0 33 0 58 34 46 78 44 113 55 74 89 53 121 0 0 33 0 61 0 0 49 0 58 
0 0 19 0 215 0 0 14 0 193 0 0 28 0 175 0 0 29 0 204 0 0 26 0 198 
0 0 0 51 0 0 0 0 60 0 54 59 46 140 45 0 0 0 59 0 86 78 82 159 87 
108 0 0 112 0 142 0 0 140 0 123 0 0 109 0 122 0 0 146 0 121 0 0 133 0 
1 13 52 63 0 105 160 173 196 129 167 202 227 234 148 0 42 91 98 21 74 104 122 143 51 
116 156 141 115 261 0 0 0 0 86 0 0 0 0 89 25 26 30 25 129 0 0 0 0 90 
138 258 159 154 160 0 135 0 0 0 91 220 95 94 98 3 107 0 0 2 100 240 80 73 97 
156 136 79 80 87 83 53 0 0 0 93 56 4 4 8 70 49 0 0 0 80 64 0 0 0 
0 94 0 0 0 30 138 41 45 53 0 110 0 0 0 54 165 68 67 59 0 98 0 0 0 
0 0 0 0 0 0 0 0 0 0 0 0 0 0 0 0 0 0 0 0 447 428 459 448 425 
0 0 38 0 0 78 88 102 83 94 0 0 36 0 0 85 79 95 68 89 20 27 66 23 31 
8 15 18 17 57 0 0 0 0 40 83 87 77 76 107 0 0 0 0 36 70 110 83 76 120 
0 0 0 155 0 0 0 0 151 0 0 0 0 178 0 0 0 0 163 0 89 90 105 258 98 
0 68 0 35 72 3 65 0 39 78 1 57 0 35 91 2 61 0 32 76 20 79 27 57 113 
0 112 0 0 0 0 108 0 0 0 0 106 0 0 0 0 96 0 0 0 97 185 99 105 92 
0 0 0 26 0 83 47 79 72 76 60 0 45 54 41 0 0 0 22 0 104 71 112 149 98 
0 0 117 55 0 43 45 155 106 50 0 0 102 39 0 0 0 89 38 0 0 0 126 35 0 
11 30 0 0 0 12 67 15 0 18 2 51 0 0 13 0 26 0 0 0 0 39 14 0 25 
59 0 0 0 0 125 62 61 76 69 99 20 18 20 15 131 47 46 52 41 58 0 0 0 0 
83 35 33 111 37 39 0 0 91 0 48 0 0 85 0 83 35 29 120 32 55 0 0 82 0 
0 0 61 40 0 0 0 54 41 0 101 99 146 129 97 0 0 59 45 0 0 0 63 41 0 
42 0 0 81 113 99 82 95 142 202 33 2 5 96 121 59 16 23 80 109 33 34 56 97 121 
3 6 52 104 11 0 0 50 87 0 50 37 128 140 59 28 46 79 138 43 0 0 51 88 0 
73 7 61 58 11 53 4 42 48 24 164 91 144 152 102 87 16 49 66 17 73 0 55 56 0 
36 0 54 0 55 38 0 55 0 51 26 0 66 0 69 88 49 103 63 103 29 0 55 0 53 
94 23 158 92 60 75 9 142 86 32 68 0 119 43 10 171 65 206 126 104 89 25 168 58 67 
16 63 141 31 99 136 171 284 131 217 34 93 190 41 156 0 36 154 4 108 74 127 229 107 196 
19 21 23 62 53 48 39 37 82 79 0 0 0 34 35 0 0 0 24 19 87 96 102 136 117 
19 40 0 97 1 38 56 0 117 0 98 84 43 153 53 31 38 0 121 0 42 36 0 87 0 
0 0 59 0 0 181 150 241 165 198 0 0 63 0 0 0 0 80 0 0 0 0 71 0 0 
9 7 0 0 67 6 0 0 0 57 58 63 41 39 121 21 18 14 12 72 90 109 85 85 129 
83 18 12 6 29 115 87 82 75 81 116 92 91 112 99 44 0 4 0 12 37 11 19 7 27 
21 103 81 18 35 0 91 73 5 6 0 76 44 0 21 0 81 51 4 14 49 129 116 51 93 
158 202 102 109 112 77 66 53 23 24 40 51 17 0 0 43 48 18 0 0 33 45 14 0 0 
95 0 0 11 0 83 0 0 16 0 99 0 0 28 0 99 0 0 0 0 121 15 23 60 29 
66 78 14 21 20 49 44 2 0 0 51 68 17 9 13 61 68 34 37 42 79 74 45 30 35 
37 75 43 65 29 0 60 8 41 14 0 50 11 44 16 0 42 11 27 11 38 102 63 97 74 
0 0 56 27 11 0 0 45 35 3 0 0 44 40 6 43 53 122 94 61 54 50 100 93 63 
29 38 26 22 30 0 0 0 0 0 71 59 57 62 55 0 0 0 0 0 118 106 98 112 110 
41 34 35 33 39 0 0 14 0 0 0 0 17 0 0 54 44 87 58 52 117 95 131 128 120 
36 43 103 38 48 1 6 55 0 0 59 49 126 45 43 0 0 51 0 0 0 0 58 17 0 
0 0 180 31 0 0 0 141 22 0 19 20 156 36 18 0 0 166 23 0 0 0 161 23 0 
45 118 0 0 0 96 154 67 52 53 106 190 31 24 23 107 190 66 64 62 38 108 0 0 1 
58 0 62 71 93 124 62 173 158 167 131 66 146 161 190 126 46 94 108 150 75 0 77 120 104 
117 143 85 66 87 14 58 3 0 0 93 163 77 62 70 48 93 39 22 21 25 70 0 0 0 
0 117 106 162 0 0 127 119 164 0 0 109 115 172 0 0 119 114 160 0 0 124 122 165 0 
13 0 0 130 0 9 0 0 95 0 91 65 87 187 84 11 0 0 99 0 20 1 1 105 0 
45 74 41 35 66 0 58 0 0 23 47 80 44 36 64 0 36 0 0 31 0 61 0 2 20 
133 192 37 84 110 211 260 102 117 219 144 200 88 127 125 101 105 18 32 99 227 301 124 167 196 
64 171 128 96 88 8 45 70 11 6 30 76 100 31 28 23 75 65 11 27 0 61 47 0 0 
6 35 15 4 75 17 37 28 5 111 10 22 16 4 61 66 86 75 38 169 39 41 41 25 103 
745 538 607 471 547 485 240 307 214 245 504 304 350 209 317 405 197 221 85 226 614 425 450 393 390 
88 64 0 2 0 176 163 72 82 74 75 87 0 0 0 102 92 28 19 19 68 56 0 0 0 
163 307 110 155 127 262 392 145 273 180 132 277 79 169 85 41 192 0 50 0 89 213 56 100 29 
0 0 0 0 54 0 0 0 0 67 0 0 0 0 71 0 0 0 0 61 152 177 152 168 199 
65 0 44 0 14 127 18 55 23 34 129 55 85 46 54 149 84 130 69 85 127 36 46 17 22 
150 0 0 54 0 155 0 0 55 0 141 0 0 40 0 168 0 0 46 0 149 0 0 41 0 
159 124 165 224 109 39 1 80 116 0 80 40 136 174 65 55 0 101 101 25 41 0 86 94 2 
89 126 127 231 185 0 13 9 105 65 0 22 6 93 65 0 23 10 100 68 39 59 38 129 71 
114 109 93 39 8 210 180 169 109 127 92 84 71 0 9 257 226 227 140 131 147 140 134 29 56 
55 127 48 53 52 0 55 0 0 0 2 80 3 4 3 0 64 0 0 0 74 154 61 76 64 
0 0 0 16 0 0 0 0 20 0 0 0 0 23 0 0 0 0 20 0 176 186 219 220 216 
46 8 0 26 39 113 80 73 90 101 47 0 0 27 36 42 2 0 19 43 50 0 0 26 34 
57 7 62 122 109 16 8 42 107 104 74 24 54 134 124 15 0 44 96 96 118 89 117 184 225 
0 69 56 0 67 0 71 63 0 72 0 79 53 0 55 0 66 65 0 69 0 83 67 0 66 
57 32 74 54 44 89 69 110 73 64 21 15 48 26 16 70 57 132 91 59 7 0 36 0 0 
73 0 0 0 55 65 0 0 0 48 86 0 0 0 57 67 0 0 0 51 178 90 76 97 146 
80 100 14 127 77 61 136 11 142 106 49 92 0 136 74 207 229 152 248 179 115 184 78 175 128 
69 86 94 76 60 8 34 39 12 8 0 11 43 0 0 56 69 83 51 45 21 28 54 16 13 
0 0 0 140 35 0 0 0 158 28 27 29 16 157 51 0 0 0 149 34 0 0 0 138 38 
0 0 0 145 15 157 136 128 334 182 0 0 0 165 15 121 128 119 265 115 0 0 0 138 7 
42 159 180 220 66 33 114 154 202 38 67 139 179 205 62 63 213 190 239 96 97 163 198 266 103 
0 0 0 1268 0 0 0 0 1245 0 0 0 0 1264 0 0 3 1 1341 1 0 0 0 1266 0 
195 0 0 0 0 197 13 18 17 20 178 0 0 0 0 196 0 0 0 0 165 0 0 0 0 
101 0 0 0 0 132 0 0 0 0 144 0 0 0 0 118 0 0 0 0 235 98 96 98 106 
254 32 96 87 40 205 0 44 5 0 374 98 168 116 127 440 202 334 242 213 268 40 80 67 57 
70 31 32 77 76 45 0 0 32 64 59 0 0 32 40 59 0 0 37 45 102 45 49 85 90 
0 0 0 36 0 76 61 49 102 57 0 0 0 23 0 46 47 63 92 52 43 49 44 94 40 
0 0 208 0 37 0 0 216 0 30 0 0 210 0 29 0 0 193 0 23 0 0 189 0 31 
0 0 1457 0 0 0 0 1480 0 0 0 0 1365 0 0 0 0 1484 0 0 0 0 1446 0 0 
