723 658 476 653 610 998 943 844 973 879 673 627 438 665 728 912 862 772 866 867 534 464 304 453 549 
233 206 267 245 223 1 0 0 0 0 150 108 152 149 153 0 0 0 0 0 0 0 0 0 0 
78 36 23 165 186 70 0 0 111 113 131 56 25 182 194 51 0 0 67 127 48 0 0 107 91 
159 0 116 152 171 224 52 200 196 230 326 139 278 330 332 254 44 164 213 226 163 2 144 191 161 
138 18 90 115 22 119 7 47 95 0 116 12 42 83 15 121 0 32 111 0 268 166 227 280 154 
103 10 21 0 98 101 8 16 0 122 183 85 108 83 189 166 82 105 77 156 232 127 126 102 243 
0 0 0 0 0 0 0 0 0 0 1023 1046 991 1021 1063 0 0 0 0 0 0 0 0 0 0 
0 0 0 266 0 0 0 2 247 0 106 106 102 376 118 114 108 93 395 125 0 0 0 247 0 
15 8 14 185 5 0 0 0 190 0 38 45 34 191 31 0 0 0 160 0 1 5 0 200 0 
0 0 0 0 0 0 0 0 0 0 0 0 0 0 0 67 67 73 72 82 192 174 175 203 175 
88 93 68 62 193 0 9 0 0 122 0 5 0 0 113 0 4 0 0 112 95 87 85 80 186 
151 155 158 173 167 1 0 0 0 0 1 0 0 0 0 0 0 0 0 0 91 85 75 68 82 
0 0 0 0 0 0 0 0 0 0 0 0 0 0 0 446 448 439 432 435 199 181 180 189 207 
0 218 0 0 100 0 204 0 0 111 143 375 165 147 253 0 209 0 0 110 0 234 0 0 87 
820 0 0 0 0 808 0 0 0 0 803 0 0 0 0 835 0 0 0 0 853 0 0 0 0 
20 1 228 194 224 83 64 255 216 285 123 128 325 290 296 197 208 440 388 403 126 94 300 231 357 
86 142 88 164 80 61 76 65 143 77 0 49 0 44 0 43 104 50 101 37 0 54 0 46 0 
28 7 12 8 16 164 107 111 111 143 32 0 0 0 16 25 1 0 0 27 136 133 108 121 144 
0 0 164 0 0 0 0 150 0 0 0 0 166 0 0 179 151 280 140 151 0 0 158 0 0 
0 84 54 70 0 0 104 49 74 0 56 143 123 144 49 0 90 50 62 0 0 106 74 61 0 
4 0 0 5 136 129 103 122 148 257 131 128 124 114 221 3 3 0 0 119 77 97 89 92 204 
0 0 0 0 0 0 0 0 0 0 0 0 0 0 0 1008 1067 1088 1048 982 0 0 0 0 0 
0 20 56 167 0 0 20 64 131 0 0 20 53 160 0 0 20 55 159 0 0 16 61 153 0 
93 136 91 174 185 8 53 24 85 82 17 55 33 90 119 0 49 0 70 79 0 42 0 68 78 
117 131 150 109 7 112 151 186 112 3 305 312 376 323 204 126 125 144 91 1 282 243 343 262 159 
68 16 17 102 16 70 1 0 110 0 206 150 136 214 124 60 0 0 91 0 99 40 47 158 32 
109 85 38 44 38 141 87 47 51 27 48 40 14 0 0 84 75 18 10 10 82 45 10 0 0 
0 0 189 88 0 0 0 211 72 0 0 0 251 88 0 0 0 199 66 0 0 0 187 64 0 
118 155 149 113 93 0 52 60 0 0 0 42 61 0 0 42 62 95 33 35 0 45 88 0 0 
70 61 73 70 62 113 138 116 131 117 27 47 45 41 40 0 0 0 0 0 0 0 0 0 0 
0 0 0 166 0 0 0 0 174 0 211 207 193 376 210 0 0 0 172 0 0 0 0 157 0 
0 0 0 0 0 164 155 220 152 180 0 0 0 0 0 0 0 0 0 0 91 68 92 80 95 
129 5 20 88 52 141 33 64 131 108 254 94 104 192 173 90 0 0 86 48 214 84 103 194 127 
0 92 0 0 0 0 81 0 0 0 0 72 0 0 0 122 154 77 125 87 51 138 46 50 50 
0 0 98 0 0 88 89 193 113 115 0 0 99 0 0 7 10 101 1 9 14 13 92 7 16 
265 217 209 275 127 113 91 73 116 0 88 97 65 95 0 263 238 176 287 123 140 129 80 147 0 
0 234 0 215 0 0 187 0 200 0 8 209 8 202 7 0 199 0 198 0 0 201 0 209 0 
0 44 0 124 0 0 51 0 147 0 0 48 0 139 0 71 144 75 224 77 0 61 0 145 0 
0 0 1 0 74 80 77 78 61 138 89 70 69 86 130 0 0 0 0 75 0 0 0 0 82 
58 218 308 27 188 14 178 242 1 151 65 232 317 58 192 69 261 302 80 244 189 319 357 152 261 
0 66 42 0 120 25 95 68 21 139 37 114 123 57 120 0 76 33 0 92 0 77 32 0 92 
118 102 121 142 124 19 0 0 45 1 13 0 0 42 0 20 0 0 50 0 97 75 68 129 89 
68 0 65 0 0 63 0 75 0 0 113 52 107 47 50 99 15 76 13 12 66 0 73 0 0 
0 18 84 0 98 0 13 70 0 109 0 16 76 0 108 0 14 93 0 137 0 12 70 0 103 
10 50 119 66 14 47 64 133 78 33 0 41 114 36 0 34 65 125 86 30 0 16 98 55 0 
0 76 0 0 0 0 80 0 0 0 144 259 137 150 146 0 101 0 0 0 15 93 22 28 28 
0 0 0 85 0 69 73 58 146 89 0 0 0 80 0 0 0 0 94 0 84 68 77 181 75 
51 0 95 50 0 60 0 117 58 0 62 0 95 51 0 48 0 109 55 0 46 0 100 51 0 
97 58 0 34 0 118 84 25 51 29 105 96 0 31 0 126 62 0 43 0 107 66 0 36 0 
0 0 0 1 36 256 240 253 257 274 0 0 0 0 52 0 0 0 0 45 0 0 0 0 53 
111 63 66 144 94 73 44 56 109 86 26 0 0 56 10 34 0 0 59 12 46 12 8 64 30 
29 61 8 6 11 17 52 0 0 0 23 75 0 0 0 130 170 128 123 118 27 77 0 0 0 
0 0 0 21 0 186 170 197 198 164 0 0 0 23 0 0 0 0 22 0 0 0 0 19 0 
83 88 146 151 105 0 0 65 70 0 0 0 80 69 0 0 0 77 55 0 0 0 71 67 0 
61 57 59 48 68 41 0 0 0 11 76 60 47 48 72 27 0 0 0 22 90 48 45 49 60 
0 0 28 0 88 10 0 20 4 98 0 0 31 0 94 16 10 53 12 117 111 112 144 92 208 
62 125 158 71 81 31 92 114 28 27 0 40 78 0 0 0 46 84 0 0 0 43 77 0 0 
0 0 118 0 0 0 0 102 0 0 80 126 240 122 112 0 0 97 0 0 0 0 114 0 0 
112 115 34 59 143 44 48 0 0 95 50 61 0 0 76 49 45 0 0 91 60 50 0 0 83 
0 49 0 15 0 45 102 48 66 63 0 56 0 20 21 0 54 0 34 28 17 54 16 35 36 
9 8 128 6 19 0 0 100 0 0 0 0 100 0 0 43 44 150 34 34 95 88 181 70 99 
0 0 0 50 74 88 81 63 117 163 0 0 0 49 73 0 0 0 36 84 0 0 0 47 73 
94 164 78 73 84 21 106 0 0 0 29 115 6 7 9 18 75 0 0 0 23 77 0 1 0 
74 37 100 48 104 20 0 42 12 59 15 0 49 0 72 17 0 57 0 60 0 0 36 0 58 
66 0 4 0 2 78 7 10 0 0 100 59 54 59 71 104 31 11 3 0 157 81 87 82 72 
44 34 118 46 50 0 0 81 0 0 1 0 77 0 0 1 0 70 0 6 26 38 107 34 31 
0 60 61 0 0 0 63 31 0 3 19 101 69 17 19 31 106 56 40 42 0 60 50 0 0 
20 0 84 0 41 51 40 115 39 69 17 0 82 0 25 29 0 93 0 29 26 0 96 0 26 
0 2165 0 0 0 0 2263 0 0 0 0 2122 0 0 0 0 2167 0 0 0 0 2089 0 0 0 
23 115 121 12 14 99 216 187 91 84 7 109 135 3 0 30 184 143 99 51 5 129 91 0 0 
77 128 110 0 0 64 136 120 0 0 81 135 131 0 0 80 144 125 0 0 64 153 144 0 0 
0 87 0 98 0 76 137 61 159 91 53 141 39 148 39 0 81 0 108 0 1 109 0 89 0 
0 0 0 0 0 1285 1239 1240 1205 1273 0 0 0 0 0 0 0 0 0 0 0 0 0 0 0 
0 0 80 125 0 0 0 75 106 0 0 0 80 127 0 0 0 81 125 0 0 0 72 128 0 
148 43 53 90 44 158 51 48 113 62 88 0 0 35 0 85 0 0 39 0 91 0 0 48 0 
0 142 0 0 93 0 151 0 0 85 0 167 0 0 102 0 153 0 0 69 0 164 0 0 102 
222 277 186 202 90 165 226 124 122 19 254 319 211 256 109 282 366 303 279 186 229 334 272 210 142 
90 78 258 286 56 0 0 187 211 2 127 132 286 324 103 0 0 150 194 3 27 24 205 223 24 
141 116 105 141 249 10 21 4 15 165 13 17 11 6 157 217 216 160 186 344 201 235 232 213 371 
0 132 0 0 0 0 92 0 0 0 0 117 0 0 0 6 112 4 8 3 259 355 263 257 255 
48 26 38 11 47 41 15 28 0 39 39 14 34 0 31 67 13 29 0 43 107 99 92 78 116 
202 70 0 100 0 205 70 0 103 0 202 57 0 103 0 184 60 0 106 0 197 60 0 114 0 
0 0 1498 0 0 0 0 1508 0 0 0 0 1406 0 0 0 0 1535 0 0 0 0 1496 0 0 
56 1 6 36 16 78 48 38 78 56 76 51 48 60 60 50 17 11 53 25 48 0 0 22 7 
106 115 123 74 176 0 0 9 0 46 56 79 69 54 114 0 0 19 0 52 0 0 10 0 58 
37 67 0 76 0 130 166 98 170 87 83 87 47 127 57 46 58 0 61 0 33 66 0 70 0 
80 96 91 107 150 83 104 75 60 122 0 25 0 0 59 0 31 0 0 27 54 89 57 52 105 
0 63 0 0 0 29 117 32 35 28 32 127 32 32 31 26 121 21 26 32 36 111 39 35 46 
33 11 40 34 0 102 69 112 112 61 43 20 47 37 0 47 8 44 34 0 41 20 37 39 0 
149 0 0 0 0 131 0 0 0 0 227 86 112 106 106 126 0 0 0 0 142 0 0 0 0 
0 0 0 0 822 0 0 0 0 782 0 0 0 0 832 0 0 0 0 821 0 0 0 0 767 
83 147 95 240 203 0 11 7 123 61 0 14 9 82 79 0 20 14 126 72 33 52 39 145 97 
143 0 0 0 0 274 98 96 82 76 166 0 0 0 0 158 0 0 0 0 149 0 0 0 0 
0 0 0 0 0 72 54 71 64 70 0 0 0 0 0 141 116 142 142 136 0 0 0 0 0 
0 22 0 156 0 40 63 51 199 35 0 19 0 150 0 0 16 0 151 0 0 20 0 174 0 
139 47 110 69 139 102 0 73 28 63 109 22 105 59 85 199 103 162 110 165 89 0 39 28 59 
51 52 64 150 118 34 25 31 88 92 0 0 0 94 69 0 0 0 55 54 7 12 14 87 62 
0 5 65 0 0 101 118 198 91 109 0 9 65 0 0 73 84 195 56 83 0 2 70 0 0 
196 0 193 0 0 203 0 177 0 0 202 3 191 4 1 177 2 187 0 0 208 21 184 10 10 
368 146 365 157 213 411 213 453 229 247 375 156 396 201 243 245 25 274 82 131 225 50 292 51 118 
65 151 69 78 66 0 84 0 22 0 17 127 27 33 27 0 104 0 16 0 0 72 0 20 0 
0 0 32 0 57 35 46 78 44 113 54 74 89 52 121 0 0 33 0 60 0 0 49 0 58 
0 0 17 0 214 0 0 16 0 198 0 0 31 0 184 0 0 26 0 196 0 0 24 0 214 
0 0 0 54 0 0 0 0 63 0 57 59 47 155 47 0 0 0 62 0 89 83 89 177 93 
110 0 0 116 0 136 0 0 138 0 133 0 0 122 0 122 0 0 138 0 134 0 0 135 0 
0 24 77 66 0 97 158 164 166 108 154 202 238 232 144 0 38 96 109 11 81 98 125 156 57 
96 117 107 100 195 0 0 0 0 69 0 0 0 0 64 20 22 25 20 94 0 0 0 0 70 
112 204 122 115 115 0 110 0 0 0 66 179 80 79 75 1 105 0 0 1 80 179 69 60 81 
180 156 95 100 92 92 52 0 0 0 101 55 6 5 10 89 51 0 0 0 81 58 0 0 0 
0 118 0 0 0 41 178 52 60 69 0 143 0 0 0 69 202 91 90 69 0 120 0 0 0 
0 0 0 0 0 0 0 0 0 0 0 0 0 0 0 0 0 0 0 0 443 408 443 442 399 
0 0 36 0 0 73 79 90 74 86 0 0 29 0 0 77 75 85 58 79 19 23 59 21 25 
10 16 19 18 55 0 0 0 0 44 84 85 74 73 108 0 0 0 0 37 80 108 92 83 120 
0 0 0 131 0 0 0 0 120 0 0 0 0 147 0 0 0 0 152 0 77 77 81 200 84 
0 68 0 34 72 0 63 0 40 77 1 56 0 36 93 0 60 0 33 75 16 77 26 56 120 
0 31 0 28 0 85 101 83 79 77 82 84 79 71 79 0 17 0 15 0 123 150 125 149 120 
0 0 117 55 0 43 45 155 106 49 0 0 102 39 0 0 0 88 38 0 0 0 126 35 0 
59 0 0 0 0 125 61 63 77 71 101 20 17 20 14 135 47 48 52 41 58 0 0 0 0 
80 35 33 111 37 33 0 0 90 0 43 0 0 85 0 80 35 30 120 31 50 0 0 83 0 
0 0 61 43 0 0 0 55 43 0 101 99 149 132 97 0 0 61 47 0 0 0 67 42 0 
0 6 47 98 7 0 0 45 71 0 47 28 98 115 45 26 37 65 107 33 0 0 43 75 0 
59 5 60 53 13 45 4 43 48 26 130 73 121 118 97 71 22 49 49 22 53 0 46 46 3 
40 0 63 0 60 40 0 57 0 56 26 0 71 0 76 94 60 112 66 112 30 0 58 0 57 
87 21 153 67 43 56 9 138 62 30 55 0 99 3 6 127 49 162 89 88 91 21 169 47 61 
20 113 160 32 140 130 203 297 135 239 32 116 196 52 183 0 55 158 1 112 80 154 228 115 212 
18 21 22 57 47 40 38 33 75 72 0 0 0 31 29 0 0 0 22 17 75 89 89 122 99 
24 46 0 119 0 34 63 0 141 0 110 115 79 214 86 30 57 0 149 0 46 37 0 114 0 
0 0 59 0 0 165 151 229 153 176 0 0 67 0 0 0 0 78 0 0 0 0 71 0 0 
59 11 10 5 20 86 60 62 64 64 94 73 78 87 83 39 0 5 0 12 34 11 14 7 21 
18 149 89 20 43 0 121 84 5 7 0 107 57 0 24 0 118 71 5 15 57 162 121 50 99 
145 180 95 98 98 70 66 38 21 20 38 61 16 0 0 40 44 12 0 0 28 46 12 0 0 
72 94 14 19 20 51 50 2 0 0 54 69 17 8 17 71 73 39 41 54 82 86 52 31 45 
37 76 41 71 29 0 61 11 42 16 2 51 11 46 19 0 42 14 30 13 39 103 64 96 78 
0 0 60 26 11 0 0 45 35 3 0 0 45 41 5 43 54 123 98 64 54 51 106 95 63 
29 39 26 22 31 0 0 0 0 0 74 60 58 63 56 0 0 0 0 0 124 109 100 116 115 
49 34 5 38 36 0 0 1 0 0 0 0 0 0 0 56 55 69 66 72 125 110 119 171 141 
31 39 98 33 42 0 5 62 6 0 58 51 129 43 41 0 0 50 0 0 0 0 57 16 1 
0 0 100 0 0 0 0 61 2 0 19 20 66 0 18 0 0 97 0 0 0 0 84 0 0 
44 68 0 0 0 66 93 38 30 29 67 107 15 14 9 79 119 37 37 41 37 66 0 0 0 
81 109 65 50 59 12 42 0 0 0 70 119 58 48 51 33 65 26 14 14 22 50 0 0 0 
0 128 120 180 0 0 140 132 173 0 0 111 131 176 2 0 128 120 175 0 0 136 124 176 0 
16 0 0 207 0 15 0 0 143 0 126 108 118 250 107 13 0 0 147 0 27 0 1 153 3 
201 223 46 156 144 236 367 120 187 219 222 291 103 153 171 124 160 26 41 76 337 461 189 261 267 
101 260 158 129 142 8 60 86 17 4 32 99 123 41 33 38 111 102 17 30 0 75 71 0 0 
4 22 18 0 74 5 25 14 0 115 2 12 15 6 54 55 78 70 42 151 29 32 34 22 99 
693 505 623 386 542 446 208 248 129 207 464 285 357 171 274 422 154 186 55 174 548 323 432 283 382 
75 67 0 2 1 143 142 64 67 65 82 84 0 0 0 86 82 22 15 16 63 52 0 0 0 
191 305 130 139 142 303 436 190 300 210 171 305 89 164 99 49 189 0 35 1 91 205 54 67 45 
0 0 0 0 52 0 0 0 0 56 0 0 0 0 66 0 0 0 0 58 134 157 141 153 185 
150 0 0 54 0 156 0 0 55 0 141 0 0 40 0 168 0 0 46 0 149 0 0 41 0 
179 147 172 259 138 43 0 93 131 4 100 49 136 196 65 47 4 108 100 30 47 0 93 105 1 
116 115 83 53 16 185 173 160 118 114 111 97 82 44 23 245 204 194 139 122 147 140 112 31 42 
61 138 53 61 57 0 57 0 0 0 7 82 4 4 4 0 66 0 0 0 76 162 62 79 65 
0 0 0 17 0 0 0 0 20 0 0 0 0 19 0 0 0 0 20 0 175 189 212 212 205 
66 13 68 112 88 6 0 36 90 84 73 16 54 130 109 27 1 33 95 85 158 86 128 219 214 
0 94 78 0 103 0 105 82 0 112 0 127 61 0 84 0 84 92 0 101 0 119 81 0 109 
61 34 78 51 44 100 76 122 93 76 37 23 45 25 15 71 61 118 86 62 7 0 46 1 0 
75 0 0 0 52 69 0 0 0 50 81 0 0 0 60 69 0 0 0 47 180 88 79 97 151 
58 81 0 66 51 45 89 0 106 75 72 52 0 126 67 153 191 110 194 129 93 131 42 139 118 
91 108 112 96 77 13 40 44 15 10 0 14 48 0 0 74 85 106 64 55 29 32 73 27 13 
0 0 0 143 36 0 0 0 161 29 27 30 16 159 50 0 0 0 150 34 0 0 0 138 39 
0 0 0 182 14 192 176 166 422 205 0 0 0 199 18 149 152 151 348 149 1 0 0 178 15 
31 112 145 155 44 23 89 153 191 28 56 123 170 197 71 43 160 144 218 74 62 100 135 226 66 
0 0 0 1271 0 0 0 0 1284 0 0 0 0 1291 0 0 0 2 1357 1 0 0 0 1319 0 
195 0 0 0 0 197 12 17 17 20 178 0 0 0 0 196 0 0 0 0 165 0 0 0 0 
92 0 0 0 0 117 0 0 0 0 122 0 0 0 0 102 0 0 0 0 206 88 85 89 99 
167 67 65 80 93 65 0 1 19 9 145 46 53 85 45 147 71 72 110 105 223 143 113 170 146 
16 40 0 0 16 0 32 0 0 0 0 0 0 0 0 39 48 13 41 61 0 1 1 0 0 
67 91 151 112 88 0 0 47 0 0 0 0 76 0 0 0 0 62 0 0 167 189 231 213 189 
1 14 0 90 232 124 143 124 218 365 0 33 0 87 254 0 16 0 85 246 120 147 118 195 315 
13 29 79 3 254 2 1 65 9 189 116 109 169 117 318 150 152 221 182 380 3 0 67 0 207 
104 184 238 181 68 167 200 278 189 87 125 225 256 195 111 56 136 191 121 35 51 150 192 131 18 
114 0 0 7 0 107 0 0 0 0 125 0 0 0 0 121 0 0 0 0 164 19 33 11 33 
44 64 30 22 40 0 36 0 0 0 47 81 44 38 51 6 28 0 0 30 0 45 0 0 15 
620 631 651 690 642 0 0 0 0 0 0 0 0 0 0 0 0 0 0 0 0 0 0 0 0 
70 64 0 0 0 99 79 20 18 14 150 95 37 39 30 102 76 0 0 0 118 110 33 27 39 
41 0 0 77 87 97 51 53 113 140 20 0 1 71 70 41 6 17 71 65 34 28 38 81 84 
9 10 0 0 81 17 1 0 1 69 67 67 52 47 134 21 28 16 16 80 93 124 108 91 146 
55 0 0 0 0 62 0 0 0 0 64 0 0 0 0 202 133 145 146 141 52 0 0 0 0 
74 149 121 118 151 113 274 186 190 227 10 118 62 55 59 99 188 152 175 169 141 239 212 184 202 
0 0 0 0 0 32 36 34 20 24 0 0 0 0 0 63 70 72 71 92 102 96 100 104 132 
155 6 87 4 24 228 11 72 12 19 303 97 163 106 114 319 177 272 174 161 264 55 106 38 54 
21 0 32 0 0 20 0 16 0 0 40 0 34 18 2 88 56 83 63 68 25 3 27 0 1 
0 0 192 0 37 0 0 225 0 32 0 0 192 0 25 0 0 187 0 19 0 0 182 0 29 
117 72 0 127 56 120 80 0 110 91 141 140 35 146 83 97 85 0 115 59 94 106 0 138 41 
47 79 54 77 40 11 25 0 25 0 78 98 55 111 49 16 52 6 43 5 63 67 63 92 32 
0 0 46 53 0 69 46 100 91 61 0 0 40 36 0 57 52 96 74 45 39 30 79 73 24 
