809 809 549 745 700 1090 1131 981 1023 1094 741 697 514 702 765 1054 980 860 994 1003 608 524 390 479 588 
212 164 226 208 169 0 1 1 0 0 128 95 139 126 133 0 0 0 0 0 0 0 0 0 0 
128 41 35 205 234 88 0 0 173 189 160 47 30 253 242 76 0 0 82 125 79 0 2 135 119 
154 0 141 157 163 258 60 225 264 247 330 146 304 341 381 245 53 187 266 254 174 0 140 226 187 
123 47 90 121 37 115 4 68 81 1 121 31 79 86 10 102 5 46 104 0 271 169 229 274 155 
95 9 20 1 92 85 3 15 0 99 182 93 92 79 170 153 73 89 56 143 207 102 118 108 218 
0 0 0 0 0 0 0 0 0 0 1022 1039 980 1003 1054 0 0 0 0 0 0 0 0 0 0 
0 0 0 254 0 0 0 2 228 1 105 103 96 356 115 110 105 84 372 114 1 0 0 238 0 
15 7 12 175 5 0 0 0 184 0 36 47 35 176 33 0 0 0 155 0 1 6 3 184 2 
0 0 0 0 0 0 0 0 0 0 0 0 0 0 0 72 66 78 94 101 219 219 204 252 213 
78 101 78 66 199 0 9 0 0 140 0 4 0 0 122 1 4 0 0 125 100 91 95 75 205 
140 145 148 160 162 0 0 0 0 0 0 0 0 0 0 0 0 0 0 0 83 86 67 68 83 
0 0 0 0 0 0 0 0 0 0 0 0 0 0 0 419 429 417 394 406 170 162 162 166 186 
0 222 0 0 95 0 194 0 0 98 137 358 153 145 229 0 201 0 0 103 0 233 0 0 85 
823 0 0 0 0 823 0 0 0 0 805 0 0 0 0 848 0 0 0 0 860 0 0 0 0 
14 0 186 135 176 65 24 226 185 236 98 86 269 238 245 182 163 376 321 322 123 85 279 231 315 
92 123 81 150 72 61 78 55 115 63 0 47 0 42 0 55 98 54 88 47 0 31 0 37 0 
27 11 19 6 23 138 110 104 99 114 30 0 0 0 18 21 0 0 0 20 127 115 89 102 148 
0 0 154 0 0 0 0 144 0 0 0 0 160 0 0 187 146 282 152 158 0 0 159 0 0 
0 86 53 64 0 0 105 53 55 0 53 135 119 134 44 0 102 82 71 0 0 106 82 60 0 
0 1 0 1 141 148 115 117 144 238 136 110 112 122 208 0 5 1 0 109 80 77 84 75 172 
0 0 0 0 0 0 0 0 0 0 0 0 0 0 0 1006 1070 1079 1049 980 0 0 0 0 0 
0 18 51 126 0 0 17 52 100 0 0 18 46 129 0 0 17 50 128 0 0 15 51 125 0 
73 115 71 147 154 8 40 20 66 63 11 46 17 72 75 0 43 0 47 58 0 28 0 49 62 
119 126 136 99 2 121 137 180 99 1 281 311 325 320 216 119 127 163 109 0 285 234 328 268 135 
84 12 21 123 20 80 0 0 136 0 231 186 157 260 154 74 0 0 113 1 119 42 55 193 46 
99 74 38 40 28 119 83 42 50 27 47 42 13 0 0 73 62 16 11 12 70 44 9 0 0 
0 0 179 76 0 0 0 206 72 0 0 0 253 73 0 0 0 227 57 0 0 0 193 60 0 
113 150 150 106 99 0 54 59 0 0 0 48 53 0 0 36 68 92 33 38 0 39 83 0 0 
66 51 70 67 58 98 117 102 114 102 21 39 43 35 37 0 0 0 0 0 0 0 0 0 0 
0 0 0 163 0 0 0 0 172 0 230 234 220 410 241 0 0 0 168 0 0 0 0 156 0 
0 0 0 0 0 146 139 173 133 147 0 0 0 0 0 0 0 0 0 0 74 57 71 63 83 
143 4 21 72 61 161 62 64 136 127 259 107 104 175 170 102 3 0 76 54 224 108 96 183 147 
0 89 0 0 0 0 85 0 0 0 0 73 0 0 0 129 165 97 137 93 63 145 45 49 54 
0 0 100 0 0 88 90 179 109 108 0 0 97 0 0 7 10 104 5 8 14 13 85 8 15 
272 211 215 297 132 119 79 73 122 0 84 75 68 110 0 262 233 171 283 118 145 118 105 156 9 
0 232 0 211 0 0 187 0 203 0 8 210 8 204 7 0 193 0 200 0 0 204 0 222 0 
0 40 0 122 0 0 51 0 134 0 0 51 0 137 0 65 139 71 210 62 0 55 0 125 0 
0 0 0 0 67 74 65 71 56 122 78 67 67 74 115 0 0 0 0 67 0 0 0 0 72 
80 272 320 51 208 25 178 260 13 123 64 221 329 62 210 70 257 278 81 235 175 305 360 143 267 
0 49 35 0 87 21 68 47 13 98 30 85 90 40 85 0 61 28 0 70 0 64 28 0 72 
114 93 101 118 117 13 0 0 36 0 13 0 0 39 0 17 0 0 46 0 85 62 56 99 78 
69 0 64 0 0 62 0 75 0 0 113 53 107 47 50 99 16 77 13 12 66 0 72 0 0 
0 19 91 0 113 0 13 76 0 131 0 18 91 0 122 0 16 102 0 148 0 13 83 0 119 
12 49 141 81 19 61 70 160 106 54 0 37 118 37 0 44 71 159 111 45 0 30 108 64 0 
0 67 0 0 0 0 78 0 0 0 134 251 132 148 139 0 103 0 0 0 14 97 18 25 32 
0 0 0 88 0 69 89 75 162 109 0 0 0 92 0 0 0 0 96 0 95 77 86 185 88 
52 0 95 50 0 58 0 113 54 0 59 0 93 51 0 46 0 105 56 0 45 0 99 46 0 
81 49 0 29 0 107 74 17 47 24 92 86 0 26 0 112 55 0 42 0 89 60 0 36 0 
0 0 0 1 32 266 248 254 256 274 0 0 0 0 44 0 0 0 0 55 0 0 0 0 53 
109 54 60 142 91 81 44 65 111 82 25 0 0 60 14 40 0 0 60 11 46 16 10 64 32 
31 60 7 7 10 18 48 0 0 0 21 75 0 0 0 134 167 133 123 121 28 78 0 0 0 
0 0 0 22 0 188 174 197 200 172 0 0 0 23 0 0 0 0 22 0 0 0 0 19 0 
79 83 148 148 98 0 0 59 71 0 0 0 77 66 0 0 0 75 65 0 0 0 67 66 0 
70 62 67 53 75 44 0 0 0 12 88 67 51 53 78 32 0 0 0 24 102 58 51 55 68 
0 0 27 0 72 9 7 40 12 90 0 0 38 0 72 11 7 45 8 99 86 77 117 65 161 
55 107 137 64 70 28 81 95 26 26 0 33 71 0 0 0 37 70 0 0 0 39 66 0 0 
0 0 119 0 0 0 0 97 0 0 80 114 213 119 110 0 0 91 0 0 0 0 112 0 0 
106 121 35 55 151 41 41 0 0 84 42 64 0 0 73 49 50 0 0 80 62 49 0 0 78 
0 51 0 23 36 62 118 59 82 95 0 61 0 28 39 0 55 0 39 42 26 67 22 53 63 
10 10 109 6 14 0 0 99 0 0 0 0 93 0 0 45 42 145 30 30 90 87 174 68 98 
0 0 0 51 75 88 81 63 117 163 0 0 0 49 73 0 0 0 36 84 0 0 0 47 73 
101 174 78 72 94 23 120 0 0 0 32 131 4 4 8 22 79 0 0 0 19 87 0 0 0 
74 38 103 48 103 17 0 43 4 56 18 0 47 0 69 15 0 50 0 61 0 0 39 0 58 
59 0 9 0 1 77 4 0 0 0 107 55 51 61 80 86 36 13 11 0 146 92 83 92 61 
32 34 118 48 43 14 0 81 0 0 0 0 77 0 0 3 0 70 0 0 43 28 112 28 16 
0 60 63 0 0 0 64 38 2 0 21 104 77 21 21 32 109 55 40 42 0 62 52 0 0 
19 0 81 0 39 63 41 114 39 69 21 0 77 0 18 23 0 82 0 10 23 0 90 0 16 
0 2151 0 0 0 0 2185 0 0 0 0 2073 0 0 0 0 2131 0 0 0 0 2078 0 0 0 
15 112 97 11 12 79 183 185 65 53 7 107 79 5 0 47 150 121 63 34 5 95 80 0 0 
71 118 95 0 0 47 144 138 0 0 93 183 139 0 0 79 158 144 0 0 65 143 135 0 0 
0 75 0 95 0 76 118 58 151 72 51 120 28 112 49 0 70 0 99 0 0 92 0 82 0 
0 0 0 0 0 1275 1230 1232 1195 1260 0 0 0 0 0 0 0 0 0 0 0 0 0 0 0 
0 0 85 127 0 0 0 76 110 0 0 0 83 130 0 0 0 81 128 0 0 0 76 130 0 
169 57 55 96 56 168 60 56 124 76 86 0 0 37 0 85 0 0 43 0 88 0 0 53 0 
0 105 0 0 73 0 129 0 0 66 0 138 0 0 77 0 119 0 0 63 0 126 0 0 90 
234 321 235 303 136 85 212 34 127 0 286 462 281 368 136 177 355 160 233 71 239 373 282 313 157 
100 99 297 285 96 0 1 188 182 0 108 96 267 302 106 0 0 161 182 4 16 29 205 197 27 
139 106 113 139 248 9 19 2 1 140 13 22 8 4 159 191 190 160 172 339 216 240 232 208 367 
0 73 0 0 0 0 64 0 0 0 0 68 0 0 0 9 73 4 9 3 184 226 185 159 172 
56 27 42 14 56 46 14 28 0 44 44 9 32 0 31 81 13 34 0 48 131 117 102 89 140 
203 62 0 101 0 205 61 0 104 0 205 50 0 103 0 185 58 0 110 0 192 44 0 113 0 
0 0 1456 0 0 0 0 1480 0 0 0 0 1359 0 0 0 0 1479 0 0 0 0 1457 0 0 
74 5 10 46 24 99 76 53 98 73 92 65 61 71 81 57 27 20 63 31 52 0 0 24 13 
113 131 134 80 194 0 0 6 0 47 56 73 77 54 110 0 0 21 0 56 0 0 15 0 58 
41 89 0 100 0 141 182 97 196 87 119 130 84 187 88 52 78 0 94 0 38 71 0 103 0 
77 96 65 81 124 80 88 63 63 108 0 22 0 0 53 0 23 0 0 34 58 68 52 51 85 
0 63 0 0 0 28 112 30 30 27 30 120 31 29 29 23 105 22 21 30 36 105 38 31 43 
32 11 41 33 0 102 69 110 112 62 43 21 47 36 0 45 7 43 35 0 41 19 37 38 0 
144 0 0 0 0 124 0 0 0 0 215 82 100 103 98 123 0 0 0 0 132 0 0 0 0 
0 0 0 0 827 0 0 0 0 777 0 0 0 0 832 0 0 0 0 824 0 0 0 0 765 
123 96 0 138 61 141 100 9 176 80 176 140 43 194 103 120 104 0 147 96 149 151 4 200 80 
122 0 0 0 0 256 97 83 81 74 156 0 0 0 0 152 0 0 0 0 146 0 0 0 0 
0 0 0 0 0 78 67 76 73 74 0 0 0 0 0 158 131 150 154 154 0 0 0 0 0 
0 22 0 156 0 36 61 47 203 34 0 19 0 142 0 0 16 0 145 0 0 20 0 166 0 
175 62 146 157 173 90 0 88 38 86 118 18 141 91 101 225 126 205 159 213 93 0 63 42 84 
55 55 60 155 116 34 29 33 98 77 0 0 0 92 61 0 0 0 60 55 7 8 6 86 57 
0 9 69 0 0 84 109 199 117 98 0 9 77 0 0 56 79 175 53 60 0 5 72 0 0 
203 7 190 0 0 203 6 174 0 0 203 4 187 4 1 177 4 186 0 0 213 23 184 10 10 
338 136 368 141 248 351 180 426 171 236 357 172 411 212 249 228 26 242 55 144 183 63 284 27 143 
68 176 80 92 71 0 93 0 28 0 17 143 30 36 28 0 122 0 17 0 0 89 0 26 0 
0 0 33 0 60 36 47 81 47 116 57 78 93 55 129 0 0 33 0 64 0 0 54 0 59 
0 0 17 0 192 0 0 16 0 181 0 0 28 0 168 0 0 25 0 181 0 0 23 0 187 
0 0 0 56 0 0 0 0 70 0 63 69 50 154 47 0 0 0 70 0 96 87 96 173 96 
109 0 0 109 0 123 0 0 128 0 125 0 0 106 0 112 0 0 133 0 124 5 0 133 0 
3 23 72 67 0 83 150 158 162 95 152 187 207 202 140 21 56 106 90 24 76 107 114 115 55 
110 134 120 115 230 0 0 0 0 80 0 0 0 0 74 22 26 29 26 118 0 0 0 0 83 
119 207 125 118 120 0 110 0 0 0 74 179 82 82 73 2 104 6 0 7 89 186 77 71 90 
158 143 84 89 91 83 46 0 0 0 96 59 5 5 10 79 55 0 0 0 79 61 0 0 0 
0 130 0 0 0 40 182 55 64 74 0 145 0 0 0 70 206 95 91 69 0 118 0 0 0 
0 0 0 0 0 0 0 0 0 0 0 0 0 0 0 0 0 0 0 0 446 405 444 436 395 
0 0 37 0 0 73 79 92 75 87 0 0 31 0 0 77 75 85 59 79 19 25 59 22 26 
8 16 18 20 59 0 0 0 0 43 92 95 85 81 119 0 0 0 0 38 74 106 90 80 125 
0 0 0 133 0 0 0 0 121 0 0 0 0 148 0 0 0 0 152 0 81 79 79 213 85 
0 74 0 40 77 0 69 0 43 87 1 66 0 36 100 1 64 0 39 82 17 81 28 60 121 
0 112 0 0 0 0 108 0 0 0 0 106 0 0 0 0 96 0 0 0 97 185 99 105 92 
0 36 0 34 0 105 129 98 104 108 95 91 92 93 84 0 25 0 13 0 137 177 140 155 132 
0 0 117 54 0 43 45 155 105 50 0 0 102 39 0 0 0 89 38 0 0 0 126 35 0 
59 0 0 0 0 126 62 61 76 69 99 20 18 20 15 131 47 46 52 41 58 0 0 0 0 
83 32 33 110 37 37 0 0 90 0 48 0 0 83 0 83 35 29 120 32 55 0 0 82 0 
0 0 25 25 0 0 0 0 23 0 101 99 82 112 97 0 0 0 35 0 0 0 14 23 0 
3 7 49 103 7 0 0 58 82 0 52 36 113 138 60 34 42 71 127 41 0 0 50 86 0 
62 6 48 56 12 39 5 41 45 20 125 78 130 132 94 71 21 47 58 17 53 0 50 43 3 
49 0 68 0 62 39 0 72 0 63 31 0 75 0 85 106 61 126 70 133 40 0 70 0 65 
97 30 166 84 60 75 18 169 89 34 62 0 140 33 14 166 88 220 133 126 89 36 194 75 63 
8 98 164 24 144 124 184 310 137 260 34 120 226 50 179 0 40 179 4 116 75 149 244 116 226 
19 21 22 57 48 38 36 34 74 68 0 0 0 30 28 0 0 0 22 16 73 88 89 122 97 
23 34 0 98 0 38 56 0 125 0 98 82 54 156 64 32 50 0 131 0 50 39 0 106 0 
0 0 55 0 0 165 150 223 150 178 0 0 61 0 0 0 0 79 0 0 0 0 70 0 0 
72 11 10 7 22 101 66 77 73 72 114 83 94 110 95 47 0 6 0 15 39 12 12 7 31 
20 145 97 18 51 0 125 84 7 17 0 112 57 0 33 0 129 72 6 17 48 170 108 42 90 
133 182 90 91 93 72 60 38 21 21 40 41 11 0 0 38 42 10 0 0 30 39 10 0 0 
77 87 14 20 14 55 52 0 0 0 57 69 13 3 5 77 69 38 40 50 91 72 47 24 41 
38 78 44 71 28 0 62 11 43 15 2 51 11 46 19 0 43 14 31 13 39 104 64 97 78 
0 0 64 28 12 0 0 49 43 3 0 0 49 41 6 47 61 135 112 74 57 54 111 98 69 
29 38 26 22 31 0 0 0 0 0 71 59 57 62 55 0 0 0 0 0 120 107 99 113 110 
49 33 27 38 44 0 0 3 0 0 0 0 13 0 0 48 44 63 60 63 126 103 138 159 153 
40 43 107 53 53 5 4 59 13 14 50 40 120 48 42 0 0 51 2 0 0 0 51 23 0 
0 0 180 32 0 0 0 141 23 0 19 20 156 37 18 0 0 166 23 0 0 0 161 23 0 
46 87 0 0 0 73 113 44 36 29 74 135 18 16 9 89 135 43 45 46 42 81 0 0 0 
81 110 64 50 59 12 42 3 0 0 70 121 58 47 51 34 65 25 16 14 22 51 0 0 0 
0 116 111 167 0 0 130 120 170 0 0 110 124 168 0 0 118 116 159 0 0 125 119 167 0 
25 0 0 223 0 11 0 0 154 0 121 111 127 277 114 15 0 0 155 0 23 1 0 159 0 
137 169 24 72 105 177 255 89 113 183 166 216 77 95 128 97 120 2 37 61 255 330 139 171 226 
66 186 153 88 107 9 53 71 8 1 33 79 113 31 37 21 91 74 14 24 0 70 56 0 0 
0 29 12 0 67 6 36 22 5 112 0 16 13 2 57 67 87 82 36 152 28 44 32 29 95 
721 495 577 418 510 523 239 311 195 232 456 313 364 199 283 383 177 211 78 181 557 359 438 342 389 
77 63 1 3 1 154 146 68 74 68 71 72 0 0 0 91 80 19 14 16 66 56 0 0 0 
162 293 117 109 122 273 396 162 250 192 150 293 85 121 85 49 179 0 23 0 96 211 53 77 41 
0 0 0 0 53 0 0 0 0 64 0 0 0 0 74 0 0 0 0 59 135 166 149 159 192 
150 0 0 54 0 156 0 0 55 0 141 0 0 40 0 168 0 0 46 0 149 0 0 41 0 
192 133 195 284 131 38 1 91 134 0 93 38 137 209 79 51 4 114 104 29 43 0 93 103 0 
78 139 98 199 195 0 9 6 106 50 0 14 7 78 71 0 13 13 110 63 35 48 30 127 66 
110 109 78 58 11 187 182 161 134 138 108 82 84 52 32 242 208 203 145 149 139 160 126 64 71 
66 142 54 66 59 0 61 0 0 0 7 83 5 5 4 0 75 0 0 0 85 167 65 80 74 
0 0 0 18 0 0 0 0 21 0 0 0 0 21 0 0 0 0 21 0 192 210 225 229 228 
60 5 66 107 101 11 4 32 122 93 76 22 58 149 117 25 0 42 92 96 151 85 134 224 224 
0 104 82 0 102 0 99 79 0 97 0 123 58 0 81 0 96 83 0 93 0 121 79 0 94 
45 23 55 38 33 72 52 91 56 55 22 17 34 20 13 55 45 102 70 49 8 0 32 0 0 
92 0 0 0 58 73 0 0 0 50 101 0 0 0 59 72 0 0 0 52 190 99 81 102 165 
53 56 0 47 34 42 58 0 78 53 39 42 0 92 47 122 144 80 144 100 51 87 25 73 69 
69 87 96 76 62 10 36 39 13 9 0 14 44 0 0 58 69 84 51 45 21 29 55 19 13 
0 0 0 148 35 0 0 0 166 30 27 29 16 165 54 0 0 0 159 35 0 0 0 154 39 
0 0 0 190 14 243 208 191 447 248 0 0 0 197 18 168 169 176 358 170 0 0 0 189 7 
44 142 145 155 49 34 94 141 157 20 60 148 164 183 72 64 163 176 228 94 114 134 191 222 96 
0 0 0 1302 0 0 0 0 1314 0 0 0 0 1346 0 0 2 1 1393 1 0 0 0 1334 0 
195 0 0 0 0 197 13 18 17 20 178 0 0 0 0 196 0 0 0 0 166 0 0 0 0 
92 0 0 0 0 117 0 0 0 0 122 0 0 0 0 102 0 0 0 0 206 88 85 89 99 
164 75 59 99 96 77 0 0 10 11 154 36 35 47 50 133 39 51 94 80 183 122 107 154 122 
8 16 0 0 0 0 36 0 0 0 2 4 0 0 0 32 41 28 35 48 0 0 0 0 0 
72 83 138 112 82 0 0 42 0 0 0 0 67 0 0 0 0 50 0 0 186 159 198 181 175 
2 13 0 71 214 118 134 118 195 334 2 25 4 85 243 0 13 4 85 253 117 141 119 172 305 
16 27 72 19 244 2 6 46 10 183 129 116 167 131 301 150 164 215 186 366 3 8 61 3 201 
135 268 294 198 87 165 228 309 181 85 153 240 285 166 113 43 194 226 104 29 90 223 246 144 40 
109 0 0 5 0 88 0 0 0 0 105 0 0 1 0 112 0 0 0 0 133 16 23 39 33 
37 57 43 33 60 0 46 0 0 11 47 81 44 37 53 0 32 0 0 27 0 55 0 0 24 
617 622 648 677 630 0 0 0 0 0 0 0 0 0 0 0 0 0 0 0 0 0 0 0 0 
90 72 0 0 0 122 84 20 24 16 181 110 39 50 29 123 90 0 0 0 128 124 29 27 40 
35 0 2 61 78 85 52 48 106 135 22 0 1 67 72 37 11 15 61 68 29 29 31 76 80 
0 0 46 53 0 70 52 106 95 63 0 0 40 35 0 60 48 95 82 47 44 31 73 72 28 
13 11 0 0 80 14 3 0 0 61 65 69 49 43 138 21 21 16 14 69 93 114 96 92 133 
55 0 0 0 0 62 0 0 0 0 66 0 0 0 0 206 134 146 147 142 52 0 0 0 0 
65 152 133 130 152 95 312 163 168 240 1 124 63 40 52 121 208 149 158 155 125 238 233 197 188 
0 0 0 0 0 31 35 29 19 22 0 0 0 0 0 59 67 68 65 90 100 94 96 97 126 
147 7 80 10 20 222 1 73 4 8 287 79 160 91 107 317 166 267 154 169 218 55 94 37 43 
12 0 29 0 0 22 0 15 3 0 45 3 28 13 0 82 53 79 63 65 27 3 26 2 3 
0 0 203 0 37 0 0 232 0 38 0 0 209 0 25 0 0 191 0 20 0 0 188 0 32 
