833 860 604 711 739 1125 1199 962 1080 1038 661 640 477 656 691 987 882 738 878 891 638 568 380 469 551 
258 192 253 223 216 0 2 0 0 0 144 131 143 134 144 0 0 0 0 0 0 0 0 0 0 
113 70 37 174 232 59 0 0 130 160 150 44 31 257 233 54 0 0 71 144 64 0 0 128 144 
199 0 155 194 200 262 58 269 252 298 371 148 338 395 412 286 71 219 248 279 184 0 151 220 193 
137 28 105 128 35 121 6 72 71 0 108 27 71 78 16 114 4 56 102 0 281 159 237 282 163 
83 7 4 0 73 76 5 6 0 94 154 78 94 79 152 139 62 88 59 141 183 83 101 93 205 
0 0 0 0 0 0 0 0 0 0 1059 1064 1019 1038 1088 0 0 0 0 0 0 0 0 0 0 
0 0 0 281 0 0 0 0 276 0 121 110 107 395 123 131 106 93 418 128 4 0 0 279 0 
13 8 16 183 5 0 0 0 192 0 41 49 39 197 32 0 0 0 169 0 3 7 5 190 3 
0 0 0 0 0 0 0 0 0 0 0 0 0 0 0 71 87 88 77 96 222 210 201 231 192 
75 99 75 55 176 0 13 0 0 107 0 3 0 0 103 0 5 0 0 115 82 76 82 64 167 
137 143 149 154 159 0 0 0 0 0 0 0 0 0 0 0 0 0 0 0 82 81 62 65 82 
0 0 0 0 0 0 0 0 0 0 0 0 0 0 0 446 434 429 420 437 195 187 189 196 212 
0 211 0 0 90 0 183 0 0 106 107 349 142 116 209 0 208 0 0 103 0 234 0 0 83 
803 0 0 0 0 802 0 0 0 0 789 0 0 0 0 819 0 0 0 0 830 0 0 0 0 
12 5 199 157 209 85 54 219 205 246 121 124 281 225 267 188 180 396 340 334 124 101 264 215 307 
102 141 88 153 87 88 105 91 120 84 0 52 0 45 0 58 106 63 112 58 0 52 0 51 0 
31 8 16 8 18 134 116 122 106 136 29 0 0 0 21 22 0 0 0 18 130 121 107 104 152 
0 0 154 0 0 0 0 138 0 0 0 0 166 0 0 170 137 281 136 151 0 0 148 0 0 
0 89 57 62 0 0 112 56 56 0 52 141 129 144 48 0 86 60 57 0 0 103 73 50 0 
0 0 0 1 143 113 112 104 146 230 120 104 114 100 203 5 0 0 0 115 83 88 98 87 195 
0 0 0 0 0 0 0 0 0 0 0 0 0 0 0 1001 1049 1070 1042 973 0 0 0 0 0 
0 20 53 144 0 0 17 56 125 0 0 18 51 153 0 0 18 55 146 0 0 14 54 148 0 
81 133 79 163 168 10 48 24 73 81 21 49 25 89 103 0 68 0 74 71 0 34 0 64 70 
115 135 134 89 13 115 142 187 82 1 315 308 366 305 232 107 136 162 74 1 279 249 363 225 159 
70 15 14 96 16 83 0 0 121 0 215 165 147 239 133 61 0 0 105 0 95 41 48 176 45 
123 111 54 54 38 148 110 50 58 32 53 50 15 0 0 85 93 21 10 16 101 47 9 0 0 
0 0 220 86 0 0 0 243 76 0 0 0 319 87 0 0 0 268 65 0 0 0 217 64 0 
112 147 135 99 90 0 46 57 0 0 0 47 53 0 0 38 59 88 32 34 0 40 74 0 0 
72 58 77 76 64 119 128 123 126 113 23 42 46 37 41 0 0 0 0 0 0 0 0 0 0 
0 0 0 176 0 0 0 0 186 0 225 223 199 415 225 0 0 0 180 0 0 0 0 158 0 
0 0 0 0 0 153 141 184 140 151 0 0 0 0 0 0 0 0 0 0 81 56 73 64 82 
167 1 32 107 69 166 49 61 148 125 274 110 113 204 179 112 0 0 92 49 238 104 110 204 165 
0 83 0 0 0 0 77 0 0 0 0 62 0 0 0 108 158 89 121 85 51 133 45 47 49 
0 0 95 0 0 85 85 175 104 104 0 0 90 0 0 7 9 97 3 8 14 13 82 9 15 
263 239 205 301 128 125 120 78 131 0 95 108 67 111 0 258 254 163 287 119 150 166 84 174 0 
0 42 0 136 0 0 51 0 145 0 0 48 0 139 0 75 170 78 224 89 0 54 0 124 0 
0 0 0 0 81 87 72 88 63 151 93 83 83 91 145 0 0 0 0 81 0 0 0 0 88 
86 236 289 34 187 55 192 238 10 152 99 265 313 60 218 127 294 304 112 239 233 332 376 166 296 
0 43 32 0 79 19 59 45 13 87 28 79 86 38 79 0 56 26 0 65 0 60 27 0 69 
112 88 106 117 116 13 0 0 39 0 14 0 0 37 0 17 0 0 38 0 95 63 64 105 80 
71 0 69 0 0 63 0 81 0 0 122 57 118 52 55 109 20 88 14 12 73 0 81 0 0 
0 18 89 0 100 0 12 75 0 115 0 17 81 0 114 0 15 97 0 142 0 14 71 0 101 
15 55 140 77 18 58 73 143 103 51 0 38 116 35 0 45 76 154 94 43 0 24 108 54 0 
0 72 0 0 0 0 78 0 0 0 134 248 133 156 140 0 102 0 0 0 14 94 21 26 30 
0 0 0 71 0 61 64 51 123 81 0 0 0 70 0 0 0 0 80 0 71 63 57 147 61 
53 0 96 50 0 59 0 118 54 0 61 0 98 53 0 50 0 115 60 0 47 0 106 48 0 
75 46 0 29 0 102 72 16 47 23 90 86 0 25 0 109 53 0 40 0 87 57 0 33 0 
0 0 0 0 33 253 246 254 254 286 0 0 0 0 52 0 0 0 0 55 0 0 0 0 54 
97 52 66 116 89 61 43 56 103 78 28 0 0 60 10 29 0 0 49 12 43 12 9 60 28 
31 57 8 6 10 18 52 0 0 0 22 79 0 0 0 129 165 126 117 114 28 77 0 0 0 
0 0 0 21 0 193 176 202 202 167 0 0 0 24 0 0 0 0 22 0 0 0 0 19 0 
77 84 144 154 95 0 0 56 66 0 0 0 79 65 0 0 0 72 60 0 0 0 69 68 0 
74 65 62 58 81 46 0 0 0 11 86 66 54 50 83 33 0 0 0 22 97 53 49 51 73 
0 0 31 0 86 11 4 41 12 110 0 0 50 0 105 13 4 40 0 115 104 115 158 96 211 
65 123 160 78 81 40 97 117 29 31 0 42 81 0 0 0 38 87 0 0 0 45 74 0 0 
0 0 119 0 0 0 0 96 0 0 84 123 223 119 106 0 0 90 0 0 0 0 109 0 0 
113 116 34 58 148 34 40 0 0 83 46 62 0 0 75 48 42 0 0 80 62 50 0 0 81 
0 46 0 22 36 58 111 54 78 89 0 52 0 25 38 0 53 0 38 40 26 60 22 51 63 
9 8 103 6 13 0 0 99 0 0 0 0 93 0 0 43 41 132 27 30 80 84 165 62 96 
0 0 0 51 75 86 79 62 115 159 0 0 0 49 73 0 0 0 36 83 0 0 0 47 73 
94 165 78 73 84 22 106 0 0 0 30 115 7 8 8 22 75 0 0 0 24 80 3 1 0 
74 38 102 43 102 19 0 43 8 56 15 0 41 0 75 19 0 57 0 59 5 0 38 0 52 
45 0 18 0 2 63 7 9 0 0 94 49 60 55 73 83 9 0 5 6 123 87 91 96 53 
38 34 118 48 48 0 0 81 0 1 0 0 77 0 0 3 0 70 0 0 44 38 109 34 29 
0 62 66 0 0 1 70 56 0 0 21 104 79 21 21 32 109 64 40 42 0 62 53 0 0 
0 0 83 0 34 17 32 104 24 60 0 0 78 0 21 0 1 84 0 17 4 0 85 0 22 
0 2161 0 0 0 0 2217 0 0 0 0 2090 0 0 0 0 2156 0 0 0 0 2086 0 0 0 
19 105 107 18 13 87 186 194 81 57 6 114 101 4 0 30 148 141 66 35 5 104 81 0 0 
60 95 84 0 0 47 119 100 0 0 67 112 99 0 0 62 118 101 0 0 59 118 107 0 0 
0 92 0 122 0 75 160 80 205 89 82 178 41 164 59 0 86 0 130 0 0 109 0 130 0 
0 0 0 0 0 1285 1245 1248 1206 1269 0 0 0 0 0 0 0 0 0 0 0 0 0 0 0 
0 0 79 124 0 0 0 75 106 0 0 0 80 127 0 0 0 77 125 0 0 0 71 126 0 
139 45 48 83 37 138 48 46 104 62 78 0 0 35 0 83 0 0 34 0 84 0 1 42 0 
0 144 0 0 95 0 178 0 0 83 0 179 0 0 96 0 148 0 0 77 0 154 0 0 107 
144 220 158 199 91 97 176 90 120 13 233 329 240 268 119 232 317 241 251 147 148 301 227 208 124 
98 74 258 267 88 0 0 177 182 0 114 111 257 308 96 0 0 156 172 7 11 11 182 198 22 
152 120 107 161 246 8 21 1 19 147 8 14 11 3 148 205 226 184 194 354 230 264 255 238 410 
0 147 0 0 0 0 121 0 0 0 0 123 0 0 0 0 119 2 0 0 256 356 258 243 249 
55 24 52 12 49 45 14 36 0 42 47 17 40 0 35 71 14 32 0 42 116 102 93 76 123 
200 74 0 101 0 204 70 0 104 0 204 53 0 104 0 190 64 0 109 0 198 54 1 117 0 
0 0 1454 0 0 0 0 1488 0 0 0 0 1385 0 0 0 0 1495 0 0 0 0 1463 0 0 
75 4 12 63 30 116 70 63 115 71 111 58 72 86 90 65 33 21 81 31 65 0 0 31 13 
102 118 118 79 176 0 0 6 0 40 60 72 75 53 100 0 0 18 0 47 0 0 13 0 59 
45 85 0 108 0 139 181 95 208 83 113 132 88 205 92 52 79 0 106 0 39 68 0 109 0 
91 98 77 89 143 79 80 67 60 111 0 23 0 0 52 0 27 0 0 33 58 80 54 51 86 
0 71 0 0 0 28 124 38 39 29 36 142 38 38 35 31 134 29 33 40 49 133 53 39 50 
33 10 41 34 0 103 71 112 112 63 42 21 47 37 0 47 9 44 34 0 41 20 37 39 0 
145 0 0 0 0 134 0 0 0 0 219 80 102 104 101 124 0 0 0 0 127 0 0 0 0 
0 0 0 0 823 0 0 0 0 782 0 0 0 0 841 0 0 0 0 830 0 0 0 0 774 
81 162 115 241 229 2 10 8 117 64 0 14 6 87 90 0 11 10 128 66 42 49 33 128 77 
136 0 0 0 0 255 93 90 87 77 155 0 0 0 0 148 0 0 0 0 144 0 0 0 0 
0 0 0 0 0 79 56 78 70 74 0 0 0 0 0 152 122 149 149 143 0 0 0 0 0 
0 22 0 150 0 35 62 47 190 33 0 19 0 139 0 0 19 0 145 0 0 20 0 170 0 
148 41 110 119 172 66 0 90 31 62 72 0 79 64 66 166 93 142 112 183 44 0 59 38 58 
47 56 66 162 133 36 30 36 103 91 0 0 0 95 72 0 0 0 52 58 6 11 8 100 74 
0 9 62 0 0 84 104 170 82 96 0 11 67 0 0 58 87 173 50 65 0 7 62 0 0 
109 0 110 0 0 101 0 84 0 0 91 0 100 4 1 69 0 100 0 0 108 10 88 9 10 
328 104 291 122 170 382 167 411 174 201 356 127 373 193 211 211 4 221 41 98 196 17 223 21 68 
69 166 74 88 68 0 86 0 26 0 18 132 31 38 29 0 109 0 18 0 0 77 0 22 0 
0 0 33 0 58 35 46 78 44 113 55 74 89 53 121 0 0 33 0 61 0 0 49 0 58 
0 0 20 0 208 0 0 17 0 199 0 0 29 0 181 0 0 25 0 196 0 0 27 0 211 
0 0 0 54 0 0 0 0 59 0 56 64 45 144 46 0 0 0 61 0 90 86 84 168 88 
108 0 0 118 0 149 0 0 143 0 138 0 0 120 0 122 0 0 138 0 135 0 0 138 0 
3 45 90 69 1 121 204 209 205 142 179 243 264 220 168 12 84 123 115 21 76 126 131 143 54 
96 117 106 100 195 0 0 0 0 69 0 0 0 0 65 20 22 25 20 94 0 0 0 0 70 
118 209 124 116 120 0 111 0 0 0 74 179 81 80 74 7 108 2 0 12 94 194 81 78 93 
136 125 76 76 76 76 43 0 0 0 85 46 3 4 8 62 47 0 0 0 71 55 0 0 0 
0 135 0 0 0 49 198 69 73 96 0 154 0 0 0 81 239 91 98 75 0 130 0 0 0 
0 0 0 0 0 0 0 0 0 0 0 0 0 0 0 0 0 0 0 0 449 412 447 432 398 
0 0 37 0 0 73 79 92 75 87 0 0 31 0 0 77 75 85 59 79 19 25 59 22 26 
7 14 16 17 51 0 0 0 0 36 80 78 71 69 97 0 0 0 0 32 68 94 78 76 102 
0 0 0 131 0 0 0 0 116 0 0 0 0 143 0 0 0 0 146 0 80 76 85 199 81 
1 64 0 33 71 3 60 0 38 77 0 54 0 36 91 0 59 0 32 72 19 70 23 56 112 
0 10 0 21 0 78 92 67 53 79 78 74 73 57 73 0 12 0 8 0 122 146 126 130 120 
0 0 117 55 0 43 44 155 106 50 0 0 102 38 0 0 0 89 38 0 0 0 126 35 0 
59 0 0 0 0 126 62 61 76 69 99 20 18 20 15 131 47 46 52 41 58 0 0 0 0 
82 34 32 110 37 38 0 0 91 0 48 0 0 85 0 82 35 30 120 32 53 0 0 81 0 
0 0 63 43 0 0 0 55 43 0 101 99 149 132 97 0 0 62 47 0 0 0 67 41 0 
3 6 51 98 7 0 0 50 74 0 50 31 106 122 55 28 41 69 109 35 0 0 48 79 0 
66 7 51 55 11 40 6 42 43 15 133 81 135 118 88 85 22 46 56 13 66 0 57 44 0 
44 0 63 0 70 43 0 60 0 58 28 0 75 0 78 104 59 118 69 119 33 0 70 0 59 
100 38 164 89 60 84 12 124 85 41 68 0 116 42 11 157 39 191 122 92 124 43 202 109 66 
20 82 166 30 124 133 190 285 107 228 33 109 203 47 168 0 47 165 4 116 71 134 206 86 212 
25 28 27 75 61 47 51 47 96 99 0 0 0 44 33 0 0 0 28 18 92 122 111 160 124 
17 31 0 83 0 29 47 0 103 0 77 72 39 128 52 25 36 0 103 0 40 33 0 80 0 
0 0 54 0 0 165 145 208 155 182 0 0 59 0 0 0 0 70 0 0 0 0 69 0 0 
63 12 10 6 20 96 69 68 74 68 104 78 89 91 89 43 0 5 0 13 36 12 17 7 21 
21 134 94 22 45 0 106 79 9 7 0 99 47 0 27 0 111 57 3 15 50 172 118 47 94 
147 182 91 104 96 67 69 42 21 21 44 57 16 0 0 43 48 15 0 0 30 44 14 0 0 
69 61 0 0 0 65 34 0 0 0 70 62 19 0 16 88 70 49 47 51 81 40 42 0 39 
37 76 42 68 29 0 62 11 39 16 0 51 8 41 19 0 43 13 31 13 39 104 64 97 78 
0 0 63 31 13 0 0 49 39 3 0 0 50 45 6 49 60 139 110 63 57 55 112 107 69 
29 38 26 22 30 0 0 0 0 0 71 59 57 62 55 0 0 0 0 0 119 107 98 114 110 
35 30 36 21 33 0 0 7 0 0 0 0 6 0 0 62 64 89 70 69 126 97 118 140 147 
37 40 101 23 36 0 5 58 0 8 57 46 131 42 41 0 0 53 0 2 1 0 63 0 0 
0 0 94 2 0 0 0 46 0 0 19 20 16 0 18 0 0 57 1 0 0 0 81 0 0 
43 70 0 0 0 66 93 37 30 29 67 107 17 14 9 79 118 36 37 41 36 66 0 0 0 
88 124 70 58 70 12 48 4 0 0 82 139 65 52 61 40 79 29 20 17 24 64 0 0 0 
0 129 118 176 0 0 148 135 168 1 0 117 133 181 3 0 119 125 170 0 0 136 129 187 0 
22 0 0 202 0 19 0 0 136 0 130 102 125 248 99 14 0 0 141 0 36 1 1 150 1 
121 139 22 85 112 192 246 104 108 200 157 209 78 96 143 87 116 12 42 55 257 301 137 192 203 
60 180 119 82 93 7 40 68 16 3 28 77 101 36 29 22 83 63 10 22 0 58 56 0 0 
4 18 5 0 66 8 33 18 0 106 0 20 7 6 50 61 80 65 42 139 25 33 35 21 95 
701 480 596 385 513 437 168 238 137 242 493 279 353 192 333 335 105 128 59 180 539 323 439 282 428 
95 68 3 4 0 180 159 88 79 68 105 84 0 0 0 108 91 24 16 21 81 71 0 0 0 
167 310 129 130 127 236 371 143 233 178 123 281 84 138 70 40 189 3 32 0 79 204 62 67 30 
0 0 0 0 52 0 0 0 0 56 0 0 0 0 65 0 0 0 0 59 136 158 142 158 190 
150 0 0 54 0 156 0 0 55 0 141 0 0 40 0 168 0 0 45 0 149 0 0 41 0 
185 166 199 265 140 46 0 82 148 2 81 47 119 182 56 34 11 104 95 23 39 5 91 114 1 
103 85 85 47 3 155 130 124 90 97 78 71 62 37 3 227 187 196 135 118 148 127 133 64 69 
77 157 66 76 68 0 74 1 0 0 7 99 3 12 8 0 87 0 0 0 95 198 77 104 77 
0 0 0 16 0 0 0 0 19 0 0 0 0 19 0 0 0 0 19 0 168 183 211 207 199 
67 7 54 135 98 33 3 32 119 91 82 26 52 155 109 35 0 32 117 88 154 86 134 222 230 
0 116 85 0 107 0 115 85 0 115 0 127 63 0 96 0 107 107 0 111 0 128 87 0 123 
44 22 54 37 31 71 52 86 53 51 19 16 30 16 5 50 44 100 69 46 7 0 29 0 0 
85 0 0 0 54 69 0 0 0 49 90 0 0 0 59 64 0 0 0 52 180 88 79 92 149 
65 107 0 88 51 53 89 1 122 70 90 100 0 155 85 139 193 87 185 136 104 166 47 144 95 
119 138 138 104 99 19 46 73 16 11 0 19 59 0 0 83 102 118 70 73 32 44 74 29 25 
0 0 0 140 35 0 0 0 158 28 27 29 16 157 51 0 0 0 149 34 0 0 0 138 38 
0 0 0 184 12 242 202 183 448 237 0 0 0 194 18 163 156 181 379 166 1 0 0 196 8 
57 162 190 170 64 19 114 175 189 28 88 170 204 206 90 82 214 251 269 128 112 170 224 270 105 
0 0 0 1289 0 0 1 0 1312 0 0 0 0 1326 0 0 0 0 1377 0 0 0 0 1310 0 
195 0 0 0 0 197 12 17 17 20 178 0 0 0 0 196 0 0 0 0 166 0 0 0 0 
92 0 0 0 0 117 0 0 0 0 122 0 0 0 0 102 0 0 0 0 206 88 85 89 99 
187 94 84 125 122 66 0 0 17 11 156 35 38 43 52 172 41 60 94 79 218 148 106 163 163 
69 63 132 115 81 0 0 57 0 0 0 0 67 0 0 0 0 58 0 0 181 188 255 193 191 
2 9 0 73 206 114 118 121 195 336 2 17 0 77 249 0 16 0 81 254 113 137 113 175 302 
6 9 89 8 239 6 4 62 6 188 118 110 186 114 286 139 159 226 174 369 0 0 63 0 183 
98 252 277 189 75 158 268 303 204 84 136 261 277 164 115 78 190 212 102 17 72 224 222 127 14 
110 0 0 2 0 106 0 0 0 0 116 0 0 1 0 121 0 0 0 0 142 16 29 61 36 
32 57 38 30 38 0 50 0 0 6 51 82 45 40 58 7 32 0 0 26 2 48 0 1 24 
611 634 644 672 628 0 0 0 0 0 0 0 0 0 0 0 0 0 0 0 0 0 0 0 0 
81 63 0 0 0 104 82 19 19 14 160 105 38 43 28 106 75 0 0 0 117 109 23 28 36 
37 0 0 70 78 84 50 53 107 148 23 0 1 71 74 44 12 19 61 69 33 29 32 85 89 
12 11 1 0 74 18 0 1 4 66 71 73 48 41 139 20 26 16 11 76 96 116 89 97 139 
55 0 0 0 0 62 0 0 0 0 64 0 0 0 0 203 133 145 146 141 52 0 0 0 0 
75 118 78 110 116 98 219 128 142 186 20 107 49 47 39 112 186 116 149 142 105 211 186 170 170 
0 0 0 0 0 32 36 34 22 22 0 0 0 0 0 59 71 77 73 96 104 101 104 103 133 
164 14 87 10 21 238 1 52 8 20 287 99 154 92 108 331 170 284 156 153 268 41 79 30 49 
15 0 43 0 0 16 0 20 0 0 22 0 37 6 0 107 69 102 83 85 20 3 33 0 4 
0 0 202 0 41 0 0 230 0 28 0 0 200 0 24 0 0 203 0 29 0 0 196 0 33 
121 77 0 124 46 130 98 0 135 90 129 131 37 161 80 94 68 0 125 65 90 84 1 140 42 
41 66 43 58 33 11 22 0 19 0 61 81 51 87 37 12 43 6 31 5 56 56 54 79 29 
0 0 43 49 0 65 45 92 84 56 0 0 35 31 0 51 44 93 77 42 38 27 71 63 24 
4 0 0 0 13 0 10 0 0 0 0 0 0 0 0 35 36 17 45 63 0 0 0 0 0 
0 235 0 217 0 0 186 0 205 0 3 207 6 211 0 0 198 0 202 0 0 200 0 213 0 
103 17 90 0 0 113 10 98 0 0 120 9 95 0 0 130 10 92 0 0 121 15 104 0 0 
