916 888 666 752 858 1106 1119 1038 1052 1051 703 737 612 646 769 1049 1013 890 1016 1033 578 552 481 460 586 
154 123 146 141 135 0 0 0 0 0 110 70 110 93 98 0 0 0 0 0 0 0 0 0 0 
133 42 30 171 179 71 0 0 150 142 172 82 68 261 293 67 0 0 90 122 67 0 0 106 123 
0 0 64 71 1 89 58 130 124 86 3 2 46 51 0 86 61 139 132 57 49 37 102 103 42 
142 26 104 139 37 125 20 72 101 4 120 30 66 90 27 116 7 52 118 1 276 161 221 261 152 
107 6 17 2 116 97 8 20 0 123 218 94 125 94 197 170 72 96 67 174 266 119 150 108 258 
0 0 0 0 0 0 0 0 0 0 1046 1059 1012 1040 1077 0 0 0 0 0 0 0 0 0 0 
0 0 0 275 0 0 0 2 277 0 126 118 103 406 131 131 115 103 443 141 0 0 0 273 0 
15 8 13 165 6 0 0 0 170 0 35 43 33 167 28 0 0 0 144 0 3 6 3 169 3 
0 0 0 0 0 0 0 0 0 0 0 0 0 0 0 69 72 77 73 90 210 176 183 221 184 
65 86 61 57 171 0 10 0 0 94 0 3 0 0 108 0 4 0 0 99 74 80 76 66 155 
148 154 160 168 164 0 0 0 0 0 0 0 0 0 0 0 0 0 0 0 82 88 70 79 90 
0 0 0 0 0 0 0 0 0 0 0 0 0 0 0 423 425 414 404 417 168 164 163 173 186 
0 189 0 0 82 0 161 0 0 95 129 322 154 133 219 0 177 0 0 95 0 206 0 0 75 
814 0 0 0 0 806 0 0 0 0 797 0 0 0 0 841 0 0 0 0 833 0 0 0 0 
6 8 211 134 148 39 10 183 135 154 107 97 275 226 207 177 191 393 343 313 136 106 283 215 303 
71 104 69 124 59 49 67 50 99 63 0 37 0 45 0 40 82 41 78 34 0 38 0 32 0 
38 9 16 9 25 144 110 152 121 142 29 0 0 0 19 26 0 0 0 21 149 126 115 124 171 
0 0 131 0 0 0 0 121 0 0 0 0 143 0 0 134 108 247 116 119 0 0 143 0 0 
0 69 46 54 0 0 84 45 49 0 37 106 101 107 38 0 77 51 51 0 0 73 59 46 0 
0 0 0 0 151 132 105 102 146 254 124 120 111 124 201 7 3 0 0 109 86 92 94 93 204 
0 0 0 0 0 0 0 0 0 0 0 0 0 0 0 1034 1099 1115 1072 1027 0 0 0 0 0 
0 19 56 143 0 0 20 57 125 0 0 23 50 157 0 0 21 57 150 0 0 16 54 153 0 
86 57 0 0 0 106 81 20 16 15 153 99 41 40 27 116 72 0 0 0 121 105 26 26 32 
79 117 78 154 146 10 45 23 78 69 14 43 21 68 90 0 41 0 51 73 0 41 0 58 68 
149 133 157 109 0 138 157 226 97 0 354 341 403 354 231 139 152 174 110 1 329 260 370 266 148 
86 21 17 103 20 80 0 0 114 0 227 154 138 242 134 73 0 0 106 0 108 47 39 173 40 
125 91 49 51 33 163 109 51 62 35 68 60 17 0 0 100 81 19 11 14 89 55 9 0 0 
0 0 145 59 0 0 0 160 57 0 0 0 192 55 0 0 0 165 45 0 0 0 142 45 0 
136 177 189 136 120 0 61 75 0 0 0 50 62 0 0 44 76 104 35 35 0 45 105 0 1 
63 51 67 66 58 96 114 101 110 98 22 39 42 35 37 0 0 0 0 0 0 0 0 0 0 
0 0 0 177 0 0 0 0 189 0 238 238 240 438 248 0 0 0 184 0 0 0 0 175 0 
0 0 0 0 0 171 163 200 150 161 0 0 0 0 0 0 0 0 0 0 78 59 77 73 92 
114 2 0 63 46 139 35 50 121 94 230 90 92 164 156 88 0 0 67 46 193 78 84 146 125 
0 78 0 0 0 0 78 0 0 0 0 61 0 0 0 115 150 89 123 84 54 134 50 55 52 
0 0 104 0 0 95 97 192 115 114 0 0 95 0 0 9 9 102 4 9 15 15 95 10 18 
277 235 207 289 146 133 95 79 124 0 92 86 64 109 0 283 279 194 324 153 152 107 83 135 0 
0 0 0 0 0 42 41 34 19 29 0 0 0 0 0 81 86 76 71 115 121 128 110 114 154 
0 234 0 213 0 0 193 0 205 0 9 211 8 208 8 0 193 0 206 0 0 203 0 215 0 
0 40 0 122 0 0 54 0 159 0 0 50 0 152 0 67 145 75 219 75 0 55 0 147 0 
0 0 0 0 89 90 76 85 68 147 108 83 82 89 139 0 0 0 0 78 0 0 0 0 87 
99 275 340 47 231 28 186 243 6 168 97 279 320 53 246 108 315 343 108 257 180 303 350 142 268 
0 48 36 0 87 21 64 50 14 96 28 86 94 41 88 0 61 27 0 67 0 65 28 0 77 
111 102 105 130 125 14 0 0 38 0 15 0 0 42 0 18 0 0 44 0 92 70 61 117 85 
75 0 69 0 0 73 0 82 0 0 121 56 116 47 57 109 16 81 12 13 74 0 79 0 0 
0 17 81 0 96 0 12 69 0 107 0 16 74 0 105 0 14 91 0 133 0 12 69 0 101 
46 81 171 105 32 73 98 181 135 70 0 53 126 48 0 61 92 195 132 59 0 30 121 70 0 
0 67 0 0 0 0 73 0 0 0 122 232 111 134 120 0 88 0 0 0 15 78 18 22 27 
0 0 0 73 0 61 64 51 124 81 0 0 0 71 0 0 0 0 81 0 74 63 60 148 61 
49 0 92 45 0 57 0 108 50 0 59 0 92 46 0 46 0 98 52 0 44 0 98 45 0 
85 51 0 32 0 115 86 19 52 25 104 99 0 25 0 121 57 0 42 0 96 70 0 35 0 
0 1 0 0 29 199 193 202 202 230 0 0 0 0 40 0 0 0 0 34 0 0 0 0 36 
111 54 65 131 90 70 44 63 117 88 28 0 0 61 10 38 0 0 60 11 45 19 8 66 30 
34 89 15 9 12 20 69 0 0 0 24 92 0 0 0 164 209 152 145 153 32 94 0 0 0 
0 0 0 21 0 186 170 197 198 164 0 0 0 23 0 0 0 0 22 0 0 0 0 19 0 
97 111 165 198 112 0 0 69 85 0 0 0 97 78 0 0 0 87 68 0 0 0 76 82 0 
73 62 67 52 69 44 0 0 0 9 79 69 58 61 75 34 0 0 0 20 95 49 52 56 65 
0 0 25 0 69 9 6 36 12 89 0 0 34 0 70 10 7 43 8 95 81 75 114 64 153 
596 599 620 653 597 0 0 0 0 0 0 0 0 0 0 0 0 0 0 0 0 0 0 0 0 
61 122 151 73 75 32 86 102 28 28 0 32 76 0 0 0 39 76 0 0 0 41 66 0 0 
0 0 132 0 0 0 0 122 0 0 96 133 268 141 125 0 0 106 0 0 0 0 128 0 0 
102 124 39 61 145 41 40 0 0 102 42 65 0 0 69 45 43 0 0 78 57 45 0 0 88 
0 55 0 27 47 66 139 64 93 108 0 63 0 37 47 0 64 0 47 42 30 75 26 68 78 
9 7 97 5 11 0 0 84 0 0 0 0 81 0 0 35 39 120 27 29 75 78 147 59 85 
0 0 0 54 79 96 83 67 128 177 0 0 0 50 83 0 0 0 38 87 0 0 0 51 76 
109 190 93 83 100 24 119 0 0 0 35 137 8 8 9 26 85 0 0 0 23 89 0 0 0 
66 14 94 36 97 19 0 37 11 66 21 0 38 0 80 15 0 49 0 63 14 0 39 10 70 
40 11 30 0 6 47 0 12 0 0 61 50 68 31 62 92 59 63 33 42 144 109 136 134 120 
49 27 102 35 38 21 0 76 0 0 17 0 70 0 0 19 0 52 0 0 40 3 105 0 1 
0 0 45 0 6 0 0 0 1 0 0 12 0 9 0 2 0 0 0 0 6 0 0 0 0 
0 62 63 0 0 0 66 45 0 0 21 104 77 20 21 32 109 62 40 42 0 62 52 0 0 
30 0 91 0 45 63 43 122 39 80 25 0 85 0 29 37 9 99 4 36 31 0 99 0 28 
0 2126 0 0 0 0 2199 0 0 0 0 2063 0 0 0 0 2126 0 0 0 0 2092 0 0 0 
15 126 107 1 0 77 196 200 82 53 0 143 130 3 0 46 222 132 70 34 2 126 87 0 0 
72 127 93 0 0 66 139 144 0 0 79 146 131 0 0 77 137 119 0 0 73 139 131 0 0 
0 85 0 107 0 81 169 76 178 94 59 154 36 142 42 0 84 0 116 0 0 111 0 89 0 
0 0 0 0 0 1283 1241 1242 1202 1258 0 0 0 0 0 0 0 0 0 0 0 0 0 0 0 
0 0 92 138 0 0 0 85 116 0 0 0 92 139 0 0 0 95 148 0 0 0 86 143 0 
172 57 62 105 56 153 68 57 125 73 104 0 0 55 0 84 0 0 47 0 93 0 0 54 0 
0 113 0 0 74 0 136 0 0 68 0 143 0 0 79 0 127 0 0 65 0 132 0 0 94 
141 238 156 236 91 62 152 14 122 0 279 393 233 338 133 110 217 74 156 12 204 329 232 287 129 
99 93 262 252 87 0 0 161 159 0 97 91 232 269 88 0 0 153 177 5 17 27 171 165 32 
136 103 99 137 260 4 20 0 3 162 9 16 8 2 153 209 213 165 168 350 217 253 238 206 359 
0 66 0 0 0 0 52 0 0 0 0 67 0 0 0 7 65 5 8 4 171 205 165 144 162 
62 27 43 13 46 48 15 30 0 40 44 14 38 0 40 69 14 29 0 51 123 106 94 90 134 
213 68 0 103 0 214 71 0 108 0 213 53 0 108 0 204 69 0 114 0 197 50 0 115 0 
55 0 0 0 0 62 0 0 0 0 64 0 0 0 0 202 133 145 146 141 52 0 0 0 0 
0 0 1457 0 0 0 0 1489 0 0 0 0 1362 0 0 0 0 1486 0 0 0 0 1459 0 0 
73 5 8 46 25 98 64 47 106 71 98 62 65 79 73 58 25 19 68 36 56 0 1 26 15 
139 145 138 119 211 0 0 7 0 50 76 90 88 69 134 0 0 20 0 56 0 0 16 0 62 
68 108 0 141 0 171 214 123 233 99 121 159 75 207 96 69 112 0 129 0 44 82 0 104 0 
88 103 112 113 155 100 84 77 77 115 0 23 0 0 51 0 23 1 0 33 59 77 65 50 100 
0 87 0 0 0 31 153 36 33 30 39 160 35 37 32 27 139 28 26 38 45 137 47 37 57 
28 11 41 31 0 98 71 112 109 63 39 21 47 34 0 44 9 44 28 0 41 20 37 35 0 
163 0 0 0 0 144 0 0 0 0 227 83 108 121 116 134 0 0 0 0 153 0 0 0 0 
0 0 0 0 831 0 0 0 0 780 0 0 0 0 844 0 0 0 0 832 0 0 0 0 767 
118 108 0 195 49 122 134 0 169 75 200 178 39 271 119 126 108 3 176 80 123 148 0 224 76 
128 0 0 0 0 259 103 86 83 76 155 0 0 0 0 147 0 0 0 0 145 0 0 0 0 
0 0 0 0 0 73 56 71 65 71 0 0 0 0 0 147 123 143 147 142 0 0 0 0 0 
0 22 0 143 0 33 53 46 185 32 0 18 0 131 0 0 16 0 135 0 0 16 0 160 0 
96 54 122 116 166 55 0 78 66 70 30 5 71 77 64 85 54 110 127 122 10 0 60 61 53 
43 48 55 128 106 27 22 31 81 74 0 0 0 77 55 0 0 0 48 50 7 10 9 75 53 
0 9 64 0 0 94 108 189 100 101 0 11 80 0 0 62 95 193 56 68 0 5 74 0 0 
205 6 202 0 0 207 1 173 0 0 212 4 195 4 1 180 2 201 0 0 222 24 191 12 9 
286 119 279 108 183 331 162 335 157 203 328 150 356 188 230 183 24 181 38 109 211 50 218 24 104 
65 155 70 82 66 0 86 0 27 0 18 131 28 35 27 0 106 0 17 0 0 76 0 23 0 
0 0 33 0 58 35 46 78 44 113 55 74 89 53 121 0 0 33 0 61 0 0 49 0 58 
0 0 22 0 227 0 0 20 0 218 0 0 32 0 197 0 0 31 0 227 0 0 28 0 224 
0 0 0 49 0 0 0 0 57 0 54 58 45 140 45 0 0 0 59 0 85 78 82 158 86 
93 0 0 97 0 118 0 0 116 0 103 0 0 92 0 96 0 0 124 0 97 0 0 114 0 
5 20 71 80 2 109 162 173 188 118 154 182 199 228 135 22 59 96 108 41 71 100 110 143 63 
119 141 136 117 249 0 0 0 0 91 0 0 0 0 85 26 31 29 24 124 0 0 0 0 81 
147 264 161 155 164 0 137 0 0 0 80 199 87 96 101 0 117 0 0 11 99 238 107 83 110 
155 135 83 81 80 85 49 0 0 0 96 50 4 4 11 68 49 0 0 0 78 60 0 0 0 
0 116 0 0 0 40 185 58 66 78 0 140 0 0 0 72 219 96 97 76 0 121 0 0 0 
0 0 0 0 0 0 0 0 0 0 0 0 0 0 0 0 0 0 0 0 451 432 468 455 426 
0 0 38 0 0 73 80 92 75 89 0 0 31 0 0 76 75 84 59 78 19 25 58 22 26 
9 16 17 17 56 0 0 0 0 42 88 84 75 78 111 0 0 0 0 34 75 109 86 87 112 
0 0 0 141 0 0 0 0 131 0 0 0 0 161 0 0 0 0 154 0 81 79 91 235 96 
0 65 0 34 72 0 59 0 38 76 0 54 0 36 91 0 53 0 32 71 17 75 24 55 112 
0 111 0 0 0 0 108 0 0 0 0 104 0 0 0 0 95 0 0 0 96 185 99 103 92 
0 5 0 20 0 79 57 74 82 72 60 26 56 50 42 0 0 0 18 0 100 91 96 149 102 
0 0 116 55 0 43 45 154 106 49 0 0 102 39 0 0 0 89 38 0 0 0 126 35 0 
59 0 0 0 0 126 62 61 76 69 99 20 18 20 15 131 47 46 52 41 58 0 0 0 0 
83 35 33 111 37 39 0 0 91 0 48 0 0 85 0 83 35 30 120 32 55 0 0 83 0 
0 0 63 42 0 0 0 55 43 0 101 97 148 128 93 0 0 62 47 0 0 0 67 41 0 
34 0 3 71 115 103 80 95 133 197 34 2 6 85 117 62 16 39 81 104 37 29 47 101 112 
0 9 60 136 7 0 0 59 99 0 72 47 145 183 64 34 58 91 177 49 0 1 54 108 0 
45 3 40 40 12 40 3 35 35 19 111 69 109 106 82 62 16 46 48 16 47 0 43 41 3 
39 0 54 0 55 38 0 56 0 51 26 0 66 0 70 87 49 103 64 103 30 0 55 0 53 
91 22 154 114 50 66 6 132 77 27 66 0 115 36 10 174 60 196 130 104 107 33 163 65 47 
9 93 179 29 125 151 220 346 159 288 39 160 225 53 186 0 48 177 3 131 93 150 266 112 231 
20 22 24 66 53 44 42 35 78 78 0 0 0 31 33 0 0 0 25 16 82 96 97 137 103 
20 32 0 83 0 37 49 0 110 0 79 72 40 138 59 27 39 0 110 0 42 35 0 83 0 
0 0 57 0 0 165 148 218 154 180 0 0 61 0 0 0 0 73 0 0 0 0 71 0 0 
12 9 1 0 77 16 2 0 3 67 68 66 50 45 153 24 21 15 12 76 97 127 106 102 136 
74 10 14 7 26 111 77 86 77 91 118 97 94 113 108 47 0 4 0 19 38 14 12 4 26 
24 122 83 18 36 0 106 82 7 6 0 84 55 0 19 0 94 56 6 16 49 138 115 45 94 
163 203 108 108 119 84 66 50 22 27 44 51 17 0 0 40 53 19 0 0 42 48 18 0 0 
95 0 0 16 0 83 0 0 0 0 99 0 0 11 0 100 0 0 0 0 122 15 23 45 29 
74 92 16 21 20 62 59 4 0 0 63 74 19 6 16 69 79 44 50 47 84 87 48 30 45 
38 76 47 71 32 0 63 11 42 16 2 52 8 48 20 0 43 11 33 13 39 106 64 97 80 
0 0 56 27 11 0 0 45 35 3 0 0 44 40 6 42 52 122 94 61 53 48 98 93 63 
29 38 26 22 31 0 0 0 0 0 71 59 57 62 55 0 0 0 0 0 120 109 100 114 110 
42 35 37 34 43 0 0 17 0 0 0 0 19 0 0 51 45 87 59 52 128 93 140 136 125 
37 44 107 54 50 1 0 59 0 0 61 53 131 60 43 0 0 50 5 0 0 1 57 22 9 
0 0 180 32 0 0 0 141 21 0 18 19 156 36 18 0 0 166 23 0 0 0 162 23 0 
46 85 0 0 0 78 107 43 37 33 84 129 19 15 10 91 132 43 45 49 39 77 0 0 0 
99 0 110 106 107 188 70 227 209 219 196 97 212 236 238 181 65 140 154 184 118 6 116 159 148 
105 138 82 67 75 14 52 3 0 0 91 147 78 62 62 40 80 27 20 17 26 63 0 0 0 
0 118 108 163 0 0 130 117 163 1 0 108 118 166 0 0 115 115 157 2 0 126 118 166 2 
10 0 0 131 0 9 0 0 95 0 91 65 87 187 84 11 0 0 99 0 20 0 0 105 0 
54 70 46 43 69 0 56 4 0 34 37 79 33 29 64 3 37 0 0 29 0 65 0 6 30 
131 145 34 73 105 165 248 88 94 207 121 168 72 92 127 74 84 5 31 69 255 285 119 160 200 
68 180 151 95 98 6 44 63 5 6 39 83 114 37 31 29 83 74 21 23 0 72 60 0 0 
2 20 0 0 63 0 22 12 2 96 0 8 6 2 48 58 88 72 42 160 22 33 36 35 89 
662 519 498 404 488 464 271 268 196 231 492 323 348 257 314 367 190 159 91 179 574 381 412 376 388 
78 60 3 3 1 156 142 68 71 61 68 77 0 0 0 90 89 20 15 17 65 55 0 0 0 
148 291 139 122 123 224 357 132 235 169 107 256 79 118 73 25 167 0 20 0 89 206 71 84 36 
0 0 0 0 54 0 0 0 0 63 0 0 0 0 69 0 0 0 0 61 152 170 156 170 194 
62 0 28 0 12 111 5 50 20 28 119 51 88 46 53 136 57 104 54 85 115 28 38 20 27 
150 0 0 54 0 156 0 0 55 0 141 0 0 40 0 168 0 0 46 0 149 0 0 41 0 
160 139 154 233 120 37 1 70 117 5 68 32 117 175 51 55 11 97 103 26 33 0 62 81 3 
67 111 90 170 167 0 8 6 103 49 0 14 5 65 62 0 13 9 83 52 33 45 29 104 61 
120 136 89 58 11 195 197 174 132 115 108 116 95 52 18 267 234 216 158 116 158 177 142 62 66 
58 130 51 57 52 0 54 0 0 0 6 82 2 5 2 0 64 0 0 0 77 154 61 78 65 
0 0 0 16 0 0 0 0 20 0 0 0 0 19 0 0 0 0 19 0 173 183 209 212 202 
16 0 0 7 30 97 86 71 84 89 25 0 0 12 29 22 0 0 5 38 35 0 0 0 27 
64 7 67 138 119 27 3 40 97 101 84 27 57 164 137 29 0 43 95 103 144 90 149 229 240 
0 69 55 0 67 0 71 63 0 72 0 79 53 0 55 0 66 64 0 69 0 84 67 0 66 
49 24 63 47 36 74 55 104 63 58 23 17 37 18 11 55 44 120 74 53 7 0 35 0 0 
83 0 0 0 53 72 0 0 0 50 90 0 0 0 59 69 0 0 0 51 187 91 75 100 157 
95 127 23 129 95 80 164 4 119 117 60 100 2 125 83 225 273 151 242 204 138 224 100 174 180 
70 87 96 75 61 10 36 39 13 9 0 14 44 0 0 57 69 83 51 45 21 29 54 18 12 
0 0 0 193 48 0 0 0 202 43 32 34 22 197 59 0 0 0 188 48 0 0 0 183 52 
0 0 0 139 11 144 126 117 304 159 0 0 0 158 15 112 114 107 241 104 0 0 0 124 6 
70 173 185 183 73 22 130 158 206 21 65 157 189 180 69 58 228 212 237 102 109 178 201 249 88 
0 0 0 1270 0 0 0 0 1276 0 0 0 0 1292 0 0 1 1 1345 1 0 0 0 1282 0 
195 0 0 0 0 197 13 18 17 20 178 0 0 0 0 196 0 0 0 0 166 0 0 0 0 
100 0 0 0 0 129 0 0 0 0 139 0 0 0 0 115 0 0 0 0 226 98 91 98 106 
287 54 120 105 78 229 0 24 1 0 441 121 197 140 136 484 230 353 253 277 311 76 130 108 97 
4 39 0 0 0 0 54 7 0 17 0 43 0 0 15 0 0 0 0 0 0 32 0 0 33 
0 0 193 0 35 0 0 227 0 30 0 0 204 0 32 0 0 189 0 25 0 0 190 0 29 
71 97 178 132 95 0 0 52 0 0 0 0 81 0 0 0 0 74 0 0 185 236 249 250 224 
5 17 0 81 239 128 141 128 232 368 1 16 0 81 267 0 5 0 83 263 126 162 128 203 329 
8 11 90 12 227 5 0 64 7 170 110 100 167 106 266 130 128 222 165 327 2 2 78 0 185 
66 26 30 72 83 43 0 0 30 62 64 0 0 26 42 59 0 0 38 44 96 51 51 83 89 
140 279 322 217 91 169 225 321 185 90 155 256 309 161 120 60 157 247 90 15 60 199 268 129 26 
0 0 0 42 0 78 71 59 113 62 0 0 0 29 0 51 49 73 101 57 48 52 51 112 41 
