1043 971 928 865 976 1251 1260 1230 1158 1223 894 826 817 774 969 1079 967 1007 979 1034 767 651 693 595 753 
144 112 139 131 131 0 0 0 0 0 102 67 100 82 85 0 0 0 0 0 0 0 0 0 0 
96 26 27 122 130 68 0 1 104 94 146 52 68 177 172 73 0 13 88 109 72 0 7 91 86 
748 540 532 390 527 512 216 228 174 246 582 407 336 225 317 436 237 202 139 260 685 482 456 443 473 
0 0 0 160 12 164 147 139 382 191 0 1 0 186 15 136 137 134 295 130 2 0 0 148 7 
180 53 118 171 59 135 12 92 119 1 152 41 107 136 40 132 1 79 132 1 322 177 282 330 183 
101 8 24 0 80 88 0 17 0 95 185 85 96 70 153 161 66 102 66 143 211 97 116 104 209 
0 0 0 0 0 0 0 0 0 0 1014 1031 975 996 1038 0 0 0 0 0 0 0 0 0 0 
0 0 0 222 0 1 0 3 214 1 94 92 89 323 106 93 92 76 329 108 0 0 0 202 0 
13 7 13 164 5 0 0 0 168 0 35 43 33 166 28 0 0 0 142 0 3 6 3 168 3 
189 164 202 277 142 44 9 106 135 5 93 48 143 211 65 41 13 118 113 17 52 0 89 84 0 
0 0 0 0 0 0 0 0 0 0 0 0 0 0 0 52 58 61 62 75 155 146 137 175 139 
63 78 57 45 151 0 9 0 0 89 0 3 0 0 92 0 5 0 0 100 75 74 72 55 149 
151 153 156 168 167 0 0 0 0 0 0 0 0 0 0 0 0 0 0 0 87 84 77 70 101 
0 0 0 0 0 0 0 0 0 0 0 0 0 0 0 437 441 421 408 422 202 176 182 192 213 
0 193 0 0 80 0 164 0 0 93 125 316 145 130 203 0 178 0 0 91 0 207 0 0 74 
800 0 0 0 0 795 0 0 0 0 787 0 0 0 0 818 0 0 0 0 828 0 0 0 0 
31 6 190 143 179 73 39 211 152 200 128 113 271 226 223 203 184 372 343 320 108 80 262 188 268 
90 135 90 158 75 75 90 64 127 80 0 43 0 47 0 51 105 60 89 43 0 46 0 49 0 
30 8 14 8 20 117 97 104 88 107 26 0 0 0 15 21 0 0 0 23 112 108 82 92 121 
0 0 122 0 0 0 0 112 0 0 0 0 128 0 0 135 104 222 107 116 0 0 135 0 0 
0 70 50 52 0 0 80 51 51 0 39 109 105 112 35 0 76 56 53 0 0 75 60 47 0 
17 1 4 5 150 162 126 141 147 248 150 140 114 144 230 18 3 0 4 151 71 89 95 98 207 
0 0 0 0 0 0 0 0 0 0 0 0 0 0 0 976 1034 1046 1011 941 0 0 0 0 0 
0 19 53 139 0 0 17 53 119 0 0 18 48 144 0 0 19 56 147 0 0 15 56 148 0 
63 46 0 0 0 79 67 15 14 13 128 81 34 34 27 84 59 0 0 0 92 88 22 22 28 
130 201 142 320 298 0 47 22 146 104 9 44 21 152 140 0 45 8 129 106 32 71 28 153 121 
99 110 107 74 10 93 112 138 74 0 238 264 271 256 177 105 115 109 70 0 249 202 270 209 133 
43 0 58 0 55 38 0 58 0 53 31 0 68 0 71 91 52 106 67 111 29 0 57 0 56 
93 27 31 108 34 81 0 0 119 0 228 161 149 238 136 81 9 7 114 9 119 60 54 183 49 
121 98 49 47 35 134 94 48 59 35 55 54 14 0 0 83 74 17 13 14 76 55 13 0 0 
0 0 135 56 0 0 0 148 52 0 0 0 179 51 0 0 0 159 42 0 0 0 136 41 0 
136 187 198 140 117 0 59 88 0 0 0 46 81 0 0 53 98 144 60 46 0 45 107 0 0 
62 51 68 66 57 96 114 101 111 98 22 39 42 35 36 0 0 0 0 0 0 0 0 0 0 
0 0 0 165 0 0 0 0 174 0 230 234 220 409 242 0 0 0 171 0 0 0 0 155 0 
0 0 0 0 0 137 126 162 125 132 0 0 0 0 0 0 0 0 0 0 69 52 62 60 75 
107 7 23 78 55 122 29 60 105 96 212 66 91 159 152 85 0 1 74 41 190 58 86 149 112 
0 81 0 0 0 0 76 0 0 0 0 58 0 0 0 105 141 79 116 77 49 120 45 50 48 
0 0 95 0 0 84 84 176 105 103 0 0 92 0 0 7 9 97 4 8 14 13 82 9 15 
270 277 216 316 131 126 126 75 133 0 83 103 71 96 0 304 294 197 316 141 161 174 100 175 9 
0 0 0 0 0 31 35 30 19 22 0 0 0 0 0 59 67 68 65 90 100 94 96 96 127 
0 232 0 201 0 0 185 0 195 0 7 208 6 199 7 0 190 0 194 0 0 202 0 208 0 
0 34 0 100 0 0 44 0 107 0 0 40 0 105 0 50 106 53 165 53 0 47 0 95 0 
0 0 0 0 68 74 65 71 56 123 78 67 67 75 116 0 0 0 0 68 0 0 0 0 72 
103 290 319 66 235 65 226 273 14 185 141 285 376 75 286 150 315 362 128 292 240 374 407 173 325 
0 45 33 0 79 19 60 45 13 88 28 81 87 38 79 0 59 26 0 64 0 61 27 0 67 
102 86 96 110 115 13 0 0 33 0 12 0 0 36 0 19 0 0 40 0 81 61 61 98 76 
28 0 0 53 62 67 41 36 73 109 16 0 0 54 58 34 10 14 48 52 26 23 27 60 67 
69 0 65 0 0 63 0 75 0 0 113 53 107 48 50 99 16 78 13 12 66 0 73 0 0 
0 18 84 0 99 0 12 69 0 113 0 19 82 0 108 0 14 93 0 140 0 14 73 0 109 
19 57 134 80 14 56 78 157 103 51 0 47 121 35 0 47 74 151 108 45 0 27 112 61 0 
0 58 0 0 0 0 68 0 0 0 104 206 98 126 111 0 82 0 0 0 14 75 17 22 24 
0 0 0 72 0 61 64 51 123 81 0 0 0 70 0 0 0 0 80 0 71 63 57 148 61 
49 0 92 48 0 56 0 109 53 0 59 0 93 50 0 45 0 102 54 0 44 0 98 46 0 
77 45 0 29 0 103 73 16 44 24 92 86 0 22 0 110 53 0 41 0 87 58 0 33 0 
0 0 0 0 24 178 158 178 183 195 0 0 0 0 30 0 0 0 0 29 0 0 0 0 32 
86 46 56 106 72 55 37 49 96 62 16 0 0 52 10 25 0 0 47 7 31 11 7 49 25 
29 57 8 6 10 17 52 0 0 0 22 79 0 0 0 131 166 128 124 119 28 75 0 0 0 
0 0 0 21 0 186 170 197 198 164 0 0 0 23 0 0 0 0 22 0 0 0 0 19 0 
71 79 133 137 89 0 0 52 63 0 0 0 74 60 0 0 0 67 53 0 0 0 59 61 0 
69 62 64 52 74 43 0 0 0 11 76 63 51 50 75 32 0 0 0 23 98 53 51 51 67 
0 0 25 0 69 9 6 36 12 89 0 0 34 0 70 10 7 43 8 95 81 75 114 62 153 
587 593 608 644 588 0 0 0 0 0 0 0 0 0 0 0 0 0 0 0 0 0 0 0 0 
55 105 137 64 70 28 79 95 26 26 0 32 70 0 0 0 37 71 0 0 0 39 66 0 0 
0 0 110 0 0 0 0 91 0 0 76 114 207 112 101 0 0 85 0 0 0 0 104 0 0 
90 105 34 50 119 33 38 0 0 76 37 52 0 0 60 39 41 0 0 65 51 40 0 0 70 
0 52 0 23 40 62 117 58 81 96 0 62 0 27 39 0 62 0 39 42 28 69 24 54 67 
9 7 98 5 12 0 0 86 0 0 0 0 82 0 0 34 39 120 27 29 73 78 149 59 85 
0 0 0 51 75 88 81 63 117 163 0 0 0 49 73 0 0 0 35 84 0 0 0 47 73 
94 164 76 72 84 22 106 0 0 0 29 115 6 6 6 20 75 0 0 0 22 78 2 2 0 
77 38 108 52 109 22 0 46 12 72 22 0 51 9 84 23 0 57 10 63 13 0 44 12 74 
32 8 37 8 10 25 0 39 0 0 28 34 60 25 34 54 32 67 20 30 94 64 98 92 83 
67 34 118 48 54 32 0 80 0 4 29 0 77 0 7 26 0 70 0 8 83 45 123 48 47 
57 16 16 0 0 72 15 8 0 0 103 35 47 39 51 87 36 31 19 14 112 67 68 57 45 
0 47 0 8 3 38 81 43 63 51 39 87 39 37 37 30 80 41 65 36 0 41 1 18 6 
89 79 100 51 55 35 30 32 0 6 58 68 60 27 42 46 28 37 0 11 35 30 37 0 7 
0 53 70 0 0 14 77 69 19 19 20 100 82 21 21 31 103 67 40 42 0 59 59 0 0 
57 100 56 52 48 37 109 36 41 33 19 84 21 19 29 28 63 28 29 31 0 66 0 0 0 
30 0 91 0 44 63 43 123 38 77 25 0 85 0 29 37 10 99 5 36 31 0 99 0 28 
0 2032 0 0 0 0 2083 0 0 0 0 1958 0 0 0 0 2052 0 0 0 0 1968 0 0 0 
25 135 134 12 25 78 201 210 79 81 2 146 120 2 0 81 243 176 102 81 9 151 101 0 2 
55 92 72 0 0 43 96 93 0 0 63 97 95 0 0 54 108 79 0 0 51 95 99 0 0 
0 99 0 119 0 81 159 72 222 83 85 177 66 220 74 0 97 0 138 0 0 103 0 116 0 
97 169 31 213 141 96 207 54 246 157 85 114 16 215 117 286 374 255 422 290 178 270 186 336 236 
0 0 0 0 0 1240 1195 1201 1160 1233 0 0 0 0 0 0 0 0 0 0 0 0 0 0 0 
0 0 80 125 0 0 0 75 106 0 0 0 81 127 0 0 0 81 125 0 0 0 72 128 0 
139 46 53 84 38 143 56 57 103 63 85 0 0 36 0 77 0 0 35 0 83 0 0 42 0 
0 116 0 0 76 0 133 0 0 66 0 148 0 0 82 0 128 0 0 64 0 130 0 0 91 
176 277 155 237 124 120 300 125 158 56 275 446 278 317 187 223 372 253 257 153 204 379 281 259 204 
67 46 0 2 0 131 123 56 62 57 69 68 0 0 0 76 76 19 14 15 56 48 0 0 0 
11 10 123 121 41 5 0 85 81 31 53 72 133 144 81 7 0 56 70 29 46 62 150 152 97 
139 110 122 165 271 4 21 4 8 159 10 12 12 14 156 193 215 169 170 357 212 249 240 207 403 
134 30 71 4 26 199 20 102 48 41 217 89 146 86 77 232 142 202 127 134 184 54 78 34 35 
0 64 0 0 0 0 49 0 0 0 0 63 0 0 0 7 64 2 5 3 151 196 152 131 157 
50 26 40 11 46 45 17 28 0 44 40 13 36 0 29 75 17 31 0 44 114 106 89 80 123 
138 387 339 359 169 53 137 226 161 11 126 254 363 297 116 60 229 214 170 57 23 179 184 168 10 
220 82 0 110 0 214 82 0 107 0 215 63 0 109 0 208 86 10 122 11 237 82 17 140 15 
58 18 1 48 45 160 106 107 126 133 68 13 0 45 44 54 8 0 30 58 58 13 0 34 42 
55 0 0 0 0 62 0 0 0 0 64 0 0 0 0 201 133 144 146 141 52 0 0 0 0 
69 188 201 100 49 86 177 206 103 51 77 169 189 82 64 29 117 169 54 1 67 183 216 95 44 
0 0 190 0 33 0 0 220 0 28 0 0 193 0 25 0 0 175 0 21 0 0 171 0 25 
87 9 6 54 19 94 68 58 118 80 108 68 93 104 97 74 37 19 71 29 68 0 0 30 11 
92 100 102 70 158 0 0 4 0 38 50 64 64 52 91 0 0 15 0 44 0 0 10 0 52 
30 66 0 81 0 135 148 84 133 58 84 83 33 107 47 46 51 0 63 0 30 55 0 71 0 
92 101 109 109 150 83 82 62 79 109 0 25 0 0 52 0 20 0 0 27 56 73 58 57 93 
0 63 0 0 0 27 114 31 31 26 32 121 32 30 28 23 107 21 23 29 33 110 39 32 43 
32 11 41 34 0 101 71 111 110 62 43 21 46 37 0 47 9 41 35 0 40 20 37 39 0 
4 31 2 109 241 143 178 140 279 402 9 68 1 141 309 0 38 4 124 283 143 176 130 224 341 
18 34 105 23 241 3 12 91 11 180 116 108 185 121 281 144 158 241 173 335 3 4 75 3 187 
154 0 0 53 0 162 0 0 55 0 142 0 0 41 0 169 0 0 48 0 151 0 0 41 0 
0 0 0 0 820 0 0 0 0 776 0 0 0 0 825 0 0 0 0 818 0 0 0 0 762 
153 113 7 173 74 163 147 4 237 106 195 181 55 276 125 145 126 11 185 97 178 202 27 256 98 
111 0 0 0 0 214 83 74 71 62 132 0 0 0 0 127 0 0 0 0 122 0 0 0 0 
65 29 69 41 39 91 64 116 69 64 25 22 41 21 11 67 49 118 79 58 13 0 36 0 0 
0 22 0 143 0 33 55 46 186 32 0 19 0 131 0 0 16 0 136 0 0 20 0 160 0 
0 0 43 48 0 63 45 87 82 54 0 0 32 31 0 50 41 86 72 41 36 27 69 62 24 
97 62 102 124 161 29 0 48 49 41 22 0 48 71 65 98 46 103 127 120 11 0 62 66 63 
43 48 54 128 106 27 22 31 81 73 0 0 0 76 55 0 0 0 48 48 6 10 9 75 53 
132 146 95 85 40 222 189 151 141 115 121 107 76 74 17 252 197 157 118 112 188 174 137 101 91 
134 0 0 0 0 110 0 0 0 0 195 75 94 96 97 110 0 0 0 0 118 0 0 0 0 
0 8 57 0 0 74 81 153 75 81 0 9 62 0 0 47 66 144 43 52 0 5 53 0 0 
67 29 34 73 82 46 0 0 33 65 66 0 0 26 40 65 0 0 39 47 105 49 52 89 88 
111 0 110 0 0 103 0 87 0 0 94 0 100 3 0 70 0 100 0 0 109 11 92 10 10 
0 0 0 0 0 72 50 68 57 68 0 0 0 0 0 139 114 134 140 129 0 0 0 0 0 
323 124 385 152 221 362 212 450 216 305 364 190 424 270 290 205 31 239 89 133 222 74 293 100 133 
198 298 130 182 152 270 389 159 289 185 169 294 109 183 93 51 171 8 78 0 103 209 66 105 38 
0 0 0 0 51 0 0 0 0 55 0 0 0 0 65 0 0 0 0 57 130 155 140 147 182 
0 0 0 16 0 0 0 0 20 0 0 0 0 18 0 0 0 0 18 0 164 173 198 200 194 
0 0 33 0 58 35 46 78 44 113 55 74 89 52 121 0 0 33 0 61 0 0 49 0 58 
0 0 16 0 187 0 0 16 0 178 0 0 28 0 166 0 0 25 0 179 0 0 23 0 182 
0 0 0 50 0 0 0 0 61 0 57 61 45 143 48 0 0 0 62 0 88 80 86 165 90 
86 0 0 95 0 107 0 0 111 0 97 0 0 89 0 89 0 0 113 0 96 0 0 109 0 
11 60 105 108 12 118 221 220 233 142 204 258 286 277 186 42 112 152 160 56 109 163 165 193 90 
63 150 68 80 66 0 85 0 24 0 16 126 27 34 25 0 103 0 16 0 0 71 0 22 0 
98 119 110 102 196 0 0 0 0 69 0 0 0 0 66 20 21 25 20 97 0 0 0 0 72 
87 190 75 77 85 0 83 0 0 0 13 130 9 6 8 0 105 0 0 0 122 248 93 104 111 
136 127 76 78 78 76 45 0 0 0 86 47 4 4 8 63 47 0 0 0 71 56 0 0 0 
0 95 0 0 0 32 139 44 47 55 0 111 0 0 0 55 170 69 70 56 0 101 0 0 0 
92 0 0 0 0 117 0 0 0 0 122 0 0 0 0 102 0 0 0 0 206 88 85 89 99 
0 0 0 0 0 0 0 0 0 0 0 0 0 0 0 0 0 0 0 0 432 394 437 415 393 
58 51 72 45 45 42 10 70 18 11 15 0 39 0 0 51 37 74 33 27 74 37 78 54 42 
0 0 37 0 0 73 79 93 75 87 0 0 31 0 0 77 76 84 59 79 19 25 59 21 26 
7 15 16 17 52 0 0 0 0 36 79 79 70 69 99 0 0 0 0 33 68 98 78 74 105 
0 0 0 127 0 0 0 0 111 0 0 0 0 135 0 0 0 0 139 0 71 71 76 190 79 
0 63 0 32 67 0 62 0 36 72 0 54 0 36 91 0 58 0 32 69 18 76 23 56 112 
71 0 0 0 48 60 0 0 0 46 78 0 0 0 52 62 0 0 0 43 161 83 71 84 138 
0 112 0 0 0 0 108 0 0 0 0 106 0 0 0 0 96 0 0 0 97 185 99 104 92 
23 58 36 55 42 47 55 48 33 57 51 50 38 36 43 0 6 0 3 0 82 98 78 94 69 
0 0 117 55 0 42 44 155 106 50 0 0 102 39 0 0 0 89 38 0 0 0 126 35 0 
32 71 42 20 64 15 69 22 8 44 7 54 7 2 44 45 80 56 50 99 0 39 13 0 48 
59 0 0 0 0 126 62 61 76 69 99 20 18 20 14 130 47 46 52 41 58 0 0 0 0 
195 0 0 0 0 197 13 18 17 20 178 0 0 0 0 196 0 0 0 0 166 0 0 0 0 
82 35 32 110 37 39 0 0 90 0 48 0 0 85 0 83 34 30 120 32 55 0 0 82 0 
0 14 0 40 0 54 59 53 92 48 40 45 43 77 40 0 15 0 40 0 50 65 55 111 59 
0 0 63 43 0 0 0 55 43 0 101 99 149 132 97 0 0 61 47 0 0 0 66 42 0 
45 0 17 0 2 47 0 0 0 0 74 0 25 31 20 95 58 80 60 36 42 9 16 0 1 
88 11 87 148 145 45 13 67 157 123 88 32 65 172 154 41 0 49 117 103 176 112 157 265 255 
2 6 49 95 7 0 0 48 75 0 46 32 105 122 46 27 38 69 114 35 0 0 45 78 0 
70 4 58 50 12 47 5 37 46 22 136 74 121 108 92 79 18 54 67 23 70 0 55 49 2 
0 0 0 34 0 73 65 49 101 57 0 0 0 25 0 47 47 62 92 52 41 47 43 94 37 
10 26 16 12 77 15 34 30 10 130 7 18 19 10 58 61 89 73 56 158 31 43 37 32 100 
69 20 147 104 45 55 15 121 108 31 60 3 123 68 15 152 89 220 168 128 75 40 163 98 60 
15 125 154 47 128 138 231 293 131 253 41 146 193 53 186 0 84 161 10 122 102 193 239 136 237 
19 21 22 57 48 40 38 34 75 72 0 0 0 30 29 0 0 0 22 17 76 89 91 123 99 
18 31 0 82 0 29 47 0 103 0 77 72 39 128 52 25 37 0 103 0 40 33 0 80 0 
0 0 54 0 0 157 137 195 137 162 0 0 59 0 0 0 0 67 0 0 0 0 64 0 0 
64 86 69 83 43 8 42 0 11 0 88 104 80 128 72 22 51 14 38 20 76 79 78 100 49 
11 9 0 0 65 15 0 0 0 54 58 53 44 39 112 19 21 15 13 64 88 107 85 80 113 
59 11 9 6 20 86 60 62 64 63 94 73 78 87 83 39 0 4 0 12 34 11 14 7 21 
17 90 63 13 28 0 80 61 4 6 0 65 38 0 17 0 69 47 4 10 43 112 91 38 75 
124 158 82 85 85 60 57 36 17 18 36 51 14 0 0 35 42 12 0 0 28 36 12 0 0 
69 19 43 39 63 53 0 31 13 25 77 11 45 25 39 107 60 79 45 79 61 0 15 13 25 
0 69 55 0 67 0 71 63 0 72 0 79 53 0 55 0 66 64 0 68 0 84 67 0 66 
24 0 28 79 0 23 0 15 46 0 76 42 67 79 24 86 53 79 113 65 32 0 26 46 0 
95 0 0 80 0 83 0 0 83 0 99 0 0 84 0 100 0 0 71 0 122 15 23 109 29 
67 128 76 75 78 0 63 0 0 0 39 103 44 39 37 0 55 0 0 0 30 77 27 30 30 
73 77 11 16 18 53 48 1 0 1 49 63 13 0 15 63 71 33 34 42 80 74 50 30 41 
45 27 93 89 24 0 0 66 89 0 48 39 109 106 35 0 0 76 83 0 0 0 74 66 0 
38 75 43 68 28 0 60 10 39 14 0 49 7 44 19 0 42 12 29 13 38 103 63 95 78 
0 0 54 27 10 0 0 44 35 3 0 0 44 40 6 43 53 122 93 60 52 48 98 93 59 
28 38 26 22 31 0 0 0 0 0 71 58 57 62 55 0 0 0 0 0 120 107 99 114 110 
39 28 33 30 38 0 0 14 0 0 0 0 18 0 0 46 40 74 51 45 107 86 121 120 107 
40 45 109 57 59 7 10 63 18 22 61 53 132 62 58 0 0 51 5 8 7 9 64 31 19 
0 0 180 32 0 0 0 140 23 0 18 20 156 36 18 0 0 166 23 0 0 0 162 22 0 
51 59 106 76 60 0 0 37 0 0 0 0 53 0 0 0 0 51 0 0 126 134 178 140 145 
45 81 0 0 0 68 107 42 30 26 70 126 18 16 9 84 128 41 38 46 38 78 0 0 0 
59 0 76 77 87 128 68 166 159 156 132 78 176 181 206 136 56 111 105 159 65 6 76 123 118 
86 118 67 54 62 12 42 3 0 0 75 128 62 53 52 35 67 27 17 14 23 53 0 0 0 
0 122 108 165 0 0 128 122 165 0 0 109 123 169 0 0 117 117 164 0 0 128 119 167 0 
0 0 0 146 36 0 0 0 171 31 27 29 16 171 54 0 0 0 159 34 0 0 0 151 38 
13 0 0 131 0 9 0 0 94 0 91 65 87 187 84 11 0 0 99 0 20 1 0 105 0 
60 75 51 51 71 11 62 7 5 32 48 82 43 38 69 6 32 0 0 32 9 66 7 11 35 
116 120 26 68 77 170 227 84 88 185 122 157 58 84 103 74 65 0 23 65 210 243 117 127 173 
89 16 80 0 0 100 11 90 0 0 109 9 86 0 0 108 8 85 0 0 101 14 94 0 0 
0 0 0 197 0 7 8 5 196 3 0 0 0 194 0 0 0 0 208 0 0 0 0 182 0 
0 0 0 980 0 0 0 0 973 0 0 0 0 983 0 3 4 4 1043 5 0 0 0 1009 0 
0 0 1415 0 0 0 0 1434 0 0 0 0 1317 0 0 0 0 1432 0 0 0 0 1408 0 0 
