807 775 599 707 752 1090 1127 984 1111 1023 592 625 560 606 660 878 881 822 993 1002 539 495 448 407 589 
249 190 230 227 218 0 0 0 0 0 152 120 145 134 142 0 0 0 0 0 0 0 0 0 0 
134 60 56 225 285 80 0 0 133 165 195 53 33 226 286 76 0 0 115 143 79 0 1 146 117 
142 0 102 147 167 226 59 204 220 252 304 134 292 334 345 245 64 196 217 245 150 2 142 227 184 
105 26 57 111 12 121 12 64 78 0 120 23 66 77 19 111 5 39 101 0 245 149 203 246 139 
93 7 23 0 85 85 7 19 0 112 176 78 107 73 175 158 62 98 56 135 202 98 115 100 222 
0 0 0 0 0 0 0 0 0 0 1010 1027 973 993 1033 0 0 0 0 0 0 0 0 0 0 
0 0 0 238 0 0 0 3 224 1 108 106 95 345 107 96 97 85 359 114 0 0 0 224 0 
14 9 16 208 6 0 0 0 201 0 46 51 44 200 37 0 0 0 178 0 4 5 3 199 3 
0 0 0 0 0 0 0 0 0 0 0 0 0 0 2 71 69 72 69 92 197 205 183 214 193 
63 88 54 52 151 0 12 0 0 85 0 3 0 0 98 0 5 0 0 96 74 76 70 61 143 
147 149 160 165 172 0 0 0 0 0 0 0 0 0 0 0 0 0 0 0 85 88 75 66 81 
0 0 0 0 0 0 0 0 0 0 0 0 0 0 0 429 428 411 407 413 189 175 176 182 194 
0 221 0 0 100 0 196 0 0 104 140 361 165 145 235 0 203 0 0 107 0 232 0 0 89 
812 0 0 0 0 810 0 0 0 0 801 0 0 0 0 834 0 0 0 0 847 0 0 0 0 
22 4 185 151 169 32 10 172 144 149 110 106 253 237 205 186 173 384 306 305 130 99 254 217 258 
78 117 64 129 68 55 67 60 105 61 0 39 0 49 0 37 84 51 83 46 0 36 0 36 0 
29 6 12 8 20 127 89 105 90 114 34 0 0 0 19 22 0 0 0 23 122 98 83 101 130 
0 0 172 0 0 0 0 159 0 0 0 0 172 0 0 191 172 312 156 161 0 0 167 0 0 
0 87 54 55 0 0 102 55 64 0 51 133 117 136 46 0 106 76 71 0 0 102 80 61 0 
1 3 0 8 153 150 112 134 158 266 139 147 135 141 252 4 1 0 0 121 83 95 105 96 196 
0 0 0 0 0 0 0 0 0 0 0 0 0 0 0 1021 1068 1088 1062 997 0 0 0 0 0 
0 19 52 135 0 0 17 53 116 0 0 18 49 149 0 0 17 52 145 0 0 15 51 145 0 
109 145 106 214 179 7 49 22 89 83 15 49 25 103 102 0 51 0 84 73 0 50 0 72 77 
113 127 147 88 0 110 137 207 99 2 313 322 349 341 222 146 141 145 95 11 312 253 365 262 153 
92 19 15 115 20 82 0 0 125 0 246 173 153 269 153 70 0 0 106 1 130 47 47 206 48 
132 110 50 52 33 141 116 53 58 29 57 57 14 0 0 97 97 23 16 17 91 63 11 0 0 
0 0 178 70 0 0 0 203 70 0 0 0 252 78 0 0 0 220 58 0 0 0 171 58 0 
126 149 146 112 99 0 50 56 0 0 0 54 60 0 0 36 64 97 32 39 1 42 89 0 1 
75 62 78 76 74 106 134 114 131 118 25 42 47 39 41 0 0 0 0 0 0 0 0 0 0 
0 0 0 165 0 0 0 0 174 0 230 234 220 409 242 0 0 0 171 0 0 0 0 155 0 
0 0 0 0 0 139 126 163 126 132 0 0 0 0 0 0 0 0 0 0 70 52 62 60 75 
144 27 22 100 62 157 34 50 141 115 256 90 109 180 179 101 2 0 76 49 232 94 97 193 138 
0 87 0 0 0 0 81 0 0 0 0 66 0 0 0 115 161 87 118 83 52 136 49 50 49 
0 0 100 0 0 92 90 189 110 110 0 0 101 0 0 7 9 104 3 6 14 13 86 10 16 
260 204 182 249 110 111 100 77 107 0 88 95 67 92 0 270 246 164 271 111 130 124 87 153 4 
0 0 0 0 0 32 36 33 21 26 0 0 0 0 0 64 71 73 72 98 109 98 103 104 141 
0 224 0 186 0 0 180 0 180 0 0 201 1 188 0 0 186 0 177 0 0 197 0 193 0 
0 41 0 131 0 0 51 0 141 0 0 48 0 144 0 62 141 67 217 74 0 57 0 135 0 
0 0 0 0 81 91 72 86 69 142 89 72 78 85 133 0 0 0 0 80 0 0 0 0 80 
78 284 322 53 199 33 223 249 9 147 95 288 329 68 211 121 304 314 104 240 232 358 406 170 291 
0 50 36 0 89 21 65 49 13 94 28 85 97 38 86 0 63 29 0 68 0 64 27 0 71 
137 96 124 131 132 17 0 0 41 0 16 0 0 47 0 20 0 0 43 0 104 74 67 118 87 
86 0 74 0 0 90 0 81 0 0 154 64 139 56 60 129 27 98 17 16 82 0 86 0 0 
0 18 81 0 96 0 12 69 0 107 0 16 74 0 106 0 14 91 0 133 0 13 69 0 101 
22 59 163 89 19 71 80 161 115 57 0 40 124 34 0 54 83 164 108 42 0 30 116 64 0 
0 72 0 0 0 0 77 0 0 0 138 253 130 146 133 0 94 0 0 0 15 94 17 26 31 
0 0 0 105 0 72 92 77 177 107 0 0 0 95 0 0 0 0 109 0 95 87 89 211 82 
54 0 101 54 0 61 0 120 57 0 65 0 92 56 0 52 0 113 55 0 46 0 117 48 0 
77 46 0 29 0 103 73 16 47 24 92 86 0 25 0 110 53 0 40 0 87 58 0 33 0 
0 0 0 0 37 256 249 253 241 282 0 0 0 0 54 0 0 0 0 54 0 0 0 0 45 
101 56 64 128 86 65 44 59 108 75 28 0 0 58 10 34 0 0 54 12 45 14 8 59 25 
31 59 8 6 11 17 50 0 0 0 24 77 0 0 0 142 173 134 123 121 27 78 0 0 0 
0 0 0 21 0 186 170 197 198 164 0 0 0 23 0 0 0 0 22 0 0 0 0 19 0 
71 79 132 138 89 0 0 52 63 0 0 0 74 60 0 0 0 67 53 0 0 0 59 62 0 
63 57 59 48 68 41 0 0 0 11 76 62 47 48 72 30 0 0 0 21 92 49 45 49 60 
0 0 25 0 69 9 6 35 12 89 0 0 34 0 70 10 7 43 7 95 81 75 114 64 153 
55 111 139 64 71 28 80 97 26 26 0 35 70 0 0 0 40 73 0 0 0 41 67 0 0 
0 0 124 0 0 0 0 97 0 0 83 123 233 125 114 0 0 98 0 0 0 0 116 0 0 
119 139 44 67 186 49 56 0 0 109 54 68 0 0 94 54 53 0 0 105 74 58 0 0 107 
0 49 0 23 36 59 115 57 79 93 0 59 0 27 38 0 55 0 39 40 26 65 22 53 63 
9 7 99 5 12 0 0 87 0 0 0 0 83 0 0 36 39 120 27 29 75 78 150 59 85 
0 0 0 51 75 87 81 63 117 163 0 0 0 49 73 0 0 0 36 84 0 0 0 47 73 
106 192 96 87 97 25 121 0 0 0 32 127 9 9 11 25 77 0 0 0 24 93 1 3 0 
72 38 99 44 98 19 0 44 8 58 21 0 43 0 73 21 0 55 0 58 0 0 36 0 53 
56 0 11 0 3 55 0 0 0 0 67 52 21 51 72 68 0 0 2 0 170 106 90 138 109 
46 31 114 39 45 2 0 81 0 0 0 0 75 0 1 7 0 69 0 0 24 25 99 18 21 
0 62 64 0 0 0 64 60 0 0 21 104 73 21 21 32 109 61 40 42 0 62 51 0 0 
20 0 78 0 35 56 42 116 38 74 18 0 76 0 18 21 0 72 0 19 27 0 89 0 23 
0 2116 0 0 0 0 2183 0 0 0 0 2055 0 0 0 0 2130 0 0 0 0 2064 0 0 0 
15 95 75 11 0 70 129 127 49 45 0 85 90 1 0 28 120 95 48 21 0 83 55 0 1 
67 114 115 0 0 57 145 129 0 0 80 142 127 0 0 84 131 113 0 0 69 141 134 0 0 
0 82 0 96 0 66 151 55 148 69 56 112 30 127 41 0 67 0 102 0 0 84 0 82 0 
0 0 0 0 0 1293 1236 1263 1220 1288 0 0 0 0 0 0 0 0 0 0 0 0 0 0 0 
0 0 91 131 0 0 0 79 118 0 0 0 83 134 0 0 0 88 136 0 0 0 74 143 0 
163 56 69 100 48 167 57 69 124 76 111 0 0 46 0 85 0 0 40 0 101 0 0 54 0 
0 137 0 0 89 0 155 0 0 80 0 160 0 0 92 0 132 0 0 71 0 156 1 0 96 
161 297 182 248 86 61 193 38 118 0 305 438 238 324 122 188 331 166 233 54 195 404 255 245 138 
103 81 283 275 83 0 0 206 184 0 100 95 273 298 85 0 0 174 172 2 12 15 197 181 19 
158 120 99 145 258 12 26 4 26 184 26 18 11 26 189 261 259 184 233 390 232 265 247 268 415 
0 80 0 0 0 2 59 0 0 0 0 68 0 0 0 7 75 5 7 4 181 227 186 157 181 
83 37 70 26 79 64 10 30 0 82 65 6 34 0 41 111 12 34 0 76 192 144 163 121 244 
202 62 0 98 0 207 63 0 106 0 204 49 0 106 0 188 56 0 112 0 202 52 0 111 0 
0 0 1436 0 0 0 0 1462 0 0 0 0 1355 0 0 0 0 1468 0 0 0 0 1439 0 0 
82 0 12 51 19 125 70 53 96 92 109 74 70 93 89 63 31 25 81 39 56 0 0 36 14 
111 120 135 85 185 0 0 6 0 48 55 85 82 63 120 0 0 23 0 56 0 0 12 0 61 
47 89 0 117 0 143 187 100 211 89 119 142 88 223 94 56 83 0 113 0 41 70 0 114 0 
99 102 106 113 151 85 104 78 77 134 0 30 0 0 56 0 18 1 0 37 55 72 64 49 100 
0 71 0 0 0 32 141 41 38 31 35 145 37 37 30 21 119 24 25 29 45 126 45 39 50 
33 11 41 34 0 103 71 112 112 63 43 21 47 37 0 47 9 44 35 0 41 20 37 39 0 
145 0 0 0 0 128 0 0 0 0 214 79 102 101 104 117 0 0 0 0 142 0 0 0 0 
0 0 0 0 820 0 0 0 0 777 0 0 0 0 826 0 0 0 0 818 0 0 0 0 761 
122 93 0 173 70 138 140 5 167 76 194 183 44 211 126 115 104 3 158 107 146 177 0 179 77 
132 0 0 0 0 262 97 87 83 76 161 0 0 0 0 140 0 0 0 0 147 0 0 0 0 
0 0 0 0 0 87 58 83 81 76 0 0 0 0 0 180 143 163 168 178 0 0 0 0 0 
0 24 0 159 0 38 61 50 204 32 0 21 0 146 0 0 19 0 160 0 0 20 0 174 0 
160 56 128 100 153 98 0 78 23 61 118 23 107 82 85 221 127 199 123 196 93 0 54 32 63 
43 48 55 128 106 28 22 31 81 74 0 0 0 77 55 0 0 0 48 50 7 10 9 75 53 
0 8 69 0 0 89 110 189 94 97 0 10 76 0 0 58 82 188 56 67 0 7 73 0 0 
200 4 188 0 0 200 0 174 0 0 200 2 185 2 0 168 3 180 0 0 207 17 176 9 10 
330 111 361 124 196 313 140 376 174 191 331 136 361 194 200 221 30 248 58 118 245 60 270 30 108 
65 147 68 83 66 0 83 0 27 0 17 126 28 33 27 0 102 0 17 0 0 73 0 22 0 
0 0 33 0 57 36 46 79 44 113 55 74 89 53 121 0 0 33 0 61 0 0 49 0 59 
0 0 21 0 204 0 0 16 0 192 0 0 32 0 184 0 0 30 0 193 0 0 28 0 207 
0 0 0 50 0 0 0 0 59 0 54 59 45 140 45 0 0 0 58 0 85 78 82 157 86 
105 0 0 118 0 129 0 0 148 0 133 0 0 119 0 116 0 0 136 0 130 0 0 137 0 
5 35 82 75 0 85 139 171 148 94 161 210 233 236 137 13 51 99 99 2 67 92 116 108 39 
120 144 123 113 231 0 0 0 0 82 0 0 0 0 88 28 26 30 25 104 0 0 0 0 94 
122 219 126 122 123 0 114 0 0 0 78 189 82 88 77 1 102 0 0 2 65 157 58 55 67 
137 127 77 78 78 77 45 0 0 0 87 48 4 4 8 64 49 0 0 0 72 56 0 0 0 
0 125 0 0 0 39 176 53 64 70 0 144 0 0 0 70 210 88 90 66 0 118 0 0 0 
0 0 0 0 0 0 0 0 0 0 0 0 0 0 0 0 0 0 0 0 426 399 438 418 396 
0 0 37 0 0 73 79 92 75 86 0 0 31 0 0 76 75 85 59 79 18 24 59 22 25 
8 14 22 23 61 0 0 0 0 53 100 104 97 92 132 0 0 0 0 48 91 125 108 102 147 
0 0 0 138 0 0 0 0 118 0 0 0 0 149 0 0 0 0 152 0 79 77 84 219 85 
0 73 0 35 79 3 65 0 39 82 0 59 0 39 98 0 63 0 32 81 22 83 26 57 120 
0 112 0 0 0 0 108 0 0 0 0 106 0 0 0 0 96 0 0 0 97 185 99 105 92 
0 24 0 1 0 92 105 90 75 90 84 82 78 74 78 0 20 0 14 0 122 149 122 151 118 
0 0 117 55 0 43 45 154 106 50 0 0 101 39 0 0 0 89 38 0 0 0 126 35 0 
59 0 0 0 0 126 62 61 76 69 99 20 18 19 15 131 47 43 52 41 58 0 0 0 0 
83 34 32 111 37 39 0 0 91 0 48 0 0 85 0 83 34 30 120 32 53 0 0 83 0 
0 0 20 29 0 0 0 0 25 0 101 99 78 105 96 0 0 0 32 0 0 0 32 25 0 
30 0 0 76 98 93 83 97 153 198 26 1 16 86 109 71 33 41 121 132 44 42 51 111 124 
5 6 47 105 7 0 0 50 84 0 48 30 111 132 48 31 41 67 117 35 0 0 50 84 0 
67 6 49 60 18 47 7 48 48 23 134 84 132 128 93 76 17 49 60 14 59 0 59 62 2 
47 0 67 0 65 44 0 66 0 57 33 0 76 0 81 105 59 131 68 120 32 0 65 0 58 
97 17 197 79 40 80 0 166 84 25 66 0 170 24 7 197 96 279 133 123 115 25 204 68 64 
10 127 170 30 159 148 252 346 149 307 39 130 222 64 208 0 53 178 4 136 97 174 258 142 268 
19 21 22 57 48 40 37 34 75 72 0 0 0 31 29 0 0 0 22 17 75 89 89 123 99 
23 37 0 103 1 34 58 0 130 0 96 82 51 156 68 32 47 0 131 0 54 38 0 101 0 
0 0 59 0 0 176 164 214 165 189 0 0 73 0 0 0 0 75 0 0 0 0 72 0 0 
13 9 0 0 85 23 4 0 0 67 68 73 47 53 148 24 25 19 12 83 104 120 108 101 149 
85 16 15 7 23 130 76 90 90 84 140 110 108 106 111 61 0 5 0 23 40 15 16 8 26 
19 121 91 19 37 0 97 81 5 5 0 101 55 0 22 0 111 70 8 18 52 152 121 50 98 
162 210 103 102 119 97 72 63 24 24 51 55 19 0 0 47 62 21 0 0 40 47 16 0 0 
82 101 13 21 21 61 58 0 0 0 74 78 20 8 18 79 96 46 48 56 102 96 62 34 50 
36 75 43 67 29 0 62 11 40 13 2 51 9 46 18 0 43 14 28 13 39 104 64 95 77 
0 0 63 29 10 0 0 48 39 0 0 0 51 43 5 47 61 141 113 68 58 57 115 106 68 
30 39 27 22 32 0 0 0 0 0 77 63 57 66 55 0 0 0 0 0 123 111 101 116 117 
39 29 32 31 38 0 0 14 0 0 0 0 18 0 0 46 40 74 51 44 108 86 120 120 107 
38 42 105 50 48 7 10 60 18 18 57 48 124 47 47 0 0 49 0 0 0 0 51 15 0 
0 0 180 31 0 0 0 141 23 0 19 20 156 35 18 0 0 166 23 0 0 0 162 23 0 
46 75 0 0 0 68 99 40 30 30 72 114 17 16 10 95 122 37 38 46 38 72 0 0 0 
87 118 74 54 64 12 43 2 0 0 71 135 68 50 57 35 71 25 17 15 23 53 0 0 0 
0 116 109 164 0 0 129 119 162 0 0 108 118 165 0 0 119 115 157 0 0 128 118 163 0 
26 0 0 205 0 13 0 0 130 0 148 111 132 275 113 20 0 0 168 0 31 1 0 156 1 
186 198 86 131 170 256 330 143 158 279 204 280 117 142 170 113 152 30 55 108 303 395 209 248 275 
62 172 126 72 93 5 43 62 11 4 30 72 98 33 26 19 75 59 11 22 0 62 53 0 0 
0 19 13 0 60 7 21 6 1 109 1 10 4 4 50 52 78 68 47 148 27 34 30 26 84 
657 509 580 368 485 474 221 325 188 192 471 278 352 209 274 383 208 181 70 168 554 346 406 344 350 
79 59 0 3 0 151 148 71 68 70 72 78 0 0 0 88 80 23 17 18 63 58 0 0 0 
157 294 131 133 120 234 363 126 222 174 111 274 64 111 63 26 178 0 23 0 94 222 68 82 63 
0 0 0 0 52 0 0 0 0 56 0 0 0 0 65 0 0 0 0 58 134 157 141 152 186 
59 0 41 0 12 149 25 59 35 38 148 51 116 53 69 187 85 135 90 106 152 35 52 20 36 
163 0 0 53 0 165 0 0 57 0 151 0 0 41 0 181 0 0 39 0 156 0 0 39 0 
185 144 185 284 146 38 7 95 142 4 75 42 134 206 57 40 8 116 112 32 28 0 92 110 0 
78 132 104 201 204 0 8 6 104 50 0 9 4 66 70 0 10 14 109 58 34 44 42 136 72 
155 175 97 80 51 226 219 160 130 144 115 122 64 47 31 248 241 206 133 141 168 198 124 46 98 
58 130 51 57 53 0 55 0 0 0 6 80 4 5 4 0 64 0 0 0 76 155 62 76 65 
0 0 0 16 0 0 0 0 19 0 0 0 0 21 0 0 0 0 18 0 175 195 215 226 216 
62 0 44 109 90 25 2 22 105 87 62 15 46 136 111 27 0 29 92 87 131 70 109 201 209 
0 94 67 0 96 0 90 81 0 103 0 115 58 0 72 0 82 94 0 90 0 122 78 0 89 
57 25 70 48 42 88 61 107 60 65 26 18 42 23 13 61 44 120 86 57 9 0 34 0 0 
79 0 0 0 55 71 0 0 0 49 85 0 0 0 59 66 0 0 0 49 182 96 81 99 154 
82 135 25 113 75 66 175 9 134 123 32 89 1 105 59 233 260 174 244 206 118 208 109 166 147 
70 84 89 75 61 8 33 38 13 8 0 10 43 0 0 57 71 82 51 42 20 28 53 17 13 
0 0 0 139 31 0 0 0 157 27 25 30 16 158 47 0 0 0 150 31 0 0 0 136 39 
0 0 0 152 15 165 152 144 344 182 0 0 0 176 18 129 139 130 288 124 3 0 0 143 9 
64 150 198 201 78 47 121 167 192 36 86 155 191 210 99 85 199 195 247 112 129 164 212 272 122 
0 0 0 1290 0 0 1 0 1299 0 0 0 0 1310 0 0 2 2 1373 1 0 0 0 1311 0 
195 0 0 0 0 197 13 18 17 20 177 0 0 0 0 196 0 0 0 0 166 0 0 0 0 
92 0 0 0 0 117 0 0 0 0 121 0 0 0 0 101 0 0 0 0 206 88 85 89 99 
174 19 52 34 40 130 0 13 0 1 219 70 82 85 69 222 117 147 137 121 177 68 89 72 62 
0 12 0 0 0 0 45 0 0 0 0 17 0 0 0 28 48 23 41 59 0 0 0 0 0 
68 110 157 143 94 0 0 44 0 0 0 0 70 0 0 0 0 56 0 0 207 205 250 237 227 
6 13 5 78 218 123 128 140 220 348 2 31 0 81 255 0 21 0 85 251 117 150 115 188 306 
7 18 77 9 248 3 0 53 9 187 110 107 162 117 304 142 156 216 178 342 0 0 54 2 198 
140 280 281 217 74 154 236 314 189 79 146 233 290 145 122 72 179 255 105 9 39 172 242 138 10 
106 0 0 8 0 100 0 0 0 0 118 0 0 0 0 114 0 0 0 0 154 17 29 26 33 
0 0 199 0 37 0 0 237 0 32 0 0 202 0 26 0 0 182 0 25 0 0 187 0 32 
0 0 57 70 0 83 61 119 120 77 0 0 44 45 0 72 62 117 101 49 49 33 100 105 34 
47 78 46 48 73 0 51 0 0 20 38 62 34 30 66 0 37 0 0 31 0 52 3 0 26 
610 621 640 685 624 0 0 0 0 0 0 0 0 0 0 0 0 0 0 0 0 0 0 0 0 
55 0 0 0 0 62 0 0 0 0 63 0 0 0 0 202 133 145 146 141 52 0 0 0 0 
66 50 0 0 0 86 72 14 14 14 134 89 37 34 27 88 66 0 0 0 98 97 26 24 29 
0 0 0 36 0 69 58 46 100 55 0 0 0 25 0 45 44 58 87 50 39 41 42 91 39 
