854 799 598 700 824 1093 1096 933 987 989 709 656 582 663 791 1023 922 892 1012 1080 659 558 461 448 653 
229 180 226 207 198 0 0 0 0 0 158 103 152 130 140 0 0 0 0 0 0 0 0 0 0 
143 56 31 239 254 77 0 0 154 169 161 44 27 240 240 79 0 1 117 164 98 0 0 170 161 
178 1 127 178 174 244 44 237 265 278 333 141 297 356 368 243 51 195 237 228 174 0 146 215 157 
159 50 110 142 48 128 16 79 108 4 131 25 93 103 30 124 4 57 120 0 262 168 239 287 167 
107 9 16 0 95 107 4 20 0 121 212 98 105 82 186 168 74 108 57 153 231 114 126 102 246 
0 0 0 0 0 0 0 0 0 0 1011 1025 981 1008 1044 0 0 0 0 0 0 0 0 0 0 
0 0 0 289 0 0 0 4 250 0 126 122 112 389 130 115 119 100 417 135 0 0 0 256 0 
14 8 13 185 6 0 0 0 190 0 38 52 38 184 29 0 0 0 158 0 3 7 3 184 4 
0 0 0 0 0 0 0 0 0 0 0 0 0 0 0 62 79 75 67 106 201 167 174 212 186 
76 101 66 55 185 0 9 0 0 106 0 3 0 0 109 0 6 0 0 105 80 79 84 68 176 
162 162 161 168 171 0 0 0 0 0 0 0 0 0 0 0 0 0 0 0 82 101 73 74 99 
0 0 0 0 0 0 0 0 0 0 0 0 0 0 0 435 438 438 416 427 199 182 189 192 209 
0 195 0 0 80 0 165 0 0 96 125 320 147 132 205 0 181 0 0 93 0 211 0 0 76 
812 0 0 0 0 811 0 0 0 0 799 0 0 0 0 834 0 0 0 0 841 0 0 0 0 
41 23 203 164 190 50 15 193 145 182 101 113 256 234 207 188 182 364 337 327 153 100 272 241 323 
74 142 78 147 66 73 82 66 115 71 0 41 0 44 0 41 107 53 92 46 0 46 0 48 0 
31 8 12 7 18 110 91 93 92 102 30 0 0 0 18 30 0 0 0 19 107 103 85 87 126 
0 0 140 0 0 0 0 147 0 0 0 0 150 0 0 147 129 247 121 133 0 0 152 0 0 
0 64 43 44 0 0 78 43 45 0 35 96 90 93 33 0 70 46 47 0 0 69 55 42 0 
0 2 0 5 157 156 124 139 172 285 155 142 122 135 253 0 4 0 0 120 90 94 117 98 229 
0 0 0 0 0 0 0 0 0 0 0 0 0 0 0 1040 1111 1102 1081 1011 0 0 0 0 0 
0 20 54 160 0 0 22 63 128 0 0 21 50 161 0 0 19 57 161 0 0 15 59 169 0 
77 53 0 0 0 82 75 18 15 14 142 87 36 38 32 87 66 0 0 0 107 101 23 26 29 
79 131 78 151 156 7 51 23 69 77 19 44 23 74 87 0 49 0 60 68 0 40 0 63 67 
125 132 158 75 6 138 167 246 96 10 330 324 391 334 242 143 139 174 94 7 311 272 393 280 174 
71 11 11 101 14 80 0 0 113 0 233 160 140 245 134 86 0 0 105 0 118 49 42 180 41 
126 104 48 57 37 153 108 56 57 32 66 55 14 0 1 93 84 20 13 14 92 52 9 0 0 
0 0 165 67 0 0 0 185 68 0 0 0 217 59 0 0 0 201 48 0 0 0 169 53 0 
158 185 202 142 127 0 64 71 0 0 0 60 75 0 0 50 82 98 38 41 0 50 100 0 0 
91 71 81 87 78 125 157 129 141 132 30 56 57 47 42 0 0 0 0 0 0 0 0 0 0 
0 0 0 170 0 0 0 0 178 0 241 241 226 432 254 0 0 0 180 0 0 0 0 157 0 
0 0 0 0 0 151 129 167 133 139 0 0 0 0 0 0 0 0 0 0 74 55 65 63 80 
141 1 17 84 60 153 38 61 124 117 247 84 100 154 168 100 0 0 72 44 216 84 88 171 139 
0 99 0 0 0 0 95 0 0 0 0 77 0 0 0 134 166 101 132 90 63 162 50 53 55 
0 0 100 0 0 108 104 209 119 118 0 0 104 0 0 9 10 110 4 9 15 13 91 12 16 
259 251 203 268 118 120 125 81 123 0 91 113 63 105 0 278 276 176 290 133 123 124 87 158 0 
0 0 0 0 0 34 39 36 21 27 0 0 0 0 0 80 85 82 86 114 115 111 105 110 148 
0 228 0 211 0 0 186 0 198 0 5 210 8 205 4 0 192 0 202 0 0 198 0 210 0 
0 46 0 131 0 0 51 0 148 0 0 47 0 148 0 74 155 80 226 78 0 63 0 146 0 
2 0 0 0 75 87 75 78 69 138 91 79 78 83 130 0 0 0 0 81 0 0 0 0 80 
96 281 352 33 246 54 183 279 8 170 95 261 366 67 245 84 316 326 88 267 219 353 409 175 322 
0 58 39 0 107 26 92 59 20 127 34 119 106 54 105 0 70 38 0 85 0 78 39 0 90 
114 90 107 117 125 16 0 0 38 0 13 0 0 40 0 19 0 0 48 0 89 68 62 113 80 
87 0 71 0 0 73 0 97 0 0 134 71 137 57 63 119 21 92 15 13 91 0 95 0 0 
0 18 82 0 98 0 12 72 0 114 0 15 77 0 117 0 15 99 0 146 0 14 71 0 111 
29 75 163 97 36 68 85 176 121 62 0 40 122 42 0 47 77 169 125 47 0 30 110 67 0 
0 63 0 0 0 0 68 0 0 0 125 228 108 135 127 0 89 0 0 0 15 79 18 26 28 
0 0 0 78 0 62 70 56 140 87 0 0 0 77 0 0 0 0 88 0 79 71 65 162 64 
49 0 92 47 0 57 0 108 50 0 59 0 93 50 0 46 0 100 53 0 44 0 96 46 0 
84 49 0 29 1 108 81 18 52 24 99 99 0 25 0 124 57 0 46 0 94 63 0 37 0 
0 0 0 0 26 198 193 197 207 233 0 0 0 0 35 0 0 0 0 37 0 0 0 0 39 
112 54 67 150 91 81 47 68 131 93 29 0 0 64 12 50 0 0 72 10 55 13 12 73 32 
34 74 10 7 17 17 60 0 0 0 21 95 0 0 0 155 203 144 148 133 27 102 0 0 0 
0 0 0 21 0 186 170 197 198 164 0 0 0 23 0 0 0 0 22 0 0 0 0 17 0 
80 86 143 149 92 0 0 53 67 0 0 0 77 61 0 0 0 71 54 0 0 0 63 64 0 
63 57 59 48 68 41 0 0 0 10 75 62 48 48 72 30 0 0 0 22 91 49 45 49 60 
0 0 33 0 79 9 7 44 15 108 0 0 39 0 79 10 8 53 8 105 90 92 145 71 176 
589 588 608 645 588 0 0 0 0 0 0 0 0 0 0 0 0 0 0 0 0 0 0 0 0 
64 111 149 73 73 31 84 101 26 26 0 35 76 0 0 0 38 80 0 0 0 41 68 0 0 
0 0 119 0 1 0 0 96 0 0 80 122 216 120 104 0 0 90 0 0 0 0 107 0 0 
90 106 34 49 120 32 39 0 0 77 37 52 0 0 60 39 41 0 0 65 51 40 0 0 70 
0 49 0 23 36 59 115 57 80 94 0 59 0 27 38 0 55 0 39 40 26 65 22 53 63 
9 7 99 5 12 0 0 86 0 0 0 0 83 0 0 36 39 120 27 29 75 78 149 59 85 
0 0 0 51 75 86 81 63 117 162 0 0 0 48 73 0 0 0 36 83 0 0 0 47 72 
102 191 84 79 96 24 119 0 0 0 28 125 1 0 0 24 80 0 0 0 23 88 3 3 0 
71 29 86 31 81 19 0 41 5 50 18 0 39 0 46 19 0 44 4 50 12 0 40 5 54 
38 0 24 0 1 58 0 15 0 0 54 45 52 37 43 92 54 69 25 27 144 112 122 132 107 
51 23 107 36 38 22 0 71 0 0 10 0 68 0 0 15 0 65 0 0 37 0 86 5 11 
0 0 21 6 0 0 0 0 0 0 0 32 0 0 0 0 0 0 0 0 14 0 2 0 0 
0 62 63 0 0 0 67 50 0 0 21 104 76 20 21 32 109 64 40 42 0 62 54 0 0 
23 0 81 0 37 63 43 122 39 80 25 0 79 0 28 28 0 86 0 29 27 0 91 0 18 
0 2105 0 0 0 0 2180 0 0 0 0 2059 0 0 0 0 2117 0 0 0 0 2054 0 0 0 
21 146 139 19 6 94 227 208 94 78 5 163 134 3 0 62 241 178 76 44 4 133 106 0 0 
78 103 98 0 0 64 139 129 0 0 86 127 111 0 0 92 125 109 0 0 62 127 115 0 0 
0 82 0 128 0 87 173 76 204 107 68 171 35 164 48 0 80 0 113 0 0 103 0 107 0 
0 0 0 0 0 1291 1257 1240 1211 1270 0 0 0 0 0 0 0 0 0 0 0 0 0 0 0 
0 0 84 129 0 0 0 76 109 0 0 0 82 138 0 0 0 87 129 0 0 0 73 134 0 
127 43 49 83 40 133 48 50 100 55 77 0 0 34 0 75 0 0 34 0 80 0 0 44 0 
0 112 0 0 74 0 134 0 0 66 0 143 0 0 80 0 125 0 0 64 0 130 0 0 92 
159 257 146 226 84 91 172 35 130 2 259 390 233 333 134 125 239 90 192 37 184 307 228 258 127 
93 86 285 297 85 0 0 204 201 0 104 96 290 296 88 0 0 160 181 3 5 11 214 194 19 
152 118 119 156 256 5 21 0 19 155 16 8 3 22 164 206 213 181 203 356 209 242 229 228 361 
0 63 0 0 0 0 49 0 0 0 0 64 0 0 0 5 61 5 7 0 155 199 161 135 160 
75 37 54 15 77 70 17 32 0 59 65 10 34 0 37 93 15 32 0 56 177 132 132 114 178 
203 73 0 101 0 204 67 0 102 0 206 54 0 102 0 195 71 0 109 0 208 55 0 113 0 
55 0 0 0 0 62 0 0 0 0 64 0 0 0 0 202 133 145 146 141 52 0 0 0 0 
0 0 1453 0 0 0 0 1478 0 0 0 0 1372 0 0 0 0 1492 0 0 0 0 1459 0 0 
60 4 8 39 21 93 53 46 90 65 80 56 55 62 67 53 24 18 64 28 50 0 1 24 11 
111 133 139 91 198 0 0 6 0 49 60 72 80 65 120 0 0 24 0 54 0 0 20 0 62 
49 88 0 115 0 143 190 101 222 88 121 137 96 226 95 58 82 0 109 0 40 71 0 112 0 
79 79 69 83 131 75 73 61 61 104 0 22 0 0 44 0 18 0 0 33 48 67 50 48 82 
1 72 0 0 1 35 143 33 33 30 44 156 40 35 41 25 125 23 26 36 37 130 44 37 53 
33 11 40 34 0 102 71 111 112 63 43 21 46 37 0 47 9 44 35 0 41 20 37 39 0 
163 0 0 0 0 146 0 0 0 0 241 83 109 112 116 136 0 0 0 0 151 0 0 0 0 
0 0 0 0 840 0 0 0 0 798 0 0 0 0 856 0 0 0 0 833 0 0 0 0 782 
120 110 0 140 55 123 122 3 148 66 170 170 40 205 111 110 113 2 140 68 112 142 0 175 56 
130 0 0 0 0 255 100 87 84 74 158 0 0 0 0 158 0 0 0 0 148 0 0 0 0 
0 0 0 0 0 75 55 73 68 70 0 0 0 0 0 145 125 142 147 152 0 0 0 0 0 
0 23 0 159 0 38 55 47 202 38 0 19 0 135 0 0 16 0 148 0 0 22 0 169 0 
127 75 129 154 170 85 0 90 53 65 68 0 99 88 80 156 87 159 144 155 38 0 62 69 56 
51 66 67 158 146 39 32 38 107 92 0 0 0 93 70 0 0 0 62 66 10 15 9 89 74 
0 10 61 0 0 77 91 171 87 85 0 10 68 1 0 56 75 167 48 61 0 7 67 0 0 
198 12 186 0 0 199 3 168 0 0 198 5 183 4 0 174 4 184 0 0 206 21 182 10 9 
343 107 330 107 176 376 158 388 181 217 409 138 374 186 227 265 30 200 71 132 248 54 244 32 120 
75 172 74 99 70 0 94 0 32 0 21 140 29 38 29 0 116 0 18 0 0 80 0 23 0 
0 0 33 0 58 34 46 78 44 111 55 74 88 53 120 0 0 32 0 61 0 0 49 0 58 
0 0 21 0 203 0 0 18 0 193 0 0 33 0 190 0 0 30 0 197 0 0 31 0 205 
0 0 0 49 0 0 0 0 59 0 54 59 45 140 45 0 0 0 59 0 85 78 82 158 86 
87 0 0 94 0 109 0 0 111 0 98 0 0 89 0 92 0 0 112 0 96 0 0 109 0 
1 44 86 63 5 103 173 177 168 105 167 220 246 217 154 6 51 112 86 18 66 96 126 126 30 
108 147 129 116 250 0 0 0 0 87 0 0 0 0 75 20 25 29 27 116 0 0 0 0 93 
132 259 158 154 156 0 138 0 0 0 85 214 92 99 84 0 102 0 0 0 91 243 88 74 85 
144 130 80 85 84 79 47 0 0 0 92 47 4 4 9 67 50 0 0 0 75 56 0 0 0 
0 140 0 0 0 42 203 71 78 83 0 150 0 0 0 78 229 97 105 75 0 136 0 0 0 
0 0 0 0 0 0 0 0 0 0 0 0 0 0 0 0 0 0 0 0 416 387 420 402 373 
0 0 37 0 0 73 79 92 75 87 0 0 31 0 0 77 75 85 59 79 19 25 59 22 26 
7 13 15 16 49 0 0 0 0 35 80 79 71 69 99 0 0 0 0 33 68 95 76 75 104 
0 0 0 138 0 0 0 0 122 0 0 0 0 149 0 0 0 0 151 0 81 82 83 217 92 
0 67 0 32 70 0 63 0 38 75 0 55 0 35 91 0 59 0 32 73 15 75 22 54 110 
0 111 0 0 0 0 108 0 0 0 0 105 0 0 0 0 95 0 0 0 97 185 99 105 92 
0 0 0 6 0 80 47 84 71 76 60 16 61 48 62 0 0 0 15 0 106 80 105 126 105 
0 0 117 55 0 43 45 155 106 50 0 0 102 39 0 0 0 89 38 0 0 0 126 35 0 
59 0 0 0 0 126 62 61 76 69 99 20 18 20 15 131 47 46 52 41 57 0 0 0 0 
83 35 33 111 37 39 0 0 90 0 48 0 0 85 0 83 35 30 120 32 55 0 0 83 0 
0 0 38 35 0 0 0 26 32 0 100 98 113 122 93 0 0 24 42 0 0 0 43 33 0 
24 0 0 68 87 79 64 69 108 153 31 0 4 71 97 48 19 23 74 83 27 30 46 80 94 
3 6 53 107 7 0 0 50 81 0 53 38 117 137 48 32 43 76 130 39 0 0 49 92 0 
52 4 39 45 8 43 1 42 48 21 125 81 120 113 89 68 18 50 54 13 58 0 46 49 0 
48 0 64 0 63 41 0 59 0 54 26 0 74 0 74 99 59 117 71 113 34 0 66 0 64 
104 21 174 104 40 84 11 149 90 27 66 0 123 29 9 183 70 211 141 101 107 27 185 67 53 
12 120 153 41 108 130 229 309 133 264 34 143 206 49 173 0 72 163 2 110 92 196 240 116 217 
25 23 29 72 57 54 52 53 93 97 0 0 0 42 30 0 0 0 29 20 102 118 119 160 132 
18 31 0 85 0 29 47 0 106 0 77 70 39 128 54 24 36 0 102 0 40 35 0 79 0 
0 0 57 0 0 166 149 212 153 179 0 0 62 0 0 0 0 69 0 0 0 0 68 0 0 
13 9 0 0 90 22 2 0 2 86 87 93 67 67 190 33 26 22 20 112 139 169 142 144 206 
59 11 10 6 19 86 60 62 64 64 94 73 78 86 83 38 0 4 0 12 34 11 14 7 21 
15 88 60 11 27 0 79 61 5 6 0 66 37 0 18 0 69 45 5 9 42 116 93 38 75 
149 196 95 99 110 78 67 48 18 23 38 50 20 0 0 40 48 14 0 0 33 45 14 0 0 
76 92 17 22 16 50 55 0 0 0 64 71 16 7 14 77 81 37 46 54 92 84 49 33 45 
37 73 38 71 29 0 58 8 41 14 0 49 9 45 19 0 39 13 28 13 39 105 62 96 76 
0 0 55 26 11 0 0 45 35 3 0 0 43 39 6 43 53 121 94 61 54 50 100 92 63 
30 38 28 23 31 0 0 0 0 0 72 59 58 62 56 0 0 0 0 0 124 108 100 116 112 
43 38 37 32 41 0 0 16 0 0 0 0 19 0 0 53 46 87 55 50 136 102 141 137 126 
40 44 108 52 46 1 0 58 9 0 62 50 132 56 49 0 0 53 0 0 0 1 61 19 0 
0 0 180 32 0 0 0 141 23 0 19 20 156 37 18 0 0 166 23 0 0 0 162 23 0 
46 72 0 0 0 68 103 41 32 29 68 118 16 15 9 83 124 38 39 41 40 70 0 0 0 
91 116 74 59 62 12 51 3 0 0 75 129 65 56 60 36 68 26 16 14 24 55 0 0 0 
0 116 108 162 0 0 129 119 162 0 0 107 120 166 0 0 117 115 156 0 0 128 120 165 0 
13 0 0 133 0 10 0 0 93 0 96 67 88 188 88 11 0 0 97 0 20 1 1 103 0 
62 84 53 51 79 14 65 11 9 37 50 86 45 40 71 7 40 0 0 35 15 70 11 13 40 
142 186 49 106 141 207 275 89 124 222 160 228 81 131 156 101 146 14 35 95 261 337 137 186 233 
100 223 176 136 154 4 46 78 13 2 37 102 119 42 46 37 94 74 18 39 0 83 68 0 0 
12 26 18 14 72 12 32 25 10 117 9 19 16 10 54 67 86 75 59 165 34 43 39 33 96 
619 470 495 371 460 436 240 265 197 214 444 279 323 218 266 370 175 177 84 151 503 313 365 337 334 
97 67 0 5 0 166 158 67 80 78 74 86 0 0 0 101 94 24 17 27 67 63 0 0 0 
136 278 95 130 101 247 360 136 253 176 115 284 70 143 84 31 182 0 51 0 87 197 60 89 46 
0 0 0 0 56 0 0 0 0 67 0 0 0 0 75 0 0 0 0 63 156 178 160 168 203 
64 0 36 0 20 128 15 57 25 34 127 48 93 46 55 137 65 124 61 83 138 30 48 17 31 
156 0 0 56 0 158 0 0 56 0 145 0 0 43 0 172 0 0 47 0 152 0 0 43 0 
160 128 179 254 127 40 2 77 125 3 95 52 120 196 72 40 15 106 98 25 40 0 77 91 0 
54 88 64 144 119 0 10 4 80 38 0 13 4 48 48 0 10 9 68 44 27 32 24 81 48 
129 116 102 120 26 177 168 142 142 116 92 76 40 60 5 234 178 149 147 106 168 175 143 118 71 
58 130 51 57 53 0 55 0 0 0 6 80 4 5 4 0 64 0 0 0 76 154 62 76 65 
0 0 0 16 0 0 0 0 19 0 0 0 0 18 0 0 0 0 18 0 165 173 198 200 194 
43 9 0 20 31 110 90 77 96 100 42 2 0 26 32 37 0 0 19 38 47 0 0 20 28 
55 4 53 87 93 14 2 29 82 76 73 27 54 133 111 13 0 41 74 90 116 88 126 188 205 
0 92 73 0 82 0 92 79 0 92 0 107 60 0 76 0 86 85 0 81 0 108 77 0 79 
46 23 55 40 31 73 50 88 54 54 19 17 37 20 6 53 45 104 70 46 8 0 31 0 0 
78 0 0 0 58 70 0 0 0 50 97 0 0 0 59 73 0 0 0 51 191 103 86 98 158 
73 109 9 123 78 76 173 12 144 123 53 106 1 131 69 212 268 140 264 178 141 229 118 202 174 
94 93 110 93 73 10 41 44 14 11 0 16 52 0 0 76 76 103 64 61 24 30 60 21 15 
0 0 0 155 41 0 0 0 171 29 31 32 17 170 60 0 0 0 164 40 0 0 0 146 41 
0 0 0 139 11 147 129 120 309 164 0 0 0 162 16 114 120 113 249 106 0 0 0 125 7 
49 178 208 207 64 26 138 192 232 34 94 201 239 256 89 71 240 242 288 124 107 188 230 297 103 
0 0 0 1284 0 0 1 0 1294 0 0 0 0 1303 0 0 2 1 1350 1 0 0 0 1296 0 
195 0 0 0 0 197 13 18 16 20 178 0 0 0 0 197 0 0 0 0 167 0 0 0 0 
92 0 0 0 0 117 0 0 0 0 122 0 0 0 0 101 0 0 0 0 205 87 85 88 99 
208 36 81 24 32 172 0 21 2 0 331 90 141 108 93 345 199 269 191 181 232 47 94 56 55 
17 14 0 0 0 0 49 0 2 3 0 24 0 0 4 0 0 0 0 14 0 6 0 0 0 
89 120 175 137 115 0 0 59 0 0 0 0 86 0 0 0 0 76 0 0 225 293 289 271 254 
5 11 6 74 227 118 134 122 206 356 0 22 0 81 255 0 14 4 88 264 129 150 117 183 325 
6 19 76 4 224 4 0 49 7 173 106 99 167 110 274 128 140 215 163 331 4 0 59 0 188 
134 277 287 207 82 170 258 302 203 90 139 262 273 181 117 67 190 229 124 13 66 205 210 131 25 
95 0 0 1 0 83 0 0 1 0 98 0 0 6 0 100 0 0 0 0 122 15 23 48 29 
6 0 61 34 21 1 0 0 10 23 0 0 0 0 0 2 0 0 0 0 1 0 10 0 0 
0 0 228 0 41 0 1 258 0 35 0 0 227 0 32 0 0 208 0 32 0 0 202 0 37 
0 0 47 82 0 151 116 153 191 124 0 0 34 60 0 99 85 143 158 93 81 76 116 164 65 
