991 880 774 830 931 1130 1178 1120 1093 1228 784 760 661 704 828 1035 1029 893 1027 1026 632 566 463 482 684 
178 143 197 176 164 0 0 0 0 0 120 88 118 101 104 0 0 0 0 0 0 0 0 0 0 
108 36 20 137 179 49 0 0 122 114 155 51 45 213 231 59 0 0 82 112 53 0 0 111 113 
0 0 63 113 0 153 118 182 214 128 0 2 60 68 0 125 117 197 217 120 96 79 152 197 58 
142 47 98 123 38 115 7 80 82 0 112 24 78 99 21 111 1 51 83 0 241 142 222 250 144 
100 5 26 1 96 89 4 17 0 105 192 95 106 82 186 159 69 99 57 146 226 107 133 107 232 
0 0 0 0 0 0 0 0 0 0 1040 1044 992 1010 1061 0 0 0 0 0 0 0 0 0 0 
0 0 0 297 0 0 0 1 287 0 142 132 130 427 131 138 125 105 462 152 0 0 0 273 0 
13 10 16 175 5 0 0 0 179 0 37 43 35 179 30 0 0 0 156 0 3 6 3 177 3 
0 0 0 0 0 0 0 0 0 0 0 0 0 0 0 63 74 80 67 89 205 164 165 206 171 
65 86 64 52 160 0 11 0 0 95 0 0 0 0 100 0 3 0 0 106 76 75 74 62 161 
140 142 151 151 153 0 0 0 0 0 0 0 0 0 0 0 0 0 0 0 82 82 62 64 82 
0 0 0 0 0 0 0 0 0 0 0 0 0 0 0 434 434 429 418 433 193 178 187 190 206 
0 209 0 0 90 0 171 0 0 99 134 341 152 135 218 0 191 0 0 98 0 216 0 0 75 
795 0 0 0 0 789 0 0 0 0 785 0 0 0 0 816 0 0 0 0 824 0 0 0 0 
25 1 243 146 175 53 18 223 156 179 112 108 289 254 260 195 196 447 349 359 134 91 323 233 318 
59 97 65 116 57 50 57 51 102 55 0 33 0 40 0 32 76 37 72 34 0 34 0 34 0 
45 12 20 16 25 156 155 161 145 155 33 0 0 0 19 32 1 0 0 23 172 158 136 152 195 
0 0 138 0 0 0 0 132 0 0 0 0 141 0 0 154 113 257 129 129 0 0 148 0 0 
0 79 57 64 0 0 102 60 56 0 45 114 120 117 40 0 86 67 63 0 0 84 69 52 0 
3 0 0 5 162 154 127 125 160 275 148 131 123 121 238 2 5 2 0 127 83 101 110 95 222 
0 0 0 0 0 0 0 0 0 0 0 0 0 0 0 1040 1095 1114 1087 1013 0 0 0 0 0 
0 18 51 132 0 0 17 52 114 0 0 18 46 141 0 0 17 50 139 0 0 15 51 139 0 
77 62 0 0 0 97 77 20 15 14 158 112 37 39 37 108 73 0 0 0 107 105 23 25 31 
67 104 70 160 144 7 33 21 61 65 17 33 24 93 82 0 36 0 47 67 0 34 0 68 65 
120 123 131 83 11 118 144 173 85 2 315 311 336 306 217 129 127 135 89 0 300 262 332 255 163 
97 13 18 105 21 87 0 0 121 0 246 168 151 251 146 82 0 0 114 0 135 60 54 195 44 
130 100 48 56 35 162 112 57 62 33 66 63 14 0 0 96 88 23 12 14 99 62 9 0 0 
0 0 143 63 0 0 0 162 59 0 0 0 203 58 0 0 0 173 47 0 0 0 147 44 0 
128 163 172 116 104 0 51 74 0 0 0 52 63 0 0 43 60 96 32 32 0 41 88 0 0 
63 51 67 66 58 96 115 101 112 98 22 39 42 35 37 0 0 0 0 0 0 0 0 0 0 
0 0 0 178 0 0 0 0 181 0 213 225 210 409 227 0 0 0 177 0 0 0 0 161 0 
0 0 0 0 0 162 161 198 144 153 0 0 0 0 0 0 0 0 0 0 83 56 72 74 83 
82 0 0 50 36 123 32 37 84 89 182 63 65 118 133 78 0 0 67 40 160 54 71 117 95 
0 80 0 0 0 0 82 0 0 0 0 65 0 0 0 124 158 76 128 85 53 138 49 60 56 
0 0 112 0 0 94 111 205 117 122 0 0 100 0 0 8 10 113 4 9 14 14 94 9 22 
282 255 202 286 132 129 120 85 120 0 95 116 61 102 0 291 279 183 284 135 154 130 70 132 0 
0 0 0 0 0 30 35 30 19 22 0 0 0 0 0 59 67 68 65 90 100 94 95 97 128 
0 223 0 201 0 0 180 0 193 0 8 202 4 197 7 0 185 0 191 0 0 196 0 204 0 
0 53 0 146 0 0 57 0 173 0 0 50 0 155 0 77 162 88 248 94 0 64 0 167 0 
0 0 1 0 85 89 78 92 68 161 100 82 90 84 139 0 0 0 0 81 0 0 0 0 89 
88 273 331 40 220 27 170 219 3 97 77 267 349 49 222 90 302 300 83 223 237 341 395 173 290 
0 53 34 0 87 23 69 50 15 100 32 95 96 45 96 0 68 28 0 72 0 68 30 0 79 
115 101 112 130 127 14 0 0 35 0 18 0 0 37 0 18 0 0 46 0 90 70 66 119 89 
78 0 67 0 0 64 0 80 0 0 124 56 118 53 58 114 20 82 16 16 75 0 82 0 0 
0 18 81 0 96 0 12 69 0 107 0 16 73 0 106 0 14 91 0 133 0 13 69 0 100 
13 64 154 95 30 55 82 157 116 59 0 40 119 43 0 45 80 161 126 47 0 28 103 67 0 
0 59 0 0 0 0 66 0 0 0 105 210 98 127 112 0 83 0 0 0 14 77 17 22 24 
0 0 0 72 0 62 67 53 128 83 0 0 0 74 0 0 0 0 84 0 73 64 59 151 60 
53 0 100 51 0 64 0 126 59 0 66 0 106 58 0 48 0 116 57 0 52 0 117 56 0 
84 55 0 33 0 121 95 17 54 28 107 102 0 30 0 126 65 0 51 0 98 62 0 38 0 
0 0 0 1 25 193 185 191 200 227 0 0 0 0 32 0 0 0 0 37 0 0 0 0 33 
89 47 57 109 76 58 37 49 95 65 23 0 0 51 10 28 0 0 47 10 36 12 7 53 27 
30 66 10 6 12 17 54 0 0 0 21 84 0 0 0 147 184 140 130 128 29 84 0 0 0 
0 0 0 21 0 186 170 197 198 164 0 0 0 23 0 0 0 0 22 0 0 0 0 19 0 
90 103 173 180 112 0 0 55 80 0 0 0 87 69 0 0 0 78 65 0 0 0 66 79 0 
63 56 59 48 68 40 0 0 0 11 74 61 47 48 72 30 0 0 0 21 92 49 45 49 59 
0 0 25 0 69 9 6 36 12 89 0 0 34 0 70 9 7 43 8 95 81 75 112 64 153 
585 586 605 638 586 0 0 0 0 0 0 0 0 0 0 0 0 0 0 0 0 0 0 0 0 
74 142 171 95 97 36 100 123 32 38 0 38 84 0 0 0 46 95 0 0 0 57 89 0 0 
0 0 111 0 0 0 0 93 0 0 76 115 209 113 103 0 0 85 0 0 0 0 105 0 0 
118 131 45 70 154 49 49 0 0 96 46 65 0 0 70 42 55 0 0 84 64 47 0 0 101 
0 49 0 23 35 59 115 56 80 94 0 59 0 27 38 0 55 0 39 40 26 65 22 53 63 
9 7 99 5 12 0 0 87 0 0 0 0 83 0 0 36 39 118 27 29 75 78 150 59 85 
0 0 0 53 76 95 87 68 134 175 0 0 0 50 81 0 0 0 44 89 0 0 0 49 76 
94 162 78 73 83 22 103 0 0 0 29 115 7 6 9 22 74 0 0 0 25 80 2 3 0 
68 29 95 42 98 18 0 40 4 66 15 0 40 1 79 19 0 56 2 60 7 0 36 7 71 
31 10 14 0 6 37 0 0 0 0 49 44 49 41 70 85 54 53 31 43 148 100 107 127 122 
60 34 118 48 52 28 0 81 0 0 18 0 77 0 0 19 0 70 0 0 67 35 113 33 33 
40 2 25 14 0 20 7 0 1 0 5 13 2 0 0 33 0 0 0 0 19 0 7 0 0 
0 62 65 0 0 0 65 47 0 0 21 103 73 20 21 32 109 56 40 42 0 62 53 0 0 
14 0 0 6 0 0 24 0 1 0 0 4 0 7 0 3 0 3 0 0 0 0 0 0 0 
29 0 91 0 45 64 43 124 39 79 25 0 85 0 29 37 10 99 5 36 31 0 99 0 27 
0 2120 0 0 0 0 2170 0 0 0 0 2023 0 0 0 0 2098 0 0 0 0 2036 0 0 0 
17 119 93 11 7 73 151 174 66 52 0 108 98 2 0 32 153 133 72 34 2 100 78 0 0 
68 115 97 0 0 53 132 130 0 0 92 126 132 0 0 60 143 132 0 0 67 135 127 0 0 
0 93 0 110 0 94 172 70 197 101 76 181 40 166 54 0 97 0 126 0 0 125 0 110 0 
0 0 0 0 0 1268 1224 1231 1185 1257 0 0 0 0 0 0 0 0 0 0 0 0 0 0 0 
0 0 95 136 0 0 0 85 116 0 0 0 94 138 0 0 0 91 133 0 0 0 78 138 0 
158 47 54 95 43 160 58 56 116 67 93 0 0 41 0 84 0 0 38 0 91 0 0 53 0 
0 116 0 0 74 0 142 0 0 70 0 148 0 0 83 0 131 0 0 64 0 137 0 0 95 
158 255 153 221 92 46 157 46 117 1 289 399 247 350 175 119 237 125 206 41 179 345 262 264 127 
100 72 265 254 90 0 0 172 172 8 119 115 260 281 88 0 0 147 167 0 21 10 176 188 16 
168 127 136 173 275 10 23 3 26 180 17 16 11 24 164 226 243 180 204 390 240 269 253 246 425 
0 65 0 0 0 0 52 0 0 0 0 68 0 0 0 7 64 4 8 3 161 206 161 135 160 
46 23 36 11 41 39 14 27 0 37 38 11 33 0 28 63 13 29 0 40 104 97 84 73 111 
222 78 0 103 0 225 77 0 113 0 219 56 0 108 0 216 75 1 116 2 217 58 0 131 0 
55 0 0 0 0 62 0 0 0 0 64 0 0 0 0 196 128 140 137 136 52 0 0 0 0 
133 267 313 224 100 198 277 316 234 109 184 321 352 218 160 94 226 260 128 39 79 239 252 151 25 
92 10 17 66 29 112 58 48 98 84 111 76 66 86 100 69 26 28 76 27 63 0 0 32 12 
126 151 152 106 214 0 0 10 0 48 81 97 93 79 135 0 0 18 0 54 0 0 15 0 61 
40 82 0 76 0 131 172 92 174 81 92 104 62 148 62 51 73 0 76 0 32 65 0 83 0 
67 94 76 75 111 77 69 61 58 86 0 21 0 0 42 0 24 0 0 25 49 66 52 44 82 
0 90 0 0 0 38 178 46 39 36 55 182 48 45 41 32 154 34 36 48 44 162 47 47 59 
11 11 39 12 0 77 70 111 84 63 22 20 44 11 0 26 8 43 12 0 23 19 36 10 0 
8 15 93 5 228 1 0 60 5 169 109 93 168 107 270 133 137 213 155 323 1 0 70 2 180 
156 0 0 0 0 143 0 0 0 0 234 83 109 115 108 140 0 0 0 0 140 0 0 0 0 
0 0 0 0 847 0 0 0 0 800 0 0 0 0 856 0 0 0 0 840 0 0 0 0 789 
129 107 1 176 63 148 134 0 208 89 168 168 45 252 128 119 103 5 187 96 117 132 0 195 70 
128 0 0 0 0 257 104 98 81 85 162 1 0 0 0 147 0 0 0 0 138 0 0 0 0 
0 0 0 0 0 72 56 70 64 70 0 0 0 0 0 141 117 137 141 135 0 0 0 0 0 
0 22 0 161 0 40 63 51 194 35 0 19 0 136 0 0 16 0 149 0 0 20 0 175 0 
87 50 87 105 129 43 0 51 45 51 20 1 63 77 56 88 52 98 130 114 12 0 53 60 35 
43 50 56 130 107 29 22 31 82 74 0 0 0 77 55 0 0 0 49 50 7 10 9 76 53 
0 9 63 0 0 82 97 174 83 92 0 10 67 1 0 58 79 183 49 61 0 7 62 0 0 
215 20 207 0 0 217 11 188 0 0 210 12 198 4 1 192 8 192 0 0 216 26 193 10 11 
291 103 289 103 197 300 108 325 125 206 333 149 370 190 265 189 3 179 28 118 202 32 236 22 100 
69 155 73 86 67 0 93 0 27 0 17 143 28 35 27 0 110 0 18 0 0 83 0 23 0 
0 0 33 0 59 35 47 78 44 113 55 74 89 54 121 0 0 34 0 61 0 0 48 0 58 
0 0 23 0 240 0 0 23 0 219 0 0 31 0 199 0 0 31 0 215 0 0 26 0 215 
0 0 0 52 0 0 0 0 60 0 55 63 45 143 50 0 0 0 60 0 89 84 84 169 87 
107 0 0 120 0 131 0 0 139 0 119 0 0 114 0 118 0 0 137 0 119 0 0 136 0 
5 39 82 98 0 115 171 190 219 136 168 208 227 245 155 7 63 121 118 35 77 103 130 148 49 
115 142 140 117 248 0 0 0 0 98 0 0 0 0 78 26 31 30 24 141 0 0 1 0 88 
141 258 160 158 159 0 141 0 0 0 88 218 98 104 89 3 109 0 0 0 91 235 79 72 104 
154 138 78 90 84 84 53 0 0 0 90 52 4 4 8 71 53 0 0 0 76 63 0 0 0 
0 122 0 0 0 38 183 57 58 73 0 151 0 0 0 72 206 92 93 68 0 128 0 0 0 
0 0 0 0 0 0 0 0 0 0 0 0 0 0 0 0 0 0 0 0 443 423 452 443 411 
0 0 50 0 0 84 88 119 93 103 0 0 43 0 0 96 95 104 79 93 23 28 66 30 30 
8 15 17 17 54 0 0 0 0 36 84 82 72 73 101 0 0 0 0 33 69 102 81 78 109 
0 0 0 150 0 0 0 0 138 0 0 0 0 160 0 2 0 0 174 0 89 85 95 229 93 
0 68 0 34 70 3 64 0 39 77 0 55 0 32 90 0 59 0 32 73 18 78 25 54 113 
0 112 0 0 0 0 108 0 0 0 0 106 0 0 0 0 96 0 0 0 96 185 99 105 92 
0 0 0 13 0 79 59 78 67 77 54 4 38 47 48 0 0 0 17 0 105 86 115 133 100 
0 0 117 55 0 43 45 155 106 50 0 0 102 39 0 0 0 89 38 0 0 0 126 35 0 
59 0 0 0 0 126 62 61 76 69 99 20 18 20 15 131 47 46 52 41 58 0 0 0 0 
83 35 33 111 36 39 0 0 90 0 48 0 0 85 0 83 35 30 120 32 55 0 0 83 0 
0 0 63 43 0 0 0 54 43 0 101 99 149 132 97 0 0 62 47 0 0 0 67 41 0 
29 0 0 72 89 85 65 72 110 174 28 1 6 70 94 47 19 20 72 88 31 29 40 79 98 
3 9 57 117 9 0 0 58 102 0 74 40 147 164 58 33 53 85 149 45 0 0 51 101 0 
52 3 43 50 15 39 1 34 45 14 129 83 122 119 78 70 17 51 46 19 48 0 43 46 2 
44 0 66 0 59 39 0 59 0 61 29 0 79 0 84 93 58 117 72 120 34 0 61 0 68 
96 22 200 122 62 83 15 161 87 36 54 0 122 43 8 161 50 202 125 99 85 41 209 84 59 
12 81 145 20 114 150 202 304 131 255 37 98 203 59 171 0 48 160 2 117 108 163 240 127 219 
21 23 23 66 61 51 43 37 90 81 0 0 0 34 31 0 0 0 24 19 86 96 101 133 110 
18 31 0 82 0 29 47 0 103 0 77 73 38 128 52 25 37 0 103 0 40 33 0 80 0 
0 0 55 0 0 166 150 216 153 179 0 0 64 0 0 0 0 78 0 0 0 0 69 0 0 
16 9 0 0 95 23 4 0 0 70 75 70 59 43 151 28 23 21 14 82 114 131 126 114 165 
74 12 13 1 21 103 69 70 84 78 105 87 91 117 98 42 0 2 0 10 38 7 14 1 24 
22 115 73 21 35 0 91 72 5 10 0 86 47 0 18 0 85 62 5 15 47 139 105 41 87 
159 216 108 109 122 87 67 50 20 24 47 56 20 0 0 51 57 17 1 0 42 49 19 0 0 
95 0 0 4 0 83 0 0 0 0 99 0 0 12 0 100 0 0 0 0 121 15 23 42 29 
65 76 11 21 22 47 44 0 0 0 47 62 14 6 15 59 69 36 39 47 80 73 47 29 44 
37 73 43 71 29 0 63 11 42 16 1 50 10 46 19 0 43 14 31 12 40 104 64 97 78 
0 0 53 27 11 0 0 41 35 3 0 0 41 40 6 40 52 114 89 58 54 50 95 93 63 
29 38 26 21 31 0 0 0 0 0 71 59 57 62 55 0 0 0 0 0 120 107 99 114 110 
43 28 40 35 46 0 0 16 0 0 0 0 20 0 0 56 49 94 56 53 129 107 140 147 133 
26 41 102 43 52 2 0 55 11 16 51 49 126 53 55 0 0 51 0 0 0 1 58 18 0 
0 0 180 31 0 0 0 141 23 0 19 20 156 37 18 0 0 166 23 0 0 0 162 23 0 
46 83 0 0 0 80 108 44 39 40 86 131 20 16 10 92 133 43 41 45 41 71 0 0 0 
100 0 98 91 116 172 70 197 192 186 187 98 200 220 240 174 58 145 145 183 108 1 109 148 140 
109 141 75 65 84 17 64 4 0 0 85 160 84 62 68 49 87 29 25 17 27 74 0 0 0 
0 117 108 161 0 0 126 118 164 1 0 108 120 166 2 0 117 115 156 0 0 127 118 166 2 
17 0 0 167 0 13 0 0 119 0 111 92 113 242 111 12 0 0 121 0 24 0 0 128 0 
53 60 38 41 73 1 65 0 1 30 45 88 48 38 63 0 31 0 0 36 1 61 0 0 32 
137 196 39 102 118 196 259 84 131 189 165 202 103 136 144 111 126 16 43 64 266 324 158 200 202 
64 174 114 82 93 6 41 65 13 1 30 74 98 39 27 20 73 61 9 24 0 56 50 0 0 
0 28 0 2 84 12 26 24 2 114 0 13 4 2 67 83 98 97 65 196 44 53 39 30 121 
639 466 530 416 454 441 221 267 205 191 439 266 311 200 275 324 105 117 62 119 519 364 386 358 350 
110 85 0 3 1 176 153 73 86 80 74 87 0 0 0 115 97 21 18 29 72 56 0 0 0 
158 298 123 152 126 249 377 143 269 164 130 266 79 169 86 27 184 0 51 0 97 212 71 101 37 
0 0 0 0 56 0 0 0 0 58 0 0 0 0 76 0 0 0 0 59 146 170 157 172 204 
58 5 44 0 17 126 15 49 29 37 127 56 102 50 56 135 75 125 69 85 112 28 54 18 27 
150 0 0 54 0 156 0 0 55 0 141 0 0 40 0 168 0 0 46 0 149 0 0 41 0 
182 127 171 226 123 51 2 101 127 6 95 46 126 184 65 65 0 93 104 29 60 0 82 89 2 
76 119 92 215 157 0 7 1 105 49 0 15 2 73 54 0 12 6 85 50 33 50 27 107 64 
136 145 93 52 14 201 207 170 124 111 122 102 71 53 1 253 232 211 151 151 182 173 149 64 74 
58 130 51 57 53 0 55 0 0 0 5 79 4 5 2 0 64 0 0 0 76 154 62 76 65 
0 0 0 17 0 0 0 0 21 0 0 0 0 21 0 0 0 0 19 0 184 196 223 219 218 
33 0 0 20 36 106 79 77 83 99 36 0 0 14 29 33 0 0 14 37 43 0 0 17 32 
56 9 58 129 102 16 2 37 104 88 73 19 51 146 111 30 0 37 107 100 137 85 128 225 223 
0 83 65 0 80 0 90 74 0 83 0 91 64 0 64 0 83 69 0 80 0 107 74 0 79 
55 24 58 45 35 77 62 106 67 55 26 20 37 22 13 61 47 111 80 50 9 0 33 0 0 
78 0 0 0 50 64 0 0 0 50 89 0 0 0 60 69 0 0 0 52 177 92 81 98 152 
91 161 16 135 98 84 178 7 124 128 35 107 7 119 56 219 273 159 255 216 125 239 109 185 157 
70 87 95 73 60 7 34 37 10 5 0 12 44 0 0 58 70 83 51 45 21 28 54 20 11 
0 0 0 155 35 0 0 0 176 34 28 36 20 172 58 0 0 0 157 40 0 0 0 147 46 
0 0 0 139 11 144 126 119 305 159 0 0 0 158 15 112 117 108 243 106 0 0 0 126 8 
47 176 187 206 75 43 145 176 200 37 75 162 169 206 86 85 217 209 244 123 120 165 218 250 101 
0 0 0 1272 0 0 0 0 1287 0 0 0 0 1283 0 0 0 3 1345 1 0 0 0 1291 0 
195 0 0 0 0 197 13 17 17 19 178 0 0 0 0 196 0 0 0 0 166 0 0 0 0 
113 0 0 0 0 140 0 0 0 0 144 0 0 0 0 119 0 0 0 0 236 104 99 105 108 
273 38 111 84 49 244 0 40 7 0 415 119 157 130 104 441 236 319 244 238 287 50 95 58 56 
4 45 1 0 3 5 58 10 0 5 0 50 0 0 17 0 23 0 0 0 0 38 0 0 28 
0 0 201 0 37 0 0 232 0 29 0 0 213 0 21 0 0 212 0 20 0 0 183 0 30 
78 104 134 109 101 0 0 48 0 0 0 0 78 0 0 0 0 57 0 0 186 209 251 219 214 
4 14 0 72 207 130 123 116 197 340 3 28 0 82 252 0 14 0 74 251 115 138 117 173 307 
65 27 29 67 75 42 0 0 29 59 56 0 0 27 39 57 0 0 36 41 92 46 48 77 85 
0 0 1450 0 0 0 0 1484 0 0 0 0 1363 0 0 0 0 1474 0 0 0 0 1444 0 0 
