841 811 616 699 758 1109 1152 995 1029 1061 657 636 539 677 683 1031 898 918 906 936 599 509 439 480 554 
270 219 284 256 221 0 0 0 0 0 160 136 152 140 160 0 0 0 0 0 0 0 0 0 0 
93 31 33 145 166 63 0 0 117 118 116 41 25 165 167 39 0 0 67 113 57 0 0 94 110 
134 1 107 150 154 191 24 173 195 205 284 108 246 297 318 219 45 157 203 200 149 0 124 181 165 
192 43 90 146 37 129 8 94 118 0 130 34 79 112 14 133 3 48 112 0 310 214 299 343 204 
100 7 18 0 93 94 0 17 0 120 201 93 110 84 184 177 61 94 71 160 241 115 126 118 242 
0 0 0 0 0 0 0 0 0 0 1025 1047 990 1019 1068 0 0 0 0 0 0 0 0 0 0 
0 0 0 274 0 0 0 0 258 0 117 108 97 375 124 126 104 83 404 132 1 0 0 239 0 
15 10 16 212 6 0 0 0 221 0 43 50 36 231 35 0 0 0 194 0 3 8 4 231 3 
0 0 0 0 0 0 0 0 0 0 0 0 0 0 0 81 91 100 102 109 243 224 233 238 230 
70 85 63 53 172 0 12 0 0 112 0 3 0 0 101 1 4 0 0 111 79 72 81 73 156 
153 151 164 163 172 0 0 0 0 0 0 0 0 0 0 0 0 0 0 0 90 91 78 70 85 
0 0 0 0 0 0 0 0 0 0 0 0 0 0 0 427 440 416 409 420 185 177 182 189 199 
0 201 0 0 86 0 177 0 0 103 99 297 124 111 200 0 184 0 0 98 0 224 0 0 75 
817 0 0 0 0 815 0 0 0 0 809 0 0 0 0 842 0 0 0 0 849 0 0 0 0 
10 1 179 138 173 62 63 261 240 243 122 122 280 235 285 185 182 385 338 338 99 83 251 219 312 
109 166 125 189 94 95 116 84 153 97 0 63 0 57 0 56 122 65 131 60 0 54 0 56 0 
31 10 17 7 23 129 96 120 108 116 39 0 0 0 18 22 0 0 0 19 125 111 108 100 148 
0 0 151 0 0 1 0 151 0 0 0 0 151 0 0 179 153 280 142 160 0 0 161 0 0 
0 75 46 52 0 0 91 46 47 0 41 110 97 105 39 0 80 54 57 0 0 74 62 48 0 
3 0 0 1 152 138 121 136 146 265 149 123 126 119 235 2 0 0 1 125 93 92 117 89 209 
0 0 0 0 0 0 0 0 0 0 0 0 0 0 0 1002 1051 1075 1045 979 0 0 0 0 0 
0 19 66 182 0 0 17 63 145 0 0 23 59 176 0 0 29 64 193 0 0 22 65 186 0 
91 139 88 165 166 7 48 19 73 77 19 57 27 90 102 0 56 0 75 85 0 49 1 58 69 
130 135 152 96 4 113 140 205 93 0 289 317 388 330 220 123 141 165 96 11 276 263 357 246 141 
67 10 18 89 16 67 0 0 108 0 194 152 134 220 120 60 0 0 92 1 99 35 36 162 35 
99 74 37 40 28 119 83 40 50 27 44 43 12 0 0 71 60 15 10 11 68 43 8 0 0 
0 0 238 85 0 0 0 254 74 0 0 0 324 84 0 0 0 264 65 0 0 0 226 66 0 
102 141 135 104 94 0 46 59 0 0 0 51 59 0 0 33 61 90 34 32 0 41 88 0 1 
63 51 69 67 59 95 113 103 113 98 22 40 41 34 37 0 0 0 0 0 0 0 0 0 0 
0 0 0 170 0 0 0 0 181 0 219 213 215 408 216 0 0 0 186 0 0 0 0 157 0 
0 0 0 0 0 185 156 213 166 159 0 0 0 0 0 0 0 0 0 0 80 66 81 77 94 
175 16 27 110 88 180 55 69 172 129 289 123 121 244 190 129 0 0 113 64 250 117 118 233 164 
0 75 0 0 0 0 72 0 0 0 0 57 0 0 0 101 137 74 111 74 47 117 42 46 46 
0 0 95 0 0 85 87 177 106 106 0 0 94 0 0 7 9 97 4 8 14 13 85 10 15 
272 252 217 257 127 124 117 92 85 0 86 100 66 69 0 293 275 179 276 136 142 124 81 111 0 
0 40 0 129 0 0 54 0 147 0 0 51 0 140 0 65 149 67 218 76 0 59 0 137 0 
0 0 0 0 74 76 73 77 59 129 81 74 68 82 121 0 0 0 0 74 0 0 0 0 78 
95 285 299 79 213 35 158 238 2 139 81 262 315 80 229 112 287 322 99 231 193 316 347 151 280 
0 56 42 0 99 21 76 59 17 108 34 109 94 42 106 0 73 30 0 85 0 77 29 0 91 
106 88 98 114 117 15 0 0 32 0 11 0 0 35 0 17 0 0 41 0 84 64 59 104 74 
75 0 72 0 0 69 0 79 0 0 123 54 118 50 53 103 16 83 14 13 68 0 81 0 0 
0 18 84 0 99 0 14 71 0 109 0 16 75 0 107 0 14 95 0 137 0 13 73 0 104 
12 46 123 64 15 47 65 135 83 38 0 35 114 34 0 39 63 138 89 34 0 22 104 50 0 
0 83 0 0 0 0 91 0 0 0 182 320 171 178 182 0 110 0 0 0 15 97 22 28 38 
0 0 0 71 0 60 64 50 123 81 0 0 0 69 0 0 0 0 80 0 71 63 57 147 61 
52 0 103 52 0 62 0 117 57 0 63 0 100 53 0 49 0 112 58 0 50 0 103 47 0 
77 46 0 29 0 103 73 15 47 24 90 86 0 25 0 110 53 0 41 0 87 58 0 33 0 
0 0 0 0 33 249 248 254 255 283 0 0 0 0 58 0 0 0 0 50 0 0 0 0 53 
102 50 70 122 88 69 40 56 107 76 27 0 0 65 12 30 0 0 55 12 36 13 9 62 33 
29 55 8 6 10 17 49 0 0 0 21 73 0 0 0 125 160 124 115 112 27 72 0 0 0 
0 0 0 22 0 190 173 203 206 169 0 0 0 21 0 0 0 0 22 0 0 0 0 19 0 
77 83 141 144 94 0 0 52 64 0 0 0 78 63 0 0 0 73 55 0 0 0 60 65 0 
66 60 63 51 74 48 0 0 0 11 83 66 51 51 80 33 0 0 0 22 100 51 48 50 62 
0 0 29 0 76 0 0 41 8 94 0 0 43 0 87 2 1 38 0 105 101 102 146 86 198 
61 123 155 73 77 32 90 110 32 27 0 39 79 0 0 0 44 78 0 0 0 40 74 0 0 
0 0 116 0 0 0 0 95 0 0 78 116 221 117 105 0 0 88 0 0 0 0 105 0 0 
104 117 34 57 146 39 41 0 0 88 47 63 0 0 71 50 44 0 0 86 67 50 0 0 80 
0 48 0 23 36 58 114 57 79 87 0 59 0 27 37 0 55 0 39 35 23 64 21 51 60 
12 9 123 9 17 0 0 124 0 0 0 0 107 0 0 45 51 160 37 37 108 99 199 82 119 
0 0 0 51 74 88 81 63 116 163 0 0 0 49 71 0 0 0 36 83 0 0 0 47 73 
94 165 78 73 84 22 106 0 0 0 29 114 7 7 9 22 75 0 0 0 25 78 3 3 0 
76 37 105 53 108 21 0 44 12 66 20 0 49 11 82 20 0 58 12 64 15 0 44 14 70 
64 2 20 0 3 78 1 6 0 0 111 57 70 61 81 93 20 0 0 0 129 82 89 101 75 
29 34 118 43 51 0 0 81 0 0 0 0 77 0 1 2 0 70 0 0 17 40 112 27 29 
0 56 56 0 0 0 55 51 0 0 21 103 70 20 21 29 104 55 39 40 0 58 47 0 0 
0 0 91 0 45 19 26 109 27 71 0 0 84 0 28 0 3 90 0 24 0 0 98 0 27 
0 2148 0 0 0 0 2232 0 0 0 0 2079 0 0 0 0 2152 0 0 0 0 2106 0 0 0 
22 151 144 19 16 103 259 223 108 94 7 163 130 5 0 45 253 208 73 46 5 149 104 0 0 
65 122 100 0 0 55 160 124 0 0 84 139 132 0 0 77 146 123 0 0 71 138 129 0 1 
0 84 0 108 0 67 148 86 187 90 71 131 47 140 44 0 83 0 107 0 0 87 0 95 0 
0 0 0 0 0 1299 1265 1254 1215 1272 0 0 0 0 0 0 0 0 0 0 0 0 0 0 0 
0 0 80 125 0 0 0 75 106 0 0 0 81 127 0 0 0 81 125 0 0 0 72 128 0 
135 51 46 77 38 136 52 48 104 57 78 0 0 36 0 75 0 0 34 0 81 0 0 42 0 
0 131 0 0 87 0 170 0 0 76 0 174 0 0 96 0 140 0 0 76 0 155 0 0 108 
166 251 196 230 93 147 247 140 152 35 303 396 315 338 144 236 388 256 272 137 190 357 279 234 140 
91 71 286 278 94 0 0 186 192 0 112 111 281 320 103 0 0 172 205 5 0 5 186 211 18 
133 103 102 145 245 3 10 0 0 160 6 11 5 15 158 181 190 163 168 335 196 220 212 209 372 
0 133 0 0 0 0 90 0 0 0 0 127 0 0 0 7 121 3 7 3 271 358 279 251 264 
53 28 40 11 54 48 16 33 0 42 50 13 35 0 33 83 15 33 0 47 130 114 99 87 129 
202 76 0 101 0 205 74 0 103 0 204 58 0 103 0 195 67 0 109 0 200 60 0 114 0 
0 0 1439 0 0 0 0 1466 0 0 0 0 1357 0 0 0 0 1466 0 0 0 0 1438 0 0 
79 1 6 52 22 114 60 52 107 81 104 62 67 93 94 62 27 21 75 40 54 0 0 28 10 
110 119 115 74 181 0 0 6 0 46 55 72 69 58 104 0 0 20 0 48 0 0 11 0 58 
52 93 0 123 0 145 197 102 230 94 116 145 71 207 89 57 93 0 119 0 39 75 0 112 0 
80 104 111 96 154 94 95 76 71 117 0 29 0 0 70 0 21 0 0 27 69 80 61 59 115 
0 86 0 0 0 43 136 29 46 35 41 148 40 51 37 29 131 22 29 42 46 143 53 40 62 
32 11 41 34 0 103 71 112 112 63 43 21 46 37 0 47 9 43 35 0 39 19 37 39 0 
145 0 0 0 0 136 0 0 0 0 208 84 103 99 97 119 0 0 0 0 132 0 0 0 0 
0 0 0 0 830 0 0 0 0 787 0 0 0 0 843 0 0 0 0 832 0 0 0 0 772 
73 137 101 200 193 0 11 8 98 51 0 14 6 66 73 0 14 15 100 59 33 45 42 123 60 
130 0 0 0 0 253 100 89 85 71 147 0 0 0 0 153 0 0 0 0 140 0 0 0 0 
0 0 0 0 0 81 60 74 69 79 0 0 0 0 0 148 121 144 148 141 0 0 0 0 0 
0 21 0 143 0 33 55 46 186 32 0 19 0 131 0 0 16 0 136 0 0 20 0 159 0 
145 42 111 113 128 84 0 71 39 51 88 12 94 67 67 190 89 153 115 168 61 1 35 36 52 
51 58 72 160 138 35 32 42 98 96 0 0 0 94 69 0 0 0 54 58 8 12 11 101 71 
0 10 67 0 0 93 116 199 97 110 0 10 79 0 0 66 96 203 61 74 0 5 71 0 1 
117 0 118 0 0 105 0 90 0 0 98 0 108 4 1 73 0 105 0 0 126 13 93 11 10 
347 120 362 143 251 387 177 436 207 246 365 141 396 180 259 233 12 262 38 135 226 46 286 29 148 
72 169 74 88 74 0 94 0 29 0 18 141 29 34 33 0 115 0 20 0 0 85 0 23 0 
0 0 32 0 57 35 46 77 44 113 55 74 89 53 121 0 0 33 0 61 0 0 49 0 58 
0 0 17 0 214 0 1 17 0 208 0 0 32 0 188 0 0 29 0 213 0 0 33 0 226 
0 0 0 54 0 0 0 0 62 0 60 63 46 147 46 0 0 0 60 0 91 81 84 164 90 
124 0 0 121 0 150 0 0 147 0 144 0 0 126 0 126 0 0 143 0 133 0 0 139 0 
2 45 70 64 1 101 184 171 166 109 172 217 211 234 142 18 68 100 98 27 66 119 98 112 44 
96 117 107 100 195 0 0 0 0 69 0 0 0 0 65 19 22 25 20 94 0 0 0 0 70 
111 195 106 99 113 0 111 0 0 0 66 175 78 77 66 10 109 7 5 14 94 195 83 79 96 
137 122 76 77 78 76 44 0 0 0 85 44 4 4 8 64 45 0 0 0 72 51 0 0 0 
0 136 0 0 0 43 190 67 61 77 0 147 0 0 0 74 212 98 85 68 0 137 0 0 0 
0 0 0 0 0 0 0 0 0 0 0 0 0 0 0 0 0 0 0 0 449 414 440 430 391 
0 0 37 0 0 73 79 92 75 87 0 0 31 0 0 77 75 85 59 79 19 25 59 22 26 
8 16 18 18 54 0 0 0 0 36 82 86 76 75 107 0 0 0 0 33 69 105 84 79 109 
0 0 0 134 0 0 0 0 117 0 0 0 0 146 0 0 0 0 153 0 77 78 78 207 88 
0 70 0 34 76 4 69 0 43 81 0 60 0 37 93 0 59 0 33 81 19 83 23 57 120 
0 19 0 19 0 73 91 66 63 67 76 78 73 69 74 0 11 0 13 0 122 146 125 146 117 
0 0 117 55 0 43 45 155 106 50 0 0 102 39 0 0 0 89 38 0 0 0 126 35 0 
67 0 0 0 0 154 68 72 84 75 113 26 20 22 20 161 53 53 56 46 68 0 0 0 0 
83 35 33 111 37 39 0 0 91 0 48 0 0 85 0 83 35 30 120 32 55 0 0 83 0 
0 0 63 43 0 0 0 55 43 0 101 99 149 132 97 0 0 62 47 0 0 0 67 42 0 
3 6 47 93 7 0 0 45 71 0 45 29 99 113 45 27 38 66 107 34 0 0 45 75 0 
62 5 52 51 7 46 6 38 39 17 123 81 125 116 91 81 22 44 67 16 59 0 49 44 0 
38 0 54 0 55 38 0 56 0 51 26 0 66 0 70 88 49 103 64 103 30 0 55 0 53 
71 26 146 79 52 58 9 126 75 35 54 0 113 38 18 138 45 176 100 95 81 26 155 65 55 
12 109 186 48 149 114 206 278 118 243 33 104 209 57 167 0 49 168 6 127 74 127 207 96 181 
37 31 30 83 75 54 55 43 108 100 0 0 0 42 42 0 0 0 34 18 95 117 116 159 139 
19 31 0 85 0 30 50 0 104 0 81 74 38 130 55 27 38 0 109 0 40 35 0 82 0 
0 0 62 0 0 176 158 224 151 189 0 0 62 0 0 0 0 75 0 0 0 0 80 0 0 
56 10 7 3 17 84 56 56 58 61 88 72 73 85 76 32 0 0 0 11 33 11 11 4 16 
18 151 100 14 48 0 126 77 8 10 0 108 62 0 36 0 112 68 6 16 48 170 112 45 95 
151 216 111 103 104 74 70 46 24 25 41 69 16 0 0 44 57 17 0 0 30 59 20 0 0 
75 50 1 5 0 62 49 0 0 0 67 47 15 8 15 82 73 49 47 55 78 49 39 0 30 
38 76 43 71 27 0 61 9 42 16 0 51 9 45 19 0 43 14 27 13 39 104 64 97 77 
0 0 63 28 16 0 0 48 39 3 0 0 48 45 6 46 61 134 103 65 57 53 113 103 72 
30 41 27 24 32 0 0 0 0 0 75 60 59 65 56 0 0 0 0 0 131 110 104 123 119 
36 19 27 26 30 0 0 0 0 0 0 0 13 0 0 60 53 85 62 68 113 73 105 117 107 
32 35 93 21 26 0 0 52 0 0 56 50 131 38 43 0 0 53 0 0 0 4 60 0 0 
0 0 97 7 0 0 0 56 2 0 19 20 34 4 18 0 0 80 5 0 0 0 88 0 0 
42 68 0 0 0 66 93 36 30 29 65 107 15 13 9 78 119 37 37 41 36 66 0 0 0 
104 141 80 62 72 15 52 2 0 0 83 156 78 61 63 39 96 29 27 24 27 69 0 0 0 
0 116 108 164 0 0 129 120 164 0 0 107 119 169 0 0 118 115 158 0 0 128 122 166 0 
18 0 0 204 0 14 0 0 143 0 139 108 132 264 109 16 0 0 149 0 21 1 0 153 0 
136 159 31 95 112 179 256 86 107 184 134 194 66 103 140 93 120 6 37 67 259 302 130 161 211 
59 167 114 91 88 7 40 57 10 3 31 70 98 32 31 20 79 56 11 21 0 57 52 0 0 
6 23 17 0 73 12 26 29 6 124 9 17 13 3 63 59 90 75 53 161 31 37 35 31 112 
577 438 466 351 439 386 148 199 148 205 401 252 268 156 265 310 118 101 46 139 502 279 357 305 351 
89 56 1 2 0 187 175 79 81 76 93 91 0 0 0 90 94 25 18 17 79 64 0 0 0 
159 308 125 163 131 247 386 168 273 199 175 286 100 137 83 18 174 0 35 0 86 222 74 81 59 
0 0 0 0 53 0 0 0 0 56 0 0 0 0 71 0 0 0 0 68 141 171 152 163 197 
150 0 0 53 0 156 0 0 54 0 141 0 0 40 0 168 0 0 46 0 149 0 0 41 0 
214 170 234 310 174 45 0 100 148 4 129 52 174 231 80 55 9 115 128 41 61 0 112 111 4 
118 80 47 22 19 165 97 88 86 91 110 50 32 15 9 218 123 142 83 140 146 122 84 38 68 
65 170 63 70 73 0 64 0 0 0 7 111 4 4 5 0 78 0 0 0 98 195 80 105 87 
0 0 0 17 0 0 0 0 20 0 0 0 0 23 0 0 0 0 20 0 192 213 233 242 242 
49 9 49 111 96 24 2 34 104 88 69 25 53 124 103 23 0 33 82 88 118 82 115 192 195 
0 88 64 0 75 0 83 71 0 84 0 93 66 0 67 0 84 82 0 83 0 99 80 0 79 
46 23 56 40 32 72 50 92 56 54 20 17 36 20 13 54 43 103 70 49 8 0 31 0 0 
73 0 0 0 49 65 0 0 0 48 79 0 0 0 55 63 0 0 0 47 167 83 72 89 141 
71 78 0 70 57 41 79 0 113 65 67 65 0 135 70 147 165 106 185 143 83 112 30 134 79 
104 129 123 102 81 20 46 52 16 15 0 14 52 0 0 68 92 103 61 58 24 35 68 21 16 
0 0 0 140 35 0 0 0 158 28 27 29 16 157 51 0 0 0 149 34 0 0 0 138 38 
0 0 0 186 14 232 197 181 446 241 0 0 0 200 16 156 172 159 359 160 0 0 0 206 10 
48 132 152 163 59 27 63 103 142 5 45 124 138 166 71 56 148 138 193 74 89 129 154 220 80 
0 0 0 1264 0 0 0 0 1268 0 0 0 0 1293 0 0 3 3 1337 1 0 0 0 1297 0 
209 0 0 0 0 214 14 21 18 21 190 0 0 0 0 210 0 0 0 0 184 0 0 0 0 
92 0 0 0 0 117 0 0 0 0 122 0 0 0 0 102 0 0 0 0 206 88 85 89 99 
248 89 56 166 114 109 0 0 34 23 198 47 50 72 81 202 45 56 131 79 279 164 119 214 168 
53 68 112 81 67 0 0 46 0 0 0 0 57 0 0 0 0 56 0 0 138 147 198 165 151 
0 16 0 86 224 131 132 125 199 358 3 30 1 76 262 0 18 0 80 268 127 152 114 182 321 
10 17 86 12 230 5 0 54 7 186 115 106 175 125 294 143 151 220 179 353 3 8 52 1 192 
106 225 261 180 87 126 187 251 166 76 146 248 277 188 131 56 144 168 81 6 47 173 209 123 13 
128 0 0 12 0 110 0 0 0 0 127 0 0 0 0 123 0 0 0 0 180 20 31 40 41 
43 69 29 37 54 0 47 0 0 24 50 80 45 38 48 7 36 0 0 35 0 57 1 0 15 
612 629 645 683 630 0 0 0 0 0 0 0 0 0 0 0 0 0 0 0 0 0 0 0 0 
79 63 0 0 0 100 90 19 15 14 155 102 37 37 32 100 76 0 0 0 118 106 22 23 30 
28 0 0 52 64 66 41 38 81 110 18 0 0 54 59 33 10 13 51 55 27 24 28 66 70 
18 9 0 0 89 14 1 0 0 83 84 78 55 51 167 33 37 21 22 99 101 129 107 106 145 
55 0 0 0 0 62 0 0 0 0 64 0 0 0 0 202 133 145 146 141 52 0 0 0 0 
89 164 143 121 161 132 324 183 196 235 15 126 54 61 51 133 219 141 171 157 156 281 206 203 201 
0 0 0 0 0 31 35 30 19 22 0 0 0 0 0 59 67 68 65 90 100 94 96 97 127 
153 12 82 12 21 212 3 57 6 16 306 93 152 99 102 296 174 262 173 158 233 47 97 38 44 
17 0 47 0 0 24 0 26 0 0 29 0 35 3 0 106 80 117 98 103 53 3 37 0 3 
0 0 192 0 38 0 0 223 0 28 0 0 196 0 28 0 0 183 0 24 0 0 180 0 30 
109 65 0 141 48 120 65 0 110 64 113 113 36 163 74 83 60 0 118 44 88 60 0 149 40 
39 61 36 60 30 11 22 0 24 0 59 82 48 84 37 12 43 6 36 5 56 56 54 80 29 
0 0 55 68 0 79 58 117 101 71 0 0 49 53 0 72 71 114 107 51 49 37 106 92 36 
5 0 0 0 8 0 29 0 0 0 0 0 0 0 0 37 44 48 48 54 0 0 0 0 0 
0 251 0 220 0 0 198 0 218 0 8 234 9 212 7 0 209 0 205 0 0 221 0 232 0 
95 17 91 0 0 110 12 97 0 0 111 11 93 0 0 119 8 92 0 0 113 16 100 0 0 
