977 924 861 901 937 1175 1142 1148 1124 1168 736 724 728 730 838 1061 976 988 1070 1024 676 542 548 602 753 
157 122 144 140 139 0 0 0 0 0 106 67 104 86 85 0 0 0 0 0 0 0 0 0 0 
209 74 45 241 320 119 0 0 177 235 233 77 44 298 357 85 0 0 142 231 118 1 0 183 215 
295 50 132 101 74 219 0 44 28 0 410 103 186 128 117 502 248 347 243 265 306 55 106 67 86 
0 0 0 42 0 90 69 52 114 65 0 2 0 31 0 54 50 75 107 58 46 53 54 117 48 
201 45 162 203 66 134 9 111 148 0 153 22 117 135 31 138 7 79 147 0 343 191 279 365 171 
111 9 13 0 109 94 10 13 0 132 223 103 114 85 213 181 83 109 74 165 256 133 137 111 266 
0 0 0 0 0 0 0 0 0 0 1069 1065 1031 1058 1093 0 0 0 0 0 0 0 0 0 0 
0 0 0 281 0 0 0 2 256 0 104 119 88 388 107 118 113 111 428 137 0 0 0 249 0 
14 10 17 194 8 0 0 0 199 0 40 44 40 192 36 0 0 0 170 0 3 4 1 191 2 
0 0 0 0 0 0 1 0 0 0 0 0 0 0 0 59 67 69 66 85 187 163 165 192 168 
60 74 51 43 131 0 10 0 0 83 0 2 0 0 86 0 5 0 0 86 65 65 67 57 133 
146 170 172 174 185 0 0 0 0 0 0 0 0 0 0 0 0 0 0 0 92 86 69 75 91 
0 0 0 0 0 0 0 0 0 0 0 0 0 0 0 432 426 418 408 411 188 180 183 187 207 
0 206 0 0 88 0 168 1 0 101 131 339 154 135 216 0 191 0 0 98 0 217 0 0 75 
810 0 0 0 0 809 0 0 0 0 799 0 0 0 0 829 0 0 0 0 845 0 0 0 0 
14 6 216 143 157 42 15 220 149 181 122 121 290 260 240 236 211 411 358 360 136 96 274 216 303 
71 120 75 136 69 53 70 55 103 57 0 36 0 43 0 33 97 48 88 39 0 39 0 33 0 
35 11 12 9 19 123 94 96 99 111 34 0 0 0 18 28 0 0 0 26 115 105 84 98 139 
0 0 132 0 0 0 0 116 0 0 0 0 131 0 0 125 101 222 109 114 0 0 134 0 0 
0 68 43 47 0 0 80 43 46 0 36 99 96 100 36 0 74 49 49 0 0 71 57 43 0 
2 1 0 1 135 139 107 113 152 244 148 147 112 127 220 6 8 0 0 128 67 88 94 84 192 
0 0 0 0 0 0 0 0 0 0 0 0 0 0 0 1018 1103 1107 1066 1019 0 0 0 0 0 
0 19 63 151 0 0 18 59 131 0 0 20 54 171 0 0 17 57 158 0 0 15 56 171 0 
63 47 0 0 0 78 67 14 13 13 128 81 34 34 27 84 60 0 0 0 92 88 22 23 28 
63 99 59 124 128 7 36 17 54 61 8 35 19 71 78 0 34 0 48 59 0 31 0 52 56 
91 116 109 83 0 95 135 170 91 0 264 274 307 284 180 102 130 150 93 0 254 217 287 247 129 
86 15 13 101 23 78 0 0 119 0 219 159 142 233 133 78 0 0 109 1 120 46 44 175 39 
122 109 50 51 29 137 103 55 58 32 55 61 18 0 0 88 92 25 19 20 83 47 10 0 0 
0 0 136 58 0 0 0 150 53 0 0 0 188 53 0 0 0 161 44 0 0 0 138 42 0 
134 171 176 126 123 0 65 76 0 0 0 48 63 0 0 41 72 113 39 44 0 41 104 0 0 
64 54 68 69 59 107 118 107 116 105 22 40 46 39 39 0 0 0 0 0 0 0 0 0 0 
0 0 0 165 0 0 0 0 174 0 230 234 220 409 242 0 0 0 171 0 0 0 0 155 0 
0 0 0 0 0 177 166 203 167 155 0 0 0 0 0 0 0 0 0 0 80 63 82 74 87 
98 0 0 70 54 136 33 54 108 99 225 80 101 162 154 86 0 0 74 42 190 67 69 141 129 
0 86 0 0 0 0 77 0 0 0 0 65 0 0 0 114 147 81 118 87 56 123 48 53 56 
0 0 103 0 0 90 98 206 111 112 0 0 101 0 0 7 11 111 4 10 19 13 90 9 17 
257 214 193 276 128 107 81 67 122 0 83 94 63 105 0 260 235 163 302 118 140 109 80 149 15 
0 0 0 0 0 34 50 33 23 22 0 0 0 0 0 73 81 86 75 105 121 106 123 110 155 
0 229 0 206 0 0 178 0 205 0 8 213 7 209 8 0 185 0 203 0 0 206 0 213 0 
0 37 0 125 0 0 50 0 132 0 0 48 0 133 0 63 138 63 202 67 0 57 0 128 0 
0 0 0 0 72 81 78 82 64 133 87 73 71 91 125 0 0 0 0 71 0 0 0 0 77 
60 309 363 53 260 28 241 301 14 179 50 313 376 61 224 102 357 384 123 284 215 404 450 183 332 
0 44 33 0 79 17 60 42 10 84 27 80 84 37 79 0 59 25 0 64 0 61 27 0 67 
110 96 111 123 127 13 0 0 37 0 12 0 0 39 0 17 0 0 42 0 91 67 66 110 83 
73 0 69 0 0 66 0 74 0 0 121 58 109 51 53 107 15 81 14 12 70 0 77 0 0 
0 18 87 0 99 0 12 78 0 114 0 17 77 0 116 0 15 100 0 143 0 13 75 0 109 
29 64 151 90 24 59 76 161 114 50 0 42 120 43 0 49 77 165 122 50 0 30 109 67 0 
0 58 0 0 0 0 66 0 0 0 104 206 97 124 111 0 82 0 0 0 14 75 17 22 24 
0 0 0 85 0 69 74 55 140 91 0 0 0 75 0 0 0 0 91 0 78 67 67 167 66 
56 0 98 54 0 67 0 120 61 0 69 0 106 57 0 51 0 114 59 0 46 0 107 50 0 
92 56 0 36 0 120 77 20 49 24 117 96 0 30 0 131 59 0 44 0 98 70 0 37 0 
0 0 0 0 32 200 199 209 206 229 0 0 0 0 43 0 0 0 0 35 0 0 0 0 37 
89 47 57 109 77 58 37 49 96 68 24 0 0 52 10 28 0 0 48 11 37 12 8 56 27 
30 65 9 6 17 19 60 0 0 0 21 91 0 0 0 158 203 150 136 133 29 86 0 0 0 
0 0 0 21 0 186 170 197 197 164 0 0 0 23 0 0 0 0 22 0 0 0 0 19 0 
73 82 142 141 91 0 0 52 66 0 0 0 76 62 0 0 0 70 55 0 0 0 64 62 0 
72 62 67 51 70 48 0 0 0 11 84 68 54 51 78 33 0 0 0 22 95 53 50 50 66 
0 0 26 0 73 9 6 38 14 91 0 0 36 0 73 10 7 43 8 100 82 78 116 64 156 
584 586 605 637 586 0 0 0 0 0 0 0 0 0 0 0 0 0 0 0 0 0 0 0 0 
75 145 171 86 91 38 102 119 32 36 0 37 88 0 0 0 47 90 0 0 0 52 85 0 0 
0 0 110 0 0 0 0 91 0 0 76 114 206 112 101 0 0 83 0 0 0 0 104 0 0 
113 138 49 68 151 52 46 0 0 103 52 67 0 0 77 48 48 0 0 85 71 42 0 0 92 
0 49 0 23 36 59 114 57 80 94 0 59 0 27 38 0 55 0 39 40 26 65 22 53 63 
9 7 99 5 12 0 0 87 0 0 0 0 83 0 0 36 39 120 27 29 75 78 150 59 85 
0 0 0 54 79 98 87 71 122 179 0 0 0 54 76 0 0 0 38 87 0 0 0 50 74 
107 183 88 84 96 24 121 0 0 0 32 124 7 8 10 25 81 0 0 0 26 92 2 4 0 
67 23 98 38 98 16 0 36 4 65 20 0 40 0 77 16 0 50 0 63 8 0 35 10 71 
79 4 10 0 1 84 1 3 0 0 91 50 52 57 74 131 52 48 37 37 181 111 102 138 114 
55 31 110 43 42 27 0 79 0 0 23 0 76 0 0 22 0 70 0 0 52 28 107 33 22 
89 79 99 50 59 35 30 34 0 11 56 68 59 27 45 46 28 37 0 13 34 31 38 0 10 
0 62 62 0 0 0 61 48 0 0 21 104 76 21 21 31 109 60 40 42 0 62 49 0 0 
18 40 23 0 0 19 66 12 1 7 0 46 1 0 10 15 8 0 0 0 0 43 0 0 0 
30 0 91 0 45 64 43 124 39 80 25 0 85 0 29 37 10 99 5 36 31 0 99 0 28 
0 2090 0 0 0 0 2173 0 0 0 0 2020 0 0 0 0 2109 0 0 0 0 2054 0 0 0 
24 125 118 13 13 73 184 209 87 76 7 118 87 1 0 43 191 145 72 55 3 123 94 1 0 
49 86 67 0 0 41 101 86 0 0 70 96 98 0 0 46 100 78 0 0 50 91 89 0 0 
0 109 0 155 0 120 220 91 272 105 107 208 57 245 55 0 108 0 166 1 0 141 0 144 0 
86 119 161 123 103 0 0 60 0 0 0 0 76 0 0 0 0 57 0 0 222 249 267 258 239 
0 0 0 0 0 1270 1247 1234 1205 1269 0 0 0 0 0 0 0 0 0 0 0 0 0 0 0 
0 0 80 125 0 0 0 75 106 0 0 0 81 127 0 0 0 81 125 0 0 0 72 128 0 
138 47 55 84 39 143 57 56 104 63 77 0 0 35 0 88 0 0 37 0 87 0 0 41 0 
0 118 0 0 76 0 141 0 0 74 0 151 0 0 81 0 132 0 0 70 0 145 0 0 102 
185 319 172 244 141 125 197 45 162 14 300 425 279 417 198 142 312 142 260 82 223 383 310 333 192 
95 85 302 292 93 0 0 193 196 2 126 126 300 322 117 0 0 183 196 8 7 16 224 199 20 
149 123 106 155 251 11 25 3 12 174 11 16 11 16 153 214 214 166 190 368 224 268 232 237 390 
0 75 0 0 0 0 64 0 0 0 0 70 0 0 0 8 71 6 8 3 192 252 198 172 193 
67 42 51 19 62 57 14 24 0 56 55 12 30 0 37 105 15 28 0 46 169 135 115 110 149 
200 74 0 100 0 203 64 0 99 0 205 58 0 102 0 187 68 0 112 0 202 69 0 119 0 
55 0 0 0 0 61 0 0 0 0 64 0 0 0 0 202 133 145 146 141 52 0 0 0 0 
151 289 323 206 80 181 317 348 190 93 160 308 336 172 116 93 223 280 129 34 93 284 310 149 35 
83 4 13 58 31 127 72 68 126 101 131 76 75 96 104 80 32 23 72 45 68 0 0 26 9 
109 124 138 80 183 0 0 7 0 50 62 72 84 64 112 0 0 18 0 56 0 0 15 0 70 
46 104 0 130 0 169 206 107 248 91 126 138 79 230 95 71 90 0 133 0 42 80 0 136 0 
97 86 115 95 146 93 82 77 68 101 0 19 0 0 49 0 18 0 0 29 55 72 61 42 86 
0 70 0 0 1 32 128 35 30 30 32 134 36 32 33 26 114 22 25 34 41 122 44 37 48 
32 13 42 35 0 103 71 115 114 63 43 21 49 38 0 47 9 45 35 0 43 21 38 38 0 
0 11 3 71 199 110 114 113 193 328 1 26 0 72 238 0 10 2 82 242 112 142 109 168 294 
5 7 90 10 238 4 0 65 7 182 119 93 180 116 281 137 136 221 165 340 3 1 77 0 194 
150 0 0 0 0 137 0 0 0 0 236 85 107 108 103 131 0 0 0 0 140 0 0 0 0 
0 0 0 0 835 0 0 0 0 807 0 0 0 0 859 0 0 0 0 836 0 0 0 0 798 
121 84 2 166 45 103 120 3 173 76 138 150 42 224 94 100 97 4 144 84 96 135 1 175 46 
128 0 0 0 0 260 97 91 79 73 160 0 0 0 0 148 0 0 0 0 141 0 0 0 0 
0 0 0 0 0 75 60 71 74 77 0 0 0 0 0 150 125 145 158 147 0 0 0 0 0 
0 23 0 168 0 37 60 50 211 35 0 21 0 144 0 0 17 0 151 0 0 23 0 179 0 
90 60 90 109 131 39 0 57 51 45 28 0 64 76 61 80 50 101 113 104 17 6 48 70 36 
43 48 55 128 106 28 22 31 81 73 0 0 0 75 55 0 0 0 47 50 7 10 9 75 53 
0 10 64 0 0 80 84 170 86 92 0 9 78 2 0 57 72 163 50 54 0 5 55 0 0 
111 0 110 0 0 101 0 84 0 0 92 0 98 4 1 69 0 100 0 0 108 11 88 10 8 
285 101 278 114 207 336 152 406 187 228 349 188 413 197 273 182 26 190 44 140 204 54 232 27 110 
65 151 69 83 66 0 86 0 27 0 17 128 28 34 27 0 104 0 17 0 0 75 0 22 0 
0 0 41 0 71 40 51 97 52 135 74 86 100 57 141 0 0 36 0 72 0 0 56 0 79 
0 0 19 0 216 0 0 24 0 199 0 0 30 0 182 0 0 25 0 197 0 0 23 0 192 
0 0 0 60 0 0 0 0 78 0 64 67 54 159 58 1 0 0 68 0 106 94 96 195 107 
87 0 0 94 0 109 0 0 111 0 99 0 0 89 0 92 0 0 113 0 97 0 0 109 0 
0 42 79 75 0 122 209 200 189 135 156 225 225 207 125 15 89 111 106 15 84 121 132 129 45 
118 167 157 128 271 0 0 0 0 96 0 0 0 0 81 27 33 31 26 125 0 0 0 0 94 
143 257 162 152 161 0 135 0 0 0 98 213 107 104 95 2 113 1 1 8 118 245 99 83 103 
146 132 80 82 82 76 47 0 0 0 90 48 4 4 8 65 49 0 0 0 73 60 0 0 0 
0 107 0 0 0 32 147 46 44 56 0 112 0 0 0 57 174 76 71 57 0 102 0 0 0 
0 0 0 0 0 0 0 0 0 0 0 0 0 0 0 0 0 0 0 0 487 469 504 483 470 
0 0 37 0 0 72 79 92 75 87 0 0 31 0 0 77 75 85 59 79 19 25 59 22 26 
8 15 16 17 52 0 0 0 0 36 80 79 71 69 99 0 0 0 0 33 68 98 77 76 105 
0 0 0 147 0 0 0 0 120 0 0 0 0 157 0 0 0 0 156 0 84 83 94 229 95 
0 68 0 30 72 3 61 0 32 76 0 54 0 31 90 0 58 0 26 72 16 77 25 54 112 
0 112 0 0 0 0 108 0 0 0 0 106 0 0 0 0 96 0 0 0 97 185 99 105 92 
0 0 0 30 0 76 48 80 70 76 46 13 39 36 53 0 0 0 16 0 94 78 104 146 107 
0 0 117 53 0 43 45 155 104 50 0 0 102 34 0 0 0 89 36 0 0 0 126 29 0 
12 23 0 0 0 0 61 7 0 16 0 48 0 0 22 0 6 0 0 0 0 27 8 0 12 
59 0 0 0 0 126 62 61 76 69 99 20 18 20 15 131 47 46 52 41 58 0 0 0 0 
83 35 33 111 37 39 0 0 91 0 48 0 0 85 0 83 35 30 120 32 54 0 0 83 0 
0 0 60 43 0 0 0 54 43 0 101 99 149 132 97 0 0 62 47 0 0 0 66 42 0 
31 0 0 72 96 89 60 70 110 176 26 4 9 76 97 57 22 34 72 93 33 26 48 86 108 
1 5 51 103 12 0 0 59 100 0 52 40 123 141 58 32 45 85 147 39 0 0 50 91 0 
60 0 56 61 0 49 0 36 61 8 171 103 168 174 105 116 21 57 87 25 69 0 55 69 0 
39 0 54 0 55 38 0 56 0 51 26 0 66 0 70 88 49 102 64 103 30 0 55 0 53 
102 34 213 95 67 87 9 185 112 28 72 0 154 44 18 184 83 280 157 144 130 35 230 87 70 
5 66 142 21 119 138 194 290 124 243 37 116 187 50 165 0 44 155 5 108 80 103 196 78 191 
19 20 22 62 52 43 41 34 87 76 0 0 0 31 31 0 0 0 26 16 81 95 100 130 103 
18 30 0 83 1 29 46 0 103 0 77 71 39 128 53 25 37 0 103 0 40 32 0 80 0 
0 0 58 0 0 165 153 213 150 178 0 0 62 0 0 1 0 74 0 0 0 0 73 0 0 
11 7 0 0 70 11 1 0 0 56 59 59 43 43 121 21 21 15 11 73 86 106 84 84 121 
59 11 10 6 20 84 61 63 64 64 96 75 78 86 85 41 0 5 0 12 34 11 14 7 21 
20 99 78 18 33 0 95 72 8 7 0 74 51 0 22 0 87 56 10 14 52 133 116 53 92 
180 210 112 126 117 81 66 47 19 26 41 52 20 0 0 48 54 13 0 0 35 42 17 0 0 
93 0 0 10 0 83 0 0 29 0 99 0 0 13 0 100 0 0 0 0 122 15 23 49 29 
64 79 14 17 20 44 41 0 0 0 48 68 16 7 15 64 70 35 38 47 75 71 44 27 41 
38 81 43 77 31 0 63 11 44 16 2 53 11 47 19 0 44 14 33 14 41 108 68 100 80 
0 0 51 27 8 0 0 44 32 0 0 0 41 40 2 42 51 116 91 59 52 48 99 93 61 
29 38 26 22 31 0 0 0 0 0 71 59 57 62 55 0 0 0 0 0 120 107 99 114 110 
49 35 40 34 40 0 0 16 0 0 0 0 20 0 0 52 46 99 57 52 128 103 155 143 127 
33 39 103 47 55 3 5 56 10 16 58 46 127 50 54 0 0 49 0 0 0 2 61 21 7 
0 0 180 31 0 0 0 141 23 0 18 20 155 37 18 0 0 166 23 0 0 0 162 23 0 
43 121 0 0 0 90 171 60 59 60 101 187 35 22 22 105 195 62 63 64 37 111 0 0 0 
69 0 71 84 99 148 65 167 163 178 150 79 150 181 213 133 48 113 111 153 87 2 87 131 112 
113 146 79 66 80 13 69 0 0 0 86 161 79 69 76 41 82 32 23 24 29 77 0 0 0 
0 118 108 161 0 0 125 121 167 0 0 110 124 168 0 0 120 121 161 0 0 131 123 166 0 
13 0 0 128 0 9 0 0 91 0 91 65 87 186 83 11 0 0 97 0 20 1 1 101 0 
53 75 43 46 66 0 50 1 0 30 47 81 40 40 61 7 39 0 0 31 1 60 0 0 28 
107 125 27 55 90 175 232 90 96 167 125 145 49 87 105 86 87 8 29 54 207 234 94 128 136 
72 219 147 107 109 6 43 79 16 3 40 84 116 39 35 20 95 62 13 29 0 70 53 0 0 
5 17 4 4 70 0 31 23 0 105 0 15 12 6 52 55 79 69 42 151 26 38 35 28 91 
655 477 446 367 446 422 243 183 163 199 439 346 268 196 250 335 179 103 70 133 503 404 378 331 337 
90 72 0 4 0 181 176 92 88 87 74 94 0 0 0 108 102 25 19 20 68 65 0 0 0 
165 297 109 142 108 262 372 145 248 171 124 277 83 150 79 29 191 0 36 0 76 202 41 67 21 
0 0 0 0 58 0 0 0 0 61 0 0 0 0 79 0 0 0 0 63 148 176 168 173 215 
83 1 34 0 3 143 16 60 23 44 166 61 113 61 85 210 101 157 77 136 143 40 51 26 33 
150 0 0 54 0 156 0 0 55 0 141 0 0 40 0 168 0 0 46 0 149 0 0 41 0 
152 124 137 219 108 41 0 86 117 5 77 32 114 170 60 48 10 90 100 23 53 0 75 82 2 
0 0 50 54 0 80 53 103 97 63 0 0 41 37 0 55 47 98 88 48 44 39 92 73 30 
69 101 84 183 146 0 11 5 97 45 0 13 5 67 49 0 14 9 83 54 29 45 34 119 57 
122 120 102 43 19 181 180 135 111 124 101 94 80 27 17 242 211 208 120 133 153 144 113 37 69 
58 130 51 57 50 0 54 0 0 0 6 80 4 5 4 0 64 0 0 0 76 154 62 76 65 
0 0 0 18 0 0 0 0 20 0 0 0 0 17 0 0 0 0 18 0 175 199 221 225 212 
46 7 0 28 39 118 88 77 93 103 50 0 0 24 38 42 1 0 12 42 50 0 0 20 34 
70 6 57 151 115 27 0 33 119 101 93 28 50 150 122 26 0 30 118 100 147 102 145 221 230 
0 69 55 0 67 0 70 62 0 72 0 79 53 0 54 0 66 64 0 69 0 84 67 0 65 
49 26 59 41 33 74 56 94 57 58 22 17 35 21 13 57 45 108 74 53 8 0 33 0 0 
78 0 0 0 56 65 0 0 0 49 84 0 0 0 60 66 0 0 0 52 175 90 76 88 152 
77 117 13 127 86 60 143 15 129 110 45 80 0 104 67 186 248 133 226 180 116 171 95 161 143 
76 95 119 86 72 10 40 41 14 10 0 11 49 0 0 68 83 98 62 51 26 35 59 23 14 
0 0 0 140 35 0 0 0 158 28 27 29 16 157 51 0 0 0 149 34 0 0 0 138 38 
0 0 188 0 37 0 0 214 0 27 0 0 197 0 24 0 0 175 0 21 0 0 180 0 26 
0 0 0 138 12 141 120 116 296 151 0 0 0 158 15 101 109 99 227 93 1 0 0 126 8 
32 90 116 155 50 18 72 84 141 23 66 105 107 163 68 40 117 109 164 55 54 86 99 171 51 
0 0 0 1243 0 0 0 0 1219 0 0 0 0 1253 0 1 3 3 1319 1 0 0 0 1251 0 
195 0 0 0 0 194 13 18 16 19 178 0 0 0 0 196 0 0 0 0 166 0 0 0 0 
92 0 0 0 0 117 0 0 0 0 122 0 0 0 0 102 0 0 0 0 206 88 85 89 99 
95 19 86 0 0 117 15 107 0 0 124 10 97 0 0 118 12 101 0 0 107 16 109 0 0 
0 0 1461 0 0 0 0 1477 0 0 0 0 1360 0 0 0 0 1477 0 0 0 0 1464 0 0 
