898 769 729 747 893 1134 1129 1122 1120 1193 759 707 635 804 896 1009 1004 955 1030 1096 650 538 548 574 693 
150 117 145 136 126 0 0 0 0 0 106 76 109 90 90 0 0 0 0 0 0 0 0 0 0 
154 44 32 214 282 95 0 0 153 197 183 49 39 263 302 72 0 0 126 121 85 0 0 163 172 
321 64 128 98 106 221 0 46 5 0 402 119 216 136 137 440 217 315 257 254 284 51 109 67 65 
0 0 3 52 1 95 83 60 144 78 0 3 0 45 0 62 76 91 138 66 60 64 64 143 59 
173 32 119 162 32 135 13 83 120 0 139 25 104 148 26 121 5 57 124 0 309 190 265 299 172 
118 10 10 0 91 100 1 8 0 122 208 105 111 91 212 163 58 91 53 161 244 122 131 105 257 
0 0 0 0 0 0 0 0 0 0 1037 1038 996 1013 1070 0 0 0 0 0 0 0 0 0 0 
0 0 0 250 0 0 0 2 247 0 106 101 88 348 104 112 99 86 382 119 0 0 0 230 0 
15 8 18 180 7 0 0 0 192 0 38 51 35 190 32 0 0 0 165 0 3 7 2 186 3 
0 0 0 0 0 0 0 0 0 0 0 0 0 0 0 61 72 68 68 83 195 159 158 195 165 
72 85 59 50 160 0 9 0 0 100 0 3 0 0 97 0 3 0 0 103 75 78 73 69 155 
140 144 143 147 147 0 0 0 0 0 0 0 0 0 0 0 0 0 0 0 84 76 65 69 81 
0 0 0 0 0 0 0 0 0 0 0 0 0 0 0 423 428 413 405 413 188 177 179 185 202 
0 194 0 0 80 0 171 0 0 94 126 321 155 134 210 0 182 0 0 93 0 211 0 0 75 
799 0 0 0 0 790 0 0 0 0 786 0 0 0 0 817 0 0 0 0 829 0 0 0 0 
4 14 200 130 146 48 11 179 147 185 114 97 275 240 222 221 184 400 344 343 135 98 274 216 288 
82 117 88 161 72 56 83 52 112 67 0 32 0 50 0 36 87 55 90 33 0 32 0 37 0 
35 8 11 7 17 114 87 94 95 105 27 0 0 0 16 25 0 0 0 24 104 107 88 96 133 
0 0 121 0 0 0 0 119 0 0 0 0 119 0 0 123 107 226 112 113 0 0 126 0 0 
0 72 45 52 0 0 89 51 52 0 39 110 105 111 36 0 92 56 54 0 0 83 63 46 0 
2 1 0 3 141 150 109 109 150 227 131 116 120 116 197 3 1 0 0 111 93 108 102 89 181 
0 0 0 0 0 0 0 0 0 0 0 0 0 0 0 1014 1101 1103 1073 1006 0 0 0 0 0 
0 18 53 137 0 0 19 53 119 0 0 18 47 145 0 0 17 52 141 0 0 15 53 140 0 
62 47 0 0 0 80 69 14 14 13 133 82 38 36 30 87 62 0 0 0 98 90 23 23 28 
70 108 63 139 139 6 34 13 63 63 14 42 21 74 80 0 45 0 48 65 0 36 0 55 65 
92 125 117 75 2 105 128 159 87 2 291 287 330 266 184 107 138 146 83 1 247 218 301 223 117 
74 16 15 101 7 71 0 0 113 0 211 154 142 228 131 61 0 0 102 1 111 38 49 176 40 
114 96 44 47 33 140 101 43 53 30 53 55 13 0 0 83 78 25 14 15 86 51 10 0 0 
0 0 135 56 0 0 0 148 52 0 0 0 180 51 0 0 0 159 42 0 0 0 136 41 0 
125 155 167 125 111 0 48 74 0 0 0 49 69 0 0 37 67 96 32 35 0 40 104 0 0 
73 55 71 74 66 105 124 110 125 112 23 43 43 40 44 0 0 0 0 0 0 0 0 0 0 
0 0 0 165 0 0 0 0 175 0 229 234 220 409 243 0 0 0 172 0 0 0 0 155 0 
0 0 0 0 0 182 164 200 166 177 0 0 0 0 0 0 0 0 0 0 83 75 75 70 96 
104 4 0 63 43 126 35 48 115 95 200 71 91 154 145 74 0 0 73 36 184 73 73 147 108 
0 75 0 0 0 0 72 0 0 0 0 57 0 0 0 103 138 74 113 74 48 119 40 47 44 
0 0 103 0 0 87 89 194 114 108 0 0 98 0 0 6 10 103 4 8 16 13 89 9 16 
254 212 182 259 119 104 87 83 116 0 87 94 64 100 0 263 250 172 283 120 127 114 72 142 0 
0 0 0 0 0 33 40 29 23 22 0 0 0 0 0 64 78 80 83 106 118 111 120 104 149 
0 233 0 208 0 0 187 0 200 0 7 212 7 204 7 0 192 0 195 0 0 205 0 208 0 
0 41 0 129 0 0 54 0 153 0 0 51 0 147 0 78 151 72 221 76 0 57 0 130 0 
0 0 0 0 87 99 88 102 73 175 105 86 93 106 163 0 0 0 0 81 0 0 0 0 95 
65 314 381 71 251 5 210 283 8 169 65 279 364 72 246 100 356 337 99 287 219 373 436 181 344 
0 45 33 0 76 13 59 37 7 81 21 80 84 31 69 0 59 26 0 62 0 61 27 0 64 
112 94 106 115 121 14 0 0 37 0 13 0 0 41 0 18 0 0 43 0 89 72 63 112 89 
69 0 65 0 0 63 0 75 0 0 113 53 107 48 50 99 15 78 13 12 66 0 73 0 0 
0 18 95 0 109 0 12 76 0 122 0 19 79 0 115 0 18 96 0 155 0 12 76 0 115 
40 82 160 100 36 79 94 171 128 70 0 44 122 43 0 54 86 169 121 56 0 33 110 66 0 
0 60 0 0 0 0 70 0 0 0 110 214 100 127 113 0 87 0 0 0 14 78 17 23 24 
0 0 0 80 0 73 73 56 137 94 0 0 0 82 0 0 0 0 94 0 80 74 65 171 62 
61 0 117 66 0 74 0 125 59 0 67 0 116 59 0 60 0 125 67 0 63 0 115 53 0 
98 72 0 42 0 140 104 22 58 35 118 112 0 31 0 144 73 0 49 0 121 74 0 39 0 
0 0 0 0 28 206 197 198 200 228 0 0 0 0 42 0 0 0 0 31 0 0 0 0 41 
108 57 67 137 94 74 43 63 120 92 31 0 0 65 10 40 0 0 57 11 46 13 9 69 30 
30 60 8 6 12 18 56 0 0 0 21 86 0 0 0 156 192 145 134 127 27 78 0 0 0 
0 0 0 21 0 186 170 197 198 164 0 0 0 23 0 0 0 0 22 0 0 0 0 19 0 
71 79 133 138 89 0 0 52 63 0 0 0 74 60 0 0 0 67 53 0 0 0 59 62 0 
73 69 65 55 81 46 0 0 0 10 82 71 53 51 79 36 0 0 0 21 99 52 51 52 67 
0 0 26 0 70 9 6 36 13 90 0 0 35 0 73 10 7 45 8 99 83 75 114 64 156 
594 596 617 652 600 0 0 0 0 0 0 0 0 0 0 0 0 0 0 0 0 0 0 0 0 
72 131 165 87 82 35 97 107 35 32 0 36 88 0 0 0 40 83 0 0 0 50 83 0 0 
0 0 110 0 0 0 0 91 0 0 76 114 207 112 101 0 0 85 0 0 0 0 104 0 0 
114 142 55 67 164 39 53 0 0 102 47 62 0 0 74 50 50 0 0 76 66 54 0 0 95 
0 49 0 22 36 58 115 57 79 93 0 59 0 26 37 0 55 0 39 40 25 65 21 52 63 
8 6 99 5 12 0 0 88 0 0 0 0 83 0 0 36 39 119 27 28 75 76 150 59 85 
0 0 0 51 77 89 82 64 117 166 0 0 0 49 74 0 0 0 37 84 0 0 0 48 74 
114 183 88 89 97 26 121 0 0 0 33 130 8 10 9 27 84 0 0 0 29 91 3 3 0 
68 28 100 37 101 19 0 41 4 66 20 0 43 0 77 19 0 57 0 63 11 0 38 9 71 
83 9 10 0 4 88 0 0 0 0 120 64 72 63 83 126 45 29 28 34 190 108 120 135 107 
62 34 118 47 44 31 0 81 0 0 25 0 77 0 0 21 0 70 0 0 78 40 121 48 36 
87 76 97 49 57 33 30 32 0 10 55 67 56 25 45 44 28 38 0 10 31 31 37 0 8 
0 62 63 0 0 0 60 53 0 0 21 104 74 21 21 32 109 62 40 42 0 62 53 0 0 
27 64 26 16 29 28 77 34 24 21 7 56 0 0 12 20 21 0 0 15 0 51 0 0 0 
30 0 90 0 44 64 42 124 38 79 25 0 84 0 26 37 10 97 5 32 29 0 99 0 25 
0 2083 0 0 0 0 2151 0 0 0 0 2016 0 0 0 0 2104 0 0 0 0 2027 0 0 0 
31 181 133 23 13 94 240 236 105 78 5 135 131 3 0 47 227 207 84 68 5 138 106 0 0 
56 91 76 0 0 46 118 92 0 0 70 104 98 0 0 55 111 96 0 0 50 105 95 0 0 
15 135 0 184 0 124 239 124 316 137 156 236 125 332 118 7 124 0 193 0 10 124 0 177 0 
65 93 149 119 93 0 0 56 0 0 0 0 72 0 0 0 0 65 0 0 195 235 284 240 265 
0 0 0 0 0 1252 1207 1210 1158 1232 0 0 0 0 0 0 0 0 0 0 0 0 0 0 0 
0 0 83 124 0 0 0 74 109 0 0 0 86 127 0 0 0 81 129 0 0 0 73 130 0 
159 52 52 98 44 147 54 49 112 61 88 0 0 42 0 84 0 0 36 0 93 0 0 47 0 
0 111 0 0 73 0 131 0 0 66 0 139 0 0 77 0 120 0 0 63 0 129 0 0 90 
179 321 217 293 124 97 195 57 163 5 322 434 272 406 179 183 303 162 285 82 243 415 346 353 177 
108 95 290 300 104 0 0 208 211 10 131 121 297 330 118 0 0 176 207 17 24 16 211 213 21 
142 126 117 154 271 13 25 0 11 172 11 15 10 12 158 232 227 180 208 366 217 278 244 233 392 
0 61 0 0 0 0 50 0 0 0 0 60 0 0 0 7 64 5 7 3 179 206 172 140 172 
72 33 53 20 60 66 9 22 0 63 75 9 33 0 45 105 8 34 0 61 205 136 139 140 205 
204 76 0 100 0 203 69 0 98 0 205 59 0 104 0 193 67 0 104 0 198 63 0 121 0 
55 0 0 0 0 62 0 0 0 0 64 0 0 0 0 202 133 145 146 141 52 0 0 0 0 
120 281 272 196 57 133 269 312 204 55 125 295 279 153 95 78 222 243 118 13 66 229 247 124 27 
79 0 5 55 21 115 77 64 116 83 121 82 61 101 97 79 30 17 93 39 75 1 0 33 10 
114 115 131 91 184 0 0 7 0 43 63 71 79 62 121 0 0 21 0 56 0 0 11 0 71 
20 45 0 51 0 98 119 63 103 47 54 58 23 73 33 33 40 0 48 0 24 44 0 52 0 
90 99 112 103 147 99 94 84 75 114 0 26 0 0 47 0 21 0 0 36 63 84 62 52 113 
0 84 0 0 1 39 164 39 38 38 33 171 34 30 40 24 142 24 27 39 47 169 56 45 61 
32 11 39 33 0 100 71 112 108 61 43 18 47 36 0 47 9 41 33 0 41 19 37 38 0 
1 9 0 67 203 104 114 103 180 323 3 28 0 74 232 0 4 0 72 245 116 143 113 170 292 
12 6 80 14 231 2 0 67 6 170 114 104 175 117 272 144 141 218 167 329 1 0 69 0 181 
156 0 0 0 0 141 0 0 0 0 224 81 107 106 109 134 0 0 0 0 135 0 0 0 0 
0 0 0 0 856 0 0 0 0 801 0 0 0 0 853 0 0 0 0 839 0 0 0 0 796 
122 113 0 162 58 144 119 2 191 91 172 171 46 244 120 108 94 5 155 83 110 147 0 210 63 
136 0 0 0 0 272 100 92 84 75 165 0 0 0 0 157 0 0 0 0 152 0 0 0 0 
0 0 0 0 0 78 56 73 66 76 0 0 0 0 0 148 130 154 154 153 0 0 0 0 0 
0 26 0 167 0 37 61 50 204 36 0 22 0 149 0 0 18 0 154 0 0 21 0 186 0 
73 65 103 119 133 43 0 51 53 52 22 0 56 56 52 82 46 106 105 105 12 0 47 58 36 
41 48 55 128 106 28 22 31 81 70 0 0 0 77 55 0 0 0 48 49 6 10 8 75 53 
0 11 73 0 0 88 104 202 85 100 0 9 76 0 0 62 83 190 58 58 0 5 73 0 0 
214 14 207 0 0 223 7 186 0 0 209 8 193 5 0 189 4 196 0 0 228 26 188 12 11 
312 119 363 141 217 349 197 427 208 229 353 176 447 237 265 207 26 221 61 134 215 74 319 58 121 
66 155 71 83 66 0 88 0 27 0 17 131 28 34 27 0 107 0 17 0 0 75 0 22 0 
0 0 42 0 71 41 54 92 51 143 73 94 103 59 138 0 0 37 0 73 0 0 55 0 75 
0 0 17 0 206 0 0 19 0 201 0 0 30 0 174 0 0 27 0 192 0 0 23 0 192 
0 0 0 61 0 0 0 0 71 0 69 66 50 162 50 0 0 0 68 0 105 91 97 202 105 
104 0 0 106 0 116 0 0 124 0 108 0 0 99 0 110 0 0 119 0 107 0 0 119 0 
1 43 72 67 0 119 203 186 201 128 150 224 225 221 147 18 77 104 117 35 94 133 122 132 41 
120 159 141 118 253 1 0 0 0 90 0 0 0 0 93 23 31 34 25 138 0 0 0 0 92 
141 258 156 145 154 0 139 0 0 0 97 216 95 100 89 2 114 1 0 4 103 218 84 79 105 
176 154 98 93 107 89 50 0 0 0 96 56 5 4 8 83 63 0 0 0 96 77 0 0 0 
0 112 0 0 0 35 156 48 52 62 0 114 0 0 0 64 176 78 74 63 0 103 0 0 0 
0 0 0 0 0 0 0 0 0 0 0 0 0 0 0 0 0 0 0 0 462 439 473 452 424 
0 0 36 0 0 73 79 91 75 87 0 0 30 0 0 77 75 83 59 79 19 25 59 22 26 
8 15 16 17 52 0 0 0 0 36 80 79 71 69 99 0 0 0 0 33 68 98 78 75 105 
0 0 0 145 0 0 0 0 123 0 0 0 0 153 0 0 0 0 153 0 80 81 89 213 89 
0 68 0 29 72 0 60 0 35 76 0 56 0 27 90 0 58 0 18 70 17 76 25 52 113 
0 115 0 0 0 0 112 0 0 0 0 110 0 0 0 0 99 0 0 0 100 191 99 108 94 
0 0 0 41 1 80 57 76 77 79 29 10 32 41 51 0 0 0 15 0 105 105 108 141 99 
0 0 117 55 0 43 45 156 106 50 0 0 103 39 0 0 0 89 36 0 0 0 126 36 0 
0 25 0 0 0 1 59 12 0 13 0 49 0 0 6 0 12 0 0 0 0 38 11 0 17 
59 0 0 0 0 126 62 61 76 68 99 20 18 20 15 131 47 46 52 41 58 0 0 0 0 
83 34 33 111 36 39 0 0 91 0 48 0 0 84 0 83 35 30 120 32 55 0 0 83 0 
0 0 63 43 0 0 0 55 43 0 101 99 149 132 97 0 0 62 47 0 0 0 67 42 0 
32 0 0 67 102 85 61 81 128 185 34 5 5 76 101 53 23 29 76 94 27 29 44 87 98 
3 10 53 103 9 0 0 52 86 0 53 33 123 137 56 29 48 77 139 37 0 0 49 88 0 
56 3 51 51 6 42 5 52 55 18 125 77 133 118 95 77 21 52 64 21 60 0 49 51 0 
40 0 54 0 55 38 0 56 0 51 26 0 68 0 70 88 49 103 64 104 30 0 55 0 53 
95 26 198 97 58 73 7 163 80 41 70 0 157 34 21 158 59 257 128 115 98 35 205 85 65 
12 76 140 23 106 131 180 277 123 213 33 108 181 37 160 0 37 150 3 93 93 122 212 104 202 
22 20 28 70 57 46 44 49 89 91 0 0 0 34 31 0 0 0 29 19 88 104 115 138 115 
18 31 0 86 0 30 47 0 105 0 78 72 36 134 54 26 37 0 110 0 41 35 0 80 0 
0 0 57 0 0 165 154 208 153 179 0 0 64 0 0 0 0 72 0 0 0 0 69 0 0 
11 7 0 0 75 15 2 0 0 67 60 71 48 44 138 25 21 18 13 79 89 119 95 99 150 
59 11 10 6 20 86 60 62 64 64 94 73 78 87 83 39 0 5 0 12 34 11 14 7 21 
20 108 76 17 34 0 103 71 7 7 0 77 53 0 21 0 94 54 6 13 55 140 115 50 96 
169 206 107 108 112 86 69 62 22 22 44 55 17 0 0 47 52 13 0 0 36 45 15 0 0 
94 0 0 17 0 83 0 0 21 0 99 0 0 26 0 100 0 0 0 0 122 15 23 43 29 
63 77 12 19 17 47 43 0 0 0 47 67 11 3 7 60 68 31 39 44 76 66 42 26 36 
38 76 42 71 28 0 62 11 42 15 2 51 11 46 19 0 43 14 30 11 38 101 63 97 78 
0 0 56 27 11 0 0 45 35 3 0 0 44 40 6 43 53 122 94 61 54 50 100 93 63 
29 38 26 22 31 0 0 0 0 0 71 59 57 62 55 0 0 0 0 0 120 107 99 114 109 
43 37 38 36 42 0 0 15 0 0 0 0 21 0 0 56 44 89 65 51 121 100 137 147 126 
37 42 105 51 58 5 6 61 16 17 62 52 129 57 52 0 0 51 4 0 5 1 61 26 11 
0 0 180 30 0 0 0 141 23 0 19 20 156 35 18 0 0 166 21 0 0 0 162 20 0 
45 118 0 0 0 102 171 66 57 54 103 197 34 26 20 108 190 67 64 69 40 110 0 0 0 
93 0 83 89 92 163 71 200 166 172 174 99 194 210 226 160 41 111 125 164 103 2 99 130 122 
97 144 85 65 80 13 66 0 0 0 88 161 79 56 68 51 89 39 21 21 23 69 0 0 0 
0 114 105 161 0 0 127 119 164 0 0 108 119 165 1 0 116 114 154 0 0 126 116 164 1 
13 0 0 131 0 9 0 0 95 0 91 64 87 185 83 11 0 0 99 0 20 1 0 105 0 
53 80 42 42 70 2 57 0 0 28 50 83 45 39 68 7 39 0 0 33 5 60 0 0 25 
115 131 29 71 88 153 226 92 80 170 111 156 65 83 106 63 87 6 22 55 196 258 103 135 163 
80 207 158 92 115 5 44 79 9 3 35 85 117 37 35 24 76 76 12 27 0 69 59 0 0 
2 22 13 0 72 0 31 21 0 99 0 18 14 1 46 58 75 72 36 160 24 34 34 29 99 
674 545 495 459 500 493 254 273 222 251 496 340 313 202 313 402 196 150 128 207 590 401 402 396 445 
80 58 4 3 0 149 136 68 69 68 72 80 0 0 0 95 84 22 20 18 66 53 0 0 0 
138 294 115 147 116 256 383 151 247 175 123 278 89 140 63 35 195 0 40 0 72 216 42 73 21 
10 0 15 57 0 9 0 1 39 0 74 48 61 75 28 79 55 66 106 69 18 3 23 36 0 
0 0 0 0 55 0 0 0 0 63 0 0 0 0 75 0 0 0 0 71 149 185 173 179 213 
57 4 26 0 14 115 15 44 25 32 122 47 81 41 55 133 58 106 57 81 112 26 40 20 29 
150 0 0 54 0 156 0 0 55 0 141 0 0 40 0 168 0 0 46 0 148 0 0 41 0 
179 121 164 244 122 49 0 90 126 0 92 45 128 179 65 63 4 104 106 25 52 0 93 89 0 
0 0 50 60 0 82 52 113 99 68 0 0 44 38 0 62 50 112 91 49 54 34 88 85 37 
72 102 83 174 148 0 13 6 93 48 0 14 7 63 50 0 13 10 91 53 28 37 29 107 58 
122 118 85 8 14 182 169 128 92 91 106 101 60 22 4 236 203 185 107 116 141 151 112 26 39 
58 130 51 56 52 0 54 0 0 0 6 80 4 5 3 0 64 0 0 0 76 153 61 75 65 
0 0 0 17 0 0 0 0 21 0 0 0 0 23 0 0 0 0 21 0 181 203 225 230 223 
44 4 0 25 38 116 84 75 96 104 48 0 0 26 39 41 0 0 19 41 48 1 0 21 32 
55 4 44 94 82 20 4 31 88 69 58 25 49 120 101 24 0 34 79 84 116 79 113 180 193 
0 68 55 0 67 0 71 63 0 72 0 79 53 0 55 0 66 64 0 69 0 84 67 0 66 
46 23 59 39 37 77 57 90 57 55 35 19 35 20 13 63 44 115 75 54 8 0 29 0 0 
79 0 0 0 51 65 0 0 0 54 86 0 0 0 56 73 0 0 0 50 170 95 75 88 151 
89 116 23 134 91 63 124 6 118 107 43 58 0 119 69 206 258 149 238 198 93 137 62 171 132 
92 0 0 0 0 117 0 0 0 0 122 0 0 0 0 102 0 0 0 0 206 88 85 89 99 
76 94 114 86 79 8 35 41 12 9 0 14 47 0 0 64 80 95 66 52 21 33 58 23 14 
0 0 0 144 35 1 0 0 159 28 27 30 16 161 52 0 0 0 150 35 0 0 0 139 39 
0 0 197 0 34 0 0 216 0 27 0 0 194 0 27 0 0 177 0 23 0 0 181 0 24 
0 0 0 138 13 140 125 118 301 155 0 0 0 156 14 106 102 93 237 92 0 0 0 122 7 
52 114 148 198 65 28 85 105 160 32 84 137 137 207 80 55 144 136 182 71 60 109 96 187 58 
0 0 0 1251 0 0 0 0 1244 0 0 0 0 1254 0 0 0 0 1327 0 0 0 0 1270 0 
195 0 0 0 0 197 13 18 17 19 178 0 0 0 0 195 0 0 0 0 166 0 0 0 0 
0 0 1434 0 0 0 0 1468 0 0 0 0 1347 0 0 0 0 1471 0 0 0 0 1435 0 0 
