1135 1126 979 1011 1048 1355 1420 1386 1250 1336 948 916 917 876 1026 1321 1132 1213 1181 1158 777 638 687 641 800 
161 130 172 160 149 0 0 0 0 0 120 80 106 104 100 0 0 0 0 0 0 0 0 0 0 
112 30 30 156 180 66 0 0 119 99 191 63 62 222 211 68 0 0 85 125 76 0 0 102 104 
143 43 39 63 63 57 0 0 7 7 138 65 48 41 68 109 40 58 72 85 171 103 79 107 92 
0 0 3 164 14 163 136 138 345 191 0 2 0 185 22 140 139 137 284 131 0 0 0 150 10 
154 53 115 154 44 133 9 80 115 3 130 27 90 116 22 125 3 71 118 0 305 189 260 324 162 
104 4 26 0 101 91 0 19 0 128 193 93 104 101 182 161 70 97 78 153 214 109 125 110 234 
0 0 0 0 0 0 0 0 0 0 1033 1041 991 1010 1061 0 0 0 0 0 0 0 0 0 0 
0 0 0 246 0 0 0 2 235 1 104 102 94 345 123 102 97 87 355 115 0 0 0 223 0 
16 9 15 200 4 0 0 0 210 0 45 45 41 207 34 0 0 0 174 0 3 6 4 201 2 
206 198 258 348 157 41 5 115 154 0 73 47 169 268 74 42 11 111 138 26 29 0 91 99 0 
0 0 0 0 0 0 0 0 0 0 0 0 0 0 0 56 61 60 60 78 164 144 144 174 146 
58 73 54 44 136 0 9 0 0 85 0 3 0 0 85 0 3 0 0 95 67 66 65 58 136 
165 166 175 199 188 0 0 0 0 0 0 0 0 0 0 0 0 0 0 0 98 89 88 81 96 
0 0 0 0 0 0 0 0 0 0 0 0 0 0 0 436 435 417 404 414 196 180 184 190 204 
0 199 0 0 82 0 168 0 0 98 108 316 127 124 190 0 185 0 0 99 0 215 0 0 76 
793 0 0 0 0 788 0 0 0 0 784 0 0 0 0 812 0 0 0 0 823 0 0 0 0 
41 11 206 151 175 61 12 196 147 187 122 100 280 248 227 181 197 409 371 323 115 88 289 222 283 
94 140 91 161 78 75 91 75 120 77 0 53 0 52 0 47 103 53 102 55 0 43 0 49 0 
37 10 23 9 22 141 102 128 110 140 32 0 0 0 17 22 0 0 0 22 126 122 97 112 152 
0 0 157 0 0 0 0 150 0 0 0 0 164 0 0 181 156 308 146 154 0 0 153 0 0 
0 68 46 46 0 0 81 48 48 0 36 106 98 103 34 0 74 50 48 0 0 70 60 48 0 
0 1 0 1 144 167 120 127 151 284 150 145 141 150 267 2 1 0 0 142 98 112 121 103 235 
0 0 0 0 0 0 0 0 0 0 0 0 0 0 0 975 1034 1048 1011 943 0 0 0 0 0 
0 18 54 142 0 0 19 68 129 0 0 21 55 155 0 0 19 52 156 0 0 17 58 162 0 
77 54 0 0 0 96 77 16 15 10 153 93 42 37 29 99 64 0 0 0 101 100 22 23 31 
136 211 154 315 319 1 48 12 157 118 4 55 23 121 135 0 45 2 136 105 22 63 10 146 128 
91 95 98 72 1 79 92 139 69 0 237 255 262 238 167 95 105 111 69 0 224 183 252 204 125 
86 20 22 99 17 73 0 0 108 0 212 147 137 215 126 70 0 0 102 0 112 50 43 168 36 
126 110 49 58 37 171 117 58 73 31 74 56 16 0 0 108 92 16 18 18 101 54 11 0 0 
0 0 143 58 0 0 0 151 57 0 1 0 183 54 0 0 0 173 46 0 0 0 141 43 0 
157 194 206 162 132 2 63 94 0 0 0 45 88 0 0 69 104 146 75 50 0 47 107 1 0 
65 52 71 68 58 102 119 108 115 103 23 41 43 37 44 0 0 0 0 0 0 0 0 0 0 
0 0 0 169 0 0 0 0 178 0 240 234 220 420 248 0 0 0 179 0 0 0 0 159 0 
0 0 0 0 0 137 126 162 125 132 0 0 0 0 0 0 0 0 0 0 69 52 62 60 75 
105 2 0 55 36 123 38 38 110 93 197 79 79 134 141 73 0 0 70 35 179 58 79 148 116 
0 77 0 0 0 0 76 0 0 0 0 57 0 0 0 108 146 80 119 81 49 121 45 50 54 
0 0 95 0 0 85 85 176 105 104 0 0 92 0 0 7 9 97 4 8 14 13 82 9 15 
233 222 168 227 103 108 100 62 102 0 87 104 48 81 0 243 245 155 250 111 125 132 72 126 0 
0 0 0 0 0 31 35 30 19 22 0 0 0 0 0 61 67 68 65 92 101 95 97 98 128 
0 232 0 217 0 0 191 0 207 0 7 212 7 212 7 0 195 0 198 0 0 208 0 217 0 
0 37 0 104 0 0 45 0 110 0 0 43 0 109 0 53 116 58 174 58 0 50 0 97 0 
0 0 0 0 83 86 74 81 57 152 92 91 82 84 135 0 0 0 0 89 0 0 0 0 79 
72 275 326 38 221 23 191 226 0 146 99 264 291 31 250 137 306 299 101 294 219 349 358 146 289 
0 45 33 0 78 19 60 45 12 87 27 80 87 38 79 0 59 24 0 63 0 61 26 0 67 
77 55 68 67 73 13 0 0 32 0 12 0 0 35 0 16 0 0 38 0 63 49 33 79 57 
28 0 0 53 64 67 40 38 82 113 18 0 1 55 60 34 9 14 51 54 27 24 27 66 70 
73 0 68 0 0 66 0 79 0 0 117 54 114 50 54 103 17 86 13 13 71 0 75 0 0 
0 18 81 0 96 0 12 69 0 107 0 16 74 0 106 0 14 91 0 133 0 13 69 0 101 
22 59 156 87 18 72 81 165 139 60 0 43 136 37 0 62 84 173 117 43 2 31 115 63 0 
0 58 0 0 0 0 66 0 0 0 104 206 97 124 111 0 82 0 0 0 14 75 17 22 24 
0 0 0 71 0 61 64 52 123 81 0 0 0 71 0 0 0 0 81 0 72 64 57 147 62 
49 0 92 48 0 57 0 110 53 0 59 0 93 50 0 46 0 102 54 0 43 0 97 45 0 
77 46 0 29 0 103 72 16 47 24 92 86 0 25 0 110 52 0 41 0 87 58 0 33 0 
0 0 0 0 23 178 165 179 184 193 0 0 0 0 30 0 0 0 0 30 0 0 0 0 33 
88 47 55 108 77 55 37 49 96 67 24 0 0 51 9 27 0 0 48 10 37 11 8 56 27 
30 58 8 6 10 17 51 0 0 0 21 74 0 0 0 128 172 127 119 119 29 72 0 0 0 
0 0 0 21 0 186 170 197 198 164 0 0 0 23 0 0 0 0 22 0 0 0 0 19 0 
71 79 133 138 89 0 0 52 63 0 0 0 74 60 0 0 0 67 53 0 0 0 59 62 0 
62 56 59 48 68 41 0 0 0 10 76 59 48 48 72 30 0 0 0 20 92 46 45 49 59 
0 0 24 0 69 9 4 36 10 85 0 0 34 0 68 10 6 41 7 95 81 75 112 61 152 
585 587 605 639 590 0 0 0 0 0 0 0 0 0 0 0 0 0 0 0 0 0 0 0 0 
55 105 137 64 70 28 79 95 26 26 0 32 69 0 0 0 36 71 0 0 0 39 66 0 0 
0 0 109 0 0 0 0 91 0 0 76 114 207 112 101 0 0 85 0 0 0 0 104 0 0 
90 105 33 48 118 33 38 0 0 76 37 52 0 0 60 39 40 0 0 65 51 40 0 0 67 
0 48 0 10 13 43 97 47 56 59 0 51 0 15 13 0 53 0 33 19 16 45 15 27 28 
7 7 98 4 11 0 0 87 0 0 0 0 83 0 0 36 38 120 27 28 75 78 150 59 85 
0 0 0 51 75 88 81 63 117 163 0 0 0 49 73 0 0 0 36 84 0 0 0 47 73 
94 164 78 73 84 22 106 0 0 0 29 113 7 7 8 21 75 0 0 0 25 79 2 1 0 
78 38 106 55 108 21 0 45 14 66 22 0 49 12 82 21 0 58 13 65 15 0 44 15 71 
32 9 30 0 6 25 0 33 0 0 24 33 53 19 31 52 27 55 0 21 93 63 90 88 76 
67 34 118 48 54 32 0 81 0 4 29 0 77 0 7 26 0 70 0 8 83 45 122 48 47 
59 16 16 0 0 72 15 8 0 0 103 35 47 39 51 88 36 31 19 15 112 67 69 57 45 
0 45 0 10 5 37 76 38 63 38 39 76 33 38 28 28 77 43 65 27 0 40 4 16 9 
89 79 100 51 60 35 30 34 0 7 58 67 60 28 44 46 27 38 0 13 36 30 39 0 7 
0 62 70 0 0 16 81 71 20 20 21 103 82 21 21 32 109 67 40 42 0 62 59 0 0 
55 100 50 49 48 35 108 33 39 32 19 84 21 20 31 27 63 26 28 28 0 66 0 0 0 
28 0 87 0 42 63 43 121 39 78 23 0 82 0 29 36 10 96 0 31 28 0 96 0 26 
0 2057 0 0 0 0 2113 0 0 0 0 1989 0 0 0 0 2090 0 0 0 0 1993 0 0 0 
27 155 104 0 0 89 222 173 72 64 0 133 124 2 0 43 223 151 106 49 2 136 76 0 0 
48 75 68 0 0 42 89 89 0 0 63 93 93 0 0 53 101 78 0 0 54 90 88 0 0 
0 113 0 128 0 95 178 96 230 96 99 192 88 259 78 0 99 0 140 0 2 110 0 113 0 
119 151 18 223 102 93 170 1 236 147 78 112 5 254 108 334 382 249 456 341 221 308 173 304 267 
0 0 0 0 0 1251 1211 1216 1169 1241 0 0 0 0 0 0 0 0 0 0 0 0 0 0 0 
0 0 80 125 0 0 0 75 106 0 0 0 81 127 0 0 0 81 125 0 0 0 72 128 0 
128 42 46 81 39 133 47 51 100 56 76 0 0 34 0 70 0 0 36 0 77 0 0 40 0 
0 124 0 0 87 0 155 0 0 73 0 153 0 0 96 0 137 0 0 73 0 146 0 0 104 
177 233 142 240 115 123 258 101 134 38 278 425 233 314 156 208 348 202 241 144 190 398 257 243 179 
19 5 126 119 49 1 0 100 66 26 54 80 153 154 81 0 0 76 76 32 55 65 176 150 95 
148 122 137 149 271 7 24 3 12 163 8 17 9 2 153 188 212 161 148 351 218 243 248 217 383 
153 0 63 3 43 204 19 77 36 50 240 73 146 80 91 297 170 223 134 178 201 44 51 29 44 
0 65 0 0 0 0 54 0 0 0 0 65 0 0 0 7 66 4 8 3 167 202 161 140 172 
46 24 37 11 42 40 13 27 0 41 38 12 33 0 31 64 13 29 0 40 107 101 87 74 113 
53 136 152 242 43 13 98 150 216 20 120 173 231 323 88 5 177 159 213 46 48 122 185 263 29 
206 71 0 104 0 202 67 0 102 0 203 55 0 105 0 192 71 0 111 1 208 67 6 119 0 
51 14 0 35 43 123 100 88 109 113 57 15 0 36 42 47 7 0 26 45 54 11 0 31 36 
55 0 0 0 0 62 0 0 0 0 64 0 0 0 0 202 133 145 146 141 52 0 0 0 0 
87 213 232 127 55 101 210 228 113 35 97 204 201 98 78 58 151 187 70 6 73 228 230 117 40 
100 7 9 54 15 117 74 54 108 71 111 70 79 74 102 94 37 20 80 21 67 0 0 30 8 
91 100 94 69 156 0 0 4 0 38 50 64 57 51 91 0 0 12 0 43 0 0 0 0 52 
32 59 0 68 0 131 138 83 126 50 83 75 33 98 49 47 52 0 62 0 32 55 0 62 0 
109 109 124 127 175 112 93 95 92 127 0 27 0 0 62 0 26 0 0 36 75 88 73 62 106 
0 73 0 0 0 30 130 35 41 29 37 137 35 34 31 26 118 24 26 38 43 124 45 36 55 
32 10 40 34 0 103 70 112 112 62 43 20 46 37 0 47 8 44 34 0 39 18 37 39 0 
2 14 1 94 245 148 170 137 271 403 3 58 0 114 301 0 12 0 101 282 146 179 127 218 352 
9 13 101 1 212 3 0 83 5 167 100 105 176 99 262 135 145 228 146 313 3 3 76 0 164 
150 0 0 53 0 157 0 0 55 0 143 0 0 41 0 167 0 0 44 0 148 0 0 40 0 
0 0 0 0 827 0 0 0 0 785 0 0 1 0 832 0 0 0 0 823 0 0 0 0 768 
136 102 0 171 50 149 131 7 187 79 186 170 60 243 115 123 98 6 149 86 143 158 0 225 63 
111 0 0 0 0 215 83 74 73 63 132 0 0 0 0 127 0 0 0 0 122 0 0 0 0 
61 31 63 43 43 84 67 114 63 70 26 22 43 27 14 65 54 122 80 64 9 0 36 0 0 
0 22 0 143 0 33 55 45 186 31 0 19 0 132 0 0 16 0 136 0 0 20 0 160 0 
0 0 44 49 0 63 45 87 84 54 0 0 34 31 0 50 43 86 72 41 36 28 70 62 24 
129 87 133 147 184 58 0 74 56 73 28 0 74 77 63 109 48 111 144 132 22 0 57 80 61 
43 48 55 128 106 28 22 31 81 74 0 0 0 76 55 0 0 0 48 50 7 10 9 75 53 
148 144 74 93 13 215 179 157 159 113 109 101 46 69 13 211 177 154 105 76 171 191 124 98 78 
131 0 0 0 0 113 0 0 0 0 186 71 90 92 90 103 0 0 0 0 119 0 0 0 0 
0 8 57 0 0 72 82 151 73 80 0 9 61 0 0 47 66 142 43 52 0 5 53 0 0 
211 11 198 0 0 209 0 178 0 0 209 7 197 4 1 185 1 186 0 0 215 19 196 10 10 
0 0 0 0 0 72 52 69 63 65 0 0 0 0 0 139 115 134 139 134 0 0 0 0 0 
299 117 352 147 242 325 180 429 179 256 321 179 419 225 286 185 18 207 64 142 205 77 300 47 152 
66 169 74 96 68 0 103 0 31 0 17 142 25 36 26 0 115 0 19 0 0 86 0 23 0 
0 0 0 17 0 0 0 0 19 0 0 0 0 18 0 0 0 0 19 0 172 177 200 209 202 
0 0 33 0 58 35 46 78 44 113 53 70 88 50 117 0 0 31 0 60 0 0 47 0 58 
0 0 16 0 187 0 0 16 0 178 0 0 28 0 166 0 0 25 0 179 0 0 23 0 182 
0 0 0 50 0 0 0 0 59 0 54 59 45 140 45 0 0 0 59 0 85 78 82 158 86 
87 0 0 94 0 109 0 0 111 0 99 0 0 90 0 92 0 0 113 0 97 0 0 109 0 
0 21 95 63 0 114 193 195 213 121 195 242 266 251 153 11 84 136 143 38 107 123 150 170 73 
102 127 119 111 212 0 0 0 0 78 0 0 0 0 74 21 22 27 21 105 0 0 0 0 74 
94 211 94 79 85 0 98 0 0 0 10 129 12 11 11 0 105 3 0 0 119 249 108 108 120 
136 125 76 78 78 76 45 0 0 0 85 47 4 4 8 63 45 0 0 0 71 56 0 0 0 
0 111 0 0 0 34 168 46 48 63 0 121 0 0 0 61 188 72 70 60 0 112 0 0 0 
92 0 0 0 0 117 0 0 0 0 122 0 0 0 0 102 0 0 0 0 206 88 85 89 99 
0 0 0 0 0 0 0 0 0 0 0 0 0 0 0 0 0 0 0 0 436 407 450 432 400 
0 0 37 0 0 73 79 92 75 87 0 0 31 0 0 77 75 85 59 79 19 25 59 22 26 
7 15 16 16 52 0 0 0 0 36 80 79 70 68 98 0 0 0 0 33 67 98 79 75 105 
0 0 0 131 0 0 0 0 112 0 0 0 0 135 0 1 0 0 142 0 74 71 77 193 80 
0 68 0 34 71 0 59 0 37 76 0 54 0 36 90 2 55 0 32 73 18 73 23 56 113 
71 0 0 0 45 60 0 0 0 43 77 0 0 0 52 62 0 0 0 40 161 83 72 84 136 
0 110 0 0 0 0 108 0 0 0 0 106 0 0 0 0 96 0 0 0 97 185 99 105 92 
31 64 47 58 50 40 56 50 40 55 41 39 46 36 41 0 0 0 6 0 83 101 79 86 70 
0 0 117 55 0 43 45 155 106 50 0 0 102 39 0 0 0 89 37 0 0 0 126 35 0 
30 65 30 8 51 14 70 25 11 39 8 56 7 2 33 45 82 57 50 87 0 42 14 0 42 
59 0 0 0 0 126 61 61 76 68 99 19 18 20 15 131 47 46 52 41 58 0 0 0 0 
195 0 0 0 0 197 13 18 17 20 178 0 0 0 0 196 0 0 0 0 166 0 0 0 0 
83 35 33 111 36 39 0 0 91 0 48 0 0 85 0 83 34 30 120 32 55 0 0 83 0 
0 11 0 38 0 53 59 53 91 48 38 45 43 74 39 0 13 0 39 0 50 65 54 111 59 
0 0 63 43 0 0 0 55 43 0 101 99 149 132 97 0 0 62 47 0 0 0 67 42 0 
78 15 67 148 137 47 13 58 138 129 89 31 56 180 143 41 0 43 105 105 149 105 163 251 251 
0 5 45 92 4 0 0 45 71 0 44 28 98 109 42 27 38 66 108 34 0 0 45 75 0 
82 4 63 54 17 63 7 45 59 21 176 110 152 151 119 104 25 73 64 20 96 0 73 60 0 
50 0 67 0 74 47 0 68 0 62 32 0 77 0 85 103 52 127 85 130 48 0 65 0 68 
161 93 236 160 121 101 31 187 96 46 64 0 135 47 11 217 96 268 188 135 171 80 263 133 117 
12 116 164 20 120 153 241 287 126 276 29 150 200 50 181 0 85 168 0 125 107 216 258 141 249 
16 19 19 55 46 39 37 34 73 72 0 0 0 31 29 0 0 0 21 16 73 88 88 120 96 
24 36 0 100 0 31 55 0 126 0 91 79 42 145 58 28 38 0 118 0 45 36 0 110 0 
0 0 50 0 0 149 133 190 133 157 0 0 56 0 0 0 0 66 0 0 0 0 63 0 0 
51 76 50 79 43 11 28 0 24 0 82 106 76 122 55 12 56 3 40 5 76 75 61 97 41 
11 6 0 0 70 11 0 0 0 55 62 58 47 38 121 21 18 14 10 78 90 111 86 85 126 
74 12 16 7 30 119 74 79 83 89 134 95 89 102 110 50 0 0 0 20 43 11 10 6 33 
25 124 78 20 39 0 97 83 10 6 0 78 58 0 20 0 96 64 9 17 54 138 122 43 89 
169 204 110 115 113 76 79 54 18 23 51 70 20 0 0 39 51 15 0 0 40 55 19 0 0 
0 69 55 0 68 0 71 64 0 72 0 79 53 0 54 0 66 65 0 69 0 84 67 0 66 
95 0 0 82 0 83 0 0 83 0 99 0 0 83 0 99 0 0 68 0 122 14 23 109 29 
67 128 76 75 80 0 63 0 0 0 39 103 44 39 37 0 54 0 0 0 30 77 27 30 30 
51 60 1 9 5 48 37 0 0 0 26 49 5 3 1 52 51 29 36 39 73 64 46 28 44 
41 25 86 80 22 0 0 61 85 0 40 36 102 96 32 0 0 72 72 0 0 0 64 64 0 
38 75 42 71 29 0 62 11 42 16 2 50 11 46 19 0 42 14 31 13 39 104 64 97 78 
0 0 55 27 11 0 0 45 35 3 0 0 44 40 6 43 53 122 94 61 54 49 100 93 63 
29 40 28 20 31 0 0 0 0 0 75 61 57 63 55 0 0 0 0 0 123 109 98 117 112 
39 29 33 31 38 0 0 14 0 0 0 0 18 0 0 46 40 74 51 45 108 86 121 120 107 
39 45 110 51 55 1 9 62 18 16 55 52 128 55 38 0 0 53 6 1 0 7 65 20 13 
0 0 180 32 0 0 0 141 23 0 19 20 155 36 18 0 0 166 22 0 0 0 162 23 0 
43 70 0 0 0 66 93 38 30 29 67 108 17 14 9 79 119 37 37 41 37 66 0 0 0 
54 0 51 63 88 117 51 147 130 143 132 66 145 152 183 116 36 83 92 147 70 1 75 103 114 
91 127 75 61 71 13 47 0 0 0 94 136 69 54 62 40 80 29 18 19 29 58 0 0 0 
0 113 107 162 1 0 125 117 164 0 0 107 120 166 0 0 117 114 156 0 0 125 117 164 0 
0 0 0 140 35 0 0 0 158 28 27 29 16 157 51 0 0 0 149 34 0 0 0 138 38 
13 0 0 146 0 8 0 0 107 0 107 72 92 207 92 13 0 0 111 0 21 1 0 113 0 
50 76 38 44 60 0 58 0 0 15 47 80 43 39 59 5 36 0 0 30 0 55 0 0 23 
111 105 12 54 80 159 183 79 90 171 119 129 51 66 81 69 52 0 16 32 182 193 87 104 129 
65 167 131 86 93 9 43 71 11 4 30 71 103 36 35 24 67 62 10 23 0 77 49 0 0 
0 17 14 0 70 0 30 12 0 112 1 7 1 3 52 53 83 61 49 162 32 42 35 28 100 
0 0 190 0 34 0 0 215 0 27 0 0 194 0 25 0 0 185 0 22 0 0 171 0 26 
595 468 504 325 479 420 116 231 166 198 484 244 331 155 302 319 116 122 15 151 548 309 442 331 378 
89 63 0 5 0 169 200 76 74 83 104 97 0 0 0 101 99 19 16 14 81 73 0 0 0 
140 276 120 126 137 227 349 117 223 173 87 251 84 125 54 29 167 0 37 0 88 199 60 95 40 
16 0 29 53 0 23 0 15 28 0 64 33 56 53 13 80 41 77 86 59 26 0 26 24 0 
0 0 0 34 0 73 65 49 102 57 0 0 0 23 0 44 44 62 91 50 39 47 43 96 39 
0 0 0 0 52 0 0 0 0 56 0 0 0 0 65 0 0 0 0 58 137 158 142 155 187 
0 0 0 197 0 7 7 5 196 3 0 0 0 194 0 0 0 0 208 0 0 0 0 182 0 
19 0 14 1 1 41 0 0 0 0 68 0 23 26 19 70 53 79 54 32 19 0 4 0 0 
63 27 27 65 75 42 0 0 30 59 51 0 0 24 39 57 0 0 34 40 91 45 48 77 85 
42 58 118 88 67 0 0 40 0 0 0 0 76 0 0 0 0 55 0 0 158 155 208 201 166 
0 0 0 973 0 0 0 0 969 0 0 0 0 985 0 0 0 0 1041 0 0 0 0 1008 0 
0 0 1427 0 0 0 0 1438 0 0 0 0 1332 0 0 0 0 1446 0 0 0 0 1423 0 0 
