833 771 625 638 793 1113 1130 1002 1078 1018 652 726 543 744 730 1028 934 866 940 991 579 474 409 439 622 
245 185 253 222 201 0 1 0 0 0 145 118 143 120 145 1 0 0 0 0 0 0 0 0 0 
76 39 28 139 166 67 0 0 122 139 104 31 23 147 149 58 0 0 71 103 55 0 0 112 112 
178 0 131 185 167 225 23 181 237 235 327 120 284 348 384 243 32 181 240 223 168 0 129 210 140 
133 32 108 116 29 116 19 69 91 0 99 33 63 93 7 115 8 33 83 1 268 181 235 275 157 
114 9 27 0 99 109 7 21 0 144 209 111 120 90 199 204 87 122 80 170 252 127 132 122 258 
0 0 0 0 0 0 0 0 0 0 1036 1052 988 1025 1072 0 0 0 0 0 0 0 0 0 0 
0 0 0 265 0 0 0 4 254 1 107 109 103 378 118 114 108 95 401 125 0 0 0 259 0 
17 10 16 205 6 0 0 0 210 0 50 57 40 198 36 0 0 0 175 0 3 9 3 233 4 
0 0 0 0 0 0 0 0 0 0 0 0 0 0 0 64 73 80 81 89 187 190 176 213 168 
64 78 56 46 139 0 9 0 0 84 0 3 0 0 91 0 4 0 0 95 73 71 70 60 147 
145 152 155 172 168 0 0 0 0 0 0 0 0 0 0 2 0 0 0 0 87 84 75 66 87 
0 0 0 0 0 0 0 0 0 0 0 0 0 0 0 433 433 415 400 410 171 157 167 170 183 
0 209 0 0 95 0 182 0 0 103 136 357 163 139 217 0 194 0 0 107 0 230 0 0 82 
803 0 0 0 0 796 0 0 0 0 799 0 0 0 0 825 0 0 0 0 840 0 0 0 0 
5 1 204 166 204 71 46 249 197 262 120 120 306 257 268 193 209 406 364 383 100 84 285 232 333 
80 134 83 133 69 80 74 58 113 65 0 50 0 43 0 42 94 45 85 44 0 43 0 39 0 
28 10 12 6 17 167 104 124 104 131 31 0 0 0 19 26 0 0 0 31 151 135 114 125 168 
0 0 161 0 0 0 0 160 0 0 0 0 169 0 0 179 161 296 143 155 0 0 162 0 0 
0 94 55 76 0 0 105 59 76 0 65 157 127 168 50 0 100 60 67 0 0 117 84 67 0 
0 4 0 1 154 123 108 106 150 252 130 117 99 125 213 0 6 0 0 126 77 79 90 83 190 
0 0 0 0 0 0 0 0 0 0 0 0 0 0 0 1004 1041 1075 1044 977 0 0 0 0 0 
0 20 61 156 0 0 21 64 146 0 0 21 59 176 0 0 20 59 168 0 0 18 63 168 0 
70 124 73 162 158 7 37 22 71 76 20 55 25 85 91 0 54 0 59 68 0 40 0 61 77 
122 133 145 105 0 119 140 203 104 4 312 310 371 322 239 119 139 168 113 0 279 248 357 275 158 
55 6 14 99 11 69 0 0 123 0 215 144 142 231 129 54 0 0 104 0 108 31 47 174 36 
110 89 41 46 30 130 97 47 62 30 53 44 15 0 0 89 76 18 15 12 79 47 11 0 0 
0 0 254 104 0 0 0 262 85 0 0 0 331 100 0 0 0 315 76 0 0 0 254 80 0 
115 159 153 113 101 0 47 72 0 0 0 53 65 0 0 38 77 90 35 33 0 40 97 0 1 
73 56 75 70 64 111 133 114 131 115 28 42 46 39 38 0 0 0 0 0 0 0 0 0 0 
0 0 0 160 0 0 0 0 172 0 200 202 198 369 204 0 0 0 169 0 0 0 0 145 0 
0 0 0 0 0 147 135 176 138 145 0 0 0 0 0 0 0 0 0 0 73 53 66 66 76 
123 2 1 64 36 139 42 71 130 101 258 109 116 171 168 84 0 0 77 44 204 74 97 143 134 
0 89 0 0 0 0 79 0 0 0 0 65 0 0 0 121 167 87 127 82 59 129 44 49 54 
0 0 97 0 0 90 89 180 110 112 0 0 98 0 0 7 9 104 4 9 14 12 84 9 15 
228 211 173 245 108 112 81 48 107 0 76 91 52 93 0 246 215 150 246 95 113 117 71 124 1 
0 236 0 222 0 0 204 0 212 0 10 219 8 215 6 0 201 0 209 0 0 222 0 231 0 
0 44 0 121 0 0 54 0 138 0 0 51 0 138 0 62 138 72 203 70 0 58 0 123 0 
0 0 0 0 83 91 81 81 64 149 90 84 75 86 135 0 0 0 0 79 0 0 0 0 94 
41 265 290 52 206 13 194 244 0 123 73 258 316 67 209 73 278 297 82 216 173 346 371 156 254 
0 56 37 0 91 23 73 53 14 106 32 89 94 43 99 0 62 27 0 80 0 68 32 0 74 
133 100 118 126 141 20 0 0 43 0 15 0 0 37 0 22 0 0 57 0 114 73 73 116 97 
69 0 65 0 0 63 0 75 0 0 113 53 107 48 50 98 16 78 13 11 65 0 73 0 0 
0 21 95 0 109 0 12 80 0 126 0 17 85 0 117 0 16 103 0 149 0 15 77 0 117 
10 46 126 71 19 43 81 148 99 39 0 38 112 34 0 46 69 150 103 35 0 27 102 56 0 
0 71 0 0 0 0 80 0 0 0 151 254 138 155 147 0 116 1 0 0 16 100 21 27 32 
0 0 0 83 0 76 79 61 147 98 0 0 0 90 0 0 0 0 90 0 86 78 79 188 75 
54 0 97 55 0 61 0 117 57 0 64 0 101 56 0 56 0 108 58 0 47 0 108 53 0 
85 60 0 36 0 128 86 22 56 27 102 101 0 26 0 123 63 0 44 0 102 66 0 35 0 
0 0 0 0 40 254 243 254 252 279 0 0 0 0 53 0 0 0 0 50 0 0 0 0 55 
98 53 60 131 85 67 43 54 111 78 25 0 0 59 13 30 0 0 57 12 42 14 9 62 33 
31 58 7 3 10 18 49 0 0 0 21 78 0 0 0 134 171 130 125 118 29 78 0 0 0 
0 0 0 20 0 186 170 197 198 164 0 0 0 23 0 0 0 0 22 0 0 0 0 19 0 
90 96 159 171 104 0 0 57 71 0 0 0 82 70 0 0 0 87 72 0 0 0 72 78 0 
63 57 59 48 68 41 0 0 0 11 76 62 48 48 72 30 0 0 0 22 92 49 45 49 60 
0 0 28 0 88 11 3 39 10 99 0 0 38 0 98 10 4 44 9 120 104 114 158 100 214 
62 122 153 74 81 30 93 112 29 31 0 38 82 0 0 0 42 85 0 0 0 44 71 0 0 
0 0 118 0 0 0 0 106 0 0 79 117 224 114 104 0 0 99 0 0 0 0 111 0 0 
110 117 34 53 140 42 46 0 0 92 44 59 0 0 75 47 43 0 0 85 61 51 0 0 80 
0 45 0 14 5 40 94 37 63 62 0 57 0 8 1 0 55 0 29 9 11 46 11 26 40 
12 7 110 5 14 0 0 101 0 0 0 0 100 0 0 38 47 152 35 35 90 88 185 72 98 
0 0 0 51 75 88 81 63 117 163 0 0 0 49 73 0 0 0 36 83 0 0 0 47 73 
94 162 78 72 84 22 105 0 0 0 29 114 6 8 8 21 73 0 0 0 24 78 0 2 0 
75 38 101 44 103 21 0 45 12 61 19 0 48 0 78 21 0 56 0 63 0 0 37 0 57 
60 0 3 0 3 66 0 6 0 0 99 54 53 52 78 92 21 1 5 0 133 70 83 85 65 
40 33 118 45 44 12 0 79 0 0 0 0 77 0 0 2 0 69 0 0 39 36 110 22 28 
0 62 65 0 0 6 72 49 0 0 21 104 75 21 21 32 110 62 41 42 0 62 53 0 0 
9 0 81 0 33 31 42 112 39 68 4 0 72 0 15 0 0 81 0 17 14 0 88 0 17 
0 2178 0 0 0 0 2222 0 0 0 0 2102 0 0 0 0 2185 0 0 0 0 2111 0 0 0 
17 73 73 11 11 70 130 129 64 40 4 77 76 2 0 18 116 83 50 28 4 89 60 0 0 
65 123 93 0 0 51 131 128 0 0 72 135 117 0 0 72 134 107 0 0 65 124 123 0 0 
0 74 0 92 0 74 136 73 151 83 67 125 34 139 40 0 62 0 109 0 1 89 0 92 0 
0 0 0 0 0 1286 1251 1240 1201 1267 0 0 0 0 0 0 0 0 0 0 0 0 0 0 0 
0 0 80 125 0 0 0 75 106 0 0 0 81 127 0 0 0 81 125 0 0 0 72 128 0 
139 47 49 82 37 138 53 45 98 58 77 0 0 38 0 77 0 0 37 0 80 0 0 43 0 
0 139 0 0 97 0 158 0 0 96 0 170 0 0 91 0 137 0 0 73 0 155 0 0 106 
223 301 189 225 99 129 252 105 133 17 265 360 233 257 129 243 377 249 256 118 205 362 257 207 127 
96 81 296 283 82 0 0 201 190 10 124 129 286 316 111 0 0 173 193 14 17 19 205 171 37 
133 118 100 151 243 8 18 3 3 139 13 11 5 3 155 201 199 150 175 335 200 240 228 215 366 
0 110 0 0 0 0 88 0 0 0 0 118 0 0 0 5 94 4 6 2 265 338 268 244 253 
48 23 35 11 46 40 10 24 0 37 41 10 34 0 28 68 12 30 0 43 108 103 92 82 119 
201 70 0 102 0 207 72 0 104 0 206 54 0 106 0 187 62 0 103 0 205 53 3 118 0 
0 0 1442 0 0 0 0 1461 0 0 0 0 1356 0 0 0 0 1478 0 0 0 0 1436 0 0 
64 0 5 41 21 93 61 45 94 62 92 57 57 68 72 63 26 20 70 38 56 0 0 26 15 
106 112 125 79 185 0 0 7 0 46 59 70 71 64 107 0 0 20 0 55 0 0 15 0 61 
52 93 0 132 0 166 207 104 239 94 131 151 95 236 99 60 91 0 127 0 40 72 0 121 0 
101 114 116 108 166 97 100 85 76 128 0 30 0 0 63 0 26 0 0 32 65 101 64 59 105 
0 70 0 0 0 38 147 32 36 30 39 152 34 36 34 29 133 26 22 32 43 136 54 39 46 
33 10 40 34 0 103 71 112 112 63 43 21 47 37 0 47 9 44 35 0 41 20 36 38 0 
160 0 0 0 0 139 0 0 0 0 231 81 109 111 107 124 1 0 0 0 148 0 0 0 0 
0 0 0 0 831 0 0 0 0 783 0 0 0 0 840 0 0 0 0 829 0 0 0 0 775 
67 119 90 186 175 0 10 6 109 61 0 17 7 71 73 0 16 11 105 60 37 51 34 127 69 
132 0 0 0 0 259 99 94 84 77 158 0 0 0 0 145 0 0 0 0 156 0 0 0 0 
0 0 0 0 0 72 55 70 64 70 0 0 0 0 0 140 116 137 141 135 0 0 0 0 0 
0 22 0 150 0 38 63 49 204 35 0 18 0 147 0 0 16 0 151 0 0 20 0 172 0 
147 46 116 102 160 106 2 86 30 69 118 15 110 67 82 207 120 188 126 182 94 0 48 28 67 
57 59 71 159 125 38 24 38 101 89 0 0 0 90 65 0 0 0 63 57 12 11 9 91 64 
0 12 82 0 0 87 120 209 100 113 0 12 92 0 0 71 100 202 54 81 0 6 75 0 0 
199 5 190 0 0 202 4 168 0 0 198 7 181 4 0 177 1 182 0 0 208 18 179 10 10 
358 145 358 135 237 423 221 467 211 289 386 180 393 211 269 234 21 239 46 160 225 72 255 50 146 
68 165 81 93 73 0 91 0 30 0 21 144 29 42 30 0 113 0 18 0 0 86 0 23 0 
0 0 33 0 59 35 46 79 44 113 55 74 90 54 122 0 0 33 0 62 0 0 50 0 58 
0 0 19 0 206 0 0 20 0 204 0 0 30 0 186 0 0 26 0 202 0 0 30 0 206 
0 0 0 57 0 0 0 0 64 0 63 70 53 162 47 0 0 0 66 0 98 86 93 183 99 
104 0 0 121 0 136 0 0 141 0 130 0 0 123 0 114 0 0 141 0 127 0 0 139 0 
11 44 82 89 6 95 169 181 175 120 164 203 233 212 147 13 58 99 108 28 80 111 127 134 43 
97 121 117 105 208 0 0 0 0 69 0 0 0 0 68 20 23 27 20 97 0 0 0 0 72 
117 207 121 110 121 0 109 0 0 0 71 177 79 84 77 5 106 2 0 12 93 193 79 77 94 
190 159 109 101 96 99 50 0 0 0 110 58 4 4 10 95 53 0 0 0 85 63 0 0 0 
0 132 0 0 1 40 178 63 58 72 0 146 0 0 0 64 193 88 86 71 0 118 0 0 0 
0 0 0 0 0 0 0 0 0 0 0 0 0 0 0 0 0 0 0 0 458 420 457 435 410 
0 0 37 0 0 73 79 92 75 87 0 0 30 0 0 77 75 85 58 78 19 25 59 21 26 
9 17 19 18 62 0 0 0 0 44 92 97 85 75 122 0 0 0 0 40 75 112 86 86 129 
0 0 0 138 0 0 0 0 119 0 0 0 0 152 0 0 0 0 148 0 75 79 80 213 86 
0 72 0 36 79 0 72 0 45 87 0 62 0 43 103 0 63 0 34 79 22 84 27 57 124 
0 19 0 16 0 85 98 83 69 83 82 74 77 66 78 0 20 0 9 0 118 145 120 143 112 
0 0 117 55 0 43 45 155 106 50 0 0 102 39 0 0 0 89 38 0 0 0 126 35 0 
57 0 0 0 0 126 62 61 76 69 99 20 18 20 15 131 46 45 52 41 58 0 0 0 0 
83 35 33 111 36 39 0 0 91 0 48 0 0 85 0 82 35 30 119 31 55 0 0 81 0 
0 0 24 27 0 0 0 14 30 0 100 99 97 120 96 0 0 11 39 0 0 0 28 26 0 
3 7 49 107 8 0 0 47 77 0 47 32 102 121 49 30 40 68 119 34 0 0 46 79 0 
45 3 32 35 4 32 0 25 31 12 95 63 97 89 69 55 14 35 40 14 44 0 40 35 0 
40 0 65 0 67 54 0 62 0 62 29 0 79 0 85 111 59 122 69 124 37 0 67 0 61 
101 34 165 80 47 63 2 163 69 29 53 0 137 8 4 159 59 224 126 98 108 32 197 81 46 
23 121 185 42 146 129 214 326 126 260 27 133 230 46 188 0 66 182 2 126 92 175 246 106 226 
20 21 23 59 44 40 38 36 76 72 0 0 0 32 28 0 0 0 23 16 73 94 92 126 97 
18 32 0 94 0 31 52 0 110 0 85 73 41 146 58 27 39 0 107 0 45 33 0 91 0 
0 0 55 0 0 158 141 212 153 179 0 0 63 0 0 0 0 72 0 0 0 0 69 0 0 
66 11 9 3 24 104 71 77 71 70 109 88 84 98 97 43 0 6 0 14 37 12 14 9 31 
21 126 79 16 30 0 100 70 7 6 0 85 52 0 25 1 106 54 8 18 49 149 108 46 87 
136 178 102 98 100 69 65 40 19 19 40 50 18 0 0 37 45 14 0 0 32 44 14 0 0 
74 91 17 18 22 57 58 1 0 0 61 79 17 10 17 70 74 43 34 52 94 95 54 30 54 
38 75 42 70 29 0 62 9 41 16 2 51 10 45 19 0 43 13 30 13 39 104 64 97 77 
0 0 63 32 16 0 0 50 41 3 0 0 51 44 7 51 63 136 114 71 63 56 109 99 70 
29 38 24 21 29 0 0 0 0 0 71 59 55 62 55 0 0 0 0 0 118 102 95 113 106 
45 38 28 39 43 0 0 0 0 0 0 0 0 0 0 59 50 56 59 61 133 113 122 161 137 
39 44 106 57 46 4 7 61 18 14 51 36 121 52 38 0 0 52 6 0 0 0 56 23 0 
0 0 100 0 0 0 0 69 0 0 19 20 56 0 18 0 0 64 0 0 0 0 84 0 0 
58 85 0 0 0 72 130 46 33 29 78 141 22 14 8 94 149 43 43 47 46 84 0 0 0 
84 110 75 51 64 13 41 4 0 0 73 125 60 50 52 35 67 29 17 14 22 52 0 0 0 
0 119 110 167 0 0 130 118 168 1 0 110 121 171 1 0 118 116 159 2 0 129 118 167 0 
19 0 0 210 0 11 0 0 145 0 131 110 121 262 112 14 0 0 158 0 31 1 0 155 1 
176 195 45 126 161 197 298 79 130 209 190 232 88 144 170 132 153 15 57 85 321 393 175 239 237 
58 168 119 84 83 7 40 56 10 5 27 70 92 35 31 22 79 58 13 21 0 56 44 0 0 
0 14 13 0 58 7 19 19 3 95 0 13 12 0 46 50 73 64 38 128 25 34 30 24 84 
670 487 604 424 496 466 185 288 165 217 482 245 364 166 274 388 123 184 46 152 613 327 456 343 385 
83 64 1 2 0 159 149 66 75 75 88 79 0 0 0 99 89 20 15 18 72 68 0 0 0 
160 300 110 124 120 255 395 155 260 198 146 278 95 142 85 45 190 0 33 0 78 217 45 94 35 
0 0 0 0 52 0 0 0 0 56 0 0 0 0 65 0 0 0 0 58 133 157 141 152 184 
150 0 0 54 0 156 0 0 55 0 141 0 0 40 0 168 0 0 46 0 148 0 0 41 0 
184 157 184 279 140 37 4 87 135 4 97 60 136 206 77 53 13 119 117 34 47 1 98 93 0 
90 73 74 46 4 162 133 159 110 86 57 30 66 19 8 199 172 195 131 140 108 90 124 35 46 
58 130 51 57 53 0 55 0 0 0 6 80 4 5 4 0 64 0 0 0 76 154 62 76 65 
0 0 0 18 0 0 0 0 19 0 0 0 0 20 0 0 0 0 23 0 179 191 223 222 223 
66 7 58 127 84 17 1 32 90 72 68 25 48 149 106 18 0 35 85 79 122 74 119 193 187 
0 105 83 0 109 0 111 80 0 107 1 117 58 0 85 0 93 99 0 112 0 117 82 0 103 
48 24 58 40 33 72 53 94 56 58 24 18 37 22 12 59 45 106 73 51 8 0 29 1 0 
83 0 0 0 55 69 0 0 0 50 89 0 0 0 58 70 0 0 0 52 183 89 80 96 150 
70 86 0 72 50 62 77 0 111 72 69 55 0 106 79 160 188 101 197 147 91 119 26 119 97 
98 111 114 103 81 12 45 43 18 15 0 17 50 0 0 70 82 103 55 52 27 36 67 25 16 
0 0 0 140 35 0 0 0 158 28 27 29 16 156 51 0 0 0 149 34 0 0 0 138 37 
0 0 0 182 6 216 210 169 448 232 0 0 0 199 14 166 176 176 367 168 0 0 0 182 12 
43 128 150 182 70 16 101 147 172 28 76 140 167 204 83 58 177 171 226 99 93 140 179 245 83 
0 0 0 1297 0 0 0 0 1290 0 0 0 0 1310 0 1 0 2 1364 2 0 0 0 1308 0 
232 0 0 0 0 235 15 25 19 24 207 0 0 0 0 232 0 0 0 0 193 0 0 0 1 
92 0 0 0 0 117 0 0 0 0 122 0 0 0 0 102 0 0 0 0 206 88 85 89 99 
224 108 60 113 92 86 0 0 5 9 170 52 43 55 63 167 39 48 110 84 229 154 118 177 135 
14 15 0 1 9 0 14 0 0 3 0 0 0 0 0 46 51 21 48 52 0 0 0 0 0 
55 75 132 100 83 0 0 42 0 0 0 0 58 0 0 0 0 49 0 0 174 169 223 188 206 
1 18 0 90 238 140 145 129 222 370 1 27 0 104 287 0 4 0 96 271 132 160 124 198 326 
12 29 90 20 256 4 3 59 10 205 122 116 184 144 300 162 171 233 189 388 3 3 65 4 216 
113 243 266 191 78 159 262 297 183 93 122 244 268 153 100 43 174 217 102 8 54 200 228 140 21 
109 0 0 3 0 91 0 0 0 0 115 0 0 0 0 115 0 0 0 0 141 18 26 41 36 
39 61 27 33 43 0 43 0 0 9 51 78 45 40 53 7 34 0 0 33 0 37 1 0 20 
615 635 648 686 627 0 0 0 0 0 0 0 0 0 0 0 0 0 0 0 0 0 0 0 0 
84 63 0 0 0 97 77 17 17 16 157 97 37 38 28 92 77 0 0 0 119 103 24 29 35 
37 0 0 71 84 84 50 46 108 147 21 0 0 69 71 46 10 16 72 68 42 34 36 88 97 
15 9 0 0 78 18 2 0 3 63 64 65 45 40 140 18 23 15 13 78 95 111 103 95 141 
55 0 0 0 0 62 0 0 0 0 64 0 0 0 0 202 133 145 146 141 52 0 0 0 0 
84 151 102 131 133 96 243 121 158 192 23 98 41 81 53 139 204 154 187 159 133 229 169 190 179 
0 0 0 0 0 31 35 30 19 22 0 0 0 0 0 59 67 68 64 89 100 93 96 96 127 
145 6 85 5 11 189 2 49 0 0 261 78 141 85 88 279 155 242 152 140 211 52 87 29 48 
15 0 29 0 0 23 0 14 0 0 35 0 37 9 0 84 54 82 48 66 23 2 25 0 3 
0 0 199 0 39 0 0 231 0 29 0 0 201 0 31 0 0 189 0 19 0 0 186 0 34 
110 61 0 100 54 99 70 0 87 65 136 126 34 109 74 81 73 0 89 60 77 101 1 113 40 
56 78 51 82 50 17 29 0 31 0 73 102 63 108 51 9 54 0 44 0 65 65 59 98 38 
0 0 50 58 0 74 56 97 92 63 0 0 44 34 0 55 49 96 83 46 45 28 79 75 26 
