1123 1058 936 1011 1099 1261 1273 1219 1226 1210 884 804 755 850 945 1206 1121 1130 1165 1245 758 651 663 598 785 
212 173 206 190 184 0 0 0 0 0 142 87 139 113 107 0 0 0 0 0 0 0 0 0 0 
132 57 50 263 273 100 0 0 160 194 215 68 63 313 350 83 0 0 120 192 92 0 0 185 196 
319 53 120 110 64 204 0 50 16 6 416 116 183 121 132 449 229 333 266 226 272 58 97 86 59 
0 0 63 71 0 94 62 135 125 88 1 5 63 53 1 98 71 151 119 73 58 37 119 113 44 
220 58 156 214 39 155 15 100 160 0 150 35 130 125 33 150 3 85 159 1 362 215 337 394 214 
96 10 19 0 84 86 8 16 0 102 185 89 94 79 168 147 66 84 53 138 205 101 118 100 232 
0 0 0 0 0 0 0 0 0 0 1035 1036 993 1024 1062 0 0 0 0 0 0 0 0 0 0 
0 0 0 299 0 0 0 4 269 0 114 119 109 407 119 120 116 105 430 154 0 0 0 258 0 
18 9 16 202 7 0 0 0 209 0 47 50 36 204 38 0 0 0 167 0 4 6 3 199 3 
0 0 0 0 0 0 0 0 0 0 0 0 0 0 0 61 67 74 74 82 191 158 159 200 163 
61 77 53 50 136 0 10 0 0 81 0 3 0 0 89 0 4 0 0 91 69 70 68 62 137 
148 153 164 153 162 0 0 0 0 0 0 0 0 0 0 0 0 0 0 0 83 83 70 72 90 
0 0 0 0 0 0 0 0 0 0 0 0 0 0 0 434 439 422 415 422 193 178 180 191 203 
0 198 0 0 84 0 170 0 0 94 129 329 153 135 207 0 183 0 0 94 0 213 0 0 74 
820 0 0 0 0 820 0 0 0 0 813 0 0 0 0 838 0 0 0 0 846 0 0 0 0 
44 2 192 120 123 54 9 163 118 145 100 110 254 217 203 184 158 339 285 253 137 92 239 202 270 
79 150 96 172 87 64 77 69 115 69 0 37 0 46 0 47 116 57 97 56 0 44 0 35 0 
39 9 14 9 31 135 101 107 111 126 33 0 0 0 20 30 0 0 0 28 135 117 84 98 149 
0 0 125 0 0 0 0 122 0 0 0 0 140 0 0 133 101 227 120 115 0 0 145 0 0 
0 68 44 50 0 1 82 48 46 0 39 99 99 101 36 0 80 52 48 0 0 77 57 42 0 
0 0 0 0 140 126 96 110 143 233 131 114 121 116 206 0 0 0 0 113 98 84 97 91 194 
0 0 0 0 0 0 0 0 0 0 0 0 0 0 0 1030 1119 1115 1063 1018 0 0 0 0 0 
0 19 58 156 0 0 20 59 135 0 0 19 61 164 0 0 18 57 158 0 0 16 60 175 0 
66 50 0 0 0 88 70 18 16 15 139 86 34 36 27 89 64 0 0 0 102 94 25 25 28 
63 105 70 124 132 6 36 16 60 65 17 41 22 74 71 0 38 0 46 53 0 30 0 59 61 
94 125 112 72 2 89 120 164 71 0 283 269 293 273 172 109 135 134 76 0 245 204 282 224 122 
75 13 24 112 15 70 0 0 118 0 207 156 137 229 133 67 0 0 104 1 108 44 43 178 36 
132 110 58 48 40 156 118 48 66 36 53 59 16 0 0 101 94 25 14 17 100 56 13 0 0 
0 0 135 56 0 0 0 148 52 0 0 0 179 51 0 0 0 160 43 0 0 0 137 41 0 
131 163 189 131 109 0 50 83 0 0 0 49 77 0 0 33 75 98 32 42 0 56 107 0 0 
73 59 76 86 67 113 132 120 131 117 30 48 49 42 48 0 0 0 0 0 0 0 0 0 0 
0 0 0 165 0 0 0 0 174 0 230 234 220 409 242 0 0 0 171 0 0 0 0 155 0 
0 0 0 0 0 180 171 204 160 165 0 0 0 0 0 0 0 0 0 0 84 64 83 73 106 
101 0 0 57 40 117 35 40 110 98 206 78 82 161 147 70 0 0 64 39 173 65 73 145 103 
0 79 0 0 0 0 73 0 0 0 0 58 0 0 0 107 140 75 114 80 50 122 43 46 46 
0 0 103 0 0 92 91 194 113 116 0 0 100 0 0 7 12 99 6 8 15 13 92 9 15 
253 197 183 260 108 123 96 76 133 0 91 99 47 103 0 277 240 166 296 126 143 100 70 154 0 
0 0 0 0 0 36 44 32 20 22 0 0 0 1 0 63 81 80 71 102 109 104 122 112 151 
0 239 0 205 0 0 188 0 201 0 8 213 7 208 8 0 190 0 202 0 0 208 0 217 0 
0 43 0 116 0 0 50 0 138 0 0 51 0 141 0 63 146 76 213 68 0 55 0 136 0 
0 0 0 0 73 78 67 74 56 124 83 73 70 80 123 0 0 0 0 74 0 0 0 0 74 
56 277 334 50 236 41 211 280 10 158 57 291 329 41 214 116 322 323 114 274 213 384 412 178 331 
0 52 39 0 87 22 66 52 14 94 33 91 95 45 94 0 66 26 0 72 0 72 27 0 76 
112 85 107 126 116 17 0 0 37 0 12 0 0 35 0 17 0 0 44 0 84 68 60 113 82 
69 0 65 0 0 63 0 75 0 0 113 53 107 48 50 99 16 78 13 12 66 0 73 0 0 
0 18 81 0 97 0 12 69 0 105 0 16 74 0 106 0 14 90 0 134 0 13 70 0 102 
19 73 155 90 23 56 68 166 112 51 0 40 122 39 0 47 83 164 118 51 0 26 110 61 0 
0 58 0 0 0 0 66 0 0 0 104 206 97 124 111 0 82 0 0 0 14 75 17 22 24 
0 0 0 78 0 68 72 56 135 86 0 0 0 74 0 0 0 0 90 0 76 69 67 164 71 
57 0 99 49 0 61 0 121 58 0 64 0 108 54 0 56 0 120 57 0 49 0 108 50 0 
97 58 0 38 0 129 93 21 51 29 123 105 0 31 0 132 72 0 49 0 114 78 0 43 0 
0 0 0 0 27 198 190 204 207 225 0 0 0 0 37 0 0 0 0 35 0 0 0 0 37 
89 47 57 108 76 57 37 49 96 68 24 0 0 52 10 28 0 0 48 11 37 10 8 56 27 
31 70 8 6 12 19 58 0 0 0 21 80 0 0 0 162 210 155 138 134 30 88 0 0 0 
0 0 0 21 0 186 170 197 198 164 0 0 0 23 0 0 0 0 22 0 0 0 0 19 0 
72 79 133 141 92 0 0 52 63 0 0 0 76 61 0 0 0 70 54 0 0 0 59 63 0 
77 59 69 51 81 49 0 0 0 11 85 68 55 66 83 35 0 0 0 22 99 56 54 55 74 
0 0 25 0 69 9 6 36 12 89 0 0 34 0 70 10 7 42 8 95 80 74 113 64 152 
586 588 605 638 587 0 0 0 0 0 0 0 0 0 0 0 0 0 0 0 0 0 0 0 0 
73 138 165 91 88 37 100 116 33 36 0 35 80 0 0 0 43 92 0 0 0 50 83 0 0 
0 0 110 0 0 0 0 91 0 0 76 114 208 112 101 0 0 85 0 0 0 0 103 0 0 
116 140 41 63 164 49 50 0 0 98 47 63 0 0 77 48 43 0 0 78 72 45 0 0 95 
0 49 0 23 36 59 115 57 80 94 0 59 0 27 38 0 55 0 39 40 26 65 22 53 63 
9 7 99 5 12 0 0 87 0 0 0 0 83 0 0 36 39 120 27 29 75 78 150 59 85 
0 0 0 54 80 99 88 72 134 183 0 0 0 53 83 0 0 0 39 94 0 0 0 49 78 
107 171 87 75 92 24 114 0 0 0 32 124 7 8 9 24 85 0 0 0 27 90 0 0 0 
64 27 98 40 97 14 0 41 7 63 16 0 41 0 76 16 0 52 0 64 9 0 38 11 71 
50 0 2 0 1 50 0 1 0 0 65 47 34 32 61 105 42 41 37 42 167 98 111 139 120 
46 28 106 41 44 22 0 79 0 0 16 0 70 0 0 19 0 66 0 0 46 23 106 17 13 
89 76 100 47 59 35 25 31 0 12 58 68 60 27 44 46 28 38 0 12 34 31 39 0 9 
0 62 68 0 0 0 66 39 0 0 21 104 73 21 21 32 109 56 40 42 0 62 54 0 0 
16 13 5 0 0 11 55 3 2 10 0 31 0 0 12 9 0 0 0 0 0 33 0 0 0 
30 0 91 0 45 64 43 123 39 80 25 0 85 0 29 37 10 99 5 36 31 0 99 0 28 
0 2140 0 0 0 0 2205 0 0 0 0 2060 0 0 0 0 2142 0 0 0 0 2052 0 0 0 
24 131 124 16 10 69 214 223 104 92 0 140 127 4 0 30 181 158 73 45 4 125 104 0 0 
50 87 74 0 0 47 102 89 0 0 73 98 98 0 0 50 104 84 0 0 52 103 94 0 0 
0 86 0 87 0 90 170 89 232 73 67 160 58 187 52 0 80 0 127 0 0 130 0 130 0 
83 91 134 100 89 0 0 43 0 0 0 0 86 0 0 0 0 49 0 0 181 219 247 213 225 
0 0 0 0 0 1272 1220 1241 1191 1261 0 0 0 0 0 0 0 0 0 0 0 0 0 0 0 
0 0 80 120 0 0 0 74 102 0 0 0 81 125 0 0 0 81 121 0 0 0 72 127 0 
168 57 59 109 47 166 57 55 121 71 89 0 0 41 0 94 0 0 36 0 99 0 0 50 0 
0 124 0 0 83 0 149 0 0 77 0 165 0 0 98 0 144 0 0 78 0 156 0 0 117 
150 273 169 214 96 71 144 49 105 0 259 370 259 338 129 133 281 150 216 53 222 299 267 305 157 
96 81 309 302 96 0 0 207 197 0 120 119 298 322 113 0 0 179 194 8 8 6 197 204 17 
160 141 131 165 293 14 21 5 7 182 14 18 9 26 180 223 230 186 202 377 246 278 278 249 421 
0 67 0 0 0 0 54 0 0 0 0 65 0 0 0 8 64 4 9 4 184 229 186 170 191 
60 29 42 13 58 54 12 27 0 52 48 12 33 0 35 87 11 26 0 47 145 120 110 87 142 
202 75 0 100 0 202 65 0 104 0 205 58 0 103 0 196 65 0 111 0 210 69 0 117 0 
55 0 0 0 0 61 0 0 0 0 64 0 0 0 0 202 133 145 146 141 52 0 0 0 0 
88 229 241 142 55 124 222 264 163 48 124 236 270 139 80 52 155 210 79 3 51 207 213 103 12 
118 6 14 71 35 162 97 94 133 126 155 111 85 156 131 107 43 37 88 53 77 0 0 33 19 
109 125 128 86 192 0 0 6 0 49 60 78 82 64 120 0 0 18 0 59 0 0 13 0 68 
41 88 0 117 0 141 187 101 208 90 113 131 78 206 84 56 79 0 106 0 37 69 0 104 0 
90 110 100 112 151 95 93 82 70 122 0 25 0 0 49 0 21 0 0 35 62 78 63 52 109 
0 77 0 0 1 31 150 38 45 31 41 157 46 42 41 29 140 32 39 47 44 144 60 38 67 
24 10 38 22 0 91 75 113 102 62 38 21 47 27 0 40 7 44 23 0 31 15 36 32 0 
1 13 0 67 201 114 123 122 203 324 0 29 0 77 237 0 20 0 79 241 106 135 112 172 287 
8 10 85 13 234 3 0 63 6 167 109 92 174 113 272 142 139 216 168 332 2 2 72 6 188 
163 0 0 0 0 159 0 0 0 0 241 82 108 120 116 136 0 0 0 0 147 0 0 0 0 
0 0 0 0 849 0 0 0 0 803 0 0 0 0 858 0 0 0 0 839 0 0 0 0 794 
143 118 4 193 54 153 158 4 210 98 196 206 49 274 127 142 123 4 199 78 117 162 3 224 62 
126 0 0 0 0 243 98 87 84 72 155 0 0 0 0 138 0 0 0 0 144 0 0 0 0 
0 0 0 0 0 75 59 75 65 75 0 0 0 0 0 145 122 143 146 146 0 0 0 0 0 
0 24 0 165 0 37 65 49 207 31 0 20 0 149 0 0 19 0 152 0 0 24 0 175 0 
79 64 98 108 135 43 0 56 51 42 26 0 57 70 56 96 56 112 121 113 11 0 52 49 35 
42 47 55 128 105 26 21 31 81 74 0 0 0 77 55 0 0 0 48 50 6 10 9 75 52 
0 9 61 0 0 79 97 169 83 87 0 10 61 0 0 46 75 165 53 59 0 5 59 0 0 
122 0 120 0 0 114 0 95 0 0 101 1 108 4 0 77 0 112 0 0 120 14 100 11 10 
279 102 332 113 223 335 154 418 188 257 329 164 411 233 272 170 26 217 64 147 200 63 256 40 127 
65 152 69 84 66 0 86 0 28 0 17 130 28 34 26 0 105 0 16 0 0 75 0 23 0 
0 0 43 0 67 41 55 92 51 141 75 90 108 56 148 0 0 37 0 72 0 0 55 0 77 
0 0 20 0 231 0 0 17 1 201 0 0 29 0 185 0 0 28 0 204 0 0 25 0 204 
0 0 0 57 0 0 0 0 68 0 61 64 50 142 49 0 0 0 65 0 108 90 99 185 105 
94 0 0 104 0 120 0 0 120 0 104 0 0 96 0 100 0 0 126 0 102 0 0 113 0 
3 59 83 60 4 101 186 180 163 125 169 233 245 215 132 18 77 98 97 21 77 142 119 127 32 
114 146 143 120 256 0 0 0 0 89 0 0 0 0 76 24 23 30 24 134 0 0 0 0 90 
144 257 158 137 157 0 134 0 0 0 90 218 102 93 86 0 111 0 0 0 118 242 93 88 109 
133 126 76 77 78 74 45 0 0 0 84 46 3 3 8 63 46 0 0 0 71 56 0 0 0 
0 98 0 0 0 30 141 42 46 53 0 107 0 0 0 56 166 72 68 55 0 101 0 0 0 
0 0 0 0 0 0 0 0 0 0 0 0 0 0 0 0 0 0 0 0 479 457 503 469 439 
0 0 37 0 0 72 79 92 75 86 0 0 31 0 0 77 75 85 59 79 19 25 58 21 25 
8 15 16 17 52 0 0 0 0 36 80 79 71 69 99 0 0 0 0 33 68 98 78 76 105 
0 0 0 149 0 0 0 0 133 0 0 0 0 155 0 0 0 0 160 0 85 78 89 216 89 
0 66 0 34 71 0 64 0 36 77 0 56 0 34 90 0 60 0 30 71 19 76 25 54 113 
0 112 0 0 0 0 108 0 0 0 0 106 0 0 0 0 96 0 0 0 97 185 99 105 92 
0 0 0 55 0 76 56 77 74 85 52 0 40 54 56 0 0 0 23 0 96 83 111 143 100 
0 0 124 57 0 46 46 165 108 52 0 0 104 39 0 0 0 91 39 0 0 0 130 35 0 
16 34 0 0 3 0 62 0 0 25 0 48 0 0 24 0 0 0 0 0 0 36 9 0 18 
59 0 0 0 0 126 62 61 76 69 99 20 18 20 14 131 47 46 52 41 58 0 0 0 0 
83 35 33 111 37 39 0 0 91 0 48 0 0 85 0 83 30 23 113 27 55 0 0 83 0 
0 0 63 43 0 0 0 55 42 0 101 99 149 132 97 0 0 62 47 0 0 0 67 42 0 
33 1 0 85 122 104 73 90 133 190 32 1 17 79 113 58 25 35 97 125 42 39 61 100 127 
0 7 54 107 9 0 0 54 90 0 49 38 132 136 54 27 43 85 137 43 0 0 52 96 0 
62 2 56 50 5 48 2 41 51 21 168 93 152 130 107 88 12 67 74 17 72 0 58 63 1 
42 0 60 0 56 40 0 62 0 57 30 0 69 0 73 101 54 111 69 111 30 0 63 0 54 
78 13 196 112 48 74 11 174 97 38 69 0 169 44 19 197 75 268 151 144 97 37 227 78 59 
9 71 135 20 106 137 176 271 120 227 35 114 189 58 159 0 39 136 1 106 86 120 212 109 192 
22 24 25 65 53 41 48 42 91 86 0 0 0 38 38 0 0 0 35 20 85 100 111 144 116 
17 31 0 83 0 29 47 0 103 0 77 72 39 128 52 25 37 0 103 0 40 32 0 80 0 
0 0 57 0 0 165 154 225 156 185 0 0 66 0 0 0 0 83 0 0 0 0 71 0 0 
12 6 0 0 64 12 2 0 0 60 61 56 47 44 124 23 21 14 12 72 84 107 93 86 133 
60 10 10 4 17 87 60 59 60 59 97 76 79 85 82 42 0 5 0 11 34 10 14 6 17 
22 106 82 14 30 0 95 71 5 3 0 79 50 0 16 0 93 58 7 11 56 138 112 52 92 
176 215 115 112 122 85 63 55 25 29 42 49 23 0 0 47 54 15 0 0 40 47 15 0 1 
95 0 0 14 0 83 0 0 31 0 99 0 0 21 0 100 0 0 0 0 122 15 23 39 29 
67 79 15 19 22 49 44 0 0 3 51 68 16 5 15 64 70 36 37 47 80 74 48 30 44 
37 75 41 71 29 0 62 11 41 15 0 50 10 44 18 0 41 13 30 13 38 103 64 97 78 
0 0 55 27 11 0 0 45 35 3 0 0 44 40 6 43 53 122 94 61 54 50 100 93 63 
29 37 24 22 30 0 0 0 0 0 70 58 57 62 54 0 0 0 0 0 120 106 99 114 110 
44 34 37 34 39 0 0 15 0 0 0 0 18 0 0 48 43 79 53 49 122 93 129 132 119 
37 40 110 48 55 0 8 56 15 17 61 54 131 54 55 0 0 50 1 1 0 7 60 23 15 
0 0 178 32 0 0 0 135 23 0 19 21 152 37 18 0 0 163 23 0 0 0 156 23 0 
46 108 0 0 0 97 151 59 59 53 107 181 33 34 24 112 184 64 79 60 40 100 0 0 0 
72 2 77 86 102 153 66 181 171 172 143 76 167 187 202 139 56 111 114 168 88 12 85 124 126 
109 142 84 64 83 17 66 0 0 0 95 161 80 60 72 44 79 34 20 24 29 70 0 0 0 
0 116 106 161 0 0 125 118 163 1 0 107 119 167 0 0 116 115 156 0 0 126 117 164 0 
12 0 0 139 0 9 0 0 100 0 94 70 91 193 89 11 0 0 109 0 19 1 0 106 0 
53 76 42 41 59 0 56 0 0 18 48 81 42 41 68 6 38 0 0 32 8 68 0 7 24 
105 135 32 70 91 161 232 88 71 189 120 174 76 75 126 68 86 4 19 52 222 255 130 141 185 
66 154 125 76 83 5 36 56 13 2 32 68 93 31 29 21 69 51 13 21 0 56 50 0 0 
2 25 3 3 63 0 26 24 0 90 0 12 11 4 42 60 87 74 39 162 24 37 31 17 89 
569 441 427 347 430 404 211 191 165 192 470 347 258 194 281 319 176 109 76 125 515 399 326 355 354 
101 77 0 2 0 179 172 83 81 81 79 95 0 0 0 103 97 26 17 21 67 67 0 0 0 
158 303 109 124 135 260 396 149 238 184 124 266 84 145 74 52 198 7 41 0 93 209 43 61 19 
0 0 0 0 54 1 0 0 0 62 0 0 0 0 70 0 0 0 0 59 152 182 154 171 205 
53 0 28 0 11 123 13 49 24 29 122 50 86 49 53 142 73 123 72 73 126 18 45 18 28 
150 0 0 54 0 156 0 0 55 0 141 0 0 38 0 168 0 0 46 0 149 0 0 41 0 
148 119 137 214 110 35 2 75 116 6 74 43 110 173 64 44 6 80 102 20 50 0 83 80 1 
58 100 72 163 138 0 10 4 85 50 0 15 5 57 48 0 9 9 80 46 29 37 25 90 60 
128 106 73 49 24 190 170 144 93 121 111 83 71 42 24 229 178 185 117 124 146 158 136 44 66 
58 130 51 56 53 0 55 0 0 0 6 80 4 5 4 0 64 0 0 0 76 153 61 75 63 
0 0 0 18 0 0 0 0 24 0 0 0 0 19 0 0 0 0 26 0 179 200 216 228 225 
44 0 0 30 38 117 85 76 98 102 46 0 0 26 37 40 1 0 15 42 49 0 0 19 34 
55 7 51 108 100 11 1 36 102 99 69 30 52 140 118 20 1 33 96 90 126 92 126 203 203 
0 101 79 0 84 0 82 73 0 87 0 98 64 0 71 0 82 84 0 79 0 98 75 0 70 
48 25 58 40 35 75 53 94 59 59 25 17 38 20 14 63 50 112 78 49 8 0 36 3 0 
82 0 0 0 54 70 0 1 0 50 90 0 0 0 59 69 0 0 0 48 187 95 79 101 160 
70 117 16 130 65 71 145 14 115 103 40 81 0 109 57 204 250 129 222 181 109 202 94 170 134 
75 94 109 89 67 11 40 40 11 10 0 15 53 0 0 61 85 98 63 53 22 32 64 22 16 
0 0 0 140 35 0 0 0 158 28 27 29 16 157 51 0 0 0 149 34 0 0 0 138 38 
0 0 200 0 36 0 0 229 0 30 0 0 211 0 25 0 0 192 0 24 0 0 175 0 27 
0 0 0 149 14 154 138 123 327 168 1 0 0 167 15 116 120 113 256 107 0 0 0 131 8 
36 103 129 155 56 9 61 88 156 14 72 125 120 165 74 38 136 132 178 69 69 108 119 185 42 
0 0 0 1248 0 0 0 0 1226 0 0 0 0 1260 0 0 0 0 1329 0 0 0 0 1272 0 
197 0 0 0 0 199 13 18 17 20 178 0 0 0 0 197 0 0 0 0 167 0 0 0 0 
92 0 0 0 0 117 0 0 0 0 122 0 0 0 0 102 0 0 0 0 206 88 85 89 99 
97 17 89 0 0 111 12 99 0 0 125 10 95 0 0 118 9 98 0 0 109 20 105 0 0 
0 0 0 36 0 75 64 49 103 56 0 0 0 25 0 47 48 62 91 48 44 48 43 97 39 
0 0 1456 0 0 1 0 1481 0 0 0 0 1380 0 0 0 0 1488 0 0 0 0 1473 0 0 
