758 758 563 631 703 1069 1083 922 929 980 680 640 486 639 682 982 916 833 971 966 557 466 348 417 535 
220 179 230 198 187 0 1 0 0 0 140 97 140 121 132 0 0 0 0 0 0 0 0 0 0 
125 58 38 204 214 91 0 0 176 171 164 65 29 269 259 61 0 0 102 143 84 0 1 122 124 
173 0 133 162 197 223 58 213 264 271 339 133 294 342 396 254 51 183 251 251 182 0 137 221 181 
166 53 104 128 36 135 12 90 96 0 145 40 91 108 31 127 7 51 118 0 286 204 265 312 187 
105 7 24 0 94 97 7 21 0 110 172 94 108 77 199 166 79 96 65 162 223 113 131 115 238 
0 0 0 0 0 0 0 0 0 0 1030 1045 994 1014 1059 0 0 0 0 0 0 0 0 0 0 
0 0 0 258 0 0 0 2 253 0 109 109 101 364 119 104 95 85 386 119 0 0 0 237 0 
13 7 15 199 6 0 0 0 203 0 40 46 41 207 31 0 0 0 165 1 3 6 3 195 3 
0 0 0 0 0 0 0 0 0 0 0 0 0 0 0 74 76 78 92 104 226 218 226 251 214 
86 111 82 68 205 0 10 0 0 142 0 1 0 0 123 0 4 0 0 130 87 110 106 72 206 
138 149 149 157 158 0 0 0 0 0 0 0 0 0 0 0 0 0 0 0 81 79 68 66 84 
0 0 0 0 0 0 0 0 0 0 0 0 0 0 0 415 423 409 391 406 168 164 149 165 187 
0 221 0 0 92 0 198 0 0 101 141 358 161 142 231 0 197 0 0 100 0 239 0 0 85 
826 0 0 0 0 821 0 0 0 0 818 0 0 0 0 858 0 0 0 0 860 0 0 0 0 
23 1 190 157 179 65 28 245 187 265 122 112 295 250 257 191 196 402 338 356 126 89 279 228 328 
80 115 81 152 70 62 80 62 115 68 0 54 0 40 0 50 91 59 95 50 0 35 0 39 0 
29 8 15 7 25 129 107 108 108 121 35 0 0 0 18 21 0 0 0 22 117 111 105 103 144 
0 0 141 0 0 0 0 150 1 0 0 0 174 0 0 185 150 293 151 156 0 0 155 0 0 
0 94 54 66 0 0 115 57 65 0 45 134 120 139 50 0 105 84 74 0 0 110 84 61 0 
0 3 0 3 141 155 104 121 144 228 125 128 106 128 196 1 5 0 0 98 76 80 88 79 181 
0 0 0 0 0 0 0 0 0 0 0 0 0 0 0 1011 1066 1079 1042 978 0 0 0 0 0 
0 18 51 132 0 0 17 52 114 0 0 18 46 141 0 0 17 50 140 0 0 15 51 139 0 
94 135 82 181 168 8 50 23 78 80 13 47 22 73 85 0 48 0 60 72 0 34 0 60 77 
146 128 158 96 6 113 139 193 94 3 328 335 382 329 211 134 155 160 103 0 279 249 355 266 133 
80 15 28 105 23 78 0 0 120 0 225 175 151 252 153 71 0 0 100 3 120 44 47 181 46 
99 74 38 40 28 118 83 41 49 27 47 43 13 0 0 73 63 16 11 12 70 43 9 0 0 
0 0 184 84 0 0 0 202 73 0 0 0 239 75 0 0 0 223 55 0 0 0 200 54 0 
106 151 152 109 91 0 47 64 0 0 0 50 54 0 0 34 63 96 33 34 0 40 88 0 0 
71 54 72 73 63 101 130 109 119 110 25 42 48 35 40 0 0 0 0 0 0 0 0 0 0 
0 0 0 165 0 0 0 0 174 0 231 234 220 409 242 0 0 0 171 0 0 0 0 155 0 
0 0 0 0 0 153 140 179 137 141 0 0 0 0 0 0 0 0 0 0 71 55 70 65 77 
142 0 12 85 37 174 56 63 150 117 263 104 110 166 169 103 0 0 78 50 231 99 96 183 137 
0 86 0 0 0 0 89 0 0 0 0 79 0 0 0 124 170 89 127 91 58 154 48 56 50 
0 0 100 0 0 86 91 183 110 111 0 0 96 0 0 7 9 102 4 8 16 13 82 9 15 
271 209 206 292 135 124 81 73 120 0 79 63 62 108 0 262 224 157 295 117 137 116 102 162 5 
0 232 0 204 0 0 192 0 213 0 8 209 6 201 6 0 192 0 196 0 0 205 0 213 0 
0 44 0 128 0 0 49 0 132 0 0 50 0 142 0 63 132 68 216 67 0 56 0 128 0 
0 0 0 0 68 74 65 72 57 123 78 67 67 75 117 0 0 0 0 68 0 0 0 0 72 
69 266 320 52 203 20 188 247 10 124 85 245 335 63 207 71 263 303 77 213 182 296 361 136 275 
0 47 35 0 88 20 69 46 13 95 28 87 95 39 86 0 60 26 0 74 0 63 28 0 74 
108 84 104 114 119 14 0 0 35 0 12 0 0 35 0 19 0 0 42 0 84 61 57 103 76 
69 0 64 0 0 61 0 73 0 0 112 53 105 47 50 99 14 72 11 10 65 0 72 0 0 
0 17 96 0 112 0 13 76 0 127 0 19 84 0 114 0 16 103 0 149 0 14 73 0 110 
15 51 148 75 22 63 80 155 107 58 0 40 120 38 0 48 81 162 97 40 0 23 107 58 0 
0 69 0 0 0 0 85 0 0 0 136 261 128 152 135 0 106 0 0 0 15 92 20 23 33 
0 0 0 80 0 84 84 68 157 96 0 0 0 89 0 0 0 0 98 0 95 79 81 191 72 
54 0 99 51 0 59 0 114 56 0 61 0 100 56 0 47 0 109 58 0 46 0 103 51 0 
81 49 0 31 0 103 74 17 45 23 95 88 0 23 0 113 56 0 41 0 90 57 0 33 0 
0 0 0 0 38 256 249 253 253 271 0 0 0 0 51 0 0 0 0 47 0 0 0 0 49 
109 57 66 143 87 75 45 63 113 84 26 0 0 60 14 41 0 0 55 13 46 14 10 65 27 
30 57 8 6 10 18 51 0 0 0 24 76 0 0 0 127 161 127 121 117 28 74 0 0 0 
0 0 0 21 0 186 170 197 198 164 0 0 0 23 0 0 0 0 22 0 0 0 0 19 0 
82 89 150 149 98 0 0 57 74 0 0 0 78 63 0 0 0 77 59 0 0 0 68 73 0 
72 62 67 56 76 49 0 0 0 14 94 70 59 53 84 37 0 0 0 27 110 54 55 56 69 
0 0 25 0 70 9 6 39 11 89 0 0 36 0 71 11 6 43 7 98 81 76 116 63 152 
55 105 137 64 70 28 79 94 26 26 0 32 70 0 0 0 37 71 0 0 0 39 66 0 0 
0 0 118 0 0 0 0 96 0 0 81 117 215 118 104 0 0 92 0 0 0 0 113 0 0 
110 124 38 59 149 34 42 0 0 99 47 65 0 0 74 50 48 0 1 84 66 59 0 0 93 
0 50 0 23 36 61 119 59 83 95 0 61 0 27 40 0 55 0 40 41 26 70 22 55 64 
9 7 107 5 14 0 0 97 0 0 0 0 87 0 0 46 43 128 28 28 86 88 162 61 92 
0 0 0 51 75 88 81 63 117 163 0 0 0 49 73 0 0 0 36 84 0 0 0 47 73 
99 183 84 72 92 25 115 0 0 0 32 130 4 7 11 24 73 0 0 0 25 85 0 0 0 
74 38 104 46 102 18 0 41 3 51 12 0 42 0 73 17 0 50 0 58 0 0 41 0 52 
51 0 10 0 1 61 7 0 0 0 112 55 51 60 83 96 26 12 11 0 151 83 85 107 62 
31 34 118 45 41 17 0 81 0 0 0 0 77 0 0 6 0 70 0 0 30 26 102 27 21 
0 62 64 0 0 0 55 40 0 0 21 104 75 21 21 32 109 52 40 42 0 61 51 0 0 
23 0 80 0 29 49 43 112 39 69 17 0 72 0 15 18 0 77 0 7 24 0 87 0 19 
0 2126 0 0 0 0 2186 0 0 0 0 2057 0 0 0 0 2131 0 0 0 0 2067 0 0 0 
27 119 87 19 13 89 167 170 70 57 5 110 93 8 0 20 157 131 55 36 6 120 95 0 0 
72 114 103 0 0 56 143 143 0 0 81 167 134 0 0 86 159 136 0 0 75 138 144 0 0 
0 79 0 99 0 78 138 63 168 98 57 130 30 148 45 0 80 0 109 0 0 91 0 90 0 
0 0 0 0 0 1283 1246 1236 1204 1270 0 0 0 0 0 0 0 0 0 0 0 0 0 0 0 
0 0 82 132 0 0 0 77 113 0 0 0 83 133 0 0 0 83 130 0 0 0 76 132 0 
178 59 56 103 51 171 56 65 124 77 93 0 0 37 0 92 1 0 55 0 97 0 0 57 0 
0 111 0 0 73 0 131 0 0 66 0 139 0 0 77 0 121 0 0 63 0 129 0 0 90 
211 324 205 265 133 64 202 48 141 0 280 424 243 357 134 181 309 161 210 54 203 340 263 280 142 
116 110 310 297 103 0 0 196 190 0 101 89 280 299 99 0 0 175 191 3 7 30 204 206 32 
149 118 126 146 259 7 18 0 4 149 9 18 10 1 155 218 217 176 174 348 220 261 254 228 381 
0 66 0 0 0 0 57 0 0 0 0 65 0 0 0 8 66 5 7 3 175 206 168 147 171 
46 23 36 11 41 39 14 27 0 37 38 12 33 0 29 63 13 29 0 40 104 96 85 73 111 
204 70 0 102 0 209 61 0 105 0 203 53 0 104 0 189 62 0 110 0 187 58 0 114 0 
0 0 1447 0 0 0 0 1468 0 0 0 0 1353 0 0 0 0 1479 0 0 0 0 1441 0 0 
83 7 9 51 20 109 84 64 110 88 103 68 71 88 84 58 25 18 76 34 59 0 0 32 12 
114 121 138 89 187 0 0 6 0 49 56 77 74 59 109 0 0 20 0 56 0 0 14 0 63 
42 90 0 100 0 145 183 98 210 85 113 133 83 197 92 58 80 0 107 0 39 70 0 104 0 
74 91 76 85 125 80 83 63 63 102 0 22 0 0 43 0 23 0 0 31 49 70 43 43 88 
0 63 0 0 0 28 112 27 31 27 32 120 31 30 29 23 108 20 24 30 36 108 38 32 43 
33 11 41 34 0 105 72 112 113 63 44 21 47 37 0 47 9 44 35 0 45 20 39 41 0 
155 0 0 0 0 124 0 0 0 0 219 78 98 108 100 122 0 0 0 0 136 0 0 0 0 
0 0 0 0 821 0 0 0 0 781 0 0 0 0 830 0 0 0 0 823 0 0 0 0 762 
133 102 0 159 57 132 110 2 153 84 202 180 46 212 118 139 108 0 151 110 150 149 0 200 76 
128 0 0 0 0 259 100 88 82 73 156 0 0 0 0 154 0 0 0 0 152 0 0 0 0 
0 0 0 0 0 72 58 73 65 75 0 0 0 0 0 158 129 152 156 149 0 0 0 0 0 
0 22 0 155 0 36 59 49 203 34 0 19 0 139 0 0 16 0 150 0 0 20 0 171 0 
169 57 149 157 211 102 0 95 34 87 105 10 124 85 108 215 118 194 164 198 66 0 53 44 84 
52 53 61 161 125 31 24 33 96 83 0 0 0 92 64 0 0 0 64 57 6 12 7 82 61 
0 11 68 0 0 83 114 179 93 95 0 11 72 0 0 59 91 177 52 56 0 7 62 0 0 
200 7 190 0 0 202 3 175 0 0 202 6 187 4 1 175 4 189 0 0 210 24 181 10 10 
292 127 356 128 221 346 188 401 174 253 347 155 392 196 247 225 31 234 29 150 194 62 275 25 147 
69 163 80 92 76 0 87 0 31 0 17 136 31 39 27 0 117 0 22 0 0 83 0 25 0 
0 0 36 0 61 37 49 78 44 122 57 75 92 56 123 0 0 33 0 64 0 0 50 0 62 
0 0 16 0 187 0 0 16 0 178 0 0 27 0 166 0 0 25 0 179 0 0 23 0 182 
0 0 0 59 0 0 0 0 70 0 61 67 48 159 45 0 0 0 72 0 97 83 91 178 97 
108 0 0 117 0 137 0 0 141 0 120 0 0 109 0 113 0 0 134 0 125 0 0 135 0 
9 25 77 64 2 84 140 173 153 104 141 190 241 201 134 21 65 112 102 26 74 105 109 118 55 
114 138 129 122 234 0 0 0 0 83 0 1 0 0 82 24 25 31 24 118 0 0 0 0 80 
116 210 126 118 121 0 108 0 0 0 75 180 82 84 68 3 103 2 0 6 84 184 75 70 86 
164 140 90 87 91 86 49 0 0 0 94 50 3 4 8 74 53 0 0 0 81 61 0 0 0 
0 129 0 0 0 42 177 56 56 71 0 137 0 0 0 67 202 89 85 72 0 124 0 0 0 
0 0 0 0 0 0 0 0 0 0 0 0 0 0 0 0 0 0 0 0 445 404 453 440 399 
0 0 37 0 0 73 79 92 75 87 0 0 31 0 0 77 75 85 59 79 19 25 59 21 26 
10 18 21 17 61 0 0 0 0 42 91 93 84 86 111 0 0 0 0 37 73 110 91 84 128 
0 0 0 132 0 0 0 0 124 0 0 0 0 143 0 0 0 0 150 0 78 83 82 203 84 
0 74 0 37 78 0 75 0 47 86 1 59 0 41 102 2 66 0 38 84 22 80 31 67 134 
0 112 0 0 0 0 108 0 0 0 0 106 0 0 0 0 96 0 0 0 97 185 99 104 91 
0 35 0 27 0 98 124 96 100 101 94 96 94 80 91 0 26 0 9 0 128 178 143 153 128 
0 0 117 54 0 43 44 154 104 50 0 0 102 39 0 0 0 89 38 0 0 0 126 35 0 
59 0 0 0 0 126 62 61 76 69 99 20 18 20 15 131 47 46 52 41 58 0 0 0 0 
83 35 33 111 37 39 0 0 91 0 48 0 0 85 0 83 35 30 120 32 55 0 0 83 0 
0 0 15 15 0 0 0 0 23 0 101 99 89 108 97 0 0 0 36 0 0 0 4 29 0 
4 7 56 103 6 0 0 55 85 0 52 36 114 139 59 33 46 78 127 38 0 0 48 92 0 
45 5 40 42 10 36 4 33 35 13 107 67 113 102 75 60 11 38 42 13 52 0 46 37 1 
45 0 65 0 71 53 0 68 0 62 34 0 79 0 84 107 59 125 69 131 37 0 67 0 62 
92 19 164 70 52 76 14 166 84 33 60 0 144 34 14 174 84 213 122 120 88 38 192 74 66 
11 89 154 24 133 127 186 327 131 246 24 119 215 37 175 0 38 175 2 109 85 156 253 102 205 
20 21 22 58 48 39 40 36 72 69 0 0 0 31 35 0 0 0 22 16 79 92 95 131 103 
23 41 0 117 1 32 53 0 135 0 98 89 52 166 68 32 44 0 132 0 50 40 0 102 0 
0 0 56 0 0 164 158 221 153 179 0 0 63 0 0 0 0 81 0 0 0 0 70 0 0 
63 11 5 6 22 96 63 70 71 62 111 92 79 106 94 42 0 0 0 19 39 12 7 9 23 
21 149 108 18 47 0 122 82 9 15 0 110 52 0 31 0 131 63 9 17 47 172 118 43 90 
146 196 96 99 103 76 66 41 21 22 41 51 16 0 0 41 56 14 0 0 33 43 14 0 0 
71 91 17 21 14 64 49 2 0 0 53 72 14 0 6 73 72 46 42 49 83 84 55 25 52 
37 75 43 71 29 0 62 11 39 15 2 50 11 44 19 0 43 14 30 13 39 103 64 96 78 
0 0 66 35 17 0 0 55 45 4 0 0 52 43 7 59 64 150 117 80 62 62 112 103 72 
29 38 25 21 31 0 0 0 0 0 71 59 57 62 55 0 0 0 0 0 120 107 99 114 110 
55 35 31 39 41 0 0 8 0 0 0 0 20 0 0 47 54 84 59 72 134 110 142 151 151 
37 43 104 57 52 5 7 59 14 13 53 40 119 44 48 0 0 51 0 0 0 0 51 15 0 
0 0 179 32 0 0 0 141 22 0 19 20 156 37 18 0 0 166 22 0 0 0 160 22 0 
49 81 0 0 0 74 109 42 37 29 71 135 17 13 9 95 137 44 42 45 38 76 0 0 0 
80 109 64 50 59 12 41 3 0 0 68 121 59 46 51 33 65 26 15 14 22 51 0 0 0 
0 116 110 162 0 0 128 119 163 0 0 109 122 168 0 0 123 117 157 0 0 124 120 166 0 
25 0 0 207 0 13 0 0 133 0 122 103 128 249 108 13 0 0 148 0 25 1 0 150 0 
140 156 29 68 99 185 245 97 104 171 158 181 75 103 125 86 127 4 26 69 257 297 142 180 193 
62 169 120 74 89 4 44 64 9 3 34 75 96 30 27 20 70 57 16 27 0 63 49 0 0 
1 27 10 7 70 7 35 23 1 113 0 12 8 2 63 76 85 74 43 163 25 39 31 28 107 
704 534 551 438 510 518 279 307 199 255 475 316 355 200 289 403 213 189 74 188 586 395 459 356 395 
74 63 0 3 2 151 140 65 69 65 80 75 0 0 0 87 79 19 15 16 64 54 0 0 0 
159 287 110 90 125 273 373 151 236 181 151 286 74 126 89 45 186 0 17 0 108 224 62 87 47 
0 0 0 0 53 0 0 0 0 59 0 0 0 0 69 0 0 0 0 60 144 166 142 160 187 
150 0 0 54 0 156 0 0 55 0 141 0 0 39 0 168 0 0 46 0 149 0 0 41 0 
166 149 202 286 143 37 0 96 140 4 83 59 141 203 73 50 8 112 118 29 51 0 87 101 1 
63 123 82 177 177 0 10 6 89 44 0 13 7 65 60 0 11 10 91 53 36 47 31 118 60 
112 129 74 53 8 204 181 169 135 136 117 78 81 42 30 240 214 213 144 139 152 155 142 68 69 
61 143 56 60 57 0 58 0 0 0 6 81 4 5 4 0 70 0 0 0 82 160 62 84 68 
0 0 0 16 0 0 0 0 23 0 0 0 0 22 0 0 0 0 20 0 186 213 231 230 228 
59 4 59 94 108 17 3 31 112 92 73 23 55 141 115 23 0 47 111 91 138 85 126 214 245 
0 100 75 0 98 0 98 81 0 101 0 122 61 0 81 0 95 85 0 103 0 121 82 0 99 
47 23 55 40 32 72 52 92 55 55 23 17 36 20 13 55 45 102 71 49 8 0 31 0 0 
99 0 0 0 61 68 0 0 0 50 93 0 0 0 58 68 0 0 0 52 205 99 91 102 160 
45 64 1 54 39 35 58 0 75 49 37 37 0 89 53 122 145 71 148 106 56 82 18 88 75 
72 89 98 79 63 10 35 39 13 9 0 13 46 0 0 58 70 85 54 47 21 28 57 20 13 
0 0 0 140 35 0 0 0 158 28 27 29 16 157 51 0 0 0 149 34 0 0 0 138 38 
0 0 0 181 12 237 203 177 453 236 0 0 0 195 13 172 167 169 382 167 0 0 0 192 11 
40 135 142 163 49 36 99 141 144 28 73 125 145 177 75 50 182 168 220 92 101 126 164 228 90 
0 0 0 1308 0 0 0 0 1292 0 0 0 0 1327 0 0 1 2 1383 1 0 0 0 1322 0 
195 0 0 0 0 196 13 18 17 20 178 0 0 0 0 196 0 0 0 0 166 0 0 0 0 
92 0 0 0 0 117 0 0 0 0 122 0 0 0 0 102 0 0 0 0 206 88 85 89 99 
169 72 47 123 110 76 0 0 16 16 158 36 47 40 63 154 33 54 102 85 217 129 114 162 145 
10 24 0 0 0 0 36 0 0 0 0 6 0 0 0 34 38 29 34 42 0 1 0 0 0 
71 72 140 109 75 0 0 44 0 0 0 0 59 0 0 0 0 74 0 0 185 170 221 194 184 
0 10 2 69 210 110 116 116 201 310 0 29 4 79 248 0 12 0 77 244 118 139 113 168 295 
18 20 80 13 249 3 7 57 13 188 117 106 178 132 298 146 162 213 175 349 4 6 59 3 202 
130 275 288 209 85 173 270 314 206 115 150 266 290 195 132 38 172 225 99 25 73 222 236 152 36 
103 0 0 11 0 90 0 0 0 0 111 0 0 1 0 114 0 0 0 0 131 16 24 33 33 
0 0 199 0 38 0 0 235 0 30 0 0 200 0 26 0 0 197 0 26 0 0 187 0 35 
45 55 33 29 51 0 40 0 0 9 42 80 39 35 60 0 33 0 0 21 0 51 0 0 20 
610 619 639 674 625 0 0 0 0 0 0 0 0 0 0 0 0 0 0 0 0 0 0 0 0 
84 62 0 0 0 100 82 19 18 15 150 99 36 37 24 106 75 0 0 0 117 107 23 26 32 
34 0 0 60 74 73 53 41 102 130 19 0 0 63 61 35 10 17 56 62 29 27 31 69 74 
0 0 45 54 0 65 46 95 86 58 0 0 38 32 0 51 42 89 72 42 36 27 73 64 25 
16 9 0 0 80 13 3 0 0 62 66 68 51 44 135 19 20 16 15 70 91 113 94 93 136 
55 0 0 0 0 62 0 0 0 0 64 0 0 0 0 202 132 145 146 141 52 0 0 0 0 
81 146 154 162 157 133 317 190 216 263 7 155 76 64 55 130 227 149 162 178 143 265 237 200 219 
0 0 0 0 0 31 35 30 19 21 0 0 0 0 0 59 67 69 65 90 100 94 96 97 127 
158 9 91 14 21 220 0 66 6 15 277 84 148 101 111 319 159 278 172 185 244 43 87 34 45 
10 0 29 0 0 20 0 15 7 0 41 4 23 17 0 82 53 79 55 65 27 3 25 3 3 
