899 885 681 759 853 1130 1161 1005 1039 1073 687 732 532 684 751 1055 987 926 1021 1017 641 614 412 439 637 
166 133 161 157 145 0 0 0 0 0 120 83 119 97 102 0 0 0 0 0 0 0 0 0 0 
127 40 33 157 184 84 0 0 162 131 162 69 58 247 268 62 0 0 100 138 55 0 2 108 109 
0 0 68 125 0 182 133 206 244 167 0 2 72 83 0 126 122 235 253 133 106 100 179 219 91 
133 23 81 124 19 114 11 78 90 4 102 30 71 101 23 103 7 49 100 0 241 153 219 250 146 
119 9 26 0 90 99 5 22 0 129 203 104 109 89 212 176 75 97 68 162 242 127 138 118 249 
0 0 0 0 0 0 0 0 0 0 1041 1067 995 1019 1076 0 0 0 0 0 0 0 0 0 0 
0 0 0 304 0 0 0 2 293 0 131 128 121 420 130 134 123 103 440 148 0 0 0 282 0 
13 8 13 166 4 0 0 0 176 0 36 42 34 167 28 0 0 0 145 0 3 6 3 170 3 
0 0 0 0 0 0 0 0 0 0 0 0 0 0 0 63 75 63 72 81 194 156 160 201 167 
71 93 70 63 179 0 11 0 0 105 0 1 0 0 110 0 4 0 0 109 76 82 80 72 171 
134 139 142 146 157 0 0 0 0 0 0 0 0 0 0 0 0 0 0 0 83 81 64 63 79 
0 0 0 0 0 0 0 0 0 0 0 0 0 0 0 436 428 420 407 418 187 174 183 187 205 
0 196 0 0 82 0 169 0 0 97 126 326 151 131 220 0 180 0 0 94 0 215 0 0 75 
801 0 0 0 0 798 0 0 0 0 792 0 0 0 0 820 0 0 0 0 831 0 0 0 0 
19 20 211 129 182 42 14 215 121 163 103 118 297 232 238 182 188 385 346 331 136 105 283 206 294 
86 122 80 139 75 58 84 59 113 67 0 40 0 56 0 48 89 48 91 38 0 40 0 33 0 
39 6 12 7 20 133 117 124 122 126 33 0 0 0 19 25 0 0 0 27 143 118 118 113 161 
0 0 127 0 0 0 0 128 0 0 0 0 140 0 0 142 108 241 112 118 0 0 146 0 0 
0 67 44 51 0 0 82 44 49 0 37 97 93 101 34 0 71 48 49 0 0 73 55 42 0 
0 1 0 6 143 137 105 128 149 252 141 129 130 112 242 0 6 0 0 116 98 95 117 98 205 
0 0 0 0 0 0 0 0 0 0 0 0 0 0 0 1024 1103 1107 1067 1020 0 0 0 0 0 
0 21 56 162 0 0 21 63 142 0 0 20 58 164 0 0 18 54 177 0 0 15 59 176 0 
69 53 0 0 0 89 68 18 15 13 158 88 36 38 30 107 65 0 0 0 98 97 26 24 29 
92 112 82 177 158 9 52 18 54 66 12 46 22 72 89 0 44 0 61 65 0 35 0 63 74 
142 134 146 110 1 138 151 216 95 1 345 327 391 338 224 143 145 172 98 4 327 267 376 278 163 
76 16 14 105 16 74 0 0 115 0 219 152 145 240 139 73 0 0 105 1 105 51 48 174 35 
111 89 49 47 33 140 97 51 54 34 56 48 15 0 0 84 77 17 12 13 85 50 9 0 0 
0 0 153 73 0 0 0 166 61 0 0 0 202 64 0 0 0 179 50 0 0 0 150 47 0 
121 164 162 123 119 0 55 70 0 0 0 53 65 0 0 37 74 96 32 34 0 44 93 0 0 
65 52 72 69 60 99 117 105 118 103 22 42 42 36 41 0 0 0 0 0 0 0 0 0 0 
0 0 0 173 0 0 0 0 186 0 231 229 226 433 239 0 0 0 177 0 0 0 0 165 0 
0 0 0 0 0 163 157 191 138 165 0 0 0 0 0 0 0 0 0 0 82 60 78 77 90 
107 2 0 64 46 131 34 43 100 95 203 76 84 135 143 90 0 0 59 34 185 64 78 141 117 
0 81 0 0 0 0 87 0 0 0 0 65 0 0 0 126 156 84 134 99 59 131 49 55 55 
0 0 111 0 1 97 95 211 129 121 0 0 103 0 0 7 9 110 5 10 17 15 97 15 18 
282 246 204 289 131 123 86 57 121 0 87 97 55 108 0 274 246 162 297 124 137 106 70 159 1 
0 0 0 0 0 36 36 32 19 30 0 0 0 0 0 74 73 77 75 97 113 107 102 113 149 
0 229 0 206 0 0 182 0 203 0 2 204 6 203 5 0 194 0 194 0 0 202 0 206 0 
0 47 0 128 0 0 53 0 156 0 0 50 0 145 0 74 159 77 224 82 0 62 0 140 0 
0 0 0 0 87 93 81 82 74 166 106 91 89 86 145 0 0 0 0 76 0 0 0 0 94 
102 336 379 54 270 21 218 264 11 156 96 305 358 62 242 138 344 347 95 286 179 362 375 136 264 
0 47 34 0 85 20 60 48 13 94 28 85 91 40 82 0 61 27 0 68 0 64 30 0 73 
123 111 114 140 133 17 0 0 44 0 15 0 0 46 0 22 0 0 55 0 104 81 69 123 87 
75 0 68 0 0 67 0 80 0 0 124 59 109 49 55 104 18 83 13 12 73 0 79 0 0 
0 18 80 0 96 0 12 69 0 107 0 16 74 0 106 0 14 91 0 133 0 13 69 0 101 
32 72 172 100 28 71 79 183 126 61 0 50 135 38 0 54 91 181 119 50 0 32 124 70 0 
0 73 0 0 0 0 78 0 0 0 121 231 113 142 123 0 88 0 0 0 15 82 18 24 25 
0 0 0 73 0 63 64 51 129 82 0 0 0 71 0 0 0 0 80 0 71 63 57 150 61 
49 0 92 48 0 57 0 109 53 0 59 0 92 50 0 45 0 101 54 0 44 0 98 46 0 
81 59 0 31 0 126 83 21 58 27 101 104 0 37 0 127 62 0 56 0 101 69 0 38 0 
0 0 0 0 32 207 198 206 209 232 0 0 0 0 35 0 0 0 0 35 0 0 0 0 37 
110 55 66 130 98 76 43 58 117 88 31 0 0 64 16 35 0 0 61 12 42 15 8 70 33 
31 73 8 6 11 19 57 0 0 0 21 87 0 0 0 155 210 145 140 133 30 93 0 0 0 
0 0 0 21 0 186 170 197 197 164 0 0 0 23 0 0 0 0 22 0 0 0 0 19 0 
82 95 161 169 107 0 0 60 71 0 0 0 89 79 0 0 0 77 63 0 0 0 66 70 0 
78 62 73 58 80 47 0 0 0 11 97 71 53 52 79 37 0 0 0 22 104 57 48 57 74 
0 0 25 0 69 9 6 36 12 89 0 0 34 0 70 10 7 43 8 95 81 75 114 64 153 
592 595 613 650 597 0 0 0 0 0 0 0 0 0 0 0 0 0 0 0 0 0 0 0 0 
63 118 154 77 80 35 91 108 33 31 0 32 76 0 0 0 42 86 0 0 0 43 72 0 0 
0 0 133 0 0 0 0 115 0 0 93 133 251 132 123 0 0 101 0 0 0 0 123 0 0 
109 129 49 60 157 41 44 0 0 93 49 64 0 0 70 44 43 0 0 83 62 45 0 0 101 
0 56 0 32 42 68 130 67 94 111 0 70 0 35 47 0 66 0 45 46 30 77 25 63 75 
9 7 100 5 12 0 0 91 0 0 0 0 85 0 0 37 39 121 28 29 80 79 155 59 88 
0 0 0 55 77 98 86 69 125 172 0 0 0 51 80 0 0 0 38 88 0 0 0 48 84 
106 181 85 82 90 25 114 0 0 0 32 128 8 8 9 25 76 0 0 0 24 90 0 2 0 
60 27 89 32 97 17 0 39 7 65 18 0 41 0 78 18 0 48 0 61 6 0 36 9 69 
42 3 6 1 9 33 0 10 0 0 51 45 59 40 57 82 52 65 36 39 142 105 116 143 108 
53 24 106 35 43 23 0 77 0 0 13 0 72 0 0 17 0 63 0 0 52 9 94 11 9 
0 0 38 0 17 0 0 0 2 0 0 3 3 11 0 9 0 0 0 0 11 0 0 0 0 
0 62 63 0 0 0 65 41 0 0 21 104 76 21 21 32 109 56 40 42 0 62 50 0 0 
30 0 91 0 45 64 43 124 39 80 25 0 85 0 29 37 10 99 5 36 31 0 99 0 28 
0 2119 0 0 0 0 2201 0 0 0 0 2060 0 0 0 0 2130 0 0 0 0 2079 0 0 0 
16 97 88 0 5 60 155 156 66 61 2 109 90 1 0 22 165 109 71 34 0 93 79 0 0 
92 134 121 0 0 66 157 142 0 0 101 153 142 0 0 82 141 120 0 0 79 141 137 0 0 
0 101 0 113 0 92 170 75 191 89 63 160 41 162 45 0 98 0 145 0 0 107 0 86 0 
0 0 0 0 0 1282 1237 1242 1193 1272 0 0 0 0 0 0 0 0 0 0 0 0 0 0 0 
0 0 95 134 0 0 0 80 118 0 0 0 90 142 0 0 0 91 140 0 0 0 81 141 0 
140 43 44 84 44 140 56 50 102 57 87 0 0 36 0 73 0 0 37 0 82 0 0 43 0 
0 113 0 0 75 0 133 0 0 66 0 139 0 0 78 0 126 0 0 64 0 131 0 0 90 
149 238 141 206 80 69 123 10 91 2 248 364 206 333 119 91 223 52 136 21 173 293 232 274 126 
98 96 268 253 88 0 0 167 182 0 107 80 248 261 79 1 0 147 174 2 19 20 159 166 28 
153 114 105 153 255 9 28 0 13 169 14 22 7 4 151 208 224 170 186 363 214 250 244 223 382 
0 66 0 0 0 0 53 0 0 0 0 64 0 0 0 8 67 4 8 3 160 209 163 148 160 
54 23 42 14 41 49 15 28 0 45 51 10 37 0 36 71 14 32 0 46 129 114 102 84 143 
212 74 0 103 0 212 72 0 107 0 213 56 0 111 0 194 68 0 114 0 212 51 0 107 0 
55 0 0 0 0 62 0 0 0 0 64 0 0 0 0 202 133 145 146 141 52 0 0 0 0 
129 262 289 206 81 175 272 324 193 99 150 253 314 181 127 89 193 245 87 20 76 212 264 146 36 
72 2 11 52 30 101 69 49 104 70 112 66 75 80 84 60 25 22 65 35 52 0 0 30 12 
140 140 129 120 199 0 0 7 0 48 64 93 81 67 133 0 0 21 0 57 0 0 11 0 63 
57 98 0 121 0 169 193 116 229 90 116 129 87 195 92 68 94 0 116 0 49 78 0 113 0 
88 90 111 97 157 81 91 74 75 121 0 24 0 0 43 0 20 0 0 30 55 74 66 45 103 
0 86 0 0 0 32 139 34 35 33 39 162 38 36 32 30 131 24 26 36 42 136 47 38 60 
22 11 41 30 0 94 71 113 102 63 37 22 47 33 0 39 8 44 25 0 33 20 37 32 0 
157 0 0 0 0 157 0 0 1 0 234 82 112 114 124 135 0 0 0 0 149 0 0 0 0 
0 0 0 0 835 0 0 0 0 787 0 0 0 0 840 0 0 0 0 831 0 0 0 0 772 
119 111 0 176 49 131 124 0 168 66 188 184 52 257 122 112 108 10 179 80 147 171 0 228 75 
126 0 0 0 0 265 101 86 81 71 159 0 0 0 0 147 0 1 0 0 156 0 0 0 0 
0 0 0 0 0 79 57 70 65 73 0 0 0 0 0 149 119 146 144 147 0 0 0 0 0 
0 22 0 143 0 33 55 46 186 32 0 19 0 132 0 0 16 0 136 0 0 20 0 160 0 
92 57 125 125 153 44 0 70 61 59 26 0 76 80 57 92 55 108 111 114 9 0 57 66 51 
43 48 54 127 106 28 22 31 81 74 0 0 0 77 55 0 0 0 48 50 7 9 9 75 53 
0 9 72 0 0 84 95 189 90 92 0 13 74 1 0 54 80 175 58 64 0 3 66 0 0 
213 11 198 0 0 218 5 180 0 0 215 4 193 3 1 184 3 194 0 0 218 24 192 8 11 
294 106 312 115 186 314 153 338 149 216 324 158 341 191 241 187 33 200 41 122 179 50 224 26 100 
65 152 69 83 66 0 86 0 27 0 17 128 28 34 27 0 104 0 17 0 0 75 0 21 0 
0 0 33 0 58 35 46 78 44 113 55 74 89 53 121 0 0 33 0 61 0 0 49 0 58 
0 0 18 0 219 0 0 18 0 215 0 0 36 0 193 0 0 28 0 213 0 0 29 0 221 
0 0 0 50 0 0 0 0 59 0 54 59 45 140 45 0 0 0 59 0 85 78 82 159 86 
99 0 0 98 0 119 0 0 121 0 105 0 0 93 0 100 0 0 123 0 105 0 0 116 0 
14 44 88 86 6 121 180 202 209 132 165 222 245 253 148 18 75 120 123 34 73 107 126 163 69 
114 144 134 116 253 0 0 0 0 87 0 0 0 0 86 26 27 27 26 124 0 0 0 0 86 
140 250 157 151 160 1 133 0 0 0 79 197 88 93 88 0 107 0 0 4 99 208 98 78 89 
150 144 83 84 80 87 50 0 0 0 98 48 3 5 7 73 55 0 0 0 78 64 0 0 0 
0 122 0 0 0 42 182 60 63 76 0 144 0 0 0 74 213 88 102 74 0 123 0 0 0 
0 0 0 0 0 0 0 0 0 0 0 0 0 0 0 0 0 0 0 0 450 428 470 443 419 
0 0 37 0 0 73 79 92 74 87 0 0 31 0 0 77 75 85 59 79 19 25 59 22 26 
7 16 16 17 53 0 0 0 0 38 86 84 78 77 113 0 0 0 0 36 74 107 81 82 114 
0 0 0 148 0 0 0 0 142 0 0 0 0 170 0 0 0 0 164 0 81 84 96 236 105 
0 67 0 34 72 0 63 0 37 77 0 55 0 36 91 0 58 0 32 72 17 78 25 56 113 
0 112 0 0 0 0 108 0 0 0 0 106 0 0 0 0 96 0 0 0 97 185 99 105 92 
0 8 0 25 0 76 64 85 71 87 63 37 53 53 56 0 0 0 14 0 105 116 99 130 112 
0 0 117 55 0 43 45 155 106 48 0 0 102 39 0 0 0 89 38 0 0 0 125 34 0 
59 0 0 0 0 126 62 61 76 69 99 20 18 20 15 131 47 46 52 41 58 0 0 0 0 
83 35 33 110 37 39 0 0 91 0 48 0 0 85 0 83 35 30 120 32 55 0 0 83 0 
0 0 63 43 0 0 0 55 43 0 101 99 149 132 97 0 0 62 47 0 0 0 67 41 0 
38 0 0 84 104 101 85 67 158 206 36 2 2 94 99 50 15 29 70 96 48 39 44 99 114 
0 6 51 102 12 0 0 49 95 0 57 39 117 131 55 32 49 81 133 44 0 0 48 93 0 
53 5 46 52 12 49 9 42 47 21 123 83 118 110 89 68 19 47 49 18 56 0 50 47 4 
41 0 56 0 60 42 0 60 0 52 27 0 69 0 71 90 51 102 64 103 30 0 58 0 55 
83 22 159 105 54 79 10 140 87 36 67 0 129 45 21 165 62 224 163 126 105 35 191 75 64 
7 78 145 23 106 141 202 309 144 258 35 114 192 47 166 0 39 161 4 115 87 133 234 108 217 
19 22 23 61 52 43 39 38 83 83 0 0 0 36 36 0 0 0 22 21 79 97 96 136 104 
18 31 0 83 1 31 49 0 110 0 77 77 40 131 53 25 37 0 108 0 40 34 0 83 0 
0 0 57 0 0 165 149 220 153 179 0 0 62 0 0 0 0 78 0 0 0 0 72 0 0 
13 11 0 0 74 14 2 0 0 65 63 66 52 42 132 23 25 18 12 78 88 114 103 97 131 
73 16 8 5 28 116 80 80 76 77 109 87 94 123 98 44 0 0 0 14 33 11 12 7 25 
19 102 67 15 30 0 87 67 3 6 0 67 43 0 17 0 84 51 5 12 47 124 103 42 80 
169 207 116 114 118 83 65 49 22 26 45 51 19 0 0 43 53 19 0 0 41 52 18 0 0 
100 0 0 17 0 84 0 0 0 0 102 0 0 18 0 102 0 0 0 0 122 15 25 52 31 
68 92 13 18 16 54 50 0 0 1 58 74 22 7 15 74 81 40 43 53 84 85 54 29 50 
38 76 43 69 29 0 62 11 42 15 0 50 10 46 17 0 42 14 29 13 37 104 64 96 78 
0 0 55 27 11 0 0 45 35 3 0 0 44 40 6 43 53 122 94 61 54 50 99 93 63 
29 38 26 22 31 0 0 0 0 0 71 59 57 62 55 0 0 0 0 0 119 107 99 114 110 
48 41 34 33 41 0 0 19 0 0 0 0 21 0 0 53 50 90 54 51 126 99 138 137 122 
36 45 108 54 50 3 0 59 0 0 61 51 132 58 56 0 0 52 7 0 0 1 62 27 13 
0 0 180 32 0 0 0 141 23 0 19 20 156 36 18 0 0 166 23 0 0 0 162 23 0 
46 77 0 0 1 73 109 45 40 37 85 127 23 21 13 89 141 47 44 47 38 79 0 0 0 
101 0 116 104 117 172 82 215 203 182 196 97 212 226 236 180 55 142 150 179 115 4 106 152 136 
102 140 78 69 77 12 57 4 0 0 87 147 76 59 68 38 81 27 16 15 26 63 0 0 0 
0 116 108 161 0 0 125 120 162 0 0 108 120 167 0 0 117 116 156 1 0 126 116 163 0 
14 0 0 144 0 9 0 0 110 0 106 77 96 222 90 11 0 0 106 0 20 0 1 117 0 
43 76 42 42 69 0 59 3 0 30 37 79 31 34 54 3 36 0 0 31 1 64 0 0 37 
137 161 38 89 120 175 275 99 104 205 137 181 84 88 142 86 102 15 37 89 252 289 146 160 208 
64 202 158 91 112 6 43 65 13 3 36 84 109 32 31 22 90 64 16 32 0 68 64 0 0 
4 18 0 0 60 0 22 24 0 106 0 3 10 6 61 66 79 74 50 159 26 38 38 25 87 
722 536 578 421 518 484 272 283 236 234 520 354 350 234 314 357 184 150 80 161 574 407 411 388 357 
79 61 2 3 1 148 147 64 66 68 70 72 0 0 0 87 78 24 15 20 64 57 0 0 0 
179 294 135 142 133 239 368 133 226 163 116 268 74 137 77 30 175 0 27 0 104 207 70 88 39 
0 0 0 0 54 0 0 0 0 59 0 0 0 0 68 0 0 0 0 60 149 172 150 167 191 
61 4 29 0 16 111 12 53 25 32 112 49 84 40 53 131 70 107 68 84 109 29 42 20 25 
156 0 0 54 0 158 0 0 55 0 144 0 0 40 0 172 0 0 46 0 150 0 0 41 0 
156 115 151 224 114 36 0 78 114 5 68 35 109 165 55 52 6 89 98 25 41 0 69 79 0 
73 122 93 176 171 0 10 4 94 49 0 16 8 72 68 0 15 10 97 53 33 44 33 104 65 
126 126 79 68 8 214 215 176 127 124 128 113 82 52 10 273 217 217 152 127 176 181 156 64 53 
58 130 51 57 53 0 55 0 0 0 6 80 4 5 4 0 64 0 0 0 75 154 62 76 65 
0 0 0 17 0 0 0 0 20 0 0 0 0 18 0 0 0 0 20 0 177 184 202 211 199 
18 0 0 10 26 89 75 72 74 95 31 0 0 17 31 32 0 0 0 31 33 0 0 0 25 
64 6 63 151 116 29 1 52 110 103 78 26 66 165 143 26 0 40 97 101 163 94 147 239 246 
0 69 55 0 67 0 71 63 0 71 0 79 53 0 55 0 66 63 0 69 0 83 67 0 66 
52 29 62 48 36 77 52 107 62 55 21 15 35 19 0 62 49 112 78 49 5 0 37 0 0 
79 0 0 0 52 68 0 0 0 50 91 0 0 0 59 68 0 0 0 51 176 93 78 96 151 
73 127 19 111 76 60 132 0 121 96 43 84 1 107 75 212 242 158 225 179 109 204 94 173 160 
70 87 96 76 62 10 36 39 13 9 0 14 44 0 0 58 69 84 51 45 21 29 55 19 13 
0 0 0 183 49 0 0 0 189 41 35 40 25 202 68 0 0 0 189 51 0 0 0 185 59 
0 0 0 141 14 153 135 120 312 164 0 0 0 158 14 116 121 111 250 110 0 0 0 128 8 
70 177 199 198 76 34 154 184 216 33 78 171 203 177 78 79 259 225 234 133 117 187 244 275 112 
0 0 0 1257 0 0 0 0 1271 0 0 0 0 1268 0 0 0 1 1339 0 0 0 0 1287 0 
195 0 0 0 0 197 13 18 17 20 178 0 0 0 0 196 0 0 0 0 166 0 0 0 0 
101 0 0 0 0 133 0 0 0 0 146 0 0 0 0 116 0 0 0 0 234 96 94 94 109 
297 36 124 110 77 233 0 43 4 7 500 129 222 156 161 522 251 421 297 286 340 62 149 119 103 
9 34 0 0 0 0 48 9 2 17 0 41 0 0 15 0 0 0 0 0 0 22 0 0 25 
0 0 199 0 37 0 0 212 0 25 0 0 205 0 22 0 0 179 0 20 0 0 171 0 24 
65 77 145 117 87 0 0 43 0 0 0 0 65 0 0 0 0 60 0 0 182 220 252 226 210 
4 6 0 70 220 112 124 118 194 341 0 23 0 76 251 0 6 0 76 257 121 142 116 176 308 
8 15 87 9 216 3 0 63 8 170 112 102 173 114 267 130 129 217 152 322 2 3 73 1 187 
61 26 29 67 75 41 0 0 30 59 56 0 0 26 39 58 0 0 35 41 92 45 48 79 85 
0 0 1463 0 0 0 0 1490 0 0 0 0 1362 0 0 0 0 1479 0 0 0 0 1459 0 0 
