798 776 675 684 816 1046 1108 939 960 1003 658 674 574 671 696 953 977 868 957 971 609 582 488 442 542 
172 151 165 159 152 0 0 0 0 0 125 73 123 108 107 0 0 0 0 0 0 0 0 0 0 
136 57 31 181 212 72 0 0 146 151 191 75 38 284 239 69 0 0 122 143 78 4 0 141 128 
107 0 111 121 122 207 64 231 225 231 241 95 246 248 292 206 41 181 161 192 114 0 133 178 171 
173 42 111 153 52 122 10 73 105 0 144 22 88 106 24 131 3 59 117 0 276 172 247 300 161 
111 4 28 0 100 104 0 16 0 118 206 100 100 78 188 158 70 89 56 165 230 113 136 112 269 
0 0 0 0 0 0 0 0 0 0 1026 1026 984 1003 1044 0 0 0 0 0 0 0 0 0 0 
0 0 0 291 0 0 0 1 273 0 126 115 113 412 127 134 121 104 408 138 0 0 0 259 0 
13 8 13 175 5 0 0 0 185 0 37 45 34 179 32 0 0 0 155 0 3 6 3 179 3 
0 0 0 0 0 0 0 0 0 0 0 0 0 0 0 67 70 66 65 82 188 168 151 211 169 
64 83 58 55 152 0 12 0 0 84 0 3 0 0 96 0 4 0 0 94 73 64 72 71 148 
132 144 141 144 151 0 0 0 0 0 0 0 0 0 0 0 0 0 0 0 81 83 63 64 79 
0 0 0 0 0 0 0 0 0 0 0 0 0 0 0 433 430 425 410 423 192 173 181 185 204 
0 198 0 0 83 0 170 0 0 96 127 328 149 133 213 0 182 0 0 93 0 215 0 0 77 
815 0 0 0 0 808 0 0 0 0 802 0 0 0 0 829 0 0 0 0 842 0 0 0 0 
1 8 176 151 178 45 16 200 170 182 114 109 290 248 233 193 183 377 364 335 99 97 271 221 307 
66 101 69 131 57 50 60 47 92 51 0 31 0 39 0 35 79 42 69 35 0 35 0 34 0 
43 7 13 10 22 143 101 112 110 122 33 0 0 0 20 25 0 0 0 23 124 119 108 104 158 
0 0 141 0 0 0 0 138 0 0 0 0 148 0 0 141 128 258 125 123 0 0 147 0 0 
0 64 43 46 0 0 78 43 46 0 35 96 89 97 33 0 70 48 46 0 0 68 55 42 0 
1 2 0 2 150 155 106 126 147 252 146 112 119 121 232 1 4 0 0 119 83 91 95 89 208 
0 0 0 0 0 0 0 0 0 0 0 0 0 0 0 1033 1104 1111 1081 1019 0 0 0 0 0 
0 18 52 139 0 0 17 54 120 0 0 18 47 143 0 0 17 53 141 0 0 16 53 150 0 
64 51 0 0 0 86 70 15 14 14 142 82 38 37 28 94 66 0 0 0 97 89 21 24 29 
79 132 86 176 185 11 55 18 74 92 14 45 28 77 113 0 45 0 66 80 0 37 0 61 78 
119 150 152 92 0 132 156 223 104 2 318 334 405 340 239 127 123 172 99 5 313 285 362 263 173 
89 18 19 84 29 79 0 0 98 0 209 151 136 208 128 74 0 0 92 5 112 49 45 159 42 
107 79 43 44 27 128 84 40 52 30 49 45 12 0 0 82 69 17 11 13 77 47 7 0 0 
0 0 155 63 0 0 0 163 57 0 0 0 200 56 0 0 0 180 50 0 0 0 155 43 0 
115 159 173 119 103 0 53 75 0 0 0 50 65 0 0 33 63 90 32 34 0 44 96 0 0 
63 51 67 66 58 96 114 101 111 98 22 39 42 35 37 0 0 0 0 0 0 0 0 0 0 
0 0 0 169 0 0 0 0 178 0 232 238 231 425 251 0 0 0 177 0 0 0 0 160 0 
0 0 0 0 0 157 153 176 135 151 0 0 0 0 0 0 0 0 0 0 75 58 69 65 88 
115 1 3 70 39 145 49 48 118 104 225 88 86 134 150 88 0 0 60 44 218 78 86 147 124 
0 79 0 0 0 0 75 0 0 0 0 62 0 0 0 111 142 78 113 78 50 123 43 47 49 
0 0 102 0 0 89 89 186 111 110 0 0 94 0 0 8 9 100 4 8 14 14 87 9 16 
263 217 205 277 119 120 104 74 120 0 86 94 60 96 0 265 236 160 272 109 145 135 92 155 9 
0 0 0 0 0 36 40 32 23 27 0 0 0 0 0 80 89 79 82 115 127 122 109 119 164 
0 238 0 210 0 0 191 0 209 0 7 214 5 205 7 0 194 0 200 0 0 208 0 220 0 
0 42 0 128 0 0 53 0 148 1 0 49 0 147 0 76 156 75 224 81 0 61 0 139 0 
0 0 0 0 75 80 73 77 61 144 86 76 75 87 134 0 0 0 0 81 0 0 0 0 89 
91 312 355 58 253 17 222 281 18 190 89 296 359 69 260 103 311 353 99 252 230 379 448 184 322 
0 48 34 0 83 20 67 47 13 93 30 87 92 41 84 0 62 27 0 68 0 62 29 0 73 
112 91 107 110 121 13 0 0 32 0 12 0 0 38 0 17 0 0 44 0 90 68 64 109 82 
69 0 65 0 0 63 0 75 0 0 113 53 107 48 50 99 16 78 13 12 66 0 73 0 0 
0 18 81 0 96 0 12 69 0 107 0 16 74 0 106 0 14 91 0 133 0 13 69 0 101 
29 74 162 98 36 61 82 165 123 61 0 38 121 43 0 49 74 174 125 56 0 26 110 67 0 
0 76 0 0 0 0 81 0 0 0 127 248 119 152 137 0 100 0 0 0 14 86 16 32 26 
0 0 0 75 0 63 70 56 131 87 0 0 0 75 0 0 0 0 84 0 74 67 62 156 67 
49 0 92 48 0 56 0 109 53 0 59 0 93 50 0 46 0 102 54 0 44 0 98 46 0 
100 61 0 39 0 121 91 19 65 26 109 104 0 34 0 146 64 0 48 0 115 68 0 41 0 
0 0 0 0 22 200 194 204 206 220 0 0 0 0 35 0 0 0 0 36 0 0 0 0 36 
115 57 73 141 93 74 47 61 119 95 31 0 0 70 12 43 0 0 56 15 50 14 7 72 36 
30 71 8 6 14 20 58 0 0 0 21 88 0 0 0 156 199 142 137 132 28 91 0 0 0 
0 0 0 21 0 186 170 197 198 164 0 0 0 23 0 0 0 0 22 0 0 0 0 19 0 
71 79 132 139 89 0 0 52 62 0 0 0 74 60 0 0 0 67 53 0 0 0 59 62 0 
63 57 59 48 68 41 0 0 0 11 76 62 48 48 72 30 0 0 0 22 92 49 45 49 60 
0 0 25 0 69 7 6 35 11 89 0 0 33 0 68 9 7 42 8 95 81 75 113 64 151 
604 593 617 645 593 0 0 0 0 0 0 0 0 0 0 0 0 0 0 0 0 0 0 0 0 
65 122 157 83 81 30 91 117 29 30 0 36 81 0 0 0 38 80 0 0 0 46 83 0 0 
0 0 120 0 0 0 0 101 0 0 81 126 217 120 110 0 0 91 0 0 0 0 117 0 0 
120 138 40 66 154 43 48 0 0 99 46 64 0 0 73 46 47 0 0 76 64 45 0 0 92 
0 55 0 26 41 60 127 59 88 104 0 60 0 29 41 0 63 0 41 41 27 71 21 56 65 
9 7 99 5 12 0 0 87 0 0 0 0 83 0 0 35 39 120 27 29 75 78 150 59 85 
0 0 0 55 81 99 88 69 138 192 0 0 0 50 80 0 0 0 44 91 0 0 0 48 79 
123 193 99 88 104 31 134 0 0 0 32 136 11 11 8 26 91 0 0 0 24 95 0 1 0 
67 32 103 40 106 19 0 40 8 66 15 0 43 0 78 20 0 48 11 65 13 0 41 11 71 
51 11 21 0 2 37 0 10 0 0 54 45 55 30 53 91 50 65 26 31 131 100 124 125 109 
49 23 102 33 33 22 0 79 0 0 13 0 66 0 0 18 0 65 0 0 14 0 85 0 7 
0 0 41 14 6 0 7 0 2 0 0 19 0 0 0 0 0 0 0 0 8 0 0 0 0 
0 61 68 0 0 0 69 41 6 0 21 103 80 19 21 31 108 61 40 42 0 61 50 0 0 
26 0 83 0 36 59 43 115 38 75 25 0 78 0 21 29 9 86 0 29 30 0 97 0 22 
0 2139 0 0 0 0 2221 0 0 0 0 2076 0 0 0 0 2148 0 0 0 0 2087 0 0 0 
22 122 110 15 18 87 231 261 97 111 8 115 94 11 0 37 197 137 95 53 7 113 115 7 0 
84 157 121 0 0 63 158 145 0 0 85 161 148 0 0 97 168 154 0 0 81 152 151 0 0 
0 79 0 118 0 84 159 73 167 72 60 144 41 135 58 0 83 0 122 0 0 99 0 108 0 
0 0 0 0 0 1272 1230 1244 1201 1265 0 0 0 0 0 0 0 0 0 0 0 0 0 0 0 
0 0 96 139 0 0 0 80 110 0 0 0 94 144 0 0 0 93 148 0 0 0 85 136 0 
127 41 45 82 37 131 47 45 96 53 78 0 0 37 0 69 0 0 32 0 76 0 0 38 0 
0 115 0 0 78 0 141 0 0 71 0 150 0 0 80 0 124 0 0 64 0 135 0 0 95 
146 265 164 252 104 66 148 20 120 0 273 363 229 374 155 119 245 88 184 43 195 266 215 301 126 
93 81 276 266 75 0 0 194 185 3 102 85 284 277 77 1 0 168 188 2 1 6 193 178 19 
138 115 107 150 253 10 19 5 21 170 14 16 8 23 147 199 207 169 184 340 222 240 238 228 392 
0 69 0 0 0 0 58 0 0 0 0 71 0 0 0 8 71 5 10 2 179 231 177 155 184 
59 24 46 16 57 45 18 34 0 44 53 13 41 0 38 80 18 41 0 48 137 120 115 88 139 
209 71 0 102 0 209 69 0 105 0 210 53 0 110 0 192 63 0 112 0 200 50 0 111 0 
55 0 0 0 0 62 0 0 0 0 64 0 0 0 0 202 133 145 146 141 52 0 0 0 0 
0 0 1461 0 0 0 0 1488 0 0 0 0 1368 0 0 0 0 1485 0 0 0 0 1453 0 0 
77 5 11 52 23 122 72 58 113 79 110 75 75 101 99 73 26 26 80 36 69 0 4 37 12 
138 142 128 106 211 0 0 9 0 50 79 83 89 79 136 0 0 20 0 55 0 0 11 0 61 
49 95 0 133 0 157 202 109 236 94 128 145 97 247 96 59 88 0 124 0 44 79 0 121 0 
100 100 112 108 138 96 76 89 71 105 0 29 0 0 48 0 16 0 0 31 59 73 68 54 102 
0 66 0 0 0 29 118 33 33 29 38 134 34 29 31 27 120 23 29 37 38 129 40 38 50 
33 11 41 34 0 103 71 112 112 63 43 21 47 37 0 47 9 44 35 0 41 20 37 39 0 
151 0 0 0 0 139 0 0 0 0 240 76 111 110 113 126 0 0 0 0 153 0 0 0 0 
0 0 0 0 839 0 0 0 0 796 0 0 0 0 840 0 0 0 0 829 0 0 0 0 777 
122 131 0 171 59 135 118 1 182 67 184 191 58 259 123 125 123 2 185 94 149 184 0 226 73 
135 0 0 0 0 265 99 92 81 78 152 0 0 0 0 154 0 0 0 0 149 0 0 0 0 
0 0 0 0 0 79 63 74 77 78 0 0 0 0 0 159 126 152 163 145 0 0 0 0 0 
0 22 0 147 0 34 56 46 189 32 0 19 0 132 0 0 16 0 139 0 0 22 0 162 0 
108 84 132 180 187 72 0 87 80 78 47 8 89 88 74 112 76 137 147 159 25 2 68 73 53 
44 50 59 137 112 31 24 33 83 76 0 0 0 84 59 0 0 0 51 55 7 10 9 79 55 
0 9 63 0 0 82 100 174 83 83 0 10 75 0 0 55 74 170 57 60 0 6 65 0 0 
201 15 194 0 0 206 11 174 0 0 200 9 188 4 0 176 8 186 0 0 213 25 183 10 10 
320 84 325 148 205 331 145 352 189 229 373 154 378 204 264 227 24 185 57 124 198 49 224 53 105 
69 161 73 87 73 0 92 0 30 0 19 136 30 38 29 0 113 0 17 0 0 78 0 22 0 
0 0 33 0 58 35 46 78 44 113 55 74 89 53 121 0 0 33 0 61 0 0 49 0 58 
0 0 19 0 206 0 0 19 0 206 0 0 37 0 190 0 0 30 0 204 0 0 27 0 206 
0 0 0 50 0 0 0 0 59 0 54 59 45 140 45 0 0 0 59 0 85 78 82 158 86 
87 0 0 94 0 109 0 0 111 0 99 0 0 89 0 92 0 0 113 0 97 0 0 109 0 
0 35 87 77 3 116 188 188 185 104 145 216 230 208 130 18 69 110 99 21 68 110 117 138 44 
115 148 139 116 255 0 0 0 0 81 0 0 0 0 80 21 26 28 21 128 0 0 0 0 89 
141 257 156 155 161 0 140 0 0 0 93 213 86 104 91 2 120 0 0 13 88 230 74 72 89 
140 129 79 77 78 77 42 0 0 0 85 49 4 1 7 65 47 0 0 0 72 58 0 0 0 
0 118 0 0 0 41 169 69 65 68 0 132 0 0 1 74 202 94 99 69 0 115 0 1 0 
0 0 0 0 0 0 0 0 0 0 0 0 0 0 0 0 0 0 0 0 424 398 433 415 383 
0 0 37 0 0 72 79 92 75 87 0 0 31 0 0 77 75 85 59 79 19 25 59 22 25 
8 15 16 17 52 0 0 0 0 36 80 78 71 69 99 0 0 0 0 33 68 98 78 76 105 
0 0 0 132 0 0 0 0 122 0 0 0 0 147 0 0 0 0 147 0 83 81 86 215 83 
0 60 0 29 67 0 57 0 36 75 0 50 0 33 88 0 58 0 27 70 15 76 25 53 109 
0 110 0 0 0 0 107 0 0 0 0 102 0 0 0 0 94 0 0 0 97 181 98 105 92 
0 0 0 22 0 75 62 80 78 84 60 28 61 52 56 0 0 0 13 0 108 109 112 130 103 
0 0 122 57 0 43 45 162 107 51 0 0 106 39 0 0 0 91 38 0 0 0 129 36 0 
59 0 0 0 0 126 62 61 76 69 99 20 18 20 15 131 47 46 52 41 57 0 0 0 0 
83 34 33 101 37 39 0 0 81 0 48 0 0 75 0 83 35 30 111 32 55 0 0 74 0 
0 0 53 40 0 0 0 47 39 0 100 99 135 129 97 0 0 50 43 0 0 0 56 41 0 
37 0 0 82 117 99 79 72 126 194 25 2 0 69 95 58 26 18 79 111 39 32 49 92 113 
3 6 55 113 7 0 0 55 82 0 51 44 120 139 48 33 49 82 143 44 0 0 52 89 0 
66 5 51 49 13 48 5 39 56 17 149 95 140 146 104 85 21 54 63 24 63 2 49 48 3 
42 0 62 0 64 41 0 64 0 56 26 0 73 0 77 96 50 115 69 110 31 0 57 0 58 
106 34 168 94 62 72 6 138 81 34 70 1 115 36 9 154 50 203 124 107 118 31 210 67 70 
0 93 162 27 122 158 201 320 163 285 33 123 204 44 164 0 31 181 0 130 84 138 230 100 229 
19 22 23 57 52 41 38 36 77 74 0 0 0 31 30 0 0 0 22 18 76 90 93 128 101 
18 31 1 83 0 30 47 0 104 0 77 72 39 131 52 24 37 0 104 0 40 32 0 81 0 
0 0 52 0 0 165 148 224 147 181 0 0 58 0 0 0 0 73 0 0 0 0 68 0 0 
17 11 1 0 83 19 1 0 4 86 67 84 61 59 173 28 28 18 12 96 122 160 139 136 196 
62 9 7 5 22 94 61 72 71 70 98 82 79 104 93 42 0 3 0 14 39 9 16 6 23 
18 92 65 15 29 0 81 62 5 6 0 67 39 0 18 0 73 47 5 12 43 116 93 38 76 
153 200 101 101 106 86 66 48 22 21 38 51 19 0 0 44 56 15 0 0 30 47 14 0 0 
104 0 0 4 0 97 0 0 0 0 112 0 0 8 0 120 0 0 0 0 145 18 27 57 35 
80 88 15 17 20 62 48 0 0 0 60 80 10 0 13 71 82 33 37 47 92 94 51 28 47 
38 76 43 71 29 0 62 9 41 16 2 50 11 46 18 0 43 13 31 13 39 104 64 97 78 
0 0 56 27 11 0 0 45 37 3 0 0 44 40 6 44 52 124 93 62 56 51 99 93 65 
29 38 24 22 31 0 0 0 0 0 71 59 56 62 55 0 0 0 0 0 120 107 98 114 110 
48 40 39 38 44 0 0 17 0 0 0 0 25 0 0 52 46 91 62 51 132 98 146 137 121 
40 42 108 55 49 3 0 53 0 10 62 52 132 55 49 0 0 47 4 0 0 1 55 17 0 
0 0 179 32 0 0 0 141 23 0 19 20 156 37 18 0 0 165 23 0 0 0 162 23 0 
47 80 0 0 0 84 126 42 44 34 82 130 20 17 10 88 137 45 48 51 39 77 0 0 0 
97 122 73 63 70 18 46 4 0 0 83 150 70 56 59 41 79 32 21 16 24 67 0 0 0 
0 115 110 165 0 0 127 120 164 0 0 108 124 170 0 0 111 116 156 0 0 126 117 169 0 
13 0 0 145 0 9 0 0 106 0 92 69 92 204 86 12 0 0 103 0 20 1 1 112 0 
54 80 52 51 72 2 50 8 4 34 45 79 42 33 65 7 37 0 0 35 0 53 7 6 33 
136 148 31 53 109 180 244 92 86 169 150 176 68 84 120 64 81 2 4 46 239 288 101 141 161 
76 186 156 105 106 5 40 65 14 4 39 84 107 46 40 29 80 66 14 25 0 69 58 0 0 
6 32 11 12 75 13 34 30 3 118 2 17 18 5 62 64 85 75 52 168 29 47 38 35 102 
724 550 549 422 489 486 255 311 238 253 512 360 368 237 323 400 229 233 127 215 572 392 448 383 399 
91 69 1 4 0 173 155 71 77 82 70 86 0 0 0 96 100 20 18 17 65 58 0 0 0 
197 336 137 158 148 290 433 170 266 205 167 311 89 158 94 45 192 0 40 0 110 223 69 108 37 
0 0 0 0 59 0 0 0 0 66 0 0 0 0 87 0 0 0 0 63 150 177 167 177 215 
88 7 45 0 19 155 25 72 37 38 154 72 119 58 63 186 97 161 100 109 155 40 62 24 34 
150 0 0 54 0 156 0 0 55 0 141 0 0 40 0 168 0 0 46 0 149 0 0 41 0 
159 112 136 227 105 34 0 81 112 0 91 47 121 175 61 56 0 99 92 23 47 0 82 80 2 
66 115 91 163 168 2 9 5 87 49 0 17 5 75 60 0 10 11 83 56 27 37 28 102 63 
120 146 80 62 0 204 191 152 113 100 110 119 78 31 1 242 211 188 124 120 145 165 126 40 51 
58 130 51 57 53 0 55 0 0 0 6 80 4 5 4 0 64 0 0 0 76 154 62 76 65 
0 0 0 18 0 0 0 0 20 0 0 0 0 20 0 0 0 0 20 0 175 189 220 221 210 
37 0 0 23 35 100 88 75 87 97 32 0 0 17 31 36 0 0 2 34 30 0 0 2 28 
51 3 42 101 89 24 2 33 103 71 65 23 53 126 114 23 0 36 99 85 132 84 124 198 205 
0 87 71 0 76 0 93 74 0 83 0 96 63 0 65 0 85 71 0 82 0 105 78 0 76 
47 23 56 40 33 74 55 94 56 55 23 17 36 20 13 57 45 104 71 50 9 0 33 0 0 
84 0 0 0 53 70 0 0 0 50 94 0 0 0 60 69 0 0 0 52 195 90 81 99 154 
76 122 10 129 90 63 144 17 140 113 50 92 0 121 72 199 252 156 263 189 124 210 92 198 162 
70 87 95 76 60 10 36 37 13 8 0 13 39 0 0 58 69 84 51 43 21 29 51 19 12 
0 0 0 190 45 0 0 0 187 33 34 37 19 188 61 0 0 0 190 37 0 0 0 162 60 
0 0 0 142 14 153 137 126 320 170 0 0 0 167 15 116 124 124 252 113 0 0 0 140 8 
73 165 186 194 75 33 135 155 198 36 79 162 170 177 93 75 226 214 265 110 114 182 207 265 111 
0 0 0 1285 0 0 2 0 1291 0 0 0 0 1295 0 0 4 2 1351 3 0 0 0 1293 0 
195 0 0 0 0 197 13 18 17 20 178 0 0 0 0 197 0 0 0 0 166 0 0 0 0 
92 0 0 0 0 117 0 0 0 0 122 0 0 0 0 102 0 0 0 0 206 88 85 88 99 
302 30 98 61 51 212 0 36 2 1 377 120 159 116 137 471 253 308 266 267 298 59 87 70 108 
6 28 0 1 0 0 58 0 0 25 0 39 0 0 14 3 0 7 0 3 0 31 0 0 24 
52 85 141 109 104 0 0 39 0 0 0 0 69 0 0 0 0 61 0 0 233 229 265 253 224 
4 13 2 69 203 112 128 121 215 328 1 32 1 85 237 0 8 0 84 239 115 136 116 182 300 
13 17 94 8 223 5 2 57 6 164 108 98 181 100 273 139 143 217 155 328 2 7 64 4 185 
160 294 336 282 121 167 238 324 223 94 147 253 288 229 135 78 203 239 120 34 68 215 261 164 33 
0 0 217 0 41 0 0 237 0 30 0 0 221 0 30 0 0 204 0 27 0 0 188 0 27 
0 0 0 37 0 76 68 49 102 57 0 0 0 23 0 47 49 63 93 53 44 51 44 97 39 
0 0 53 61 0 72 48 101 96 63 0 0 37 41 0 55 52 107 86 50 40 31 83 71 28 
64 28 28 69 74 41 0 0 28 61 54 0 0 26 36 56 0 0 35 38 92 45 47 80 82 
