1012 900 869 864 967 1203 1104 1124 1112 1214 845 755 763 816 928 1118 1002 1052 1101 1166 753 578 568 556 776 
204 175 201 194 184 0 0 0 0 0 141 84 133 118 104 0 0 0 0 0 0 0 0 0 0 
132 50 32 239 265 101 0 0 155 184 205 59 33 266 292 78 1 0 110 165 90 0 0 201 186 
334 40 149 131 71 231 0 52 9 4 447 131 225 156 150 512 255 383 334 287 317 48 141 93 80 
0 0 61 85 1 88 60 131 136 91 0 4 73 63 4 90 69 146 134 83 66 40 103 109 38 
163 49 143 147 27 128 16 110 138 0 133 16 96 129 17 137 4 76 137 0 303 194 285 322 190 
94 9 17 0 98 108 10 15 0 120 211 97 99 87 204 178 79 105 61 166 236 115 126 110 244 
0 0 0 0 0 0 0 0 0 0 1042 1043 990 1021 1056 0 0 0 0 0 0 0 0 0 0 
0 0 0 303 0 0 0 3 276 1 127 129 107 411 123 131 123 100 432 146 0 0 0 263 0 
15 8 17 189 7 0 0 0 193 0 40 47 40 181 34 0 0 0 164 0 4 8 4 182 3 
0 0 0 0 0 0 0 0 0 0 0 0 0 0 0 66 74 65 68 80 203 163 167 200 164 
68 85 64 51 152 0 9 0 0 92 0 3 0 0 95 0 7 0 0 92 69 69 70 68 150 
148 160 160 159 177 0 0 0 0 0 0 0 0 0 0 0 0 0 0 0 89 92 72 74 90 
0 0 0 0 0 0 0 0 0 0 0 0 0 0 0 436 429 420 410 420 189 180 180 186 203 
0 201 0 0 83 0 165 0 0 96 127 333 153 133 212 0 190 0 0 100 0 219 0 0 75 
821 0 0 0 0 809 0 0 0 0 808 0 0 0 0 839 0 0 0 0 845 0 0 0 0 
35 17 199 135 130 60 19 172 139 143 125 113 271 193 193 197 184 359 306 285 152 86 261 225 285 
95 152 99 161 92 71 90 82 120 78 0 44 0 53 0 45 114 60 96 59 0 56 0 36 0 
34 13 14 7 19 132 101 107 106 113 32 0 0 0 21 29 2 0 0 32 127 105 88 101 132 
0 0 125 0 0 0 0 118 0 0 0 0 132 0 0 130 110 232 115 129 0 0 147 0 0 
0 77 47 48 0 0 93 54 56 0 37 109 112 103 36 0 82 58 56 0 0 79 64 45 0 
0 1 0 0 142 131 119 123 146 241 132 118 106 111 226 0 1 0 0 125 75 100 112 90 205 
0 0 0 0 0 0 0 0 0 0 0 0 0 0 0 1028 1122 1116 1076 1026 0 0 0 0 0 
0 19 56 150 0 0 20 54 127 0 0 18 50 163 0 0 18 60 155 0 0 15 56 167 0 
64 48 0 0 0 81 69 17 18 14 137 86 33 40 27 87 63 0 0 0 105 92 25 26 30 
58 97 62 129 128 6 34 16 54 57 11 36 18 69 69 0 35 0 48 57 0 33 0 54 57 
101 119 135 66 0 93 129 176 86 1 278 310 328 285 194 134 136 159 91 4 246 227 287 226 122 
89 21 22 114 28 83 0 0 121 0 227 160 146 237 133 79 0 0 111 0 119 52 54 187 42 
132 115 56 55 41 164 118 64 68 33 64 67 15 0 0 108 94 20 15 15 96 57 13 0 0 
0 0 137 56 0 0 0 148 52 0 0 0 181 52 0 0 0 160 43 0 0 0 137 42 0 
136 167 182 126 116 0 57 82 0 0 0 46 70 0 0 42 66 101 32 34 0 40 101 0 0 
75 58 77 72 64 111 127 115 124 110 27 45 48 40 42 0 0 0 0 0 0 0 0 0 0 
0 0 0 166 0 0 0 0 174 0 230 234 222 410 242 0 0 0 172 0 0 0 0 156 0 
0 0 0 0 0 169 159 193 148 156 0 0 0 0 0 0 0 0 0 0 79 61 80 74 90 
112 0 0 70 44 119 30 46 112 95 221 78 94 158 157 70 0 0 65 31 174 58 78 147 107 
0 75 0 0 0 0 72 0 0 0 0 57 0 0 0 101 137 74 111 74 48 117 42 46 46 
0 0 99 0 0 92 89 188 113 112 0 0 97 0 0 8 10 99 4 9 15 13 86 10 15 
279 224 211 290 119 136 101 86 137 1 97 102 63 108 0 289 247 171 315 122 148 131 94 163 2 
0 0 0 0 0 33 41 30 20 22 0 0 0 0 0 68 80 77 75 102 104 109 114 107 145 
0 233 0 206 0 0 187 0 198 0 8 214 6 207 7 0 190 0 202 0 0 208 0 211 0 
0 43 0 128 0 0 50 0 140 0 0 51 0 139 0 66 153 70 210 76 0 57 0 137 0 
0 0 0 0 68 74 65 71 56 124 79 67 67 76 116 0 0 0 0 69 0 0 0 0 72 
71 305 370 32 235 32 234 292 10 157 56 287 370 47 219 115 331 340 119 255 204 380 411 147 306 
0 48 35 0 85 22 67 50 12 94 32 85 94 40 87 0 61 27 0 72 0 62 30 0 75 
104 96 108 129 111 14 0 0 34 0 14 0 0 38 0 19 0 0 42 0 86 64 61 104 81 
72 0 69 0 0 67 0 78 0 0 122 56 112 48 50 106 18 81 13 12 73 0 74 0 0 
0 18 81 0 96 0 12 68 0 108 0 16 74 0 106 0 14 91 0 134 0 13 67 0 101 
21 71 158 88 22 54 71 159 113 56 0 38 121 38 0 37 77 165 115 51 0 25 110 64 0 
0 57 0 0 0 0 66 0 0 0 110 214 102 126 115 0 86 0 0 0 15 76 17 22 24 
0 0 0 79 0 67 76 53 140 90 0 0 0 85 0 0 0 0 89 0 74 72 64 166 68 
51 0 101 52 0 63 0 117 60 0 66 0 104 53 0 50 0 114 59 0 46 0 108 49 0 
84 55 0 35 0 129 89 19 53 29 111 95 0 32 0 127 67 0 48 0 104 77 0 40 0 
0 0 0 0 26 194 192 195 200 227 0 0 0 0 36 0 0 0 0 32 0 0 0 0 37 
90 48 60 112 79 58 37 50 96 68 21 0 0 53 8 28 0 0 49 12 34 12 8 57 27 
31 75 9 6 11 21 55 0 0 0 21 84 0 0 0 165 205 150 131 125 29 86 0 0 0 
0 0 0 21 0 184 167 196 196 165 0 0 0 23 0 0 0 0 22 0 0 0 0 19 0 
75 83 135 139 91 0 0 53 63 0 0 0 75 62 0 0 0 69 54 0 0 0 58 63 0 
82 65 73 65 86 62 0 0 0 10 91 72 65 57 87 33 0 0 0 22 108 52 56 56 67 
0 0 25 0 69 9 6 36 12 89 0 0 34 0 70 10 7 43 8 95 81 75 114 63 153 
590 595 611 644 592 0 0 0 0 0 0 0 0 0 0 0 0 0 0 0 0 0 0 0 0 
71 136 165 83 92 36 97 118 37 29 0 37 83 0 0 0 42 84 0 0 0 44 86 0 0 
0 0 110 0 0 0 0 91 0 0 76 114 207 112 101 0 0 85 0 0 0 0 104 0 0 
111 126 40 59 143 45 44 0 0 97 44 67 0 0 64 45 43 0 0 79 68 44 0 0 88 
0 50 0 23 36 64 123 62 81 100 0 64 0 29 40 0 58 0 41 42 28 69 22 55 68 
9 7 99 5 12 0 0 87 0 0 0 0 83 0 0 36 39 120 27 29 75 78 149 59 85 
0 0 0 55 79 96 95 71 132 178 0 0 0 57 82 0 0 0 39 94 0 0 0 51 80 
114 185 91 82 93 26 139 0 0 0 33 126 6 6 8 26 84 0 0 0 27 92 0 3 0 
75 31 101 35 100 16 0 44 1 66 17 0 35 0 79 21 0 55 3 64 12 0 33 8 71 
47 0 1 0 2 50 1 5 0 0 51 44 33 28 60 96 33 50 40 42 172 107 118 141 125 
51 27 110 40 37 15 0 77 0 0 12 0 72 0 0 19 0 64 0 0 47 23 95 14 16 
87 65 89 44 52 33 26 31 0 11 56 62 52 24 41 44 25 34 0 10 36 30 33 0 10 
0 62 61 0 0 0 68 44 0 0 20 102 70 21 20 32 109 61 40 42 0 62 50 0 0 
14 1 0 2 0 12 52 10 0 4 0 23 0 0 6 17 0 0 0 0 0 19 0 0 0 
30 0 91 0 45 64 43 124 39 80 25 0 85 0 29 37 10 99 5 36 31 0 99 0 28 
0 2113 0 0 0 0 2170 0 0 0 0 2037 0 0 0 0 2122 0 0 0 0 2045 0 0 0 
18 113 103 14 11 67 170 177 77 72 0 117 84 2 0 30 168 126 58 50 0 127 77 0 0 
52 87 75 0 0 50 103 86 0 0 70 95 96 0 0 61 113 81 0 0 54 101 93 0 0 
0 114 0 149 0 124 257 94 269 100 117 230 47 252 75 0 114 0 178 0 0 142 0 132 0 
68 85 136 111 102 0 0 41 0 0 0 0 72 0 0 1 0 62 0 0 191 226 257 223 220 
0 0 0 0 0 1262 1218 1211 1184 1243 0 0 0 0 0 0 0 0 0 0 0 0 0 0 0 
0 0 81 124 0 0 0 75 102 0 0 0 81 121 0 0 0 81 121 0 0 0 72 126 0 
213 62 64 105 56 200 65 72 154 70 102 0 0 46 0 124 0 0 53 0 122 0 0 56 0 
0 117 0 0 75 0 139 0 0 67 0 153 0 0 84 0 128 0 0 66 0 140 0 0 95 
179 301 187 250 117 76 157 67 115 4 251 359 262 321 153 150 297 161 218 77 217 314 292 319 167 
95 76 292 281 95 0 0 191 193 0 125 104 285 314 106 0 0 156 189 9 9 8 198 179 9 
157 135 120 179 267 9 31 4 5 170 12 23 14 8 171 232 242 186 207 376 233 275 263 255 418 
0 68 0 0 0 0 55 0 0 0 0 69 0 0 0 6 68 6 7 2 181 221 187 166 187 
71 28 50 11 60 53 15 24 0 54 50 8 34 0 35 82 10 30 0 50 159 145 131 101 148 
201 73 0 101 0 204 65 0 102 0 203 56 0 104 0 190 59 0 108 0 211 60 0 118 0 
55 0 0 0 0 62 0 0 0 0 63 0 0 0 0 202 133 145 147 141 52 0 0 0 0 
117 239 263 176 62 129 223 275 169 56 143 247 282 164 114 73 176 231 108 10 68 193 251 156 34 
96 7 10 76 28 139 79 63 117 88 128 87 78 129 111 90 26 22 72 45 63 0 0 36 10 
110 122 133 82 193 0 0 6 0 49 59 73 81 69 124 0 0 15 0 50 0 0 12 0 64 
45 87 0 120 0 142 183 99 210 86 113 130 88 212 88 55 78 0 110 0 39 72 0 111 0 
110 124 127 128 194 113 118 107 99 153 0 34 0 0 57 0 24 0 0 54 70 109 93 86 133 
0 87 0 0 0 37 162 49 41 42 51 159 42 47 42 35 150 35 37 45 54 150 58 42 65 
31 11 40 25 0 98 71 112 104 62 37 21 47 27 0 43 9 44 22 0 33 20 37 26 0 
2 16 0 74 202 117 123 115 204 343 0 29 2 73 237 0 16 3 79 243 114 137 112 175 288 
11 9 82 6 221 4 0 69 8 163 108 94 172 111 271 135 131 214 165 313 4 0 68 2 184 
160 0 0 0 0 147 0 0 0 0 251 82 109 122 113 132 0 0 0 0 141 0 0 0 0 
0 0 0 0 854 0 0 0 0 807 0 0 0 0 861 0 0 0 0 838 0 0 0 0 785 
137 109 1 191 78 143 131 1 198 94 196 199 55 254 124 122 114 2 187 76 132 149 0 219 65 
131 0 0 0 0 261 92 87 82 77 164 0 0 0 0 150 0 0 0 0 147 0 0 0 0 
0 0 0 0 0 74 56 72 64 71 0 0 0 0 0 146 124 141 146 143 0 0 0 0 0 
0 22 0 165 0 34 60 48 204 37 0 20 0 146 0 0 17 0 151 0 0 23 0 168 0 
83 46 82 99 123 39 0 48 50 28 20 0 49 66 47 77 46 99 110 103 13 0 43 56 20 
44 50 57 133 113 27 22 32 81 76 0 0 0 78 55 0 0 0 50 51 7 10 9 78 54 
0 10 61 0 0 76 97 170 84 88 0 9 70 0 0 55 80 162 53 59 0 6 57 0 0 
111 0 110 0 0 101 0 84 0 0 91 0 100 3 0 69 0 99 0 0 108 11 86 10 10 
286 119 323 118 218 347 181 460 180 263 358 171 430 191 252 191 34 252 51 169 229 71 289 36 144 
65 152 69 83 66 0 86 0 27 0 17 128 28 34 27 0 104 0 17 0 0 75 0 22 0 
0 0 39 0 68 52 63 91 54 137 84 91 114 64 151 0 0 35 0 73 0 0 57 0 73 
0 0 20 0 229 0 0 17 0 196 0 0 30 0 182 0 0 25 0 205 0 0 26 0 197 
0 0 0 58 0 0 0 0 72 0 62 66 48 160 49 0 0 0 65 0 108 96 100 187 103 
89 0 0 101 0 114 0 0 119 0 104 0 0 99 0 96 0 0 126 0 105 0 0 118 0 
9 52 83 51 1 97 167 191 193 120 165 231 238 213 173 8 69 117 87 23 63 121 127 132 40 
116 153 134 118 268 0 0 0 0 93 0 0 0 0 80 25 24 30 28 134 0 0 0 0 85 
145 260 160 136 160 0 134 0 0 0 102 223 97 94 89 1 116 1 0 5 114 244 109 87 118 
135 122 76 78 77 75 41 0 0 0 85 43 4 3 8 62 45 0 0 0 68 54 0 0 0 
0 105 0 0 0 32 142 42 47 53 0 118 0 0 0 58 166 73 69 57 0 102 0 0 0 
0 0 0 0 0 0 0 0 0 0 0 0 0 0 0 0 0 0 0 0 468 442 492 474 437 
0 0 37 0 0 73 79 92 75 87 0 0 31 0 0 77 75 85 59 79 19 25 59 22 26 
8 15 16 17 54 0 0 0 0 37 81 79 72 69 102 0 0 0 0 33 69 100 79 76 110 
0 0 0 143 0 0 0 0 126 0 0 0 0 156 0 0 0 0 161 0 91 77 90 226 93 
0 67 0 33 71 0 64 0 39 76 0 56 0 34 91 0 58 0 29 71 18 78 25 56 113 
0 112 0 0 0 0 108 0 0 0 0 106 0 0 0 0 96 0 0 0 97 185 99 105 92 
0 0 0 58 0 78 52 82 80 76 38 0 62 73 58 0 0 0 26 0 99 92 98 149 96 
0 0 124 57 0 44 45 162 110 50 0 0 106 40 0 0 0 93 39 0 0 0 131 35 0 
12 28 0 0 0 0 55 0 0 20 0 50 0 0 21 0 0 0 0 0 0 37 4 0 29 
59 0 0 0 0 127 62 61 76 69 99 20 18 20 15 131 47 46 53 41 58 0 0 0 0 
83 35 33 111 37 39 0 0 90 0 48 0 0 85 0 80 31 23 115 25 55 0 0 83 0 
0 0 63 43 0 0 0 55 43 0 100 99 148 132 97 0 0 62 47 0 0 0 67 42 0 
31 0 0 75 121 94 76 88 136 203 38 3 12 109 133 65 25 33 97 112 36 38 56 97 127 
3 12 54 109 10 0 0 61 107 0 59 39 132 146 60 31 54 95 154 47 0 0 53 93 0 
64 2 49 48 11 47 3 41 58 16 155 77 135 131 94 77 24 48 51 11 58 0 49 47 0 
39 0 54 0 55 38 0 56 0 51 26 0 66 0 70 88 49 103 63 103 30 0 55 0 53 
74 21 185 94 50 65 13 160 79 35 64 0 154 43 17 149 57 240 132 118 95 29 212 72 66 
14 84 138 29 99 135 188 275 119 228 38 114 185 57 152 0 49 152 1 108 75 133 202 114 196 
23 27 27 71 57 46 50 44 96 90 0 0 0 41 36 0 0 0 28 20 96 112 113 151 120 
18 30 0 83 0 28 46 0 103 0 76 71 39 127 53 25 37 0 103 0 40 33 0 77 0 
0 0 59 0 0 165 147 221 155 181 0 0 68 0 0 0 0 75 0 0 0 0 72 0 0 
9 8 0 0 72 14 2 0 0 65 58 67 54 39 132 21 21 17 11 78 93 120 90 91 141 
59 11 10 5 20 86 60 61 63 64 94 73 78 87 83 39 0 4 0 10 34 11 14 7 21 
20 96 74 15 29 0 92 77 5 8 0 72 43 0 18 0 82 47 6 11 48 129 99 40 82 
172 209 104 109 115 83 64 43 25 23 42 51 19 0 0 46 49 18 0 0 36 45 15 0 0 
95 0 0 8 0 83 0 0 15 0 99 0 0 24 0 100 0 0 0 0 122 15 23 41 29 
60 77 13 19 19 45 44 0 0 3 45 63 12 3 11 51 69 31 31 40 73 74 45 27 43 
37 75 41 68 25 0 61 9 41 16 0 49 10 46 17 0 43 9 29 13 38 103 59 95 76 
0 0 56 27 11 0 0 45 34 1 0 0 44 40 5 43 53 122 94 58 54 50 99 93 63 
28 38 26 22 31 0 0 0 0 0 71 59 57 62 55 0 0 0 0 0 120 107 99 114 110 
49 28 34 34 43 0 0 13 0 0 0 0 19 0 0 50 43 89 57 45 117 99 137 151 113 
36 44 107 50 54 4 4 63 13 17 59 53 129 53 56 0 0 51 0 0 0 5 61 22 11 
0 0 180 32 0 0 0 141 23 0 19 20 156 37 18 0 0 166 23 0 0 0 162 23 0 
43 118 0 0 0 101 163 64 49 61 101 189 29 22 21 109 186 58 66 59 37 109 0 0 0 
51 2 63 82 85 133 65 156 157 165 125 75 145 171 201 126 49 92 104 151 71 7 77 128 111 
111 138 87 68 89 14 63 4 0 0 90 169 82 60 80 45 92 34 17 21 27 71 0 0 0 
0 116 108 164 0 0 129 120 166 0 0 108 119 169 0 0 117 114 160 0 0 127 117 167 0 
9 0 0 130 0 8 0 0 95 0 90 65 86 186 83 8 0 0 98 0 19 0 1 104 0 
50 67 38 32 55 0 48 0 0 23 51 82 44 40 67 7 39 0 0 31 2 60 0 2 28 
85 126 27 53 84 153 217 88 86 176 105 147 66 74 113 67 93 4 23 55 185 263 103 131 168 
71 195 125 94 101 6 43 69 13 1 37 81 102 33 34 20 96 64 11 24 0 66 55 0 0 
3 19 12 0 75 6 28 25 0 102 1 15 15 4 49 55 81 72 52 146 28 38 38 19 105 
611 491 447 385 451 410 264 207 192 214 440 365 276 205 264 353 198 126 67 166 550 401 369 342 358 
107 74 0 6 0 182 181 94 82 82 75 95 0 0 0 116 103 26 16 18 73 72 0 0 0 
160 311 110 144 112 260 388 156 247 187 118 284 79 154 74 43 200 2 48 0 85 202 33 71 30 
0 0 0 0 56 0 0 0 0 67 0 0 0 0 73 0 0 0 0 59 151 169 158 164 200 
70 4 31 0 13 108 19 54 32 33 119 49 84 54 52 132 78 112 61 84 115 24 41 19 29 
150 0 0 54 0 156 0 0 55 0 141 0 0 40 0 168 0 0 46 0 149 0 0 41 0 
122 116 133 212 99 30 3 68 112 0 67 44 115 168 58 36 5 86 88 21 38 0 77 78 0 
56 89 63 155 128 0 8 5 79 41 0 13 5 53 46 0 11 8 67 44 27 36 23 91 51 
127 133 97 52 36 197 184 159 124 128 111 98 77 43 27 240 186 194 134 136 146 170 132 39 71 
58 130 50 57 53 0 55 0 0 0 6 80 3 5 3 0 64 0 0 0 76 154 62 76 65 
0 0 0 18 0 0 0 0 25 0 0 0 0 19 0 0 0 0 22 0 182 193 219 226 224 
40 0 0 27 38 117 87 76 99 104 50 0 0 25 39 40 0 0 14 43 45 0 0 23 33 
41 5 66 124 97 15 2 28 96 92 66 31 54 141 115 22 0 37 100 105 120 91 133 198 217 
0 73 63 0 74 0 77 72 0 76 0 85 60 0 58 0 73 72 0 74 0 94 68 0 70 
54 23 64 39 35 74 55 111 61 55 26 19 41 21 13 59 55 110 78 48 7 0 36 0 0 
82 0 0 0 56 77 0 0 0 50 94 0 0 0 59 68 0 0 0 50 182 93 80 94 159 
78 122 6 109 107 72 152 12 112 118 35 68 0 106 61 189 235 141 237 177 121 192 100 170 145 
74 93 108 77 64 10 38 41 14 9 0 15 47 0 0 63 76 91 56 47 23 31 59 19 13 
0 0 0 147 37 0 0 0 173 30 27 28 16 170 55 0 0 0 158 35 0 0 0 139 41 
0 0 198 0 36 0 0 237 0 28 0 0 208 0 22 0 0 196 0 20 0 0 199 0 25 
0 0 0 142 13 149 129 121 314 167 0 0 0 161 13 113 118 112 251 109 1 0 0 129 8 
29 96 134 174 54 5 59 81 141 9 53 113 123 172 59 27 118 141 155 54 55 105 116 183 43 
0 0 0 1257 0 0 0 0 1240 0 0 0 0 1257 0 0 0 2 1335 1 0 0 0 1268 0 
195 0 0 0 0 197 13 18 17 20 178 0 0 0 0 196 0 0 0 0 166 0 0 0 0 
92 0 0 0 0 117 0 0 0 0 122 0 0 0 0 102 0 0 0 0 206 88 85 89 99 
105 19 92 0 0 116 11 103 0 0 124 9 96 0 0 122 12 104 0 0 117 14 116 0 0 
0 0 0 40 0 80 65 49 107 60 0 0 0 23 0 48 50 66 94 52 47 50 46 104 41 
0 0 1466 0 0 0 0 1480 0 0 0 0 1378 0 0 0 0 1476 0 0 0 0 1448 0 0 
