777 831 619 610 761 1003 1072 860 927 1000 615 679 572 605 731 952 969 815 948 987 601 581 431 395 589 
190 151 189 175 167 0 0 0 0 0 125 81 130 116 114 0 0 0 0 0 0 1 0 0 0 
119 41 35 195 215 112 0 0 176 151 143 58 22 262 272 67 0 0 110 142 60 0 0 138 131 
170 6 139 180 200 243 79 241 259 257 306 158 294 346 387 261 63 190 244 255 163 1 148 226 192 
143 43 94 124 39 119 6 67 91 0 118 25 61 88 20 111 0 39 96 2 257 148 225 260 151 
115 6 25 0 103 108 6 23 0 118 205 103 116 88 183 170 72 94 57 154 240 117 139 105 256 
0 0 0 0 0 0 0 0 0 0 1021 1031 977 1001 1046 0 0 0 0 0 0 0 0 0 0 
0 0 0 285 0 1 0 0 273 0 130 133 111 424 131 124 134 107 421 144 0 0 0 253 0 
16 8 15 182 3 0 0 0 184 0 40 48 38 188 35 0 0 0 158 0 3 6 3 186 0 
0 0 0 0 0 0 0 0 0 0 0 0 0 0 0 55 71 65 60 76 180 158 151 192 161 
79 95 73 61 170 0 12 0 0 100 0 4 0 0 108 0 3 0 0 104 80 78 83 65 162 
140 144 150 160 157 0 0 0 0 0 0 0 0 0 0 0 0 0 0 0 84 80 67 64 84 
0 0 0 0 0 0 0 0 0 0 0 0 0 0 0 431 433 424 413 423 193 179 180 186 207 
0 195 0 0 80 0 167 0 0 95 128 318 147 134 208 0 178 0 0 93 0 209 0 0 78 
818 0 0 0 0 810 0 0 0 0 800 0 0 0 0 838 0 0 0 0 835 0 0 0 0 
29 5 190 165 178 47 8 194 160 168 96 97 281 235 212 196 182 349 324 321 120 111 259 225 303 
75 142 93 175 82 62 105 66 117 74 0 40 0 53 0 52 105 60 89 45 0 41 0 40 0 
42 8 16 6 17 134 105 123 118 122 29 0 0 0 18 25 0 0 0 22 138 116 106 101 153 
0 0 130 0 0 0 0 124 0 0 0 0 127 0 0 142 120 225 115 126 0 0 139 0 0 
0 64 43 46 0 0 78 43 45 0 35 96 90 97 33 0 70 47 47 0 0 69 55 42 0 
3 3 1 7 138 146 128 133 162 268 152 141 119 126 218 4 5 0 0 134 95 91 107 88 211 
0 0 0 0 0 0 0 0 0 0 0 0 0 0 0 1043 1116 1111 1087 1031 0 0 0 0 0 
0 20 61 147 0 0 22 62 138 0 0 20 55 172 0 0 21 58 165 0 0 16 60 175 0 
79 61 0 0 0 107 79 15 18 18 165 106 45 41 36 117 68 0 0 0 108 106 24 28 33 
93 130 87 174 172 10 57 24 75 72 17 51 21 87 102 0 49 0 63 84 0 38 0 63 83 
128 138 130 98 5 123 140 192 104 0 322 306 376 325 217 126 137 161 85 1 289 231 351 285 150 
82 22 21 99 26 73 0 0 107 0 211 150 135 223 130 72 0 0 102 0 108 51 43 174 39 
165 122 53 61 45 168 128 61 62 37 68 62 19 0 0 111 97 26 18 16 100 59 15 0 0 
0 0 158 64 0 0 0 158 60 0 0 0 200 54 0 0 0 177 47 0 0 0 142 44 0 
133 185 193 140 129 0 53 78 0 0 0 57 67 0 0 36 66 103 35 34 0 40 95 0 0 
71 58 70 71 66 110 125 118 124 114 24 42 52 41 48 0 0 0 0 0 0 0 0 0 0 
0 0 0 165 0 0 0 0 174 0 230 234 220 409 242 0 0 0 171 0 0 0 0 155 0 
0 0 0 0 0 172 148 196 140 151 0 0 0 0 0 0 0 0 0 0 81 54 76 69 88 
133 2 24 90 51 148 40 57 133 104 245 93 107 182 160 86 0 0 78 39 202 82 95 174 122 
0 104 0 0 0 0 105 0 0 0 0 88 0 0 0 146 212 117 156 126 76 172 52 66 70 
0 0 116 0 0 98 106 210 125 122 0 0 106 0 0 8 10 116 4 11 14 15 92 11 19 
245 208 183 245 109 118 102 81 100 0 84 101 60 88 0 259 239 162 269 111 122 125 82 135 2 
0 0 0 0 0 32 37 30 19 22 0 0 0 0 0 60 67 70 68 93 103 93 98 101 128 
0 231 0 212 0 0 185 0 201 0 8 207 7 203 6 0 189 0 199 0 0 201 0 213 0 
0 48 0 126 0 0 52 0 157 0 0 51 0 147 0 70 168 79 227 82 0 64 0 143 0 
0 0 0 0 82 93 77 81 61 143 99 79 76 80 128 0 0 0 0 79 0 0 0 0 87 
96 308 366 72 263 43 200 272 4 164 90 280 370 75 255 115 309 359 78 263 212 370 440 186 324 
0 47 33 0 84 19 64 47 15 92 28 88 88 40 90 0 65 26 0 68 0 67 28 0 73 
112 105 108 127 127 14 0 0 39 0 14 0 0 40 0 19 0 0 43 0 88 71 67 116 77 
82 0 82 0 0 77 0 91 0 0 130 64 126 57 59 116 16 91 13 16 84 0 93 0 1 
0 19 84 0 97 0 13 73 0 108 0 16 75 0 107 0 14 94 0 136 0 13 71 0 104 
31 63 161 94 30 54 83 168 116 62 0 42 120 42 0 43 84 168 115 52 0 24 110 66 0 
0 65 0 0 0 0 77 0 0 0 129 245 117 143 136 0 96 0 0 0 16 85 18 29 29 
0 0 0 77 0 62 66 54 131 84 0 0 0 73 0 0 0 0 84 0 73 70 59 156 62 
55 0 103 54 0 65 0 130 66 0 65 0 106 55 0 51 0 116 61 0 49 0 109 50 0 
82 53 0 32 0 111 84 19 51 25 101 95 0 30 0 120 60 0 43 0 97 63 0 34 0 
0 0 0 0 26 201 201 197 198 237 0 0 0 0 34 0 0 0 0 33 0 0 0 0 37 
112 52 65 133 94 77 45 61 116 83 27 0 0 64 13 40 0 0 61 15 46 14 9 69 34 
30 65 9 6 11 18 61 0 0 0 21 89 0 0 0 155 199 150 131 126 31 90 0 0 0 
0 0 0 21 0 186 169 197 198 164 0 0 0 23 0 0 0 0 22 0 0 0 0 19 0 
71 79 133 138 89 0 0 51 63 0 0 0 73 60 0 0 0 66 53 0 0 0 59 62 0 
63 56 59 47 67 41 0 0 0 10 76 61 48 48 72 28 0 0 0 22 91 49 45 48 59 
0 0 24 0 69 9 6 36 10 88 0 0 33 0 71 10 6 43 9 95 79 75 113 64 152 
585 585 604 638 586 0 0 0 0 0 0 0 0 0 0 0 0 0 0 0 0 0 0 0 0 
65 124 150 79 84 31 91 104 32 29 0 33 85 0 0 0 38 85 0 0 0 43 73 0 0 
0 0 120 0 0 0 0 97 0 0 85 119 224 120 108 0 0 95 0 0 0 0 107 0 0 
103 125 39 59 144 42 47 0 0 85 45 63 0 0 68 45 48 0 0 71 57 42 0 0 76 
0 49 0 23 36 59 116 57 80 94 0 60 0 27 39 0 55 0 39 40 26 65 22 53 63 
9 7 98 5 11 0 0 86 0 0 0 0 83 0 0 36 39 118 27 29 74 77 148 58 82 
0 0 0 53 80 99 85 71 135 176 0 0 0 53 78 0 0 0 36 96 0 0 0 51 80 
118 203 98 99 102 26 130 0 0 0 27 147 8 11 13 25 85 0 0 0 21 98 0 0 2 
80 33 106 49 109 21 0 42 11 67 19 0 45 0 79 12 0 51 10 64 14 0 41 12 71 
46 10 39 0 4 56 1 25 0 0 64 50 81 38 67 103 61 75 37 43 168 116 152 143 121 
39 19 99 18 24 19 0 74 0 0 6 0 64 0 0 18 0 63 0 4 10 0 54 0 0 
0 0 47 31 3 0 7 0 0 0 0 8 2 0 0 0 0 0 0 0 10 0 0 0 0 
0 55 65 0 0 0 61 47 0 0 21 101 75 21 21 32 106 64 40 42 0 61 52 0 0 
25 0 80 0 42 62 43 120 39 79 21 0 79 0 22 20 0 89 0 27 28 0 91 0 22 
0 2121 0 0 0 0 2185 0 0 0 0 2073 0 0 0 0 2133 0 0 0 0 2072 0 0 0 
27 128 129 15 11 103 191 226 93 93 0 128 161 3 0 39 184 176 96 55 3 101 100 0 0 
83 138 95 1 0 65 136 140 0 0 111 148 137 0 0 79 142 125 0 0 78 132 134 0 0 
0 110 0 134 0 102 165 89 204 105 72 182 41 168 51 0 80 0 118 0 0 117 0 125 0 
0 0 0 0 0 1281 1261 1247 1219 1278 0 0 0 0 0 0 0 0 0 0 0 0 0 0 0 
0 0 88 133 0 0 0 81 115 0 0 0 88 141 0 0 0 88 136 0 0 0 81 141 0 
159 51 53 93 54 154 57 60 121 70 92 0 0 42 0 85 0 0 36 0 99 2 0 50 0 
0 119 0 0 74 0 138 0 0 68 0 142 0 0 82 0 126 0 0 63 0 134 0 0 95 
154 225 174 222 102 72 112 17 95 0 272 323 210 324 146 120 193 83 144 28 164 248 209 250 113 
100 81 288 301 93 0 0 202 204 0 102 98 284 310 95 0 0 178 205 4 6 4 181 191 12 
151 107 107 149 252 1 20 4 22 175 10 15 9 18 158 216 208 170 209 363 232 266 246 256 395 
0 71 0 0 0 0 54 0 0 0 0 67 0 0 0 8 73 4 9 4 187 237 186 157 174 
49 26 33 8 42 44 15 26 0 37 40 12 36 0 32 69 13 31 0 43 112 109 88 75 117 
202 67 0 100 0 205 71 0 103 0 205 54 0 103 0 190 61 0 104 0 192 54 0 112 0 
54 0 0 0 0 61 0 0 0 0 64 0 0 0 0 202 133 145 146 141 52 0 0 0 0 
0 0 1458 0 0 0 0 1489 0 0 0 0 1371 0 0 0 0 1496 0 0 0 0 1447 0 0 
75 5 10 55 26 116 75 62 119 94 115 67 80 90 92 93 27 23 89 42 58 0 0 33 12 
137 147 145 95 226 0 0 7 0 50 68 94 94 82 151 1 0 27 0 57 0 0 14 0 61 
41 77 0 96 0 129 172 92 188 77 106 119 80 191 82 51 76 0 87 0 36 63 0 88 0 
88 104 103 96 172 95 105 96 77 147 0 23 0 0 47 0 21 0 0 43 72 90 73 65 116 
0 73 0 0 0 28 142 35 31 27 38 135 38 35 35 27 127 22 23 31 37 121 48 34 47 
33 10 40 32 0 103 71 111 112 63 43 21 45 37 0 47 8 43 35 0 40 19 36 39 0 
170 0 0 0 0 151 0 0 0 0 254 84 104 119 112 143 0 0 0 0 150 0 0 0 0 
0 0 0 0 820 0 0 0 0 775 0 0 0 0 826 0 0 0 0 820 0 0 0 0 763 
133 129 1 183 63 165 153 2 178 87 221 167 48 264 136 140 134 5 172 82 132 161 1 217 62 
135 0 0 0 0 261 98 92 85 76 162 0 0 0 0 149 0 0 0 0 153 0 0 0 0 
0 0 0 0 0 73 56 72 67 73 0 0 0 0 0 152 119 144 145 137 0 0 0 0 0 
0 21 0 154 0 36 60 48 207 38 0 21 0 142 0 0 18 0 150 0 0 23 0 173 0 
111 68 142 147 187 68 0 93 79 72 46 0 96 86 75 126 80 159 163 153 27 0 60 79 62 
45 50 58 134 111 28 21 32 81 76 0 0 0 80 57 0 0 0 49 51 8 10 9 76 53 
0 8 59 0 0 76 84 163 79 85 0 10 67 0 0 52 71 151 50 55 0 5 58 0 0 
193 4 187 0 0 196 0 167 0 0 192 2 182 4 1 174 0 178 0 0 204 22 180 10 10 
259 83 264 106 152 322 141 315 149 200 333 139 327 152 214 198 21 172 23 97 185 44 188 18 68 
77 175 78 90 73 0 100 0 36 0 19 143 32 39 33 0 115 0 23 0 0 83 0 24 0 
0 0 33 0 58 35 46 78 44 113 55 74 89 53 121 0 0 33 0 61 0 0 49 0 58 
0 0 20 0 210 0 0 18 0 205 0 0 35 0 192 0 0 30 0 196 0 0 28 0 211 
0 0 0 52 0 0 0 0 64 0 58 59 48 148 48 0 0 0 67 0 90 84 87 167 91 
90 0 0 95 0 113 0 0 114 0 101 0 0 91 0 95 0 0 117 0 104 0 0 114 0 
12 43 91 61 4 99 188 195 177 114 164 227 234 224 158 15 83 118 115 34 74 117 124 134 60 
117 141 132 117 249 0 0 0 0 81 0 1 0 0 93 24 27 34 21 123 0 0 0 0 104 
131 250 154 130 153 0 139 0 0 0 86 210 79 93 89 4 104 1 0 3 84 213 84 71 99 
136 126 76 78 78 76 45 0 0 0 85 47 4 4 8 63 47 0 0 0 71 56 0 0 0 
0 137 0 0 0 48 204 56 80 81 0 153 0 0 0 72 229 107 116 73 0 130 0 0 0 
0 0 0 0 0 0 0 0 0 0 0 0 0 0 0 0 0 0 0 0 416 387 420 403 374 
0 0 37 0 0 73 79 92 75 87 0 0 31 0 0 77 75 85 59 79 19 25 59 22 26 
8 15 16 17 52 0 0 0 0 36 80 78 71 69 99 0 0 0 0 33 68 98 78 76 105 
0 0 0 136 0 0 0 0 127 0 0 0 0 161 0 0 0 0 153 0 87 81 83 219 94 
0 69 0 33 73 0 64 0 39 80 0 56 0 32 89 0 59 0 30 73 17 80 25 57 113 
0 112 0 0 0 0 108 0 0 0 0 106 0 0 0 0 96 0 0 0 97 185 99 105 92 
0 0 0 38 0 90 60 87 86 90 57 24 70 69 64 0 0 0 27 0 107 103 101 155 103 
0 0 117 55 0 43 45 155 106 50 0 0 102 39 0 0 0 89 38 0 0 0 126 35 0 
59 0 0 0 0 126 62 61 76 69 99 20 18 20 15 131 47 45 52 41 58 0 0 0 0 
82 35 33 110 37 39 0 0 91 0 48 0 0 85 0 83 35 30 120 32 55 0 0 83 0 
0 0 40 35 0 0 0 45 35 0 101 99 128 129 97 0 0 44 43 0 0 0 60 39 0 
14 0 0 67 75 93 98 108 123 203 6 5 4 57 64 33 24 46 88 95 41 35 73 100 131 
1 6 52 102 7 0 0 53 77 0 48 31 113 126 46 32 43 71 121 39 0 0 47 81 0 
51 5 37 41 7 35 4 39 39 12 117 66 109 91 71 67 16 41 46 7 51 1 43 40 0 
44 0 63 0 59 41 0 60 0 52 34 0 73 0 79 111 59 113 69 112 32 0 66 0 63 
90 23 161 117 44 79 7 152 83 36 67 0 127 32 12 183 38 233 138 119 118 18 203 81 54 
10 79 147 32 134 126 183 292 131 240 33 140 185 51 166 0 35 135 2 124 75 139 217 95 223 
19 21 22 55 46 40 38 34 74 71 0 0 0 30 26 0 0 0 22 17 75 89 89 122 98 
22 39 0 97 2 32 53 0 118 0 89 81 44 148 62 30 40 0 121 0 47 37 0 88 0 
0 0 55 0 0 166 151 214 153 179 0 0 63 0 0 0 0 70 0 0 0 0 69 0 0 
12 9 1 0 81 16 1 0 0 75 80 86 64 61 144 25 22 15 14 88 116 153 139 140 183 
59 10 10 5 20 85 60 62 63 64 94 73 78 87 83 38 0 5 0 12 34 11 14 7 21 
18 92 65 15 29 0 81 62 5 5 0 67 39 0 18 0 73 47 5 12 43 116 93 38 76 
162 201 107 100 117 78 66 49 22 20 40 50 15 0 0 40 52 15 0 0 36 50 15 0 0 
42 86 0 0 0 32 56 0 0 0 19 66 4 0 2 18 54 15 19 23 54 80 42 23 40 
37 74 38 66 27 0 59 9 42 16 1 46 4 36 19 0 41 8 27 13 39 103 60 93 77 
0 0 56 27 10 0 0 45 35 3 0 0 44 40 5 43 53 122 94 61 54 50 100 93 63 
29 38 26 22 31 0 0 0 0 0 71 59 57 62 55 0 0 0 0 0 120 107 99 113 110 
48 41 40 36 42 0 0 19 0 0 0 0 21 0 0 55 47 87 55 54 137 107 141 147 129 
36 35 105 51 49 1 0 52 0 7 60 46 128 54 51 0 0 46 0 0 0 4 60 21 8 
0 0 181 32 0 0 0 141 23 0 19 20 156 36 18 0 0 166 22 0 0 0 164 23 0 
43 69 0 0 0 64 91 38 29 28 67 108 16 14 7 76 119 36 35 40 37 66 0 0 0 
93 118 70 54 66 14 49 3 0 0 79 141 65 48 55 38 72 28 17 16 25 55 0 0 0 
0 116 107 163 0 0 127 119 163 1 0 107 119 167 2 0 117 115 156 0 0 125 118 165 0 
14 0 0 145 0 9 0 0 99 0 102 75 96 212 87 17 0 0 115 0 21 1 1 110 1 
62 83 51 53 80 15 66 13 10 38 51 85 44 40 71 7 40 0 0 36 13 70 10 13 38 
160 176 60 118 143 179 264 97 128 197 152 206 93 104 140 103 128 14 37 87 263 315 159 201 221 
76 193 158 94 107 3 39 66 12 0 41 84 116 44 34 24 80 68 20 26 0 73 69 0 0 
18 34 18 15 79 22 47 29 14 123 18 27 16 11 61 77 100 90 56 171 33 39 43 35 100 
688 519 524 421 476 441 227 289 193 220 491 307 323 231 299 381 177 215 114 181 590 366 433 363 378 
83 71 2 4 0 167 146 70 79 75 69 81 0 0 0 99 88 22 18 18 61 61 0 0 0 
178 313 132 142 126 278 403 157 271 199 129 292 96 152 88 35 188 0 26 0 83 191 63 96 22 
0 0 0 0 54 0 0 0 0 60 0 0 0 0 72 0 0 0 0 59 144 173 154 167 197 
58 3 34 0 13 116 16 57 26 32 129 53 101 52 57 153 76 139 63 94 116 29 47 19 27 
146 0 0 55 0 152 0 0 55 0 137 0 0 40 0 167 0 0 46 0 147 0 0 41 0 
172 120 158 229 120 38 0 85 116 0 91 46 124 181 58 61 8 103 98 25 50 0 82 80 0 
63 100 88 182 145 0 9 4 97 47 0 14 5 70 52 0 12 9 77 49 32 38 23 105 55 
125 131 86 51 12 197 187 153 109 110 120 104 72 36 9 257 211 208 140 125 198 192 156 67 69 
58 130 51 57 53 0 55 0 0 0 6 80 4 5 4 0 63 0 0 0 76 154 62 76 65 
0 0 0 18 0 0 0 0 19 0 0 0 0 19 0 0 0 0 20 0 169 187 206 208 206 
37 0 0 21 32 104 82 75 91 96 33 1 0 11 27 35 0 0 11 36 42 0 0 10 31 
45 7 49 97 79 18 0 30 91 74 61 23 48 117 93 17 0 34 77 75 115 75 110 174 177 
0 87 75 0 78 0 91 85 0 87 0 90 63 0 63 0 93 86 0 85 0 106 80 0 79 
46 23 56 39 32 72 53 92 57 56 23 17 36 20 13 55 45 104 73 49 7 0 32 0 0 
88 0 0 0 58 72 0 0 0 48 97 0 0 0 60 70 0 0 0 48 190 97 86 95 157 
68 97 7 134 80 77 173 37 167 131 42 65 0 138 76 261 307 204 338 216 153 258 142 248 207 
70 87 96 76 61 10 36 37 13 9 0 14 43 0 0 58 69 84 51 45 20 27 54 18 12 
0 0 0 171 46 0 0 0 181 31 28 33 20 188 62 0 0 0 186 36 0 0 0 153 45 
0 0 0 148 13 150 136 134 325 170 1 0 0 168 15 116 121 118 258 109 0 0 0 137 8 
49 154 166 162 54 31 139 173 204 23 99 201 198 200 90 60 221 234 251 115 94 173 222 237 107 
0 0 0 1280 0 0 0 0 1281 0 0 0 0 1276 0 0 1 0 1356 1 0 0 0 1287 0 
195 0 0 0 0 197 13 18 17 20 178 0 0 0 0 196 0 0 0 0 166 0 0 0 0 
92 0 0 0 0 117 0 0 0 0 122 0 0 0 0 102 0 0 0 0 206 88 85 89 99 
295 54 109 115 104 223 0 25 3 21 438 103 152 128 140 435 242 287 239 250 327 81 102 78 123 
6 37 0 0 0 0 56 2 0 22 0 40 0 0 6 0 0 0 2 0 0 25 0 0 0 
84 105 202 164 133 0 0 58 0 0 0 0 93 0 0 0 0 63 0 0 255 282 357 299 279 
0 5 0 68 204 107 126 108 199 328 1 25 0 77 243 0 16 0 85 240 107 144 109 173 290 
16 8 79 14 230 2 0 60 8 162 120 94 168 114 274 138 138 206 166 335 2 6 69 6 184 
138 275 285 182 75 188 258 346 192 101 163 303 312 215 153 69 219 263 137 41 105 259 262 153 51 
0 0 218 0 36 0 0 234 0 31 0 0 224 0 31 0 0 203 0 27 0 0 184 0 33 
0 0 46 57 0 68 47 93 90 58 0 0 39 35 0 63 46 97 78 50 46 34 78 67 29 
53 22 14 45 58 35 0 0 18 47 52 0 0 13 24 52 0 0 28 32 85 42 47 60 80 
95 0 0 9 0 83 0 0 0 0 99 0 0 25 0 100 0 0 0 0 122 15 23 42 29 
22 0 28 21 11 0 0 3 7 9 0 0 0 0 0 4 0 0 0 4 0 0 7 0 0 
0 0 1 28 0 69 43 43 76 44 0 0 0 17 0 1 2 29 34 31 29 21 26 66 23 
