754 738 541 652 661 1075 1085 861 947 960 617 644 470 599 620 885 897 665 877 834 524 528 361 428 451 
246 193 231 217 210 0 0 0 0 0 132 118 142 128 142 0 0 0 0 0 0 0 0 0 0 
105 59 19 155 181 70 0 0 128 118 126 46 27 219 209 56 0 0 76 117 66 0 0 104 102 
160 0 139 183 177 228 41 216 247 245 301 144 316 370 360 251 65 204 229 261 180 0 144 215 204 
171 43 84 168 25 160 10 87 137 1 146 29 67 117 15 159 7 47 133 0 346 215 277 344 221 
120 5 19 0 101 87 6 22 0 118 203 84 109 92 188 174 78 102 65 171 247 117 130 113 256 
0 0 0 0 0 0 0 0 0 0 1024 1037 985 1025 1060 0 0 0 0 0 0 0 0 0 0 
0 0 0 285 0 0 0 4 277 0 121 107 103 395 127 114 116 100 434 136 0 0 0 257 0 
19 8 17 214 7 0 0 0 221 0 41 49 45 218 37 0 0 0 185 0 3 6 3 220 5 
0 0 0 0 0 0 0 0 0 0 0 0 0 0 0 60 77 88 86 98 205 199 191 223 185 
90 108 86 77 232 0 12 0 0 152 0 3 0 2 129 0 5 0 0 130 99 91 86 83 186 
141 140 153 151 155 0 0 0 0 0 0 0 0 0 0 0 0 0 0 0 83 79 66 66 80 
0 0 0 0 0 0 0 0 0 0 0 0 0 0 0 427 432 415 406 415 186 177 178 184 201 
0 213 0 0 89 0 185 0 1 100 127 350 162 125 228 0 204 0 0 95 0 235 0 0 81 
816 0 0 0 0 803 0 0 0 0 803 0 0 0 0 838 0 0 0 0 849 0 0 0 0 
5 2 151 119 161 69 69 240 194 221 116 124 251 205 226 186 174 361 324 301 97 96 226 192 275 
96 142 82 150 71 79 101 64 123 78 0 44 0 45 0 47 102 48 89 36 0 41 0 48 0 
27 7 13 8 24 135 92 112 107 124 28 0 0 0 18 23 0 0 0 21 120 105 106 96 140 
0 0 155 0 0 0 0 150 0 0 0 0 171 0 0 195 169 294 148 167 0 0 147 0 0 
0 64 43 46 0 0 78 42 45 0 35 96 90 97 33 0 70 47 47 0 0 69 55 42 0 
0 0 0 1 149 158 117 135 155 264 125 130 117 124 217 3 1 0 0 111 67 86 85 90 189 
0 0 0 0 0 0 0 0 0 0 0 0 0 0 0 1014 1058 1083 1050 987 0 0 0 0 0 
0 23 73 172 0 0 19 66 141 0 0 21 53 170 0 0 18 65 163 0 1 22 65 175 0 
87 143 75 192 178 10 51 24 97 82 22 67 28 95 124 0 74 0 82 89 0 45 0 67 82 
120 134 146 93 8 113 147 211 104 1 324 318 401 339 238 114 139 162 95 0 296 259 373 263 136 
75 12 13 90 17 74 0 0 112 0 202 141 133 220 126 61 0 0 97 0 96 44 37 161 38 
126 107 48 52 36 151 111 60 63 31 73 56 18 2 0 96 73 18 14 11 99 61 12 0 0 
0 0 246 83 0 0 0 248 74 0 0 0 295 86 0 0 0 272 64 0 0 0 236 62 0 
105 142 146 103 89 0 44 58 0 0 0 42 57 0 0 37 68 93 32 30 0 40 80 0 0 
73 60 78 71 66 108 127 118 135 113 23 43 45 47 43 0 0 0 0 0 0 0 0 0 0 
0 0 0 168 0 0 0 0 175 0 228 225 211 398 222 0 0 0 175 0 0 0 0 155 0 
0 0 0 0 0 171 152 191 140 168 0 0 0 0 0 0 0 0 0 0 86 59 70 78 86 
139 0 16 81 61 161 46 54 143 121 265 105 112 190 182 98 0 1 76 48 216 100 110 181 138 
0 90 0 0 0 0 83 0 0 0 0 67 0 0 0 128 166 87 125 93 59 141 45 52 57 
0 0 98 0 0 90 88 180 107 106 0 0 95 0 0 7 9 99 4 8 15 13 87 9 15 
251 243 210 258 116 115 100 80 113 0 79 94 65 80 0 253 259 167 280 116 134 117 94 145 0 
0 37 0 117 0 0 49 0 132 0 0 49 0 134 0 62 133 74 205 68 0 55 0 127 0 
0 0 0 0 79 80 77 77 61 146 85 73 68 78 137 0 0 0 0 77 0 0 0 0 81 
74 228 315 75 233 22 173 218 8 157 103 231 315 68 212 85 239 284 101 217 204 297 353 152 257 
0 51 45 0 100 23 68 59 18 111 29 111 93 42 108 0 79 35 0 73 0 86 31 0 93 
100 83 95 106 106 11 0 0 32 0 12 0 0 35 0 16 0 0 38 0 80 59 54 96 73 
70 0 68 0 0 64 0 76 0 0 115 53 111 48 51 103 16 79 14 13 66 0 75 0 0 
0 19 91 0 107 0 16 78 0 120 0 16 80 0 119 0 18 98 0 153 0 13 73 0 115 
19 41 135 71 22 46 72 161 100 46 0 45 122 37 0 44 66 155 102 45 0 29 104 58 0 
0 78 0 0 0 0 89 0 0 0 145 258 131 144 136 0 100 0 0 0 14 92 20 25 34 
0 0 0 79 0 70 74 57 134 84 0 0 0 79 0 0 0 0 88 0 80 65 63 156 71 
53 0 93 50 0 62 0 113 56 0 63 0 97 53 0 48 0 106 55 0 46 0 108 47 0 
83 48 0 30 0 113 79 16 51 24 100 92 0 26 0 114 56 0 46 0 91 58 0 33 0 
0 0 0 0 38 250 241 254 252 274 0 0 0 0 47 0 0 0 0 46 0 0 0 0 48 
106 59 68 126 90 69 46 52 111 75 29 0 0 60 11 29 0 0 55 12 44 19 9 72 31 
36 56 7 6 10 18 50 0 0 0 22 77 0 0 0 138 168 128 119 113 27 79 0 0 0 
0 0 0 22 0 191 177 201 198 167 0 0 0 24 0 0 0 0 20 0 0 0 0 21 0 
77 82 145 151 99 0 0 58 67 0 0 0 82 67 0 0 0 77 61 0 0 0 69 69 0 
71 61 66 51 74 46 0 0 0 10 81 67 52 53 76 32 0 0 0 21 95 50 47 52 63 
0 0 32 0 87 0 0 41 13 113 2 0 50 0 117 0 1 37 0 119 123 121 168 99 233 
70 132 168 81 81 32 96 113 32 28 0 37 90 0 0 0 47 88 0 0 0 44 77 0 0 
0 0 119 0 0 0 0 94 0 0 79 119 222 114 110 0 0 88 0 0 0 0 109 0 0 
95 110 34 50 126 33 44 0 0 82 41 54 0 0 66 40 42 0 0 75 60 43 0 0 75 
0 49 0 23 36 59 115 57 80 93 0 59 0 27 37 0 55 0 38 40 26 65 22 53 63 
9 9 120 7 17 0 0 113 0 0 0 0 97 0 0 49 46 150 34 35 95 100 181 73 104 
0 0 0 51 75 88 81 63 117 163 0 0 0 49 73 0 0 0 36 84 0 0 0 47 73 
94 165 78 73 84 21 106 0 0 0 30 114 7 8 9 22 75 0 0 0 25 80 3 3 0 
78 37 106 50 108 21 0 45 13 66 23 0 49 12 82 22 0 58 13 64 15 0 44 15 71 
34 0 11 0 1 69 0 10 0 0 89 44 77 54 74 67 0 0 0 0 137 74 84 112 77 
37 34 131 45 56 0 0 84 0 0 0 0 84 0 0 4 0 74 0 5 35 36 115 36 40 
0 61 56 0 0 0 57 39 4 0 21 102 62 21 21 27 83 34 24 24 0 62 50 0 0 
0 0 88 0 45 21 29 107 21 75 0 0 81 0 28 0 4 94 0 27 0 0 98 0 28 
0 2164 0 0 0 0 2233 0 0 0 0 2095 0 0 0 0 2174 0 0 0 0 2132 0 0 0 
26 133 107 12 13 75 176 181 98 62 2 118 110 2 0 35 187 136 83 34 3 98 89 0 0 
59 130 83 0 0 56 141 113 0 0 78 135 109 0 0 66 136 112 0 0 71 123 114 0 0 
0 86 0 102 0 69 146 73 175 86 60 134 44 140 48 0 74 0 104 0 0 100 0 89 0 
0 0 0 0 0 1293 1257 1255 1206 1272 0 0 0 0 0 0 0 0 0 0 0 0 0 0 0 
0 0 80 125 0 0 0 75 106 0 0 0 81 127 0 0 0 81 125 0 0 0 72 128 0 
131 45 46 75 37 131 50 46 97 59 77 0 0 33 0 71 0 0 34 0 85 0 0 39 0 
0 129 0 0 90 0 157 0 0 79 0 163 0 0 86 0 146 0 0 73 0 160 0 0 109 
205 259 179 226 78 128 238 149 130 18 303 419 330 322 148 275 351 277 241 118 193 323 282 219 162 
87 67 273 287 80 0 0 188 200 0 120 123 276 307 85 2 2 170 196 3 16 16 198 206 13 
148 117 113 150 258 6 22 3 8 170 12 12 6 6 167 219 197 165 168 366 222 253 249 224 393 
0 138 0 0 0 0 95 0 0 0 0 137 0 0 0 7 111 4 6 3 267 340 280 257 257 
70 34 49 14 56 59 18 40 0 53 62 18 45 0 35 87 27 43 0 60 143 128 113 103 170 
205 72 0 102 0 207 72 0 103 0 209 55 0 109 0 198 73 0 110 0 199 56 0 113 0 
0 0 1463 0 0 0 0 1484 0 0 0 0 1364 0 0 0 0 1500 0 0 0 0 1449 0 0 
72 0 8 56 26 101 49 41 100 73 99 63 61 79 79 66 13 19 55 34 56 0 0 30 3 
109 114 121 79 181 0 0 9 0 45 60 70 68 56 105 0 0 17 0 49 0 0 12 0 58 
44 87 0 111 0 141 184 98 210 82 117 131 90 210 92 54 78 0 107 0 38 68 0 110 0 
90 109 103 108 143 91 104 79 67 121 0 30 0 0 46 0 19 0 0 31 62 97 55 57 106 
0 86 0 0 0 50 163 38 40 42 50 193 40 45 36 42 149 28 37 42 51 175 47 57 59 
31 9 40 31 0 103 70 111 112 63 42 18 46 36 0 47 7 44 35 0 41 14 33 39 0 
138 0 0 0 0 122 0 0 0 0 198 80 99 101 94 116 0 0 0 0 125 0 0 0 0 
0 0 0 0 846 0 0 0 0 796 0 0 0 0 845 0 0 0 0 840 0 0 0 0 781 
85 130 96 205 176 0 9 4 105 51 0 14 6 69 65 0 11 10 109 62 31 50 37 118 64 
140 0 0 0 0 257 97 91 91 68 155 0 0 0 0 155 0 0 0 0 153 0 0 0 0 
0 0 0 0 0 86 61 75 71 79 0 0 0 0 0 158 132 155 153 150 0 0 0 0 0 
0 22 0 143 0 33 55 46 186 32 0 19 0 132 0 0 16 0 136 0 0 20 0 160 0 
133 55 127 107 164 82 4 84 49 54 79 6 102 63 68 161 97 164 126 154 59 0 55 56 58 
53 59 69 169 128 35 31 38 98 99 0 0 0 99 68 0 0 0 55 60 8 13 9 97 69 
0 7 75 0 0 95 114 195 97 109 0 8 85 0 0 59 101 201 65 72 0 5 75 0 0 
206 6 206 0 0 218 2 176 0 0 215 2 197 4 1 193 1 198 0 0 210 21 188 9 10 
346 126 367 144 242 356 171 444 168 251 372 130 400 191 252 233 18 233 24 129 238 34 268 5 141 
65 152 69 83 66 0 86 0 27 0 17 128 28 34 27 0 102 0 17 0 0 75 0 22 0 
0 0 35 0 58 37 52 84 46 117 58 79 94 58 129 0 0 33 0 63 0 0 52 0 63 
0 0 19 0 211 1 0 17 0 214 0 0 31 0 188 0 0 27 0 207 0 0 31 0 220 
0 0 0 54 0 0 0 0 62 0 55 61 46 145 46 0 0 0 58 0 86 84 86 167 89 
120 0 0 122 0 142 0 0 138 0 135 0 0 117 0 128 0 0 133 0 133 0 0 132 0 
0 44 92 58 1 103 182 184 169 115 172 213 237 211 144 14 63 120 104 23 71 110 130 128 65 
99 122 110 101 198 0 0 0 0 72 0 0 0 0 65 21 22 25 20 96 0 0 0 0 70 
126 214 134 126 137 0 116 0 0 0 82 193 87 92 83 10 118 4 3 8 95 201 81 79 100 
142 127 79 79 78 76 45 0 0 0 88 47 4 4 8 64 48 0 0 0 71 58 0 0 0 
0 131 0 0 1 48 186 55 58 74 0 148 0 0 3 72 214 88 95 78 0 129 0 0 0 
0 0 0 0 0 0 0 0 0 0 0 0 0 0 0 0 0 0 0 0 445 413 448 430 394 
0 0 43 0 0 78 84 96 78 95 0 0 31 0 0 84 77 90 64 85 22 25 63 24 26 
8 15 16 17 52 0 0 0 0 36 80 80 73 69 99 0 0 0 0 33 69 99 78 76 108 
0 0 0 133 0 0 0 0 121 0 0 0 0 145 0 0 0 0 148 0 81 76 79 207 83 
0 68 0 33 72 0 63 0 39 75 0 54 0 36 91 0 60 0 31 72 18 75 24 56 112 
0 10 0 10 0 72 84 68 72 69 79 70 74 62 76 0 16 0 11 0 123 147 126 136 120 
0 0 115 55 0 43 45 155 106 49 0 0 101 39 0 0 0 89 38 0 0 0 126 35 0 
62 0 0 0 0 138 69 62 82 74 106 23 20 20 18 138 53 53 58 53 62 0 0 0 0 
83 35 31 111 37 38 0 0 90 0 48 0 0 84 0 82 35 29 118 32 55 0 0 82 0 
0 0 63 38 0 0 0 55 41 0 101 99 149 131 97 0 0 61 43 0 0 0 66 38 0 
3 6 51 97 8 0 0 46 73 0 47 30 107 117 44 28 38 66 112 35 0 0 48 78 0 
47 6 45 39 6 31 5 34 37 15 114 80 116 108 82 64 23 51 55 22 51 0 48 37 0 
47 0 72 0 68 49 0 80 0 65 30 0 78 0 85 112 63 133 80 131 35 0 65 0 64 
80 25 138 74 43 48 10 120 72 29 49 0 98 33 17 125 61 159 101 86 72 23 162 61 53 
12 83 159 34 129 123 192 263 136 254 26 104 183 45 169 0 38 168 1 119 78 125 216 89 216 
20 23 24 64 51 46 44 39 82 83 0 0 0 35 31 0 0 0 24 18 86 97 96 135 109 
18 33 0 86 0 29 48 0 104 0 82 73 39 133 54 26 36 0 107 0 41 33 0 84 0 
0 0 50 0 0 153 139 194 140 168 0 0 56 0 0 0 0 64 0 0 0 0 63 0 0 
72 14 19 7 24 109 66 72 71 73 120 90 98 99 109 50 0 7 0 20 39 11 16 7 27 
20 146 95 15 45 0 116 82 7 12 0 108 52 0 31 0 116 65 8 13 47 173 117 44 92 
153 222 109 102 115 70 79 49 24 24 43 78 16 0 0 45 51 15 0 0 30 50 18 0 0 
96 70 9 3 2 69 50 0 0 2 80 63 12 6 22 91 95 58 52 51 100 73 50 0 47 
38 72 43 70 29 0 57 11 42 16 0 47 11 45 16 0 29 14 30 11 38 100 63 94 78 
0 0 56 27 11 0 0 45 36 3 0 0 45 41 6 45 55 123 95 60 55 50 101 98 65 
31 44 26 23 32 0 0 0 0 0 75 64 64 68 63 0 0 0 0 0 128 118 104 123 117 
43 0 5 14 22 0 0 0 0 0 0 0 0 0 0 69 64 87 69 70 106 83 113 109 108 
24 30 92 11 36 0 0 55 0 0 61 52 131 36 44 0 0 53 0 0 4 0 60 0 0 
0 0 63 0 0 0 0 34 0 0 19 18 38 0 18 0 0 45 2 0 0 0 60 0 0 
43 70 0 0 0 66 93 38 29 29 67 107 17 14 9 78 119 37 37 41 36 65 0 0 0 
95 130 73 56 69 12 44 3 0 0 80 133 74 56 61 35 66 29 19 18 25 62 0 0 0 
0 114 108 162 0 0 127 117 164 0 0 108 118 166 0 0 114 114 156 0 0 126 116 164 0 
16 0 0 207 0 15 0 0 143 0 123 109 135 263 110 22 0 0 157 0 31 1 3 151 2 
144 170 51 104 128 176 272 105 108 189 144 202 89 112 141 101 125 30 44 84 259 303 141 180 196 
54 151 115 69 94 6 42 58 10 4 31 68 86 31 27 22 68 55 14 29 0 55 43 0 0 
3 20 11 0 75 6 23 18 0 125 0 7 14 2 52 57 96 83 49 156 32 41 46 26 100 
629 461 574 405 517 428 163 255 173 208 451 270 310 200 277 309 104 161 42 170 526 325 421 327 404 
88 72 0 2 0 194 168 84 79 75 88 92 0 0 0 111 110 25 20 18 76 60 0 0 0 
170 323 127 163 141 274 403 165 269 190 169 282 80 155 83 51 191 1 54 0 101 220 66 104 48 
0 0 0 0 52 0 0 0 0 56 0 0 0 0 65 0 0 0 0 58 134 157 141 152 185 
150 0 0 53 0 156 0 0 55 0 141 0 0 40 0 168 0 0 46 0 149 0 0 41 0 
187 138 205 266 137 40 0 84 125 3 104 43 138 192 79 50 4 111 116 30 47 0 93 90 0 
128 112 66 48 46 166 154 88 93 105 86 83 29 0 9 207 165 139 104 127 147 160 101 40 84 
68 164 64 86 76 0 64 0 0 0 6 98 5 7 4 0 81 0 0 0 86 187 78 109 78 
0 0 0 16 0 0 0 0 23 0 0 0 0 21 0 0 0 0 21 0 186 201 222 233 225 
86 10 67 134 118 27 1 36 129 99 77 16 56 151 127 38 0 43 115 103 144 83 120 222 221 
0 80 64 0 79 0 76 71 0 79 0 90 54 0 59 0 74 73 0 83 0 94 71 0 70 
49 28 59 40 35 78 60 102 59 68 21 20 41 21 16 56 49 115 77 56 9 0 36 0 0 
79 0 0 0 51 62 0 0 0 50 88 0 0 0 60 64 0 0 0 47 176 92 80 90 146 
58 96 0 84 45 37 69 1 99 55 70 68 3 158 81 127 172 73 177 133 69 103 25 115 76 
91 127 124 109 87 14 39 49 15 15 0 15 56 0 0 78 90 117 69 61 28 36 64 28 16 
0 0 0 140 35 0 0 0 158 28 27 29 16 157 51 0 0 0 149 34 0 0 0 138 38 
0 0 0 182 4 243 219 197 464 243 1 0 0 205 14 167 162 168 352 154 0 0 1 192 13 
75 202 197 235 55 35 96 154 182 25 80 145 179 227 86 75 207 209 292 103 93 145 182 291 103 
0 0 0 1280 0 0 0 0 1284 0 0 0 0 1314 0 1 1 2 1355 3 0 0 0 1315 0 
209 0 0 0 0 218 13 21 20 20 186 0 0 0 0 207 0 0 0 0 178 0 0 0 0 
92 0 0 0 0 117 0 0 0 0 122 0 0 0 0 102 0 0 0 0 206 88 85 89 99 
168 74 71 97 88 83 0 0 12 7 159 74 42 70 63 143 36 59 91 85 194 124 118 169 116 
64 91 141 117 87 0 0 57 0 0 0 0 79 0 0 0 0 57 0 0 189 179 232 205 186 
0 6 2 85 205 130 135 126 215 343 1 33 3 97 256 0 14 0 90 243 116 140 111 179 298 
15 9 70 11 239 6 0 55 8 182 124 119 164 131 288 151 152 212 183 346 1 6 45 3 191 
131 274 294 208 82 166 271 309 197 87 145 250 294 194 120 82 203 255 125 25 66 207 227 133 22 
118 0 0 11 0 112 0 0 0 0 118 0 0 0 0 119 0 0 0 0 157 16 31 38 33 
48 72 29 32 60 0 41 0 3 17 51 84 45 40 70 7 39 0 0 33 0 51 5 0 20 
622 638 647 685 629 0 0 0 0 0 0 0 0 0 0 0 0 0 0 0 0 0 0 0 0 
85 55 0 0 0 98 80 19 17 18 154 96 36 37 31 108 72 0 0 0 117 100 25 31 34 
26 0 0 52 63 64 39 37 79 114 18 0 0 53 57 33 5 11 51 54 26 23 27 66 70 
16 7 0 0 73 16 1 0 0 68 71 74 50 46 147 28 27 18 20 84 100 122 104 104 141 
55 0 0 0 0 62 0 0 0 0 64 0 0 0 0 202 133 145 146 141 51 0 0 0 0 
75 141 94 117 149 99 261 167 166 209 26 119 57 58 67 128 194 146 171 160 123 224 190 178 175 
0 0 0 0 0 35 47 34 19 25 0 0 0 0 0 74 77 82 74 110 113 111 108 118 147 
162 16 80 11 22 235 1 70 11 21 273 93 153 104 116 342 167 290 171 181 255 51 101 40 50 
25 0 35 0 0 16 0 19 0 0 47 0 20 0 0 103 66 108 68 96 22 3 39 0 0 
0 0 196 0 36 0 0 226 0 28 0 0 196 0 25 0 0 178 0 24 0 0 187 0 27 
105 65 0 110 40 103 74 1 114 54 112 102 26 126 64 71 56 0 93 57 75 74 0 108 41 
41 66 43 62 32 12 22 0 24 0 61 83 51 88 37 11 43 6 34 4 56 56 54 79 29 
0 0 49 72 0 78 52 124 108 62 0 0 45 51 0 78 69 121 99 52 53 38 101 97 35 
1 0 1 0 0 0 42 0 0 0 0 0 0 0 0 31 48 44 49 67 0 0 0 0 0 
0 241 0 220 0 0 199 0 210 0 8 224 9 209 7 0 201 0 198 0 0 215 0 223 0 
