706 720 518 608 601 1016 1036 918 934 887 620 634 464 587 673 899 852 756 875 860 508 469 378 373 499 
218 178 232 194 186 0 1 0 0 0 126 108 135 116 118 0 0 0 0 0 0 0 0 0 0 
92 49 29 140 174 63 0 0 134 120 140 51 30 203 198 53 0 0 89 117 41 0 0 96 95 
187 0 139 165 189 233 44 207 257 268 317 132 315 328 372 279 62 179 215 243 176 1 121 218 203 
152 33 73 124 15 145 9 73 86 0 142 27 57 86 17 139 5 33 99 0 272 184 238 292 162 
122 5 18 0 95 113 7 14 0 118 215 103 126 79 227 187 86 98 80 174 257 133 137 134 268 
0 0 0 0 0 0 0 0 0 0 1032 1038 979 1002 1053 0 0 0 0 0 0 0 0 0 0 
0 0 0 253 0 0 0 4 240 0 106 105 98 353 116 110 103 88 369 121 0 0 0 231 1 
14 9 13 181 5 0 0 0 194 0 37 44 36 188 28 0 0 0 159 0 3 6 3 185 4 
0 0 0 0 0 0 0 0 0 0 0 0 0 0 0 67 69 105 90 123 236 231 211 246 219 
95 118 75 74 225 0 9 0 0 127 0 4 0 0 127 0 5 0 0 123 105 101 85 76 212 
138 143 142 156 151 0 0 0 0 0 0 0 0 0 0 0 0 0 0 0 87 82 60 66 78 
0 1 0 0 0 0 0 0 0 0 0 0 0 0 0 421 424 406 398 408 164 150 163 171 182 
0 207 0 0 94 0 193 0 0 105 141 356 161 143 232 0 199 0 0 104 0 236 0 0 88 
834 0 0 0 0 833 0 0 0 0 823 0 0 0 0 859 0 0 0 0 877 0 0 0 0 
13 10 205 171 202 84 46 248 195 245 107 116 288 236 264 209 202 379 366 363 126 82 275 219 306 
105 173 102 177 91 77 109 89 127 90 0 53 0 53 0 71 126 62 103 60 0 53 0 44 0 
32 11 9 6 18 141 107 101 95 124 30 0 0 0 17 26 0 0 0 22 125 120 106 98 143 
0 0 158 0 0 3 0 157 0 0 0 0 164 0 0 178 154 301 151 162 0 0 157 0 0 
0 89 53 65 0 0 108 55 59 0 54 131 117 142 47 0 107 74 74 0 0 105 84 58 0 
0 0 0 0 138 144 111 119 136 243 114 114 101 106 195 0 1 0 0 121 73 78 91 80 191 
0 0 0 0 0 0 0 0 0 0 0 0 0 0 0 1018 1084 1113 1066 1003 0 0 0 0 0 
0 19 53 144 0 0 18 62 129 0 0 19 48 162 0 0 18 52 159 0 0 15 58 150 0 
80 136 93 179 178 11 46 19 63 88 20 54 26 97 108 0 46 0 57 80 0 43 3 72 72 
107 134 140 83 0 103 135 213 83 5 316 303 344 320 224 107 115 147 85 2 282 247 342 232 143 
69 11 24 109 17 74 0 0 111 0 208 157 140 237 138 59 0 0 104 0 105 41 51 178 39 
109 94 50 47 36 142 96 49 57 37 73 51 13 0 0 91 67 17 9 15 78 58 7 0 0 
0 0 183 80 0 0 0 203 69 0 0 0 258 72 0 0 0 221 63 0 0 0 190 64 0 
108 143 142 103 89 0 45 55 0 0 0 44 51 0 0 38 58 89 32 29 0 38 81 0 0 
81 56 82 75 69 107 134 117 128 110 25 44 53 34 44 0 0 0 0 0 0 0 0 0 0 
0 0 0 176 0 0 0 0 186 0 248 251 245 446 262 0 0 0 188 0 0 0 0 169 0 
0 0 0 0 0 157 142 175 151 152 0 0 0 0 0 0 0 0 0 0 78 58 70 68 87 
129 0 0 79 59 146 50 63 144 114 259 83 106 184 175 102 0 0 76 54 224 78 92 188 138 
0 75 0 0 0 0 71 0 0 0 0 57 0 0 0 101 137 74 111 75 47 117 42 46 46 
0 0 95 0 0 85 85 176 105 104 0 0 91 0 0 6 9 97 4 8 14 13 82 9 15 
300 211 214 281 127 146 99 89 130 0 87 86 79 101 0 315 270 187 304 146 149 108 86 157 0 
0 233 0 209 0 0 198 0 208 0 9 214 8 200 9 0 191 0 199 0 0 205 0 216 0 
0 48 0 126 0 0 51 0 141 0 0 49 0 143 0 68 139 74 213 67 0 59 0 130 0 
0 0 0 0 82 83 82 92 65 147 93 84 77 86 137 0 0 0 0 87 0 0 0 0 88 
100 285 320 57 223 33 205 258 8 145 94 293 330 62 204 105 303 325 95 245 242 327 391 163 301 
0 50 33 0 84 19 61 48 12 101 30 84 100 41 83 0 63 30 0 70 0 65 29 0 70 
121 94 102 131 130 17 0 0 39 0 12 0 0 41 0 19 0 0 46 0 90 63 71 110 80 
83 0 69 0 0 69 0 83 0 0 135 62 118 57 56 114 18 92 17 14 80 0 83 0 0 
0 19 82 0 97 0 13 69 0 108 0 15 75 0 108 0 14 92 0 136 0 13 70 0 102 
18 48 140 76 16 73 83 159 111 58 0 43 124 36 0 40 73 162 109 47 0 26 104 59 0 
0 67 0 0 0 0 83 0 0 0 140 256 132 148 137 0 91 0 0 0 16 92 20 28 27 
0 0 0 88 0 79 87 74 151 110 0 0 0 93 0 0 0 0 100 0 102 79 83 198 88 
49 0 92 48 0 57 0 109 53 0 59 0 93 50 0 46 0 102 54 0 44 0 98 46 0 
77 46 0 29 0 102 73 16 47 24 92 86 0 25 0 109 53 0 41 0 86 58 0 33 0 
0 0 0 0 33 251 259 257 265 298 0 0 0 0 49 0 0 0 0 51 0 0 0 0 51 
111 48 64 127 95 69 42 61 117 80 27 0 1 58 15 31 0 0 56 14 39 14 8 68 29 
30 56 8 9 10 17 53 0 0 0 22 79 0 0 0 137 171 133 126 122 27 78 0 0 0 
0 0 0 21 0 193 175 202 202 165 0 0 0 23 0 0 0 0 21 0 0 0 0 19 0 
76 80 142 143 91 0 0 54 64 0 0 0 78 61 0 0 0 69 56 0 0 0 59 65 0 
67 63 61 49 72 42 0 0 0 11 84 66 51 52 80 31 0 0 0 22 96 51 45 50 66 
0 0 25 0 69 9 6 36 12 89 0 0 34 0 70 10 7 43 8 95 81 75 114 64 153 
55 105 136 63 70 28 79 95 26 26 0 32 70 0 0 0 37 69 0 0 0 39 66 0 0 
0 0 127 0 0 0 0 100 0 0 85 126 233 121 114 0 0 97 0 0 0 0 118 0 0 
106 114 33 56 139 36 44 0 0 81 41 60 0 0 69 45 43 0 0 77 54 45 0 0 79 
0 48 0 23 36 59 115 57 80 94 0 59 0 27 38 0 55 0 39 40 26 65 21 53 63 
10 7 103 6 14 0 0 96 0 0 0 0 94 0 0 38 43 134 29 30 83 91 167 62 100 
0 0 0 51 75 88 81 63 117 162 0 0 0 49 73 0 0 0 36 84 0 0 0 47 73 
117 212 96 92 100 23 141 0 0 0 36 145 9 9 15 29 92 0 0 0 23 109 1 0 0 
77 38 103 51 103 21 0 44 9 58 22 0 46 0 72 20 0 56 6 63 5 0 34 0 65 
51 0 13 0 4 75 0 3 0 0 88 46 57 47 76 84 26 0 0 0 138 97 72 98 76 
28 34 118 46 52 9 0 81 0 0 0 0 77 0 0 2 0 68 0 2 30 25 108 27 23 
0 61 63 0 0 0 65 34 0 0 21 102 72 21 21 32 105 59 39 41 0 61 44 0 0 
26 0 82 0 42 56 43 118 39 75 21 0 72 0 19 24 3 81 1 23 24 0 95 0 18 
0 2121 0 0 0 0 2174 0 0 0 0 2075 0 0 0 1 2136 0 0 0 0 2066 0 0 0 
25 107 109 18 16 79 171 184 70 73 7 119 99 5 0 29 158 122 72 36 10 100 100 2 4 
69 146 133 0 0 66 182 151 0 0 98 175 152 0 0 113 188 152 0 0 90 188 169 0 0 
0 85 0 106 0 87 140 69 169 88 77 140 39 147 48 0 77 0 100 0 0 93 0 84 0 
0 0 0 0 0 1273 1237 1231 1192 1254 0 0 0 0 0 0 0 0 0 0 0 0 0 0 0 
0 0 81 128 0 0 0 76 109 0 0 0 85 130 0 0 0 83 129 0 0 0 74 131 0 
171 57 66 117 63 202 55 56 130 80 102 0 0 45 0 105 0 0 47 0 107 0 0 61 0 
0 121 0 0 83 0 137 0 0 86 0 151 0 0 91 0 130 0 0 67 0 140 0 0 96 
225 365 193 259 147 100 238 33 96 2 350 512 273 394 166 168 358 184 224 82 231 414 275 284 167 
87 78 282 288 91 0 0 190 204 14 107 100 274 284 103 0 0 154 177 8 10 12 210 191 20 
147 118 104 148 258 9 23 4 12 172 12 17 8 7 160 222 223 171 198 367 229 256 223 219 383 
0 69 0 0 0 0 56 0 0 0 0 78 0 0 0 9 81 4 8 4 201 233 185 163 180 
61 34 37 9 53 53 19 31 0 51 51 21 37 0 38 83 17 35 0 51 130 104 102 70 143 
200 71 0 98 0 205 65 0 104 0 204 39 0 104 0 186 53 0 106 0 187 48 0 108 0 
0 0 1438 0 0 0 0 1463 0 0 0 0 1350 0 0 0 0 1456 0 0 0 0 1440 0 0 
68 0 7 47 23 96 66 55 97 66 91 57 58 77 76 64 26 22 67 29 56 0 0 25 12 
117 120 133 86 190 0 0 8 2 51 54 84 80 61 117 0 0 24 0 56 0 0 16 0 63 
52 95 0 126 0 163 204 100 240 92 129 136 76 208 83 63 86 0 103 0 42 79 0 110 0 
84 90 67 86 132 78 82 64 59 96 0 25 0 0 44 0 23 0 0 30 53 69 56 51 84 
0 64 0 0 0 28 114 31 32 28 32 119 33 30 29 24 109 22 24 30 35 110 39 34 45 
33 10 41 33 0 103 68 109 108 61 43 20 47 35 0 47 9 44 35 0 41 19 37 38 0 
151 0 0 0 0 129 0 0 0 0 208 78 105 102 99 118 0 0 0 0 135 0 0 0 0 
0 0 0 0 821 0 0 0 0 778 0 0 0 0 833 0 0 0 0 820 0 0 0 0 763 
111 83 0 123 56 111 86 0 153 69 142 151 42 162 98 110 83 5 124 87 121 132 0 176 87 
126 0 0 0 0 264 99 89 82 78 156 0 0 0 0 149 0 0 0 0 140 0 0 0 0 
0 0 0 0 0 74 58 74 64 72 0 0 0 0 0 144 125 148 150 143 0 0 0 0 0 
0 22 0 143 0 33 53 46 186 32 0 19 0 130 0 0 15 0 136 0 0 20 0 160 0 
160 60 143 117 137 94 0 97 38 60 95 0 102 72 63 213 119 194 136 187 70 0 55 39 43 
47 53 56 134 114 27 24 35 87 85 0 0 0 81 59 0 0 0 51 51 2 6 4 78 50 
0 12 65 0 0 89 103 192 97 96 0 12 82 0 0 68 84 183 53 67 0 5 79 0 0 
199 10 189 0 0 198 2 174 0 0 197 6 185 0 0 179 3 181 0 0 212 18 178 6 6 
363 136 398 175 228 391 198 435 238 246 357 175 404 216 246 242 24 257 96 141 218 67 284 58 127 
78 173 88 94 76 0 90 0 32 0 18 139 32 42 29 0 118 0 24 0 0 84 0 23 0 
0 0 34 0 62 38 50 88 47 122 59 75 94 55 135 0 0 34 0 65 0 0 54 0 66 
0 0 20 0 209 0 0 16 0 199 0 0 31 0 188 0 0 31 0 199 0 0 28 0 204 
0 0 0 58 0 0 0 0 65 0 61 70 53 156 49 0 0 0 67 0 96 83 92 176 105 
92 0 0 110 0 128 0 0 126 0 124 0 0 107 0 101 0 0 133 0 115 0 0 130 0 
0 34 72 82 6 101 170 177 189 113 148 194 227 212 124 11 70 122 115 34 82 121 124 143 44 
118 147 137 118 235 0 0 0 0 86 0 0 0 0 78 25 28 32 21 121 0 0 0 0 87 
122 211 129 119 122 0 111 0 0 0 77 182 83 87 77 10 107 5 1 11 95 195 83 78 93 
139 131 76 78 83 80 46 0 0 0 85 47 3 4 9 64 48 0 0 0 73 58 0 0 0 
0 132 0 0 0 39 175 56 60 65 0 133 0 0 0 68 212 93 93 73 0 123 0 0 0 
0 0 0 0 0 0 0 0 0 0 0 0 0 0 0 0 0 0 0 0 417 391 423 405 380 
0 0 37 0 0 73 79 92 75 87 0 0 31 0 0 77 75 85 59 79 19 24 59 22 26 
8 15 16 21 58 0 0 0 1 42 85 94 83 84 117 0 0 0 0 37 82 118 88 90 133 
0 0 0 129 0 0 0 0 111 0 0 0 0 137 0 0 0 0 146 0 73 73 80 195 81 
0 72 0 33 79 0 67 0 39 85 0 62 0 38 103 0 66 0 35 84 20 84 27 65 132 
0 112 0 0 0 0 108 0 0 0 0 105 0 0 0 0 96 0 0 0 97 185 99 105 92 
0 20 0 13 0 96 112 94 86 101 86 85 89 85 86 0 23 0 16 0 133 177 142 168 133 
0 0 117 55 0 43 45 155 106 50 0 0 102 39 0 0 0 89 38 0 0 0 126 35 0 
59 0 0 0 0 125 61 61 76 69 99 20 18 20 15 131 47 46 52 41 58 0 0 0 0 
83 35 33 110 37 39 0 0 91 0 48 0 0 84 0 83 35 30 119 32 55 0 0 83 0 
0 0 15 18 0 0 0 0 28 0 108 103 73 115 104 0 0 0 30 0 0 0 13 15 0 
2 8 55 107 8 0 0 51 78 0 47 32 109 128 50 28 39 75 122 37 0 0 51 80 0 
46 2 39 38 9 33 2 32 37 18 102 62 102 95 74 59 15 38 43 16 41 0 37 40 0 
42 0 63 0 58 46 0 62 0 56 30 0 79 0 80 101 56 121 69 116 37 0 59 0 63 
125 6 215 89 52 91 3 192 95 31 81 0 177 32 19 224 100 282 160 162 118 23 228 98 65 
11 104 167 45 131 133 199 297 144 246 36 108 206 54 167 0 65 173 2 120 85 151 230 127 209 
20 22 24 60 49 41 39 34 79 76 0 0 0 35 31 0 0 0 22 19 80 92 93 128 104 
18 33 0 97 0 30 49 0 114 0 81 78 44 135 56 27 39 0 110 0 46 33 0 90 0 
0 0 53 0 0 163 145 222 152 177 0 0 61 0 0 0 0 72 0 0 0 0 73 0 0 
75 17 13 11 24 115 88 85 84 88 138 96 99 124 125 51 0 7 0 13 43 11 17 10 27 
14 132 80 18 42 0 109 70 10 10 0 90 55 0 20 0 107 59 6 16 38 146 102 36 79 
136 195 96 102 105 75 68 40 19 23 41 51 16 0 0 39 50 16 0 0 36 46 14 0 0 
87 92 19 15 17 63 54 0 0 1 70 76 20 10 20 88 84 53 48 57 94 84 65 34 48 
39 76 43 73 29 0 60 10 42 16 0 50 9 44 19 0 42 14 31 13 39 106 64 100 79 
0 0 63 30 14 0 0 51 37 3 0 0 49 41 7 47 60 136 112 70 60 56 110 98 73 
29 37 26 22 31 0 0 0 0 0 71 59 57 62 55 0 0 0 0 0 120 107 99 114 110 
45 37 35 38 42 0 0 6 0 0 0 0 8 0 0 57 50 84 61 63 131 87 139 156 134 
40 44 106 46 53 6 9 61 11 16 59 44 123 44 44 0 0 50 0 0 0 0 57 11 0 
0 0 180 32 0 0 0 141 23 0 19 20 156 37 18 0 0 166 23 0 0 0 162 23 0 
45 70 0 0 0 66 93 37 29 29 68 110 16 14 9 80 118 37 38 42 37 65 0 0 0 
92 130 74 60 65 13 50 3 0 0 76 127 62 52 45 36 74 32 17 14 26 60 0 0 0 
0 122 113 172 0 0 130 124 166 0 0 109 123 169 0 0 118 117 157 0 0 133 123 169 0 
18 0 0 191 0 13 0 0 134 0 136 109 124 261 109 23 0 0 152 0 30 1 1 141 1 
92 129 25 64 88 147 201 74 92 162 114 149 61 86 109 71 94 4 20 60 186 229 105 135 171 
58 163 113 77 88 8 39 55 9 3 30 73 93 31 26 23 71 71 11 25 0 54 45 0 0 
3 22 15 8 68 10 33 25 4 107 0 16 14 6 46 60 85 63 49 143 29 38 33 25 96 
682 489 555 416 525 478 244 276 183 269 478 288 310 199 301 348 105 134 40 138 541 328 410 328 378 
80 58 2 6 0 164 169 74 79 73 80 87 0 0 0 100 91 24 15 16 77 62 0 0 0 
150 288 109 122 132 232 347 124 226 165 116 284 76 146 71 28 187 0 42 0 91 216 69 99 56 
0 0 0 0 51 0 0 0 0 59 0 0 0 0 69 0 0 0 0 59 143 166 149 156 191 
150 0 0 53 0 156 0 0 54 0 141 0 0 40 0 168 0 0 46 0 149 0 0 41 0 
164 145 202 282 146 33 1 91 151 0 83 53 134 209 82 47 8 110 124 31 41 0 88 104 3 
66 109 81 173 177 0 9 5 95 52 0 10 5 64 71 0 11 11 92 57 34 45 38 108 71 
139 134 78 44 34 204 188 154 108 121 104 66 55 31 13 252 220 166 162 147 145 146 107 48 67 
68 138 59 58 61 0 59 0 0 0 7 90 4 5 4 0 68 0 0 0 83 178 66 84 77 
0 0 0 17 0 0 1 0 24 0 0 0 0 20 0 0 0 0 25 0 200 212 244 258 241 
56 10 66 144 126 27 3 33 118 107 88 27 50 154 123 38 0 42 123 101 184 96 161 249 263 
0 100 70 0 97 0 101 75 0 99 0 115 60 0 83 0 87 81 0 97 0 122 79 0 96 
46 22 55 39 32 71 52 92 55 54 17 15 33 16 12 54 44 102 71 47 8 0 29 0 0 
83 0 0 0 49 66 0 0 0 49 85 0 0 0 60 69 0 0 0 50 181 98 79 94 158 
44 54 0 43 39 34 52 0 62 43 35 35 0 86 40 107 122 67 138 96 52 70 16 67 60 
70 87 96 76 61 10 36 39 13 9 0 14 44 0 0 58 69 84 51 45 21 29 55 18 13 
0 0 0 148 35 0 0 0 166 30 30 30 18 168 56 0 0 0 155 38 0 0 0 152 43 
0 0 0 180 17 226 190 176 446 238 0 0 0 195 16 168 174 158 360 141 2 0 0 187 11 
82 174 221 263 88 38 161 170 227 33 86 153 215 281 90 101 235 224 297 125 155 197 233 318 110 
0 0 0 1316 0 0 2 0 1311 2 0 0 0 1323 0 0 1 1 1379 2 0 0 0 1323 0 
195 0 0 0 0 197 13 18 16 20 178 0 0 0 0 197 0 0 0 0 164 0 0 0 0 
92 0 0 0 0 117 0 0 0 0 122 0 0 0 0 102 0 0 0 0 206 88 85 89 99 
184 97 56 90 108 61 0 0 13 18 167 46 45 59 61 136 51 65 90 88 180 133 96 141 120 
9 15 0 2 0 0 30 0 0 0 0 6 0 0 0 30 53 24 41 47 0 0 0 0 0 
88 88 155 110 86 0 0 49 0 0 0 0 58 0 0 0 0 74 0 0 207 201 243 218 205 
2 12 3 81 201 111 125 107 201 326 0 21 0 91 232 0 11 0 79 235 113 140 110 177 284 
12 12 90 16 264 8 1 62 9 191 121 101 187 126 314 153 162 231 178 365 3 5 62 2 201 
161 229 286 203 102 181 241 331 239 127 188 275 339 230 168 73 160 274 123 37 68 192 231 157 35 
122 0 0 5 0 100 0 0 0 0 121 0 0 2 0 117 0 0 0 0 154 19 29 41 32 
0 0 200 0 36 0 0 221 0 35 0 0 195 0 26 0 0 185 0 24 0 0 186 0 30 
34 57 43 31 48 0 47 0 0 21 43 77 41 36 56 4 35 0 0 29 0 57 0 1 24 
609 626 640 680 625 0 0 0 0 0 0 0 0 0 0 0 0 0 0 0 0 0 0 0 0 
65 47 0 0 0 80 69 15 14 13 130 81 34 35 27 85 61 0 0 0 94 95 23 23 29 
29 0 0 60 76 79 44 44 93 124 19 0 0 61 65 35 11 18 54 58 31 29 35 75 79 
0 0 49 61 0 78 47 101 97 68 0 0 40 37 0 62 56 115 81 52 45 31 91 76 27 
14 7 0 0 65 11 2 0 0 65 65 63 55 43 139 20 27 15 15 78 96 115 104 91 145 
54 0 0 0 0 62 0 0 0 0 64 0 0 0 0 202 133 145 146 141 52 0 0 0 0 
88 175 94 144 140 87 281 150 155 208 0 133 47 59 46 145 220 158 178 171 125 252 189 210 187 
0 0 0 0 0 31 35 30 19 22 0 0 0 0 0 59 67 68 65 90 100 94 96 97 127 
127 11 80 8 18 208 2 75 7 15 273 83 152 105 101 279 172 260 154 156 232 53 88 30 43 
