842 905 700 689 771 1063 1162 1041 1022 1054 613 630 589 638 724 950 959 843 943 919 647 597 439 463 640 
232 187 220 203 196 0 0 0 0 0 143 113 142 129 147 0 0 0 0 0 2 0 0 1 2 
166 77 47 258 287 74 0 0 176 175 163 54 28 236 249 65 0 0 140 173 96 0 0 138 187 
129 0 105 139 131 206 37 186 209 214 289 144 264 283 296 244 65 161 204 213 144 3 125 191 146 
185 55 131 156 65 152 11 85 113 0 139 24 78 125 15 132 4 55 113 0 299 187 275 324 193 
132 12 27 0 115 108 8 18 0 124 224 117 127 99 227 198 85 124 79 180 253 139 149 128 309 
0 0 0 0 0 0 0 0 0 0 1027 1034 987 1009 1050 0 0 0 0 0 0 0 0 0 0 
1 0 0 233 0 0 0 3 225 1 101 104 87 340 117 108 104 84 354 121 0 0 0 215 0 
15 8 14 236 9 0 0 0 213 0 46 56 48 216 35 0 0 0 211 0 3 6 4 218 5 
0 0 0 0 0 0 0 0 0 0 0 0 0 0 0 68 78 71 69 98 215 181 196 212 186 
71 92 64 55 168 0 13 0 0 103 0 3 0 0 110 0 4 0 0 116 76 76 86 70 165 
181 178 170 186 196 0 0 0 0 0 0 0 0 0 0 0 0 0 0 0 102 94 77 71 105 
0 0 0 0 0 0 0 0 0 0 0 0 0 0 0 425 428 415 406 413 190 180 180 187 201 
0 209 0 0 88 0 200 0 0 100 136 356 161 137 220 0 200 0 0 100 0 230 0 0 84 
811 0 0 0 0 803 1 0 0 0 802 0 0 0 0 835 0 0 0 0 842 0 0 0 0 
13 8 183 141 157 36 17 170 170 148 110 93 236 223 210 166 169 354 313 274 144 92 255 222 297 
69 100 68 122 59 48 65 49 100 60 0 32 0 42 0 36 77 40 74 35 0 34 0 42 1 
29 9 15 8 20 129 94 103 99 111 31 1 0 0 21 29 0 0 0 21 125 108 92 100 133 
0 0 166 0 0 0 0 152 0 0 0 0 164 0 0 183 153 311 153 156 0 0 164 0 0 
0 93 54 69 0 0 124 61 59 0 49 140 126 131 46 0 108 80 68 0 0 109 88 63 0 
1 1 0 2 164 153 119 135 150 262 140 123 119 127 223 3 14 0 1 129 86 96 113 91 212 
0 0 0 0 0 0 0 0 1 0 0 0 0 0 0 1030 1083 1098 1062 993 0 0 0 0 0 
0 18 54 145 0 0 17 54 118 0 0 19 47 153 0 0 17 51 144 0 0 15 52 147 0 
65 47 0 0 0 83 71 15 14 13 138 89 39 35 31 93 66 0 0 0 94 90 20 25 29 
91 132 86 181 167 9 57 22 80 93 13 44 23 78 91 0 42 0 62 64 0 45 0 70 73 
113 141 144 113 10 101 173 223 113 6 350 357 399 378 250 113 162 159 105 0 302 284 350 276 167 
83 22 18 103 22 70 0 0 112 0 202 143 134 220 124 68 0 0 102 6 114 46 44 172 45 
103 77 39 39 28 127 85 42 52 27 50 43 13 0 0 77 65 16 11 10 74 45 9 0 0 
0 0 162 71 0 0 0 186 67 0 0 0 218 63 0 0 0 198 60 0 0 0 166 53 0 
136 161 164 105 99 0 44 72 0 0 0 47 71 0 0 37 63 98 35 33 0 54 97 0 1 
72 56 77 79 74 110 134 113 123 116 27 43 43 43 40 0 0 0 0 0 0 0 0 0 0 
0 0 0 165 0 0 0 0 173 0 230 233 220 407 242 0 0 0 171 0 0 0 0 155 0 
0 0 0 0 0 184 182 211 154 178 0 0 0 0 0 0 0 0 0 0 95 78 87 93 109 
143 6 19 83 62 156 47 62 133 118 243 102 105 164 166 104 0 0 64 54 227 97 98 180 136 
0 79 0 0 0 0 72 0 0 0 0 57 0 0 0 102 139 76 112 75 49 118 42 48 46 
0 0 100 0 0 91 93 199 122 115 0 0 99 0 0 7 9 106 5 9 16 13 93 10 18 
284 278 209 290 131 132 126 81 125 0 98 126 66 105 0 302 304 191 321 144 151 147 92 150 0 
0 0 0 0 0 37 36 32 21 25 0 0 0 0 0 70 73 77 80 115 110 113 107 113 143 
0 229 0 204 0 0 178 0 196 0 7 205 5 198 7 0 195 0 193 0 0 199 0 208 0 
0 45 0 125 0 0 53 0 151 0 0 50 0 142 0 72 144 67 210 70 0 63 0 134 0 
0 0 0 0 77 81 73 81 68 136 93 71 84 83 133 0 0 0 0 88 0 0 0 0 79 
59 280 302 43 204 22 183 250 5 143 61 246 298 38 200 91 311 291 84 233 185 364 382 160 248 
0 54 41 0 93 22 72 56 15 119 31 107 105 46 92 0 71 31 0 86 0 68 32 0 89 
103 71 103 147 110 17 0 0 55 0 13 0 0 56 0 20 0 0 55 0 87 73 61 133 69 
75 0 70 0 0 81 0 82 0 0 128 57 128 52 57 118 17 84 16 12 75 0 81 0 0 
0 16 81 0 96 0 12 69 0 107 0 18 74 0 108 0 14 93 0 135 0 12 68 0 102 
20 65 167 98 30 67 84 172 129 66 0 44 121 47 0 54 83 174 126 56 0 29 113 69 0 
0 73 0 0 0 0 75 0 0 0 133 259 114 143 130 0 93 0 0 0 15 93 18 26 29 
0 0 0 89 0 71 76 65 151 100 0 0 0 91 0 0 0 0 94 0 97 76 66 193 73 
57 0 104 52 0 65 0 133 60 0 67 0 102 54 0 53 0 115 61 0 47 0 119 51 0 
77 45 0 29 0 103 73 15 47 24 92 86 0 25 0 110 53 0 40 0 87 58 0 33 0 
0 0 0 0 24 196 172 188 196 215 0 0 0 0 35 0 0 0 0 29 0 0 0 0 32 
110 57 67 134 99 75 42 62 116 85 25 0 0 64 12 40 0 0 56 13 47 15 8 63 33 
30 60 8 7 10 17 52 0 0 0 21 80 0 0 0 130 168 130 124 119 28 76 0 0 0 
0 0 0 21 0 186 170 197 198 164 0 0 0 23 0 0 0 0 22 0 0 0 0 19 0 
71 79 133 138 90 0 0 52 63 0 0 0 74 60 0 0 0 67 53 0 0 0 59 63 0 
63 56 58 47 67 41 0 0 0 11 76 61 48 48 72 30 0 0 0 21 92 49 45 49 60 
0 0 24 0 69 8 6 34 10 88 0 0 35 0 70 10 5 42 5 97 83 74 116 65 154 
63 116 156 74 80 29 92 106 26 29 0 33 75 0 0 0 42 83 0 0 0 44 78 0 0 
0 0 116 0 0 0 0 96 0 0 80 126 224 120 111 0 0 91 0 0 0 0 112 0 0 
116 124 53 74 170 50 47 0 0 104 55 69 0 0 79 53 43 0 0 90 86 46 0 0 107 
0 63 0 27 42 66 141 65 88 112 0 66 0 30 47 0 59 0 43 47 30 70 25 58 71 
9 7 99 5 12 0 0 87 0 0 0 0 83 0 0 36 39 120 27 29 74 78 150 59 84 
0 0 0 47 75 88 81 63 117 163 0 0 0 49 73 0 0 0 36 84 0 0 0 47 73 
124 211 102 103 109 30 145 0 0 0 39 152 8 9 13 28 97 0 0 0 23 111 0 0 0 
65 32 91 44 96 18 0 41 1 66 14 0 36 0 77 15 0 54 0 58 0 0 35 1 60 
49 0 13 0 1 63 10 0 0 0 84 52 31 46 58 69 15 0 7 0 167 100 94 130 97 
45 34 118 48 48 21 0 81 0 0 10 0 77 0 0 10 0 70 0 0 47 31 113 24 22 
0 62 63 0 0 0 68 46 0 0 21 104 72 21 21 32 109 60 40 42 0 62 50 0 0 
25 0 85 0 37 58 43 116 39 72 20 0 79 0 14 28 2 86 0 13 25 0 92 0 15 
0 2145 0 0 0 0 2195 0 0 0 0 2061 0 0 0 0 2140 0 0 0 0 2069 0 0 0 
16 107 91 17 7 75 174 184 78 55 9 126 131 9 0 37 189 133 76 31 0 113 98 0 0 
66 122 115 0 0 71 149 139 0 0 88 158 138 0 0 85 140 137 0 0 72 131 140 0 0 
0 80 0 141 0 118 172 101 236 117 86 158 45 210 59 0 82 0 130 0 0 105 0 113 0 
0 0 0 0 0 1279 1237 1242 1201 1269 0 0 0 0 0 0 0 0 0 0 0 0 0 0 0 
0 0 83 127 0 0 0 77 107 0 0 0 81 129 0 0 0 82 126 0 0 0 72 129 0 
148 57 49 93 44 155 58 58 109 67 91 0 0 39 0 87 0 0 37 0 90 0 0 46 0 
0 117 0 0 81 0 146 0 0 70 0 155 0 0 82 0 134 0 0 67 0 143 0 0 96 
147 216 136 212 82 95 137 36 105 0 275 367 214 307 148 121 225 91 168 40 147 285 219 266 103 
80 87 276 298 76 0 0 191 202 0 99 99 279 299 82 0 0 169 195 3 3 5 191 187 21 
137 115 102 141 244 10 26 3 3 153 12 8 7 1 155 204 225 179 179 357 209 267 253 231 394 
0 67 0 0 0 0 50 0 0 0 0 69 0 0 0 8 66 4 8 3 165 205 174 150 165 
77 45 60 23 66 75 17 33 0 70 73 13 38 0 42 125 19 34 0 61 213 164 159 144 185 
201 63 0 99 0 205 67 0 103 0 205 45 0 105 0 191 58 0 107 0 201 58 0 111 0 
0 0 1470 0 0 0 0 1472 0 0 0 0 1385 0 0 0 0 1486 0 0 0 0 1458 0 0 
91 4 14 58 26 126 90 67 125 89 118 75 76 100 90 79 30 25 76 43 66 0 2 34 17 
110 118 130 89 191 0 0 7 0 46 54 76 71 59 113 0 0 18 0 56 0 0 13 0 62 
37 73 0 110 0 109 160 82 192 70 103 122 89 207 89 46 73 0 108 0 29 54 0 103 0 
60 66 62 65 101 65 61 50 49 78 0 19 0 0 36 0 16 0 0 23 44 57 42 38 71 
0 72 0 0 2 33 141 35 36 33 41 149 35 38 31 26 125 24 26 36 41 125 50 34 51 
32 10 40 33 0 103 68 111 108 63 43 20 47 36 0 47 8 44 34 0 41 20 37 36 0 
142 0 0 0 0 121 1 0 0 0 199 77 98 100 95 116 0 0 0 0 129 0 0 0 0 
0 0 0 0 835 0 0 0 0 789 0 0 0 0 841 0 0 0 0 829 0 0 0 0 769 
125 104 0 154 51 134 95 0 167 75 170 159 41 222 113 134 109 5 176 82 132 149 0 203 76 
133 0 0 0 0 257 101 87 83 76 153 0 0 0 0 149 0 0 0 0 156 0 0 0 0 
0 0 0 0 0 79 54 77 71 70 0 0 0 0 0 174 140 166 161 167 0 0 0 0 0 
0 21 0 143 0 33 53 47 186 32 0 18 0 132 0 0 16 0 136 0 0 18 0 160 0 
154 64 117 97 155 97 1 91 25 67 81 2 106 61 77 192 108 174 118 179 70 0 54 32 48 
43 48 54 128 106 28 22 31 79 74 0 0 0 77 55 0 0 0 48 50 6 10 8 75 53 
0 11 79 0 0 94 114 193 98 102 0 13 92 1 0 73 102 202 62 83 0 3 73 0 0 
198 5 187 0 0 194 0 169 0 0 193 4 179 4 0 174 3 180 0 0 208 19 175 9 10 
367 134 366 163 243 383 182 426 193 230 361 136 376 207 252 236 25 245 71 129 263 71 289 58 134 
66 157 70 87 67 0 86 0 27 0 17 135 29 34 28 0 107 0 17 0 0 76 0 23 0 
0 0 33 0 58 35 46 78 44 113 55 74 89 53 121 0 0 33 0 61 0 0 49 0 58 
0 0 20 0 217 0 0 17 0 201 0 0 31 0 189 0 0 30 0 204 0 0 25 0 203 
0 0 0 56 0 0 0 0 65 0 58 66 51 157 48 0 0 0 62 0 86 82 88 169 91 
103 0 0 123 0 140 2 0 147 0 139 0 0 120 0 132 0 0 135 0 117 0 0 139 0 
12 47 83 67 3 108 167 175 181 105 165 213 227 216 144 10 66 105 88 3 64 89 102 103 36 
117 130 126 118 224 0 0 0 0 80 0 0 0 0 85 23 29 28 27 113 0 0 0 0 87 
135 224 133 124 128 0 115 0 0 0 83 188 86 89 78 2 102 0 0 0 53 184 48 49 67 
149 141 88 88 82 88 51 0 0 0 101 56 4 4 9 70 54 0 0 0 79 62 0 0 0 
0 121 0 0 0 35 171 52 53 70 0 135 0 0 0 66 215 87 84 64 0 120 0 0 0 
0 0 0 0 0 0 0 0 0 0 0 0 0 0 0 0 0 0 0 0 435 409 440 433 392 
0 0 34 0 0 72 77 90 74 86 0 0 29 0 0 76 71 85 59 79 19 25 57 22 26 
8 15 16 17 52 0 0 0 0 35 80 79 70 69 97 0 0 0 0 33 68 98 77 75 104 
0 0 0 136 0 0 0 0 125 0 0 0 0 148 0 0 0 0 153 0 80 79 88 212 94 
0 66 0 33 70 1 63 0 39 76 0 56 0 35 91 0 59 0 32 73 12 78 25 56 112 
0 112 0 0 0 0 108 0 0 0 0 106 0 0 0 0 96 0 0 0 97 185 99 105 92 
0 32 0 0 3 74 95 75 60 72 74 71 73 64 75 0 11 0 15 0 122 150 124 139 118 
0 0 117 55 0 43 45 156 106 51 0 0 102 39 0 0 0 89 38 0 0 0 126 35 0 
60 0 0 0 0 126 62 61 76 69 99 20 18 20 15 131 47 46 52 41 58 0 0 0 0 
83 35 33 111 37 38 0 0 91 0 48 0 0 85 0 83 35 29 120 32 55 0 0 83 0 
0 0 14 27 0 0 0 0 27 0 101 99 96 120 97 0 0 8 30 0 0 0 22 30 0 
35 0 0 82 113 92 84 92 133 207 29 3 4 91 122 64 28 30 105 140 39 36 51 96 115 
3 7 54 108 11 0 0 53 89 0 51 32 115 127 48 30 41 73 125 37 0 0 49 93 0 
61 8 48 54 11 48 7 43 45 20 143 79 124 112 103 83 20 52 58 26 61 0 45 43 3 
44 0 60 0 63 44 0 64 0 58 31 0 72 0 85 96 56 114 69 126 34 0 62 0 66 
87 21 195 90 41 70 0 179 79 24 63 0 151 32 10 178 80 255 144 138 112 20 204 83 58 
12 93 190 40 161 154 228 334 135 272 34 132 238 66 201 0 53 182 2 130 109 163 261 116 249 
19 21 22 58 49 42 39 37 76 72 0 0 0 30 30 0 1 0 22 17 77 91 92 126 103 
24 37 0 96 1 39 61 0 137 0 95 79 50 152 69 30 44 0 125 0 47 35 0 91 0 
0 0 57 0 0 164 146 217 153 181 0 0 67 0 0 0 0 74 0 0 0 0 72 0 0 
8 3 0 0 90 23 2 0 0 97 84 85 62 58 170 25 19 22 20 94 121 160 150 137 194 
93 16 17 6 30 130 78 86 79 89 150 107 103 104 115 68 1 6 0 21 50 11 17 7 33 
18 93 66 15 29 0 83 63 5 6 0 67 39 0 19 0 75 47 5 12 44 117 94 39 78 
153 198 102 98 102 78 70 46 22 25 42 54 16 0 0 39 57 14 0 0 36 43 16 0 0 
76 87 15 19 18 53 49 0 0 0 57 67 15 8 19 70 76 38 42 50 83 82 45 31 47 
37 76 42 71 28 0 61 11 42 16 0 51 11 46 19 0 41 14 31 11 38 104 64 96 78 
0 0 59 29 11 0 0 48 38 0 0 0 48 40 6 49 56 140 102 67 56 54 108 99 63 
33 40 26 23 35 0 0 0 0 0 74 67 62 67 59 0 0 0 0 0 132 114 113 125 123 
39 29 33 31 38 0 0 14 0 0 0 0 18 0 0 35 33 69 45 33 87 66 97 98 87 
34 40 107 56 49 1 8 61 19 0 55 51 128 53 38 0 0 48 0 0 0 0 47 14 0 
0 0 180 32 0 0 0 141 23 0 19 20 156 37 18 0 0 165 23 0 0 0 162 23 0 
43 70 0 0 0 65 93 38 30 29 67 108 17 14 9 79 119 37 37 41 37 66 0 0 0 
102 134 76 72 70 13 55 3 0 0 92 150 69 61 62 39 79 30 20 16 25 66 0 0 0 
0 117 117 168 0 0 137 123 178 1 0 114 124 171 3 0 127 119 158 0 0 132 126 174 2 
20 0 0 209 0 12 0 0 144 0 152 115 135 281 116 17 0 0 182 0 30 0 1 155 1 
138 155 21 68 103 173 257 94 89 174 145 189 77 82 122 92 102 7 22 60 227 272 132 157 194 
86 195 148 90 114 12 60 75 14 7 35 92 113 36 37 34 93 66 18 39 0 75 58 0 0 
10 32 22 12 77 18 38 27 9 120 11 26 20 10 63 73 93 81 53 168 29 43 42 30 110 
628 445 518 367 445 463 211 279 194 204 477 315 329 204 304 349 133 181 84 141 497 315 381 293 319 
99 77 2 3 1 191 166 78 77 87 89 86 0 0 0 108 97 23 19 18 80 69 0 0 0 
127 293 135 124 117 227 338 135 223 161 99 248 72 109 46 27 176 0 17 0 82 233 74 90 47 
0 0 0 0 56 0 0 0 0 63 0 0 0 0 70 0 0 0 0 62 151 177 158 175 207 
70 2 39 0 14 134 15 60 33 33 137 60 104 57 55 146 82 143 64 94 134 26 47 18 34 
150 0 0 54 0 156 0 0 55 0 141 0 0 40 0 168 0 0 46 0 149 0 0 41 0 
162 146 178 259 133 32 0 78 133 0 61 34 131 196 61 49 10 101 120 41 36 0 66 98 0 
70 104 87 173 165 0 8 4 95 44 0 12 5 68 55 0 12 12 95 50 32 42 37 113 69 
144 143 102 61 26 225 197 145 137 132 127 99 64 62 18 277 214 209 160 147 179 171 133 75 75 
58 129 51 57 53 0 55 0 0 0 6 80 4 5 4 0 63 0 0 0 76 151 62 76 65 
0 0 0 16 0 0 0 0 21 0 0 0 0 25 0 0 0 0 19 0 181 198 226 232 229 
30 6 0 5 31 86 86 75 67 99 10 0 0 0 31 0 0 0 0 40 32 0 0 0 34 
52 4 45 93 76 17 5 28 93 77 68 25 53 124 101 21 0 34 79 84 126 76 119 188 192 
0 94 73 0 97 0 92 80 0 103 0 125 61 0 71 0 88 94 0 86 0 122 79 0 97 
47 23 58 38 34 75 54 93 56 56 23 17 36 17 13 55 45 107 72 49 8 0 33 0 0 
85 0 0 0 54 66 0 0 0 50 87 0 0 0 60 71 0 0 0 52 178 94 77 102 160 
90 160 19 137 116 65 181 11 153 143 47 135 13 145 82 249 316 191 280 259 105 236 119 183 139 
94 105 124 92 77 12 40 46 14 11 0 18 52 0 0 74 86 107 61 56 23 35 62 22 16 
0 0 0 139 35 0 0 0 158 28 27 29 16 157 51 0 0 0 149 34 0 0 0 138 38 
0 0 0 149 11 164 151 140 350 184 0 0 0 173 14 129 130 123 290 119 0 0 0 141 7 
54 135 170 198 72 13 92 117 173 27 58 134 145 202 89 42 182 169 258 111 76 123 182 232 92 
0 0 0 1277 0 0 1 0 1289 1 0 0 0 1300 0 1 2 5 1354 2 0 0 0 1311 0 
195 0 0 0 0 197 13 18 17 20 178 0 0 0 0 196 0 0 0 0 166 0 0 0 0 
92 0 0 0 0 117 0 0 0 0 122 0 0 0 0 102 0 0 0 0 206 88 85 89 99 
178 28 63 26 25 152 0 15 2 0 319 101 94 92 93 315 180 257 181 156 224 77 108 54 53 
0 28 0 0 0 0 45 0 0 0 0 0 0 0 0 13 19 0 21 46 0 0 0 0 0 
94 99 179 129 127 1 0 48 0 0 0 0 85 0 0 0 0 74 0 0 222 225 295 280 234 
1 13 0 69 204 114 123 120 196 330 2 24 0 70 237 0 15 0 87 245 112 138 114 179 295 
18 29 80 14 234 6 1 58 9 186 125 112 181 122 302 152 145 222 172 351 1 1 63 3 196 
129 224 257 180 94 151 234 268 170 110 145 241 264 182 132 66 161 200 92 22 82 189 206 132 30 
102 0 0 17 0 88 0 0 0 0 109 0 0 0 0 107 0 0 0 0 140 18 27 27 32 
0 0 205 0 41 0 0 235 0 31 0 0 217 0 31 0 0 201 0 23 0 1 181 0 34 
0 0 52 75 0 78 64 121 114 70 0 0 47 48 0 66 63 125 104 57 49 41 96 83 31 
50 76 52 45 70 0 42 0 0 28 41 70 40 37 59 0 32 0 0 35 0 51 0 0 21 
612 619 643 690 626 0 0 0 0 0 0 0 0 0 0 0 0 0 0 0 0 0 0 0 0 
56 0 0 0 0 62 0 0 0 0 65 0 0 0 0 205 134 148 147 146 54 0 0 0 0 
0 0 0 42 0 79 66 49 106 60 0 0 0 26 0 47 51 65 92 55 45 47 44 101 42 
3 0 0 0 0 0 0 0 0 0 1 3 0 0 0 0 0 0 0 0 0 0 0 0 0 
