858 861 673 659 778 1075 1174 961 1007 958 581 652 517 534 642 877 854 759 866 899 505 523 437 374 523 
226 152 217 210 198 0 0 0 0 0 132 97 137 123 128 0 0 0 0 0 0 0 0 0 0 
136 84 43 214 250 90 0 0 173 189 183 62 31 281 272 73 0 0 100 176 74 0 0 155 143 
159 0 127 175 174 251 71 249 267 261 336 143 321 351 366 279 77 212 246 267 177 1 158 228 175 
126 29 62 112 10 108 11 62 84 0 110 23 57 76 18 104 0 42 97 0 225 136 201 240 131 
101 8 27 0 95 98 6 12 0 127 196 98 111 93 194 177 84 111 66 158 233 109 125 114 253 
0 0 0 0 0 0 0 0 0 0 1057 1059 994 1015 1069 0 0 0 0 0 0 0 0 0 0 
0 0 1 243 0 1 0 3 227 1 106 103 98 364 113 105 97 85 373 120 0 0 0 223 0 
13 8 15 191 5 0 0 0 198 0 46 47 39 206 36 0 0 0 181 0 5 5 3 199 4 
0 0 0 0 0 0 0 0 0 0 0 0 0 0 0 71 72 73 71 94 206 184 179 218 183 
61 77 53 49 136 0 9 0 0 88 0 3 0 0 89 0 4 0 0 89 68 67 66 56 140 
154 154 168 173 181 0 0 0 0 0 0 0 0 0 0 0 0 0 0 0 90 92 74 73 91 
0 0 0 0 0 0 0 0 0 0 0 0 0 0 0 430 431 414 401 412 188 177 178 186 205 
0 216 0 0 94 0 195 0 0 103 113 339 142 129 203 0 202 0 0 106 0 238 0 0 89 
812 0 0 0 0 805 0 0 0 0 796 0 0 0 0 844 0 0 0 0 845 0 0 0 0 
43 14 169 127 135 41 12 143 125 134 90 82 225 196 154 181 164 318 279 264 140 92 242 214 257 
72 120 65 128 66 59 68 58 100 70 0 34 0 40 0 32 85 40 82 38 0 36 0 36 0 
34 8 12 7 22 121 98 113 97 130 33 0 0 0 16 21 0 0 0 23 121 111 103 105 145 
0 0 171 0 0 0 0 158 0 0 0 0 173 0 0 186 161 322 153 166 0 0 173 0 0 
0 89 54 59 0 0 100 56 65 0 53 127 120 142 43 0 94 81 70 0 0 101 83 69 0 
0 1 0 5 150 136 123 130 150 256 140 126 127 124 236 0 1 0 0 119 80 96 104 97 198 
0 0 0 0 0 0 0 0 0 0 0 0 0 0 0 1001 1048 1071 1040 973 0 0 0 0 0 
0 17 60 155 0 0 17 57 140 0 0 21 52 165 0 0 19 61 169 0 0 18 59 167 0 
99 147 97 196 186 9 55 21 73 74 10 55 30 93 106 0 45 0 78 66 0 46 1 68 88 
124 149 157 95 5 135 135 217 115 0 329 306 391 352 226 154 158 195 103 6 328 268 394 290 153 
83 20 22 105 21 81 0 0 118 0 225 160 146 248 139 71 0 0 109 5 120 57 52 188 43 
148 120 58 58 52 161 118 62 65 35 59 66 18 0 0 102 101 37 20 25 97 56 14 0 0 
0 0 177 64 0 0 0 203 69 0 0 0 247 85 0 0 0 222 63 0 0 0 184 58 0 
113 158 156 111 117 0 53 67 0 0 0 56 64 0 0 40 68 103 32 37 0 39 86 0 1 
72 55 73 75 69 105 138 114 128 107 25 44 46 37 41 0 0 0 0 0 0 0 0 0 0 
0 0 0 165 0 0 0 0 174 0 230 234 220 409 242 0 0 0 171 0 0 0 0 155 0 
0 0 0 0 0 141 136 168 128 134 0 0 0 0 0 0 0 0 0 0 70 54 64 63 76 
130 2 36 95 53 142 35 66 134 110 246 100 106 183 172 91 0 0 83 40 213 84 101 185 129 
0 78 0 0 0 0 79 0 0 0 0 61 0 0 0 111 150 84 121 82 51 124 46 48 47 
0 0 95 0 0 85 85 176 105 104 0 0 92 0 0 7 9 97 4 8 14 13 82 9 15 
262 211 191 262 115 123 84 86 109 0 93 82 73 92 0 256 238 182 269 107 137 110 88 141 7 
0 217 0 189 0 0 175 0 181 0 0 193 2 180 0 0 183 0 175 0 0 184 0 187 0 
0 46 0 126 0 0 54 0 152 0 0 50 0 138 0 65 141 74 209 72 0 57 0 131 0 
0 0 0 0 78 87 71 77 61 136 87 78 78 81 140 0 0 0 0 74 0 0 0 0 79 
65 271 313 45 203 33 208 251 12 136 83 277 301 66 198 115 304 296 104 248 228 365 393 180 306 
0 49 33 0 87 22 62 48 12 92 28 89 101 40 88 0 67 26 0 72 0 61 30 0 77 
114 93 113 121 133 12 0 0 37 0 17 0 0 43 0 16 0 0 41 0 98 68 58 111 87 
77 0 74 0 0 83 0 81 0 0 149 61 127 58 59 126 19 97 13 13 77 0 89 0 0 
0 18 81 0 96 0 12 71 0 107 0 16 74 0 106 0 14 91 0 133 0 13 69 0 101 
18 51 154 78 21 57 84 161 112 52 0 38 122 38 0 55 69 166 107 50 0 29 110 62 0 
0 71 0 0 0 0 76 0 0 0 136 247 125 145 132 0 103 0 0 0 15 87 21 29 30 
0 0 0 90 0 73 81 67 158 105 0 0 0 87 0 0 0 0 102 0 100 90 89 206 85 
54 0 96 54 0 60 0 121 56 0 65 0 100 54 0 49 0 112 59 0 48 0 102 49 0 
77 45 0 29 0 103 72 16 47 24 92 85 0 26 0 110 53 0 41 0 87 58 0 33 0 
0 0 0 0 36 258 247 252 258 282 0 0 0 0 53 0 0 0 0 51 0 0 0 0 52 
104 55 62 131 92 75 45 53 112 78 25 0 0 59 12 36 0 0 56 11 40 13 8 65 31 
30 64 9 6 11 18 56 0 0 0 22 80 0 0 0 143 173 135 134 123 28 75 0 0 0 
0 0 0 21 0 186 170 197 197 164 0 0 0 23 0 0 0 0 21 0 0 0 0 19 0 
71 79 133 138 89 0 0 53 63 0 0 0 74 60 0 0 0 67 53 0 0 0 59 62 0 
63 57 59 48 67 41 0 0 0 11 76 62 47 47 71 30 0 0 0 22 91 49 44 49 59 
0 0 25 0 71 9 6 37 12 92 0 0 36 0 70 10 7 44 8 96 88 77 121 67 154 
55 104 137 64 70 28 79 95 26 26 0 31 70 0 0 0 37 71 0 0 0 38 66 0 0 
0 0 124 0 0 0 0 97 0 0 84 123 230 123 110 0 0 94 0 0 0 0 118 0 0 
102 116 33 56 143 41 42 0 0 90 44 63 0 0 74 51 46 0 0 83 57 51 0 0 81 
0 49 0 23 36 59 115 57 79 94 0 59 0 26 37 0 55 0 39 40 26 64 22 53 63 
9 7 99 5 12 0 0 85 0 0 0 0 83 0 0 36 39 120 27 29 75 78 150 59 85 
0 0 0 51 75 88 81 63 117 163 0 0 0 49 73 0 0 0 36 84 0 0 0 47 73 
102 191 93 81 91 25 122 0 0 0 32 132 8 8 11 23 87 0 0 0 24 95 3 0 0 
74 38 101 43 102 16 0 41 3 53 16 0 42 0 69 22 0 53 0 60 0 0 33 0 55 
55 0 4 0 2 63 1 3 0 0 66 47 40 46 60 71 0 0 7 0 164 89 80 128 105 
45 34 118 44 49 6 0 81 0 0 0 0 77 0 0 7 0 70 0 0 43 31 104 32 27 
0 62 62 0 0 0 64 42 0 1 21 104 76 21 20 32 109 55 40 42 0 62 53 0 0 
20 0 87 0 38 58 43 117 39 74 18 0 79 0 19 27 0 80 0 16 29 0 92 0 24 
0 2140 0 0 0 0 2188 0 0 0 0 2074 0 0 0 0 2123 0 0 0 0 2085 0 0 0 
13 75 76 12 3 64 124 129 59 63 1 91 78 3 0 25 119 88 61 27 4 80 66 0 1 
58 114 105 0 0 56 126 128 0 0 75 130 117 0 0 71 129 113 0 0 63 113 125 0 0 
0 84 0 90 0 72 140 67 163 77 65 131 36 127 42 0 76 0 112 0 0 97 0 79 0 
0 0 0 0 0 1294 1268 1262 1225 1280 0 0 0 0 0 0 0 0 0 0 0 0 0 0 0 
0 0 80 125 0 0 0 75 106 0 0 0 81 127 0 0 0 81 125 0 0 0 72 128 0 
170 72 60 102 39 188 69 65 113 71 112 0 0 46 0 95 0 0 39 0 103 0 0 51 0 
0 130 0 0 97 0 162 0 0 87 0 165 0 0 94 0 151 0 0 81 0 150 0 0 105 
159 271 177 248 94 99 174 41 103 0 270 433 247 339 114 160 317 183 250 74 184 376 296 268 142 
104 77 279 290 78 0 0 200 181 0 105 94 270 300 85 0 0 173 197 1 11 11 210 183 29 
126 121 90 133 244 9 27 4 20 169 14 16 11 12 177 213 243 186 211 375 222 258 231 251 408 
0 80 0 0 0 0 59 0 0 0 0 73 0 0 0 9 67 5 7 3 193 239 180 151 181 
92 39 54 21 91 71 9 23 0 80 63 8 28 0 41 117 8 16 0 77 208 161 145 131 236 
201 58 0 101 0 203 58 0 104 0 204 48 0 103 0 181 62 0 101 0 194 54 0 115 0 
0 0 1437 0 0 0 0 1453 0 0 0 0 1356 0 0 0 0 1462 0 0 0 0 1437 0 0 
87 0 13 60 31 131 66 53 103 84 130 85 79 102 90 79 28 29 74 38 68 0 0 30 14 
127 132 137 102 200 0 0 6 0 50 70 88 82 69 122 0 0 21 0 57 0 0 12 0 61 
51 98 0 134 0 161 198 106 239 101 132 157 87 250 106 59 91 0 126 0 45 78 0 118 0 
73 103 71 90 130 68 92 68 63 103 0 23 0 0 61 0 20 1 0 24 49 69 53 40 89 
0 67 0 0 0 32 130 34 35 31 31 136 38 34 35 24 122 25 26 31 43 124 47 38 49 
32 11 41 31 0 102 76 112 110 62 44 19 46 35 0 48 8 45 28 0 42 19 39 38 0 
148 0 0 0 0 127 0 0 0 0 214 79 99 104 104 125 0 0 0 0 145 0 0 0 0 
0 0 0 0 820 0 0 0 0 780 0 0 0 0 830 0 0 0 0 824 0 0 0 0 764 
142 95 0 184 75 153 131 0 202 97 196 206 47 223 127 155 125 12 178 121 162 167 0 205 81 
134 0 0 0 0 255 98 90 80 71 161 0 0 0 0 143 0 0 0 0 150 0 0 0 0 
0 0 0 0 0 72 55 70 64 70 0 0 0 0 0 141 116 138 141 135 0 0 0 0 0 
0 22 0 148 0 37 56 46 191 33 0 20 0 137 0 0 20 0 145 0 0 22 0 171 0 
164 60 128 110 143 100 1 98 41 77 79 21 108 60 79 211 111 195 136 176 67 0 44 35 53 
43 48 55 128 106 28 22 31 81 74 0 0 0 77 55 0 0 0 48 50 5 8 9 75 52 
0 11 67 0 0 85 117 193 97 101 0 13 71 0 0 55 87 179 60 70 0 7 69 0 0 
200 4 188 0 0 200 0 170 0 0 199 7 182 4 1 170 0 185 0 0 207 21 178 9 10 
353 113 402 173 238 361 177 441 193 257 353 149 405 172 248 229 33 261 83 156 266 81 299 91 155 
65 151 69 83 66 0 86 0 27 0 16 128 28 34 27 0 104 0 15 0 0 75 0 22 0 
0 0 33 0 56 34 46 78 44 112 55 73 89 52 120 0 0 33 0 61 0 0 49 0 58 
0 0 18 0 204 0 0 16 0 192 0 0 34 0 181 0 0 25 0 187 0 0 24 0 197 
0 0 0 54 0 0 0 0 61 0 58 63 51 153 48 0 0 0 63 0 94 80 88 167 97 
113 0 0 118 0 133 0 0 139 0 139 0 0 124 0 116 0 0 138 0 137 0 0 137 0 
0 34 85 82 4 99 170 173 163 99 159 204 237 237 145 16 69 102 108 31 68 119 122 136 61 
114 131 120 115 224 0 0 0 0 76 0 0 0 0 74 24 28 27 27 108 0 0 0 0 85 
120 210 129 118 124 0 113 0 0 0 76 183 82 84 76 1 101 1 0 1 64 171 63 49 73 
141 132 78 79 82 82 47 0 0 0 91 50 4 4 9 68 51 0 0 0 77 56 0 0 0 
0 128 0 0 0 34 188 50 65 75 0 142 0 0 0 72 208 91 94 71 0 124 0 0 0 
0 0 0 0 0 0 0 0 0 0 0 0 0 0 0 0 0 0 0 0 436 401 437 424 390 
0 0 38 0 0 74 79 92 78 87 0 0 31 0 0 76 73 84 59 78 15 22 56 21 26 
9 15 22 26 68 4 0 0 0 61 106 111 100 98 154 0 0 0 0 54 91 133 102 113 158 
0 1 0 132 0 0 0 0 127 0 0 0 0 150 0 0 0 0 152 0 77 77 85 211 89 
0 77 0 32 82 0 68 0 42 82 0 65 0 38 99 0 63 0 38 86 18 85 26 59 123 
0 112 0 0 0 0 108 0 0 0 0 106 0 0 0 0 96 0 0 0 97 185 99 105 92 
0 30 0 7 0 92 106 90 79 86 82 79 78 72 80 0 20 0 18 0 123 156 126 149 120 
0 0 117 55 0 43 45 155 106 50 0 0 102 39 0 0 0 89 38 0 0 0 126 35 0 
59 0 0 0 0 126 62 61 76 69 99 20 18 20 15 131 47 46 52 41 58 0 0 0 0 
83 34 33 111 37 39 0 0 91 0 48 0 0 85 0 83 35 30 119 32 55 0 0 83 0 
0 0 20 35 0 0 0 0 27 0 100 98 83 98 96 0 0 0 27 0 0 0 19 25 0 
0 0 22 27 51 24 25 66 41 76 26 27 54 41 70 44 29 85 65 89 7 8 46 19 61 
2 7 50 106 8 0 0 51 85 0 52 31 117 132 53 32 40 69 125 36 0 0 54 80 0 
65 7 48 53 11 48 6 46 49 23 131 79 127 129 92 77 23 56 59 17 54 0 51 55 2 
52 0 60 0 68 45 0 69 0 61 34 0 76 0 84 108 63 131 70 131 35 0 64 0 59 
109 18 196 78 34 75 6 162 66 27 67 0 152 26 7 182 91 259 161 133 115 29 222 66 61 
11 90 166 27 133 144 209 299 137 264 35 109 197 51 186 0 51 167 5 131 85 160 247 132 240 
19 22 22 58 49 40 39 35 78 74 0 0 0 31 30 0 0 0 23 17 80 90 89 126 100 
26 33 2 109 0 38 57 0 129 0 85 83 51 150 65 31 48 0 126 0 47 35 0 91 0 
0 0 58 0 0 165 150 219 153 178 0 0 62 0 0 0 0 79 0 0 0 0 69 0 0 
97 18 11 4 30 134 87 95 82 104 159 120 115 118 123 71 1 4 0 25 49 12 16 9 27 
22 144 87 15 38 0 110 77 6 10 0 99 50 0 30 0 119 59 2 13 49 161 112 44 92 
137 188 91 97 100 73 65 48 21 20 38 51 16 0 0 40 46 14 0 0 30 42 13 0 0 
91 99 22 22 24 61 59 3 0 1 82 86 20 11 25 93 104 49 53 59 110 104 67 37 62 
37 73 43 71 28 0 60 10 42 16 0 51 11 45 19 0 43 14 30 7 38 103 63 97 78 
0 0 66 30 15 0 0 49 38 0 0 0 52 44 4 55 61 151 113 70 60 61 113 101 68 
29 38 26 22 31 0 0 0 0 0 70 59 56 62 55 0 0 0 0 0 120 107 99 114 110 
39 30 34 32 39 0 0 14 0 0 0 0 19 0 0 46 40 77 53 46 110 89 127 125 107 
36 43 109 47 54 6 8 62 16 17 57 47 125 53 45 0 0 51 0 3 0 2 58 10 0 
0 0 179 31 0 0 0 141 21 0 19 20 154 36 18 0 0 166 22 0 0 0 160 22 0 
46 79 0 0 0 71 105 42 34 29 77 122 20 17 10 87 129 41 42 43 42 70 0 0 0 
81 111 68 53 62 9 43 0 0 0 71 122 61 48 54 36 67 27 17 16 24 54 0 0 0 
0 118 106 160 0 0 126 119 164 0 0 108 119 168 0 0 118 114 153 0 0 128 118 165 0 
18 0 0 211 0 19 0 0 134 0 142 111 138 270 117 14 0 0 161 0 35 1 0 150 0 
178 220 89 123 150 224 359 177 160 273 167 240 132 113 156 95 150 10 35 81 322 391 207 249 284 
63 182 136 91 94 7 42 70 14 3 33 81 109 36 39 22 90 69 10 27 1 59 46 0 0 
0 16 10 0 60 5 19 12 1 107 1 9 9 3 54 61 93 71 48 150 30 35 38 27 90 
692 510 560 446 497 446 187 281 178 225 512 284 331 215 323 400 166 171 75 146 514 345 367 311 346 
86 61 2 3 2 162 143 64 69 70 76 82 0 0 0 91 86 20 15 15 64 52 0 0 0 
144 300 129 120 121 222 341 128 231 165 115 250 71 127 62 34 182 0 18 0 100 222 78 83 55 
0 0 0 0 52 0 0 0 0 57 0 0 0 0 65 0 0 0 0 58 134 157 141 152 185 
58 2 33 0 11 116 15 47 29 32 125 51 86 48 53 152 71 112 68 90 127 34 50 17 24 
150 0 0 48 0 155 0 0 50 0 141 0 0 33 0 168 0 0 41 0 149 0 0 38 0 
158 132 173 247 123 33 1 82 127 0 70 44 126 178 56 42 12 88 98 28 35 0 85 94 0 
98 152 117 273 233 0 13 5 122 66 0 14 9 75 76 0 17 10 114 74 44 60 51 158 100 
154 155 107 77 51 215 221 175 151 152 109 114 83 65 27 261 243 220 175 154 172 207 144 75 74 
55 127 49 56 48 0 55 0 0 0 6 80 4 5 4 0 64 0 0 0 74 153 60 76 64 
0 0 0 17 0 0 0 0 21 0 0 0 0 21 0 0 0 0 19 0 179 192 217 224 215 
52 0 41 105 87 11 3 36 105 94 64 17 48 134 112 19 0 32 90 85 128 77 112 195 203 
0 98 73 0 92 0 96 75 0 99 0 109 61 0 76 0 90 94 0 96 0 118 78 0 94 
50 27 60 47 39 80 55 98 59 58 23 18 36 24 13 56 45 115 77 55 8 0 33 0 0 
80 0 0 0 53 65 0 0 0 50 85 0 0 0 60 65 0 0 0 52 178 92 83 93 153 
87 132 27 113 86 85 163 27 126 120 39 93 0 74 60 217 255 166 229 200 115 214 110 165 149 
70 87 96 76 62 10 36 39 13 9 0 14 44 0 0 58 69 84 51 45 21 29 55 19 13 
0 0 0 140 35 0 0 0 159 28 27 28 16 156 51 0 0 0 150 34 0 0 0 138 38 
0 1 0 174 13 217 178 182 423 217 1 0 0 189 15 147 164 162 335 146 1 1 1 188 21 
62 161 178 199 82 57 121 161 194 33 106 177 183 230 106 104 225 195 269 114 118 159 201 270 117 
0 0 0 1278 0 0 4 0 1295 0 0 0 0 1316 0 2 4 4 1363 3 0 0 0 1316 0 
195 0 0 0 0 197 13 18 17 20 178 0 0 0 0 196 0 0 0 0 166 0 0 0 0 
92 0 0 0 0 117 0 0 0 0 122 0 0 0 0 102 0 0 0 0 205 88 85 89 99 
165 30 58 34 41 126 0 13 5 4 265 77 91 90 75 216 117 179 137 128 203 57 82 62 64 
0 17 0 0 0 0 30 0 0 0 0 13 0 1 0 23 42 21 37 49 0 0 0 0 0 
61 79 133 117 97 0 0 45 0 0 0 0 61 0 0 0 0 54 0 0 179 183 210 233 188 
1 19 4 86 212 123 132 133 206 354 0 24 1 83 252 0 19 4 88 265 120 151 117 186 320 
14 10 83 13 249 2 0 63 11 182 119 104 170 141 302 147 150 225 180 349 4 1 55 0 202 
120 251 308 187 80 138 255 324 187 78 117 223 284 182 106 54 186 234 99 2 59 180 223 120 0 
116 0 0 24 0 108 0 0 0 0 124 0 0 0 0 120 0 0 0 0 148 20 30 30 33 
0 0 193 0 38 0 0 222 0 29 0 0 200 0 33 0 0 197 0 24 0 0 189 0 32 
52 77 47 46 76 0 50 3 0 25 42 75 39 30 60 0 37 0 0 35 0 56 0 0 22 
610 617 640 684 625 0 0 0 0 0 0 0 0 0 0 0 0 0 0 0 0 0 0 0 0 
55 0 0 0 0 62 0 0 0 0 64 0 0 0 0 202 133 145 146 141 52 0 0 0 0 
71 51 0 0 0 87 71 16 15 13 138 83 35 38 30 91 65 0 0 0 97 95 24 23 28 
0 0 0 0 0 4 0 0 13 0 2 0 0 0 0 56 38 38 30 41 0 0 0 0 0 
31 0 0 61 73 75 49 45 100 125 20 0 0 58 70 34 10 15 60 66 28 30 34 75 79 
11 8 0 0 80 16 0 0 2 63 68 64 48 45 137 21 20 16 16 80 95 109 97 102 136 
0 0 54 62 0 82 57 118 115 76 0 0 43 44 0 86 64 130 107 68 56 36 101 91 37 
0 0 0 11 0 53 58 41 43 41 0 0 0 7 0 85 87 98 104 116 139 136 139 141 155 
