834 749 614 665 753 1025 1173 982 940 1001 615 631 555 525 683 1023 1006 939 959 1042 583 493 428 376 603 
180 131 187 172 162 0 0 0 0 0 124 95 130 111 126 0 0 0 0 0 0 0 0 0 0 
129 67 37 209 241 73 0 0 142 149 159 39 31 215 223 51 0 0 104 116 59 0 1 110 129 
168 7 130 162 162 229 61 229 256 251 327 138 311 316 336 251 44 173 234 233 161 2 122 219 181 
172 53 122 158 42 133 14 75 98 0 133 38 97 109 26 124 4 51 115 0 280 178 234 274 168 
124 7 20 0 102 111 0 21 0 134 218 101 109 86 190 170 76 97 56 164 256 112 141 101 257 
0 0 0 0 0 0 0 0 0 0 1064 1055 1028 1044 1088 0 0 0 0 0 0 0 0 0 0 
0 0 0 268 0 0 0 1 250 0 125 117 101 386 122 121 113 94 418 133 0 0 0 245 0 
15 10 15 200 5 0 0 0 192 0 44 52 36 194 31 0 0 0 170 0 4 7 5 189 5 
0 0 0 0 0 0 0 0 0 0 0 0 0 0 0 52 59 58 61 76 155 139 135 165 142 
68 91 67 64 160 0 14 0 0 104 0 3 0 0 103 0 4 0 0 106 87 79 81 70 171 
146 154 167 164 157 0 0 0 0 0 0 0 0 0 0 0 0 0 0 0 91 92 74 74 94 
0 0 0 0 0 0 0 0 0 0 0 0 0 0 0 440 432 424 408 422 196 182 186 191 206 
0 199 0 0 84 0 173 0 0 93 89 301 108 108 165 0 182 0 0 94 0 213 0 0 81 
801 0 0 0 0 812 0 0 0 0 798 0 0 0 0 828 0 0 0 0 833 0 0 0 0 
21 11 231 154 176 45 9 224 183 181 130 109 300 237 234 184 201 431 331 354 151 116 298 238 318 
75 111 66 124 65 49 66 57 98 62 0 35 0 38 0 36 83 44 78 45 0 37 0 38 0 
42 8 20 15 24 139 108 126 119 142 32 0 0 0 20 31 0 0 1 19 139 119 109 128 171 
0 0 141 0 0 0 0 126 0 0 0 0 138 0 0 146 121 257 109 135 0 0 140 0 0 
0 64 43 46 0 0 78 43 45 0 35 96 90 96 33 0 71 47 47 0 0 69 55 42 0 
0 0 0 1 158 149 118 133 138 259 141 128 110 114 246 0 2 0 0 121 83 93 103 86 207 
0 0 0 0 0 0 0 0 0 0 0 0 0 0 0 1047 1112 1102 1088 1014 0 0 0 0 0 
0 19 53 150 0 0 18 60 122 0 0 20 51 158 0 0 18 57 152 0 0 15 54 166 0 
67 52 0 0 0 88 66 14 14 13 135 86 39 34 27 90 62 0 0 0 99 94 23 23 30 
86 142 94 166 179 21 54 25 77 77 12 48 26 89 94 0 49 0 68 66 0 41 1 66 81 
101 108 132 91 0 116 123 195 98 0 301 299 367 319 230 110 123 150 93 0 265 233 303 244 136 
88 26 30 108 25 76 0 0 114 0 210 146 138 230 131 74 0 0 104 1 117 48 51 173 44 
124 109 47 42 40 143 98 54 63 35 61 59 13 0 0 95 86 22 13 19 88 58 6 0 0 
0 0 172 69 0 0 0 191 64 0 0 0 218 62 0 0 0 201 61 0 0 0 176 45 0 
131 173 172 121 120 0 58 73 0 0 0 58 67 0 0 41 70 93 32 35 0 40 91 0 0 
78 71 90 79 80 120 147 124 142 121 24 44 53 50 49 0 0 0 0 0 0 0 0 0 0 
0 0 0 174 0 0 0 0 185 0 241 248 237 447 253 0 0 0 180 0 0 0 0 165 0 
0 0 0 0 0 139 129 163 127 137 0 0 0 0 0 0 0 0 0 0 70 53 63 60 75 
127 0 1 95 47 147 43 54 148 115 251 98 100 201 177 103 0 0 90 48 225 85 109 204 146 
0 94 0 0 0 0 87 0 0 0 0 62 0 0 0 128 173 88 141 87 50 147 44 47 59 
0 0 95 0 0 85 84 176 105 104 0 0 92 0 0 6 9 97 3 7 14 13 82 9 15 
293 276 216 330 140 115 97 67 117 0 75 84 73 106 0 300 252 175 292 134 141 152 108 162 4 
0 0 0 0 0 37 41 35 29 26 0 0 0 0 0 79 85 89 83 126 122 110 109 120 146 
0 226 0 205 0 0 184 0 200 0 8 206 7 202 7 0 187 0 195 0 0 200 0 208 0 
0 39 0 121 0 0 51 0 137 0 0 47 0 141 0 62 144 65 213 64 0 58 0 129 0 
0 0 0 0 76 85 76 78 63 139 86 70 74 79 129 0 0 0 0 73 0 0 0 0 77 
113 323 375 63 262 26 203 267 13 179 68 312 354 73 249 123 344 351 126 278 225 362 421 170 317 
0 54 39 0 89 20 71 47 13 98 34 96 95 52 91 0 67 29 0 70 0 74 29 0 82 
106 86 99 114 115 14 0 0 35 0 12 0 0 38 0 16 0 0 40 0 86 62 64 104 77 
93 0 75 0 0 84 0 82 0 0 174 64 132 65 73 126 18 91 17 16 89 0 91 0 0 
0 18 81 0 96 0 12 69 0 107 0 16 74 0 106 0 14 91 0 133 0 13 69 0 101 
19 60 152 82 22 57 65 154 115 49 0 39 119 39 0 53 70 158 110 38 0 26 109 61 0 
0 74 0 0 0 0 82 0 0 0 141 246 129 148 132 0 97 0 0 0 14 92 21 30 31 
0 0 0 86 0 74 81 60 153 102 0 0 0 91 0 0 0 0 93 0 94 80 70 178 72 
66 0 112 65 0 67 0 134 78 0 84 0 114 64 0 61 0 123 69 0 56 0 133 52 0 
84 49 0 32 0 115 90 17 55 23 104 93 0 29 0 129 60 1 48 0 97 67 0 36 0 
0 0 0 0 27 222 202 210 213 235 0 0 0 0 34 0 0 0 0 37 0 0 0 0 39 
111 54 73 131 96 76 44 64 122 82 27 0 0 61 10 35 0 0 60 13 46 15 9 75 33 
29 55 8 5 10 18 47 0 0 0 22 77 0 0 0 128 166 128 119 115 27 71 0 0 0 
0 0 0 21 0 185 170 197 198 164 0 0 0 23 0 0 0 0 22 0 0 0 0 18 0 
76 87 143 151 96 0 0 55 66 0 0 0 77 66 0 0 0 71 57 0 0 0 66 65 0 
63 57 59 48 68 41 0 0 0 11 76 62 48 48 72 30 0 0 0 22 92 49 45 49 60 
0 0 25 0 71 8 6 39 13 91 0 0 35 0 72 10 7 44 8 99 83 78 116 66 160 
54 104 137 63 70 28 79 95 26 26 0 32 70 0 0 0 37 71 0 0 0 38 66 0 0 
0 0 116 0 0 0 0 99 0 0 79 118 219 118 105 0 0 93 0 0 0 0 111 0 0 
88 104 34 50 119 33 38 0 0 76 37 52 0 0 59 39 40 0 0 64 50 40 0 0 70 
0 49 0 23 36 59 115 57 80 94 0 59 0 27 38 0 56 0 40 40 27 65 22 55 64 
9 7 99 5 12 0 0 87 0 0 0 0 83 0 0 36 39 120 27 29 75 78 150 59 85 
0 0 0 51 75 88 81 63 117 163 0 0 0 49 73 0 0 0 36 84 0 0 0 47 73 
121 211 98 88 105 28 142 0 0 0 33 137 8 9 12 26 86 0 0 0 25 103 3 3 0 
67 27 92 25 94 14 0 41 4 63 16 0 35 0 75 17 0 51 0 63 0 0 39 0 71 
36 4 2 0 2 51 0 1 0 0 46 38 37 45 54 84 54 40 33 36 151 113 96 139 119 
60 34 118 48 44 28 0 81 0 0 20 0 76 0 0 17 0 69 0 0 66 35 115 37 36 
0 0 8 0 1 0 6 0 0 0 0 6 0 0 0 0 0 0 0 0 0 0 9 0 0 
0 62 68 0 0 0 59 54 0 0 21 104 74 21 21 30 108 60 40 42 0 62 53 0 0 
27 0 85 0 41 60 43 120 39 79 20 0 77 0 17 23 0 89 0 22 30 0 96 0 22 
0 2089 0 0 0 0 2133 0 0 0 0 2025 0 0 0 0 2099 0 0 0 0 2022 0 0 0 
14 159 137 14 4 91 278 232 84 84 0 185 148 1 0 27 245 193 64 31 0 161 107 1 0 
77 128 116 0 0 49 149 139 0 0 82 161 140 0 0 81 152 148 0 0 80 168 143 0 0 
0 97 0 106 0 77 159 75 153 88 66 141 36 148 40 1 69 0 102 0 0 96 0 91 0 
0 0 0 0 0 1287 1256 1254 1216 1281 0 0 0 0 0 0 0 0 0 0 0 0 0 0 0 
0 0 80 126 0 0 0 75 106 0 0 0 81 128 0 0 0 81 125 0 0 0 72 128 0 
163 53 54 101 47 150 60 55 109 69 97 0 0 43 0 86 0 0 35 0 90 0 0 49 0 
0 119 0 0 85 0 135 0 0 70 0 151 0 0 79 0 128 0 0 69 0 134 0 0 95 
158 281 161 242 96 83 159 31 112 0 309 417 238 379 151 105 284 118 200 22 199 347 260 289 128 
92 75 276 268 76 0 0 180 199 0 101 91 266 284 92 0 0 159 182 2 3 5 192 198 14 
148 123 115 128 257 6 26 0 7 163 7 9 7 4 167 207 224 172 168 370 235 254 259 235 386 
0 75 0 0 0 0 61 0 0 0 0 72 0 0 0 7 76 3 7 4 171 224 175 152 176 
78 31 59 28 68 67 2 22 0 67 66 4 28 0 51 114 3 18 0 69 196 143 139 140 180 
210 61 0 102 0 213 61 0 103 0 216 49 0 104 0 199 64 0 116 0 204 52 0 112 0 
56 0 0 0 0 65 0 0 0 0 64 0 0 0 0 215 137 155 151 144 52 0 0 0 0 
0 0 1466 0 0 0 0 1495 0 0 0 0 1377 0 0 0 0 1488 0 0 0 0 1461 0 0 
65 3 11 51 20 89 54 51 98 68 90 54 58 76 75 60 23 18 62 29 55 0 0 27 12 
134 147 165 115 211 0 0 9 0 45 69 82 77 71 120 0 0 24 0 54 0 0 14 0 60 
46 93 0 110 0 138 185 104 217 90 112 128 77 188 86 58 79 0 103 0 41 71 0 106 0 
93 97 98 92 137 89 90 85 68 106 0 33 0 0 42 0 21 0 0 33 52 75 67 54 93 
0 73 0 0 0 34 143 34 36 35 36 166 39 36 36 28 130 25 27 35 47 134 48 37 64 
33 11 40 34 0 103 71 112 112 63 42 21 47 37 0 47 9 44 35 0 41 19 36 39 0 
148 0 0 0 0 124 0 0 0 0 204 81 104 101 101 121 0 0 0 0 124 0 0 0 0 
0 0 0 0 839 0 0 0 0 799 0 0 0 0 859 0 0 0 0 844 0 0 0 0 779 
124 126 0 179 54 133 129 6 179 87 188 190 46 253 114 126 142 2 212 94 148 166 3 203 57 
132 0 0 0 0 276 105 98 84 77 181 0 0 0 0 166 0 0 0 0 167 0 0 0 0 
0 0 0 0 0 72 55 71 62 70 0 0 0 0 0 141 117 137 142 136 0 0 0 0 0 
0 23 0 150 0 35 61 48 196 33 0 25 0 140 0 0 18 0 145 0 0 20 0 170 0 
128 61 125 91 161 93 0 100 39 70 91 7 96 67 77 194 105 169 140 158 69 0 59 40 57 
51 57 62 150 116 33 28 34 91 82 0 0 0 87 66 0 0 0 50 56 8 11 9 90 60 
0 11 68 0 0 92 112 200 96 97 0 12 77 2 0 66 84 193 56 75 0 7 69 0 0 
200 4 187 0 0 204 3 170 0 0 201 2 185 4 0 175 1 183 0 0 206 18 177 10 10 
303 100 304 98 194 339 154 361 174 211 326 135 346 184 223 202 9 175 32 112 175 30 237 13 91 
72 160 75 90 68 0 91 0 27 0 19 130 30 38 28 0 114 0 19 0 0 79 0 22 0 
0 0 33 0 58 34 45 78 44 113 55 74 89 52 121 0 0 32 0 61 0 0 49 0 58 
0 0 20 0 220 0 0 18 0 217 0 0 32 0 205 0 0 34 0 214 0 0 28 0 223 
0 0 0 55 0 0 0 0 62 0 58 61 53 148 47 0 0 0 60 0 90 83 90 169 97 
105 0 0 111 0 135 0 0 131 0 120 0 0 109 0 109 0 0 134 0 111 0 0 137 0 
0 45 79 67 0 99 157 176 176 107 153 201 218 220 142 13 56 98 101 5 51 95 111 108 44 
116 139 122 121 233 0 0 0 0 79 0 0 0 0 82 24 28 29 21 113 0 0 0 0 81 
149 251 155 144 157 0 144 0 0 0 94 218 98 93 82 3 120 0 0 2 121 221 84 87 96 
136 126 76 78 78 76 45 0 0 0 85 47 4 4 8 63 47 0 0 0 71 56 0 0 0 
0 128 0 0 0 33 176 59 65 76 0 152 0 0 0 73 216 93 109 75 0 122 0 0 0 
0 0 0 0 0 0 0 0 0 0 0 0 0 0 0 0 0 0 0 0 450 416 450 436 395 
0 0 37 0 0 74 79 95 76 90 0 0 31 0 0 77 75 87 59 79 19 25 59 22 26 
8 15 16 16 56 0 0 0 0 38 81 85 81 76 111 0 0 0 0 34 68 106 82 85 119 
0 0 0 136 0 0 0 0 122 0 0 0 0 151 0 0 0 0 156 0 80 78 83 214 88 
0 65 0 31 70 0 61 0 38 77 0 55 0 33 91 0 59 0 31 72 17 76 25 54 112 
0 112 0 0 0 0 108 0 0 0 0 106 0 0 0 0 96 0 0 0 97 185 99 105 92 
0 14 0 30 0 85 67 81 71 80 62 41 63 48 61 0 2 0 0 0 93 117 111 116 98 
0 0 117 55 0 43 45 155 106 50 0 0 102 39 0 0 0 89 38 0 0 0 126 35 0 
59 0 0 0 0 126 62 61 75 69 99 20 18 20 15 131 47 46 52 41 58 0 0 0 0 
83 35 33 111 37 39 0 0 91 0 48 0 0 85 0 83 35 30 120 32 55 0 0 83 0 
0 0 31 34 0 0 0 12 35 0 111 112 115 134 113 0 0 24 32 0 0 1 28 41 0 
31 0 0 73 100 98 75 69 136 181 29 3 0 83 107 41 17 26 81 87 34 30 47 91 105 
3 6 54 116 9 0 0 48 76 0 55 37 119 129 53 28 42 72 129 39 0 0 55 85 0 
50 4 48 45 10 45 2 39 44 19 131 74 111 115 89 71 17 42 48 14 49 0 46 45 0 
43 0 61 0 59 42 0 62 0 53 28 0 76 0 82 105 59 113 71 120 32 0 58 0 63 
105 30 189 102 48 76 12 164 98 37 70 0 145 41 10 191 92 259 145 130 97 27 203 81 56 
1 76 142 14 106 112 155 276 105 225 35 103 183 27 166 0 27 153 0 101 84 133 224 101 204 
30 24 28 67 72 57 43 49 96 94 0 0 0 38 31 0 0 0 25 23 100 108 117 150 123 
28 33 0 96 0 40 62 0 119 0 96 85 43 155 69 32 47 0 126 0 46 37 0 89 0 
0 0 52 0 0 165 155 207 152 178 0 0 64 0 0 0 0 74 0 0 0 0 69 0 0 
12 7 0 0 86 16 2 0 0 76 80 77 70 53 143 26 24 21 16 96 119 158 139 118 171 
81 19 14 10 29 126 92 79 82 97 146 105 107 112 113 62 0 9 0 22 39 16 16 9 35 
19 99 68 15 30 0 90 68 6 8 0 73 47 0 19 0 82 55 6 15 47 133 107 45 88 
142 197 101 99 104 76 62 40 19 21 42 50 15 0 0 41 48 15 0 0 35 42 16 0 0 
78 90 19 21 18 55 55 0 0 2 57 74 20 6 17 78 76 40 39 51 95 86 61 35 50 
37 75 41 69 29 0 57 9 41 14 0 50 8 43 19 0 43 11 31 11 38 102 61 94 76 
0 0 56 27 11 0 0 45 35 3 0 0 44 40 6 43 53 122 94 61 54 50 100 93 63 
28 38 26 22 31 0 0 0 0 0 71 59 57 62 55 0 0 0 0 0 120 107 99 114 110 
39 29 33 31 38 0 0 14 0 0 0 0 18 0 0 44 40 74 51 45 108 85 121 120 107 
39 44 110 53 50 4 0 50 6 0 62 49 132 59 50 0 0 53 2 0 0 2 57 19 0 
0 0 180 32 0 0 0 141 23 0 19 20 156 37 18 0 0 166 23 0 0 0 162 23 0 
52 94 0 0 0 88 116 46 36 35 85 136 19 21 12 102 145 51 45 52 46 89 0 0 0 
108 139 76 57 71 14 49 3 0 0 92 153 73 65 65 50 75 32 21 15 33 60 0 0 0 
0 120 119 174 0 0 133 127 185 0 0 113 130 178 0 0 124 120 169 0 0 130 129 170 1 
17 0 0 183 0 10 0 0 118 0 120 94 121 240 102 16 0 0 146 0 31 0 0 137 0 
144 157 12 70 95 185 246 100 92 193 133 183 74 82 137 88 96 12 19 96 231 293 120 177 184 
68 180 125 89 101 6 54 64 13 4 34 84 102 35 39 23 86 59 12 23 0 87 54 0 0 
8 28 15 5 75 12 28 25 0 104 0 24 17 2 50 57 87 80 44 160 31 41 46 32 100 
640 524 499 384 470 481 247 262 186 207 460 337 320 217 296 383 152 151 84 119 528 378 382 330 330 
86 68 0 3 0 188 202 92 78 91 79 99 0 1 0 101 117 23 21 22 71 68 0 0 0 
164 296 124 148 131 242 344 160 245 175 113 276 82 120 54 37 187 8 27 0 100 241 62 99 50 
0 0 0 0 56 0 0 0 1 62 0 0 0 0 71 0 0 0 0 60 153 176 160 168 202 
99 0 43 0 13 177 17 74 38 21 197 75 132 67 70 224 111 195 88 141 182 32 53 14 25 
150 0 0 54 0 156 0 0 55 0 140 0 0 40 0 168 0 0 46 0 149 0 0 40 0 
146 127 151 270 144 43 1 74 114 8 61 28 121 188 66 39 7 90 101 35 49 0 70 110 2 
76 114 90 195 171 0 7 3 97 47 0 12 8 67 62 0 15 11 94 63 31 44 33 113 68 
90 85 81 71 21 160 143 121 135 121 73 62 42 67 3 193 155 154 148 111 145 133 144 106 97 
58 129 51 57 53 0 55 0 0 0 3 79 1 3 1 0 63 0 0 0 74 152 62 75 63 
0 0 0 18 0 0 0 0 20 0 0 0 0 19 0 0 0 0 19 0 178 192 213 225 220 
27 0 0 9 35 78 70 60 75 81 25 1 0 0 36 20 0 0 0 35 31 0 0 0 32 
57 7 49 110 88 19 5 33 100 88 66 23 55 133 112 29 0 40 90 90 139 89 120 200 204 
0 96 78 0 93 0 103 80 0 96 0 122 57 0 82 0 90 87 0 93 0 120 80 0 100 
49 24 59 41 34 73 55 97 56 58 20 17 39 20 13 53 44 109 73 52 7 0 33 0 0 
78 0 0 0 57 59 0 0 0 50 82 0 0 0 60 68 0 0 0 51 173 90 77 94 149 
98 168 25 152 150 75 174 35 169 154 41 93 0 122 75 208 266 163 259 229 130 230 147 221 180 
70 87 96 76 62 10 36 39 13 9 0 14 44 0 0 58 68 84 51 45 21 29 55 19 13 
0 0 0 147 39 0 0 0 166 28 27 31 18 163 63 0 0 0 158 35 0 0 0 144 43 
0 0 0 150 14 165 137 132 338 174 0 0 0 176 19 123 126 118 262 118 0 0 0 137 8 
45 138 154 177 58 29 114 118 172 24 72 138 152 185 56 60 184 165 217 86 88 134 165 220 66 
0 0 0 1286 0 0 0 0 1287 0 0 0 0 1316 0 0 0 2 1377 0 0 0 0 1308 0 
193 0 0 0 0 202 13 18 17 20 183 0 0 0 0 199 0 0 0 0 170 0 0 0 0 
92 0 0 0 0 116 0 0 0 0 121 0 0 0 0 102 0 0 0 0 206 88 85 89 99 
208 32 66 41 44 149 0 16 3 1 295 101 102 88 96 292 153 219 183 164 215 82 96 86 55 
3 19 0 0 0 0 31 0 0 0 0 0 0 0 0 0 5 0 0 22 0 3 0 0 0 
84 84 165 121 94 0 0 67 0 0 0 0 78 0 0 0 0 55 0 0 221 216 266 237 257 
4 15 0 79 210 126 137 140 226 356 0 39 0 92 252 0 9 0 82 251 118 152 120 187 310 
12 9 76 9 244 2 0 51 8 168 124 98 167 123 281 148 150 222 181 346 4 0 70 4 195 
175 323 382 282 105 220 325 379 281 131 198 309 378 288 179 95 220 286 175 47 83 221 268 195 27 
95 0 0 3 0 83 0 0 2 0 99 0 0 0 0 99 0 0 0 0 120 15 23 35 29 
0 0 186 0 34 0 0 219 0 30 0 0 193 0 26 0 0 177 0 20 0 0 176 0 32 
0 0 48 52 0 67 47 94 83 60 0 0 36 31 0 49 49 88 74 42 39 31 74 67 27 
598 598 618 650 593 0 0 0 0 0 0 0 0 0 0 0 0 0 0 0 0 0 0 0 0 
57 78 51 44 83 7 60 0 0 37 52 89 44 41 76 6 43 0 0 32 12 70 3 0 47 
0 0 0 34 0 74 65 50 107 57 0 0 0 21 0 48 47 66 96 52 45 50 45 94 41 
0 2 38 15 28 1 0 1 0 2 0 0 4 0 0 0 0 5 0 0 4 0 0 0 0 
