871 825 681 698 763 1075 1155 1012 1033 1050 715 698 587 732 788 937 1006 881 1021 968 625 560 423 455 568 
183 146 186 157 154 0 0 0 0 0 120 78 122 93 100 0 0 0 0 0 0 0 0 0 0 
132 43 25 167 204 70 0 0 141 133 188 78 43 239 257 56 0 0 99 156 79 1 0 125 138 
120 2 135 121 117 226 75 249 253 254 204 106 276 230 250 234 60 189 196 215 134 8 133 190 161 
181 49 106 177 45 138 10 80 108 0 141 32 82 115 22 131 4 54 121 0 293 185 246 314 179 
104 7 23 0 103 93 0 12 0 120 199 94 118 85 190 155 64 87 57 155 236 108 144 110 259 
0 0 0 0 0 0 0 0 0 0 1017 1025 985 1009 1048 0 0 0 0 0 0 0 0 0 0 
0 0 0 283 0 0 0 3 273 0 127 119 109 405 120 120 109 90 404 133 0 0 0 257 0 
16 7 18 198 5 0 0 0 198 0 49 49 42 208 29 0 0 0 175 0 3 6 3 188 3 
0 0 0 0 0 0 0 0 0 0 0 0 0 0 0 62 71 74 74 85 193 171 167 211 176 
71 87 57 58 155 0 9 0 0 96 0 2 0 0 103 0 4 0 0 101 79 76 73 70 151 
133 142 137 152 147 0 0 0 0 0 0 0 0 0 0 0 0 0 0 0 80 77 61 63 79 
0 0 0 0 0 0 0 0 0 0 0 0 0 0 0 427 432 425 405 421 195 179 181 189 204 
0 205 0 0 83 0 175 0 0 97 131 342 151 143 217 0 193 0 0 98 0 215 0 0 77 
816 0 0 0 0 818 0 0 0 0 809 0 0 0 0 843 0 0 0 0 846 0 0 0 0 
7 18 187 147 160 40 20 187 154 173 111 114 275 251 218 179 187 387 333 323 110 100 265 212 277 
70 108 67 130 59 49 68 53 96 55 0 34 0 43 0 36 87 44 74 32 0 39 0 36 0 
46 8 12 9 24 141 97 119 100 128 26 0 0 0 21 25 0 0 0 21 134 113 111 110 141 
0 0 146 0 0 0 0 136 0 0 0 0 144 0 0 148 134 258 122 132 0 0 140 0 0 
0 64 43 45 0 0 77 42 43 0 35 97 90 95 32 0 71 48 46 0 0 71 56 40 0 
0 0 0 0 168 138 113 126 150 278 139 127 121 111 229 1 7 0 0 129 83 91 106 101 222 
0 0 0 0 0 0 0 0 0 0 0 0 0 0 0 1036 1103 1101 1076 1023 0 0 0 0 0 
0 19 55 147 0 0 22 56 137 0 0 19 49 158 0 0 17 55 155 0 0 15 55 148 0 
67 48 0 0 0 84 67 16 14 16 139 83 38 36 28 90 64 0 0 0 100 91 23 24 29 
89 130 93 171 181 9 57 13 62 77 15 51 30 98 101 0 46 0 57 78 0 36 0 64 72 
111 153 146 97 2 106 139 226 103 3 338 317 397 334 218 124 139 169 95 2 308 263 350 266 157 
85 18 22 84 25 76 0 0 95 0 199 138 128 199 125 77 0 0 92 12 110 45 46 161 42 
115 92 44 44 29 131 99 49 60 30 54 45 13 0 0 84 68 18 13 13 79 50 10 0 0 
0 0 143 58 0 0 0 154 54 0 0 0 186 52 0 0 0 170 43 0 0 0 139 41 0 
136 178 179 124 116 0 55 76 0 0 0 49 55 0 0 37 62 97 32 38 0 39 95 0 0 
59 46 63 63 51 96 114 101 111 98 20 38 39 32 35 0 0 0 0 0 0 0 0 0 0 
0 0 0 166 0 0 0 0 181 0 234 237 220 418 246 0 0 0 172 0 0 0 0 158 0 
0 0 0 0 0 158 157 172 138 146 0 0 0 0 0 0 0 0 0 0 77 60 74 62 83 
119 5 1 70 47 144 37 58 117 111 223 77 89 145 163 90 0 0 64 46 210 87 92 155 133 
0 83 0 0 0 0 81 0 0 0 0 64 0 0 0 116 152 78 117 85 54 136 45 50 50 
0 0 113 0 0 93 99 207 119 111 0 0 103 0 0 6 9 106 4 6 14 12 100 6 17 
256 220 202 265 121 116 94 79 106 0 85 88 60 97 0 260 244 162 286 108 137 136 87 160 6 
0 0 0 0 0 34 42 36 19 23 0 0 0 0 0 75 74 73 73 107 133 117 110 108 151 
0 232 0 213 0 0 188 0 198 0 8 216 7 206 7 0 195 0 199 0 0 203 0 215 0 
0 45 0 135 0 0 54 0 152 0 0 49 0 146 0 77 160 78 229 90 0 58 0 152 0 
0 0 0 0 85 82 77 81 62 137 95 77 79 84 134 0 0 0 0 76 0 0 0 0 87 
110 323 366 68 267 27 209 280 14 173 104 296 356 74 246 115 312 349 108 254 213 379 429 173 319 
0 49 36 0 89 20 61 48 13 90 29 86 93 44 83 0 64 31 0 66 0 65 30 0 73 
117 101 101 122 135 17 0 0 35 0 14 0 0 39 0 18 0 0 44 0 86 68 63 110 79 
69 0 64 0 0 62 0 75 0 0 112 53 107 48 50 99 16 78 13 11 66 0 73 0 0 
0 17 82 0 97 0 12 70 0 106 0 16 75 0 108 0 15 92 0 136 0 10 70 0 101 
22 73 160 100 34 51 79 164 126 52 0 36 121 41 0 50 81 168 124 55 0 25 108 66 0 
0 70 0 0 0 0 80 0 0 0 127 247 129 143 131 0 95 0 0 0 15 88 18 31 32 
0 0 0 71 0 61 64 51 123 81 0 0 0 70 0 0 0 0 80 0 71 63 57 147 61 
49 0 92 48 0 57 0 109 53 0 59 0 93 49 0 46 0 102 54 0 44 0 98 46 0 
98 56 0 38 0 133 91 20 57 34 120 103 0 31 0 136 65 0 48 0 106 67 0 50 0 
0 0 0 0 27 203 201 203 209 230 0 0 0 0 38 0 0 0 0 41 0 0 0 0 38 
122 56 71 146 96 74 46 66 130 92 31 0 0 71 15 46 0 0 62 16 51 15 9 71 34 
29 73 11 9 12 19 59 0 0 0 20 90 0 0 0 149 201 143 141 124 29 93 0 0 0 
0 0 0 25 0 192 177 201 202 171 0 0 0 25 0 0 0 0 22 0 0 0 0 20 0 
71 80 135 141 91 0 0 53 62 0 0 0 73 61 0 0 0 68 53 0 0 0 60 62 0 
63 57 59 48 68 41 0 0 0 11 76 61 48 48 72 30 0 0 0 22 91 49 45 48 60 
0 0 24 0 68 9 5 36 12 89 0 0 34 0 70 10 6 43 7 95 81 74 114 64 153 
598 594 618 656 596 0 0 0 0 0 0 0 0 0 0 0 0 0 0 0 0 0 0 0 0 
63 120 156 77 77 30 88 116 29 27 0 33 86 0 0 0 44 81 0 0 0 44 77 0 0 
0 0 125 0 0 0 0 109 0 0 83 126 233 122 116 0 0 99 0 0 0 0 119 0 0 
106 120 38 61 141 41 44 0 0 93 44 60 0 0 69 42 49 0 0 75 60 49 0 0 91 
0 51 0 29 45 63 128 61 89 101 0 66 0 31 43 0 61 0 47 44 28 76 23 61 74 
9 7 96 5 12 0 0 87 0 0 0 0 82 0 0 36 39 119 26 29 74 78 149 59 85 
0 0 0 58 80 98 88 75 130 185 0 0 0 55 83 0 0 0 50 90 0 0 0 53 78 
118 198 95 82 103 27 127 0 0 0 34 145 11 6 10 25 86 0 0 0 23 105 0 2 0 
70 34 95 38 101 17 0 38 9 66 18 0 42 0 75 17 0 52 8 63 9 0 38 8 71 
43 9 27 0 2 35 0 16 0 0 46 41 55 31 52 87 47 58 30 40 135 94 118 123 95 
55 24 110 33 32 23 0 76 0 0 16 0 67 0 0 22 0 58 0 0 20 0 80 0 5 
0 0 47 13 5 0 7 0 2 0 0 14 0 0 0 0 0 0 0 0 6 0 0 0 0 
0 62 66 0 0 0 68 42 6 0 21 104 80 21 21 32 109 57 40 42 0 62 52 0 0 
25 0 85 0 43 61 42 117 39 77 25 0 82 0 22 32 10 94 0 33 29 0 93 0 20 
0 2110 0 0 0 0 2213 0 0 0 0 2055 0 0 0 0 2141 0 0 0 0 2071 0 0 0 
21 112 91 16 21 69 169 207 93 72 8 119 88 5 0 37 162 123 76 46 5 110 78 2 0 
88 152 131 0 0 61 159 136 0 0 89 184 147 0 0 101 180 161 0 0 76 156 144 0 0 
0 83 0 110 0 69 159 78 180 76 57 138 36 145 44 0 73 0 103 0 0 90 0 108 0 
0 0 0 0 0 1270 1230 1236 1192 1258 0 0 0 0 0 0 0 0 0 0 0 0 0 0 0 
0 0 94 142 0 0 0 79 111 0 0 0 93 146 0 0 0 94 145 0 0 0 85 136 0 
128 42 45 78 37 126 47 44 93 55 75 1 0 35 0 72 0 0 32 0 77 0 0 39 0 
0 111 0 0 73 0 131 0 0 66 0 139 0 0 77 0 121 0 0 63 0 129 0 0 90 
138 231 159 266 119 73 149 23 124 1 261 389 230 347 144 118 224 99 174 17 189 278 228 260 136 
99 90 288 291 94 0 0 197 199 8 101 92 269 308 102 0 0 163 200 1 1 4 193 184 15 
152 124 117 160 267 11 30 4 12 171 15 16 6 17 151 215 210 169 183 374 223 237 244 234 392 
0 72 0 0 0 0 53 0 0 0 0 78 0 0 0 10 70 4 9 5 181 224 176 144 173 
54 25 43 14 47 41 19 34 0 39 44 14 38 0 37 83 12 33 0 48 127 125 104 84 136 
222 76 0 105 0 215 75 0 105 0 217 47 0 115 0 203 63 0 116 0 202 56 0 117 0 
55 0 0 0 0 62 0 0 0 0 64 0 0 0 0 202 133 145 146 141 52 0 0 0 0 
0 0 1450 0 0 0 0 1478 0 0 0 0 1365 0 0 0 0 1490 0 0 0 0 1448 0 0 
63 6 10 49 22 105 63 57 104 68 93 67 69 74 79 63 30 26 68 35 62 0 0 28 14 
142 150 123 107 211 0 0 10 0 50 74 81 95 79 133 0 0 21 0 53 0 0 15 0 62 
45 94 0 120 0 147 201 105 227 87 125 138 96 229 96 56 86 0 114 0 43 80 0 125 0 
98 101 111 109 146 95 89 79 77 113 0 24 0 0 48 0 19 0 0 33 56 80 66 52 97 
0 69 0 0 1 29 126 36 31 31 35 135 33 30 33 25 121 24 26 33 39 118 42 35 54 
33 9 41 34 0 103 70 111 110 62 42 21 46 37 0 45 8 44 34 0 41 20 35 39 0 
154 0 0 0 0 137 0 0 0 0 232 83 105 113 113 126 0 0 0 0 145 0 0 0 0 
0 0 0 0 845 0 0 0 0 807 0 0 0 0 843 0 0 0 0 835 0 0 0 0 781 
115 123 0 176 63 138 124 0 179 79 192 185 52 245 127 122 125 3 193 78 156 189 0 241 99 
128 0 0 0 0 261 95 89 84 71 156 0 0 0 0 149 0 0 0 0 144 0 0 0 0 
0 0 0 0 0 84 61 76 73 76 0 0 0 0 0 163 129 152 158 144 0 0 0 0 0 
0 22 0 145 0 32 56 46 190 32 0 19 0 134 0 0 17 0 142 0 0 23 0 165 0 
108 70 134 146 159 50 0 87 72 74 35 0 74 73 72 104 60 136 140 145 23 0 56 67 65 
44 50 57 136 112 29 23 34 83 74 0 0 0 80 57 0 0 0 49 50 7 10 8 78 61 
0 9 60 0 0 83 98 177 85 84 0 8 69 0 0 55 78 162 50 55 0 5 63 0 0 
111 0 108 0 0 101 0 82 0 0 92 1 97 3 1 69 0 99 0 0 108 11 85 10 10 
320 111 328 132 215 346 167 371 194 231 379 159 384 208 278 239 32 222 73 136 208 59 264 72 125 
65 152 70 83 67 0 87 0 27 0 17 130 28 34 27 0 105 0 17 0 0 76 0 22 0 
0 0 33 0 58 35 45 77 44 113 55 74 89 53 121 0 0 33 0 61 0 0 49 0 58 
0 0 17 0 211 0 0 16 0 198 0 0 31 0 186 0 0 26 0 197 0 0 26 0 213 
0 0 0 49 0 0 0 0 59 0 54 59 45 140 44 0 0 0 59 0 84 78 82 158 86 
87 0 0 94 0 110 0 0 111 0 99 0 0 89 0 92 0 0 113 0 97 0 0 109 0 
0 44 89 75 10 116 190 190 199 115 162 202 230 229 151 19 70 102 116 26 68 117 123 132 43 
117 142 135 119 245 0 0 0 0 79 0 0 0 0 80 21 28 26 23 126 0 0 0 0 94 
139 260 157 149 158 0 148 0 1 0 88 220 92 105 95 1 117 0 0 11 89 223 72 83 84 
140 130 76 79 79 78 45 0 0 0 88 48 4 5 8 66 49 0 0 0 76 58 0 0 0 
0 121 0 0 0 46 183 59 72 80 0 137 0 0 0 66 216 88 102 75 0 122 0 0 0 
0 0 0 0 0 0 0 0 0 0 0 0 0 0 0 0 0 0 0 0 428 397 431 419 395 
0 0 37 0 0 73 79 92 75 87 0 0 31 0 0 77 75 85 59 79 19 25 58 22 26 
8 15 16 17 52 0 0 0 0 36 80 79 71 69 99 0 0 0 0 33 67 98 78 75 105 
0 0 0 132 0 0 0 0 124 0 0 0 0 150 0 0 0 0 144 0 80 80 88 211 89 
0 68 0 34 71 2 61 0 38 77 0 54 0 34 91 1 57 0 30 73 16 74 25 55 111 
0 112 0 0 0 0 108 0 0 0 0 106 0 0 0 0 96 0 0 0 97 185 99 105 92 
0 0 0 19 0 80 46 74 75 79 59 22 54 39 51 0 0 0 15 0 100 90 115 118 102 
0 0 117 59 0 41 45 146 107 51 0 0 108 42 0 0 0 94 40 0 0 0 123 37 0 
59 0 0 0 0 126 62 61 76 69 99 20 18 20 15 130 47 46 52 41 57 0 0 0 0 
83 35 33 109 37 39 0 0 90 0 48 0 0 82 0 83 35 30 115 32 55 0 0 75 0 
0 0 63 43 0 0 0 55 43 0 101 99 149 132 97 0 0 62 47 0 0 0 67 42 0 
45 0 0 84 128 98 77 89 131 197 40 7 1 90 115 59 22 24 97 127 42 41 54 96 130 
2 6 63 117 8 0 0 50 94 0 54 40 118 144 51 40 45 101 146 45 0 0 54 94 0 
55 5 49 53 17 47 4 41 60 19 142 84 121 125 102 76 20 46 49 22 57 0 55 47 2 
50 0 62 0 61 43 0 67 0 59 26 0 72 0 87 95 53 113 72 124 34 0 63 0 65 
93 25 155 96 51 65 1 128 70 22 69 0 108 28 5 143 38 168 106 84 98 31 177 51 65 
2 95 165 29 128 169 202 310 164 281 31 124 190 51 170 0 31 159 0 120 72 138 228 100 208 
18 21 22 57 48 39 37 32 75 71 0 0 0 30 29 0 0 0 22 17 74 89 89 123 99 
17 30 0 83 1 29 47 0 103 0 77 72 39 128 52 25 37 0 104 0 40 33 0 80 0 
0 0 54 0 0 165 145 217 147 179 0 0 58 0 0 0 0 77 0 0 0 0 70 0 0 
14 13 0 0 78 20 0 0 2 83 80 86 63 58 155 27 25 21 17 96 121 150 136 135 189 
71 12 12 6 23 112 69 74 72 70 109 81 82 112 97 49 0 4 0 12 34 9 12 7 21 
18 92 65 15 29 0 82 62 5 6 0 67 39 0 18 0 73 47 4 12 44 116 93 38 76 
153 199 98 96 112 78 67 43 22 21 38 48 17 0 0 40 57 13 0 0 34 42 16 0 0 
96 0 0 5 0 83 0 0 0 0 104 0 0 9 0 106 0 0 0 0 129 15 23 45 29 
73 88 15 19 18 58 47 0 0 1 69 81 18 2 18 71 83 41 45 46 87 90 57 31 54 
37 75 41 71 29 0 63 10 40 16 0 49 9 47 18 0 41 13 30 13 37 99 64 97 77 
0 0 56 27 11 0 0 45 35 3 0 0 44 40 6 43 53 122 94 61 54 50 100 93 63 
28 37 26 22 31 0 0 0 0 0 71 59 57 62 55 0 0 0 0 0 120 107 99 114 110 
50 40 43 35 42 0 0 19 0 0 0 0 24 0 0 47 44 92 59 47 132 98 136 139 127 
40 43 108 50 50 2 0 55 0 8 57 52 127 58 46 0 0 52 2 0 0 4 61 25 0 
0 0 180 32 0 0 0 141 23 0 19 20 156 37 18 0 0 166 23 0 0 0 162 23 0 
46 80 0 0 0 80 108 47 38 32 86 126 18 19 11 98 128 46 42 51 39 71 0 0 0 
92 124 72 58 79 13 47 3 0 0 78 152 71 53 57 42 73 29 16 15 25 59 0 0 0 
0 117 108 166 0 0 129 121 165 0 0 108 120 171 0 0 120 116 159 0 0 127 121 167 0 
10 0 0 131 0 9 0 0 95 0 91 65 87 186 82 10 0 0 99 0 20 1 0 105 0 
55 76 47 50 77 4 48 11 2 29 42 78 36 36 62 5 37 0 0 33 0 59 0 3 37 
148 160 22 62 109 177 286 85 106 184 157 215 82 83 136 87 107 1 13 59 250 315 139 183 166 
81 194 162 105 108 8 43 68 12 4 39 81 129 55 40 27 83 73 13 30 0 76 65 0 0 
3 29 15 8 79 17 29 25 1 110 0 22 16 1 63 74 89 73 54 170 30 51 47 34 112 
642 498 526 410 474 478 216 269 205 233 453 293 328 222 272 382 194 200 110 191 574 368 446 374 392 
96 63 3 3 0 176 159 76 70 89 69 92 0 0 0 94 90 22 14 18 64 62 0 0 0 
182 318 134 162 134 272 396 152 256 186 146 307 94 158 85 44 188 0 46 0 109 231 74 103 30 
0 0 0 0 55 0 0 0 0 61 0 0 0 0 82 0 0 0 0 63 156 174 161 174 217 
80 3 53 0 17 151 20 70 44 43 155 62 113 54 70 185 86 141 91 113 157 32 62 19 32 
150 0 0 54 0 156 0 0 55 0 141 0 0 40 0 168 0 0 46 0 149 0 0 41 0 
158 102 142 222 104 40 0 77 115 0 79 42 119 175 61 55 2 93 90 19 49 0 84 81 0 
62 103 75 161 165 0 8 7 86 50 0 16 6 61 59 1 11 11 85 54 31 38 26 94 57 
127 144 88 65 0 200 192 151 108 82 123 115 71 30 5 239 225 205 143 119 148 173 114 37 37 
58 130 51 56 53 0 55 0 0 0 6 80 4 5 4 0 64 0 0 0 76 154 62 76 65 
0 0 0 18 0 0 0 0 19 0 0 0 0 18 0 0 0 0 18 0 177 187 213 215 203 
38 0 0 16 31 106 87 77 96 97 33 0 0 17 27 34 0 0 0 31 38 0 0 4 22 
40 0 45 106 101 23 6 25 96 81 82 26 57 137 123 14 0 40 91 93 143 92 132 217 235 
0 92 66 0 74 0 93 74 0 85 0 94 66 0 63 0 83 74 0 81 0 109 82 0 74 
47 21 56 40 33 72 52 91 56 55 23 17 36 20 13 55 45 103 71 48 8 0 32 0 0 
78 0 0 0 59 69 0 0 0 49 91 0 0 0 60 66 0 0 0 52 181 96 77 98 161 
71 111 13 125 87 63 133 18 116 118 44 89 5 107 69 203 253 163 257 193 110 212 101 190 157 
70 87 96 76 62 10 36 39 13 9 0 14 45 0 0 57 69 84 51 45 21 29 55 19 13 
0 0 0 182 43 0 0 0 195 34 31 36 21 187 58 0 0 0 188 37 0 0 0 172 49 
0 0 0 142 14 145 130 124 314 165 0 0 0 165 14 114 124 113 247 106 0 0 0 133 8 
54 156 145 173 62 29 130 148 180 40 86 165 177 180 90 71 206 197 208 104 83 151 196 219 79 
0 0 0 1270 0 0 1 0 1268 1 0 0 0 1288 0 0 2 4 1346 1 0 0 0 1290 0 
195 0 0 0 0 197 13 18 17 20 178 0 0 0 0 196 0 0 0 0 166 0 0 0 0 
101 0 0 0 0 134 0 0 0 0 134 0 0 0 0 117 0 0 0 0 235 99 94 100 109 
294 35 91 69 50 241 0 26 0 0 387 110 182 143 130 502 272 331 265 267 278 56 111 91 92 
4 36 0 0 0 0 53 0 0 28 0 38 0 0 16 5 0 12 0 0 0 29 0 0 13 
65 98 150 133 100 0 0 39 3 0 0 0 78 0 0 0 0 68 0 0 255 253 278 257 241 
1 13 3 79 208 116 130 119 211 343 2 36 3 79 245 0 11 1 81 242 109 136 113 168 309 
8 13 95 7 218 3 0 60 6 157 105 97 176 111 268 141 135 221 155 323 2 5 72 3 174 
183 315 356 267 131 197 293 347 217 107 164 278 299 232 141 66 196 228 133 32 77 220 273 178 35 
0 0 212 0 37 0 0 239 0 35 0 0 223 0 34 0 0 220 0 31 0 0 191 0 31 
0 0 0 37 0 76 68 49 103 58 0 0 0 26 0 47 48 63 93 53 44 51 44 98 40 
0 0 54 59 0 82 55 105 108 76 0 0 48 40 0 68 64 104 94 49 51 34 93 78 27 
60 25 27 63 73 35 0 0 25 56 45 0 0 21 35 50 0 0 36 38 89 44 47 77 85 
89 16 80 0 0 100 11 90 0 0 109 9 86 0 0 108 8 85 0 0 101 14 94 0 0 
