873 838 595 674 767 1135 1217 991 1023 1016 663 704 494 639 721 900 917 713 834 863 581 579 340 453 556 
259 200 247 230 220 0 1 0 0 0 153 126 157 128 149 0 0 0 0 0 0 0 0 0 0 
114 49 39 195 226 75 0 0 130 148 164 56 27 260 264 60 0 0 95 150 55 2 0 130 158 
189 0 147 175 187 260 69 283 246 291 367 129 348 389 394 296 59 233 266 252 192 1 153 219 196 
147 30 91 113 26 131 8 75 75 1 110 19 76 73 22 110 3 38 102 0 272 170 241 264 163 
84 7 5 0 72 73 5 13 0 88 150 80 91 81 158 138 62 83 56 133 176 80 98 84 187 
0 0 0 0 0 0 0 0 0 0 1047 1056 1018 1030 1085 0 0 0 0 0 0 0 0 0 0 
0 0 0 264 0 0 0 2 269 0 125 117 110 399 127 119 122 93 410 128 1 0 0 274 0 
14 10 13 191 5 0 0 0 188 0 41 51 37 189 30 0 0 0 155 0 3 7 3 192 4 
0 0 0 0 0 0 0 0 0 0 0 0 0 0 0 74 75 81 86 97 215 208 197 235 202 
68 88 69 53 155 0 9 0 0 98 0 4 0 0 95 0 5 0 0 109 75 76 70 57 154 
138 145 141 158 159 0 0 0 0 0 0 0 0 0 0 0 0 0 0 0 83 80 70 70 82 
0 0 0 0 0 0 0 0 0 0 0 0 0 0 0 444 433 429 412 438 193 188 188 193 211 
0 210 0 0 88 0 193 0 0 104 118 354 144 126 217 0 205 0 0 100 0 235 0 0 82 
811 0 0 0 0 802 0 0 0 0 790 0 0 0 0 827 0 0 0 0 833 0 0 0 0 
2 8 193 146 195 68 43 214 202 220 98 111 290 228 248 176 165 380 338 329 111 80 262 208 295 
93 141 90 166 66 76 89 61 124 73 0 47 0 42 0 43 104 58 95 57 0 49 0 43 0 
31 7 14 5 17 152 111 148 110 147 39 0 1 0 15 22 0 0 0 23 142 133 136 125 160 
0 0 152 0 0 0 0 140 0 0 0 0 164 0 0 177 148 276 142 151 0 0 154 0 0 
0 91 57 60 0 0 98 57 59 0 55 140 128 145 51 0 86 60 56 0 0 104 74 53 0 
0 0 0 1 153 134 95 111 145 243 123 116 114 112 209 7 1 0 0 115 80 102 103 81 193 
0 0 0 0 0 0 0 0 0 0 0 0 0 0 0 1002 1049 1073 1040 972 0 0 0 0 0 
0 22 54 138 0 0 19 52 125 0 0 20 50 157 0 0 20 55 152 0 0 16 59 152 0 
84 144 88 180 172 12 48 22 80 95 20 50 28 76 95 0 51 0 70 79 0 38 0 63 72 
116 130 137 88 10 105 125 169 84 4 299 314 373 286 223 122 124 165 64 0 287 244 348 244 138 
65 17 21 102 12 78 0 0 122 0 213 159 145 247 138 64 1 0 107 0 113 41 38 179 44 
140 109 49 54 39 161 118 51 61 35 57 56 14 0 0 96 85 22 14 18 96 56 10 0 0 
0 0 209 84 0 0 0 238 76 0 0 0 312 88 0 0 0 252 64 0 0 0 222 63 0 
102 145 135 101 89 0 43 55 0 0 0 42 56 0 0 35 61 92 32 29 0 38 77 0 0 
77 64 81 77 64 122 130 124 127 115 26 44 51 44 43 0 0 0 0 0 0 0 0 0 0 
0 0 0 173 0 0 0 0 180 0 209 222 197 408 221 0 0 0 177 0 0 0 0 164 0 
0 0 0 0 0 137 125 162 125 132 0 0 0 0 0 0 0 0 0 0 69 52 62 60 75 
160 2 38 107 75 169 59 63 154 126 276 110 122 208 187 123 0 0 85 50 235 102 111 200 161 
0 84 0 0 0 0 80 0 0 0 0 62 0 0 0 106 158 83 122 88 51 122 44 48 46 
0 0 95 0 0 85 85 176 105 103 0 0 92 0 0 7 9 97 3 8 14 13 82 9 15 
267 233 209 294 128 130 118 79 138 0 84 100 68 107 0 256 253 173 293 124 132 164 105 155 2 
0 42 0 132 0 0 51 0 147 0 0 46 0 141 0 69 162 84 219 87 0 57 0 132 0 
0 0 0 0 69 77 74 81 57 134 87 71 69 80 132 0 0 0 0 75 0 0 0 0 78 
76 241 295 25 196 47 210 255 10 166 99 267 305 62 230 130 292 310 115 242 235 338 369 152 291 
0 44 33 0 79 19 58 45 12 88 28 81 87 37 79 0 59 26 0 64 0 61 27 0 68 
120 90 108 127 123 16 0 0 40 0 15 0 0 40 0 19 0 0 40 0 101 68 59 121 81 
68 0 70 0 0 61 0 83 0 0 116 56 115 52 55 104 19 83 14 12 65 0 76 0 0 
0 19 89 0 100 0 12 75 0 114 0 16 75 0 107 0 15 98 0 142 0 14 72 0 106 
17 54 138 70 25 65 85 175 96 61 0 45 127 38 0 55 76 158 113 41 0 25 110 59 0 
0 63 0 0 1 0 81 0 0 0 133 259 133 153 139 0 92 0 0 0 15 89 20 27 25 
0 0 0 71 0 61 64 50 122 80 0 0 0 70 0 0 0 0 80 0 71 63 57 146 61 
51 0 97 49 0 61 0 117 58 0 60 0 96 53 0 47 0 109 57 0 45 0 104 50 0 
77 46 0 29 0 103 73 16 47 24 92 86 0 25 0 110 53 0 41 0 87 58 0 33 0 
0 0 0 0 27 253 243 253 256 277 0 0 0 1 49 0 0 0 0 52 3 0 0 0 50 
101 51 68 116 88 65 42 59 108 75 25 0 0 55 9 31 0 0 50 11 39 12 8 60 27 
29 55 8 6 10 17 49 0 0 0 21 76 0 0 0 129 161 127 118 112 28 73 0 0 0 
0 0 0 21 0 187 170 197 197 164 0 0 0 23 0 0 0 0 21 0 0 0 0 19 0 
74 88 141 149 95 0 0 55 68 0 0 0 77 69 0 0 0 69 56 0 0 0 60 65 0 
65 63 68 54 82 43 0 0 0 11 83 66 54 50 81 30 0 0 0 20 101 53 51 51 71 
0 0 33 0 82 9 3 42 11 105 0 0 43 0 101 11 3 39 0 110 98 116 149 100 205 
60 118 155 73 77 31 89 107 29 26 0 38 79 0 0 0 45 83 0 0 0 44 74 0 0 
0 0 118 0 0 0 0 100 0 0 86 123 226 124 108 0 0 103 0 0 0 0 112 0 0 
111 117 34 58 154 41 45 0 0 95 53 62 0 0 79 48 45 0 0 85 59 49 0 0 86 
0 49 0 23 36 59 114 57 80 95 0 58 0 27 38 0 53 0 39 40 26 65 22 54 63 
9 7 107 5 12 0 0 100 0 0 0 0 88 0 0 37 40 125 28 30 80 83 158 62 91 
0 0 0 51 75 88 81 63 117 163 0 0 0 49 73 0 0 0 36 84 0 0 0 47 73 
80 154 74 63 69 19 100 0 0 0 14 109 7 6 7 12 70 0 0 0 21 69 1 0 0 
73 35 100 44 101 16 0 45 11 57 15 0 45 0 77 20 0 56 0 59 10 0 35 0 60 
61 0 13 0 2 59 2 12 0 0 94 54 60 53 77 92 8 0 1 3 129 81 87 87 50 
34 34 118 47 51 0 0 80 0 0 0 0 77 0 0 2 0 70 0 0 33 31 104 31 32 
0 61 62 0 0 1 73 55 0 0 21 104 74 21 21 32 109 54 39 42 0 62 56 0 0 
0 0 88 0 35 10 32 107 16 61 0 0 71 0 22 0 0 81 0 19 0 0 90 0 18 
0 2143 0 0 0 0 2202 0 0 0 0 2071 0 0 0 0 2154 0 0 0 0 2076 0 0 0 
19 110 95 28 15 74 188 185 88 69 7 126 105 5 0 30 167 122 69 37 5 112 68 0 0 
53 88 78 0 0 46 111 92 0 0 60 118 92 0 0 56 111 85 0 0 53 107 100 0 0 
0 103 0 141 0 81 187 76 229 93 75 162 41 190 57 0 98 0 154 0 0 102 0 122 0 
0 0 0 0 0 1292 1246 1251 1205 1271 0 0 0 0 0 0 0 0 0 0 0 0 0 0 0 
0 0 80 125 0 0 0 75 106 0 0 0 81 127 0 0 0 81 122 0 0 0 72 127 0 
140 45 49 84 43 139 48 46 114 61 82 0 0 37 0 81 0 0 36 0 86 0 0 44 1 
0 153 0 0 98 0 177 0 0 84 0 179 0 0 96 0 152 0 0 76 0 150 0 0 106 
142 201 161 178 82 98 190 89 108 28 224 324 210 248 128 219 316 220 234 148 151 266 216 178 123 
97 71 260 271 86 0 0 172 188 0 125 117 266 306 94 0 0 162 187 8 21 12 212 198 32 
148 114 112 163 252 4 29 0 21 166 11 8 9 11 155 221 215 193 180 346 236 265 245 239 398 
0 145 0 0 0 0 126 0 0 0 0 134 0 0 0 1 125 1 0 0 249 340 254 232 232 
53 23 45 10 48 45 14 30 0 46 51 11 32 0 32 79 13 31 1 44 124 111 95 83 128 
203 76 0 100 0 204 72 0 102 0 203 54 0 102 0 185 71 0 108 0 200 58 0 120 0 
0 0 1458 0 0 0 0 1494 0 0 0 0 1395 0 0 0 0 1504 0 0 0 0 1458 0 0 
65 3 9 50 21 93 56 49 92 65 87 60 55 71 64 59 26 20 67 27 53 0 0 29 11 
95 108 115 75 172 0 0 6 0 38 54 69 65 55 98 0 0 16 0 45 0 0 14 0 56 
47 87 0 108 0 147 192 103 213 85 115 123 78 197 83 55 81 0 107 0 42 70 0 108 0 
80 84 76 87 127 79 84 64 59 109 0 27 0 0 49 0 19 0 0 38 50 74 52 46 89 
0 67 0 0 0 32 120 31 30 27 36 138 34 39 34 26 128 23 28 36 43 126 42 36 47 
31 11 40 34 0 100 70 111 111 63 43 21 47 37 0 46 9 43 35 0 41 20 37 39 0 
148 0 0 0 0 132 0 0 0 0 227 84 104 102 102 132 0 0 0 0 129 0 0 0 0 
0 0 0 0 828 0 0 0 0 791 0 0 0 0 843 0 0 0 0 827 0 0 0 0 773 
84 159 93 225 211 0 10 13 112 58 0 12 3 86 85 0 18 10 113 60 34 52 40 115 72 
137 0 0 0 0 264 94 85 96 74 156 0 0 0 0 149 0 0 0 0 148 0 0 0 0 
0 0 0 0 0 84 60 81 73 78 0 0 0 0 0 166 133 153 162 148 0 0 0 0 0 
0 22 0 143 0 33 55 46 186 32 0 19 0 132 0 0 16 0 136 0 0 20 0 160 0 
134 54 128 119 173 83 0 67 40 62 80 2 91 72 74 174 100 144 128 182 57 0 44 63 55 
53 61 68 159 141 37 32 46 102 101 0 0 0 98 70 0 0 0 56 63 7 14 9 90 69 
0 10 63 0 0 85 98 171 79 94 0 11 66 0 0 62 80 165 58 60 0 7 70 0 0 
111 0 110 0 0 101 0 84 0 0 92 0 99 3 0 69 0 100 0 0 108 11 86 10 10 
346 100 310 128 194 363 164 393 176 208 367 145 373 181 228 234 6 230 45 93 204 17 236 46 87 
67 157 73 87 69 0 86 0 27 0 17 131 29 37 27 0 111 0 18 0 0 75 0 22 0 
0 0 32 0 58 35 46 78 44 113 55 74 89 53 121 0 0 33 0 61 0 0 49 0 58 
0 0 17 0 212 0 0 16 0 202 0 0 29 0 181 0 0 28 0 202 0 0 26 0 209 
0 0 0 56 0 0 0 0 65 0 57 64 47 153 46 0 0 0 63 0 91 84 92 179 91 
112 0 0 118 0 143 0 0 137 0 132 0 0 120 0 125 0 0 137 0 135 0 0 136 0 
2 53 94 86 0 139 199 226 210 140 177 244 281 243 170 15 76 126 119 10 79 135 151 140 57 
96 116 107 100 195 0 0 0 0 69 0 0 0 0 65 20 22 25 20 94 0 0 0 0 70 
119 209 126 118 121 0 111 0 0 0 73 180 77 79 75 9 109 1 0 11 92 194 79 78 92 
154 138 80 87 95 79 50 0 0 0 102 53 4 4 10 76 53 0 0 0 76 68 0 0 0 
0 130 0 0 0 47 185 68 69 91 0 148 0 0 0 75 227 101 101 78 0 129 0 0 0 
0 0 0 0 0 0 0 0 0 0 0 0 0 0 0 0 0 0 0 0 449 413 445 429 395 
0 0 37 0 0 73 79 92 75 87 0 0 31 0 0 76 75 85 58 78 19 25 59 22 26 
7 15 16 16 52 0 0 0 0 36 80 79 71 69 99 0 0 0 0 33 68 97 78 76 105 
0 0 0 133 0 0 0 0 115 0 0 0 0 143 0 0 0 0 145 0 76 75 83 202 81 
0 61 0 33 72 2 63 0 34 75 0 52 0 34 90 2 56 0 32 73 19 73 25 56 113 
0 13 0 24 0 77 86 78 60 75 82 75 75 63 71 0 13 0 14 0 123 149 126 142 120 
0 0 117 55 0 43 45 155 106 50 0 0 102 39 0 0 0 89 38 0 0 0 126 35 0 
59 0 0 0 0 126 62 61 76 69 99 20 18 20 15 131 47 46 51 41 58 0 0 0 0 
83 35 33 111 37 39 0 0 91 0 48 0 0 85 0 83 35 30 120 32 55 0 0 82 0 
0 0 63 43 0 0 0 55 43 0 101 99 149 132 97 0 0 62 47 0 0 0 67 42 0 
1 6 64 110 7 0 0 53 79 0 58 32 119 135 56 29 44 86 122 39 0 0 55 82 0 
82 5 50 62 21 58 8 44 48 24 146 91 136 141 102 88 25 58 55 17 67 0 58 51 5 
45 0 58 0 65 44 0 63 0 59 28 0 83 0 80 106 59 122 69 123 37 0 64 0 66 
108 41 192 70 62 83 10 150 92 44 80 0 115 39 14 193 41 196 125 113 124 49 230 92 92 
12 111 171 35 127 127 197 285 123 227 32 117 201 44 167 0 49 174 7 124 75 144 200 82 203 
26 28 30 75 62 49 44 44 84 94 0 0 0 36 33 0 0 0 21 17 86 109 116 154 125 
18 31 0 82 0 28 46 0 103 0 77 71 39 128 52 25 34 0 103 0 39 33 0 79 0 
0 0 58 0 0 164 141 206 151 179 0 0 63 0 0 0 0 79 0 0 0 0 66 0 0 
68 13 12 8 20 96 67 69 68 70 106 80 93 96 97 40 0 5 0 12 36 11 14 7 21 
22 141 96 20 45 0 102 84 7 9 0 91 51 0 26 0 102 62 7 15 51 169 118 46 93 
141 196 95 99 104 66 64 37 23 20 41 53 15 0 0 45 48 14 0 0 30 44 14 0 0 
59 53 0 0 0 79 43 0 0 0 62 49 19 0 15 85 72 53 49 51 84 38 48 0 42 
38 74 42 69 29 0 62 11 40 16 0 47 9 40 18 0 42 14 30 12 39 104 64 94 78 
0 0 61 30 11 0 0 54 36 3 0 0 50 45 6 47 61 134 105 70 58 58 114 108 75 
29 38 26 22 30 0 0 0 0 0 71 59 57 62 55 0 0 0 0 0 120 107 99 114 110 
31 31 24 27 37 0 0 1 0 0 0 0 8 0 0 69 68 104 72 76 136 92 120 172 150 
31 39 100 29 35 0 4 55 0 3 58 49 129 35 49 0 0 52 0 1 0 0 54 0 0 
0 0 106 4 0 0 0 51 0 0 19 19 23 0 17 0 0 71 2 0 0 0 75 0 0 
43 68 0 0 0 66 93 38 30 29 66 113 17 14 9 79 117 37 38 41 35 65 0 0 0 
88 126 74 56 63 14 43 3 0 0 80 139 62 51 56 36 79 34 18 16 27 56 0 0 0 
0 129 122 197 0 0 147 134 180 2 0 128 133 202 4 0 135 135 189 2 0 147 132 186 2 
21 0 0 206 0 12 0 0 139 0 154 106 131 259 107 13 0 0 143 0 29 0 0 153 0 
139 161 44 81 139 209 284 97 135 216 187 220 90 112 150 110 113 28 28 94 287 311 151 206 226 
64 183 126 85 86 7 48 64 19 1 30 79 102 29 32 25 87 67 11 24 0 62 57 0 0 
1 23 10 0 62 7 24 19 0 114 0 20 9 11 48 51 83 72 46 145 21 38 32 23 100 
652 493 559 421 514 448 177 238 151 237 472 293 345 204 297 347 106 120 56 163 563 351 462 320 418 
94 68 0 2 0 173 145 78 73 65 96 83 0 0 0 98 97 22 13 19 85 62 0 0 0 
164 310 131 136 134 242 372 142 256 165 121 276 92 130 64 26 187 0 33 0 91 211 54 65 40 
0 0 0 0 52 0 0 0 0 56 0 0 0 0 65 0 0 0 0 58 134 157 141 152 185 
150 0 0 54 0 156 0 0 55 0 141 0 0 39 0 168 0 0 46 0 149 0 0 41 0 
149 144 186 245 128 31 0 88 112 0 78 36 116 171 56 36 5 93 99 24 43 0 83 97 0 
99 83 78 46 9 158 129 130 102 81 84 56 59 35 1 231 173 186 129 118 165 132 144 75 75 
79 168 65 76 68 0 70 0 0 0 9 109 4 10 6 0 86 0 0 0 95 204 78 101 80 
0 0 0 17 0 0 0 0 20 0 0 0 0 18 0 0 0 0 18 0 168 181 206 205 198 
74 16 62 134 114 17 9 28 119 95 82 28 55 148 113 24 0 31 104 94 143 89 141 240 252 
1 109 80 0 105 0 101 86 0 108 0 137 66 0 100 0 102 99 0 98 0 127 90 0 118 
47 23 56 38 33 71 52 91 56 55 23 17 34 19 12 55 45 104 72 49 8 0 32 0 0 
78 0 0 0 49 68 0 0 0 50 88 0 0 0 60 65 0 0 0 50 174 96 84 92 145 
71 88 0 101 44 56 83 1 122 57 82 89 3 153 78 143 198 83 196 125 96 148 35 131 94 
109 133 141 108 93 13 41 56 16 13 0 14 61 0 0 82 106 122 75 64 31 39 76 27 20 
0 0 0 140 35 0 0 0 158 28 27 29 16 156 51 0 0 0 148 34 0 0 0 138 38 
0 0 0 198 15 250 209 191 466 236 0 0 0 208 14 167 168 171 373 163 0 0 0 197 8 
57 182 176 179 68 15 129 169 207 25 92 149 168 185 81 67 224 227 271 115 126 161 196 268 90 
0 0 0 1292 0 0 1 0 1287 0 0 0 0 1322 0 0 0 0 1375 0 0 0 0 1312 0 
198 0 0 0 0 199 14 19 17 20 179 0 0 0 0 199 0 0 0 0 172 0 0 0 0 
91 0 0 0 0 116 0 0 0 0 122 0 0 0 0 102 0 0 0 0 206 88 85 88 99 
227 110 76 139 127 84 1 0 16 13 163 51 48 61 58 164 52 60 108 112 226 157 114 158 146 
80 63 145 98 79 0 0 68 0 0 0 0 88 0 0 0 0 62 0 0 181 186 254 211 184 
4 8 0 67 203 120 118 116 199 340 2 17 0 80 240 0 13 0 81 246 119 143 116 178 306 
7 10 75 5 225 2 1 61 9 173 108 100 173 111 289 139 151 225 166 351 2 0 58 1 191 
111 247 266 161 68 151 255 285 183 87 135 254 249 155 110 75 187 228 100 20 72 220 222 122 19 
121 0 0 5 0 107 0 0 0 0 118 0 0 0 0 121 0 0 0 0 159 17 29 48 35 
37 67 32 25 45 0 46 0 0 7 48 79 45 38 59 6 38 0 0 27 0 53 0 0 21 
610 631 640 673 625 0 0 0 0 0 0 0 0 0 0 0 0 0 0 0 0 0 0 0 0 
78 57 0 0 0 90 75 17 16 14 149 93 34 38 27 107 71 0 0 0 109 105 29 27 33 
36 0 0 67 81 90 42 53 104 157 23 0 0 71 72 54 12 22 62 72 33 28 39 89 84 
14 11 0 0 80 18 2 1 2 69 70 66 48 49 130 21 24 16 11 75 92 116 101 97 139 
55 0 0 0 0 62 0 0 0 0 64 0 0 0 0 202 133 145 146 140 52 0 0 0 0 
65 127 103 109 113 93 223 118 137 200 21 96 45 43 52 113 179 126 153 154 103 205 176 167 177 
0 0 0 0 0 31 38 33 20 24 0 0 0 0 0 59 71 76 67 92 108 94 97 102 133 
157 9 91 14 22 209 4 62 14 23 297 96 163 86 103 318 159 287 155 168 251 52 84 24 51 
18 0 39 0 0 22 0 20 0 0 9 0 28 6 0 96 72 94 85 88 25 3 33 0 6 
0 0 211 0 38 0 0 232 0 33 0 0 198 0 24 0 0 203 0 21 0 0 201 0 30 
116 76 0 140 58 134 101 1 130 96 134 124 46 161 78 99 73 0 118 75 95 81 2 135 63 
40 64 42 58 30 12 21 0 24 0 59 81 52 86 34 12 45 8 34 3 55 60 57 78 28 
0 0 43 49 0 61 44 85 81 54 0 0 34 31 0 50 43 86 72 39 36 27 70 62 24 
5 0 0 0 11 0 28 0 0 0 0 0 0 0 0 28 40 29 49 79 0 0 0 0 0 
0 234 0 215 0 0 186 0 199 0 3 211 5 204 0 0 197 0 198 0 0 206 0 217 0 
104 17 88 0 0 108 11 100 0 0 120 9 94 0 0 124 10 96 0 0 117 16 102 0 0 
