877 887 735 778 847 1069 1111 1089 1017 1032 735 732 556 640 750 1058 971 879 986 993 571 559 490 461 598 
160 124 155 136 136 0 0 0 0 0 113 70 121 98 92 0 0 0 0 0 0 0 0 0 0 
126 43 28 147 192 83 0 0 147 138 178 83 53 256 284 64 0 0 80 117 62 0 0 107 115 
0 0 66 77 3 99 61 138 125 86 0 2 61 54 0 81 66 139 129 58 57 38 113 102 40 
138 29 110 150 35 139 18 81 99 6 125 41 73 106 27 134 10 57 127 2 283 188 250 271 176 
114 5 15 1 115 92 10 13 0 130 200 103 107 87 199 164 75 97 66 168 226 123 139 115 249 
0 0 0 0 0 0 0 0 0 0 1047 1048 997 1036 1071 0 0 0 0 0 0 0 0 0 0 
0 0 0 286 0 1 0 3 279 1 129 119 109 418 122 131 120 104 446 135 0 0 0 265 0 
14 8 13 166 5 0 0 0 169 0 35 42 33 166 28 0 0 0 143 0 3 6 3 167 3 
0 0 0 0 0 0 0 0 0 0 0 0 0 0 0 68 86 86 79 92 218 177 180 219 180 
71 82 62 58 167 0 12 0 0 89 0 3 0 0 114 0 5 0 0 99 74 79 75 63 159 
162 162 163 165 169 0 0 0 0 0 0 0 0 0 0 0 0 0 0 0 90 86 73 77 87 
0 0 0 0 0 0 0 0 0 0 0 0 0 0 0 432 429 412 404 421 168 167 166 170 193 
0 201 0 0 84 0 162 0 0 98 133 326 154 137 223 0 184 0 0 98 0 200 0 0 75 
816 0 0 0 0 797 0 0 0 0 797 0 0 0 0 832 0 0 0 0 834 0 0 0 0 
10 11 200 123 154 28 7 181 132 148 95 91 284 226 204 167 189 368 318 304 134 101 285 202 294 
86 105 73 138 67 55 74 59 100 67 0 43 0 50 1 38 87 45 87 39 0 35 0 35 0 
41 8 10 5 13 150 125 131 123 142 35 0 0 0 21 33 0 0 0 18 151 123 113 126 167 
0 0 132 0 0 0 0 129 0 0 0 0 135 0 0 135 115 235 118 135 0 0 141 0 0 
0 66 43 46 0 0 78 43 48 0 37 97 91 99 33 0 73 48 49 0 0 73 56 42 0 
0 0 0 0 142 118 95 100 137 224 120 109 108 113 193 5 6 1 0 107 79 90 95 94 192 
0 0 0 0 0 0 0 0 0 0 0 0 0 0 0 1036 1089 1116 1073 1024 0 0 0 0 0 
0 18 57 146 0 0 20 60 129 0 0 20 53 158 0 0 18 54 156 0 0 16 56 169 0 
73 58 0 0 0 100 82 15 17 15 167 100 35 51 36 109 71 0 0 0 121 104 23 28 30 
86 124 85 173 164 8 52 21 72 85 14 43 25 75 97 0 40 0 63 76 0 42 0 62 73 
155 144 153 119 0 133 161 218 99 2 348 337 396 355 228 137 156 174 95 1 350 264 375 290 158 
81 23 16 104 7 82 0 0 119 0 229 147 138 245 135 64 0 0 101 0 108 45 40 180 37 
120 92 46 46 34 156 100 49 56 30 64 52 15 0 0 95 76 17 10 9 93 41 12 0 0 
0 0 139 63 0 0 0 151 54 0 0 0 187 54 0 0 0 164 45 0 0 0 140 43 0 
139 181 189 135 119 0 57 76 0 0 0 58 64 0 0 43 77 102 36 36 0 51 106 0 0 
63 51 67 66 57 95 112 101 111 97 22 39 42 35 36 0 0 0 0 0 0 0 0 0 0 
0 0 0 173 0 0 0 0 194 0 236 245 241 432 250 0 0 0 179 0 0 0 0 173 0 
0 0 0 0 0 168 147 187 145 157 0 0 0 0 0 0 0 0 0 0 72 63 68 73 90 
110 3 0 66 47 134 33 51 118 85 220 80 92 161 155 89 0 0 71 44 201 74 91 148 108 
0 77 0 0 0 0 78 0 0 0 0 63 0 0 0 121 151 81 126 88 57 134 49 56 52 
0 0 103 0 0 92 94 204 118 113 0 0 100 0 0 7 10 108 4 9 15 15 93 11 20 
296 245 217 302 149 136 98 71 119 0 103 83 71 105 0 295 275 210 336 157 158 129 88 154 0 
0 0 0 0 0 39 38 33 19 29 0 0 0 0 0 76 87 76 78 107 124 119 105 115 147 
0 230 0 213 0 0 194 0 206 0 8 210 7 206 7 0 191 0 203 0 0 205 0 214 0 
0 47 0 131 0 0 53 0 148 0 0 51 1 144 0 63 155 73 229 77 0 55 0 150 0 
0 0 0 0 81 82 75 82 65 153 103 81 80 84 140 0 0 0 0 78 0 1 0 0 88 
99 286 341 54 249 23 199 233 7 163 92 279 344 60 259 109 323 340 104 268 188 324 357 127 283 
0 52 38 0 87 22 65 48 15 94 31 91 96 45 84 0 63 27 0 70 0 65 28 0 75 
110 104 109 133 125 16 0 0 40 0 16 0 0 37 0 19 0 0 44 0 88 68 63 114 85 
81 0 72 0 0 72 0 82 0 0 129 59 116 49 53 118 18 86 16 15 76 0 87 0 0 
0 18 81 0 95 0 12 69 0 107 0 14 73 0 106 0 14 91 0 133 0 13 69 0 100 
36 82 168 97 34 76 97 175 130 71 0 44 125 41 0 58 84 187 119 52 0 31 118 66 0 
1 66 0 0 0 0 71 0 0 0 121 230 114 133 126 0 91 0 0 0 15 79 20 22 27 
0 0 0 71 0 61 64 51 123 81 0 0 0 70 0 0 0 0 80 0 71 63 57 147 61 
49 0 91 47 0 57 0 109 51 0 59 0 93 50 0 46 0 102 54 0 44 0 98 45 0 
83 51 0 30 0 114 88 19 50 27 101 96 0 26 0 122 59 0 46 0 98 66 0 36 0 
0 0 0 0 28 204 197 204 210 226 0 0 0 0 39 0 0 0 0 42 0 0 0 0 35 
112 54 63 142 85 76 43 60 124 88 25 0 0 74 10 38 0 0 62 14 52 15 10 67 37 
32 81 10 7 11 19 57 0 0 0 22 80 0 0 0 158 202 153 147 132 32 93 0 0 0 
0 0 0 21 0 186 172 197 202 165 0 0 0 23 0 0 0 0 23 0 0 0 0 19 0 
103 107 167 194 115 0 0 64 81 0 0 0 95 84 0 0 0 79 70 0 0 0 76 92 0 
71 62 64 40 65 41 0 0 0 5 78 64 56 53 73 22 0 0 0 16 94 45 48 51 54 
0 0 25 0 69 9 6 36 12 89 0 0 34 0 70 10 7 43 8 95 81 75 114 64 153 
604 600 622 657 604 0 0 0 0 0 0 0 0 0 0 0 0 0 0 0 0 0 0 0 0 
58 120 147 73 76 34 86 98 28 28 0 33 77 0 0 0 38 77 0 0 0 41 70 0 0 
0 0 129 0 0 0 0 124 0 0 98 135 270 131 125 0 0 108 0 0 0 0 136 0 0 
104 122 38 59 149 41 45 0 0 90 46 62 0 0 71 41 43 0 0 78 60 45 0 0 96 
0 65 0 28 42 68 137 68 99 111 0 66 0 38 46 0 59 0 50 43 31 80 27 64 85 
9 7 95 5 12 0 0 84 0 0 0 0 80 0 0 36 38 119 27 29 75 78 148 59 85 
0 0 0 52 79 94 86 68 133 181 0 0 0 52 85 0 0 0 39 91 0 0 0 53 80 
107 190 93 79 95 28 121 0 0 0 36 136 8 10 11 27 85 0 0 0 24 94 0 0 0 
72 26 93 40 100 20 0 30 9 66 23 0 39 1 74 16 0 50 0 64 12 0 38 8 69 
53 12 25 0 6 50 0 14 0 0 66 51 69 36 64 88 61 63 32 40 156 112 118 140 114 
55 22 97 36 40 27 0 73 0 0 19 0 67 0 0 23 0 57 0 0 51 5 100 0 4 
0 0 36 0 8 0 0 0 2 0 0 6 0 6 0 6 0 0 0 0 11 0 0 0 0 
0 62 60 0 0 0 60 43 0 0 20 103 74 17 21 31 109 56 39 42 0 62 50 0 0 
30 0 91 0 44 64 43 124 39 80 25 0 85 0 28 37 10 99 5 35 31 0 99 0 28 
0 2118 0 0 0 0 2193 0 0 0 0 2072 0 0 0 0 2128 0 0 0 0 2072 0 0 0 
16 116 103 0 0 81 205 194 81 57 0 128 110 4 0 47 216 140 81 34 0 141 102 0 0 
59 113 104 0 0 69 128 124 0 0 84 129 124 0 0 72 126 105 0 0 64 117 121 0 0 
0 92 0 117 0 92 174 80 182 90 71 159 41 160 48 0 89 0 123 0 0 117 0 97 0 
0 0 0 0 0 1284 1236 1238 1199 1259 0 0 0 0 0 0 0 0 0 0 0 0 0 0 0 
0 0 93 143 0 0 0 83 111 0 0 0 88 139 0 0 0 94 138 0 0 0 78 137 0 
153 48 49 90 44 147 57 51 118 56 84 0 0 42 0 84 0 0 40 0 86 0 0 47 0 
0 112 0 0 72 0 140 0 0 68 0 148 0 0 83 0 125 0 0 65 0 131 0 0 95 
153 268 155 247 102 81 165 12 144 0 302 421 258 380 171 92 250 74 180 24 221 360 266 319 153 
100 97 272 250 92 0 0 161 169 0 107 88 232 266 93 0 0 153 173 1 23 20 179 171 29 
145 105 113 137 263 8 23 0 5 175 6 10 6 4 157 209 205 166 178 352 203 229 245 202 379 
0 67 0 0 0 0 55 0 0 0 0 66 0 0 0 8 62 4 7 3 163 201 163 141 159 
69 27 48 15 47 59 16 34 0 49 41 13 43 0 39 77 17 34 0 49 142 107 105 88 147 
204 68 0 101 0 211 67 0 107 0 211 51 0 106 0 196 65 0 110 0 210 52 0 116 0 
55 0 0 0 0 62 0 0 0 0 64 0 0 0 0 202 133 145 146 141 52 0 0 0 0 
0 0 1474 0 0 0 0 1501 0 0 0 0 1374 0 0 0 0 1494 0 0 0 0 1476 0 0 
86 6 12 52 25 103 74 65 116 80 110 74 76 93 92 72 33 31 71 40 56 0 0 29 12 
146 144 137 121 209 0 0 6 0 50 74 96 87 71 134 0 0 24 0 56 0 0 15 0 61 
64 113 0 149 0 180 219 119 227 102 112 147 72 208 93 70 111 0 143 0 46 78 0 116 0 
100 102 111 102 151 102 92 78 76 120 0 27 0 0 48 0 21 1 0 31 54 71 56 54 100 
0 85 0 0 0 34 158 39 33 30 39 163 41 36 37 31 138 28 25 37 47 139 50 37 56 
29 11 42 33 0 102 72 116 112 65 42 21 48 36 0 41 9 46 30 0 38 20 37 36 0 
154 0 0 0 0 144 0 0 0 0 230 83 103 114 109 135 0 0 0 0 145 0 0 0 0 
0 0 0 0 833 0 0 0 0 789 0 0 0 0 841 0 0 0 0 831 0 0 0 0 768 
118 101 0 171 52 120 117 0 151 61 189 186 37 229 116 104 97 4 162 85 114 160 0 206 71 
128 0 0 0 0 257 99 86 84 73 158 0 0 0 0 151 0 0 0 0 148 0 0 0 0 
0 0 0 0 0 73 57 71 67 75 0 0 0 0 0 146 126 142 141 145 0 0 0 0 0 
0 22 0 143 0 33 55 46 186 32 0 19 0 131 0 0 16 0 136 0 0 20 0 160 0 
97 58 130 127 174 59 0 84 67 71 25 7 81 90 68 113 60 130 129 142 15 0 56 66 60 
43 47 55 128 106 26 19 30 81 73 0 0 0 76 55 0 0 0 47 49 7 7 8 74 52 
0 9 65 0 0 89 108 199 97 101 0 10 80 0 0 61 102 186 56 73 0 7 75 0 0 
206 6 191 0 0 214 1 167 0 0 207 2 193 3 1 179 2 195 0 0 215 23 183 10 11 
298 106 306 105 184 301 142 342 150 206 325 153 358 176 220 187 19 162 30 99 196 47 222 16 98 
65 152 69 83 66 0 86 0 27 0 17 128 28 34 27 0 104 0 17 0 0 75 0 22 0 
0 0 32 0 58 35 46 77 44 112 55 73 89 52 121 0 0 33 0 61 0 0 49 0 58 
0 0 22 0 229 0 0 24 0 216 0 0 34 0 195 0 0 27 0 228 0 0 30 0 222 
0 0 0 50 0 0 0 0 59 0 54 59 45 140 44 0 0 0 59 0 85 78 82 157 83 
92 0 0 96 0 112 0 0 114 0 101 0 0 91 0 98 0 0 119 0 100 0 0 113 0 
1 36 78 79 3 105 171 172 186 125 174 200 213 230 138 13 66 106 106 43 77 99 107 137 54 
120 143 131 116 255 0 0 0 0 92 0 0 0 0 86 24 39 28 25 129 0 0 0 0 82 
142 257 162 154 166 0 134 0 0 0 84 206 88 91 87 0 109 0 0 10 98 228 92 85 109 
143 137 81 82 81 79 46 0 0 0 89 41 4 4 7 66 51 0 0 0 76 58 0 0 0 
0 118 0 0 0 42 182 59 74 75 0 138 0 0 0 73 202 86 91 73 0 122 0 0 0 
0 0 0 0 0 0 0 0 0 0 0 0 0 0 0 0 0 0 0 0 448 430 460 455 424 
0 0 37 0 0 73 79 92 75 87 0 0 31 0 0 77 75 85 59 79 19 25 59 22 26 
9 17 18 17 54 0 0 0 0 41 82 88 75 76 111 0 0 0 0 34 75 103 89 83 117 
0 0 0 140 0 0 0 0 136 0 0 0 0 162 0 0 0 0 157 0 80 85 86 232 97 
0 65 0 34 72 0 54 0 38 77 0 53 0 36 88 0 53 0 30 70 16 74 25 55 111 
0 112 0 0 0 0 108 0 0 0 0 106 0 0 0 0 96 0 0 0 97 185 99 105 92 
0 9 0 17 0 80 71 80 74 79 52 23 59 53 54 0 0 0 21 0 110 97 104 133 102 
0 0 115 55 0 43 45 155 107 49 0 0 102 38 0 0 0 89 37 0 0 0 126 35 0 
59 0 0 0 0 126 62 61 76 69 99 20 18 20 14 131 46 46 52 41 58 0 0 0 0 
83 35 33 110 37 38 0 0 91 0 48 0 0 84 0 82 35 30 120 32 55 0 0 83 0 
0 0 63 43 0 0 0 55 42 0 101 99 148 132 97 0 0 62 46 0 0 0 67 42 0 
37 0 1 77 98 98 76 91 136 207 34 2 4 89 118 57 17 41 93 103 34 37 43 99 121 
0 5 59 133 9 0 0 52 91 0 56 37 132 168 61 27 52 94 166 44 0 0 50 100 0 
45 3 40 50 7 36 4 36 30 19 110 73 114 104 92 64 18 45 45 20 48 0 47 44 3 
39 0 53 0 55 38 0 56 0 50 25 0 66 0 70 88 49 102 64 103 29 0 55 0 52 
90 22 138 115 55 64 9 143 81 27 70 0 120 40 14 185 53 210 132 120 99 34 180 57 54 
18 97 169 32 132 158 226 349 157 293 39 144 209 55 175 0 60 181 6 131 96 156 252 118 228 
21 22 27 66 52 42 42 36 78 81 0 0 0 33 32 0 0 0 25 18 78 97 98 134 106 
17 29 0 82 1 29 47 0 103 0 77 71 37 125 53 25 37 0 103 0 40 33 0 80 0 
0 0 59 0 0 161 150 215 153 176 0 0 64 0 0 0 0 78 0 0 0 0 72 0 0 
16 10 1 0 86 17 3 0 1 76 61 68 55 47 139 29 23 16 14 92 108 132 105 112 150 
73 11 16 8 24 128 81 85 85 102 123 95 100 118 120 47 0 4 1 20 37 13 11 3 24 
19 119 68 20 37 0 91 73 6 5 0 76 45 0 19 0 83 56 5 15 45 125 103 47 83 
163 205 118 97 115 87 63 48 23 27 42 49 20 0 0 40 49 16 0 0 36 47 16 0 0 
95 0 0 14 0 83 0 0 0 0 99 0 0 10 0 100 0 0 0 0 122 15 23 52 29 
71 90 17 22 21 55 55 2 0 0 66 72 20 6 13 69 68 42 40 48 84 76 46 26 43 
38 75 42 70 29 0 62 10 42 16 0 51 9 45 19 0 43 14 31 13 39 103 64 96 78 
0 0 56 26 11 0 0 45 35 3 0 0 44 40 6 43 53 122 94 61 54 50 100 93 63 
29 38 26 22 31 0 0 0 0 0 71 58 57 62 55 0 0 0 0 0 120 107 99 114 110 
41 38 37 35 44 0 0 16 0 0 0 0 19 0 0 49 44 93 58 55 135 96 140 139 127 
37 42 108 46 49 1 0 53 0 0 59 54 132 59 51 0 0 53 7 0 0 1 58 25 10 
0 0 180 32 0 0 0 141 23 0 19 20 156 37 18 0 0 166 23 0 0 0 162 23 0 
45 80 0 0 0 78 110 45 32 35 88 128 21 16 10 92 145 46 46 47 39 76 0 0 0 
98 1 121 107 129 185 67 216 227 205 214 100 221 232 248 180 52 148 152 187 124 5 116 161 147 
103 132 77 62 74 13 53 5 0 0 84 151 78 60 63 40 80 31 24 16 25 65 0 0 0 
0 115 108 162 0 0 127 118 164 0 0 108 120 166 2 0 117 115 156 0 0 127 118 163 2 
13 0 0 130 0 9 0 0 98 0 92 65 89 191 86 14 0 0 102 0 20 1 1 107 0 
52 73 38 47 75 0 57 8 0 36 44 79 34 36 65 3 38 0 0 34 0 58 0 5 27 
131 138 29 74 109 169 238 77 96 189 101 152 65 75 132 81 88 4 33 77 246 275 112 163 202 
71 165 139 88 102 5 38 64 7 2 36 79 117 35 32 23 81 65 12 25 0 63 48 0 0 
4 14 0 0 68 0 23 14 4 92 0 10 10 2 44 51 88 67 42 154 20 31 36 30 93 
615 501 490 371 442 450 258 248 204 227 467 338 329 220 291 368 169 148 62 155 562 384 383 354 377 
81 68 0 4 0 159 160 70 81 68 71 83 0 0 0 99 91 22 20 21 67 70 0 0 0 
166 295 141 150 141 245 360 141 258 176 119 278 93 136 73 29 180 2 20 0 96 220 74 80 41 
0 0 0 0 52 0 0 0 0 61 0 0 0 0 69 0 0 0 0 59 147 166 153 164 192 
63 0 31 0 11 110 9 48 25 29 114 52 81 48 52 140 64 98 59 78 109 21 40 16 27 
155 0 0 56 1 161 0 0 58 0 143 0 0 40 0 175 0 0 49 0 156 0 0 42 0 
143 118 141 213 111 31 0 75 112 4 60 29 103 163 54 37 7 85 94 23 31 0 56 75 2 
63 104 84 164 152 0 8 6 97 43 0 13 5 66 60 0 11 8 78 48 29 39 30 104 55 
130 139 92 65 11 207 221 185 137 126 110 117 104 50 13 262 241 225 173 114 170 188 151 79 66 
58 130 51 57 53 0 55 0 0 0 6 80 4 5 4 0 64 0 0 0 76 154 62 76 65 
0 0 0 16 0 0 0 0 22 0 0 0 0 20 0 0 0 0 19 0 173 183 209 215 204 
22 0 0 12 34 98 81 74 86 101 31 0 0 14 29 20 0 0 5 38 35 0 0 0 25 
57 6 70 126 122 25 2 41 97 101 83 27 57 151 140 29 0 44 99 101 133 96 141 230 233 
0 69 55 0 67 0 71 63 0 72 0 79 53 0 55 0 66 64 0 68 0 84 67 0 66 
54 24 63 41 36 76 55 105 62 56 21 16 33 21 9 56 44 113 73 51 9 0 38 0 0 
74 0 0 0 50 64 0 0 0 49 88 0 0 0 60 65 0 0 0 52 171 86 76 94 148 
83 148 27 131 96 82 171 7 130 115 63 113 7 122 79 228 269 146 250 195 137 211 102 200 155 
69 86 96 76 62 10 36 38 13 8 0 14 44 0 0 58 69 84 50 45 21 29 55 19 13 
0 0 0 190 44 0 0 0 191 44 35 40 19 209 63 0 0 0 190 46 0 0 0 177 55 
0 0 0 140 13 146 126 120 304 159 1 0 0 159 15 112 117 108 242 107 0 0 0 125 7 
47 170 177 187 64 21 130 160 187 28 64 152 196 175 73 63 231 215 244 114 98 173 217 242 94 
0 0 0 1281 0 0 0 0 1286 0 0 0 0 1303 0 0 1 1 1357 2 0 0 0 1281 0 
195 0 0 0 0 197 13 18 17 20 178 0 0 0 0 196 0 0 0 0 166 0 0 0 0 
97 0 0 0 0 125 0 0 0 0 130 0 0 0 0 113 0 0 0 0 222 101 90 94 109 
303 45 123 101 79 240 0 24 5 0 445 127 208 160 138 476 243 378 275 288 332 80 130 110 96 
4 39 0 0 1 0 61 7 0 15 0 42 0 0 17 0 1 0 0 0 0 30 0 0 32 
0 0 195 0 33 0 0 218 0 28 0 0 196 0 27 0 0 173 0 18 0 0 174 0 27 
72 86 148 116 88 0 0 52 0 0 0 0 78 0 0 0 0 67 0 0 179 235 252 248 219 
3 11 0 87 230 120 138 122 232 373 3 23 0 85 251 0 6 0 81 261 128 158 122 189 320 
7 11 82 7 226 5 0 59 8 171 105 99 156 106 267 131 124 224 165 327 1 3 70 0 182 
69 28 34 81 84 45 0 0 29 64 63 0 0 30 40 67 0 0 34 47 101 52 50 83 95 
150 278 317 202 91 174 234 344 173 91 154 258 332 167 121 73 158 262 79 17 50 196 262 129 27 
0 0 0 40 0 79 68 52 108 63 0 0 0 26 0 50 50 69 100 56 46 53 49 100 42 
