924 896 860 822 921 1196 1124 1120 1151 1147 737 716 744 681 819 1086 1049 1058 1094 1095 686 617 584 544 731 
174 133 164 161 161 0 0 0 0 0 120 91 127 105 113 0 0 0 0 0 0 0 0 0 0 
114 37 56 207 223 70 0 0 131 151 176 58 44 225 249 52 0 0 79 122 81 0 0 123 140 
275 49 92 56 70 205 0 39 0 3 394 97 171 106 119 412 180 295 225 230 290 69 108 75 78 
0 0 2 162 16 160 125 125 348 174 3 3 0 198 21 114 105 116 269 115 0 0 0 147 10 
199 39 120 175 18 178 9 90 154 0 189 27 72 132 11 167 6 60 168 0 375 198 289 406 217 
105 9 17 0 107 93 2 15 0 127 189 100 102 83 190 168 79 87 64 162 209 104 112 104 232 
0 0 0 0 0 0 0 0 0 0 1026 1041 986 1010 1059 0 0 0 0 0 0 0 0 0 0 
0 0 0 230 0 1 0 3 219 1 102 99 89 344 124 106 104 82 350 124 0 0 0 214 0 
15 10 15 212 5 0 0 0 221 0 42 48 39 207 28 0 0 0 187 0 4 7 3 207 3 
73 149 178 243 75 58 166 226 238 37 150 215 286 308 116 88 178 199 240 106 98 143 177 279 63 
0 0 0 0 0 0 0 0 0 0 0 0 0 0 0 59 64 70 63 83 181 158 150 185 171 
82 88 75 65 179 0 8 0 0 108 0 3 0 0 104 0 4 0 0 108 93 93 80 83 171 
133 135 139 146 148 0 0 0 0 0 0 0 0 0 0 0 0 0 0 0 79 78 64 64 77 
0 0 0 0 0 0 0 0 0 0 0 0 0 0 0 449 459 435 417 442 181 175 184 185 198 
0 195 0 0 82 0 167 0 0 93 127 318 151 133 206 0 178 0 0 91 0 208 0 0 74 
958 0 0 0 0 936 0 0 0 0 926 0 0 0 0 984 0 0 0 0 971 0 0 0 0 
15 2 182 132 120 33 2 203 110 143 106 116 275 220 194 159 177 342 317 262 128 88 251 211 258 
83 125 85 147 71 58 85 67 121 76 0 39 0 45 0 44 97 53 101 47 0 40 0 44 0 
50 11 22 7 29 169 148 161 151 164 44 0 0 0 19 28 0 0 0 19 178 155 140 154 176 
0 0 140 0 0 0 0 119 0 1 0 0 152 0 0 142 114 243 112 120 0 0 141 0 0 
0 64 43 44 0 0 79 45 38 0 33 97 90 100 32 0 70 47 49 0 0 70 57 40 0 
3 4 2 2 174 174 144 140 163 303 169 145 126 152 269 3 7 0 0 134 103 105 128 110 236 
0 0 0 0 0 0 0 0 0 0 0 0 0 0 0 1005 1069 1088 1039 979 0 0 0 0 0 
0 25 54 145 0 0 18 57 119 0 0 18 52 161 0 0 19 58 155 0 0 17 56 149 0 
65 53 0 0 0 87 75 19 14 14 147 93 36 36 32 94 74 0 0 0 106 99 23 25 33 
76 105 66 147 157 8 42 18 58 67 16 46 21 76 88 0 41 0 54 74 0 30 0 61 68 
71 104 95 59 10 65 109 135 60 0 233 258 288 248 173 79 126 119 62 3 197 181 235 176 99 
84 14 21 108 17 78 0 0 113 0 218 155 142 233 137 75 0 0 109 0 111 43 49 175 40 
104 80 40 43 29 130 88 42 52 32 55 49 12 0 0 81 65 15 9 14 75 53 9 0 0 
0 0 149 65 0 0 0 168 53 0 0 0 199 59 0 0 0 178 45 0 0 0 152 44 0 
107 143 150 108 97 0 46 62 0 0 0 42 61 0 0 36 61 93 32 34 0 40 86 0 0 
79 68 88 86 74 124 131 120 132 124 23 43 47 44 47 0 0 0 0 0 0 0 0 0 0 
0 0 0 167 0 0 0 0 178 0 233 235 226 414 246 0 0 0 172 0 0 0 0 155 0 
0 0 0 0 0 161 156 188 142 156 0 0 0 0 0 0 0 0 0 0 83 64 75 67 89 
122 3 0 61 42 145 32 52 110 105 226 70 85 154 143 94 0 0 72 45 210 72 83 154 126 
0 75 0 0 0 0 72 0 0 0 0 57 0 0 0 100 137 73 111 74 48 117 42 46 45 
0 0 111 0 0 99 99 220 130 123 0 0 103 0 0 11 11 115 6 10 16 16 103 8 23 
244 202 184 253 114 117 79 74 108 0 81 79 63 93 0 267 240 155 275 107 124 100 69 132 0 
0 0 0 0 0 33 42 30 22 22 0 0 0 0 0 67 72 78 74 102 118 109 115 111 146 
0 224 0 202 0 0 180 0 195 0 5 202 6 192 0 1 187 0 193 0 0 198 0 208 0 
0 44 0 116 0 0 52 0 133 0 0 49 0 125 0 60 142 67 199 65 1 53 0 122 0 
0 0 0 0 69 75 64 76 57 128 80 69 68 76 119 0 0 0 0 71 0 1 0 0 74 
76 276 282 25 229 14 213 233 0 170 84 292 308 36 261 122 323 300 108 300 232 379 388 185 341 
0 58 36 0 93 26 79 53 15 105 35 100 103 44 93 0 69 32 0 74 0 70 32 0 83 
112 98 109 130 125 17 0 0 37 0 15 0 0 44 0 16 0 0 48 0 86 70 66 119 89 
78 0 72 0 0 78 0 81 0 0 139 60 122 56 56 119 17 107 14 13 77 0 78 0 0 
0 14 80 0 95 0 10 69 0 106 0 13 73 0 104 0 12 91 0 132 0 11 69 0 100 
19 48 141 62 20 56 67 150 91 46 0 39 118 37 0 45 66 162 95 41 0 25 110 51 0 
0 61 0 0 0 0 77 0 0 0 118 240 106 139 120 0 87 0 0 0 15 83 20 26 28 
0 0 0 78 0 67 66 55 127 85 0 0 0 74 0 0 0 0 84 0 79 66 62 158 63 
64 0 124 70 0 89 0 128 76 0 82 0 130 78 0 57 0 149 69 0 54 0 122 69 0 
96 58 0 35 0 138 99 19 58 33 114 101 0 31 0 137 66 0 46 0 115 65 0 44 0 
0 0 0 0 26 201 193 202 208 227 0 0 0 0 34 0 0 0 0 38 0 0 0 0 36 
112 53 65 128 94 67 40 54 114 74 30 0 0 53 11 35 0 0 60 14 47 13 12 67 30 
31 75 14 8 16 19 56 0 0 0 21 88 0 0 0 154 206 156 142 132 31 99 0 0 0 
0 0 0 21 0 186 170 197 198 164 0 0 0 23 0 0 0 0 22 0 0 0 0 19 0 
71 79 133 137 89 0 0 51 62 0 0 0 74 61 0 0 0 67 53 0 0 0 59 62 0 
66 61 62 47 69 44 0 0 0 11 81 63 54 51 73 33 0 0 0 26 96 49 47 50 61 
0 0 27 0 82 8 6 41 13 95 0 0 35 0 81 12 8 44 9 110 93 85 125 67 173 
606 601 621 658 604 0 0 0 0 0 0 0 0 0 0 0 0 0 0 0 0 0 0 0 0 
55 105 137 64 70 28 79 95 26 26 0 32 70 0 0 0 37 71 0 0 0 38 66 0 0 
0 0 119 0 0 0 0 99 0 0 78 118 219 114 108 0 0 96 0 0 0 0 109 0 0 
127 146 53 67 166 41 45 0 0 98 57 71 0 0 83 47 52 0 0 82 73 47 0 0 102 
0 48 0 13 10 50 106 47 62 60 0 55 0 20 17 0 56 0 30 13 14 52 7 33 30 
8 6 99 4 11 0 0 87 0 0 0 0 82 0 0 36 39 120 27 29 73 78 147 58 82 
0 0 0 51 75 88 81 63 117 163 0 0 0 49 73 0 0 0 36 84 0 0 0 47 73 
103 183 80 83 88 24 134 0 0 0 29 126 7 7 9 25 90 0 0 0 31 84 0 3 0 
67 32 90 44 97 18 0 39 4 65 9 0 39 0 79 13 0 52 0 63 14 0 35 5 70 
69 0 1 0 3 79 0 2 0 0 105 55 26 56 77 115 49 0 30 26 167 90 93 128 96 
66 34 118 48 52 32 0 81 0 0 29 0 77 0 0 26 0 70 0 0 83 45 122 48 42 
84 77 95 51 57 31 29 24 0 10 48 66 52 27 43 42 28 23 0 11 30 31 30 0 6 
0 62 65 0 0 0 72 53 0 0 21 103 76 21 21 31 109 64 40 42 0 62 57 0 0 
58 99 57 51 47 38 106 36 39 29 16 82 16 16 28 28 63 28 30 31 0 63 0 0 0 
28 0 89 0 43 62 43 120 39 78 24 0 78 0 27 33 9 94 0 34 28 0 97 0 27 
0 2101 0 0 0 0 2145 0 0 0 0 2030 0 0 0 0 2112 0 0 0 0 2030 0 0 0 
27 131 112 9 4 72 211 197 73 63 3 117 126 6 0 30 207 145 89 41 3 118 82 0 0 
59 91 72 0 0 43 113 89 0 0 67 111 116 0 0 52 105 86 0 0 59 115 100 0 0 
0 147 0 204 0 137 242 121 391 145 160 305 160 422 150 0 140 0 216 0 3 163 0 197 0 
91 90 136 139 120 0 0 53 0 0 0 0 67 0 0 0 0 58 0 0 196 221 288 262 248 
0 0 0 0 0 1254 1212 1214 1176 1239 0 0 0 0 0 0 0 0 0 0 0 0 0 0 0 
0 0 80 125 0 0 0 75 106 0 0 0 81 127 0 0 0 81 125 0 0 0 72 128 0 
174 66 60 97 56 161 57 58 114 63 93 0 0 38 0 95 0 0 36 0 96 0 0 46 0 
0 121 0 0 84 0 147 0 0 77 0 152 0 0 85 0 143 0 0 72 0 141 1 0 100 
200 267 150 197 101 100 242 94 96 21 263 353 239 275 137 236 341 229 221 134 224 395 266 230 164 
104 99 305 320 96 0 2 202 211 13 120 117 319 328 94 0 0 195 210 13 30 25 237 216 44 
174 151 138 184 316 13 24 6 13 184 14 17 8 7 170 245 243 183 215 405 238 296 281 253 447 
0 72 0 0 0 0 55 0 0 0 0 73 0 0 0 7 68 4 8 3 173 204 173 153 167 
61 28 49 16 58 58 16 34 0 50 52 20 46 0 35 80 16 39 0 51 138 121 119 94 157 
202 77 0 101 0 205 67 0 102 0 206 59 0 104 0 193 71 0 109 0 199 63 0 114 0 
55 0 0 0 0 62 0 0 0 0 64 0 0 0 0 202 133 145 146 141 52 0 0 0 0 
97 282 271 185 67 96 216 202 122 20 96 227 221 115 66 62 191 211 96 2 55 226 260 108 27 
108 7 15 65 31 115 75 72 139 81 124 84 78 112 111 78 38 26 82 48 69 0 1 33 17 
111 126 153 99 200 0 0 8 0 53 74 78 89 69 126 0 0 21 0 61 0 0 13 0 75 
27 51 0 52 0 104 121 68 116 47 55 59 25 83 38 35 42 0 54 0 31 42 0 60 0 
102 115 127 126 170 108 95 84 82 128 0 27 0 0 63 0 20 0 0 35 67 80 73 64 110 
0 60 0 0 0 28 109 30 30 24 30 119 30 30 28 20 105 21 22 27 36 108 37 29 42 
31 11 39 34 0 103 69 109 112 63 42 19 42 37 0 47 8 43 35 0 40 19 34 39 0 
2 6 0 91 231 132 155 138 244 377 0 37 0 93 275 0 8 0 104 272 114 148 124 194 334 
13 13 90 7 224 6 3 73 10 168 109 86 166 114 257 141 144 223 172 325 2 2 71 2 182 
157 0 0 0 0 153 0 0 0 0 222 83 105 110 112 135 0 0 0 0 132 0 0 0 0 
0 0 0 0 837 0 0 0 0 784 0 0 0 0 850 0 0 0 0 843 0 0 0 0 784 
120 112 0 171 58 125 90 0 175 78 174 165 45 249 120 116 120 9 197 103 113 122 3 205 67 
180 0 0 0 0 326 109 102 101 93 208 0 0 0 0 192 0 0 0 0 188 0 0 0 0 
0 0 0 0 0 82 67 75 65 75 0 0 0 0 0 157 141 148 154 145 0 0 0 0 0 
0 25 0 161 0 35 61 49 194 35 0 19 0 136 0 0 17 0 144 0 0 20 0 169 0 
116 71 134 137 181 45 0 83 65 67 15 0 74 76 70 122 67 147 120 151 26 0 52 61 42 
47 54 56 138 112 29 25 32 89 79 0 0 0 83 60 0 0 0 53 55 8 10 10 79 60 
0 5 58 0 0 76 89 167 76 84 0 9 65 0 0 51 64 154 47 60 0 4 59 0 0 
111 0 110 0 0 101 0 83 0 0 91 0 99 4 1 69 0 100 0 0 108 11 88 9 10 
300 92 328 110 222 342 184 432 221 262 290 145 368 201 246 205 17 228 63 148 212 56 306 60 137 
68 162 73 89 71 0 91 0 28 0 17 134 31 39 28 0 108 0 18 0 0 78 0 23 0 
0 0 38 0 65 36 51 90 48 131 69 79 97 58 128 0 0 37 0 65 0 0 52 0 68 
0 0 16 0 191 0 0 16 0 182 0 0 29 0 169 0 0 25 0 182 0 0 24 0 188 
0 0 0 50 0 0 0 0 59 0 54 59 45 140 45 0 0 0 59 0 85 78 82 158 86 
97 0 0 107 0 125 0 0 125 0 114 0 0 103 0 101 0 0 135 0 116 0 0 130 0 
12 47 77 63 0 98 157 183 160 115 189 220 233 228 134 4 54 94 77 0 68 109 117 119 49 
125 158 139 118 257 0 0 0 0 83 0 0 0 0 88 25 26 33 27 132 0 0 0 0 84 
134 246 151 136 143 0 127 0 0 0 88 213 89 96 86 0 104 0 0 0 111 215 84 78 110 
148 137 86 81 90 78 46 0 0 0 90 48 4 4 8 65 52 0 0 0 77 64 0 0 0 
0 116 0 0 0 31 155 45 49 56 0 113 0 0 0 64 172 69 71 60 0 105 0 0 0 
0 0 0 0 0 0 0 0 0 0 0 0 0 0 0 0 0 0 0 0 456 423 457 432 409 
0 0 36 0 0 73 79 92 75 87 0 0 31 0 0 77 75 85 59 79 19 25 59 22 26 
8 15 16 17 52 0 0 0 0 36 80 79 71 69 98 0 0 0 0 32 66 95 76 74 104 
0 0 0 127 0 0 0 0 111 0 0 0 0 135 0 0 0 0 139 0 72 71 76 190 79 
0 74 0 33 75 0 65 0 41 80 0 61 0 37 100 2 62 0 31 78 20 83 26 56 117 
0 113 0 0 0 0 110 0 0 0 0 108 0 0 0 0 96 0 0 0 98 188 102 106 93 
0 0 0 35 0 75 64 73 67 76 56 4 41 43 47 0 0 0 17 0 101 100 105 140 99 
0 0 116 55 0 43 45 155 106 50 0 0 103 39 0 0 0 89 38 0 0 0 126 35 0 
0 25 0 0 0 0 69 16 0 23 0 49 0 0 13 8 34 0 0 6 0 39 11 0 30 
59 0 0 0 0 126 62 61 75 69 99 20 18 20 15 131 47 46 52 41 58 0 0 0 0 
83 35 33 111 37 39 0 0 91 0 47 0 0 85 0 83 34 30 120 32 54 0 0 83 0 
0 0 63 42 0 0 0 55 43 0 100 98 149 130 97 0 0 62 47 0 0 0 67 41 0 
34 0 0 64 97 83 57 66 113 178 31 2 4 79 95 61 21 36 79 104 34 28 40 84 107 
5 10 57 114 7 0 0 56 89 0 57 29 128 148 56 33 46 80 131 45 0 0 52 96 0 
68 7 50 59 7 48 3 31 46 26 147 76 124 115 113 91 16 56 52 18 49 0 47 41 0 
41 0 57 0 58 41 0 60 0 53 27 0 72 0 73 93 51 109 68 109 32 0 58 0 54 
98 23 177 69 50 71 11 161 63 36 52 0 121 16 4 171 61 219 115 109 119 44 201 80 67 
16 99 173 25 149 153 241 324 165 281 35 123 204 62 200 0 60 175 2 126 99 178 263 129 251 
19 21 22 57 48 37 36 31 74 70 0 0 0 31 29 0 0 0 22 17 72 86 89 121 97 
22 33 0 97 0 37 54 0 125 0 100 90 47 152 62 30 44 0 119 0 50 47 0 100 0 
0 0 57 0 0 165 144 212 151 178 0 0 62 0 0 0 0 70 0 0 0 0 66 0 0 
54 111 65 90 39 16 31 0 28 0 76 111 73 124 54 22 68 11 69 11 99 85 93 136 46 
13 7 0 0 72 14 2 0 0 58 59 61 47 42 131 22 20 15 11 71 91 110 91 96 132 
66 6 7 6 22 90 66 63 70 70 100 79 79 93 86 39 0 1 0 11 35 9 10 0 20 
21 103 81 17 32 0 101 72 6 8 0 88 43 0 21 0 88 55 5 18 50 142 110 45 100 
141 195 94 100 98 70 62 40 20 19 40 50 17 0 0 37 57 14 0 0 34 46 15 0 0 
95 0 0 21 0 83 0 0 7 0 99 0 0 29 0 99 0 0 0 0 122 15 23 58 29 
70 85 16 21 22 52 47 0 0 0 55 70 15 8 17 64 76 35 48 49 88 82 53 29 39 
37 65 35 70 24 0 49 5 39 10 2 33 10 46 15 0 17 11 31 6 38 88 55 95 61 
0 0 55 27 11 0 0 45 35 2 0 0 44 40 6 43 53 122 94 61 54 49 100 92 62 
28 37 26 21 31 0 0 0 0 0 71 58 57 62 55 0 0 0 0 0 119 106 99 114 109 
40 33 38 35 41 0 0 13 0 0 0 0 19 0 0 57 48 90 59 49 126 103 137 142 124 
36 45 105 51 47 7 7 59 0 15 50 47 125 49 47 0 0 45 0 1 0 3 61 7 0 
0 0 179 32 0 0 0 141 23 0 19 20 156 37 18 0 0 166 23 0 0 0 160 23 0 
41 109 0 0 0 90 152 59 49 58 96 173 38 18 23 96 187 69 68 67 37 101 0 0 0 
72 0 83 86 93 145 67 171 171 167 160 89 177 200 208 141 51 113 124 164 94 6 94 138 118 
106 138 85 69 76 15 63 3 0 0 88 152 75 67 67 47 85 36 20 16 31 73 0 0 0 
0 117 110 164 0 0 130 119 166 0 0 109 121 168 0 0 117 115 157 0 0 130 115 166 0 
13 0 0 137 0 10 0 0 96 0 91 66 90 189 84 11 0 0 105 0 18 0 0 104 0 
54 65 35 36 53 0 54 0 0 19 49 82 45 40 60 6 39 0 0 30 0 60 0 0 23 
115 132 34 47 78 175 204 75 83 184 128 162 58 81 117 64 68 1 17 54 216 228 111 127 149 
78 227 176 119 137 9 62 82 16 4 35 100 131 42 41 26 92 77 13 28 0 80 70 0 0 
0 19 12 6 63 0 32 20 2 100 0 16 10 5 51 55 74 67 42 145 25 33 33 26 96 
560 438 421 353 393 403 227 246 161 207 404 286 280 176 262 322 139 134 73 131 464 327 366 308 308 
90 66 4 2 1 171 160 78 71 80 88 87 0 0 0 102 88 22 15 16 74 52 0 0 0 
154 289 132 138 133 244 379 164 254 187 122 292 92 141 84 41 196 0 27 1 61 213 49 70 21 
13 0 0 56 0 0 0 0 31 0 59 45 37 56 25 71 38 36 89 62 14 0 0 29 0 
0 0 0 0 57 0 0 0 0 64 0 0 0 0 81 0 0 0 0 68 155 191 164 179 215 
64 0 36 0 8 122 11 47 20 26 125 46 81 45 50 131 63 116 62 86 117 24 40 24 24 
150 0 0 54 0 157 0 0 55 0 142 0 0 40 0 168 0 0 45 0 150 0 0 41 0 
170 120 159 236 123 44 0 86 136 2 99 46 121 206 71 66 6 94 109 26 59 0 88 85 1 
0 0 56 62 0 86 68 114 120 78 0 0 49 41 0 63 63 121 102 67 50 41 86 83 33 
56 91 67 143 132 0 8 2 79 41 0 13 5 55 57 0 11 10 74 44 32 37 23 81 52 
117 111 76 88 33 188 149 121 138 123 102 75 37 60 7 232 157 165 141 108 157 163 130 99 77 
99 17 86 0 0 106 11 95 0 0 122 9 91 0 0 116 9 91 0 0 103 15 100 0 0 
62 143 55 69 59 0 59 0 0 0 5 84 4 6 3 0 67 0 0 0 77 165 70 82 70 
0 0 0 17 0 0 0 0 21 0 0 0 0 18 0 0 0 0 20 0 172 181 202 213 203 
36 0 0 33 39 108 81 77 104 104 35 0 0 35 39 27 0 0 25 43 35 0 0 29 34 
50 0 51 104 83 22 4 30 97 85 73 26 54 135 108 24 0 37 79 82 119 81 112 189 204 
0 74 64 0 71 0 74 66 0 76 0 82 56 0 61 0 71 70 1 73 0 89 69 0 70 
0 0 0 140 35 0 0 0 158 28 27 29 16 157 51 0 0 0 149 34 0 0 0 138 38 
47 22 58 43 34 74 54 99 62 55 22 17 36 20 13 54 46 111 78 52 4 0 32 0 0 
71 0 0 0 48 60 0 0 0 46 78 0 0 0 53 62 0 0 0 44 161 83 72 84 138 
0 0 178 0 33 0 0 207 0 27 0 0 180 0 23 0 0 172 0 23 0 0 167 0 27 
56 117 14 139 75 63 137 8 145 103 49 95 0 142 75 199 252 154 279 180 99 198 95 201 138 
92 0 0 0 0 117 0 0 0 0 122 0 0 0 0 102 0 0 0 0 206 88 85 89 99 
0 0 0 36 0 76 69 49 104 59 0 0 0 25 0 48 49 63 93 53 43 52 44 99 41 
66 81 92 73 57 7 28 34 0 4 0 0 40 0 0 52 63 79 46 41 20 19 53 18 13 
0 0 0 1212 0 0 0 0 1219 0 0 0 0 1218 0 2 3 5 1305 4 0 0 0 1225 0 
0 0 1453 0 0 0 0 1475 0 0 0 0 1377 0 0 0 0 1492 0 0 0 0 1451 0 0 
