872 780 677 755 860 1106 1144 1059 1060 1121 714 680 623 746 796 1001 959 885 1045 1064 658 584 454 537 655 
172 130 168 149 157 0 0 0 0 0 114 70 110 97 99 0 0 0 0 0 0 0 0 0 0 
172 45 57 236 275 113 0 0 155 196 253 109 66 369 350 85 1 0 101 165 86 0 0 170 140 
0 0 59 71 0 93 54 128 118 79 4 2 68 42 1 72 55 130 117 66 48 33 115 94 37 
140 27 96 132 28 134 9 82 93 0 132 37 90 106 24 120 0 55 114 0 283 162 238 281 162 
110 9 3 0 100 108 4 4 0 127 202 103 97 83 205 171 75 98 60 150 250 123 143 122 274 
0 0 0 0 0 0 0 0 0 0 1039 1048 1022 1016 1063 0 0 0 0 0 0 0 0 0 0 
0 0 0 299 0 0 0 3 254 1 119 132 122 402 117 134 114 113 423 151 0 0 0 239 0 
14 8 14 181 6 0 0 0 197 0 42 48 39 185 36 0 0 0 177 0 4 7 4 201 3 
0 0 0 0 0 0 0 0 0 0 0 0 0 0 0 71 74 80 77 87 210 164 175 213 166 
61 75 57 48 140 0 12 0 0 85 0 2 0 0 90 0 4 0 0 90 73 71 73 61 140 
153 162 156 160 165 0 0 0 0 0 0 0 0 0 0 0 0 0 0 0 83 83 68 72 80 
0 0 0 0 0 0 0 0 0 0 0 0 0 0 0 430 436 424 411 419 193 178 184 189 206 
0 200 0 0 81 0 166 0 0 99 129 326 151 136 216 0 186 0 0 97 0 218 0 0 75 
798 0 0 0 0 790 0 0 0 0 789 0 0 0 0 817 0 0 0 0 831 0 0 0 0 
26 13 220 142 162 55 15 208 160 188 124 113 287 231 226 192 203 388 336 311 147 102 279 250 317 
82 122 76 139 69 57 75 64 114 63 0 39 0 42 0 37 82 57 86 50 0 40 0 34 0 
31 8 11 7 20 121 88 100 95 113 30 0 0 0 16 25 0 0 0 21 110 103 87 88 130 
0 0 135 0 0 0 0 136 0 0 0 0 135 0 0 143 123 242 118 112 0 0 145 0 0 
0 74 46 50 0 0 85 47 49 0 36 106 93 109 34 0 75 48 49 0 0 81 61 44 0 
1 3 0 5 138 144 99 105 138 249 118 115 106 103 216 1 1 0 0 118 90 98 102 91 205 
0 0 0 0 0 0 0 0 0 0 0 0 0 0 0 1024 1075 1090 1057 1007 0 0 0 0 0 
0 18 51 132 0 0 17 52 114 0 0 18 45 140 0 0 15 50 138 0 0 15 50 139 0 
83 70 0 0 0 117 90 28 19 13 193 117 45 45 32 123 89 0 0 0 118 125 27 27 36 
78 127 70 172 163 7 44 17 74 79 14 53 22 83 94 0 50 0 58 73 0 38 0 61 68 
105 122 111 75 1 84 127 160 74 0 261 290 286 272 176 104 123 126 71 0 251 215 272 221 115 
63 13 16 104 7 77 0 0 116 0 210 142 132 217 118 87 0 0 105 0 109 49 43 166 36 
125 110 45 56 36 165 106 55 65 35 65 60 16 0 0 104 89 22 13 14 97 54 12 0 0 
0 0 135 56 0 0 0 148 52 0 0 0 179 51 0 0 0 159 43 0 0 0 136 41 0 
148 201 192 139 127 0 66 84 0 0 0 55 66 0 0 43 69 105 37 42 0 49 103 0 0 
63 51 67 65 58 95 114 101 110 97 20 36 41 35 37 0 0 0 0 0 0 0 0 0 0 
0 0 0 173 0 0 0 0 179 0 237 249 229 427 247 0 0 0 179 0 0 0 0 158 0 
0 0 0 0 0 163 152 192 140 149 0 0 0 0 0 0 0 0 0 0 89 57 76 71 81 
100 1 0 57 40 124 36 46 104 94 198 66 80 133 145 77 0 0 53 45 175 54 79 132 114 
0 93 0 0 0 0 85 0 0 0 0 72 0 0 0 135 175 97 142 99 62 134 51 62 61 
0 0 108 0 0 94 100 193 112 119 0 0 101 0 0 8 9 105 4 8 15 21 95 9 14 
278 251 213 269 130 126 122 77 116 0 78 114 75 95 0 282 284 188 294 149 154 164 102 153 2 
0 0 0 0 0 31 35 30 19 22 0 0 0 0 0 59 67 68 65 90 100 94 96 97 127 
0 224 0 201 0 0 180 0 194 0 7 203 7 197 7 0 186 0 192 0 0 197 0 204 0 
0 40 0 130 0 0 48 0 148 0 0 50 0 142 0 64 148 76 222 73 0 60 0 145 0 
0 0 0 0 86 96 89 91 70 154 104 85 82 85 149 0 0 0 0 80 0 0 0 0 88 
74 319 360 38 242 7 227 258 4 128 47 279 346 33 214 78 324 330 92 240 174 354 379 136 273 
0 50 37 0 89 18 65 47 12 92 31 85 95 39 88 0 60 27 0 72 0 64 28 0 76 
118 111 109 131 128 16 0 0 37 0 13 0 0 41 0 18 0 0 41 0 90 68 66 114 91 
69 0 66 0 0 63 0 76 0 0 113 53 107 48 50 100 17 79 13 12 65 0 73 0 0 
0 18 81 0 96 0 12 69 0 107 0 16 74 0 106 0 14 91 0 133 0 13 69 0 101 
12 47 144 81 16 45 66 149 102 50 0 43 116 39 0 46 71 153 102 38 0 21 98 57 0 
0 58 0 0 0 0 66 0 0 0 104 206 97 124 111 0 82 0 0 0 14 75 17 22 24 
0 0 0 74 0 64 68 56 133 85 0 0 0 73 0 0 0 0 83 0 77 66 63 159 66 
49 0 93 48 0 56 0 112 54 0 60 0 94 51 0 47 0 101 55 0 44 0 99 48 0 
77 45 0 29 0 103 73 16 47 24 92 86 0 25 0 110 53 0 41 0 87 58 0 33 0 
0 0 0 0 28 197 199 200 213 235 0 0 0 0 34 0 0 0 0 35 0 0 0 0 37 
89 47 57 109 77 58 36 49 94 68 24 0 0 52 10 27 0 0 48 11 37 11 8 56 27 
30 75 11 6 10 21 61 0 0 0 21 84 0 0 0 160 199 148 136 137 30 92 0 0 0 
0 0 0 21 0 191 173 198 200 168 0 0 0 23 0 0 0 0 22 0 0 0 0 19 0 
103 117 179 183 109 0 0 66 81 0 0 0 100 76 0 0 0 83 62 0 0 0 72 82 0 
63 59 61 50 69 42 0 0 0 11 78 62 49 48 74 32 0 0 0 22 94 52 44 51 62 
0 0 25 0 69 9 6 36 12 89 0 0 33 0 70 10 7 43 8 99 83 76 115 64 154 
585 586 605 638 585 0 0 0 0 0 0 0 0 0 0 0 0 0 0 0 0 0 0 0 0 
71 152 185 90 95 44 111 133 30 30 0 43 96 0 0 0 59 94 0 0 0 55 83 0 1 
0 0 110 0 0 0 0 91 0 0 76 114 207 112 101 0 0 85 0 0 0 0 104 0 0 
101 118 35 60 149 39 44 0 0 89 44 57 0 0 66 46 46 0 0 79 62 41 0 0 84 
0 49 0 23 36 59 115 57 80 94 0 59 0 27 38 0 55 0 39 40 26 65 22 53 61 
9 5 98 3 12 0 0 86 0 0 0 0 79 0 0 36 38 120 26 28 75 78 149 59 83 
0 0 0 55 82 102 102 73 142 187 0 0 0 57 95 0 0 0 45 97 0 0 0 52 86 
106 183 84 87 93 27 131 0 0 0 31 128 7 8 11 26 88 0 0 0 35 96 2 4 0 
62 21 93 35 100 16 0 41 10 63 15 0 43 0 80 16 0 45 0 61 12 0 32 6 70 
44 0 12 0 3 53 1 10 0 0 65 38 62 51 66 114 56 54 38 40 153 102 117 131 110 
60 34 117 47 51 29 0 80 0 0 21 0 77 0 0 21 0 70 0 0 68 40 120 37 38 
50 28 53 26 21 13 5 0 0 0 25 26 31 13 30 37 1 4 0 1 26 7 15 0 0 
0 62 64 0 0 0 63 50 0 0 21 104 67 21 21 32 109 59 40 42 0 62 49 0 0 
8 0 2 0 0 0 23 0 0 0 0 16 0 0 0 15 0 0 0 0 0 1 0 0 0 
30 0 88 0 45 64 43 123 37 79 24 0 85 0 28 37 8 98 2 34 30 0 95 0 26 
0 2137 0 0 0 0 2193 0 0 0 0 2062 0 0 0 0 2121 0 0 0 0 2073 0 0 0 
23 109 101 17 19 82 194 194 95 70 13 139 100 10 0 40 173 138 69 38 11 118 95 2 0 
65 113 101 0 0 62 148 136 0 0 84 150 126 0 0 65 140 121 0 0 64 137 121 0 0 
0 96 0 102 0 87 164 70 188 97 65 146 37 145 58 0 78 0 129 0 0 115 0 85 0 
73 99 141 129 102 0 0 49 0 0 0 0 60 0 2 0 0 51 0 0 184 236 257 231 234 
0 0 0 0 0 1271 1221 1211 1175 1250 0 0 0 0 0 0 0 0 0 0 0 0 0 0 0 
0 0 94 154 0 0 0 85 121 0 0 0 98 156 0 0 0 97 152 0 0 0 82 158 0 
158 54 50 97 42 161 54 62 109 62 84 0 0 34 0 85 0 0 40 0 86 0 0 46 0 
0 118 0 0 80 0 140 0 0 79 0 154 0 0 86 0 137 0 0 66 0 143 0 0 102 
157 249 160 214 114 89 162 55 121 1 303 388 240 350 150 122 237 97 177 40 191 304 275 278 151 
90 87 285 287 100 0 0 200 198 6 121 111 294 317 108 0 0 169 189 5 24 17 200 188 26 
134 112 111 148 242 6 25 1 3 150 7 12 9 6 168 222 235 174 191 361 217 251 238 215 396 
0 64 0 0 0 0 53 0 0 0 0 62 0 0 0 7 65 4 6 4 169 208 171 151 163 
62 32 55 12 56 57 16 35 0 60 61 18 49 0 34 81 14 33 0 52 144 124 108 90 150 
214 74 0 105 0 217 80 0 107 0 210 54 0 109 0 202 69 0 117 2 210 62 0 118 0 
55 0 0 0 0 62 0 0 0 0 64 0 0 0 0 202 133 146 146 141 52 0 0 0 0 
150 293 313 202 61 201 272 351 229 100 152 277 330 188 131 88 200 269 161 25 89 223 254 157 29 
95 7 11 54 23 125 83 69 121 87 103 74 74 101 82 85 36 25 80 40 74 0 1 39 15 
122 139 136 99 205 0 0 10 0 50 70 84 75 67 115 0 0 20 0 56 0 0 13 0 66 
42 84 0 106 0 134 176 95 197 82 105 121 84 185 87 51 77 0 101 0 36 68 0 95 0 
89 114 124 121 171 91 103 89 81 128 0 21 0 0 52 0 19 0 0 38 63 77 73 61 132 
0 76 0 0 0 30 162 38 34 35 46 148 44 40 34 33 129 27 36 45 42 143 55 39 57 
15 9 40 14 0 77 70 112 87 63 22 16 46 8 0 26 5 43 0 0 13 15 35 15 0 
5 17 3 91 220 114 128 127 203 341 1 33 2 86 241 0 19 0 81 266 123 146 128 182 323 
10 18 90 6 213 2 0 66 6 161 99 88 177 94 252 129 137 211 161 318 0 8 70 0 180 
160 0 0 0 0 142 0 0 0 0 233 85 105 105 108 120 0 0 0 0 140 0 0 0 0 
0 0 0 0 847 0 0 0 0 806 0 0 0 0 857 0 0 0 0 841 0 0 0 0 791 
131 105 0 165 61 117 124 0 187 76 210 199 44 262 130 116 91 2 183 88 136 170 0 218 69 
134 0 0 0 0 264 94 91 84 78 167 0 0 0 0 159 0 0 0 0 155 0 0 0 0 
0 0 0 0 0 72 55 70 64 70 0 0 0 0 0 140 116 137 141 135 0 0 0 0 0 
0 23 0 149 0 35 57 46 200 35 0 19 0 138 0 0 17 0 142 0 0 23 0 166 0 
90 51 110 113 149 39 3 63 62 53 24 0 57 62 66 102 60 115 152 123 14 0 47 59 46 
43 48 55 128 106 28 22 31 81 74 0 0 0 76 55 0 0 0 48 50 7 10 9 75 53 
0 9 65 0 0 79 99 170 85 91 0 11 72 1 0 55 82 167 48 63 0 5 57 0 0 
222 12 205 0 0 215 3 183 0 0 214 8 199 5 1 200 5 195 0 0 217 22 184 10 12 
281 105 307 118 195 317 117 332 134 186 354 160 374 190 268 208 14 192 39 126 198 42 236 13 134 
65 152 69 82 66 0 85 0 26 0 17 128 28 34 27 0 104 0 17 0 0 75 0 22 0 
0 0 33 0 58 35 46 76 44 113 55 74 89 53 121 0 0 33 0 61 0 0 49 0 58 
0 0 20 0 229 0 0 20 0 197 0 0 30 0 172 0 0 27 0 198 0 0 26 0 198 
0 0 0 50 0 0 0 0 59 0 54 59 45 140 45 0 0 0 59 0 85 78 82 158 86 
105 0 0 111 0 135 0 0 136 0 115 0 0 118 0 112 1 0 149 0 125 0 0 132 0 
0 21 64 66 0 90 169 159 200 123 159 199 220 224 149 0 50 91 104 24 54 106 112 128 50 
127 164 157 124 272 0 0 0 0 100 0 0 0 0 100 24 26 39 26 136 0 0 0 0 105 
141 259 154 137 158 0 140 0 0 0 89 219 93 101 83 1 100 2 0 0 91 230 89 83 83 
154 150 87 84 91 82 50 0 0 0 92 51 4 4 9 68 50 0 0 0 80 63 0 0 0 
0 94 0 0 0 29 135 41 45 52 0 105 0 0 0 53 161 67 67 54 0 96 0 0 0 
0 0 0 0 0 0 0 0 0 0 0 0 0 0 0 0 0 0 0 0 466 432 462 458 417 
0 0 43 0 0 79 97 113 87 98 0 0 35 0 0 89 86 105 65 92 21 26 73 24 29 
8 15 17 19 60 0 0 0 0 40 84 89 80 77 111 0 0 0 0 35 73 105 82 82 116 
0 0 0 153 0 0 0 0 134 0 0 0 0 170 0 0 0 0 166 0 92 87 94 250 99 
0 68 0 33 69 0 63 0 38 76 0 55 0 35 89 0 60 0 32 71 17 77 25 53 110 
0 116 0 0 0 0 110 0 0 0 0 112 0 0 0 0 100 0 0 0 102 191 102 106 97 
0 0 0 47 0 78 48 80 81 73 49 0 42 47 51 0 0 0 17 0 105 85 107 156 108 
0 0 117 55 0 43 45 155 106 50 0 0 102 39 0 0 0 89 38 0 0 0 126 35 0 
64 0 0 0 0 128 61 61 78 69 101 20 18 20 15 135 52 46 53 42 61 0 0 0 0 
83 34 33 111 37 39 0 0 91 0 48 0 0 85 0 83 35 30 120 32 55 0 0 82 0 
0 0 59 40 0 0 0 53 41 0 101 98 142 131 97 0 0 59 43 0 0 0 66 39 0 
35 0 0 70 93 96 73 64 130 181 30 3 7 77 108 45 19 21 73 104 28 29 53 84 89 
0 7 53 104 11 0 0 52 90 0 49 40 130 145 58 31 46 77 134 39 0 0 52 93 0 
65 9 47 52 14 45 4 52 56 15 141 81 130 119 101 78 24 46 55 18 63 0 63 53 4 
39 0 54 0 55 38 0 56 0 51 26 0 66 0 70 88 48 103 64 103 30 0 55 0 53 
92 36 158 90 47 73 12 148 79 35 57 0 102 33 13 150 61 181 105 106 87 29 180 55 67 
11 65 143 33 88 142 196 294 136 231 36 111 204 46 154 0 30 161 1 95 68 151 241 100 207 
28 23 25 72 61 46 43 42 94 82 0 0 0 35 34 0 0 0 24 22 99 96 106 164 121 
20 34 0 88 0 31 50 0 110 0 82 76 40 139 53 25 43 0 106 0 42 32 0 83 0 
0 0 58 0 0 181 159 227 160 191 0 0 74 0 0 0 0 76 0 0 0 0 75 0 0 
11 7 0 0 74 15 2 0 0 69 66 62 54 44 139 26 23 15 14 87 99 128 105 96 152 
74 12 16 7 25 117 87 97 92 96 132 94 102 127 114 49 0 6 0 18 37 9 17 3 20 
20 103 80 16 37 0 104 72 6 11 0 80 50 1 24 0 83 58 5 14 56 135 124 49 87 
161 200 101 109 120 77 65 45 21 21 45 49 17 0 0 41 50 13 0 0 32 53 15 0 0 
95 0 0 16 0 84 0 0 16 0 100 0 0 15 0 100 0 0 0 0 123 15 23 42 29 
66 74 14 18 21 47 41 0 0 1 50 64 16 1 16 62 69 37 38 46 78 68 44 30 44 
38 76 43 71 29 0 62 11 43 16 2 51 10 46 19 0 43 14 30 12 38 104 63 97 78 
0 0 56 27 11 0 0 44 35 3 0 0 44 40 5 43 53 122 94 61 52 50 100 92 62 
29 38 26 22 31 0 0 0 0 0 71 59 57 62 55 0 0 0 0 0 120 107 99 114 110 
49 34 41 35 43 0 0 19 0 0 0 0 25 0 0 51 43 99 61 51 133 106 141 142 119 
33 41 106 44 51 2 6 58 0 0 52 44 118 48 35 0 0 46 1 0 0 3 48 11 0 
0 0 180 32 0 0 0 141 23 0 19 20 156 37 18 0 0 166 23 0 0 0 162 23 0 
45 118 0 0 0 95 154 67 52 58 108 190 30 18 16 107 194 68 71 61 40 111 0 0 0 
85 1 89 92 93 150 68 176 176 174 170 89 180 202 210 157 47 121 131 158 96 6 102 140 117 
112 141 83 67 80 13 47 2 0 0 85 148 76 61 65 47 82 35 20 18 27 59 0 0 0 
0 119 110 176 0 0 135 123 173 1 0 113 129 171 2 0 122 118 160 0 0 133 120 167 2 
14 0 0 136 0 9 0 0 103 0 99 73 90 208 87 12 0 0 103 0 21 1 1 116 1 
54 72 39 40 60 0 50 0 5 20 48 82 38 40 64 0 40 0 0 30 0 67 0 0 19 
129 164 42 87 103 187 230 80 118 171 152 189 76 115 119 95 122 1 29 77 239 287 122 189 187 
61 181 139 87 100 8 47 73 15 4 36 80 111 35 33 25 81 67 26 25 0 57 52 0 0 
12 30 20 13 79 19 47 24 9 135 14 25 19 10 60 76 99 85 68 181 36 49 49 39 118 
707 520 570 405 505 493 221 283 211 239 501 329 337 248 340 387 182 194 83 156 562 372 440 355 380 
90 68 0 3 2 172 154 73 73 73 75 80 0 0 1 90 90 26 17 18 62 58 0 0 0 
171 301 97 167 124 247 372 130 264 175 118 289 73 158 62 35 186 0 38 0 84 202 57 100 29 
0 0 0 0 55 0 0 0 0 67 0 0 0 0 77 0 0 0 0 66 162 171 155 180 204 
60 5 32 0 19 110 12 54 24 25 119 53 81 44 47 127 65 128 66 81 101 27 44 19 23 
150 0 0 54 0 156 0 0 54 0 141 0 0 40 0 168 0 0 46 0 149 0 0 41 0 
169 122 154 226 107 45 2 85 116 5 78 43 122 180 65 49 4 112 105 26 50 0 98 86 0 
82 128 103 200 175 0 12 4 97 54 0 16 7 77 64 0 19 11 110 55 46 46 31 103 68 
134 113 97 53 18 208 204 193 135 145 115 101 76 19 13 265 237 242 143 147 146 168 154 41 75 
55 130 50 56 52 0 55 0 0 0 2 80 3 5 3 0 64 0 0 0 74 154 62 76 65 
0 0 0 20 0 0 0 0 21 0 0 0 0 20 0 0 0 0 24 0 179 197 216 236 230 
46 6 0 26 39 114 83 70 92 101 43 1 0 31 35 42 3 0 19 43 50 0 0 23 34 
53 11 57 123 101 11 5 39 115 102 66 25 46 143 113 22 0 45 90 89 127 85 133 206 207 
0 73 61 0 73 0 78 66 0 84 0 92 60 0 59 0 73 71 0 78 0 92 72 0 69 
58 33 67 57 35 90 63 117 68 65 22 18 37 23 12 68 51 125 83 57 5 0 38 0 0 
77 0 0 0 51 63 0 0 0 49 86 0 0 0 59 67 0 0 0 52 175 88 74 95 146 
67 102 4 121 70 67 124 24 135 108 45 84 1 122 74 198 244 149 247 180 114 175 90 171 137 
69 87 90 74 61 9 36 32 13 7 0 13 34 0 0 58 68 81 51 44 18 28 49 19 7 
0 0 0 140 35 0 0 0 158 28 27 29 16 157 51 0 0 0 149 34 0 0 0 138 38 
0 0 0 144 13 152 132 123 337 181 0 0 0 164 15 116 123 111 266 119 0 0 0 137 9 
41 160 159 204 53 19 130 130 186 18 76 176 211 219 91 58 237 214 255 103 104 177 210 245 110 
0 0 0 1270 0 0 0 0 1254 0 0 0 0 1281 0 0 0 0 1340 0 0 0 0 1295 0 
195 0 0 0 0 197 13 18 17 20 178 0 0 0 0 196 0 0 0 0 166 0 0 0 0 
103 0 0 0 0 129 0 0 0 0 138 0 0 0 0 113 0 0 0 0 230 100 95 97 113 
267 38 144 84 56 220 0 51 8 0 432 105 216 140 137 487 239 367 256 253 313 52 101 82 62 
62 23 29 68 75 42 0 0 30 58 56 0 0 26 37 56 0 0 33 40 91 45 48 74 85 
0 0 223 0 42 0 0 255 0 35 0 0 252 0 29 0 0 209 0 31 0 0 211 0 32 
0 0 0 37 0 79 71 49 105 58 0 0 0 26 0 47 51 64 96 54 45 51 45 99 40 
0 0 1454 0 0 0 0 1467 0 0 0 0 1359 0 0 0 0 1482 0 0 0 0 1438 0 0 
4 22 1 0 0 0 63 20 0 9 0 51 0 0 5 0 40 0 1 0 0 36 10 0 20 
