796 743 626 585 747 969 1060 863 885 996 647 705 535 604 743 931 928 847 916 953 555 523 404 372 594 
204 150 201 178 174 0 0 0 0 0 132 101 131 115 120 0 0 0 0 0 0 0 0 0 0 
122 39 39 178 198 79 0 0 162 139 164 64 34 249 248 67 0 0 91 151 47 0 0 123 135 
150 1 142 181 198 250 55 269 295 285 351 155 332 379 385 302 61 221 257 235 190 2 173 240 173 
151 39 102 148 39 120 8 66 85 0 109 22 55 93 17 111 1 35 112 0 272 162 225 276 149 
108 8 21 0 93 99 8 19 0 108 198 98 107 89 184 162 72 94 57 146 227 104 136 109 251 
0 0 0 0 0 0 0 0 0 0 1020 1036 983 1013 1054 0 0 0 0 0 0 0 0 0 0 
0 0 0 299 0 0 0 3 274 0 137 127 117 422 124 127 123 104 432 153 0 0 0 262 0 
16 8 14 191 5 0 0 0 199 0 44 44 43 204 32 0 0 0 164 0 3 6 3 194 3 
0 0 0 0 0 0 0 0 0 0 0 0 0 0 0 54 67 65 64 77 173 156 157 196 162 
73 93 75 61 188 0 10 0 0 114 0 7 0 0 109 0 5 0 0 124 89 88 85 66 181 
143 141 139 150 152 0 0 0 0 0 0 0 0 0 0 0 0 0 0 0 85 78 66 62 80 
0 0 0 0 0 0 0 0 0 0 0 0 0 0 0 434 444 425 408 424 190 182 182 191 208 
0 197 0 0 82 0 164 0 0 94 126 320 147 132 205 0 183 0 0 95 0 207 0 0 74 
819 0 0 0 0 809 0 0 0 0 804 0 0 0 0 837 0 0 0 0 845 0 0 0 0 
27 6 180 167 193 54 19 174 146 179 95 113 267 245 219 197 209 378 349 365 138 113 264 223 325 
95 155 94 179 82 60 97 78 116 75 0 42 0 53 0 56 99 59 105 45 0 49 0 58 0 
49 3 14 6 20 132 106 128 114 123 35 0 0 0 19 28 0 2 0 18 142 120 103 108 156 
0 0 132 0 0 0 0 126 0 0 0 0 135 0 0 140 116 235 108 126 0 0 139 0 0 
0 65 43 46 0 0 78 43 45 0 35 96 90 97 33 0 70 47 47 0 0 69 55 42 0 
1 2 1 6 134 155 121 125 164 259 154 132 118 125 215 5 2 0 0 103 83 91 98 92 198 
0 0 0 0 0 0 0 0 0 0 0 0 0 0 0 1038 1109 1107 1074 1024 0 0 0 0 0 
0 17 56 147 0 0 21 57 130 0 0 20 51 163 0 0 17 56 169 0 0 16 60 175 0 
79 54 0 0 0 96 78 18 18 22 146 96 47 42 36 109 76 0 0 0 113 105 26 26 39 
88 139 78 161 152 10 53 21 64 75 14 52 29 74 94 0 43 0 62 78 0 43 0 61 69 
120 128 132 93 1 136 137 207 96 0 314 315 373 329 228 137 122 149 84 0 290 256 337 257 154 
83 18 23 98 27 74 0 0 112 0 216 151 138 228 129 72 0 0 102 0 113 46 45 175 42 
150 118 55 56 48 167 119 58 75 37 75 69 18 3 0 106 92 26 17 17 96 62 11 0 0 
0 0 146 58 0 0 0 164 56 0 0 0 197 52 0 0 0 172 46 0 0 0 143 46 0 
140 165 191 141 128 0 53 82 0 0 0 49 75 0 0 36 71 96 36 33 0 44 99 0 0 
73 53 72 73 63 104 118 112 122 106 24 39 47 41 39 0 0 0 0 0 0 0 0 0 0 
0 0 0 165 0 0 0 0 175 0 230 234 220 410 243 0 0 0 170 0 0 0 0 156 0 
0 0 0 0 0 160 152 183 136 146 0 0 0 0 0 0 0 0 0 0 79 58 71 65 83 
116 0 20 96 53 136 32 54 130 106 239 76 111 181 166 82 0 1 80 43 194 75 83 170 117 
0 121 0 0 0 0 110 0 0 0 0 98 0 0 0 148 220 119 151 114 75 164 57 67 73 
0 0 123 0 0 113 106 223 125 125 0 0 108 0 0 8 12 115 4 9 15 15 94 12 17 
237 210 174 250 100 112 106 73 110 0 78 106 52 97 0 245 242 166 271 110 128 129 77 126 0 
0 0 0 0 0 31 37 31 19 23 0 0 0 0 0 61 68 68 67 97 101 98 100 97 134 
0 232 0 212 0 0 189 0 207 0 8 215 7 203 7 0 200 0 203 0 0 210 0 219 0 
0 45 0 129 0 0 51 0 151 0 0 51 3 149 0 66 165 79 227 83 0 63 0 151 0 
0 0 0 0 78 83 69 81 61 141 91 73 74 83 140 0 0 0 0 79 0 0 0 0 83 
100 301 364 71 276 50 199 284 2 188 92 270 375 77 277 118 315 366 100 298 235 360 428 186 328 
0 45 33 0 79 19 60 46 13 89 28 82 87 38 79 0 59 27 0 64 0 61 27 0 69 
114 106 109 139 133 13 0 0 39 0 15 0 0 39 0 18 0 0 41 0 88 70 62 115 81 
82 0 77 0 0 72 0 85 0 0 125 60 130 59 53 122 21 87 14 12 75 0 82 0 0 
0 19 83 0 100 0 12 75 0 113 0 16 79 0 112 0 15 95 0 141 0 13 73 0 106 
28 71 160 99 36 54 77 168 124 56 0 39 122 43 0 49 80 170 125 53 0 24 110 67 0 
0 66 0 0 0 0 73 0 0 0 125 230 119 136 129 0 91 0 0 0 15 80 20 25 29 
0 0 0 75 0 63 66 51 129 84 0 0 0 71 0 0 0 0 85 0 74 64 60 151 65 
57 0 99 58 0 65 0 135 62 0 67 0 111 56 0 49 0 111 67 0 58 0 118 56 1 
85 51 0 32 0 119 79 18 50 25 104 94 0 31 0 122 57 0 44 0 99 65 0 34 0 
0 0 0 0 27 205 196 203 210 234 0 0 0 0 43 0 0 0 0 36 0 0 0 0 34 
105 54 68 132 92 64 46 58 114 86 25 0 0 58 10 33 0 0 57 11 47 13 8 65 28 
30 67 10 7 11 20 66 0 0 0 21 85 0 0 0 156 200 147 145 126 30 89 0 0 0 
0 0 0 21 0 187 171 197 198 164 0 0 0 23 0 0 0 0 22 0 0 0 0 19 0 
71 80 136 142 91 0 0 52 68 0 0 0 75 64 0 0 0 68 53 0 0 0 61 65 0 
63 57 59 48 68 41 0 0 0 11 76 62 48 48 72 30 0 0 0 22 92 49 45 49 60 
0 0 25 0 69 9 6 36 12 89 0 0 34 0 70 10 7 43 8 95 81 75 114 63 152 
585 586 605 638 586 0 0 0 0 0 0 0 0 0 0 0 0 0 0 0 0 0 0 0 0 
65 128 160 81 88 30 93 107 29 30 0 34 90 0 0 0 45 84 0 0 0 54 75 0 0 
0 0 123 0 0 0 0 101 0 0 85 122 233 119 112 0 0 102 0 0 0 0 116 0 0 
111 139 44 62 142 39 46 0 0 91 47 62 0 0 63 46 49 0 0 76 66 42 0 0 78 
0 49 0 22 36 59 115 57 79 93 0 58 0 25 38 0 54 0 38 40 26 65 21 52 63 
9 7 99 5 12 0 0 87 0 0 0 0 83 0 0 36 39 120 27 29 75 78 150 59 85 
0 0 0 53 81 103 88 69 129 175 0 0 0 52 78 0 0 0 42 91 0 0 0 50 78 
106 201 88 93 104 30 136 0 0 0 34 136 9 11 14 25 93 0 0 0 22 97 0 0 0 
73 32 103 45 105 21 0 43 9 66 18 0 45 0 78 17 0 53 8 61 15 0 41 12 71 
45 17 32 0 2 65 0 25 0 0 57 48 78 40 68 95 61 74 34 41 152 121 149 141 123 
37 7 93 17 31 13 0 76 0 0 6 0 57 0 0 12 0 60 0 5 7 0 55 0 0 
0 0 37 34 2 0 4 0 0 0 0 15 4 0 0 0 0 0 0 0 8 1 0 0 0 
0 58 64 0 0 0 62 44 0 0 21 102 73 21 21 32 106 63 40 42 0 60 52 0 0 
29 0 82 0 38 56 43 116 38 72 18 0 76 0 21 19 0 89 0 23 29 0 94 0 24 
0 2112 0 0 0 0 2179 0 0 0 0 2082 0 0 0 0 2123 0 0 0 0 2069 0 0 0 
17 133 171 18 11 84 189 224 95 67 3 134 126 3 0 36 193 171 93 66 5 128 100 0 0 
77 144 102 0 0 74 147 143 0 0 85 147 138 0 0 90 141 127 0 0 69 144 135 0 0 
0 93 0 121 0 88 168 67 185 84 77 150 41 146 40 0 87 0 117 0 0 116 0 108 0 
0 0 0 0 0 1282 1248 1245 1206 1265 0 0 0 0 0 0 0 0 0 0 0 0 0 0 0 
0 0 88 136 0 0 0 81 111 0 0 0 89 140 0 0 0 89 137 0 0 0 81 139 0 
155 53 57 96 54 142 61 57 119 62 96 0 0 39 0 84 0 0 40 0 85 0 0 49 0 
0 113 0 0 82 0 140 0 0 80 0 155 0 0 86 0 126 0 0 71 0 140 0 0 98 
153 216 158 223 107 78 127 15 101 0 268 338 216 326 118 125 207 72 173 31 157 253 202 243 101 
92 66 261 271 79 0 0 192 197 0 95 82 269 299 91 0 0 159 184 2 2 4 180 183 4 
146 117 120 164 267 3 23 4 17 169 8 13 8 21 168 227 195 170 200 354 220 253 242 240 391 
0 76 0 0 0 0 61 0 0 0 0 76 0 0 0 8 71 5 10 3 180 236 198 162 190 
48 24 38 13 49 46 14 32 0 41 44 12 43 0 31 71 16 31 0 41 113 104 90 77 117 
202 74 0 102 0 206 72 0 102 0 207 55 0 105 0 187 63 0 110 0 201 55 0 112 0 
55 0 0 0 0 62 0 0 0 0 64 0 0 0 0 202 133 145 146 141 52 0 0 0 0 
0 0 1463 0 0 0 0 1488 0 0 0 0 1356 0 0 0 0 1485 0 0 0 0 1456 0 0 
75 4 11 52 26 111 61 64 112 76 113 75 73 89 96 75 33 28 85 30 57 0 0 27 12 
139 137 140 86 214 0 0 6 0 48 75 80 84 79 136 0 0 22 0 56 0 0 12 0 60 
41 85 0 99 0 134 177 95 192 82 108 129 83 183 85 52 77 0 94 0 37 68 0 95 0 
104 116 116 105 187 116 119 89 100 169 0 31 0 0 57 0 24 0 0 48 63 94 83 73 127 
0 73 0 0 0 29 140 31 35 30 36 133 36 33 30 25 115 25 26 33 40 122 43 34 49 
33 11 41 34 0 103 71 112 112 63 43 21 47 37 0 47 9 44 35 0 41 20 37 39 0 
167 0 0 0 0 141 0 0 0 0 259 78 108 116 107 151 0 0 0 0 169 0 0 0 0 
0 0 0 0 820 0 0 0 0 776 0 0 0 0 827 0 0 0 0 820 0 0 0 0 763 
133 148 0 170 60 153 151 3 182 88 228 198 57 277 123 120 127 2 157 70 145 157 0 211 54 
136 0 0 0 0 258 106 90 85 71 162 0 0 0 0 149 0 0 0 0 151 0 0 0 0 
0 0 0 0 0 74 56 73 65 71 0 0 0 0 0 140 118 143 144 136 0 0 0 0 0 
0 29 0 159 0 38 60 49 198 33 0 20 0 142 0 0 17 0 156 0 0 22 0 173 0 
98 52 111 120 138 53 0 75 55 46 21 0 73 87 56 95 60 119 124 123 13 0 51 66 49 
43 48 55 128 106 28 22 31 81 74 0 0 0 75 55 0 0 0 47 51 7 10 9 75 53 
0 8 59 0 0 77 90 166 82 86 0 10 66 0 0 56 75 153 45 62 0 6 63 0 0 
198 6 186 0 0 195 0 163 0 0 198 3 179 4 1 168 4 178 0 0 208 20 177 9 10 
270 92 263 106 139 331 132 319 154 192 333 138 314 169 230 179 20 170 27 100 196 44 175 18 73 
71 181 73 92 67 0 94 0 34 0 14 144 32 34 28 0 122 0 17 0 0 86 0 25 0 
0 0 33 0 58 35 46 78 44 113 55 74 89 52 121 0 0 33 0 61 0 0 49 0 58 
0 0 20 0 221 0 0 19 0 207 0 0 34 0 195 0 0 28 0 200 0 0 30 0 217 
0 0 0 55 0 0 0 0 63 0 60 65 47 150 51 0 0 0 66 0 85 84 89 166 95 
91 0 0 97 0 109 0 0 115 0 99 0 0 92 0 94 0 0 116 0 98 0 0 114 0 
2 49 89 72 6 96 178 199 184 119 169 219 240 223 143 17 74 118 102 28 66 111 125 132 52 
112 136 138 117 254 0 0 0 0 89 0 0 0 0 89 22 26 36 25 125 0 0 0 0 99 
139 254 160 147 158 0 125 0 0 0 88 208 92 94 86 1 101 2 0 7 103 207 78 75 84 
139 129 78 79 79 75 46 0 0 0 87 47 4 5 8 63 48 0 0 0 71 56 0 0 0 
0 135 0 0 0 46 203 62 84 86 0 159 0 0 0 78 231 101 100 82 0 135 0 0 0 
0 0 0 0 0 0 0 0 0 0 0 0 0 0 0 0 0 0 0 0 416 387 421 403 374 
0 0 37 0 0 73 79 92 75 87 0 0 31 0 0 76 75 85 59 79 19 25 59 22 26 
4 14 15 16 51 0 0 0 0 36 80 77 69 68 98 0 0 0 0 33 68 98 78 76 105 
0 0 0 137 0 0 0 0 133 0 0 0 0 163 0 0 0 0 156 0 95 83 85 214 88 
0 68 0 34 72 0 63 0 37 77 0 56 0 36 88 0 57 0 30 71 17 76 24 52 113 
0 112 0 0 0 0 108 0 0 0 0 106 0 0 0 0 96 0 0 0 97 185 99 105 92 
0 0 1 32 0 80 62 86 73 84 48 14 60 70 65 0 0 0 17 0 99 102 108 125 108 
0 0 117 54 0 42 44 154 106 49 0 0 102 39 0 0 0 88 38 0 0 0 126 35 0 
61 0 0 0 0 127 65 63 78 71 104 20 18 20 14 136 49 50 52 42 60 0 0 0 0 
82 35 32 109 37 39 0 0 90 0 48 0 0 84 0 83 35 30 119 32 54 0 0 82 0 
0 0 55 42 0 0 0 43 40 0 101 99 131 132 97 0 0 51 45 0 0 0 61 36 0 
20 0 0 87 74 148 154 139 201 215 0 0 0 79 65 55 35 74 130 104 71 65 109 177 150 
0 7 54 108 6 0 0 56 82 0 51 34 118 133 48 30 42 79 132 39 0 1 49 90 0 
49 4 41 40 11 42 7 32 38 19 110 68 116 100 80 68 16 44 60 12 45 0 39 37 0 
43 0 67 0 71 51 0 64 0 68 39 0 86 0 89 114 63 118 69 137 37 0 61 0 59 
92 24 142 106 48 87 7 130 80 33 76 0 116 36 11 192 48 217 146 118 116 19 177 67 61 
4 97 152 22 126 122 191 301 128 242 37 134 197 52 173 0 38 164 0 120 80 137 240 122 223 
19 21 22 57 48 40 38 34 75 72 0 0 0 31 29 0 0 0 22 17 75 89 89 123 99 
19 33 0 102 1 36 55 0 116 0 87 79 45 136 61 28 42 0 111 0 46 34 0 89 0 
0 0 56 0 0 165 150 217 154 179 0 0 65 0 0 0 0 71 0 0 0 0 70 0 0 
12 9 0 0 83 17 2 0 0 79 79 89 65 59 153 26 26 22 17 91 129 155 132 135 184 
61 8 9 3 20 91 64 62 65 61 94 73 79 85 83 39 0 4 0 11 32 9 13 2 20 
18 92 65 15 29 0 81 62 5 6 0 67 39 0 18 0 73 47 5 12 43 116 93 38 76 
162 201 112 105 117 75 66 55 21 22 44 51 20 0 0 44 58 15 0 0 39 52 17 0 0 
33 82 2 0 0 35 58 0 0 0 16 68 5 0 3 25 62 13 17 31 41 78 41 28 34 
39 75 44 69 29 0 55 8 38 16 0 48 8 42 22 0 38 10 28 9 39 106 64 101 85 
0 0 56 27 11 0 0 45 35 3 0 0 44 40 6 43 53 122 94 61 54 50 100 93 63 
29 38 26 22 31 0 0 0 0 0 71 59 57 62 55 0 0 0 0 0 120 106 99 113 110 
50 38 41 33 43 0 0 17 0 0 0 0 22 0 0 55 47 97 59 54 132 106 149 154 137 
39 40 103 50 44 1 0 55 0 5 58 45 131 54 42 0 0 49 0 0 0 1 52 17 4 
0 0 180 32 0 0 0 141 23 0 19 19 156 37 18 0 0 166 23 0 0 0 162 23 0 
43 70 0 0 0 66 93 38 30 29 67 108 17 14 9 79 119 37 37 41 37 66 0 0 0 
92 120 72 53 64 13 46 3 0 0 73 139 68 51 54 38 70 26 19 14 20 55 0 0 0 
0 116 108 166 0 0 129 119 167 0 0 110 120 168 3 0 119 116 157 0 0 129 118 164 0 
13 0 0 129 0 9 0 0 94 0 91 65 86 187 84 11 0 0 98 0 20 1 0 104 0 
62 85 55 52 81 15 68 13 9 40 51 86 47 39 71 6 41 0 0 36 15 71 10 13 41 
183 193 59 109 140 202 299 109 134 217 181 244 97 124 162 119 136 15 49 90 303 339 173 216 221 
73 178 146 99 100 8 36 64 10 0 30 78 118 39 41 24 74 69 19 22 0 74 55 0 0 
18 33 19 15 81 19 51 35 11 119 14 32 17 13 66 82 100 87 64 185 35 42 43 36 113 
709 530 499 426 508 467 252 281 203 214 497 306 348 219 288 401 198 223 107 205 574 371 449 389 394 
89 64 3 3 1 171 152 70 72 81 70 84 0 0 0 97 90 21 16 19 63 61 0 0 0 
175 301 141 141 131 276 381 152 267 193 160 293 88 159 72 35 183 0 37 0 79 200 51 87 21 
0 0 0 0 53 0 0 0 0 63 0 0 0 0 69 0 0 0 0 59 143 170 156 161 203 
54 5 33 0 13 119 12 55 29 31 119 49 92 44 58 140 71 121 62 91 109 32 45 21 27 
143 0 0 54 0 149 0 0 55 0 134 0 0 40 0 162 0 0 46 0 139 0 0 41 0 
180 138 170 238 130 43 0 86 131 0 97 54 135 191 69 60 11 104 101 27 55 0 89 88 0 
63 89 76 167 133 0 10 2 87 43 0 14 6 60 46 0 14 10 78 46 28 36 24 91 52 
137 154 93 65 3 218 211 183 114 107 131 92 75 45 6 269 231 229 148 138 192 176 154 82 73 
60 132 57 59 58 0 55 0 0 0 6 84 4 5 4 0 67 0 0 0 81 162 66 79 67 
0 0 0 17 0 0 0 0 19 0 0 0 0 19 0 0 0 0 18 0 171 191 210 213 209 
40 0 0 22 37 108 80 77 86 99 31 3 0 15 31 34 0 0 17 40 38 0 0 13 34 
57 6 46 96 81 30 0 33 93 74 65 21 48 127 103 30 0 35 84 82 115 82 114 183 193 
0 92 60 0 81 0 88 77 0 90 0 107 66 0 66 0 103 78 0 79 0 101 84 0 83 
48 23 59 42 35 78 56 96 58 59 23 19 43 20 15 56 54 118 80 51 9 0 38 1 0 
94 0 0 0 55 80 0 0 0 50 103 0 0 0 60 74 0 0 0 47 210 99 88 96 162 
76 104 8 139 82 79 160 36 176 138 32 83 1 131 72 234 298 188 319 233 157 246 122 229 182 
70 86 96 76 62 10 36 39 13 9 0 13 43 0 0 58 69 84 50 45 20 29 54 18 13 
0 0 0 168 45 0 0 0 178 32 29 29 18 183 65 0 0 0 179 36 0 0 0 158 47 
0 0 0 151 13 161 141 126 329 171 0 0 0 174 15 123 115 116 260 110 0 0 0 141 9 
48 151 169 178 61 30 114 171 206 34 83 166 202 184 103 81 226 222 246 131 117 182 236 240 98 
0 0 0 1265 0 0 0 0 1283 0 0 0 0 1265 0 0 0 1 1344 1 0 0 0 1289 0 
195 0 0 0 0 196 12 18 17 20 178 0 0 0 0 196 0 0 0 0 166 0 0 0 0 
92 0 0 0 0 117 0 0 0 0 122 0 0 0 0 102 0 0 0 0 206 88 85 89 99 
278 50 115 90 87 192 0 20 2 10 375 94 129 96 114 403 211 256 224 190 312 71 100 75 107 
8 41 0 0 0 0 60 5 0 13 0 38 0 0 10 0 1 0 6 2 0 30 0 0 0 
86 148 203 185 120 0 0 54 0 1 0 0 106 0 0 0 0 74 0 0 231 282 355 290 267 
3 11 3 70 215 123 126 121 213 343 0 22 0 80 254 0 9 1 87 249 117 141 113 179 302 
8 8 82 14 231 4 0 68 6 173 118 88 176 124 289 142 131 224 175 329 2 3 73 1 184 
126 259 285 189 80 198 268 323 221 114 165 272 289 206 140 85 204 243 120 48 99 220 259 155 52 
0 0 221 0 34 0 0 240 0 30 0 0 217 0 35 0 0 197 0 27 0 0 192 0 30 
0 0 43 49 0 63 45 87 82 54 0 0 34 31 0 50 43 86 72 41 36 27 70 61 23 
9 4 28 28 11 1 0 15 19 3 0 0 0 0 0 9 0 0 0 0 2 0 5 3 0 
56 21 22 60 63 36 0 0 26 52 51 0 0 18 25 53 0 0 32 26 83 39 46 72 79 
95 0 0 9 0 83 0 0 0 0 98 0 0 26 0 100 0 0 0 0 122 15 23 46 29 
