1025 920 853 842 915 1199 1130 1080 1034 1169 689 733 688 656 792 1018 982 979 1017 982 725 628 625 603 690 
152 130 151 142 139 0 0 0 0 0 128 82 112 106 99 0 0 0 0 0 0 0 0 0 0 
125 50 34 237 221 76 0 0 137 180 174 55 28 226 258 82 0 0 116 142 98 0 0 140 162 
285 58 111 81 144 237 0 32 3 0 433 109 197 142 156 459 191 320 263 255 303 53 116 76 102 
0 0 2 172 16 181 137 143 386 195 0 2 0 203 19 136 127 132 309 135 0 0 0 158 11 
176 44 100 144 25 160 16 72 105 0 147 29 59 106 23 166 2 40 123 0 302 203 284 311 179 
103 10 24 1 90 84 5 15 0 105 178 89 92 81 171 149 66 94 60 149 215 111 111 103 220 
0 0 0 0 0 0 0 0 0 0 1015 1026 975 997 1044 0 0 0 0 0 0 0 0 0 0 
0 0 0 240 0 0 0 3 242 0 108 107 98 353 125 111 102 93 373 131 0 0 0 234 0 
14 8 15 215 6 0 0 0 219 0 43 47 40 227 33 0 0 0 213 1 4 8 4 244 3 
102 178 252 230 89 138 192 298 282 91 187 245 313 344 165 111 214 236 240 97 100 142 177 245 44 
0 0 0 0 0 0 0 0 0 0 0 0 0 0 0 67 68 74 69 85 201 166 166 183 155 
83 93 68 72 182 0 10 0 0 114 0 2 0 0 102 0 4 0 0 116 99 85 91 79 188 
143 158 149 160 165 0 0 0 0 0 0 0 0 0 0 0 0 0 0 0 93 87 72 64 89 
0 0 0 0 0 0 0 0 0 0 0 0 0 0 0 426 431 413 407 413 160 167 162 176 191 
0 198 0 0 82 0 169 0 0 95 128 321 149 131 205 0 181 0 0 94 0 214 0 0 77 
979 0 0 0 0 928 0 0 0 0 940 0 0 0 0 993 0 0 0 0 980 0 0 0 0 
10 3 214 134 161 40 17 173 148 154 97 111 278 217 216 169 179 371 338 294 123 90 270 213 281 
82 128 82 137 63 70 76 62 113 71 0 45 0 41 0 43 100 44 95 55 0 48 0 40 0 
34 8 11 5 23 132 98 113 106 115 33 0 0 0 16 26 0 0 0 23 126 109 100 106 145 
0 0 103 0 0 0 0 108 0 0 0 0 121 0 0 114 98 211 96 111 0 0 128 0 0 
0 67 46 49 0 0 81 46 48 0 36 103 97 104 34 0 74 50 49 0 0 74 56 43 0 
5 0 0 3 168 149 132 146 169 284 148 143 144 148 261 3 4 0 0 128 89 96 112 104 218 
0 0 0 0 0 0 0 0 0 0 0 0 0 0 0 1022 1083 1105 1073 988 0 0 0 0 0 
0 18 51 132 0 0 17 52 114 0 0 18 46 141 0 0 17 48 139 0 0 15 51 139 0 
65 48 0 0 0 80 68 15 15 13 130 82 34 34 27 84 60 0 0 0 95 92 22 23 30 
76 130 72 175 169 7 40 18 64 70 13 47 22 91 86 0 37 0 55 67 0 42 0 68 78 
75 97 101 67 11 71 108 150 58 1 235 265 277 241 177 89 121 119 64 0 207 164 242 174 97 
69 15 23 104 22 73 0 1 121 0 207 142 141 235 135 60 0 0 99 0 106 49 52 183 41 
119 84 51 41 31 139 103 49 63 31 50 46 14 0 0 90 72 17 16 14 85 46 10 0 0 
0 0 156 70 0 0 0 181 56 0 0 1 212 59 0 0 0 186 54 0 0 0 172 52 0 
145 229 233 184 129 0 71 98 0 0 0 57 107 0 0 50 107 160 56 49 0 51 133 0 0 
75 64 76 74 72 103 126 116 128 109 26 44 46 40 47 0 0 0 0 0 0 0 0 0 0 
0 0 0 169 0 0 0 0 175 0 231 236 223 417 246 0 0 0 172 0 0 0 0 157 0 
0 0 0 0 0 149 151 188 137 153 0 0 0 0 0 0 0 0 0 0 86 60 83 77 91 
88 0 5 46 35 115 22 49 75 78 180 59 83 114 125 74 0 0 55 25 161 54 68 108 92 
0 75 0 0 0 0 72 0 0 0 0 57 0 0 0 101 136 73 111 74 48 116 42 45 46 
0 0 100 0 0 89 92 194 112 109 0 0 97 0 0 7 9 104 3 8 14 13 85 9 18 
241 201 181 251 104 112 84 66 109 0 82 71 63 94 0 252 212 155 263 103 127 111 83 149 0 
0 0 0 0 0 32 44 33 21 22 0 0 0 0 0 65 85 81 76 101 126 113 118 113 146 
0 233 0 209 0 0 184 0 194 0 8 209 5 203 6 0 197 0 201 0 0 202 0 208 0 
0 38 0 119 0 0 52 0 132 0 0 49 0 132 0 64 136 64 207 61 0 55 0 111 0 
0 0 0 0 72 86 75 80 65 145 83 81 84 84 138 0 0 0 0 75 0 0 0 0 80 
87 279 340 28 236 36 173 224 2 143 83 286 298 58 241 138 322 306 120 280 223 362 366 170 318 
1 60 43 0 104 22 87 67 18 119 35 119 119 45 108 0 79 31 0 81 0 72 37 0 93 
125 110 110 138 132 14 0 0 43 0 16 0 0 38 0 20 0 0 52 0 89 71 73 121 86 
113 0 83 0 0 103 0 86 0 0 178 70 139 72 75 165 19 109 19 14 106 0 109 0 0 
0 18 80 0 96 0 12 69 0 107 0 16 74 0 106 0 14 91 0 133 0 13 69 0 100 
17 45 135 69 21 55 74 151 100 56 0 39 120 36 0 48 65 155 91 32 0 21 108 55 0 
0 65 0 0 0 0 77 0 0 0 126 238 108 137 131 0 96 0 0 0 16 88 19 23 25 
0 0 0 71 0 61 64 51 123 81 0 0 0 70 0 0 0 0 80 0 71 63 57 147 61 
67 0 112 56 0 75 0 124 63 0 65 0 115 55 0 63 0 124 69 0 47 0 115 58 0 
77 46 0 29 0 103 73 16 47 24 92 86 0 25 0 109 53 0 41 0 86 58 0 33 0 
0 0 0 0 25 196 183 203 209 218 0 0 0 0 39 0 0 0 0 36 0 0 0 0 36 
97 48 58 117 78 61 38 49 100 68 24 0 0 54 10 28 0 0 50 11 40 12 8 59 27 
30 79 9 5 12 19 60 0 0 0 21 87 0 0 0 165 208 171 141 143 28 92 0 0 0 
0 0 0 21 0 193 178 202 203 167 0 0 0 24 0 0 0 0 24 0 0 0 0 17 0 
73 82 135 139 89 0 0 52 65 0 0 0 75 61 0 0 0 67 54 0 0 0 59 61 0 
63 56 58 47 65 41 0 0 0 9 76 62 48 47 71 30 0 0 0 21 92 49 45 49 59 
0 0 26 0 73 12 5 42 12 96 0 0 39 0 80 15 9 46 9 107 89 81 129 75 165 
607 605 631 664 617 0 0 0 0 0 0 0 0 0 0 0 0 0 0 0 0 0 0 0 0 
57 111 142 66 76 29 81 102 26 26 0 35 72 0 0 0 37 74 0 0 0 40 68 0 0 
0 0 119 0 0 0 0 101 0 0 85 121 223 114 104 0 0 90 0 0 0 0 110 0 0 
113 133 42 64 161 38 51 0 0 93 48 72 0 0 83 50 48 0 0 88 61 47 0 0 89 
0 46 0 0 0 34 92 40 32 20 0 53 0 12 0 0 54 0 26 1 7 41 6 17 0 
9 7 99 5 11 0 0 87 0 0 0 0 83 0 0 35 39 120 27 29 75 78 150 59 85 
0 0 0 51 75 88 81 63 116 162 0 0 0 49 73 0 0 0 35 84 0 0 0 47 73 
107 181 85 81 90 22 115 0 0 0 32 128 10 9 9 27 86 0 0 0 30 83 3 4 0 
65 22 97 33 101 18 0 35 5 66 19 0 38 0 78 18 0 49 0 61 14 0 35 0 71 
45 5 0 1 2 62 4 1 0 0 71 51 33 44 63 92 48 12 30 34 174 114 74 138 113 
67 33 118 48 47 31 0 80 0 0 29 0 75 0 5 26 0 70 0 0 83 45 121 48 36 
85 66 91 48 52 34 28 27 2 8 58 64 60 28 44 46 29 33 0 12 36 30 37 0 10 
0 62 65 0 0 1 66 54 0 0 21 104 74 21 21 32 109 61 40 42 0 62 48 0 0 
56 101 57 51 49 38 110 36 41 32 18 83 19 17 29 26 63 28 28 30 0 66 0 0 0 
24 0 83 0 41 62 43 115 39 75 24 0 80 0 22 28 0 85 2 28 28 0 94 0 20 
0 2104 0 0 0 0 2149 0 0 0 0 2045 0 0 0 0 2124 0 0 0 0 2045 0 0 0 
26 135 153 27 9 88 220 210 92 110 0 141 140 5 0 67 235 184 103 57 0 148 111 2 0 
57 95 78 0 0 41 113 108 0 0 74 109 105 0 0 58 119 96 0 0 53 110 101 0 0 
8 130 0 176 0 115 243 120 327 132 135 231 137 354 120 2 120 0 184 0 3 136 1 167 0 
70 71 116 101 66 0 0 36 0 0 0 0 55 0 0 0 0 49 0 0 165 177 203 193 183 
0 0 0 0 0 1267 1219 1218 1175 1253 0 0 0 0 0 0 0 0 0 0 0 0 0 0 0 
0 0 80 125 0 0 0 74 105 0 0 0 79 127 0 0 0 79 125 0 0 0 72 128 0 
165 54 57 99 44 170 53 57 107 64 106 0 0 41 0 108 0 0 38 0 88 0 0 43 0 
0 124 0 0 80 0 142 0 0 69 0 153 0 0 84 0 125 0 0 71 0 141 0 0 100 
159 281 151 229 84 118 286 139 179 39 259 395 241 298 125 237 404 277 289 175 217 369 284 253 200 
114 88 299 295 102 0 0 203 205 0 123 122 312 345 118 0 0 185 201 5 18 22 232 201 19 
182 155 145 216 343 18 26 6 25 185 14 26 10 13 172 290 276 231 240 445 266 307 307 308 491 
0 62 0 0 0 0 49 0 0 0 0 68 0 0 0 7 65 4 6 3 157 193 162 133 158 
70 39 53 20 79 63 15 38 0 65 54 16 49 0 44 88 20 38 0 58 161 156 143 111 222 
197 74 0 99 0 197 68 0 100 0 201 57 0 100 0 189 67 0 110 0 193 60 0 114 0 
55 0 0 0 0 62 0 0 0 0 64 0 0 0 0 202 133 145 146 141 52 0 0 0 0 
94 206 195 134 26 89 196 186 115 33 91 183 194 90 48 43 153 159 72 1 54 196 199 98 15 
72 6 10 59 27 112 80 63 116 85 111 86 76 93 87 79 32 28 70 47 64 0 0 30 21 
108 121 131 87 188 0 0 8 0 50 57 76 76 54 108 0 0 15 0 49 0 0 13 0 65 
27 64 0 66 0 121 131 74 124 53 71 76 28 98 50 40 51 0 60 0 31 50 0 61 0 
74 100 94 88 146 84 95 70 63 100 0 22 0 0 57 0 37 0 0 34 65 86 61 67 114 
0 67 0 0 0 28 116 34 34 28 33 123 32 29 29 23 118 22 24 29 35 112 41 32 44 
32 10 40 34 0 101 71 111 110 63 43 20 47 37 0 46 8 44 35 0 39 19 37 39 0 
0 14 0 112 254 153 170 144 278 435 0 47 0 109 299 0 18 0 103 318 137 201 138 240 386 
7 16 72 2 223 1 0 64 8 157 102 87 164 111 263 139 142 212 163 313 2 2 67 1 177 
160 0 0 0 0 136 0 0 1 0 229 85 105 107 117 128 0 0 0 0 135 0 0 0 0 
0 0 0 0 833 0 0 0 0 789 0 0 0 0 834 0 0 0 0 830 0 0 0 0 767 
144 107 0 162 64 131 141 1 218 82 192 177 51 262 139 113 112 5 183 88 154 195 6 234 68 
150 0 0 0 0 311 106 101 91 86 182 0 0 0 0 169 0 0 0 0 165 0 0 0 0 
0 0 0 0 0 75 64 76 72 74 0 0 0 0 0 149 123 147 154 146 0 0 0 0 0 
0 22 0 143 0 33 55 46 186 32 0 19 0 132 0 0 16 0 136 0 0 20 0 160 0 
72 41 84 92 118 48 0 59 48 46 21 0 62 65 55 78 50 97 110 105 16 1 37 47 38 
57 61 68 155 120 33 29 34 105 84 0 0 0 97 65 0 0 0 61 64 7 12 13 99 65 
0 8 57 0 0 72 80 151 73 80 0 9 61 0 0 46 65 142 42 52 0 4 53 0 0 
113 0 112 0 0 102 0 87 0 0 94 0 101 4 1 71 0 103 0 0 110 12 89 10 10 
287 71 308 108 160 348 119 396 166 178 330 106 366 189 222 202 1 188 52 93 224 38 256 49 80 
63 156 71 85 67 0 88 0 27 0 17 128 27 34 26 0 104 0 17 0 0 76 0 21 0 
0 0 33 0 58 35 46 78 44 113 55 74 89 53 121 0 0 33 0 61 0 0 49 0 58 
0 0 16 0 194 0 0 17 0 182 0 0 29 0 168 0 0 25 0 187 0 0 24 0 193 
0 0 0 53 0 0 0 0 60 0 57 65 48 145 47 0 0 0 60 0 92 85 87 165 91 
100 0 0 102 0 121 0 0 117 0 120 0 0 98 0 97 0 0 129 0 108 0 0 119 0 
10 49 88 62 0 127 219 214 198 142 187 224 255 259 138 0 70 118 93 32 111 155 154 166 76 
126 159 142 124 275 0 0 0 0 94 0 0 0 0 88 24 24 37 25 124 0 0 0 0 91 
125 221 133 125 129 0 112 0 0 0 82 194 90 86 83 8 110 2 2 13 91 197 75 73 93 
149 139 83 85 82 80 46 0 0 0 92 51 4 4 9 67 49 0 0 0 74 60 0 0 0 
0 96 0 0 0 31 140 44 48 54 0 108 0 0 0 55 165 69 67 55 0 98 0 0 0 
0 0 0 0 0 0 0 0 0 0 0 0 0 0 0 0 0 0 0 0 434 403 450 424 398 
0 0 37 0 0 73 79 92 75 87 0 0 31 0 0 77 75 85 59 79 19 25 59 22 26 
8 16 19 18 53 0 0 0 0 37 87 85 79 73 101 0 0 0 0 38 74 105 80 79 114 
0 0 0 127 0 0 0 0 111 0 0 0 0 135 0 0 0 0 139 0 72 71 76 190 79 
0 65 0 33 71 0 63 0 31 69 0 56 0 35 90 0 60 0 31 73 14 73 20 53 110 
0 112 0 0 0 0 108 0 0 0 0 106 0 0 0 0 96 0 0 0 97 185 99 104 92 
0 13 1 37 0 75 71 75 69 79 46 28 46 43 52 0 0 0 19 0 106 110 113 151 106 
0 0 117 55 0 43 45 155 106 50 0 0 102 39 0 0 0 89 38 0 0 0 126 35 0 
5 49 0 0 1 0 70 16 0 29 3 52 0 0 22 0 32 0 0 48 0 32 3 0 24 
58 0 0 0 0 125 62 61 76 69 99 18 17 20 15 130 47 45 52 40 58 0 0 0 0 
83 35 33 111 37 39 0 0 91 0 48 0 0 85 0 83 35 30 120 32 55 0 0 83 0 
0 0 62 43 0 0 0 55 43 0 101 98 149 132 97 0 0 61 47 0 0 0 67 42 0 
29 0 0 72 98 101 88 82 135 202 26 0 3 80 107 60 23 27 90 105 30 32 53 93 114 
3 7 52 107 7 0 0 51 79 0 51 31 118 131 55 29 45 73 118 39 0 0 56 87 0 
59 4 49 47 6 38 0 38 46 15 137 78 123 114 99 74 14 49 49 17 59 0 48 45 0 
44 0 60 0 59 40 0 62 0 54 27 0 70 0 75 96 56 114 66 109 31 0 57 0 58 
88 24 177 78 65 77 6 162 83 40 53 0 126 25 7 162 71 227 119 120 112 29 196 93 62 
15 106 176 31 147 168 247 331 158 297 38 112 209 61 210 0 47 173 2 139 101 159 249 147 256 
20 22 23 59 52 42 42 34 80 77 0 0 0 32 33 0 0 0 22 17 84 93 98 133 109 
20 36 0 101 0 36 60 0 134 0 110 91 45 174 77 28 45 0 127 0 51 48 0 113 0 
0 0 57 0 0 156 142 206 148 176 0 0 66 0 0 0 0 72 0 0 0 0 75 0 0 
77 114 80 124 60 21 37 0 45 2 106 124 109 152 65 20 80 16 83 9 97 102 98 152 53 
11 7 0 0 63 12 1 0 0 50 53 53 41 36 107 19 19 13 11 63 79 97 79 75 109 
49 9 6 0 19 88 57 58 61 61 95 71 72 83 82 38 0 0 0 12 28 3 8 0 22 
20 101 73 16 33 0 94 72 5 7 0 75 44 0 19 0 82 50 6 13 49 131 118 44 94 
148 201 94 100 104 70 64 43 21 21 39 51 15 0 0 41 54 15 0 0 36 50 15 0 0 
99 0 0 32 0 89 0 0 25 0 102 0 0 42 0 104 0 0 0 0 125 15 24 59 30 
65 77 9 22 19 47 44 0 0 0 50 68 16 2 16 63 68 31 37 45 76 73 48 28 45 
37 75 43 69 29 0 62 9 42 16 1 50 11 46 19 0 42 14 31 13 38 103 64 97 78 
0 0 55 25 10 0 0 44 35 2 0 0 44 40 6 42 51 121 91 60 54 50 100 92 63 
29 38 26 22 31 0 0 0 0 0 71 59 56 62 55 0 0 0 0 0 120 107 99 114 110 
52 39 40 36 41 0 0 21 0 0 0 0 21 0 0 56 50 97 59 51 141 105 147 146 138 
34 40 109 39 45 3 10 62 0 20 55 50 126 44 45 0 0 53 0 0 0 4 59 20 1 
0 0 180 31 0 0 0 141 23 0 19 20 156 36 18 0 0 166 22 0 0 0 162 23 0 
44 115 0 1 0 86 148 63 42 52 98 182 34 23 11 101 185 66 65 65 38 100 0 0 0 
68 0 79 80 105 128 64 174 201 181 150 67 181 203 213 145 57 132 138 175 76 8 95 143 139 
105 144 88 73 75 16 83 7 0 0 100 182 89 73 76 50 105 38 27 24 25 84 0 0 0 
0 116 108 165 0 0 128 119 165 0 0 109 120 167 3 0 117 116 157 0 0 130 119 165 3 
13 0 0 132 0 9 0 0 95 0 92 65 88 187 85 11 0 0 99 0 20 1 1 105 1 
53 64 31 42 58 0 45 0 0 25 49 84 43 40 63 7 27 0 0 30 0 56 0 0 19 
93 124 9 35 58 167 208 75 79 158 129 150 48 64 101 75 66 3 26 47 195 197 85 112 96 
99 227 182 150 140 12 61 96 13 0 42 107 129 45 46 31 81 96 20 34 0 70 55 0 0 
0 20 6 0 58 0 11 18 0 94 0 14 4 2 51 53 68 58 35 147 26 41 33 22 90 
668 447 507 369 494 469 235 260 190 254 505 318 331 215 294 364 144 104 45 142 549 373 417 322 353 
81 63 3 2 1 167 157 79 74 70 84 71 0 0 0 97 86 22 16 15 71 58 0 0 0 
139 283 138 152 122 248 374 136 258 185 123 266 76 147 47 30 175 8 38 0 94 222 69 105 52 
4 0 8 68 0 6 0 0 38 0 66 43 43 74 25 63 48 54 87 59 27 0 8 36 2 
0 0 0 0 57 0 0 0 0 68 0 0 0 0 77 0 0 0 0 69 157 193 162 186 236 
96 0 49 0 17 154 17 62 38 34 165 65 111 69 70 184 91 149 88 105 152 29 47 13 39 
149 0 0 54 0 155 0 0 55 0 141 0 0 39 0 165 0 0 45 0 148 0 0 41 0 
144 110 129 224 107 36 0 76 121 5 75 35 102 170 57 39 5 85 99 29 41 0 78 93 2 
0 0 43 48 0 63 45 87 83 54 0 0 34 28 0 50 43 86 69 40 36 27 70 61 24 
83 122 81 194 158 0 12 7 107 48 0 16 4 78 74 0 14 12 91 57 35 40 30 95 65 
118 92 89 100 42 157 125 130 125 91 77 44 34 64 4 203 148 166 136 126 130 143 134 103 91 
100 17 91 0 0 106 16 98 0 0 120 12 92 0 0 127 8 96 0 0 112 17 100 0 0 
62 145 56 61 62 0 61 0 0 0 0 80 2 0 3 0 66 0 0 0 92 176 74 83 78 
0 0 0 16 0 0 0 0 21 0 0 0 0 20 0 0 0 0 19 0 170 177 198 205 198 
46 4 0 33 38 118 89 77 104 104 50 8 0 35 39 41 0 0 25 42 49 2 0 29 34 
56 7 51 123 98 20 1 32 115 99 71 22 51 140 112 33 0 36 92 88 128 79 114 196 207 
0 0 0 194 0 0 0 0 185 0 0 0 0 177 0 4 6 5 224 6 0 0 0 199 0 
0 82 56 0 72 0 81 68 0 83 0 88 60 0 62 0 84 70 0 81 0 95 77 0 74 
0 0 0 151 40 0 0 0 173 29 31 29 16 170 53 0 0 0 156 36 0 0 0 143 38 
0 0 0 26 0 54 54 40 72 41 0 0 0 8 0 34 38 52 73 31 40 48 44 84 40 
55 29 70 46 52 82 51 113 68 73 25 17 47 22 16 75 60 122 70 64 9 0 34 0 1 
71 0 0 0 33 60 0 0 0 33 78 0 0 0 46 62 0 0 0 30 160 82 71 81 132 
0 0 203 0 33 0 0 240 0 28 0 0 197 0 20 0 0 200 0 22 0 0 182 0 30 
69 123 12 124 59 67 159 10 155 136 45 96 0 118 67 192 263 159 270 197 120 194 98 190 156 
92 0 0 0 0 116 0 0 0 0 122 0 0 0 0 102 0 0 0 0 206 88 85 89 99 
0 0 0 1016 0 0 0 0 1027 0 0 0 0 1039 0 0 0 0 1081 0 0 0 0 1026 0 
0 0 1459 0 0 0 0 1473 0 0 0 0 1375 0 0 0 0 1497 0 0 0 0 1460 0 0 
