804 762 601 662 685 1164 1175 1009 1054 1049 685 696 520 661 647 1030 1061 936 1009 1074 620 525 440 469 594 
216 169 224 201 197 2 1 0 0 0 134 93 138 121 132 0 0 0 0 0 0 0 0 0 0 
90 44 31 163 198 77 0 0 136 155 156 46 30 228 230 75 0 0 96 134 75 0 0 115 110 
177 0 123 172 200 259 57 222 262 249 347 131 322 345 388 269 44 185 254 224 173 2 127 209 162 
114 34 87 133 22 133 6 66 97 0 129 29 69 93 22 114 0 54 108 0 273 168 233 284 161 
118 11 26 0 109 101 4 22 0 130 194 111 113 103 203 194 80 107 69 175 271 129 151 119 265 
0 0 0 0 0 0 0 0 0 0 1018 1028 977 1005 1046 0 0 0 0 0 0 0 0 0 0 
0 0 0 244 0 0 0 4 246 1 108 102 93 360 117 111 99 89 369 117 0 0 0 241 0 
15 8 14 211 5 0 0 0 200 0 40 56 40 194 32 0 0 0 164 0 4 7 3 205 3 
0 0 0 0 0 0 0 0 0 0 0 0 0 0 0 66 74 84 85 102 224 239 215 264 223 
92 108 84 80 206 0 8 0 0 134 0 5 0 0 133 0 5 0 0 119 108 93 95 82 232 
147 157 155 172 170 0 0 0 0 0 0 0 0 0 0 0 0 0 0 0 83 84 69 69 85 
0 0 0 0 0 0 0 0 0 0 0 0 0 0 0 429 428 412 406 413 177 158 168 173 188 
0 225 0 0 95 0 202 0 0 104 145 382 169 142 242 0 205 0 0 108 0 242 0 0 88 
846 0 0 0 0 834 0 0 0 0 828 0 0 0 0 858 0 0 0 0 867 0 0 0 0 
16 2 209 161 202 73 37 270 217 261 126 106 318 267 280 198 210 410 378 376 140 96 294 266 342 
80 123 82 143 72 66 69 61 126 61 0 39 0 50 0 35 88 54 86 40 0 40 0 39 0 
29 8 14 7 19 132 98 110 101 126 32 0 0 0 17 21 0 0 0 22 124 104 96 101 137 
0 0 175 0 0 1 0 157 0 0 0 0 161 0 0 204 160 316 145 170 0 0 170 0 0 
0 90 50 60 0 0 101 55 63 0 39 119 109 134 42 0 101 78 63 0 0 109 79 52 0 
0 2 0 1 134 141 120 121 141 250 132 112 116 101 221 1 1 0 0 115 72 83 86 83 182 
0 0 0 0 0 0 0 0 0 0 0 0 0 0 0 1011 1064 1075 1053 994 0 0 0 0 0 
0 17 51 132 0 0 17 52 114 0 0 18 46 141 0 0 17 50 139 0 0 15 51 139 0 
86 131 87 174 169 8 54 29 72 86 12 50 29 72 94 0 41 0 59 64 0 37 0 62 81 
132 145 147 89 9 124 146 188 74 0 309 316 386 313 226 121 140 156 87 3 305 280 358 244 146 
74 14 19 104 17 75 0 0 118 0 214 153 141 229 138 53 0 1 103 0 103 43 46 176 45 
110 82 40 46 34 134 91 39 55 31 54 48 13 0 0 80 69 16 10 13 76 48 12 0 0 
0 0 178 74 0 0 0 204 81 0 0 0 237 74 0 0 0 223 55 0 0 0 191 52 0 
107 143 151 106 89 1 48 62 0 0 0 44 56 0 0 39 64 99 32 33 0 42 86 0 0 
67 52 70 66 63 97 123 110 113 103 22 40 45 37 38 0 0 0 0 0 0 0 0 0 0 
0 0 0 165 0 0 0 0 174 0 230 234 220 409 242 0 0 0 171 0 0 0 0 155 0 
0 0 0 0 0 147 142 172 143 152 0 0 0 0 0 0 0 0 0 0 73 56 71 68 84 
127 1 6 72 54 156 59 59 138 121 252 107 102 172 179 106 0 0 79 58 231 82 85 183 135 
0 84 0 0 0 0 89 0 0 0 0 65 0 0 0 118 153 81 123 86 50 137 48 53 50 
0 0 96 0 0 84 93 181 108 107 0 0 96 0 0 7 9 102 3 8 15 13 85 9 15 
270 220 202 280 123 121 98 80 131 0 86 87 65 103 0 274 251 168 290 127 141 107 78 155 5 
0 231 0 209 0 0 189 0 203 0 6 210 7 203 7 0 193 0 192 0 0 201 0 207 0 
0 42 0 123 0 0 49 0 140 0 0 50 0 141 0 63 136 72 211 74 0 54 0 127 0 
0 0 0 0 72 80 73 81 61 134 91 74 76 74 129 0 0 0 0 77 0 0 0 0 81 
73 247 291 60 182 32 177 224 9 120 95 255 292 51 181 81 263 279 71 185 189 304 335 148 252 
0 46 36 0 85 21 63 47 12 104 29 89 89 39 85 0 60 27 0 65 0 66 28 0 72 
133 96 112 127 127 13 0 0 44 0 14 0 0 45 0 17 0 0 41 0 87 65 67 110 80 
72 0 66 0 0 65 0 75 0 0 116 54 115 48 50 102 17 81 13 12 67 0 75 0 0 
0 18 93 0 104 0 13 78 0 119 0 16 78 0 115 0 14 96 0 145 0 17 72 0 108 
23 55 146 75 19 60 84 169 95 61 0 43 118 34 0 51 74 164 112 50 0 24 106 58 0 
0 69 0 0 0 0 77 0 0 0 131 243 120 148 131 0 97 0 0 0 14 89 19 25 27 
0 0 0 87 0 75 82 67 165 96 0 0 0 89 0 0 0 0 94 0 95 83 81 190 88 
52 0 101 52 0 60 0 114 56 0 64 0 96 52 0 48 0 105 57 0 51 0 104 47 0 
77 46 0 29 0 102 72 16 47 23 92 86 0 25 0 110 53 0 41 0 87 58 0 33 0 
0 0 0 0 32 260 247 254 264 273 0 1 0 0 37 0 0 0 0 48 0 0 0 0 51 
125 54 76 139 101 82 45 67 126 79 31 0 0 67 14 46 0 0 58 11 54 15 11 75 32 
34 65 8 5 10 20 51 0 0 0 25 82 0 0 0 137 168 133 125 122 31 74 0 0 0 
0 0 0 21 0 186 170 197 198 164 0 0 0 23 0 0 0 0 22 0 0 0 0 19 0 
71 79 132 138 89 0 0 51 62 0 0 0 74 60 0 0 0 66 53 0 0 0 59 62 0 
65 63 65 51 80 45 0 0 0 13 84 66 51 50 80 36 0 0 0 25 99 54 48 61 67 
0 0 25 0 67 9 4 34 10 84 0 0 31 0 69 10 6 43 8 95 81 75 112 63 152 
55 104 136 64 69 27 79 95 25 26 0 31 69 0 0 0 37 71 0 0 0 39 66 0 0 
0 0 118 0 0 0 0 97 0 0 78 121 227 117 110 0 0 90 0 0 0 0 112 0 0 
103 119 34 58 137 33 43 0 0 89 38 59 0 0 71 43 46 0 0 77 64 52 0 0 81 
0 45 0 23 36 59 115 57 80 93 0 57 0 27 35 0 54 0 39 40 26 61 21 53 60 
10 8 114 5 18 0 0 101 0 0 0 0 93 0 0 40 40 140 30 33 84 86 173 70 99 
0 0 0 51 75 88 81 63 116 163 0 0 0 49 73 0 0 0 36 84 0 0 0 47 73 
112 195 97 85 96 25 120 0 0 0 32 130 8 9 11 24 84 0 0 0 25 94 3 3 1 
72 37 102 44 94 17 0 43 3 56 12 0 42 0 73 18 0 57 0 56 5 0 37 0 59 
64 0 3 0 2 83 0 2 0 0 111 58 60 57 83 76 38 3 2 0 165 97 80 95 83 
40 34 117 45 44 15 0 79 0 0 0 0 77 0 0 1 0 70 0 0 46 40 116 36 23 
0 62 64 0 0 0 61 48 0 0 21 104 73 20 21 32 109 53 40 42 0 62 46 0 0 
25 0 83 0 33 58 43 113 39 71 19 0 67 0 21 19 0 77 0 19 28 0 93 0 12 
0 2127 0 0 0 0 2188 0 0 0 0 2061 0 0 0 0 2122 0 0 0 0 2069 0 0 0 
18 100 99 8 15 84 165 159 73 45 9 122 100 4 0 30 155 126 79 41 7 110 87 0 0 
71 123 105 1 0 68 155 142 0 0 93 170 147 0 0 89 154 141 0 0 81 156 149 0 0 
0 99 0 118 0 85 162 64 181 84 55 135 37 158 50 0 71 0 114 0 1 79 0 80 0 
0 0 0 0 0 1270 1239 1234 1199 1263 0 0 0 0 0 0 0 0 0 0 0 0 0 0 0 
0 0 80 124 0 0 0 75 105 0 0 0 81 126 0 0 0 81 125 0 0 0 72 127 0 
157 58 49 102 46 162 58 50 122 69 89 0 0 35 0 98 0 0 40 0 91 0 0 60 0 
0 130 0 0 79 0 143 0 0 77 0 162 0 0 86 0 137 0 0 67 0 145 0 0 97 
187 303 184 255 111 79 175 34 101 2 263 395 220 334 132 145 247 88 179 44 173 334 252 259 142 
107 99 293 304 98 0 0 187 199 0 113 98 280 302 105 0 1 166 189 3 4 18 214 195 21 
151 119 114 147 272 8 18 0 22 160 20 17 9 15 166 216 223 178 195 363 241 264 245 242 388 
0 63 0 0 0 0 58 0 0 0 0 66 0 0 0 8 65 4 8 3 171 214 169 136 168 
49 26 42 11 53 48 15 30 0 44 44 14 39 0 35 78 13 33 0 52 118 102 98 82 131 
198 65 0 98 0 204 58 0 103 0 201 45 0 102 0 188 64 0 109 0 192 56 0 121 0 
0 0 1437 0 0 0 0 1457 0 0 0 0 1350 0 0 0 0 1467 0 0 0 0 1434 0 0 
71 4 9 51 22 98 65 53 86 66 91 59 57 74 72 51 26 17 66 38 54 0 0 28 8 
114 127 129 87 185 0 0 7 1 50 60 81 73 59 115 0 0 21 0 55 0 0 11 0 63 
39 86 0 98 0 141 190 103 211 89 117 135 87 206 92 62 82 0 108 0 39 70 0 94 0 
67 83 69 78 123 67 78 63 58 89 0 25 0 0 44 0 18 0 0 25 50 76 49 40 79 
0 65 0 0 1 28 118 33 30 27 34 124 32 31 31 23 114 23 24 31 36 115 39 34 44 
32 9 37 32 0 100 68 110 109 63 42 15 44 37 0 47 4 41 33 0 41 18 35 39 0 
151 0 0 0 0 127 0 0 0 0 213 78 104 111 105 118 0 0 0 0 138 0 0 0 0 
0 0 0 0 819 0 0 0 0 775 0 0 0 0 826 0 0 0 0 818 0 0 0 0 762 
150 120 0 172 46 122 129 1 167 95 227 204 57 240 144 172 124 0 196 105 164 164 0 210 89 
130 0 0 0 0 259 97 91 84 76 147 0 0 0 0 145 0 0 0 0 142 0 0 0 0 
0 0 0 0 0 78 60 73 65 74 0 0 0 0 0 152 128 148 152 147 0 0 0 0 0 
0 24 0 153 0 40 63 51 200 35 0 19 0 148 0 0 16 0 147 0 0 20 0 173 0 
164 72 175 121 193 90 0 98 35 82 104 0 153 103 106 247 135 228 161 215 76 0 71 46 79 
48 63 71 152 130 35 22 35 98 91 0 0 0 92 69 0 0 0 58 54 0 0 4 79 70 
0 10 74 0 0 83 103 182 91 97 0 10 79 0 0 62 81 170 51 65 0 5 66 0 0 
199 6 193 0 0 206 0 174 0 0 202 2 181 4 1 177 0 182 0 0 208 19 179 10 11 
323 125 370 148 221 337 178 436 179 255 356 180 393 218 252 201 21 210 46 138 179 72 265 45 142 
71 174 87 92 74 0 89 0 28 0 20 136 36 36 29 0 121 0 17 0 0 82 0 23 0 
0 0 34 0 62 43 51 85 51 127 62 85 97 59 146 0 0 35 0 65 0 0 55 0 65 
0 0 18 0 207 0 0 16 0 190 0 0 30 0 181 0 0 26 0 196 0 0 24 0 197 
0 0 0 59 0 0 0 0 69 0 59 67 55 161 46 0 0 0 71 0 100 86 93 183 100 
101 0 0 110 0 124 0 0 129 0 113 0 0 106 0 109 0 0 133 0 113 0 0 130 0 
4 35 84 84 0 100 156 174 170 111 155 198 218 215 135 29 85 127 133 46 77 119 127 152 54 
106 139 126 114 220 0 0 0 0 84 0 0 0 0 76 22 25 28 25 109 0 0 0 0 83 
109 205 120 107 119 0 110 0 0 0 71 177 79 79 72 0 107 0 0 9 83 183 71 75 86 
151 133 78 81 80 79 45 0 0 0 88 48 4 4 9 67 51 0 0 0 77 58 0 0 0 
0 132 0 0 0 32 181 53 68 72 0 144 0 0 0 70 211 89 92 74 0 126 0 0 0 
0 0 0 0 0 0 0 0 0 0 0 0 0 0 0 0 0 0 0 0 451 411 445 434 399 
0 0 37 0 0 73 79 92 74 86 0 0 31 0 0 77 75 85 59 79 19 25 59 22 25 
8 15 17 21 55 0 0 0 0 40 99 96 82 76 107 0 0 0 0 35 71 103 96 85 116 
0 0 0 134 0 0 0 0 122 0 0 0 0 151 0 0 0 0 156 0 78 74 79 208 85 
0 72 0 35 82 0 70 0 41 85 0 66 0 37 103 0 65 0 34 85 22 84 30 57 127 
0 112 0 0 0 0 108 0 0 0 0 106 0 0 0 0 96 0 0 0 97 185 99 105 92 
0 31 0 14 0 100 126 100 87 101 93 91 86 105 84 0 27 0 14 0 129 170 140 162 130 
0 0 117 55 0 44 45 155 106 50 0 0 102 39 0 0 0 89 38 0 0 0 126 35 0 
58 0 0 0 0 124 62 60 76 69 97 20 18 18 15 131 45 46 52 41 58 0 0 0 0 
82 35 33 111 37 39 0 0 91 0 48 0 0 85 0 83 35 30 120 31 55 0 0 83 0 
0 0 21 24 0 0 0 0 18 0 100 98 89 111 95 0 0 0 35 0 0 0 14 32 0 
3 6 55 103 7 0 0 52 77 0 47 30 108 126 49 32 39 75 115 38 0 0 47 81 0 
61 5 53 50 10 47 9 46 50 24 129 71 124 116 93 72 15 48 59 20 57 0 48 51 2 
46 0 62 0 73 46 0 66 0 63 32 0 84 0 82 108 64 126 69 126 34 0 61 0 71 
68 25 164 82 49 74 14 160 77 27 52 0 116 24 9 157 67 212 121 107 87 26 170 71 56 
8 88 178 50 161 122 175 314 128 265 22 102 217 34 173 0 34 169 0 116 90 154 270 125 216 
26 25 25 68 55 45 47 41 82 81 0 0 0 34 40 0 0 0 30 19 90 105 105 145 119 
18 31 0 83 0 29 47 0 104 0 77 72 39 129 53 25 37 0 103 0 40 34 0 79 0 
0 0 56 0 0 165 153 213 153 179 0 0 65 0 0 0 0 81 0 0 0 0 75 0 0 
69 8 0 4 21 97 69 78 76 79 109 87 101 111 100 44 0 3 0 13 39 10 11 7 24 
19 141 86 19 46 1 120 78 11 18 0 101 60 0 30 0 118 60 15 17 49 166 109 42 90 
155 192 96 89 101 72 64 44 18 25 37 51 18 0 0 42 53 14 0 0 36 45 14 0 0 
73 92 12 18 13 54 57 1 0 0 57 69 22 8 10 75 75 42 40 48 87 80 54 33 46 
38 76 43 70 29 0 62 11 42 15 0 51 10 46 18 0 42 14 31 13 39 103 63 97 78 
0 0 63 30 13 0 0 54 42 1 0 0 50 44 6 48 57 141 121 72 61 53 111 101 70 
29 40 27 21 31 0 0 0 0 0 72 60 60 63 56 0 0 0 0 0 123 111 100 115 112 
47 36 23 37 40 0 0 0 0 0 0 0 9 0 0 47 46 67 58 59 122 93 126 150 130 
39 40 107 52 56 7 10 62 18 17 41 32 114 50 47 0 0 52 0 6 0 0 43 14 3 
0 0 179 32 0 0 0 141 23 0 19 20 156 37 18 0 0 166 22 0 0 0 162 23 0 
43 70 0 0 0 66 93 38 30 29 67 108 17 14 0 79 119 34 37 41 37 66 0 0 0 
88 120 73 55 61 12 50 0 0 0 77 133 64 50 53 38 68 29 18 14 25 54 0 0 0 
0 116 107 163 0 0 126 119 163 0 0 108 118 167 2 0 116 113 155 0 0 127 118 165 3 
16 0 0 195 0 13 0 0 122 0 131 107 122 261 106 14 0 0 152 0 30 0 0 148 1 
130 146 36 85 112 154 238 71 98 165 145 179 86 100 129 82 102 12 36 70 238 297 126 163 187 
73 209 154 111 123 0 65 71 9 0 40 101 109 36 33 23 120 87 17 30 0 68 65 0 0 
8 18 14 6 63 11 28 22 6 98 7 18 14 6 52 53 79 68 42 138 26 32 36 29 90 
700 501 551 345 487 481 247 291 157 199 462 305 308 181 239 350 135 147 17 110 490 318 395 260 332 
85 66 3 4 0 170 149 67 76 68 83 75 0 0 0 105 95 24 15 16 74 65 0 0 0 
154 285 106 133 112 250 367 140 246 169 151 291 98 162 88 37 175 0 30 0 99 224 57 94 33 
0 0 0 0 54 0 0 0 0 57 0 0 0 0 70 0 0 0 0 61 136 165 145 160 192 
149 0 0 54 0 156 0 0 55 0 141 0 0 39 0 168 0 0 46 0 149 0 0 41 0 
175 137 185 284 129 37 0 94 148 5 78 44 126 201 67 49 12 116 116 31 39 0 90 105 2 
69 109 77 185 170 0 9 3 96 42 0 11 5 63 59 0 13 11 97 54 26 42 27 113 64 
122 104 72 45 25 162 148 127 103 118 88 72 44 22 21 219 195 186 126 122 131 136 111 43 59 
68 148 54 67 62 0 63 0 0 0 7 92 4 5 4 0 74 0 0 0 85 182 71 86 82 
0 0 0 17 0 0 0 0 23 0 0 0 0 21 0 0 0 0 22 0 182 209 229 234 228 
53 9 54 117 90 16 2 32 100 90 67 26 59 142 109 18 0 32 104 94 127 89 129 196 207 
0 90 75 0 105 0 90 85 0 100 0 112 61 0 85 0 101 89 0 121 0 119 78 0 100 
47 21 56 39 33 72 52 92 55 55 23 16 35 19 13 52 42 102 70 48 8 0 32 0 0 
85 0 0 0 57 63 0 0 0 50 88 0 0 0 61 66 0 0 0 53 184 88 76 93 159 
40 53 0 55 33 31 47 0 66 43 29 33 0 70 41 99 113 66 123 93 46 62 18 61 54 
69 86 95 76 61 8 35 39 10 9 0 13 44 0 0 58 69 84 50 45 21 29 55 18 11 
0 0 0 140 35 0 0 0 158 28 27 29 14 157 51 0 0 0 149 34 0 0 0 138 38 
0 0 0 180 13 233 196 177 438 224 2 0 0 199 18 157 157 165 346 141 2 0 0 184 11 
71 160 182 206 85 51 127 175 192 32 103 182 193 240 104 82 206 205 246 96 123 168 208 282 118 
0 0 0 1284 0 0 0 0 1315 0 0 0 0 1299 0 0 2 2 1381 2 0 0 0 1311 0 
195 0 0 0 0 197 13 18 17 20 178 0 0 0 0 196 0 0 0 0 166 0 0 0 0 
92 0 0 0 0 117 0 0 0 0 122 0 0 0 0 102 0 0 0 0 206 88 85 89 99 
177 97 56 140 107 79 0 1 16 13 163 47 40 51 51 178 38 61 103 92 212 136 129 170 126 
23 29 0 0 0 0 39 0 0 0 2 16 1 0 0 27 30 24 36 26 0 0 0 0 0 
71 85 145 114 96 0 0 44 0 0 0 0 70 0 0 0 0 61 0 0 196 185 252 194 219 
2 11 0 77 209 128 128 119 198 345 2 32 0 81 248 0 13 3 82 251 115 146 113 180 301 
11 34 72 9 250 2 4 59 14 197 125 111 163 123 311 141 156 225 169 360 2 3 69 5 194 
149 250 273 218 99 178 259 298 224 101 147 254 275 200 123 73 179 220 120 29 67 195 217 145 32 
107 0 0 14 0 96 0 0 0 0 117 0 0 0 0 118 0 0 0 0 137 16 25 33 32 
0 0 211 0 36 0 0 228 0 32 0 0 206 0 23 0 0 191 0 24 0 0 178 0 31 
53 64 35 37 44 7 51 0 0 23 41 76 41 35 56 0 40 0 0 32 0 45 0 0 23 
609 625 640 683 627 0 0 0 0 0 0 0 0 0 0 0 0 0 0 0 0 0 0 0 0 
70 50 0 0 0 83 69 16 16 14 133 86 34 35 29 90 65 0 0 0 96 93 25 26 28 
28 0 0 53 64 66 40 37 81 113 18 0 0 54 60 33 9 14 51 55 27 25 27 66 70 
0 0 48 57 0 77 56 111 96 59 0 0 47 39 0 63 57 104 86 49 42 34 87 72 25 
10 8 0 0 74 16 2 0 0 63 65 66 51 42 137 19 21 15 14 70 98 114 91 91 136 
55 0 0 0 0 62 0 0 0 0 66 0 0 0 0 204 134 146 145 139 52 0 0 0 0 
70 161 112 125 150 91 268 173 160 217 16 114 61 49 62 104 204 131 165 143 133 246 199 202 189 
0 0 0 0 0 33 36 31 20 22 0 0 0 0 0 60 72 70 65 92 102 97 101 102 130 
163 12 90 13 22 229 4 60 23 31 298 98 170 109 110 321 182 286 176 168 256 63 120 34 46 
0 0 0 0 0 0 0 0 0 0 0 0 0 0 9 0 0 4 0 0 0 0 0 0 0 
22 0 29 12 0 20 0 14 20 0 32 0 29 4 0 84 49 79 48 55 23 3 25 5 0 
