767 685 538 607 649 1096 974 822 1013 974 655 638 507 652 707 993 885 755 857 938 608 453 354 431 585 
252 213 263 240 222 0 0 0 0 0 148 115 147 142 157 1 0 0 0 0 0 0 0 0 0 
96 42 50 152 177 76 0 0 112 152 142 41 22 180 198 42 0 0 78 131 66 0 0 102 121 
158 0 142 167 182 195 45 238 229 247 309 140 310 337 357 241 60 200 240 251 152 0 138 201 184 
128 28 81 109 25 121 8 59 87 0 112 20 64 83 15 113 4 41 101 0 264 171 223 273 155 
119 10 26 0 113 119 10 29 0 145 199 110 114 88 222 181 88 108 79 201 249 126 124 114 265 
0 0 0 0 0 0 0 0 0 0 1044 1055 1007 1025 1090 0 0 0 0 0 0 0 0 0 0 
0 0 0 243 0 0 0 4 231 1 104 102 92 351 112 112 96 83 384 114 0 0 0 230 0 
17 10 14 197 4 0 0 0 197 0 49 49 38 206 32 0 0 0 172 0 3 10 3 212 1 
0 0 0 0 0 0 0 0 0 0 0 0 0 0 0 74 83 83 66 101 194 183 188 233 182 
74 82 66 61 179 0 10 0 0 107 0 3 0 0 100 0 5 0 0 103 90 82 81 83 177 
145 149 149 168 162 0 0 0 0 0 0 0 0 0 0 0 0 0 0 0 87 82 70 72 83 
0 0 0 0 0 0 0 0 0 0 0 0 0 0 0 433 429 416 404 414 192 177 181 188 201 
0 220 0 0 101 0 202 0 0 106 140 373 164 146 245 0 200 0 0 103 0 235 0 0 95 
834 0 0 0 0 826 0 0 0 0 810 0 0 0 0 862 0 0 0 0 856 0 0 0 0 
2 0 192 154 186 50 38 230 184 253 119 120 299 255 271 209 202 417 405 352 106 94 282 208 329 
92 128 72 152 68 67 86 56 115 72 0 42 0 44 0 44 89 47 90 40 0 40 0 47 0 
31 7 9 7 20 168 130 123 122 148 31 0 0 1 16 26 0 0 1 25 149 141 105 119 149 
0 0 157 0 0 0 0 153 0 0 0 0 175 0 0 181 144 293 155 150 0 0 166 0 0 
0 93 54 66 0 0 105 53 65 0 61 148 125 141 45 0 90 62 60 0 0 105 75 64 0 
0 0 0 4 143 142 131 117 148 260 131 113 117 106 208 0 1 0 0 114 83 86 101 91 192 
0 0 0 0 0 0 0 0 0 0 0 0 0 0 0 1001 1053 1071 1042 975 0 0 0 0 0 
0 19 61 159 0 0 19 61 136 0 0 19 49 175 0 0 20 59 168 0 0 17 55 158 0 
84 149 80 172 161 11 53 24 84 80 19 55 23 80 102 0 53 0 67 82 0 42 0 69 87 
125 112 141 88 0 119 135 181 84 0 302 289 347 316 202 133 138 147 82 0 296 253 333 269 154 
76 13 23 97 13 76 0 0 118 0 220 151 134 225 127 72 0 1 102 0 117 40 42 166 38 
111 87 38 45 31 142 83 45 52 30 53 43 13 0 0 82 72 17 13 12 77 51 13 0 0 
0 0 194 83 0 0 0 227 74 0 0 0 267 90 0 0 0 238 66 0 0 0 195 66 0 
107 135 136 93 82 0 48 57 0 0 0 39 54 0 0 37 61 89 32 32 0 39 82 0 0 
70 60 76 73 62 108 136 112 134 119 27 45 44 37 41 0 0 0 0 0 0 0 0 0 0 
0 0 0 165 0 0 0 0 174 0 190 198 178 372 187 0 0 0 171 0 0 0 0 155 0 
0 0 0 0 0 150 138 183 150 152 0 0 0 0 0 0 0 0 0 0 79 57 71 66 82 
133 3 17 99 60 140 28 64 144 105 248 88 95 189 182 97 0 0 95 59 200 83 114 185 131 
0 92 0 0 0 0 84 0 0 0 0 65 0 0 0 123 159 84 129 79 56 139 49 57 54 
0 0 100 0 0 96 91 193 116 111 0 0 98 0 0 6 8 109 5 7 15 12 93 8 17 
262 223 216 283 124 111 103 83 116 0 87 95 70 94 0 280 241 169 294 119 133 119 99 153 0 
0 233 0 209 0 0 191 0 196 0 6 206 7 200 7 0 189 0 200 0 0 205 0 212 0 
0 42 0 127 0 0 49 0 138 0 0 47 0 135 0 70 156 70 213 85 0 60 0 135 0 
0 0 0 0 81 89 74 86 62 143 86 79 75 90 141 0 0 0 0 72 0 0 0 0 80 
55 243 319 31 205 19 178 256 1 135 67 268 362 67 240 97 289 322 110 249 211 322 379 170 290 
0 61 40 0 117 34 103 66 20 137 37 114 114 56 109 0 76 33 0 88 0 82 31 0 99 
129 106 126 139 142 17 0 0 42 0 14 0 0 42 0 21 0 0 48 0 105 72 70 131 85 
69 0 65 0 0 63 0 74 0 0 113 53 104 47 49 99 16 78 13 10 66 0 73 0 0 
0 20 86 0 98 0 12 71 0 114 0 17 77 0 111 0 14 92 0 136 0 13 73 0 105 
12 52 137 67 16 49 69 147 89 39 0 45 108 36 0 34 69 134 86 32 0 26 97 58 0 
0 69 0 0 0 0 79 0 0 0 142 254 132 144 146 0 91 0 0 0 15 91 20 26 32 
0 0 0 82 0 67 67 56 135 95 0 0 0 79 0 0 0 0 94 0 78 70 64 165 66 
49 0 91 48 0 57 0 109 52 0 59 0 93 50 0 46 0 102 53 0 44 0 98 46 0 
88 52 0 31 0 127 85 20 48 29 114 99 0 27 0 129 63 0 48 0 105 69 0 37 0 
0 0 0 0 33 262 245 254 264 278 0 0 0 0 56 0 0 0 0 47 0 0 0 0 49 
113 60 69 133 92 67 57 59 116 92 28 0 0 60 12 31 0 0 58 15 42 16 11 65 31 
29 58 8 7 10 18 55 0 0 0 21 82 0 0 0 140 174 129 125 118 29 81 0 0 0 
0 0 0 21 0 186 170 197 198 164 0 0 0 23 0 0 0 0 22 0 0 0 0 19 0 
75 88 147 148 102 0 0 59 68 0 0 0 80 63 0 0 0 76 61 0 0 0 70 65 0 
63 57 58 50 68 41 0 0 0 11 76 62 48 48 73 30 0 0 0 23 93 49 45 49 60 
0 0 28 0 85 6 0 46 5 101 0 0 40 0 93 12 9 51 10 116 111 108 143 85 206 
70 117 156 71 78 37 96 113 30 32 0 45 82 0 0 0 43 90 0 0 0 44 78 0 0 
0 0 123 0 0 0 0 99 0 0 84 126 231 131 113 0 0 92 0 0 0 0 119 0 0 
111 119 34 61 148 40 42 0 0 93 50 63 0 0 71 52 45 0 0 90 61 51 0 0 90 
0 47 0 13 0 48 112 48 63 60 0 56 0 18 13 0 52 0 24 4 17 49 12 29 27 
11 9 120 5 15 0 0 101 0 0 0 0 101 0 0 47 42 132 33 32 92 92 174 73 98 
0 0 0 50 75 89 81 63 118 165 0 0 0 49 73 0 0 0 36 84 0 0 0 47 73 
93 164 77 72 84 22 106 0 0 0 30 115 6 8 9 22 73 0 0 0 25 79 0 0 0 
70 35 100 45 100 21 0 41 9 61 18 0 44 0 77 19 0 57 0 58 0 0 37 0 63 
59 2 13 0 2 71 10 8 0 0 113 62 53 54 83 88 34 10 13 0 154 98 104 84 60 
42 34 118 43 53 0 0 81 0 0 0 0 77 0 0 5 0 70 0 4 33 36 111 40 31 
0 61 64 0 0 0 60 46 0 0 21 104 76 21 21 32 109 63 40 42 0 61 54 0 0 
11 0 69 0 36 44 38 114 35 65 11 0 76 0 17 5 0 74 0 11 18 0 84 0 19 
0 2183 0 0 0 0 2254 0 0 0 0 2145 0 0 0 0 2174 0 0 0 0 2137 0 0 0 
21 109 92 14 16 89 157 181 86 69 6 105 98 1 0 25 159 114 68 48 0 109 87 0 0 
70 140 124 0 0 51 161 148 0 0 81 161 147 0 0 75 149 152 0 0 71 144 147 0 0 
0 85 0 113 0 99 160 66 184 76 62 140 36 158 48 0 81 0 108 0 0 108 1 96 0 
0 0 0 0 0 1279 1233 1236 1204 1271 0 0 0 0 0 0 0 0 0 0 0 0 0 0 0 
0 0 79 125 0 0 0 75 106 0 0 0 81 127 0 0 0 81 125 0 0 0 72 128 0 
140 45 52 80 44 134 51 51 99 62 83 0 0 34 0 83 0 0 37 0 86 0 0 38 0 
0 137 0 0 86 0 166 0 0 82 0 169 0 0 91 0 149 0 0 73 0 162 0 0 97 
206 281 196 238 118 143 275 103 108 31 245 377 263 264 109 330 392 314 284 170 181 322 270 175 123 
85 77 268 287 72 0 0 194 201 5 118 117 304 315 111 0 0 168 194 5 20 20 210 217 30 
131 108 102 139 242 7 12 1 5 148 12 11 0 12 151 193 185 146 167 330 204 232 212 210 348 
0 113 0 0 0 0 91 0 0 0 0 108 0 0 0 7 117 4 8 1 258 318 264 249 259 
51 24 40 11 44 47 16 31 1 43 40 13 36 0 30 65 13 32 0 41 117 107 100 81 124 
204 70 0 100 0 205 65 0 103 0 206 48 0 104 0 178 55 0 103 0 205 52 0 113 0 
0 0 1467 0 0 0 0 1506 0 0 0 0 1408 0 0 0 0 1507 0 0 0 0 1473 0 0 
63 0 7 41 20 84 53 48 91 61 88 56 56 72 67 58 21 18 62 29 52 0 0 25 14 
109 118 132 85 177 0 0 12 0 44 58 78 69 58 108 0 0 18 0 53 0 0 14 0 61 
37 68 0 77 0 125 161 94 157 83 78 93 58 123 51 45 51 0 68 0 33 54 0 72 0 
81 90 87 91 139 78 97 64 62 119 0 29 0 0 57 0 22 0 0 33 58 79 55 55 99 
0 67 0 0 0 31 120 30 33 31 31 125 34 29 30 24 111 21 27 32 40 115 40 32 46 
29 10 39 34 0 99 69 110 111 62 40 21 47 37 0 39 9 44 35 0 38 20 37 39 0 
145 0 0 0 0 130 0 0 0 0 220 81 103 103 99 115 0 0 0 0 129 0 0 0 0 
0 0 0 0 829 0 0 0 0 786 0 0 0 0 833 0 0 0 0 825 0 0 0 0 768 
78 131 86 213 198 0 11 3 109 54 0 12 7 82 80 0 14 13 108 61 37 46 34 127 80 
145 0 0 0 0 274 105 100 90 77 170 0 0 0 0 163 0 0 0 0 148 0 0 0 0 
0 0 0 0 0 74 59 75 69 74 0 0 0 0 0 154 127 143 154 146 0 0 0 0 0 
0 22 0 153 0 38 63 51 207 35 0 19 0 146 0 0 16 0 147 0 0 20 0 172 0 
140 50 90 76 137 92 0 61 18 44 85 6 92 31 57 182 109 162 72 150 72 0 27 18 38 
44 57 66 153 125 35 25 33 97 90 0 0 0 93 70 0 0 0 54 54 8 13 12 90 64 
0 1 66 0 0 85 100 175 87 104 0 4 71 0 0 69 69 184 57 73 1 0 67 0 0 
198 1 187 0 0 203 3 171 0 0 198 4 186 4 1 175 1 181 0 0 210 20 178 10 10 
339 122 350 137 207 377 171 431 193 225 359 152 365 205 244 228 23 244 88 121 230 54 273 56 97 
66 156 71 85 73 0 87 0 30 0 19 133 29 36 29 0 106 0 17 0 0 81 0 23 0 
0 0 33 0 61 37 47 80 46 114 56 76 90 55 125 0 0 34 0 64 0 0 51 0 58 
0 0 18 0 222 0 0 18 0 200 0 0 34 0 183 0 0 27 0 207 0 0 26 0 215 
0 0 0 51 0 0 0 0 62 0 56 62 46 147 45 0 0 0 63 0 90 79 85 165 91 
113 0 0 116 0 134 0 0 134 0 136 0 0 124 0 121 0 0 137 0 135 0 0 138 0 
0 24 78 74 1 112 164 172 176 113 172 213 239 234 141 7 65 103 99 17 80 109 129 145 61 
96 117 108 100 195 0 0 0 0 69 0 0 0 0 65 20 22 25 20 94 0 0 0 0 70 
103 205 125 108 111 0 110 0 0 0 67 180 78 81 73 2 99 0 0 1 67 179 66 54 74 
172 163 97 101 91 94 49 0 0 0 107 57 6 4 11 86 56 0 0 0 85 70 0 0 0 
0 120 0 0 0 40 186 58 55 79 0 145 0 0 0 70 212 91 91 77 0 123 0 0 0 
0 0 0 0 0 0 0 0 0 0 0 0 0 0 0 0 0 0 0 0 440 408 446 428 401 
0 0 37 0 0 73 78 92 75 87 0 0 31 0 0 76 75 85 59 79 19 25 59 22 26 
8 19 17 19 56 0 0 0 0 43 89 91 81 73 115 0 0 0 0 38 88 108 89 91 126 
0 0 0 131 0 0 0 0 120 0 0 0 0 145 0 0 0 0 148 0 79 75 79 202 85 
1 66 0 30 71 0 59 0 35 77 1 54 0 34 88 0 58 0 30 71 18 74 24 54 113 
0 29 0 21 0 81 107 82 69 83 84 82 77 63 76 0 22 0 12 0 118 155 124 141 117 
0 0 117 55 0 43 45 155 105 50 0 0 102 39 0 0 0 89 38 0 0 0 126 35 0 
59 0 0 0 0 126 62 61 76 69 99 20 18 19 15 131 47 46 52 41 58 0 0 0 0 
76 35 33 104 37 33 0 0 82 0 46 0 0 78 0 79 35 30 114 32 49 0 0 77 0 
0 0 63 38 0 0 0 55 37 0 101 99 149 129 97 0 0 61 43 0 0 0 67 42 0 
2 8 49 103 7 0 0 53 82 0 53 30 106 120 48 28 47 74 119 35 0 0 53 81 0 
68 5 67 62 11 65 0 44 54 39 167 89 137 144 106 97 27 63 53 30 59 0 58 48 0 
52 0 76 0 64 49 0 61 0 64 34 0 75 0 82 113 59 127 69 127 38 0 70 0 62 
78 25 152 86 57 63 17 127 81 31 52 0 100 29 7 143 45 174 114 90 93 25 166 52 65 
17 92 157 41 129 132 193 280 125 244 22 100 195 46 183 0 40 158 1 123 77 129 217 92 202 
23 25 27 74 56 47 52 44 94 89 0 0 0 39 29 0 0 0 25 17 90 105 110 143 122 
24 46 0 113 0 38 62 0 149 0 113 107 68 211 91 31 63 0 138 0 43 44 0 111 0 
0 0 55 0 0 165 152 213 150 175 0 0 61 0 0 0 0 70 0 0 0 0 68 0 0 
59 10 9 6 20 86 60 62 63 63 94 72 78 86 83 39 0 4 0 12 34 10 14 6 21 
22 145 92 20 42 0 103 73 7 6 0 90 46 0 23 0 127 61 6 12 54 154 121 50 98 
132 170 94 93 93 62 61 43 20 17 36 54 17 0 0 38 42 13 0 0 28 41 13 0 0 
76 92 15 22 22 58 49 0 0 0 52 71 15 8 13 77 83 46 44 55 87 80 51 34 52 
38 75 43 71 28 0 62 11 42 15 1 51 10 45 19 0 43 12 31 13 37 103 62 97 77 
0 0 63 29 11 0 0 51 36 3 0 0 45 42 8 52 55 134 114 74 58 57 117 110 70 
29 37 25 21 29 0 0 0 0 0 71 59 56 61 55 0 0 0 0 0 120 106 99 114 110 
47 33 17 39 42 0 0 0 0 0 0 0 0 0 0 46 54 90 56 71 121 92 134 162 152 
37 37 99 34 42 0 7 62 6 0 57 50 125 43 39 0 0 53 0 0 0 0 59 5 0 
0 0 123 6 0 0 0 71 0 0 19 19 69 0 17 0 0 91 1 0 0 0 107 0 0 
43 70 0 0 0 66 93 38 30 28 66 108 17 14 9 79 119 37 36 41 37 66 0 0 0 
81 110 65 50 57 12 42 3 0 0 69 121 58 47 50 34 65 26 16 13 22 52 0 0 0 
0 128 123 179 0 0 139 133 184 0 0 116 123 191 2 0 125 122 178 0 0 133 126 178 0 
16 0 0 207 0 12 0 0 143 0 134 108 108 247 109 16 0 0 131 0 28 0 0 152 0 
181 210 51 115 103 206 316 100 139 179 197 256 112 134 140 79 130 3 34 57 311 397 154 209 231 
75 202 129 109 116 8 47 67 14 3 35 94 100 33 25 25 87 61 14 26 0 69 57 0 0 
0 14 11 0 62 0 20 14 0 98 0 14 7 0 51 45 76 62 35 127 25 33 38 24 83 
722 582 642 462 587 460 259 339 174 232 465 290 345 189 294 353 170 218 56 173 577 394 472 349 400 
72 63 3 3 1 146 145 66 68 65 78 73 0 0 0 84 83 23 15 16 61 57 0 0 0 
170 316 141 142 129 279 404 169 271 195 158 310 93 170 81 48 195 0 43 0 86 227 54 89 44 
0 0 0 0 52 0 0 0 0 56 0 0 0 0 65 0 0 0 0 58 135 158 141 152 185 
150 0 0 54 0 156 0 0 55 0 141 0 0 40 0 168 0 0 46 0 149 0 0 41 0 
195 154 196 279 137 41 0 88 145 0 93 49 126 199 73 50 0 103 102 31 46 0 85 91 2 
104 110 88 45 9 184 174 154 120 105 101 98 86 42 19 215 201 191 124 120 129 147 114 41 52 
57 130 51 57 53 0 54 0 0 0 5 80 3 4 4 0 64 0 0 0 75 153 62 72 65 
0 0 0 16 0 0 0 0 21 0 0 0 0 19 0 0 0 0 19 0 172 186 214 213 214 
78 12 62 137 109 12 1 30 114 97 63 19 56 137 118 24 0 34 92 95 149 75 122 205 218 
0 100 85 0 84 0 103 80 0 110 0 120 59 0 82 0 95 94 0 106 0 122 79 0 102 
59 29 68 48 45 86 65 118 74 73 30 23 45 26 13 58 55 128 86 63 13 0 42 1 0 
78 0 0 0 49 69 0 0 0 50 84 0 0 0 60 63 0 0 0 48 178 92 76 92 150 
80 100 0 91 56 56 90 4 129 77 89 80 2 160 96 168 203 103 210 169 102 137 41 149 97 
88 106 110 86 73 9 42 48 12 13 0 14 54 0 0 66 83 97 54 52 28 35 63 22 11 
0 0 0 140 35 0 0 0 158 28 27 29 15 157 51 0 0 0 149 34 0 0 0 138 38 
0 0 0 183 15 208 178 163 433 214 0 0 0 196 14 151 170 157 362 143 0 0 0 173 11 
52 151 157 185 86 30 120 142 211 40 93 143 169 214 104 73 208 197 259 103 121 139 187 290 120 
0 0 0 1303 0 0 0 0 1325 0 0 0 0 1327 0 0 0 0 1378 0 0 0 0 1356 0 
195 0 0 0 0 197 13 18 17 20 178 0 0 0 0 196 0 0 0 0 165 0 0 0 0 
92 0 0 0 0 117 0 0 0 0 122 0 0 0 0 102 0 0 0 0 206 88 85 89 99 
161 73 43 112 109 73 0 0 18 19 143 36 40 61 47 153 48 55 93 96 211 138 128 183 157 
13 28 0 0 39 0 28 0 0 0 0 0 0 0 0 36 42 21 40 48 0 0 0 0 3 
67 74 134 94 72 1 0 60 0 0 0 0 68 0 0 0 0 75 0 0 171 167 221 206 188 
3 20 0 83 233 119 123 131 218 358 2 30 0 77 258 0 12 0 106 273 123 150 119 197 330 
12 29 79 14 256 5 1 59 9 176 124 101 174 129 296 139 151 214 174 352 2 5 56 5 196 
118 214 223 186 80 152 222 303 193 82 117 204 247 190 116 28 139 185 118 12 48 177 194 156 2 
111 0 0 16 0 104 0 0 0 0 122 0 0 0 0 120 0 0 0 0 155 15 30 4 33 
41 65 26 29 43 0 32 0 0 0 50 77 45 39 52 7 36 0 0 27 0 50 0 0 11 
623 633 649 688 638 0 0 0 0 0 0 0 0 0 0 0 0 0 0 0 0 0 0 0 0 
74 54 0 0 0 86 74 16 18 13 147 87 37 40 31 91 68 0 0 0 105 96 27 26 34 
34 0 0 62 76 80 49 51 92 128 22 0 1 67 69 42 10 15 67 61 32 31 33 85 76 
14 9 0 0 78 21 3 0 0 66 72 67 49 46 145 21 24 15 17 78 88 127 108 89 148 
55 0 0 0 0 62 0 0 0 0 64 0 0 0 0 202 133 145 146 141 52 0 0 0 0 
79 147 116 123 134 115 245 166 155 212 19 119 60 58 54 121 186 123 144 158 113 225 153 160 169 
0 0 0 0 0 35 43 39 24 27 0 0 0 0 0 66 77 83 71 104 108 109 110 114 144 
160 11 69 9 17 206 1 50 4 7 278 84 152 105 94 314 151 240 154 149 232 52 83 29 39 
20 0 29 0 0 21 0 16 0 0 31 0 43 20 0 83 56 85 77 67 24 3 27 0 3 
0 0 197 0 35 0 0 221 0 35 0 0 184 0 25 0 0 183 0 23 0 0 184 0 29 
126 69 0 131 54 125 93 0 122 82 144 126 32 141 82 98 78 0 108 64 93 100 5 134 44 
45 70 47 66 36 11 22 0 23 0 64 89 54 90 40 14 44 6 37 5 57 57 55 89 30 
0 0 50 55 0 74 64 103 101 66 0 0 39 36 0 59 48 106 83 46 38 33 84 70 26 
