965 999 816 872 997 1272 1139 1172 1119 1194 859 784 747 802 901 1145 1014 1065 1071 1144 743 554 589 587 726 
197 160 213 198 174 0 0 0 0 0 133 88 141 114 114 0 0 0 0 0 0 0 0 0 0 
149 44 40 217 251 103 0 0 160 184 201 57 47 269 281 76 0 0 131 143 119 0 0 157 176 
327 51 154 145 90 221 0 53 16 4 478 137 223 162 164 493 261 354 292 323 304 46 122 93 76 
1 0 75 94 0 121 67 154 152 93 4 6 71 66 6 102 83 164 153 110 61 40 127 122 47 
174 37 116 157 29 142 11 100 132 0 124 30 98 119 12 132 1 78 137 0 309 183 273 323 174 
110 9 20 0 105 110 9 21 0 130 218 104 105 82 197 182 66 102 66 168 240 128 133 107 269 
0 0 0 0 0 0 0 0 0 0 1027 1027 986 1014 1051 0 0 0 0 0 0 0 0 0 0 
0 0 0 298 0 0 0 1 274 0 133 138 115 426 132 133 121 108 450 142 1 0 0 261 0 
15 8 14 181 6 0 0 0 185 0 41 45 37 190 32 0 0 0 166 0 2 7 0 179 0 
1 0 0 0 0 0 0 0 0 0 0 0 0 0 0 66 67 70 70 90 198 170 163 205 173 
74 87 60 49 156 0 13 0 0 98 0 4 0 0 100 0 4 0 0 100 71 73 74 71 149 
132 143 155 146 155 0 0 0 0 0 0 0 0 0 0 0 0 0 0 0 84 78 63 70 81 
0 0 0 0 0 0 0 0 0 0 0 0 0 0 0 432 433 429 412 415 193 177 183 186 206 
0 204 0 0 87 0 174 0 0 98 133 330 152 134 213 0 187 0 0 96 0 218 0 0 75 
808 0 0 0 0 809 0 0 0 0 805 0 0 0 0 836 0 0 0 0 845 0 0 0 0 
55 13 204 149 141 42 10 183 150 125 112 101 254 197 219 198 181 354 340 304 163 102 242 241 285 
91 164 96 183 94 74 106 69 121 63 0 53 0 46 0 51 112 67 109 68 0 54 0 40 0 
43 9 14 8 26 133 110 104 110 111 39 0 0 0 21 33 0 0 0 26 122 109 91 100 146 
0 0 129 0 0 0 0 110 0 0 0 0 134 0 0 138 109 221 109 112 0 0 131 0 0 
0 69 50 47 0 0 88 46 52 0 40 113 105 108 38 0 86 58 58 0 0 80 59 43 0 
0 1 0 2 144 133 104 104 138 245 129 122 104 112 218 0 1 0 0 124 86 100 114 89 215 
0 0 0 0 0 0 0 0 1 0 0 0 0 0 0 1022 1117 1101 1068 1015 0 0 0 0 0 
0 19 57 145 0 0 18 59 131 0 0 22 52 152 0 0 23 58 159 0 0 15 53 169 0 
63 47 0 0 0 79 67 15 14 13 128 81 34 34 27 84 59 0 0 0 93 88 22 23 28 
61 104 63 135 126 6 32 15 58 57 13 37 20 69 76 0 35 0 46 58 0 32 0 53 64 
87 112 119 64 0 77 114 170 50 0 281 307 317 295 171 104 133 132 75 2 269 236 286 221 123 
83 22 17 107 29 78 0 0 120 0 219 147 145 233 128 69 0 0 106 0 112 52 51 184 39 
133 114 56 53 37 159 115 51 61 40 61 59 16 0 0 102 95 21 13 15 94 61 14 0 0 
0 0 135 56 0 0 0 148 52 0 0 0 179 51 0 0 0 159 43 0 0 0 136 41 0 
134 164 167 121 110 0 56 67 0 0 0 51 64 0 0 37 69 92 32 38 0 41 100 0 0 
73 59 79 79 71 111 132 118 125 115 23 44 48 43 47 0 0 0 0 0 0 0 0 0 0 
0 0 0 165 0 0 0 0 174 0 230 235 221 411 244 0 0 0 173 0 0 0 0 155 0 
0 0 0 0 0 157 145 181 144 153 0 0 0 0 0 0 0 0 0 0 80 60 75 81 98 
102 0 0 59 41 127 28 43 110 89 215 69 81 152 143 76 0 0 76 45 178 66 83 148 102 
0 75 0 0 0 0 72 0 0 0 0 57 0 0 0 101 137 74 111 74 48 117 42 46 46 
0 0 108 0 0 91 90 195 115 111 0 0 98 0 0 7 9 102 4 8 14 13 92 11 15 
258 220 188 272 107 110 94 72 125 0 84 93 55 103 0 262 259 173 288 119 128 116 77 151 0 
0 0 0 0 0 36 39 30 22 22 0 0 0 0 0 66 73 79 67 104 108 101 116 109 143 
0 234 0 212 0 0 193 0 206 0 8 218 6 207 8 0 189 0 203 0 0 203 0 215 0 
0 41 0 125 0 0 50 0 136 0 0 51 0 138 0 67 152 71 196 72 0 54 0 135 0 
0 0 0 0 68 74 65 72 56 124 78 67 67 75 116 0 0 0 0 68 0 0 0 0 72 
62 291 368 49 225 26 221 289 26 142 53 288 365 47 207 127 348 361 111 267 201 380 420 172 302 
0 52 35 0 91 15 71 42 9 98 31 92 97 39 100 0 62 24 0 63 0 70 27 0 80 
110 98 104 118 117 14 0 0 34 0 12 0 0 37 0 16 0 0 50 0 87 65 64 109 87 
71 0 69 0 0 68 0 83 0 0 120 56 108 51 52 105 16 79 12 12 69 0 74 0 0 
0 17 81 0 96 0 12 69 0 107 0 16 74 0 106 0 14 91 0 133 0 13 69 0 101 
16 69 167 97 27 51 78 171 123 54 0 48 128 38 0 49 83 177 114 53 0 24 115 65 0 
0 59 0 0 0 0 68 0 0 0 106 211 100 126 112 0 83 0 0 0 14 75 17 23 24 
0 0 0 81 0 67 71 59 141 88 0 0 0 76 0 0 0 0 92 0 80 67 65 160 66 
53 0 99 50 0 55 0 116 62 0 65 0 100 56 0 47 0 104 55 0 42 0 100 48 0 
95 68 0 40 0 131 93 19 63 26 120 107 0 36 0 145 74 0 51 0 109 82 0 38 0 
0 0 0 0 26 195 186 190 201 227 0 0 0 0 38 0 0 0 0 33 0 0 0 0 37 
88 47 57 109 77 58 37 48 96 68 24 0 0 52 10 28 0 0 48 11 37 11 8 56 27 
33 83 15 5 11 18 62 0 0 0 20 82 0 0 0 160 216 164 150 139 29 83 0 0 0 
0 0 0 21 0 182 157 194 192 155 0 0 0 23 0 0 0 0 22 0 0 0 0 19 0 
73 81 140 144 92 0 0 52 68 0 0 0 79 61 0 0 0 70 54 0 0 0 60 64 0 
77 67 81 52 86 52 0 0 0 11 97 71 58 56 89 36 0 0 0 21 103 57 51 54 68 
0 0 24 0 72 8 5 36 10 89 0 0 34 0 70 8 7 43 5 95 81 75 115 64 154 
588 590 607 641 587 0 0 0 0 0 0 0 0 0 0 0 0 0 0 0 0 0 0 0 0 
71 134 166 87 90 39 90 118 33 31 0 41 84 0 1 0 47 92 0 0 0 47 81 0 0 
0 0 110 0 0 0 0 91 0 0 76 114 207 112 101 0 0 85 0 0 0 0 104 0 0 
104 130 41 59 139 40 42 0 0 94 41 62 0 0 68 44 46 0 0 75 61 48 0 0 88 
0 50 0 24 37 59 121 59 84 100 0 61 0 28 38 0 57 0 39 42 25 67 22 53 65 
9 7 99 5 11 0 0 87 0 0 0 0 83 0 0 36 38 120 27 29 75 78 147 59 85 
0 0 0 57 81 100 95 78 136 192 0 0 0 58 87 0 0 0 41 95 0 0 0 53 84 
108 178 86 86 97 21 119 0 0 0 30 126 7 7 9 27 84 0 0 0 26 90 0 0 0 
67 19 93 42 102 18 0 42 4 66 18 0 37 0 77 14 0 52 0 64 5 0 40 8 71 
47 0 5 0 1 59 0 4 0 0 63 40 23 35 58 101 49 36 37 38 163 109 107 144 116 
53 33 110 45 41 9 0 78 0 0 22 0 75 0 0 17 0 68 0 1 36 18 82 31 9 
87 70 94 49 53 33 28 27 0 4 54 67 51 26 41 44 26 35 0 12 35 28 35 0 6 
0 62 61 0 0 0 64 51 0 0 21 104 71 21 20 32 109 53 39 42 0 61 53 0 0 
15 0 0 0 0 5 26 8 0 4 0 25 0 0 8 14 0 0 0 0 0 15 0 0 0 
30 0 88 0 45 64 43 124 38 79 25 0 85 0 25 36 8 99 5 36 30 0 99 0 27 
0 2098 0 0 0 0 2159 0 0 0 0 2030 0 0 0 0 2115 0 0 0 0 2050 0 0 0 
21 119 110 15 9 74 190 185 78 65 0 122 104 3 0 39 182 111 71 31 0 127 93 0 0 
62 99 80 0 0 47 113 97 0 0 71 117 110 0 0 58 107 86 0 1 52 102 112 0 0 
0 99 0 139 0 88 213 84 248 82 94 201 65 201 72 0 89 0 150 0 0 120 0 119 0 
76 86 142 106 97 0 0 41 0 0 0 0 73 0 0 0 0 55 0 0 197 238 250 223 232 
0 0 0 0 0 1269 1241 1224 1193 1263 0 0 0 0 0 0 0 0 0 0 0 0 0 0 0 
0 0 80 125 0 0 0 75 106 0 0 0 81 127 0 0 0 81 125 0 0 0 72 127 0 
174 51 60 110 47 176 60 64 133 81 95 0 0 39 0 103 1 0 54 0 99 0 0 57 0 
0 114 0 0 78 0 134 0 0 68 0 145 0 0 79 0 124 0 0 64 0 136 0 0 93 
216 320 212 253 155 81 189 74 123 3 270 405 263 397 155 175 325 188 255 105 275 361 303 377 193 
103 90 303 311 100 0 0 205 209 3 113 118 306 330 101 0 0 170 198 9 15 10 213 199 9 
148 124 105 154 250 11 29 4 9 167 10 22 8 20 169 210 226 175 196 356 216 270 241 227 399 
0 73 0 0 0 0 59 0 0 0 0 66 0 0 0 7 67 4 7 3 181 227 185 155 177 
65 35 53 17 63 58 11 26 0 61 47 11 30 0 34 102 11 26 1 56 168 137 132 114 161 
200 74 0 97 0 200 70 0 100 0 205 58 0 102 0 193 69 0 116 0 208 68 0 116 0 
55 0 0 0 0 62 0 0 0 0 64 0 0 0 0 202 133 145 146 141 52 0 0 0 0 
125 250 276 180 74 137 233 301 179 76 141 256 304 194 135 62 169 235 101 6 88 200 261 150 27 
96 5 10 67 36 151 94 76 139 92 134 87 66 125 102 90 34 20 80 50 68 0 0 36 19 
108 121 134 81 185 0 0 7 0 48 67 82 82 64 128 0 0 19 0 58 0 0 13 0 71 
42 81 0 110 0 133 176 95 203 80 113 128 86 205 86 53 77 0 103 0 35 64 0 103 0 
95 112 108 112 157 102 84 84 86 154 0 27 0 0 55 0 23 0 0 41 64 87 67 66 125 
0 87 0 0 0 37 159 42 40 35 39 161 48 46 41 33 137 30 27 40 42 164 58 40 62 
24 11 44 22 0 103 73 120 106 65 39 20 48 31 0 40 9 44 27 0 35 21 39 32 0 
0 13 0 77 201 114 121 116 195 339 0 33 0 79 236 0 7 0 80 237 109 136 111 177 288 
4 15 84 13 232 3 0 55 8 181 109 105 164 110 273 132 143 224 171 335 1 1 63 3 192 
161 0 0 0 0 145 0 0 0 0 242 84 112 116 113 136 0 0 0 0 152 0 0 0 0 
0 0 0 0 845 0 0 0 0 803 0 0 0 0 851 0 0 0 0 832 0 0 0 0 790 
148 125 0 193 61 158 140 0 223 106 198 167 39 257 98 132 133 4 174 73 125 161 0 224 66 
139 0 0 0 0 264 99 97 81 76 167 0 0 0 0 151 0 0 0 0 161 0 0 0 0 
0 0 0 0 0 77 61 76 67 75 0 0 0 0 0 151 123 145 151 148 0 0 0 0 0 
0 23 0 162 0 37 64 48 212 33 0 19 0 143 0 0 17 0 149 0 0 20 0 180 0 
72 36 87 108 116 35 0 58 51 26 20 0 63 62 49 81 50 100 107 89 11 0 37 53 16 
43 48 55 128 105 28 22 31 80 74 0 0 0 75 53 0 0 0 47 50 6 10 9 75 53 
0 10 67 0 0 83 101 180 95 95 1 10 69 0 0 56 85 168 49 69 0 7 65 0 0 
120 0 119 0 0 110 0 90 0 0 103 0 108 4 1 74 0 103 0 0 121 13 93 10 10 
304 132 343 128 209 366 203 452 191 272 359 180 442 218 289 189 30 242 50 147 213 79 293 18 131 
65 152 69 83 66 0 86 0 27 0 17 128 28 34 27 0 104 0 17 0 0 75 0 22 0 
0 0 41 0 69 46 54 100 55 135 74 86 107 67 153 0 0 37 0 73 0 0 58 0 79 
0 0 16 0 206 0 0 16 0 196 0 0 30 0 170 0 0 24 0 194 0 0 25 0 195 
0 0 0 58 0 0 0 0 78 0 70 66 55 161 54 0 0 0 74 0 120 92 100 195 101 
96 0 0 104 0 116 0 0 120 0 105 0 0 94 0 97 0 0 118 0 107 0 0 116 0 
5 50 73 58 4 103 178 178 164 113 163 213 233 209 154 10 58 93 85 16 54 122 112 113 41 
116 160 140 121 256 0 0 0 0 85 0 0 1 0 85 21 28 33 23 123 0 0 0 0 82 
140 261 154 143 162 0 134 0 0 0 96 217 89 93 88 0 110 2 0 4 104 241 94 83 114 
136 125 78 77 77 74 45 0 0 0 86 46 4 3 7 63 47 0 0 0 71 58 0 0 0 
0 108 0 0 0 32 144 45 50 58 0 111 0 0 0 62 170 76 73 60 0 104 0 0 0 
0 0 0 0 0 0 0 0 0 0 0 0 0 0 0 0 0 0 0 0 464 441 465 464 428 
0 0 37 0 0 73 79 92 75 87 0 0 31 0 0 77 75 86 60 79 19 27 60 21 26 
8 15 16 16 52 0 0 0 0 36 80 79 71 69 99 0 0 0 0 32 68 98 78 76 105 
0 0 0 144 0 0 0 0 130 0 0 0 0 152 0 0 0 0 162 0 89 85 86 224 100 
0 65 0 34 72 0 64 0 37 77 0 55 0 36 91 0 59 0 31 73 18 78 25 56 113 
0 112 0 0 0 0 108 0 0 0 0 106 0 0 0 0 96 0 0 0 97 185 99 105 92 
0 0 0 32 0 81 55 82 72 81 42 0 47 63 55 0 0 0 25 0 101 92 106 153 97 
0 0 117 55 0 41 44 154 106 50 0 0 102 39 0 0 0 89 38 0 0 0 126 35 0 
15 27 0 0 0 0 61 8 0 27 0 49 0 0 15 0 0 0 0 0 0 37 11 0 32 
59 0 0 0 0 126 62 61 76 68 99 19 18 20 15 131 47 46 52 40 57 0 0 0 0 
83 35 33 111 37 38 0 0 91 0 48 0 0 85 0 80 27 25 114 27 53 0 0 83 0 
0 0 63 43 0 0 0 55 43 0 101 99 149 132 97 0 0 62 47 0 0 0 67 42 0 
30 0 0 74 111 85 62 71 121 191 23 1 10 89 114 50 21 30 82 103 34 30 47 94 129 
3 9 52 100 9 0 0 52 86 0 54 37 130 132 54 28 41 77 130 48 0 0 50 89 0 
54 0 50 53 8 39 3 38 39 13 139 82 131 121 87 71 16 50 53 21 60 0 50 40 0 
39 0 54 0 55 38 0 56 0 51 25 0 66 0 70 88 49 103 64 103 30 0 54 0 53 
80 28 177 104 49 66 13 163 91 37 67 0 151 45 23 165 54 229 159 113 95 38 202 72 68 
11 83 135 25 103 136 200 280 132 240 35 112 179 55 162 0 35 149 0 110 90 136 211 105 205 
26 23 25 69 60 46 54 41 97 92 0 0 0 36 35 0 0 0 27 19 95 102 113 159 115 
18 31 1 86 0 30 48 0 109 0 83 75 37 131 55 26 37 0 106 0 40 36 0 86 0 
0 0 59 0 0 165 148 210 153 179 0 0 66 0 0 0 0 82 0 0 0 0 69 0 0 
10 8 0 0 75 16 2 0 0 64 67 63 48 43 139 24 19 18 11 83 87 118 92 91 139 
60 10 10 6 20 87 63 62 66 66 95 75 79 88 87 39 0 5 0 12 35 11 15 7 21 
21 100 80 18 32 0 103 72 4 8 0 71 45 0 22 0 89 54 7 13 49 135 112 41 88 
164 205 110 104 118 84 61 49 18 18 39 44 16 0 0 36 56 11 0 0 34 42 17 0 0 
95 0 0 21 0 83 0 0 21 0 99 0 0 18 0 100 0 0 0 0 122 15 23 40 29 
54 74 6 16 16 45 43 0 0 0 37 61 9 4 9 57 63 27 33 37 72 75 41 23 39 
40 77 38 70 26 0 63 10 44 14 0 48 8 47 18 0 44 12 31 14 34 103 63 91 77 
0 0 56 27 11 0 0 45 35 3 0 0 44 40 6 42 53 122 94 61 54 50 100 93 63 
29 38 26 22 31 0 0 0 0 0 71 59 57 62 55 0 0 0 0 0 120 107 99 114 110 
41 30 34 32 41 0 0 14 0 0 0 0 20 0 0 47 47 80 53 48 114 99 137 137 113 
33 42 109 52 56 1 6 59 12 20 58 52 130 60 55 0 0 53 0 0 1 5 57 20 9 
0 0 180 30 0 0 0 141 23 0 18 19 155 36 17 0 0 166 23 0 0 0 162 23 0 
47 119 0 0 0 96 166 62 63 57 106 194 30 31 23 112 199 71 78 61 41 113 0 0 0 
64 0 75 79 94 119 66 168 168 168 142 83 163 198 206 139 54 109 121 154 78 9 85 135 113 
110 139 91 70 93 14 65 3 0 0 99 166 82 60 78 50 93 35 21 22 28 73 0 0 0 
0 114 106 162 0 0 126 119 160 0 0 108 120 167 0 0 117 115 155 2 0 125 118 164 0 
14 0 0 132 0 8 0 0 94 0 89 64 87 188 84 10 0 0 98 0 20 1 0 104 0 
54 72 39 40 62 0 59 0 0 16 51 83 45 40 65 6 39 0 0 31 1 65 0 3 23 
86 105 16 38 68 147 204 73 84 163 113 157 73 67 92 67 82 0 20 54 184 231 112 110 178 
62 165 117 80 92 7 38 60 14 3 27 74 96 35 25 18 77 64 9 21 0 59 46 0 0 
0 21 9 0 73 8 26 20 0 107 5 15 13 1 48 61 80 63 34 149 27 38 36 29 99 
633 473 489 418 477 418 264 232 191 217 436 334 262 189 308 344 186 131 88 132 530 391 378 357 360 
100 75 0 3 1 183 165 78 81 83 73 87 0 0 0 100 95 19 22 16 65 69 0 0 0 
176 304 110 145 125 267 392 143 251 189 137 292 78 134 81 43 199 0 40 0 75 211 39 71 23 
0 0 0 0 54 0 0 0 0 60 0 0 0 0 76 0 0 0 0 63 149 167 162 166 197 
59 0 34 0 14 115 14 59 25 33 134 59 110 62 65 153 88 150 86 105 116 22 52 20 33 
150 0 0 54 0 155 0 0 55 0 141 0 0 40 0 168 0 0 46 0 149 0 0 41 0 
146 139 151 213 106 36 3 67 120 4 62 45 117 168 68 38 5 77 90 18 43 0 77 82 0 
56 95 73 148 129 0 8 4 89 39 0 14 6 59 46 0 14 10 76 42 29 38 23 96 52 
142 127 99 70 38 195 192 158 128 138 104 96 79 40 28 234 190 191 115 138 159 166 159 57 72 
57 128 51 57 52 0 53 0 0 0 6 80 4 5 4 0 64 0 0 0 76 154 62 76 65 
0 0 0 20 0 0 0 0 21 0 0 0 0 22 0 0 0 0 22 0 194 206 233 238 237 
46 0 0 25 39 117 81 77 91 104 50 1 0 27 38 42 1 0 17 42 48 2 0 21 33 
51 7 53 119 105 18 3 35 103 92 72 29 61 157 115 17 0 43 97 92 127 94 137 204 223 
0 82 64 0 70 0 84 82 0 86 0 91 67 0 62 0 78 81 0 79 0 104 80 0 71 
51 22 59 42 36 76 55 99 57 57 24 15 39 21 14 58 47 108 73 50 8 0 32 0 0 
81 0 0 0 56 83 0 0 0 50 84 0 0 0 60 71 0 0 0 50 201 101 99 98 167 
78 109 5 125 100 64 137 9 121 121 41 59 1 113 68 181 231 134 239 184 101 178 91 166 144 
79 92 115 93 81 10 37 43 14 10 0 15 46 0 0 68 88 99 66 54 25 35 63 23 17 
0 0 0 142 37 0 0 0 160 28 27 29 16 166 51 0 0 0 155 33 0 0 0 139 39 
0 0 212 0 36 0 0 233 0 27 0 0 224 0 26 0 0 200 0 23 0 0 198 0 24 
0 0 0 144 12 146 136 123 318 165 0 0 0 164 14 120 121 112 264 116 0 0 0 133 4 
27 77 95 129 47 7 54 56 114 8 46 82 80 132 43 21 107 85 132 48 38 81 87 149 42 
0 0 0 1237 0 0 0 0 1222 0 0 0 0 1249 0 0 1 3 1320 1 0 0 0 1259 0 
198 0 0 0 0 199 13 18 18 20 180 0 0 0 0 203 0 0 0 0 170 0 0 0 0 
92 0 0 0 0 117 0 0 0 0 122 0 0 0 0 102 0 0 0 0 206 88 85 89 99 
106 17 91 0 0 121 16 111 0 0 124 9 95 0 0 125 8 105 0 0 116 17 110 0 0 
0 0 0 35 0 70 63 49 99 55 0 0 0 25 0 43 48 63 92 51 42 49 44 94 39 
0 0 1467 0 0 0 0 1505 0 0 0 0 1387 0 0 0 0 1509 0 0 0 0 1466 0 0 
