824 762 650 610 718 1058 1164 984 881 985 662 660 548 621 699 996 971 919 949 937 593 583 445 395 622 
195 148 200 207 163 0 0 0 0 0 127 97 137 122 123 0 0 0 0 0 0 0 0 0 0 
123 57 36 250 277 80 0 0 158 150 159 58 25 235 253 65 0 0 109 130 57 0 0 139 121 
172 0 122 157 163 223 57 226 237 265 320 138 284 323 332 259 42 175 222 242 168 1 133 193 157 
168 45 101 139 46 125 9 79 94 0 107 24 66 76 20 127 4 54 114 0 266 163 229 276 162 
122 7 21 0 108 120 5 25 0 132 230 106 120 92 217 193 78 106 63 177 287 105 133 115 279 
0 0 0 0 0 0 0 0 0 0 1041 1041 1000 1029 1082 0 0 0 0 0 0 0 0 0 0 
0 0 0 251 0 1 0 4 256 1 113 113 96 363 112 113 101 91 398 129 0 0 0 236 0 
15 8 13 190 4 0 0 0 189 0 39 50 39 184 31 0 0 0 163 0 0 6 3 189 3 
0 0 0 0 0 0 0 0 0 0 0 0 0 0 0 61 64 69 61 85 175 153 163 192 165 
84 92 63 53 178 0 12 0 0 106 0 4 0 0 105 0 4 0 0 107 81 81 88 69 176 
141 159 161 167 167 0 0 0 0 0 0 0 0 0 0 0 0 0 0 0 94 88 69 73 89 
0 0 0 0 0 0 0 0 0 0 0 0 0 0 0 436 439 430 417 426 191 185 190 189 210 
0 188 0 0 80 0 161 0 0 92 104 304 125 110 174 0 175 0 0 91 0 207 0 0 73 
813 0 0 0 0 816 0 0 0 0 809 0 0 0 0 838 0 0 0 0 842 0 0 0 0 
3 6 210 134 182 38 14 222 177 168 105 96 289 227 240 209 215 439 369 348 122 99 296 259 311 
77 113 68 130 68 62 65 58 106 68 0 30 0 41 0 42 74 46 84 44 0 28 0 37 0 
39 10 12 7 19 134 100 112 118 132 32 0 0 0 17 28 0 0 0 20 128 114 95 107 144 
0 0 158 0 0 0 0 147 0 0 0 0 160 0 0 156 137 260 130 141 0 0 151 0 0 
0 64 43 46 0 0 78 43 45 0 35 96 90 97 32 0 70 47 47 0 0 69 55 42 0 
0 1 5 0 148 147 115 139 154 256 154 129 134 106 231 0 4 0 0 125 93 91 109 95 202 
0 0 0 0 0 0 0 0 0 0 0 0 0 0 0 1041 1090 1111 1080 1019 0 0 0 0 0 
0 19 52 144 0 0 18 55 122 0 0 20 49 153 0 0 18 51 151 0 0 14 57 163 0 
65 47 0 0 0 81 67 16 14 13 131 83 32 34 30 85 64 0 0 0 93 88 22 23 29 
82 117 80 151 153 8 51 39 67 80 14 48 24 80 89 0 48 0 54 72 2 34 0 59 71 
111 120 131 93 4 114 129 180 92 0 326 308 372 311 213 127 136 150 89 1 288 227 326 248 128 
79 18 17 112 23 81 0 0 126 0 218 158 142 241 132 62 0 0 105 0 114 51 49 197 43 
116 81 41 41 31 128 90 48 49 34 56 52 15 0 0 90 77 18 11 11 77 48 14 0 0 
0 0 174 73 0 0 0 189 58 0 0 0 219 65 0 0 0 203 54 0 0 0 180 44 0 
130 172 180 134 114 0 60 75 0 0 0 57 64 0 0 47 68 97 32 32 0 55 102 0 0 
70 59 80 73 72 106 131 108 134 113 26 49 46 39 42 0 0 0 0 0 0 0 0 0 0 
0 0 0 167 0 0 0 0 177 0 231 237 222 419 247 0 0 0 178 0 0 0 0 161 0 
0 0 0 0 0 138 130 164 124 131 0 0 0 0 0 0 0 0 0 0 69 52 62 62 75 
121 1 7 94 51 149 44 66 145 105 242 86 97 185 168 101 0 0 93 48 213 88 92 178 140 
0 109 0 0 0 0 95 0 0 0 0 83 0 0 0 134 184 92 146 89 52 152 45 56 53 
0 0 94 0 0 85 85 176 104 104 0 0 92 0 0 6 8 97 2 7 14 13 82 7 15 
273 245 198 274 120 127 120 64 120 0 92 106 57 111 0 290 279 186 288 120 129 156 77 157 10 
0 0 0 0 0 33 38 33 21 24 0 0 0 0 0 69 73 75 77 106 110 102 103 109 140 
0 225 0 206 0 0 181 0 196 0 7 203 7 198 7 0 189 0 192 0 0 199 0 206 0 
0 42 0 129 0 0 51 0 144 0 0 50 0 142 0 65 148 63 206 77 0 59 0 125 0 
0 0 0 0 70 81 67 76 59 127 84 68 75 78 121 0 0 0 0 73 0 0 0 0 75 
87 311 347 54 237 30 223 258 7 160 76 273 353 51 233 100 314 343 105 279 204 365 430 166 317 
0 45 34 0 88 21 75 52 14 102 31 89 98 41 87 0 66 30 0 67 0 72 30 0 79 
122 103 121 127 141 15 0 0 44 0 15 0 0 42 0 19 0 0 48 0 89 72 70 127 88 
90 0 78 0 0 81 0 83 0 0 164 66 133 65 66 124 15 92 14 12 93 0 99 0 0 
0 18 81 0 96 0 12 69 0 107 0 16 74 0 106 0 14 91 0 133 0 13 69 0 101 
20 57 154 77 23 54 81 161 104 49 0 39 121 34 0 44 80 164 109 44 0 26 110 60 0 
0 69 0 0 0 0 78 0 0 0 134 261 125 147 136 0 92 0 0 0 15 86 19 28 29 
0 0 0 82 0 77 89 65 159 103 0 0 0 76 0 0 0 0 95 0 95 82 73 181 79 
71 0 102 57 0 67 0 135 60 0 76 0 120 63 0 62 0 123 66 0 59 0 118 49 0 
88 53 0 36 0 111 85 18 58 29 106 104 0 28 0 125 59 1 45 0 101 67 0 39 0 
0 0 0 0 29 206 203 198 206 230 0 0 0 0 35 0 0 0 0 37 0 0 0 0 41 
113 57 71 121 97 77 43 62 114 79 30 0 0 59 11 42 0 0 53 12 44 13 11 68 36 
31 58 9 6 10 19 49 0 0 0 24 77 0 0 0 137 178 140 132 124 31 73 0 0 0 
0 0 0 21 0 186 170 197 198 164 0 0 0 23 0 0 0 0 22 0 0 0 0 19 0 
75 81 140 148 90 0 0 52 68 0 0 0 78 62 0 0 0 71 55 0 0 0 61 67 0 
63 57 59 48 68 41 0 0 0 11 76 62 48 48 72 29 0 0 0 22 92 49 45 47 60 
0 0 24 0 69 9 6 36 12 91 0 0 34 0 70 10 7 43 8 95 80 73 113 62 152 
55 105 137 64 69 27 79 95 25 25 0 32 70 0 0 0 36 71 0 0 0 39 66 0 0 
0 0 121 0 0 0 0 95 0 0 81 117 220 118 107 0 0 93 0 0 0 0 110 0 0 
92 107 33 53 126 35 38 0 0 78 38 54 0 0 61 41 43 0 0 66 54 40 0 0 72 
0 49 0 23 36 58 114 56 80 92 0 59 0 27 36 0 55 0 39 40 26 65 22 53 63 
9 7 99 4 12 0 0 88 0 0 0 0 83 0 0 36 39 120 27 29 75 79 151 59 85 
0 0 0 51 75 88 82 63 117 163 0 0 0 49 73 0 0 0 35 84 0 0 0 47 73 
122 208 99 85 104 24 141 0 0 0 37 143 10 10 11 22 88 0 0 0 24 95 0 0 0 
63 31 100 37 97 10 0 41 2 64 13 0 40 0 75 15 0 47 3 55 1 0 37 0 68 
35 1 0 0 2 51 0 3 0 0 40 40 38 41 57 92 52 34 31 38 140 113 91 138 120 
62 34 118 48 49 20 0 81 0 0 20 0 77 0 0 22 0 70 0 1 71 38 114 36 33 
0 0 25 0 0 0 10 0 0 0 0 13 0 0 0 0 0 0 0 3 0 0 11 0 0 
0 62 57 0 0 0 52 46 0 0 20 103 77 21 21 31 108 58 40 42 0 61 53 0 0 
19 0 81 0 40 58 43 109 39 69 19 0 70 0 10 9 0 87 0 10 26 0 91 0 15 
0 2120 0 0 0 0 2164 0 0 0 0 2052 0 0 0 0 2145 0 0 0 0 2086 0 0 0 
25 165 146 26 17 95 239 222 108 96 2 194 153 2 0 39 243 187 79 52 5 149 103 0 0 
83 142 123 0 0 68 138 141 0 0 88 162 148 0 0 89 156 147 0 0 87 173 141 0 0 
0 93 0 114 0 95 160 72 189 93 70 150 44 149 42 0 79 0 113 0 0 89 0 87 0 
0 0 0 0 0 1279 1243 1241 1211 1263 0 0 0 0 0 0 0 0 0 0 0 0 0 0 0 
0 0 80 125 0 0 0 75 106 0 0 0 81 127 0 0 0 81 125 0 0 0 72 128 0 
156 68 59 94 45 167 63 52 118 66 101 0 0 45 0 92 0 0 42 0 98 0 0 47 0 
0 122 0 0 86 0 146 0 0 71 0 156 1 0 89 0 135 0 0 75 0 136 0 0 101 
154 274 164 241 97 58 171 24 104 0 302 411 262 413 160 106 274 87 172 25 205 346 268 322 120 
83 80 269 275 82 0 0 190 198 0 91 99 259 284 84 0 0 156 183 1 4 9 189 188 14 
136 118 119 140 243 8 27 3 6 159 9 11 5 5 144 219 222 176 188 370 223 239 229 209 373 
0 64 0 0 0 0 50 0 0 0 0 64 0 0 0 8 65 5 8 3 157 191 158 134 156 
88 33 55 26 66 63 0 17 0 65 67 0 26 0 43 118 5 21 0 61 193 135 141 132 179 
202 56 0 95 0 205 56 0 102 0 205 47 0 102 0 192 58 0 110 0 202 48 0 118 0 
55 0 0 0 0 61 0 0 0 0 64 0 0 0 0 202 133 145 146 141 52 0 0 0 0 
0 0 1475 0 0 0 0 1485 0 0 0 0 1377 0 0 0 0 1502 0 0 0 0 1456 0 0 
75 4 12 54 27 100 65 56 111 78 96 64 70 80 91 62 22 22 69 36 58 0 0 31 15 
126 140 150 108 204 0 0 10 0 45 68 84 87 74 125 0 0 24 0 52 0 0 11 0 60 
44 86 0 113 0 141 189 99 214 83 113 125 84 204 92 51 83 0 103 0 38 66 0 102 0 
89 87 79 78 135 82 76 75 62 95 1 24 0 0 49 0 19 0 0 26 49 66 57 48 87 
0 80 0 0 0 31 151 34 34 31 40 155 36 33 36 27 131 23 27 36 41 127 49 39 57 
33 11 41 34 0 103 71 112 112 63 43 21 47 37 0 47 9 44 35 0 41 20 37 39 0 
143 0 0 0 0 134 0 0 0 0 222 79 98 103 109 122 0 0 0 0 134 0 0 0 0 
0 0 0 0 833 0 0 0 0 787 0 0 0 0 843 0 0 0 0 836 0 0 0 0 778 
159 157 0 200 78 159 127 0 190 86 223 218 60 265 153 140 138 1 213 105 146 178 0 237 70 
140 0 0 0 0 265 100 90 85 78 170 0 0 0 0 155 0 0 0 0 153 0 0 0 0 
0 0 0 0 0 72 55 70 64 70 0 0 0 0 0 140 116 136 141 135 0 0 0 0 0 
0 22 0 156 0 36 63 53 209 35 0 22 0 144 0 0 16 0 141 0 0 25 0 174 0 
139 61 118 113 156 94 0 91 42 66 82 0 104 78 83 185 111 178 131 176 74 1 54 39 62 
57 63 66 160 136 37 29 34 101 97 0 0 0 92 73 0 0 0 60 61 7 11 11 87 73 
0 10 69 0 0 89 107 193 96 98 0 9 78 1 0 69 86 183 54 76 0 5 72 0 0 
200 0 184 0 0 200 2 170 0 0 198 1 180 4 1 171 0 178 0 0 203 18 178 10 10 
310 111 322 116 188 330 151 381 187 220 358 152 370 210 242 204 17 200 59 118 210 37 250 29 94 
65 152 68 83 66 0 86 0 27 0 17 128 29 33 27 0 107 0 17 0 0 75 0 22 0 
0 0 33 0 58 35 45 77 43 113 55 74 89 53 121 0 0 33 0 61 0 0 49 0 58 
0 0 18 0 234 0 0 14 0 217 0 0 30 0 206 0 0 29 0 216 0 0 29 0 227 
0 0 0 53 0 0 0 0 65 0 58 62 46 150 46 0 0 0 61 0 87 89 91 170 90 
97 0 0 104 0 127 0 0 123 0 110 0 0 112 0 106 0 0 125 0 112 0 0 127 0 
0 36 82 67 0 91 149 170 164 91 167 216 233 196 146 15 56 107 93 7 66 84 114 105 28 
109 144 121 120 232 0 0 0 0 83 0 0 0 0 91 24 24 30 24 110 0 0 0 0 89 
145 234 147 147 156 0 135 0 0 0 94 202 93 99 88 3 119 8 0 4 118 229 90 88 89 
136 126 76 78 78 76 45 0 0 0 86 47 3 4 8 63 47 0 0 0 71 56 0 0 0 
0 130 0 0 0 41 191 64 66 73 0 137 0 0 0 69 225 99 95 75 0 124 0 0 0 
0 0 0 0 0 0 0 0 0 0 0 0 0 0 0 0 0 0 0 0 431 403 434 422 385 
0 0 34 0 0 72 79 91 74 87 0 0 31 0 0 76 75 85 59 78 18 25 57 22 26 
7 15 16 17 52 0 0 0 0 36 83 81 73 69 100 0 0 0 0 35 71 98 76 77 109 
0 0 0 142 0 0 0 0 127 0 0 0 0 151 1 0 0 0 155 0 82 82 84 212 88 
0 68 0 34 72 2 64 0 39 77 0 56 0 35 90 2 60 0 32 73 19 77 25 56 112 
0 129 0 0 0 0 119 0 0 0 0 114 0 0 0 0 100 0 0 2 107 201 109 112 105 
0 19 0 23 1 81 76 79 68 79 55 46 61 61 67 0 0 0 0 0 89 106 108 121 108 
0 0 117 55 0 43 45 155 106 50 0 0 102 39 0 0 0 89 38 0 0 0 126 35 0 
59 0 0 0 0 126 62 61 76 69 99 20 18 20 15 131 47 46 52 41 58 0 0 0 0 
83 35 33 111 37 39 0 0 91 0 48 0 0 85 0 83 35 30 120 32 55 0 0 83 0 
0 0 26 27 0 0 0 15 39 0 104 100 115 122 101 0 0 18 36 0 0 0 26 40 0 
35 0 0 84 109 109 84 77 152 202 24 1 0 90 111 56 21 27 76 95 25 27 46 88 111 
0 7 57 113 8 0 0 49 79 0 47 30 115 122 47 28 44 73 121 39 0 0 50 80 0 
48 5 41 43 10 38 4 33 35 18 110 67 109 100 79 63 16 38 44 15 45 0 41 38 4 
50 0 63 0 60 44 0 71 0 61 32 0 81 0 87 115 59 115 69 129 35 0 63 0 66 
102 22 192 98 54 78 11 163 85 33 65 0 139 36 16 188 87 258 151 128 106 20 199 85 62 
1 84 151 20 127 131 173 320 123 242 31 110 201 47 163 0 28 168 1 112 88 145 235 118 192 
33 30 33 77 73 59 55 54 114 106 0 0 0 42 35 0 0 0 27 36 106 127 134 160 146 
22 31 0 98 0 38 61 0 121 0 102 79 49 148 70 31 46 0 125 0 50 36 0 92 0 
0 0 62 0 0 164 161 214 152 176 0 0 60 0 0 0 0 76 0 0 0 0 68 0 0 
12 4 0 0 76 17 0 0 0 71 81 83 70 59 148 21 17 17 11 87 112 145 121 130 169 
88 20 17 7 28 130 81 95 84 101 148 107 105 109 116 60 0 6 0 22 47 15 16 8 42 
19 102 72 22 36 0 91 70 6 6 0 74 41 0 22 0 82 50 6 12 51 129 111 42 87 
149 187 91 98 98 74 62 43 18 21 38 51 15 0 0 39 52 13 0 0 31 43 16 0 0 
82 93 14 21 19 52 55 0 0 1 60 75 18 2 14 71 79 41 44 52 102 88 54 34 49 
34 72 42 69 26 0 60 11 41 15 2 49 11 46 19 0 42 14 28 12 34 98 63 94 75 
0 0 57 27 11 0 0 48 36 0 0 0 45 37 5 43 53 125 96 58 53 49 103 94 60 
29 38 26 22 31 0 0 0 0 0 71 59 57 62 55 0 0 0 0 0 120 107 99 114 109 
39 29 32 31 38 0 0 14 0 0 0 0 18 0 0 46 40 74 51 45 108 86 121 120 107 
36 41 109 54 49 2 0 55 7 0 61 50 132 54 41 0 0 53 1 0 0 1 59 24 0 
0 0 180 32 0 0 0 141 23 0 19 20 155 37 17 0 0 166 22 0 0 0 161 23 0 
46 89 0 0 0 85 113 48 32 34 78 128 19 16 9 87 136 45 39 46 38 75 0 0 0 
102 126 77 61 68 15 51 3 0 0 83 148 71 57 60 46 79 29 22 17 28 62 0 0 0 
0 125 123 174 0 0 136 125 179 0 0 116 134 179 0 0 119 124 166 0 0 135 131 184 0 
14 0 0 181 0 10 0 0 120 0 121 85 113 240 99 18 0 0 141 0 21 1 0 131 0 
137 153 20 84 104 171 251 104 97 195 140 187 91 100 137 100 120 15 35 96 241 291 134 160 212 
70 190 136 91 103 7 54 68 9 2 33 95 101 38 32 25 86 59 15 29 0 80 52 0 0 
4 25 14 0 71 16 31 23 5 113 4 15 11 8 52 67 81 67 48 167 29 41 41 37 99 
714 573 553 453 478 471 249 275 221 255 483 342 348 232 266 373 171 168 66 129 567 370 423 324 336 
86 63 0 7 0 181 175 82 86 80 73 86 0 0 0 103 85 21 16 19 76 55 0 0 0 
167 300 112 130 124 235 361 131 223 153 108 264 81 131 65 44 193 0 30 0 85 226 72 90 39 
0 0 0 0 56 0 0 0 0 63 0 0 0 0 76 0 0 0 0 62 148 168 155 164 210 
77 7 41 0 13 145 12 69 29 34 183 77 129 57 65 196 89 155 81 123 145 26 60 22 32 
150 0 0 54 0 156 0 0 55 0 141 0 0 40 0 168 0 0 46 0 149 0 0 41 0 
149 128 161 265 131 44 0 75 137 4 74 33 106 190 61 32 3 96 93 36 41 0 78 97 3 
54 102 69 155 144 0 9 4 81 46 0 13 4 52 55 0 12 10 80 45 28 38 24 92 54 
128 117 95 117 38 203 167 150 151 129 97 73 67 81 15 237 175 196 168 145 175 171 162 129 98 
61 120 52 57 57 0 45 0 0 0 6 70 4 5 4 0 56 0 0 0 79 146 63 80 68 
0 0 0 20 0 0 0 0 22 0 0 0 0 21 0 0 0 0 18 0 177 189 216 220 213 
26 0 0 9 32 94 87 77 85 104 25 0 0 0 31 23 0 0 0 35 29 0 0 3 28 
57 4 51 116 83 24 2 31 100 86 70 26 53 137 107 23 1 35 96 89 130 79 118 183 195 
0 100 73 0 94 0 88 81 0 101 0 129 61 0 77 0 103 82 0 100 0 126 83 0 94 
51 25 59 42 37 79 55 100 64 57 26 20 40 21 12 60 49 117 79 51 10 0 33 0 0 
80 0 0 0 54 73 0 0 0 50 89 0 0 0 62 67 0 0 0 51 177 90 81 98 154 
92 155 23 155 136 73 148 15 144 143 46 93 4 135 81 198 284 164 282 218 131 250 129 233 199 
69 87 96 76 61 10 36 39 12 9 0 13 43 0 0 58 67 84 50 45 21 29 55 18 12 
0 0 0 153 39 0 0 0 171 28 30 33 21 169 56 0 0 0 174 41 0 0 0 147 44 
0 0 0 150 14 158 134 133 339 183 1 0 0 171 15 124 125 119 279 115 1 0 0 136 8 
34 129 148 139 51 15 102 128 161 23 55 131 139 167 64 40 164 155 199 76 78 127 151 196 73 
0 0 0 1300 0 0 0 0 1286 0 0 0 0 1317 0 0 0 1 1376 1 0 0 0 1305 0 
195 0 0 0 0 197 13 18 17 20 178 0 0 0 0 196 0 0 0 0 166 0 0 0 0 
92 0 0 0 0 116 0 0 0 0 122 0 0 0 0 102 0 0 0 0 206 88 85 89 99 
213 25 72 42 42 148 0 17 0 0 258 84 125 104 116 289 157 205 181 163 211 110 96 75 81 
10 12 0 0 0 0 44 0 6 0 0 0 0 0 0 0 0 0 0 12 0 0 0 0 0 
72 126 160 130 117 0 0 46 0 0 0 0 83 0 0 0 0 63 0 0 279 237 294 264 256 
2 8 4 72 203 122 138 126 210 351 0 34 0 89 244 0 13 0 86 246 114 149 118 177 304 
8 8 82 3 234 3 0 64 8 190 115 103 179 131 301 146 153 245 190 348 2 1 63 3 211 
174 293 323 259 106 218 312 358 271 130 167 279 285 223 149 82 202 249 166 51 50 196 217 165 25 
95 0 0 2 0 83 0 0 4 0 99 0 0 0 0 100 0 0 0 0 122 15 23 41 29 
0 0 193 0 36 0 0 225 0 29 0 0 186 0 25 0 0 174 0 24 0 0 179 0 28 
0 0 45 51 0 66 52 99 84 58 0 0 35 31 0 55 45 91 73 43 39 30 76 68 32 
589 594 616 645 593 0 0 0 0 0 0 0 0 0 0 0 0 0 0 0 0 0 0 0 0 
55 79 47 42 68 5 53 6 2 32 52 79 44 35 71 0 40 0 0 33 8 65 1 0 34 
0 4 84 25 51 5 0 0 0 0 0 0 0 0 0 0 0 5 0 0 0 0 1 0 0 
0 0 0 37 0 79 66 50 102 59 0 0 0 25 0 47 48 63 94 55 45 52 44 99 40 
