822 766 545 600 660 1016 1081 929 875 912 650 687 480 618 689 988 965 879 949 964 597 467 356 411 613 
194 140 192 180 168 0 0 0 0 0 131 84 132 120 118 0 0 0 0 0 0 0 0 0 0 
199 67 41 266 278 113 0 1 177 190 190 70 29 281 288 128 0 0 156 173 129 3 7 187 194 
129 1 123 174 151 209 57 209 252 240 323 135 302 361 348 229 44 164 247 229 156 0 129 219 169 
189 57 138 150 56 136 12 92 108 4 125 29 97 119 27 119 5 63 121 0 282 194 270 328 178 
128 7 24 0 100 113 7 20 0 132 227 112 113 87 204 192 78 112 65 177 276 128 149 131 297 
0 0 0 0 0 0 0 0 0 0 1013 1025 972 1000 1042 0 0 0 0 0 0 0 0 0 0 
0 0 0 312 0 1 0 7 265 1 125 122 117 420 132 132 126 110 441 158 0 0 0 253 0 
14 9 13 187 3 0 0 0 184 0 38 44 38 180 31 0 0 0 159 0 4 4 3 186 2 
0 0 0 0 0 0 0 0 0 0 0 0 0 0 0 63 68 80 68 82 185 167 166 197 169 
69 102 68 56 186 0 14 0 0 93 0 3 0 0 109 0 3 0 0 110 79 79 83 64 159 
158 157 167 166 171 0 0 0 0 0 0 0 0 0 0 0 0 0 0 0 88 87 78 68 95 
0 0 0 0 0 0 0 0 0 0 0 0 0 0 0 446 442 431 421 433 196 192 191 192 209 
0 199 0 0 81 0 164 0 0 96 132 324 151 135 210 0 188 0 0 95 0 213 0 0 77 
821 0 0 0 0 808 0 1 0 0 807 0 0 0 0 834 0 0 0 0 846 0 0 0 0 
30 7 211 141 165 41 16 208 171 177 119 117 294 233 209 229 189 409 354 346 136 95 276 209 291 
72 120 79 139 63 59 84 63 107 64 0 35 0 52 0 36 96 51 83 37 0 42 0 42 0 
31 8 12 9 20 136 120 117 122 123 29 0 0 0 15 29 0 0 0 25 119 123 96 102 142 
0 0 143 0 0 0 0 140 1 0 0 0 137 0 0 136 120 234 113 126 0 0 141 0 0 
0 86 48 56 0 0 99 46 57 0 45 118 117 116 39 0 80 64 53 0 0 88 71 48 0 
0 1 0 1 156 161 119 125 151 268 151 130 129 140 243 1 1 0 0 127 80 95 100 104 219 
0 0 0 0 0 0 0 0 0 0 0 0 0 0 0 1044 1104 1116 1081 1031 0 0 0 0 0 
0 20 55 149 0 0 21 57 126 0 0 20 50 155 0 0 19 55 155 0 0 15 55 168 0 
63 47 0 0 0 84 68 15 18 14 136 87 41 35 27 88 61 0 0 0 96 90 22 23 29 
86 128 84 166 163 12 50 27 69 75 14 58 27 80 91 0 44 0 66 79 0 40 0 68 73 
123 111 141 62 0 126 122 204 92 3 318 311 349 297 221 146 121 163 79 2 308 247 361 252 164 
84 7 10 96 12 78 0 0 116 0 224 162 148 242 136 73 0 0 108 0 117 44 46 182 41 
128 109 49 52 36 167 118 60 65 43 55 59 19 0 0 96 90 20 15 17 87 52 11 0 0 
0 0 148 57 0 0 0 166 59 0 0 0 200 60 0 0 0 174 50 0 0 0 156 44 0 
140 173 191 138 122 0 59 79 0 0 0 51 66 0 0 40 71 96 37 32 0 41 99 0 0 
85 68 86 95 75 121 149 128 146 123 31 55 57 48 51 0 0 0 0 0 0 0 0 0 0 
0 0 0 165 0 0 0 0 173 0 236 236 224 405 248 0 0 0 166 0 0 0 0 153 0 
0 0 0 0 0 170 140 182 140 149 0 0 0 0 0 0 0 0 0 0 84 58 76 73 86 
120 1 0 79 40 136 55 48 126 110 238 100 100 176 159 91 0 0 82 43 199 88 89 180 127 
0 106 0 0 0 0 99 0 0 0 0 77 0 0 0 144 182 96 151 106 70 158 46 61 59 
0 0 128 0 0 108 105 213 122 121 0 0 110 0 0 8 11 114 4 9 16 14 104 9 15 
257 247 192 258 125 119 128 68 117 0 78 114 54 90 0 249 240 157 265 108 118 117 73 115 0 
0 0 0 0 0 37 39 34 24 25 0 0 0 0 0 81 87 83 77 122 115 107 109 109 148 
0 233 0 207 0 0 188 0 205 0 8 207 6 203 7 0 192 0 201 0 0 203 0 209 0 
0 47 0 138 0 0 53 0 152 0 0 51 1 150 0 69 156 83 218 93 0 64 0 141 0 
0 0 0 0 76 88 76 83 61 133 95 73 76 88 127 0 0 0 0 73 0 0 0 0 78 
112 318 348 60 259 48 191 269 9 175 114 283 385 54 257 91 317 334 81 267 215 358 434 178 332 
0 61 37 0 107 23 77 55 17 110 31 95 101 51 100 0 72 27 0 77 0 73 32 0 85 
117 108 110 140 128 15 0 0 34 0 13 0 0 43 0 17 0 0 46 0 84 72 71 121 84 
79 0 70 0 0 70 0 82 0 0 126 58 117 53 58 110 18 84 15 14 73 0 85 0 0 
0 19 87 0 101 0 12 74 0 112 0 19 79 0 116 0 16 96 0 145 0 15 75 0 109 
29 69 165 95 31 51 75 178 119 62 0 42 125 41 0 49 87 167 125 48 0 24 115 66 0 
0 66 0 0 0 0 74 0 0 0 122 238 114 140 127 0 91 0 0 0 15 84 19 26 29 
0 0 0 79 0 67 73 55 143 89 0 0 0 76 0 0 0 0 90 0 77 75 69 168 73 
49 0 91 48 0 57 0 109 53 0 60 0 93 49 0 46 0 102 54 0 45 0 98 45 0 
82 51 0 30 0 116 81 17 50 25 101 98 0 28 0 118 58 0 44 0 96 60 0 35 0 
0 0 0 0 30 200 200 200 213 237 0 0 0 0 41 0 0 0 0 44 0 0 0 0 38 
112 57 68 138 95 78 46 69 122 89 28 0 0 62 13 45 0 0 62 12 45 16 11 76 32 
31 86 10 7 11 18 83 0 0 0 23 105 0 0 0 158 218 163 142 142 29 115 0 0 0 
0 0 0 21 0 186 170 197 198 164 0 0 0 23 0 0 0 0 22 0 0 0 0 19 0 
71 79 133 138 89 0 0 52 63 0 0 0 74 60 0 0 0 67 53 0 0 0 59 62 0 
63 56 59 48 68 41 0 0 0 11 76 62 48 48 72 30 0 0 0 22 92 49 45 49 60 
0 0 30 0 76 9 6 40 13 96 0 0 34 0 77 12 7 47 8 104 88 84 132 67 165 
589 593 613 648 597 0 0 0 0 0 0 0 0 0 0 0 0 0 0 0 0 0 0 0 0 
60 120 146 78 79 32 90 100 32 29 0 38 77 0 0 0 40 82 0 0 0 45 70 0 0 
0 0 115 0 0 0 0 96 0 0 81 122 213 119 108 0 0 89 0 0 0 0 112 0 0 
89 105 33 49 119 33 38 0 0 76 37 52 0 0 60 39 41 0 0 65 51 40 0 0 70 
0 49 0 22 36 59 115 57 80 94 0 59 0 27 38 0 55 0 39 40 26 65 22 52 63 
9 7 99 5 12 0 0 88 0 0 0 0 83 0 0 36 39 122 28 29 76 80 152 59 85 
0 0 0 53 76 95 85 65 128 172 0 0 0 48 74 0 0 0 38 88 0 0 0 47 75 
107 193 91 80 95 23 125 0 0 0 24 131 0 0 2 25 85 0 0 0 24 90 0 0 0 
66 30 97 35 95 19 0 40 3 59 13 0 38 0 65 16 0 51 7 60 12 0 36 12 66 
48 0 30 0 5 54 8 24 0 0 64 44 64 37 51 95 46 65 37 32 162 105 140 138 112 
52 15 103 21 36 25 0 72 0 0 19 0 64 0 0 18 0 60 0 0 40 0 66 0 0 
0 3 33 17 6 0 1 0 0 0 0 8 9 0 0 0 0 0 0 0 7 0 0 0 0 
0 62 66 0 0 0 67 51 0 0 21 104 77 21 21 32 109 61 40 42 0 62 55 0 0 
27 0 84 0 39 61 43 119 39 74 19 0 79 0 24 24 0 89 0 15 31 0 94 0 21 
0 2117 0 0 0 0 2198 0 0 0 0 2058 0 0 0 0 2130 0 0 0 0 2068 0 0 0 
22 124 118 20 19 79 223 221 90 104 0 130 157 3 0 40 215 183 90 48 10 126 115 0 0 
65 105 89 0 0 58 127 120 0 0 68 128 114 0 0 77 130 112 0 0 61 127 117 0 0 
0 97 0 120 0 71 184 65 206 105 68 172 36 158 54 0 87 0 118 0 0 119 0 112 0 
0 0 0 0 0 1286 1242 1245 1211 1270 0 0 0 0 0 0 0 0 0 0 0 0 0 0 0 
0 0 91 144 0 0 0 85 114 0 0 0 97 155 0 0 0 95 147 0 0 0 85 147 0 
133 44 51 82 37 132 46 51 96 55 81 0 0 38 0 71 0 0 33 0 85 0 0 41 0 
0 113 0 0 73 0 133 0 0 66 0 141 0 0 80 0 124 0 0 64 0 133 0 0 91 
132 197 146 192 97 67 124 17 106 3 243 335 216 316 128 100 197 78 165 30 143 252 224 234 96 
96 82 288 275 86 0 0 191 194 0 112 99 280 296 94 0 0 165 186 1 5 11 192 179 5 
163 148 124 163 280 10 27 3 22 187 17 15 9 16 177 230 226 199 217 386 234 256 264 257 407 
0 67 0 0 0 0 58 0 0 0 0 67 0 0 0 9 69 5 9 3 170 206 166 142 168 
59 30 44 16 54 54 11 27 0 57 57 10 36 0 31 88 11 28 3 55 160 136 133 105 147 
202 69 0 102 0 206 64 0 107 0 204 51 0 104 0 188 66 0 110 0 196 56 0 116 0 
55 0 0 0 0 62 0 0 0 0 64 0 0 0 0 208 134 146 146 143 52 0 0 0 0 
0 0 1439 0 0 0 0 1459 0 0 0 0 1355 0 0 0 0 1464 0 0 0 0 1430 0 0 
59 2 7 41 20 84 52 44 88 59 76 58 54 66 69 55 24 19 55 26 49 0 1 24 11 
142 150 146 98 207 0 1 8 0 47 71 89 85 76 132 0 0 19 0 51 0 0 16 0 61 
44 84 0 112 0 137 184 101 211 83 112 127 88 210 92 53 80 0 104 0 40 67 0 109 0 
78 91 70 92 151 86 94 77 70 129 0 27 0 0 54 0 23 0 0 41 57 93 54 55 91 
0 70 0 0 1 34 141 36 37 29 44 151 36 43 41 29 126 25 32 39 43 134 49 36 49 
33 11 41 34 0 103 71 112 112 63 42 21 47 37 0 47 9 44 35 0 41 20 37 39 0 
157 0 0 0 0 152 0 0 0 0 247 82 113 116 119 133 0 0 0 0 144 0 0 0 0 
0 0 0 0 822 0 0 0 0 778 0 0 0 0 831 0 0 0 0 822 0 0 0 0 763 
123 106 1 170 56 127 112 9 164 65 173 169 36 229 96 122 117 13 177 84 138 153 8 201 70 
122 0 0 0 0 257 98 94 84 73 152 0 0 0 0 149 0 0 0 0 141 0 0 0 0 
0 0 0 0 0 72 54 70 64 70 0 0 0 0 0 140 116 137 141 135 0 0 0 0 0 
0 22 0 160 0 33 58 49 198 34 0 20 0 147 0 0 16 0 151 0 1 22 0 176 0 
113 57 126 131 189 68 0 88 66 72 53 0 99 85 85 133 82 146 144 159 30 0 62 66 63 
55 59 68 152 128 40 26 42 100 86 0 0 0 83 64 0 0 0 56 58 8 15 9 87 68 
0 11 63 0 0 77 96 169 87 92 0 9 75 0 0 61 74 156 56 57 0 7 64 0 0 
205 13 195 0 0 209 8 177 0 0 206 8 194 4 1 188 6 190 0 0 217 26 183 10 10 
279 99 313 111 175 314 135 362 171 193 318 153 379 190 210 194 24 193 26 105 212 59 240 26 115 
66 161 75 90 68 0 90 0 29 0 18 133 28 35 31 0 107 0 18 0 0 79 0 24 0 
0 0 33 0 58 35 45 78 44 113 55 74 89 53 121 0 0 33 0 61 0 0 49 0 58 
0 0 17 0 217 0 0 16 0 210 0 0 34 0 205 0 0 32 0 199 0 0 31 0 215 
0 0 0 50 0 0 0 0 59 0 54 59 45 140 45 0 0 0 59 0 85 78 82 158 86 
88 0 0 96 0 111 0 0 111 0 100 0 0 94 0 92 0 0 113 0 98 0 0 109 0 
4 46 100 76 7 95 161 177 173 108 157 207 236 208 150 6 56 111 102 10 56 95 124 111 21 
103 137 123 117 241 0 0 0 0 78 0 0 0 0 80 22 26 28 27 118 0 0 0 0 88 
138 260 158 143 153 0 136 0 0 0 83 217 94 92 83 0 115 0 0 1 104 238 95 77 88 
137 138 82 85 82 79 50 0 0 0 90 50 4 5 8 65 51 0 0 0 73 57 0 0 0 
0 137 0 0 0 45 191 61 76 87 0 154 0 0 0 79 228 103 117 76 0 132 0 0 0 
0 0 0 0 0 0 0 0 0 0 0 0 0 0 0 0 0 0 0 0 416 387 420 403 374 
0 0 37 0 0 73 79 92 75 87 0 0 31 0 0 77 75 85 59 79 19 25 59 22 26 
8 15 12 17 52 0 0 0 0 37 79 79 70 69 99 0 0 0 0 33 68 97 74 73 104 
0 0 0 137 0 0 0 0 125 0 0 0 0 141 0 0 0 0 153 0 85 79 87 214 88 
0 68 0 32 72 0 62 0 37 75 0 54 0 34 91 0 60 0 31 73 19 78 25 51 112 
0 112 0 0 0 0 108 0 0 0 0 107 0 0 0 0 97 0 0 0 99 187 101 105 93 
0 0 0 31 0 89 59 88 90 82 67 16 63 73 63 0 0 0 22 0 100 94 106 141 109 
0 0 117 55 0 43 45 155 106 50 0 0 101 39 0 0 0 89 38 0 0 0 126 35 0 
59 0 0 0 0 126 62 61 76 69 99 20 18 20 15 131 47 46 52 41 58 0 0 0 0 
83 35 33 111 37 39 0 0 91 0 47 0 0 84 0 83 35 30 120 32 55 0 0 83 0 
0 0 50 42 0 0 0 38 35 0 101 99 131 122 97 0 0 46 40 0 0 0 48 39 0 
32 0 0 66 96 101 69 67 121 174 32 0 5 85 97 47 19 22 70 86 31 26 39 86 104 
3 6 50 100 8 0 0 49 78 0 51 29 110 120 49 28 43 70 114 38 0 0 49 87 0 
68 4 67 70 12 64 0 48 68 30 168 81 139 167 122 96 16 50 76 21 64 0 47 57 2 
41 0 61 0 59 41 0 63 0 57 32 0 71 0 75 101 60 115 70 127 31 0 60 0 65 
101 18 179 97 43 82 10 173 98 33 81 0 127 36 9 195 67 210 155 123 110 29 200 82 62 
11 78 149 37 103 94 183 265 102 229 28 119 193 59 177 0 42 149 1 108 74 141 227 97 193 
23 25 33 73 54 56 47 45 97 100 0 0 0 39 32 0 0 0 29 20 92 104 119 155 129 
18 31 0 82 0 26 47 0 103 0 76 72 38 129 52 25 37 0 102 0 38 33 0 78 0 
0 0 55 0 0 171 153 224 156 183 0 0 61 0 0 0 0 74 0 0 0 0 72 0 0 
15 7 0 0 84 18 0 0 1 74 76 81 63 53 155 27 26 22 15 98 119 161 139 138 190 
65 8 11 4 21 100 70 68 74 77 110 85 94 98 92 47 0 5 0 8 38 10 8 2 21 
18 92 65 15 29 0 81 62 5 5 0 67 39 0 18 0 73 47 5 10 43 116 93 38 76 
153 203 106 108 117 83 66 45 17 22 41 48 19 0 0 45 53 19 0 0 42 40 17 0 0 
85 96 18 18 19 58 53 0 0 1 68 84 19 3 12 83 91 41 40 51 100 99 53 25 52 
37 74 42 71 29 0 60 9 41 16 0 48 8 45 19 0 41 12 31 13 38 103 63 96 76 
0 0 56 26 11 0 0 45 34 3 0 0 44 40 6 43 53 122 94 61 54 50 100 93 63 
27 37 26 22 30 0 0 0 0 0 71 59 57 62 55 0 0 0 0 0 120 103 95 113 108 
43 34 40 33 43 0 0 17 0 0 0 0 18 0 0 55 45 90 59 53 136 110 143 149 123 
39 45 109 47 49 3 2 59 11 9 60 53 132 57 49 0 0 53 1 0 0 2 60 24 7 
0 0 180 32 0 0 0 141 23 0 19 20 155 37 18 0 0 166 23 0 0 0 162 23 0 
43 70 0 0 0 66 93 38 30 29 67 108 17 14 9 79 118 37 37 41 37 66 0 0 0 
87 122 66 53 62 14 44 1 0 0 76 130 65 54 56 37 69 26 16 13 23 56 0 0 0 
0 116 108 163 0 0 126 119 164 1 0 107 120 166 2 0 116 113 155 0 0 127 118 165 0 
12 0 0 132 0 9 0 0 94 0 91 65 87 186 83 11 0 0 97 0 18 1 0 105 0 
62 84 53 53 80 15 65 12 8 38 51 85 45 40 71 7 41 0 0 36 15 70 10 12 40 
169 218 37 133 160 246 322 100 133 226 195 260 95 151 181 112 178 30 57 89 296 353 162 227 286 
89 193 150 103 115 8 44 59 17 3 37 90 120 36 36 28 81 67 14 30 0 88 60 0 0 
13 25 12 8 79 16 36 28 8 110 7 22 13 7 52 66 92 75 48 163 32 35 29 28 93 
702 570 571 422 542 512 271 341 233 247 504 339 377 193 328 395 187 174 80 176 593 407 434 354 353 
88 67 4 3 0 175 155 64 79 76 69 83 0 0 0 100 83 23 18 20 69 65 0 0 0 
164 307 120 144 116 262 374 160 220 178 134 279 75 139 83 39 191 1 27 0 98 215 53 76 30 
0 0 0 0 56 0 0 0 0 61 0 0 0 0 73 0 0 0 0 62 157 181 153 174 213 
60 0 31 0 8 117 12 56 25 31 123 45 86 47 52 142 67 126 61 86 118 20 43 18 20 
150 0 0 54 0 156 0 0 55 0 141 0 0 40 0 168 0 0 46 0 149 0 0 41 0 
174 137 171 278 130 40 0 89 137 0 103 48 144 205 73 55 9 98 113 25 50 0 92 97 1 
61 101 76 150 139 0 10 4 88 43 0 16 7 54 50 0 13 8 77 48 27 40 25 85 53 
148 130 106 112 36 187 173 150 147 131 119 78 65 80 7 243 172 181 146 110 172 183 154 103 74 
58 130 51 57 53 0 55 0 0 0 6 80 4 5 4 0 64 0 0 0 76 154 62 76 65 
0 0 0 16 0 0 0 0 18 0 0 0 0 18 0 0 0 0 18 0 164 173 198 200 194 
42 8 0 22 32 111 88 77 94 100 41 2 0 17 36 37 0 0 8 40 42 2 0 21 28 
52 0 53 98 87 21 3 29 92 82 69 27 52 141 110 17 0 38 81 92 122 78 116 185 199 
0 87 79 0 84 0 86 79 0 88 0 104 58 0 63 0 86 76 0 87 0 111 80 0 92 
42 20 53 36 30 69 51 92 54 53 21 15 35 18 12 54 41 102 68 49 6 0 32 0 0 
75 0 0 0 52 67 0 0 0 50 88 0 0 0 60 70 0 0 0 52 178 96 89 93 156 
69 112 15 128 78 60 138 20 144 120 40 88 2 127 67 176 248 171 257 184 129 214 122 229 181 
84 105 113 91 86 12 36 41 15 9 0 16 52 0 0 63 78 94 55 58 23 38 62 21 17 
0 0 0 167 47 0 0 0 183 32 32 32 17 177 68 0 0 0 180 36 0 0 0 156 40 
0 0 0 142 13 145 131 123 312 164 0 0 0 159 15 113 124 112 245 107 1 0 0 134 9 
47 142 185 169 59 45 137 192 202 42 88 167 201 197 80 75 226 216 248 121 107 187 216 266 102 
0 0 0 1271 0 0 1 0 1274 0 0 0 0 1286 0 0 1 1 1347 1 0 0 0 1292 0 
195 0 0 0 0 197 13 18 16 20 178 0 0 0 0 196 0 0 0 0 165 0 0 0 0 
92 0 0 0 0 117 0 0 0 0 122 0 0 0 0 102 0 0 0 0 206 88 85 89 99 
206 13 106 35 22 181 0 19 1 0 365 106 107 97 93 374 220 279 196 199 262 59 68 43 66 
24 30 0 0 0 0 48 0 0 18 1 23 0 0 14 0 0 0 0 0 0 11 0 0 0 
79 109 142 140 119 0 0 50 0 0 0 0 84 0 0 0 0 59 0 0 214 237 277 255 232 
3 13 0 87 218 118 123 119 205 340 0 23 0 94 242 0 4 0 89 241 113 136 114 182 298 
10 19 97 5 225 7 0 64 7 165 104 96 174 112 266 139 138 222 165 330 2 0 68 1 182 
141 281 274 199 103 177 283 323 193 106 144 273 279 146 127 59 213 251 107 12 58 219 237 127 29 
0 0 209 0 38 0 0 226 0 32 0 0 218 0 31 0 0 191 0 25 0 0 193 0 31 
98 0 0 11 0 84 0 0 4 0 104 0 0 14 0 101 0 0 3 0 123 15 22 40 28 
15 0 40 35 32 0 0 0 22 29 0 0 0 0 0 5 0 1 0 0 0 0 8 0 0 
0 0 45 51 0 66 46 94 87 55 0 0 35 32 0 52 44 94 73 42 38 28 71 62 24 
0 0 0 39 0 79 68 49 108 58 0 0 0 27 0 48 51 65 94 57 45 51 46 99 40 
