968 917 849 826 906 1161 1144 1196 1102 1129 760 725 707 702 857 1051 1020 1035 1098 1103 693 531 555 508 695 
166 157 171 168 172 0 0 0 0 0 133 84 121 104 99 0 0 0 0 0 0 0 0 0 0 
152 47 46 228 262 101 0 0 135 184 169 39 27 241 262 55 0 0 108 142 80 0 0 157 158 
336 46 147 105 140 227 0 43 4 24 449 102 239 159 193 494 223 362 258 299 291 54 120 67 94 
0 0 1 36 0 88 65 63 116 67 0 2 0 29 0 58 50 78 114 65 49 49 51 116 45 
182 44 103 123 22 161 7 93 101 1 156 24 68 123 11 143 0 54 109 0 322 198 287 309 194 
110 6 20 0 98 100 0 19 0 115 200 96 107 83 186 185 75 96 67 159 229 105 129 112 243 
0 0 0 0 0 0 0 0 0 0 1043 1047 998 1024 1069 0 0 0 0 0 0 0 0 0 0 
0 0 0 264 0 0 0 5 242 0 116 106 98 367 117 108 107 89 388 130 0 0 0 238 0 
20 9 18 212 8 0 0 0 211 0 43 53 51 222 35 0 0 0 202 0 6 12 3 215 2 
0 0 0 0 0 0 0 0 0 0 0 0 0 0 0 56 67 60 62 76 177 149 151 181 156 
67 87 57 51 171 1 11 0 0 91 0 5 0 0 106 0 3 0 0 102 79 78 75 72 160 
134 134 140 144 146 0 0 0 0 0 0 0 0 0 0 0 0 0 0 0 77 74 62 64 82 
0 0 0 0 0 0 0 0 0 0 0 0 0 0 0 439 443 420 413 419 194 179 184 189 204 
1 207 0 0 87 0 173 0 0 96 117 324 143 131 197 0 193 0 0 97 0 227 0 0 74 
906 0 0 0 0 866 0 0 0 0 894 0 0 0 0 920 0 0 0 0 935 0 0 0 0 
23 6 198 134 134 41 13 223 141 165 108 105 287 232 187 200 186 393 318 310 107 93 253 195 269 
90 139 96 163 92 65 83 81 132 79 0 41 0 54 0 56 115 45 99 62 0 52 0 43 0 
40 9 13 7 21 141 105 121 104 115 37 0 0 0 18 31 0 0 0 30 126 132 112 119 167 
0 0 132 0 0 0 0 126 0 0 0 0 138 0 0 133 120 237 115 124 0 0 140 0 0 
0 64 42 46 0 0 77 42 45 0 35 96 90 97 33 0 67 47 47 0 0 68 55 42 0 
0 2 0 2 162 159 121 127 154 268 155 136 128 147 245 0 4 0 0 131 90 99 96 99 215 
0 0 0 0 0 0 0 0 0 0 0 0 0 0 0 1013 1075 1093 1060 996 0 0 0 0 0 
0 19 51 131 0 0 17 52 114 0 0 18 47 140 0 0 17 50 139 0 0 15 51 139 0 
73 51 0 0 0 84 73 15 14 13 135 87 38 37 27 90 64 0 0 0 98 97 25 25 29 
65 106 77 129 144 6 41 14 65 77 10 45 19 72 90 0 50 0 49 68 0 35 0 56 67 
101 112 110 76 4 94 122 161 89 0 275 294 325 274 173 114 131 132 79 0 251 210 272 206 115 
69 12 16 90 11 69 0 0 114 0 211 149 138 220 124 75 1 0 104 4 116 48 51 165 37 
95 64 31 40 28 112 69 27 42 25 46 33 9 0 0 72 48 1 7 8 71 40 0 0 0 
0 0 139 57 0 0 0 149 53 0 0 0 191 56 0 0 0 164 45 0 0 0 145 46 0 
125 161 165 129 109 0 51 67 0 0 0 50 58 0 0 38 69 94 32 35 0 38 95 0 0 
102 91 94 115 99 142 155 160 144 149 42 55 56 45 56 0 0 0 0 0 0 0 0 0 0 
0 0 0 165 0 0 0 0 174 0 230 234 220 408 242 0 0 0 170 0 0 0 0 155 0 
0 0 0 0 0 165 154 188 138 157 0 0 0 0 0 0 0 0 0 0 74 63 75 69 89 
94 1 2 63 41 119 29 56 122 110 215 62 88 150 141 73 0 0 75 44 195 62 85 152 122 
0 77 0 0 0 0 76 0 0 0 0 59 0 0 0 115 153 78 114 78 53 124 44 48 46 
0 0 116 0 0 100 99 216 133 124 0 0 105 0 0 8 9 130 5 11 15 13 103 8 18 
241 194 175 246 110 117 67 68 112 0 88 82 58 99 0 269 225 147 281 119 130 94 79 133 0 
0 0 0 0 0 37 41 30 19 22 0 0 0 0 0 67 81 78 71 101 111 117 114 104 146 
0 236 0 205 0 0 186 0 201 0 8 219 7 208 7 0 190 0 195 0 0 209 0 208 0 
0 43 0 135 0 0 54 0 156 0 0 53 0 154 0 76 159 81 223 77 0 59 0 135 0 
0 0 0 0 69 74 64 71 56 123 78 67 67 75 116 0 0 0 0 68 0 0 0 0 72 
68 353 387 61 245 12 240 275 15 160 53 316 358 47 215 98 333 355 116 272 186 399 427 155 315 
0 50 34 0 83 19 72 51 13 102 27 92 90 43 85 0 66 28 0 70 0 67 33 0 78 
113 93 110 117 122 15 0 0 35 0 12 0 0 37 0 20 0 0 44 0 86 69 61 114 83 
76 0 70 0 0 70 0 84 0 0 120 56 109 55 58 112 18 83 15 13 70 0 79 0 0 
0 21 84 0 102 0 12 70 0 114 0 17 75 0 110 0 14 97 0 140 0 14 72 0 103 
34 64 155 91 24 69 83 164 123 68 0 48 116 41 0 51 70 162 115 40 0 30 112 64 0 
0 63 0 0 0 0 79 0 0 0 111 240 111 139 120 0 91 0 0 0 12 89 12 26 26 
0 0 0 82 0 66 69 56 142 85 0 0 0 79 0 0 0 0 89 0 80 73 62 162 74 
61 0 119 59 0 75 0 125 63 0 77 0 120 62 0 49 0 130 70 0 55 0 116 61 0 
96 62 0 35 0 134 92 21 62 35 116 104 0 35 0 135 67 0 48 0 110 68 0 37 0 
0 0 0 0 26 196 186 199 209 228 0 0 0 0 34 0 0 0 0 32 0 0 0 0 37 
107 54 64 129 92 73 43 61 121 88 28 0 0 64 12 34 0 0 61 12 50 12 10 70 30 
30 68 11 7 10 17 55 0 0 0 21 81 0 0 0 159 196 151 134 128 31 88 0 0 0 
0 0 0 21 0 193 178 202 201 167 0 0 0 25 0 0 0 0 22 0 0 0 0 19 0 
71 79 133 138 89 0 0 52 63 0 0 0 74 60 0 0 0 67 53 0 0 0 59 62 0 
70 65 60 52 72 44 0 0 0 11 81 70 53 48 73 33 0 0 0 23 98 50 49 55 65 
0 0 25 0 69 8 5 35 11 88 0 0 34 0 70 10 7 43 8 95 81 75 114 64 153 
594 600 619 657 598 0 0 0 0 0 0 0 0 0 0 0 0 0 0 0 0 0 0 0 0 
72 124 157 86 83 33 90 109 30 29 0 34 77 0 0 0 40 78 0 0 0 47 74 0 0 
0 0 123 0 0 0 0 103 0 0 80 125 219 116 110 0 0 96 0 0 0 0 113 0 0 
106 129 46 56 151 42 47 0 0 96 46 64 0 0 78 43 44 0 0 80 60 45 0 0 91 
0 49 0 23 36 59 115 57 77 94 0 59 0 26 38 0 55 0 37 40 26 65 22 50 63 
9 7 99 5 12 0 0 87 0 0 0 0 83 0 0 36 39 120 27 29 75 78 150 59 85 
0 0 0 51 75 88 81 63 116 161 0 0 0 49 73 0 0 0 36 84 0 0 0 47 73 
115 187 90 88 95 26 120 0 0 0 31 124 7 8 10 28 84 0 0 0 29 101 3 3 1 
70 30 93 32 97 20 0 32 1 65 17 0 36 0 77 16 0 44 0 63 9 0 35 9 71 
71 6 4 1 2 87 0 2 0 0 100 53 65 61 81 116 49 28 28 27 186 112 102 135 105 
67 34 118 47 48 32 0 81 0 0 29 0 77 0 0 26 0 69 0 0 81 42 122 48 41 
89 79 97 51 61 34 30 26 0 12 56 69 56 28 43 46 28 28 0 13 36 31 33 0 8 
0 62 68 0 0 0 63 45 0 0 20 104 78 21 21 30 107 53 34 38 0 62 49 0 0 
47 78 42 40 26 35 95 32 29 22 4 59 6 0 14 21 31 24 16 13 0 38 0 0 0 
30 0 91 0 45 64 43 124 39 80 23 0 85 0 29 36 10 99 5 36 31 0 99 0 28 
0 2091 0 0 0 0 2166 0 0 0 0 2014 0 0 0 0 2096 0 0 0 0 2038 0 0 0 
32 142 113 18 16 98 215 184 87 64 0 135 120 4 0 35 215 158 65 49 1 112 94 0 0 
51 83 76 0 0 43 104 87 0 0 71 98 87 0 0 57 101 87 0 0 51 92 95 0 0 
20 143 0 182 0 122 262 134 352 153 151 263 125 382 148 3 149 1 239 0 4 137 0 165 0 
57 87 159 101 75 0 0 56 0 1 0 0 75 0 0 0 0 49 0 0 183 197 223 205 204 
0 0 0 0 0 1247 1208 1209 1164 1239 0 0 0 0 0 0 0 0 0 0 0 0 0 0 0 
0 0 80 125 0 0 0 76 106 0 0 0 81 127 0 0 0 82 125 0 0 0 72 128 0 
147 54 54 87 45 144 48 49 106 60 93 0 0 39 0 89 0 0 42 0 92 0 0 42 0 
0 119 0 0 79 0 139 0 0 70 0 153 0 0 83 0 127 0 0 66 0 136 0 0 96 
209 335 180 303 134 108 246 61 175 7 310 456 284 454 191 196 367 180 248 90 287 432 337 399 224 
101 86 284 293 85 0 0 209 220 8 121 114 309 327 114 0 0 190 211 15 9 11 216 206 23 
164 135 129 171 289 9 23 5 0 171 15 16 13 6 175 236 236 189 220 421 248 299 311 264 466 
0 62 0 0 1 0 49 0 0 0 0 60 0 0 0 7 61 4 8 3 152 192 153 130 146 
69 31 56 14 61 60 16 36 0 51 55 15 40 0 33 92 14 35 0 60 155 140 123 109 180 
210 79 0 102 0 206 69 0 109 0 214 66 0 109 0 206 62 0 118 0 209 52 0 124 0 
55 0 0 0 0 62 0 0 0 0 64 0 0 0 0 202 133 145 146 141 52 0 0 0 0 
89 224 228 149 34 137 214 250 134 47 131 242 255 141 106 55 161 198 76 0 67 226 246 129 32 
81 0 3 54 29 120 72 53 119 76 118 85 82 99 92 71 34 25 59 38 76 1 0 34 4 
107 124 137 81 203 0 0 7 0 54 65 77 81 73 122 0 0 22 0 55 0 0 17 0 66 
19 45 0 49 0 95 113 57 101 46 52 57 24 73 32 32 38 0 46 0 24 42 0 50 0 
77 81 77 84 119 79 81 72 65 99 0 23 0 0 45 0 20 0 0 29 55 75 53 48 87 
0 78 3 0 0 35 147 45 29 31 37 146 35 33 27 26 141 28 21 37 49 135 56 41 56 
32 11 42 34 0 103 73 112 111 63 44 20 47 37 0 45 8 43 33 0 40 20 36 39 0 
2 12 0 84 237 137 146 129 236 357 6 18 0 88 275 0 4 3 85 259 130 153 127 185 336 
12 18 73 14 227 2 0 55 9 170 117 94 162 120 274 138 149 192 173 331 4 5 68 7 184 
149 0 0 0 0 128 0 0 0 0 220 84 100 100 101 131 0 0 0 0 128 0 0 0 0 
0 0 0 0 829 0 0 0 0 783 0 0 0 0 844 0 0 0 0 838 0 0 0 0 775 
143 104 2 177 62 135 159 0 209 100 188 194 44 260 124 115 99 1 154 77 131 154 1 221 80 
222 0 0 0 0 384 103 110 99 95 235 0 0 0 0 244 0 0 0 0 212 0 0 0 0 
0 0 0 0 0 80 67 80 76 83 0 0 0 0 0 158 138 162 171 150 0 0 0 0 0 
0 24 0 152 0 36 57 47 196 32 0 20 0 143 0 0 18 0 150 0 0 24 0 171 0 
91 76 105 128 149 44 0 63 67 48 29 0 71 81 66 81 59 115 129 117 17 0 57 68 53 
45 52 58 139 116 29 23 33 85 77 0 0 0 82 62 0 0 0 50 52 7 12 9 81 57 
0 13 76 0 0 93 124 201 92 103 0 19 80 0 0 69 90 219 63 75 0 8 77 0 0 
214 6 197 0 0 218 2 177 0 0 213 8 193 4 1 180 5 199 0 0 224 26 190 14 10 
310 109 340 139 216 344 174 430 210 225 357 181 426 210 284 208 19 246 76 122 217 57 301 71 99 
66 152 71 86 66 0 90 0 28 0 17 130 28 35 27 0 104 0 17 0 0 77 0 22 0 
0 0 41 0 66 38 52 97 51 142 70 93 106 64 143 0 0 36 0 73 0 0 55 0 77 
0 0 16 0 187 0 0 16 0 178 0 0 28 0 166 0 0 25 0 179 0 0 22 0 182 
0 0 0 53 0 0 0 0 68 0 60 61 52 151 46 0 0 0 65 0 105 84 92 176 95 
97 0 0 103 0 119 0 0 119 0 107 0 0 98 0 109 0 0 116 0 106 0 0 123 0 
0 31 83 71 0 124 201 203 217 139 170 226 245 227 154 20 77 120 111 36 86 128 128 146 71 
123 174 144 117 261 0 0 0 0 97 0 0 0 0 89 28 25 36 28 143 0 0 0 0 100 
131 220 136 122 133 0 117 0 0 0 80 193 85 90 79 3 101 2 0 0 92 202 81 81 92 
147 132 82 81 82 79 46 0 0 0 88 46 4 4 9 67 53 0 0 0 76 58 0 0 0 
0 134 0 0 0 35 173 55 53 62 0 140 0 0 0 66 199 89 86 78 0 119 0 0 0 
0 0 0 0 0 0 0 0 0 0 0 0 0 0 0 0 0 0 0 0 461 432 473 460 419 
0 0 37 0 0 72 78 92 75 87 0 0 31 0 0 77 75 85 58 79 17 24 58 22 25 
7 15 15 16 51 0 0 0 0 36 80 78 70 69 99 0 0 0 0 33 67 98 78 75 105 
0 0 0 136 0 0 0 0 118 0 0 0 0 147 0 0 0 0 149 0 81 74 85 207 83 
0 67 0 28 72 0 62 0 36 70 0 54 0 31 90 0 60 0 30 70 16 75 25 54 112 
0 112 0 0 0 0 108 0 0 0 0 106 0 0 0 0 96 0 0 0 97 184 99 105 92 
0 0 0 39 0 74 72 73 80 71 40 28 54 56 51 0 0 0 24 0 113 119 115 146 108 
0 0 117 55 0 43 45 155 105 50 0 0 102 39 0 0 0 89 37 0 0 0 126 33 0 
0 15 0 0 0 12 91 24 0 30 1 67 0 0 24 0 53 0 0 0 0 55 23 0 26 
59 0 0 0 0 126 62 61 76 69 99 20 18 20 15 131 47 46 52 41 58 0 0 0 0 
83 35 33 111 37 39 0 0 91 0 48 0 0 85 0 83 35 30 120 32 55 0 0 83 0 
0 0 63 43 0 0 0 54 43 0 101 99 149 132 97 0 0 62 47 0 0 0 67 42 0 
26 0 0 68 101 89 64 63 109 189 33 1 2 69 107 44 17 22 83 95 29 27 45 82 106 
3 9 52 100 8 0 0 56 95 0 54 40 126 135 53 27 52 73 126 39 0 0 48 85 0 
69 0 53 47 10 55 5 46 44 28 130 94 137 140 115 91 15 48 55 23 55 0 53 49 1 
39 0 60 0 57 40 0 61 0 51 26 0 70 0 75 94 51 109 69 106 31 0 57 0 58 
78 24 185 74 53 57 12 158 74 40 49 0 148 26 19 150 59 224 126 107 92 34 193 76 60 
9 98 135 24 139 135 185 267 127 253 32 109 194 40 180 0 43 159 0 122 114 144 231 126 243 
20 29 31 67 59 42 48 50 93 98 0 0 0 35 38 0 0 0 27 21 92 113 112 159 125 
17 31 0 83 0 29 47 0 103 0 77 71 38 128 53 24 37 0 103 0 40 32 0 80 0 
0 0 52 0 0 165 151 216 153 179 1 0 60 0 0 0 0 75 0 0 0 0 73 0 0 
12 7 0 0 75 16 0 0 0 67 67 68 53 49 138 24 21 19 12 81 91 123 98 91 144 
58 10 8 6 20 85 59 60 63 64 94 66 77 84 82 37 0 0 0 12 31 10 11 7 19 
19 101 71 14 28 0 97 67 5 4 0 74 42 0 17 0 79 52 5 6 46 126 109 44 83 
167 202 99 112 111 85 60 57 27 20 46 51 19 0 0 47 55 16 0 0 37 48 17 0 0 
97 0 0 10 0 84 0 0 27 0 101 0 0 18 0 101 0 0 0 0 123 15 22 34 29 
77 83 15 22 26 52 46 0 0 1 53 76 19 9 19 70 77 36 44 52 90 85 52 34 49 
32 68 29 62 20 0 56 6 41 10 0 40 0 43 9 0 32 0 26 0 29 90 51 91 66 
0 0 56 27 11 0 0 45 35 3 0 0 44 40 6 43 53 122 94 61 54 50 100 93 63 
29 38 26 22 31 0 0 0 0 0 71 59 57 62 55 0 0 0 0 0 120 107 99 114 110 
40 38 42 34 40 0 0 16 0 0 0 0 19 0 0 50 49 82 63 56 130 108 142 147 131 
36 38 105 53 55 3 9 59 16 16 58 50 126 59 52 0 0 48 5 0 0 3 55 25 5 
0 0 180 32 0 0 0 141 23 0 19 20 156 37 18 0 0 165 23 0 0 0 162 23 0 
45 106 0 0 0 92 149 58 47 60 95 169 30 19 16 108 169 65 57 57 39 95 0 0 0 
79 0 80 79 90 135 63 163 163 163 165 86 169 196 204 147 48 109 122 154 98 3 86 135 103 
106 147 79 63 78 16 67 4 0 0 96 161 74 63 71 47 85 34 20 18 27 72 0 0 0 
0 116 110 166 0 0 131 120 166 0 0 109 122 170 2 0 119 115 156 0 0 130 118 167 3 
10 0 0 131 0 8 0 0 95 0 91 65 87 187 84 11 0 0 99 0 19 1 0 104 0 
47 66 37 39 62 0 52 0 0 24 47 75 40 40 64 2 39 0 0 30 0 54 0 0 26 
111 129 18 48 85 171 234 91 76 195 128 164 50 64 99 77 76 3 6 83 206 250 94 114 162 
51 174 131 94 94 7 37 65 10 1 33 80 101 42 27 19 72 63 11 26 0 58 49 0 0 
8 28 17 10 81 12 35 28 4 99 0 20 16 8 52 66 82 73 57 158 33 37 40 31 94 
656 500 547 481 498 482 256 231 191 217 455 300 326 182 264 341 169 123 67 87 534 375 383 359 340 
85 58 1 2 1 161 160 65 78 67 87 83 0 0 0 94 83 23 13 18 67 59 0 0 0 
168 304 126 149 136 269 365 145 259 168 143 269 75 153 84 44 192 0 36 0 93 227 61 91 34 
12 0 0 79 0 8 0 0 42 0 64 51 41 78 34 91 44 57 107 72 22 0 10 36 0 
0 0 0 0 52 0 0 0 0 56 0 0 0 0 65 0 0 0 0 58 134 157 141 152 185 
61 4 34 0 15 116 23 53 24 35 123 53 92 46 57 139 73 129 63 82 113 25 42 13 26 
150 0 0 54 0 156 0 0 55 0 141 0 0 40 0 168 0 0 46 0 150 0 0 41 0 
146 115 149 227 113 33 0 80 120 5 75 40 123 169 56 41 5 101 100 24 49 0 80 81 2 
0 0 51 58 0 84 56 135 103 77 0 0 42 39 0 67 58 116 90 47 55 32 99 88 32 
72 110 94 184 163 0 7 1 94 48 0 16 0 63 54 0 8 12 76 54 30 41 31 110 57 
78 99 72 45 14 150 144 116 86 99 79 71 59 20 7 209 192 178 135 123 106 126 101 12 43 
59 131 51 58 54 0 55 0 0 0 5 81 4 5 4 0 64 0 0 0 80 156 62 78 64 
0 0 0 16 0 0 0 0 22 0 0 0 0 18 0 0 0 0 21 0 181 199 222 231 225 
46 0 0 33 39 117 82 77 104 102 49 0 0 34 39 42 0 0 25 43 50 0 0 29 34 
46 6 44 98 80 12 2 27 85 71 59 24 49 122 104 21 0 33 74 87 105 72 105 169 184 
0 69 55 0 67 0 71 63 0 72 0 79 53 0 55 0 66 64 0 69 0 83 67 0 66 
47 23 56 40 33 72 52 92 56 55 23 17 36 20 13 55 45 103 71 49 8 0 32 2 0 
79 0 0 0 49 67 0 0 0 52 86 0 0 0 62 68 0 0 0 46 175 94 76 89 151 
84 107 6 108 84 55 102 0 127 103 43 90 0 116 71 210 235 126 240 173 118 186 75 173 135 
92 0 0 0 0 117 0 0 0 0 122 0 0 0 0 102 0 0 0 0 206 88 85 88 99 
86 99 128 88 70 9 38 42 14 10 0 16 49 0 0 65 84 95 62 54 24 34 65 21 16 
0 0 0 140 35 0 0 0 158 28 26 29 16 156 51 0 0 0 149 34 0 0 0 138 38 
0 0 178 0 33 0 0 205 0 28 0 0 179 0 25 0 0 170 0 22 0 0 171 0 26 
0 0 0 148 14 142 119 111 320 155 0 0 0 166 15 99 106 85 225 92 0 0 0 138 9 
48 116 141 186 43 20 100 95 162 23 77 123 149 187 57 35 169 150 216 77 65 138 139 209 35 
0 0 0 1244 0 0 0 0 1224 0 0 0 0 1247 0 0 0 1 1321 5 0 0 0 1268 0 
13 23 5 31 0 0 0 0 0 17 6 0 0 0 0 9 0 0 0 4 95 79 63 106 81 
0 0 1450 0 0 0 0 1474 0 0 0 0 1354 0 0 0 0 1488 0 0 0 0 1440 0 0 
