928 726 665 763 815 1196 1113 1004 1045 1192 749 704 572 704 806 1077 939 909 1014 1088 667 496 416 510 699 
175 143 178 168 171 0 0 0 0 0 131 82 115 108 97 0 0 0 0 0 0 0 0 0 0 
113 51 61 205 247 68 0 0 141 145 180 87 70 270 293 69 0 0 96 150 65 0 0 120 148 
0 0 58 70 1 106 57 136 153 90 0 2 60 55 0 88 62 142 134 100 68 52 110 121 46 
181 47 117 175 34 170 14 120 140 0 154 47 118 136 34 149 8 84 140 0 349 222 318 382 197 
102 7 26 1 92 92 5 18 0 116 196 92 105 80 185 156 68 88 55 144 233 107 125 113 258 
0 0 0 0 0 0 0 0 0 0 1034 1039 987 1019 1055 0 0 0 0 0 0 0 0 0 0 
0 0 0 302 0 0 0 2 266 1 130 131 111 413 130 128 115 107 442 137 0 0 0 262 0 
16 10 14 191 7 0 0 0 199 0 40 46 39 198 32 0 0 0 169 0 3 6 3 184 4 
0 0 0 0 0 0 0 0 0 0 0 0 0 0 0 65 72 78 76 90 202 186 180 215 185 
68 87 79 55 156 0 10 0 0 105 0 5 0 0 99 0 4 0 0 104 73 81 79 65 163 
158 178 176 182 190 0 0 0 0 0 0 0 0 0 0 0 0 0 0 0 91 91 78 76 89 
0 0 0 0 0 0 0 0 0 0 0 0 0 0 0 438 436 432 418 428 195 184 184 189 208 
0 202 0 0 87 0 174 0 0 101 131 325 156 134 218 0 187 0 0 99 0 220 0 0 74 
800 0 0 0 0 798 0 0 0 0 793 0 0 0 0 819 0 0 0 0 832 0 0 0 0 
19 8 217 137 155 22 12 205 149 144 107 108 289 242 231 168 203 424 329 357 124 104 305 203 285 
79 133 85 137 66 63 70 61 114 60 0 46 0 40 0 36 93 48 81 42 0 46 0 32 0 
34 10 14 7 19 114 98 104 89 121 33 0 0 0 20 21 0 0 0 25 120 118 88 92 148 
0 0 130 0 1 0 0 120 0 0 0 0 133 0 1 126 111 233 111 122 0 0 139 0 0 
0 66 46 51 0 0 87 46 51 0 38 110 103 105 37 0 80 53 50 0 0 72 57 45 0 
0 2 0 0 156 151 118 123 155 250 142 129 119 130 216 2 5 0 0 118 85 93 115 104 200 
0 0 0 0 0 0 0 0 0 0 0 0 0 0 0 1027 1115 1102 1070 1005 0 0 0 0 0 
0 19 53 147 0 0 19 56 127 0 0 21 52 151 0 0 19 55 148 0 0 16 53 148 0 
77 58 0 1 0 94 78 15 18 14 152 101 39 46 33 102 70 0 0 0 115 106 24 31 34 
72 113 65 138 139 6 36 16 64 64 13 43 18 72 86 0 41 0 55 66 0 41 0 57 60 
105 121 121 75 1 86 132 162 74 0 292 304 337 303 220 98 143 159 74 0 256 197 256 191 114 
74 13 20 96 26 73 0 0 109 0 205 143 134 221 127 62 0 0 102 0 110 46 47 173 43 
125 105 43 53 32 159 116 56 65 30 69 59 15 0 0 98 82 18 11 11 97 55 7 0 0 
0 0 135 56 0 0 0 148 52 0 0 0 179 51 0 0 0 159 43 0 0 0 136 41 0 
143 175 195 138 133 0 55 84 0 0 0 56 69 0 0 41 68 108 36 39 0 44 120 0 0 
76 60 77 76 62 109 126 113 121 112 26 43 48 44 48 0 0 0 0 0 0 0 0 0 0 
0 0 0 173 0 0 0 0 186 0 231 229 219 419 235 0 0 0 183 0 0 0 0 162 0 
0 0 0 0 0 147 144 173 135 142 0 0 0 0 0 0 0 0 0 0 74 54 67 63 77 
85 3 0 55 32 126 35 47 94 93 199 75 84 117 145 71 0 0 52 35 177 54 76 135 111 
0 91 0 0 0 0 92 0 0 0 0 73 0 0 0 133 157 100 132 92 64 143 49 60 60 
0 0 107 0 0 88 93 194 114 113 0 0 95 0 0 8 8 100 2 7 15 15 95 9 15 
302 281 234 297 151 128 128 86 126 0 102 126 70 117 0 310 287 207 305 149 156 149 96 160 11 
0 0 0 0 0 33 41 32 21 25 0 0 0 0 0 62 77 87 78 109 109 117 104 109 147 
0 230 0 211 0 0 184 0 201 0 7 208 8 207 8 0 195 0 198 0 0 203 0 212 0 
0 42 0 130 0 0 52 0 149 0 0 51 0 144 0 78 147 73 210 82 0 54 0 138 0 
0 0 0 0 70 82 69 74 59 126 86 75 70 79 131 0 0 0 0 73 0 0 0 0 78 
97 292 355 51 256 44 204 284 1 162 94 269 373 64 238 101 330 322 98 249 203 361 400 167 318 
0 51 35 0 84 24 59 50 15 102 30 84 90 39 87 0 59 29 0 66 0 69 29 0 76 
115 96 113 115 124 13 0 0 38 0 12 0 0 39 0 17 0 0 42 0 90 70 61 108 86 
69 0 65 0 0 63 0 75 0 0 113 53 107 48 50 99 16 78 12 11 66 0 73 0 0 
0 18 81 0 96 0 12 69 0 107 0 16 74 0 106 0 14 91 0 133 0 13 69 0 101 
17 52 132 73 18 57 70 135 85 44 0 33 114 33 0 39 62 140 109 42 0 19 100 56 0 
0 64 0 0 0 0 71 0 0 0 118 216 101 133 118 0 88 0 0 0 13 81 21 24 26 
0 0 0 77 0 72 77 68 158 103 0 0 0 85 0 0 0 0 98 0 86 72 68 169 85 
54 0 96 50 0 60 0 113 53 0 60 0 97 50 0 51 0 114 58 0 49 0 109 49 0 
77 46 0 29 0 103 73 16 47 24 92 86 0 25 0 110 53 0 41 0 87 58 0 33 0 
0 0 0 0 25 175 173 175 185 216 0 0 0 0 41 0 0 0 0 37 0 0 0 0 40 
89 47 57 109 78 58 37 49 96 68 24 0 0 52 10 28 0 0 49 11 37 12 8 56 27 
30 81 10 6 13 20 64 0 0 0 21 94 0 0 0 165 219 166 143 138 29 94 0 0 0 
0 0 0 21 0 194 178 202 202 167 0 0 0 23 0 0 0 0 23 0 0 0 0 23 0 
76 86 139 147 95 0 0 55 67 0 0 0 81 65 0 0 0 69 56 0 0 0 63 64 0 
63 57 59 48 68 40 0 0 0 11 76 62 48 47 72 30 0 0 0 22 91 48 45 48 60 
0 0 25 0 68 8 6 36 12 89 0 0 34 0 70 9 7 42 7 93 81 75 113 64 152 
585 586 605 638 585 0 0 0 0 0 0 0 0 0 0 0 0 0 0 0 0 0 0 0 0 
72 146 173 88 88 41 99 124 39 30 0 35 87 0 0 0 47 87 0 0 0 51 83 0 0 
0 0 110 0 0 0 0 90 0 0 76 114 207 112 101 0 0 85 0 0 0 0 103 0 0 
111 129 46 67 148 47 51 0 0 99 44 61 0 0 72 47 43 0 0 83 61 49 0 0 88 
0 49 0 23 36 59 115 57 80 94 0 59 0 25 38 0 55 0 39 39 26 65 22 53 62 
9 7 99 5 12 0 0 87 0 0 0 0 83 0 0 36 36 120 27 29 75 77 150 59 85 
0 0 0 54 80 98 99 70 139 190 0 0 0 62 91 0 0 0 42 95 0 0 0 52 85 
110 180 87 94 95 24 126 0 0 0 34 129 6 8 8 25 87 0 0 0 29 91 3 0 0 
65 25 95 46 101 17 0 39 5 66 9 0 34 0 75 15 0 50 0 63 3 0 42 0 70 
58 1 2 0 8 54 0 0 0 0 47 41 45 34 53 109 45 43 34 46 172 110 113 141 119 
61 34 115 45 42 30 0 81 0 0 22 0 77 0 0 21 0 70 0 0 71 42 112 41 37 
48 29 50 25 14 26 14 0 0 1 29 20 22 6 33 36 2 20 0 0 28 6 12 0 0 
0 60 66 0 0 0 63 55 0 0 21 103 77 21 21 32 109 64 40 42 0 62 54 0 0 
12 0 0 0 0 3 38 0 0 0 0 25 0 0 7 18 0 0 0 0 0 0 0 0 0 
30 0 91 0 44 64 42 124 39 80 24 0 85 0 29 34 6 97 0 34 31 0 99 0 28 
0 2112 0 0 0 0 2169 0 0 0 0 2033 0 0 0 0 2092 0 0 0 0 2041 0 0 0 
25 138 125 20 21 99 198 211 80 95 6 129 124 5 0 47 189 148 64 45 6 145 118 0 0 
57 103 92 0 0 50 122 118 0 0 76 112 105 0 0 63 124 98 0 0 57 110 112 0 0 
0 108 0 117 0 79 156 69 201 81 66 171 35 180 53 0 83 0 125 0 0 116 0 94 0 
62 75 116 104 77 0 0 37 0 0 0 0 61 0 0 0 0 48 0 0 165 205 218 186 179 
0 0 0 0 0 1277 1237 1243 1189 1267 0 0 0 0 0 0 0 0 0 0 0 0 0 0 0 
0 0 91 135 0 0 0 78 116 0 0 0 88 146 0 0 0 90 145 0 0 0 75 142 0 
161 46 57 106 41 159 57 62 112 62 90 0 0 37 0 92 0 0 40 0 100 0 0 52 0 
0 132 0 0 79 0 153 0 0 76 0 162 0 0 95 0 147 0 0 70 0 156 0 0 102 
178 287 141 234 103 76 215 59 151 8 331 430 285 386 176 119 313 128 248 66 213 390 298 329 159 
94 70 275 264 92 0 0 177 193 5 111 111 283 297 124 0 0 160 180 6 4 8 192 187 7 
123 112 107 144 243 9 18 4 13 161 14 13 9 12 153 190 201 152 183 335 195 232 217 218 357 
0 69 0 0 0 0 63 0 0 0 0 72 0 0 0 12 68 4 9 5 199 213 187 164 185 
59 27 41 12 45 45 16 33 0 41 42 12 41 0 33 76 18 40 0 51 132 121 110 97 143 
209 78 0 104 0 208 75 0 107 0 209 60 0 108 0 206 72 0 113 0 202 57 0 112 0 
55 0 0 0 0 62 0 0 0 0 63 0 0 0 0 202 133 145 147 141 52 0 0 0 0 
142 274 318 206 79 167 266 335 196 81 180 271 338 227 130 98 179 249 145 21 89 233 257 168 24 
109 4 17 88 43 154 103 88 164 104 140 92 81 116 96 94 30 32 93 43 74 0 0 59 15 
116 121 125 89 196 0 0 7 0 48 64 87 82 71 102 0 0 17 0 54 0 0 12 0 62 
46 86 0 120 0 143 188 102 214 88 116 132 92 220 92 55 82 0 110 0 39 70 0 113 0 
71 85 73 77 117 85 83 70 66 102 0 27 0 0 53 0 25 0 0 28 67 82 61 52 95 
0 73 0 0 0 28 143 37 33 30 39 153 37 35 35 26 138 23 27 42 41 124 54 36 56 
21 11 41 23 0 86 71 112 88 62 26 21 47 28 0 32 9 44 19 0 23 20 37 20 0 
1 11 0 71 208 115 125 113 189 325 2 27 2 83 234 0 17 2 76 237 113 137 111 178 287 
7 18 87 6 222 2 0 64 10 175 106 102 168 108 265 139 143 221 163 320 2 6 69 0 183 
151 0 0 0 0 146 0 0 0 0 239 79 105 105 108 125 0 0 0 0 137 0 0 0 0 
0 0 0 0 847 0 0 0 0 804 0 0 0 0 858 0 0 0 0 832 0 0 0 0 788 
145 93 0 183 59 145 141 16 221 102 185 178 55 253 110 132 103 4 189 96 137 178 2 227 68 
129 0 0 0 0 252 100 85 84 73 156 0 0 0 0 146 0 0 0 0 142 0 0 0 0 
0 0 0 0 0 73 55 70 66 70 0 0 0 0 0 142 117 141 145 136 0 0 0 0 0 
0 23 0 155 0 34 59 48 198 34 0 19 0 144 0 0 16 0 149 0 0 22 0 173 0 
100 78 116 158 159 55 0 90 77 61 35 0 78 90 71 117 71 123 144 120 19 1 69 79 49 
43 48 54 128 106 28 22 30 81 74 0 0 0 77 55 0 0 0 48 50 7 10 9 75 53 
0 9 68 0 0 77 95 171 81 87 0 9 70 1 0 56 75 166 47 61 0 5 62 0 0 
219 6 198 0 0 220 2 181 0 0 219 5 202 4 1 196 5 192 0 0 222 21 182 10 11 
261 111 320 112 183 253 125 329 117 180 313 128 364 184 245 167 7 183 7 116 164 42 224 7 114 
70 160 79 89 70 0 89 0 31 0 17 135 30 37 28 0 111 0 19 0 0 77 0 22 0 
0 0 42 0 70 41 53 93 50 139 69 93 108 60 150 0 0 33 0 72 0 0 52 0 71 
0 0 17 0 211 0 0 17 0 197 0 0 30 0 176 0 0 28 0 204 0 0 24 0 198 
0 0 0 51 0 0 0 0 63 0 54 61 46 149 48 0 0 0 60 0 88 88 83 174 96 
99 0 0 105 0 125 0 0 135 0 116 0 0 97 0 107 0 0 128 0 115 0 0 127 0 
0 49 86 75 0 88 188 187 167 123 176 229 245 234 163 0 69 105 101 8 70 110 135 132 50 
110 166 139 120 260 0 0 0 0 88 0 0 0 0 86 24 30 31 25 137 0 0 0 0 89 
137 255 159 151 158 0 138 0 0 0 105 216 93 99 87 2 108 1 0 3 113 239 86 80 101 
136 126 76 77 77 76 45 0 0 0 85 47 4 3 8 63 46 0 0 0 71 56 0 0 0 
0 94 0 0 0 29 134 41 44 52 0 105 0 0 0 54 161 67 66 54 0 95 0 0 0 
0 0 0 0 0 0 0 0 0 0 0 0 0 0 0 0 0 0 0 0 451 421 469 454 425 
0 0 38 0 0 82 85 106 81 94 0 0 35 0 0 85 90 94 64 84 23 29 63 23 28 
9 15 19 20 56 0 0 0 0 39 95 95 84 83 126 0 0 0 0 49 79 120 92 93 134 
0 0 0 151 0 0 0 0 132 0 0 0 0 164 0 0 0 0 161 0 80 84 101 234 93 
0 68 0 33 72 0 64 0 38 76 0 55 0 36 90 0 59 0 32 72 19 77 25 55 113 
0 110 0 0 0 0 106 0 0 0 0 104 0 0 0 0 95 0 0 0 90 180 94 98 86 
0 0 0 33 0 80 60 81 78 80 33 0 45 50 51 0 0 0 18 0 90 89 104 154 99 
0 0 127 56 0 45 47 156 110 52 0 0 105 42 0 0 0 96 39 0 0 0 132 36 0 
18 19 0 0 0 3 61 20 4 20 4 50 0 0 15 0 10 0 0 0 0 34 13 0 28 
59 0 0 0 0 126 61 61 76 69 99 20 18 20 15 132 47 46 52 41 58 0 0 0 0 
83 35 33 111 37 39 0 0 91 0 48 0 0 85 0 83 35 30 120 32 55 0 0 83 0 
0 0 63 43 0 0 0 55 43 0 101 98 149 132 97 0 0 62 47 0 0 0 67 42 0 
44 0 0 78 106 116 68 88 140 201 22 2 7 74 127 76 23 30 127 108 40 40 42 104 133 
2 8 57 122 13 0 0 58 102 0 59 49 154 158 63 33 60 86 173 48 0 0 58 100 0 
61 4 55 57 14 49 1 45 50 25 152 86 132 133 105 92 18 52 64 26 64 0 56 55 1 
39 0 54 0 57 38 0 56 0 52 26 0 67 0 71 87 49 103 64 103 29 0 55 0 53 
112 30 186 104 54 80 16 162 87 37 73 0 126 40 13 161 87 213 138 113 122 44 199 78 80 
12 77 142 24 111 142 188 325 136 253 35 121 207 55 145 1 46 172 1 108 103 138 237 108 204 
22 22 22 69 57 49 45 38 80 78 0 0 0 33 34 0 0 0 25 17 82 105 102 140 112 
18 31 0 83 0 29 47 0 103 0 77 72 39 128 53 25 37 0 102 0 39 33 0 79 0 
0 0 57 0 0 170 153 209 158 185 0 0 61 0 0 0 0 72 0 0 0 0 70 0 0 
11 7 0 0 63 12 2 0 0 50 53 53 41 36 107 19 19 14 10 63 79 97 79 75 109 
59 11 10 5 20 86 60 62 64 64 94 73 78 87 83 39 0 4 0 11 33 11 14 7 20 
18 98 82 18 31 0 107 77 6 6 0 75 48 0 25 0 88 53 7 10 49 140 123 53 95 
149 203 104 97 116 77 66 49 22 22 43 51 23 0 0 42 50 16 0 0 36 44 16 0 0 
96 0 0 15 0 83 0 0 8 0 101 0 0 19 0 100 0 0 0 0 124 16 23 52 29 
66 78 10 19 21 45 41 0 0 1 51 68 16 5 16 64 69 36 36 46 78 74 47 29 44 
36 74 43 70 28 0 59 10 40 12 0 49 5 41 19 0 37 12 23 3 39 98 56 94 74 
0 0 57 27 11 0 0 45 34 0 0 0 45 40 6 43 54 123 95 61 51 47 97 92 62 
29 38 25 22 31 0 0 0 0 0 71 59 57 62 55 0 0 0 0 0 120 107 99 112 110 
42 35 34 31 39 0 0 15 0 0 0 0 20 0 0 49 48 85 58 50 123 92 129 129 118 
32 41 101 44 50 6 0 54 0 4 61 50 121 45 43 0 0 50 1 0 0 0 53 14 0 
0 0 180 32 0 0 0 141 23 0 19 20 156 37 18 0 0 166 23 0 0 0 162 23 0 
46 118 0 0 0 98 157 69 52 56 103 185 30 20 17 110 187 73 57 62 40 108 0 0 0 
59 0 63 65 99 131 61 167 168 180 124 69 152 166 193 121 50 90 100 155 83 6 78 126 118 
105 151 87 74 89 13 58 5 0 0 90 149 79 63 71 56 86 42 21 21 25 72 0 0 0 
0 116 112 165 0 0 131 122 168 0 0 109 123 170 3 0 116 118 158 1 0 129 122 165 0 
12 0 0 134 0 9 0 0 94 0 92 65 87 190 87 11 0 0 100 0 20 0 1 106 0 
53 78 49 43 73 0 50 0 0 26 45 82 41 34 63 6 35 0 0 32 0 59 2 0 33 
111 142 39 62 105 152 213 74 90 165 119 152 63 72 114 78 100 6 18 77 192 247 109 126 168 
78 222 146 97 101 8 48 78 15 3 44 109 106 35 30 29 102 68 15 30 0 77 58 0 0 
4 21 18 1 72 11 29 24 4 107 2 10 15 5 59 60 72 70 41 154 33 35 38 26 95 
771 574 589 479 599 536 267 312 240 245 487 353 371 261 335 406 178 179 139 200 648 414 495 401 396 
84 65 0 0 0 150 141 70 74 70 67 77 0 0 0 89 82 20 13 15 61 55 0 0 0 
169 320 123 153 138 284 412 159 266 196 167 297 86 164 81 49 204 1 36 0 98 228 66 104 49 
0 0 0 0 55 0 0 0 0 61 0 0 0 0 75 0 0 0 0 62 157 188 162 180 202 
65 5 30 1 17 138 14 64 33 36 125 57 98 44 58 159 69 125 75 89 129 27 46 19 24 
150 0 0 54 0 156 0 0 55 0 141 0 0 40 0 168 0 0 46 0 149 0 0 41 0 
159 124 152 220 107 46 3 80 122 6 83 40 127 169 61 50 8 92 100 27 52 2 78 89 3 
69 96 80 155 131 0 14 3 96 44 0 16 4 67 46 0 13 9 88 52 26 41 28 96 55 
93 118 81 31 5 155 164 136 87 109 66 66 61 3 3 210 196 185 103 109 132 134 122 9 46 
58 130 51 57 53 0 55 0 0 0 5 80 4 5 4 0 64 0 0 0 75 153 62 76 65 
0 0 0 19 0 0 0 0 21 0 0 0 0 19 0 0 0 0 21 0 179 188 215 233 225 
46 0 0 22 36 113 84 77 90 99 45 0 0 20 34 42 2 0 19 43 50 0 0 21 34 
61 11 58 137 122 10 3 39 119 119 71 30 58 162 128 21 0 36 103 101 127 95 135 212 237 
0 69 55 0 67 0 71 63 0 71 0 79 53 0 55 0 66 64 0 69 0 84 67 0 66 
50 25 56 43 37 72 57 96 62 55 24 19 40 23 14 55 47 108 83 50 8 0 35 0 0 
74 0 0 0 54 61 0 0 0 48 85 0 0 0 55 66 0 0 0 48 169 83 78 86 144 
84 119 13 137 90 71 154 18 136 117 46 98 2 124 67 213 255 152 260 184 115 209 110 191 140 
82 105 115 87 73 11 40 40 12 11 0 17 49 0 0 61 77 99 60 53 26 32 63 20 14 
0 0 0 140 35 0 0 0 158 28 27 29 16 157 51 0 0 0 149 34 0 0 0 138 38 
0 0 0 153 10 151 129 127 339 172 0 0 0 166 16 123 125 122 256 114 0 0 0 138 6 
51 165 175 203 78 52 128 161 205 26 95 170 167 199 81 78 210 188 224 109 95 161 199 246 84 
0 0 0 1238 0 0 0 0 1239 0 0 0 0 1247 0 0 0 0 1316 0 0 0 0 1247 0 
195 0 0 0 0 197 13 18 17 20 178 0 0 0 0 196 0 0 0 0 166 0 0 0 0 
92 0 0 0 0 117 0 0 0 0 122 0 0 0 0 102 0 0 0 0 206 88 85 89 99 
72 33 32 74 83 47 0 0 35 63 58 0 0 28 41 69 0 0 39 44 103 52 54 93 99 
0 0 204 0 34 0 0 230 0 34 0 0 202 0 29 0 0 201 0 21 0 0 184 0 28 
264 29 114 48 50 235 0 34 0 0 437 107 196 107 112 441 223 351 222 213 292 38 93 53 66 
0 0 1454 0 0 0 0 1481 0 0 0 0 1353 0 0 0 0 1477 0 0 0 0 1443 0 0 
0 0 0 35 0 76 65 49 102 57 0 0 0 24 0 41 46 59 90 50 23 38 36 85 31 
