829 840 597 729 859 1178 1304 1098 1088 1127 736 710 588 642 830 1124 1024 927 1009 1100 703 644 418 531 702 
244 190 250 213 217 0 2 0 0 0 145 113 168 138 139 0 0 0 0 0 0 0 0 0 0 
134 70 39 226 269 92 0 0 182 172 161 58 37 268 277 98 1 0 130 153 77 5 0 135 166 
144 0 125 152 171 192 58 195 226 234 296 123 290 321 337 222 52 182 200 243 142 2 135 202 182 
164 51 96 160 33 140 4 82 129 0 154 23 84 110 21 158 0 55 137 0 316 202 287 328 173 
88 7 19 0 78 72 2 16 0 91 154 74 88 75 155 139 59 79 57 130 184 92 109 91 195 
0 0 0 0 0 0 0 0 0 0 1011 1025 971 995 1038 0 0 0 0 0 0 0 0 0 0 
0 0 0 273 0 0 0 2 266 0 113 107 106 388 117 112 97 96 407 121 0 0 0 256 0 
15 8 14 204 3 0 0 0 203 0 47 57 41 202 37 0 0 0 171 0 3 5 3 203 3 
0 0 0 0 0 0 0 0 0 0 0 0 0 0 0 60 63 68 66 86 190 169 172 206 185 
92 86 72 64 202 0 13 0 0 128 0 2 0 0 116 0 4 0 0 130 104 88 81 81 199 
136 142 142 149 146 0 0 0 0 0 0 0 0 0 0 0 0 0 0 0 81 79 65 67 84 
0 0 0 0 0 0 0 0 0 0 0 0 0 0 0 428 434 419 407 414 190 179 180 189 200 
0 213 0 0 85 0 183 0 0 103 126 357 158 132 218 0 198 0 0 96 0 225 0 0 77 
810 0 0 0 0 806 0 0 0 0 806 0 0 0 0 833 0 0 0 0 838 0 0 0 0 
33 14 187 122 133 34 9 170 152 154 92 91 246 232 179 171 162 330 282 280 118 84 238 205 260 
72 115 77 129 74 59 79 60 97 70 0 35 0 47 0 43 89 43 91 35 0 36 0 43 0 
32 8 11 6 18 117 86 93 89 108 33 0 0 0 15 25 0 0 0 25 113 97 85 95 144 
0 0 167 0 0 0 0 167 0 0 0 0 167 0 0 177 163 303 148 152 0 0 165 0 0 
0 64 46 47 0 0 81 44 46 0 35 100 92 101 33 0 74 49 47 0 0 70 57 43 0 
1 2 2 4 138 165 116 126 159 254 147 129 120 133 229 9 6 0 1 128 84 79 95 85 198 
0 0 0 0 0 0 0 0 0 0 0 0 0 0 0 1000 1058 1072 1042 972 0 0 0 0 0 
0 18 52 132 0 0 17 52 116 0 0 18 45 141 0 0 17 50 139 0 0 15 51 139 0 
67 53 0 0 0 89 74 15 15 14 133 86 35 36 28 88 67 0 0 0 100 93 23 25 28 
105 153 108 201 206 11 58 20 90 88 11 55 25 105 110 0 55 1 71 79 0 52 0 75 89 
120 131 149 90 4 125 131 190 85 0 318 333 360 298 215 121 143 139 94 0 311 261 355 261 160 
73 18 20 94 8 77 0 0 113 0 211 148 131 221 121 75 0 0 97 0 113 40 43 167 37 
120 92 53 50 36 141 106 53 58 34 51 56 16 0 0 93 89 21 12 17 86 49 13 0 0 
0 0 175 72 0 0 0 218 63 0 0 1 229 72 0 0 0 223 58 0 0 0 181 57 0 
120 146 152 108 98 0 49 67 0 0 0 43 61 0 0 36 71 98 34 37 0 42 96 0 0 
71 55 77 73 72 105 127 114 120 112 22 43 44 41 38 0 0 0 0 0 0 0 0 0 0 
0 0 0 173 0 0 0 0 182 0 240 242 226 428 259 0 0 0 179 0 0 0 0 159 0 
0 0 0 0 0 148 132 171 137 139 0 0 0 0 0 0 0 0 0 0 70 58 66 61 80 
122 3 22 100 53 142 40 53 130 103 241 87 99 182 160 94 0 0 79 41 214 79 93 177 125 
0 80 0 0 0 0 78 0 0 0 0 59 0 0 0 108 143 75 118 79 49 121 43 51 51 
0 0 97 0 0 94 87 188 115 113 0 0 98 0 0 9 9 106 4 8 14 13 85 10 17 
244 231 194 261 120 103 113 77 108 0 82 116 69 91 0 264 257 162 267 125 131 143 82 151 0 
0 0 0 0 0 35 38 32 25 27 0 0 0 0 0 70 75 87 80 118 106 110 109 111 139 
0 223 0 175 0 0 180 0 173 0 0 196 2 179 0 0 186 0 175 0 0 196 0 187 0 
0 44 0 124 0 0 54 0 133 0 0 48 0 134 0 59 137 71 210 74 0 51 0 128 0 
0 0 0 0 73 79 67 76 56 131 86 73 72 80 123 0 0 0 0 76 0 0 0 0 76 
96 251 305 56 228 54 197 231 9 159 105 271 326 48 247 114 288 293 103 261 235 359 383 184 324 
0 45 33 0 79 19 60 44 13 88 28 81 87 38 79 0 59 26 0 64 0 61 26 0 68 
147 97 134 147 144 23 0 0 45 0 18 0 0 44 0 20 0 0 50 0 116 78 76 138 102 
78 0 73 0 0 76 0 81 0 0 137 64 119 55 56 111 18 90 13 14 78 0 90 0 0 
0 18 81 0 96 0 13 70 0 108 0 16 75 0 106 0 13 91 0 135 0 13 69 0 101 
13 56 147 84 18 53 69 158 112 62 0 40 122 37 0 47 74 158 107 54 0 26 108 63 0 
0 73 0 0 0 0 83 0 0 0 140 255 130 143 139 0 102 0 0 0 16 91 21 27 30 
0 0 0 92 0 76 100 71 165 104 0 0 0 91 0 0 0 0 105 0 103 88 78 202 83 
52 0 103 50 0 65 0 124 58 0 62 0 102 55 0 51 0 110 63 0 48 0 110 45 0 
77 46 0 29 0 105 73 16 47 24 95 87 0 25 0 111 53 0 41 0 88 60 0 33 0 
0 0 0 0 23 177 158 177 182 192 0 0 0 0 29 0 0 0 0 29 0 0 0 0 32 
105 53 65 124 88 61 40 52 113 83 24 0 0 56 10 31 0 1 50 10 40 14 6 60 28 
34 58 8 6 9 18 51 0 0 0 21 76 0 0 0 133 170 133 130 121 30 76 0 0 0 
0 0 0 21 0 185 170 197 197 164 0 0 0 23 0 0 0 0 22 0 0 0 0 19 0 
71 78 132 137 88 0 0 52 63 0 0 0 74 60 0 0 0 67 53 0 0 0 59 62 0 
63 57 59 48 68 41 0 0 0 11 76 62 48 48 72 29 0 0 0 22 92 49 45 49 60 
0 0 25 0 69 10 6 37 13 94 0 0 33 0 72 9 6 44 7 103 83 76 115 65 156 
54 105 137 64 70 28 79 95 26 26 0 32 70 0 0 0 37 71 0 0 0 38 66 0 0 
0 0 118 0 0 0 0 92 0 0 79 120 220 118 108 0 0 89 0 0 0 0 105 0 0 
115 142 40 63 147 37 46 0 0 100 51 69 0 0 81 47 45 0 0 84 63 47 0 0 101 
0 49 0 23 36 59 115 56 80 94 0 59 0 27 38 0 55 0 39 40 26 65 22 53 63 
9 7 98 5 11 0 0 87 0 0 0 0 83 0 0 36 39 120 27 28 75 77 150 59 85 
0 0 0 49 73 88 81 62 116 162 0 0 0 49 71 0 0 0 36 82 0 0 0 47 72 
114 204 107 96 99 26 125 0 0 0 34 150 6 9 10 25 91 0 0 0 26 93 0 0 0 
71 37 103 43 100 18 0 42 7 61 12 0 45 0 66 15 0 54 5 54 4 0 40 0 54 
37 0 8 0 1 48 0 0 0 0 73 46 50 48 62 84 0 0 4 0 146 92 82 120 103 
37 34 117 47 52 7 0 81 0 0 0 0 77 0 2 6 0 70 0 0 35 29 105 35 15 
0 62 62 0 0 0 63 38 0 0 21 104 77 21 21 32 109 58 40 42 0 62 51 0 0 
15 0 77 0 27 54 41 104 34 59 21 0 66 0 18 10 0 74 0 9 24 0 82 0 17 
0 2090 0 0 0 0 2158 0 0 0 0 2017 0 0 0 0 2104 0 0 0 0 2049 0 0 0 
19 153 130 10 14 88 217 212 80 78 0 142 134 1 0 28 169 139 72 34 0 136 89 0 0 
70 119 103 0 0 59 130 138 0 0 77 136 110 0 0 75 142 128 0 0 73 135 126 0 0 
0 102 0 129 0 81 167 84 203 98 65 185 41 172 52 0 96 0 132 0 0 100 0 100 0 
0 0 0 0 0 1311 1273 1279 1217 1286 0 0 0 0 0 0 0 0 0 0 0 0 0 0 0 
0 0 85 135 0 0 0 82 110 0 0 0 87 133 0 0 0 84 131 0 0 0 75 137 0 
151 50 56 93 47 163 73 65 106 59 98 0 0 44 0 91 0 0 34 0 95 0 0 48 0 
0 136 0 0 90 0 154 0 0 81 0 171 0 0 94 0 145 0 0 75 0 161 0 0 103 
179 293 190 258 100 69 217 46 109 0 353 472 300 416 172 193 359 201 275 73 222 399 310 279 169 
95 74 281 280 84 0 0 190 187 0 115 97 292 300 96 0 0 165 183 2 6 5 203 189 24 
169 133 122 156 274 12 29 5 14 162 8 20 11 7 180 228 227 187 204 386 234 271 268 248 416 
0 68 0 0 0 0 53 0 0 0 0 67 0 0 0 7 63 4 8 4 174 215 177 149 171 
45 23 36 12 42 40 13 26 0 38 40 12 34 0 27 66 13 32 0 41 110 99 90 77 118 
196 67 0 101 0 204 63 0 102 0 205 50 0 103 0 189 62 0 104 0 194 53 0 111 0 
0 0 1450 0 0 0 0 1462 0 0 0 0 1362 0 0 0 0 1481 0 0 0 0 1449 0 0 
76 5 14 60 28 116 58 59 116 84 114 65 69 86 91 66 30 19 71 35 58 0 1 34 13 
107 117 115 83 182 0 0 6 0 48 54 76 74 60 108 0 1 18 0 54 0 0 12 0 60 
43 83 0 109 0 134 176 95 204 81 113 129 87 201 90 51 76 0 104 0 37 68 0 104 0 
90 105 110 104 149 95 96 87 91 139 0 29 0 0 62 0 24 0 0 29 53 79 68 58 107 
0 71 0 0 0 36 151 40 39 33 40 157 36 41 36 27 138 26 26 36 46 150 51 41 62 
33 10 39 31 0 102 71 112 112 62 40 18 47 37 0 45 8 44 30 0 40 20 36 39 0 
151 0 0 0 0 124 0 0 0 0 213 80 99 98 100 123 0 0 0 0 137 0 0 0 0 
0 0 0 0 819 0 0 0 0 775 0 0 0 0 825 0 0 0 0 818 0 0 0 0 762 
122 93 3 143 52 122 97 3 164 81 169 153 46 203 97 118 109 3 153 84 134 145 0 190 52 
127 0 0 0 0 253 95 84 80 73 152 0 0 0 0 147 0 0 0 0 143 0 0 0 0 
0 0 0 0 0 92 55 77 75 69 0 0 0 0 0 181 158 176 185 180 0 0 0 0 0 
0 21 0 142 0 32 55 46 186 32 0 19 0 131 0 0 15 0 135 0 0 20 0 159 0 
163 55 124 118 158 107 0 86 33 66 118 20 106 69 80 223 119 197 129 171 84 0 52 45 58 
43 47 55 128 106 28 21 29 81 74 0 0 0 74 55 0 0 0 46 50 6 10 9 75 53 
0 9 71 0 0 87 114 197 98 101 0 9 77 0 0 70 93 191 52 68 0 8 64 0 0 
197 0 190 0 0 193 0 171 0 0 192 2 183 1 1 169 0 184 0 0 201 16 183 9 9 
330 127 365 153 216 344 144 364 154 215 339 134 358 183 217 200 4 198 43 138 195 68 277 37 124 
67 159 70 84 70 0 88 0 27 0 18 127 29 35 28 0 111 1 17 0 0 80 0 25 0 
0 0 33 0 58 35 45 77 44 111 55 74 88 53 121 0 0 33 0 59 0 0 49 0 58 
0 0 16 0 208 0 0 18 0 195 0 0 32 0 180 0 0 28 0 196 0 0 24 0 197 
0 0 0 50 0 0 0 0 59 0 54 59 42 140 45 0 0 0 59 0 84 77 80 158 86 
118 0 0 121 0 152 0 0 153 0 141 0 0 124 0 134 0 0 138 0 132 0 0 139 0 
10 33 82 63 4 110 159 174 155 99 171 221 240 238 146 13 57 95 90 0 66 82 97 115 29 
119 131 121 117 226 0 0 0 0 78 0 0 0 0 84 27 24 28 24 108 0 0 0 0 92 
119 209 126 117 122 0 110 0 0 0 76 180 82 84 77 2 104 0 0 1 60 163 51 41 57 
141 130 78 81 84 77 46 0 0 0 86 46 4 3 7 67 50 0 0 0 70 58 0 0 0 
1 132 0 0 0 41 179 54 62 74 0 147 0 0 0 68 215 94 99 76 0 128 0 0 0 
0 0 0 0 0 0 0 0 0 0 0 0 0 0 0 0 0 0 0 0 449 418 449 449 410 
0 0 38 0 0 83 95 106 85 99 0 0 36 0 0 93 88 98 70 89 21 34 69 26 31 
8 15 16 17 53 0 0 0 0 36 80 79 71 69 99 0 0 0 0 33 68 98 78 76 106 
0 0 0 130 0 0 0 0 113 0 0 0 0 141 0 0 0 0 146 0 74 74 78 197 81 
0 80 0 39 83 0 71 0 45 80 0 66 0 38 106 0 64 0 36 83 24 88 25 64 129 
0 119 0 0 0 0 113 0 0 0 0 114 0 0 0 0 104 0 0 0 103 194 102 111 93 
0 20 0 0 0 76 81 76 59 76 78 63 70 68 76 0 8 0 13 0 122 138 124 140 116 
0 0 118 55 0 43 45 156 106 50 0 0 102 39 0 0 0 89 38 0 0 0 126 35 0 
61 0 0 0 0 129 63 61 76 71 100 20 18 20 15 134 47 46 52 41 58 0 0 0 0 
83 35 33 111 37 38 0 0 91 0 48 0 0 85 0 83 35 30 120 32 55 0 0 83 0 
0 0 32 23 0 0 0 0 28 0 98 94 102 106 92 0 0 0 26 0 0 0 30 24 0 
39 0 0 76 99 81 66 59 117 171 26 1 4 68 110 48 20 26 90 108 32 29 47 89 103 
3 6 48 95 7 0 0 45 70 0 46 29 99 113 45 27 38 66 108 34 0 0 45 74 0 
76 6 63 71 13 52 7 62 83 31 149 86 147 141 105 88 25 52 78 21 62 0 58 81 1 
59 0 69 0 76 42 0 73 0 67 31 0 88 0 84 116 62 138 73 134 39 0 77 0 69 
100 21 203 90 37 67 2 165 97 30 74 2 164 47 12 207 97 260 138 134 116 36 211 84 60 
8 86 159 31 125 154 210 333 155 273 32 107 205 43 177 0 35 181 5 120 111 158 264 132 235 
26 24 29 67 59 49 43 42 90 85 0 0 0 39 30 0 0 0 26 19 91 105 114 149 127 
19 34 0 95 0 35 52 0 118 0 89 79 53 154 65 32 40 0 127 0 45 36 0 90 0 
0 0 58 0 0 165 151 223 153 179 0 0 62 0 0 0 0 76 0 0 0 0 71 0 0 
16 11 2 0 101 27 4 0 0 91 84 83 59 61 177 29 23 22 16 108 110 158 136 116 191 
81 16 15 7 30 137 81 83 82 95 151 108 112 106 113 59 0 8 0 21 51 17 15 4 38 
18 106 68 17 36 0 84 65 6 10 0 73 41 0 25 0 86 53 6 18 47 126 101 45 84 
149 191 91 102 99 79 67 51 20 22 38 51 16 0 0 45 51 15 0 0 32 50 18 0 0 
90 98 18 22 21 65 60 1 0 0 62 78 23 4 14 65 84 43 40 46 97 84 55 30 45 
38 75 43 71 29 0 62 11 42 16 2 51 11 46 19 0 43 14 31 13 39 104 64 97 78 
0 0 70 32 16 0 0 48 35 4 0 0 53 40 6 47 60 134 117 70 57 56 110 103 73 
31 42 27 27 35 0 0 0 0 0 74 63 63 66 57 0 0 0 0 0 132 111 106 127 119 
39 29 33 31 38 0 0 14 0 0 0 0 18 0 0 46 40 72 50 45 108 86 121 120 107 
35 43 103 48 43 2 8 55 12 18 59 52 124 52 51 0 0 49 0 0 0 0 57 12 0 
0 0 180 32 0 0 0 141 23 0 19 20 156 37 18 0 0 166 23 0 0 0 162 23 0 
46 87 0 0 0 77 105 40 30 29 76 129 17 14 6 88 128 37 38 40 42 77 0 0 0 
99 144 93 66 84 14 52 0 0 0 90 144 77 64 63 34 75 31 18 13 26 63 0 0 0 
0 118 109 164 0 0 128 119 164 0 0 109 122 171 2 0 117 116 156 0 0 127 120 166 0 
20 0 0 214 0 14 0 0 127 0 157 114 136 273 115 18 0 0 169 0 33 1 2 148 0 
145 172 41 94 111 171 254 104 111 204 139 194 77 109 147 80 111 15 31 79 249 296 146 187 215 
60 188 124 83 90 6 48 76 7 0 34 77 103 35 29 25 89 66 11 28 0 69 54 0 0 
9 24 16 10 64 14 31 25 10 100 9 20 16 8 52 56 78 68 49 135 29 38 36 29 86 
669 474 547 431 500 463 197 273 161 219 486 282 297 208 279 336 141 129 60 112 515 327 392 317 350 
84 58 1 4 0 156 144 67 71 62 69 78 0 0 0 87 82 25 16 17 63 54 0 0 0 
171 321 129 146 131 228 374 147 257 170 116 271 72 135 71 40 201 8 32 0 79 217 61 88 31 
0 0 0 0 55 0 0 0 0 59 0 0 0 0 67 0 0 0 0 59 139 166 147 158 190 
89 2 36 0 15 158 10 67 35 35 142 61 97 50 61 171 88 149 87 97 153 30 64 23 35 
150 0 0 53 0 155 0 0 51 0 141 0 0 39 0 167 0 0 46 0 147 0 0 40 0 
145 120 140 213 106 29 1 77 110 2 58 34 96 148 51 32 7 92 69 25 35 0 71 67 0 
68 117 86 180 170 0 6 4 97 48 0 9 3 65 63 0 9 12 103 64 30 36 30 108 64 
134 162 96 73 12 192 188 153 124 120 130 121 100 71 30 243 235 217 148 142 160 184 147 56 68 
59 130 51 57 53 0 55 0 0 0 6 80 4 5 4 0 64 0 0 0 76 155 62 76 65 
0 0 0 17 0 0 0 0 23 0 0 0 0 18 0 0 0 0 20 0 182 189 216 221 223 
8 0 0 0 27 71 88 75 64 93 0 0 0 0 32 0 0 0 0 33 11 7 0 0 24 
60 0 50 111 86 28 3 36 91 79 67 21 46 139 108 31 0 31 92 92 126 75 118 198 200 
0 88 74 0 93 0 90 78 0 95 0 124 61 0 75 0 80 91 0 89 0 116 78 0 86 
72 36 77 47 47 95 71 130 83 72 24 26 52 36 16 75 59 148 94 66 6 0 46 2 0 
81 0 0 0 49 68 0 0 0 50 91 0 0 0 58 66 0 0 0 52 181 96 84 95 162 
93 160 39 163 140 75 165 4 148 159 42 116 10 124 81 211 263 166 260 238 132 230 138 228 182 
72 77 95 79 64 3 26 29 10 6 0 3 34 0 0 59 62 85 42 43 24 20 57 19 13 
0 0 0 140 35 0 0 0 160 28 27 29 16 157 51 0 0 0 149 34 0 0 0 140 38 
0 0 0 151 14 170 150 141 367 187 0 0 0 185 16 132 127 126 284 122 0 0 0 144 10 
37 138 141 174 52 13 100 129 176 29 81 145 180 189 76 47 191 193 250 94 121 134 190 241 78 
0 0 0 1277 0 0 2 0 1287 0 0 0 0 1303 0 0 2 5 1358 5 0 0 0 1310 0 
196 0 0 0 0 197 13 18 17 20 177 0 0 0 0 196 0 0 0 0 166 0 0 0 0 
91 0 0 0 0 118 0 0 0 0 122 0 0 0 0 102 0 0 0 0 207 88 85 89 99 
168 31 63 26 28 139 0 15 2 0 225 59 77 66 70 221 119 166 145 119 206 88 79 67 63 
0 32 0 0 0 0 41 0 0 0 0 0 0 0 0 30 58 18 43 57 0 3 2 0 0 
80 97 176 120 113 0 0 62 3 0 0 0 75 0 0 0 0 83 0 0 237 208 292 242 245 
2 6 0 64 200 116 118 109 188 321 0 20 0 78 234 0 19 0 76 241 114 140 112 167 285 
6 12 84 9 238 4 5 48 9 178 112 109 171 127 287 140 139 212 171 343 0 0 59 0 183 
153 296 327 225 79 192 270 345 228 101 162 271 337 244 126 103 216 289 152 31 54 206 269 147 10 
118 0 0 14 0 100 0 0 0 0 115 0 0 0 0 118 0 0 0 0 154 18 32 32 37 
0 0 193 0 39 0 0 224 0 32 0 0 186 0 24 0 0 186 0 23 0 0 179 0 33 
0 0 50 61 0 80 49 106 103 61 0 0 40 38 0 64 53 108 89 45 45 27 87 81 31 
56 80 43 44 77 0 50 0 0 30 46 77 39 28 59 2 32 0 0 30 1 62 0 0 29 
610 614 640 687 623 0 0 0 0 0 0 0 0 0 0 0 0 0 0 0 0 0 0 0 0 
55 0 0 0 0 62 0 0 0 0 63 0 0 0 0 202 132 145 146 141 52 0 0 0 0 
0 0 0 37 0 77 67 50 103 58 0 0 0 27 0 47 51 62 95 55 44 55 48 100 41 
