1093 1058 1025 1008 1026 1297 1331 1232 1149 1249 831 854 825 882 968 1100 1034 1080 1082 1068 727 647 619 626 716 
185 134 161 168 143 0 0 0 0 0 120 76 129 108 108 0 0 0 0 0 0 0 0 0 0 
110 34 32 192 215 84 0 0 135 160 176 63 72 273 295 69 1 0 94 137 62 0 1 135 135 
255 9 44 6 36 169 0 9 0 0 381 90 129 109 102 370 168 231 205 188 284 53 90 45 55 
0 0 1 167 16 169 149 148 366 195 2 3 0 188 13 136 140 137 294 133 2 0 0 156 12 
124 43 76 98 22 124 11 78 113 2 126 43 73 100 20 119 10 43 106 0 266 197 239 296 176 
91 8 18 0 79 79 6 14 0 93 163 78 93 74 160 135 62 81 56 128 188 91 108 94 198 
0 0 0 0 0 0 0 0 0 0 1030 1026 981 1007 1043 0 0 0 0 0 0 0 0 0 0 
0 0 0 245 0 0 0 3 234 2 101 100 92 360 123 107 101 84 370 127 0 0 0 222 0 
15 9 15 214 5 1 0 0 209 0 38 52 42 202 32 0 0 0 189 0 3 6 3 202 2 
41 174 217 236 50 19 124 198 230 22 117 202 254 283 83 50 215 252 292 93 99 153 224 301 48 
0 0 0 0 0 0 0 0 0 0 0 0 0 0 0 62 70 64 71 79 177 160 166 187 162 
69 97 67 47 168 0 9 0 0 96 0 3 0 0 103 0 4 0 0 106 70 76 77 66 152 
149 155 157 159 166 0 0 0 0 0 0 0 0 0 0 0 0 0 0 0 84 87 71 72 90 
0 0 0 0 0 0 0 0 0 0 0 0 0 0 0 414 412 406 392 403 167 158 151 160 183 
0 207 0 0 85 0 176 0 0 100 130 344 159 143 216 0 198 0 0 98 0 219 0 0 77 
804 0 0 0 0 797 0 0 0 0 788 0 0 0 0 815 0 0 0 0 829 0 0 0 0 
27 9 194 142 187 42 17 192 163 213 128 114 269 224 250 195 163 361 367 313 145 101 272 236 330 
74 115 81 127 68 59 71 63 100 66 0 38 0 44 0 47 86 45 81 45 0 43 0 40 0 
44 5 14 7 17 132 101 119 119 138 32 0 0 0 13 32 0 1 0 24 142 125 111 124 145 
0 0 151 0 0 0 0 139 0 0 0 0 153 0 0 169 139 268 142 141 0 0 161 0 0 
0 64 43 46 0 0 78 43 45 0 35 96 90 97 33 0 71 47 47 0 0 69 55 42 0 
5 0 0 1 145 141 118 107 139 235 149 121 128 113 232 3 1 0 0 131 73 92 116 105 194 
0 0 0 0 0 0 0 0 0 0 0 0 0 0 0 1001 1069 1071 1036 962 0 0 0 0 0 
0 17 50 151 0 0 18 57 125 0 0 23 56 156 0 0 19 53 148 0 0 15 55 160 0 
69 54 0 0 0 88 69 17 15 13 134 85 34 34 28 90 63 0 0 0 100 96 25 25 29 
65 97 56 123 127 8 38 18 56 61 10 36 16 64 74 0 36 0 53 57 0 29 0 52 51 
96 112 106 77 1 84 106 140 80 1 256 282 296 260 182 105 121 121 76 5 247 197 268 206 117 
89 14 25 116 17 91 0 0 132 0 251 166 162 257 142 86 4 0 126 0 126 52 47 197 35 
103 76 38 41 29 123 82 41 56 27 46 41 14 0 0 76 65 18 10 12 74 42 7 0 0 
0 0 180 76 0 0 0 188 59 0 1 0 220 67 0 0 2 188 51 0 0 0 172 53 0 
147 203 220 158 129 1 73 92 0 0 0 53 91 0 0 54 93 140 61 42 0 55 109 0 0 
63 51 67 66 58 96 114 101 111 98 22 39 42 35 37 0 0 0 0 0 0 0 0 0 0 
0 0 0 170 0 0 0 0 179 0 235 239 227 418 249 0 0 0 173 0 0 0 0 158 0 
0 0 0 0 0 164 162 187 160 169 0 0 0 0 0 0 1 0 0 0 76 64 74 72 95 
92 0 0 53 34 116 27 53 89 81 190 61 87 132 138 69 0 0 57 31 170 53 76 127 100 
0 75 0 0 0 0 72 0 0 0 0 57 0 0 0 101 137 74 111 74 48 117 42 46 46 
0 0 123 0 0 93 96 197 116 114 0 0 106 0 0 8 10 108 4 9 14 16 103 9 16 
231 208 180 218 103 112 90 70 104 0 86 88 48 89 0 263 234 155 261 127 133 124 72 128 0 
0 0 0 0 0 38 43 30 25 23 0 0 0 0 0 68 74 78 71 101 113 111 116 114 146 
0 224 0 197 0 0 180 0 189 0 3 200 2 191 2 0 186 0 190 0 0 197 0 203 0 
0 43 0 119 0 0 51 0 130 0 0 47 0 123 0 62 127 62 194 60 0 57 0 115 0 
0 0 0 0 87 97 84 106 83 165 92 93 84 103 157 0 0 0 0 82 0 0 0 0 97 
92 303 295 35 246 36 219 246 9 172 89 294 305 53 252 181 366 356 136 326 238 380 342 161 330 
0 50 34 0 88 20 71 51 15 96 29 88 96 39 85 0 60 29 0 68 0 64 28 0 79 
124 107 128 141 138 13 0 0 40 0 13 0 0 42 0 18 0 0 51 0 94 74 68 119 91 
32 0 0 54 84 90 49 51 97 145 17 0 0 59 67 44 10 21 57 59 40 28 40 91 90 
78 0 71 0 0 69 0 84 0 0 125 60 121 53 56 113 18 83 15 14 71 0 76 0 0 
0 18 81 0 95 0 12 69 0 107 0 16 74 0 106 0 14 91 0 133 0 13 69 0 101 
14 55 139 77 18 55 68 152 100 50 0 35 122 34 0 41 70 157 105 36 0 20 109 57 0 
0 58 0 0 0 0 66 0 0 0 104 206 97 124 111 0 82 0 0 0 14 75 17 22 24 
0 0 0 71 0 61 64 52 123 80 0 0 0 70 0 0 0 0 80 0 71 62 57 147 60 
49 0 93 48 0 57 0 109 54 0 59 0 93 49 0 45 0 102 54 0 43 0 95 46 0 
74 45 0 29 0 99 71 16 47 24 91 83 0 23 0 108 52 0 41 0 87 58 0 32 0 
0 0 0 0 23 177 158 177 182 192 0 0 0 0 30 0 0 0 0 29 0 0 0 0 32 
89 47 57 109 77 58 37 48 94 67 24 0 0 52 6 27 0 0 47 11 37 12 6 55 23 
29 55 8 6 10 17 48 0 0 0 21 73 0 0 0 125 160 123 115 111 27 72 0 0 0 
0 0 0 21 0 186 170 197 198 164 0 0 0 23 0 0 0 0 22 0 0 0 0 19 0 
85 98 152 164 103 0 0 58 69 0 0 0 77 69 0 0 0 77 63 0 0 0 65 67 0 
63 56 59 45 68 41 0 0 0 11 76 61 48 47 73 30 0 0 0 22 92 49 45 49 59 
0 0 25 0 69 9 6 35 12 89 0 0 34 0 69 10 7 42 8 95 81 75 113 64 153 
604 605 622 653 611 0 0 0 0 0 0 0 0 0 0 0 0 0 0 0 0 0 0 0 0 
63 119 157 75 82 36 88 107 28 38 0 35 78 0 0 0 45 79 0 0 0 49 69 0 0 
0 0 110 0 0 0 0 91 0 0 75 114 207 112 101 0 0 85 0 0 0 0 104 0 0 
115 142 49 71 157 50 51 0 0 97 47 68 0 0 81 44 52 0 0 88 66 47 0 0 96 
0 46 0 5 2 46 99 43 47 51 0 55 0 23 1 0 54 0 26 6 6 47 1 8 0 
9 7 101 5 12 0 0 89 0 0 0 0 84 0 0 36 41 122 27 29 77 78 150 62 85 
0 0 0 51 75 88 81 63 117 163 0 0 0 49 73 0 0 0 36 84 0 0 0 47 73 
96 164 78 72 86 22 107 0 0 0 29 115 6 7 10 23 74 0 0 0 23 76 0 0 0 
66 30 100 43 92 19 0 38 5 66 18 0 39 0 73 21 0 51 9 64 9 0 34 14 70 
82 0 8 0 2 93 0 0 0 0 125 63 71 61 79 129 43 46 27 28 185 101 105 114 91 
63 24 114 47 45 32 0 81 0 0 29 0 77 0 0 26 0 70 0 0 81 39 117 43 40 
0 43 0 1 0 37 68 37 39 43 41 81 38 25 30 22 74 40 57 26 0 37 1 6 1 
82 60 76 38 48 26 16 21 0 0 57 61 51 28 45 45 18 26 0 13 34 21 33 0 10 
0 62 63 0 0 9 75 67 12 20 21 104 79 21 21 31 109 64 40 41 0 61 52 0 0 
54 101 55 51 47 38 108 35 40 33 19 82 20 19 29 27 63 27 30 31 0 66 0 0 0 
25 0 80 0 39 64 43 121 39 77 20 0 71 0 18 26 5 91 0 24 26 0 89 0 17 
0 2080 0 0 0 0 2115 0 0 0 0 1993 0 0 0 0 2083 0 0 0 0 1998 0 0 0 
22 114 103 19 13 91 175 159 84 53 7 112 131 4 0 30 174 157 73 52 4 112 73 2 0 
55 114 90 0 0 52 139 121 0 0 72 123 111 0 0 66 130 106 0 0 59 112 111 0 0 
1 110 0 132 0 95 190 114 224 125 74 196 68 215 70 1 108 0 136 0 1 109 0 120 0 
117 165 28 208 132 106 172 21 210 176 80 139 2 200 107 322 375 205 392 297 224 344 195 322 265 
0 0 0 0 0 1259 1214 1221 1172 1243 0 0 0 0 0 0 0 0 0 0 0 0 0 0 0 
0 0 81 131 0 0 0 77 106 0 0 0 81 129 0 0 0 83 127 0 0 0 74 130 0 
174 53 55 110 47 174 66 58 121 64 117 0 0 51 0 85 0 0 42 0 110 0 0 49 0 
0 149 0 0 103 0 167 0 0 76 0 185 0 0 99 0 155 0 0 84 0 172 0 0 125 
161 262 105 216 68 151 251 59 150 46 255 392 196 310 133 162 323 151 187 77 164 384 214 220 151 
50 59 206 193 70 0 0 127 90 17 71 80 169 198 73 5 3 80 100 17 25 29 123 127 42 
154 127 116 162 272 11 34 4 11 156 12 16 10 7 158 242 246 186 194 387 215 255 253 236 409 
0 82 0 0 0 0 55 0 0 0 0 75 0 0 0 8 73 4 8 3 177 230 187 162 157 
53 26 39 13 50 42 15 32 0 41 44 11 38 0 33 75 15 38 0 49 121 108 98 80 132 
203 76 0 100 0 200 66 0 100 0 209 60 0 106 0 194 68 0 113 0 204 64 0 112 0 
55 0 0 0 0 61 0 0 0 0 63 0 0 0 0 202 133 145 145 141 52 0 0 0 0 
71 183 197 126 32 82 172 183 95 21 77 175 166 73 43 57 138 159 61 5 43 182 196 68 23 
98 7 15 58 29 118 84 67 130 72 127 66 80 93 97 77 30 20 65 45 78 0 0 36 17 
115 123 140 91 199 0 0 6 0 47 66 71 87 68 116 0 0 18 0 60 0 0 12 0 70 
36 72 0 73 0 128 147 79 139 57 88 77 27 110 57 48 49 0 66 0 37 53 0 70 0 
84 90 81 86 143 77 77 61 60 92 0 25 0 0 46 0 23 0 0 38 52 72 54 49 95 
0 86 0 0 0 35 133 32 39 36 36 142 34 39 35 26 126 27 28 38 47 140 46 44 52 
33 11 41 34 0 103 71 112 111 62 38 16 46 35 0 47 9 44 35 0 41 20 37 39 0 
1 14 0 92 251 127 151 133 263 386 0 34 0 81 298 0 13 0 108 292 135 161 141 228 372 
15 28 83 6 230 3 3 74 7 163 115 103 176 112 282 140 151 234 168 333 3 10 70 4 189 
148 0 0 0 0 144 0 0 0 0 221 86 99 103 105 129 0 0 0 0 132 0 0 0 0 
0 0 0 0 837 0 0 0 0 805 0 0 0 0 852 0 0 0 0 849 0 0 0 0 784 
101 76 0 143 63 103 93 0 128 57 143 135 52 187 97 95 73 4 142 71 80 93 0 147 60 
111 0 0 0 0 215 83 74 72 63 132 0 0 0 0 127 0 0 0 0 122 0 0 0 0 
54 32 70 45 40 95 76 136 83 76 31 20 47 27 15 69 69 148 94 73 9 0 41 0 0 
0 24 0 153 0 33 60 49 200 33 0 20 0 139 0 0 17 0 146 0 0 21 0 176 0 
114 83 116 153 173 70 0 89 73 68 36 0 84 85 81 139 95 155 144 157 33 0 57 73 51 
43 48 55 128 106 28 22 31 81 74 0 0 0 77 55 0 0 0 48 50 7 10 9 75 53 
0 8 59 0 0 75 85 157 75 81 0 10 63 0 0 47 70 149 47 54 0 5 56 0 0 
111 0 109 0 0 99 0 84 0 0 92 0 100 3 0 68 0 100 0 0 108 11 88 10 10 
0 0 0 0 0 63 49 56 56 64 0 0 0 0 0 139 117 137 141 134 0 0 0 0 0 
304 107 331 128 216 367 189 446 184 263 339 171 389 195 269 187 15 223 44 137 218 52 282 42 123 
72 171 80 95 73 0 106 0 30 0 20 157 35 35 27 0 119 0 18 0 0 89 0 22 0 
0 0 36 0 61 38 49 82 50 129 62 89 98 61 130 0 0 37 0 72 0 0 51 0 67 
0 0 15 0 187 0 0 16 0 178 0 0 28 0 166 0 0 25 0 179 0 0 22 0 182 
0 0 0 50 0 0 0 0 59 0 54 59 45 140 45 0 0 0 59 0 85 78 82 158 86 
99 0 0 107 0 122 0 0 120 0 110 0 0 98 0 104 0 0 124 0 110 0 0 121 0 
12 66 56 57 0 103 205 156 139 110 193 249 211 214 128 8 92 70 69 0 103 140 94 106 57 
116 149 143 116 252 0 0 0 0 91 0 0 0 0 72 25 28 39 22 119 0 0 0 0 91 
115 206 124 117 122 0 111 0 0 0 71 178 81 81 71 3 107 3 0 8 89 194 82 78 95 
160 129 84 92 85 85 45 0 0 0 93 52 5 3 10 71 52 0 0 0 75 61 0 0 0 
0 134 0 0 0 39 206 61 56 67 0 142 0 0 0 64 233 97 97 78 0 130 0 0 0 
92 0 0 0 0 117 0 0 0 0 122 0 0 0 0 102 0 0 0 0 206 88 85 89 99 
0 0 0 0 0 0 0 0 0 0 0 0 0 0 0 0 0 0 0 0 442 409 436 442 391 
0 0 37 0 0 73 79 92 75 86 0 0 31 0 0 77 75 85 59 79 19 25 59 22 26 
8 15 16 17 54 0 0 0 0 37 81 79 72 70 100 0 0 0 0 34 69 99 81 76 107 
0 0 0 127 0 0 0 0 110 0 0 0 0 135 0 0 0 0 139 0 72 71 76 189 79 
0 39 0 33 54 0 42 0 39 69 0 22 0 35 78 0 42 0 31 58 18 43 25 55 86 
71 0 0 0 34 60 0 0 0 23 78 0 0 0 32 62 0 0 0 23 161 83 72 84 123 
0 112 0 0 0 0 108 0 0 0 0 106 0 0 0 0 96 0 0 0 97 185 99 105 92 
0 38 22 35 32 51 56 49 39 63 32 39 16 30 35 0 6 0 8 0 76 99 70 75 68 
0 0 117 55 0 43 45 155 106 50 0 0 101 39 0 0 0 89 38 0 0 0 126 35 0 
11 33 0 0 0 6 57 21 0 14 6 49 0 0 29 15 36 14 23 54 0 39 9 0 23 
59 0 0 0 0 126 62 61 76 69 99 20 18 20 15 130 46 46 52 41 58 0 0 0 0 
195 0 0 0 0 190 6 10 12 11 178 0 0 0 0 196 0 0 0 0 166 0 0 0 0 
83 35 33 111 37 39 0 0 91 0 48 0 0 85 0 83 35 30 120 31 55 0 0 83 0 
0 0 0 21 0 43 27 29 60 22 32 14 34 41 25 0 0 0 24 0 50 51 54 91 59 
0 0 63 43 0 0 0 55 43 0 100 99 148 130 97 0 0 62 47 0 0 0 67 42 0 
79 14 61 138 113 26 5 41 124 87 84 25 50 147 112 33 1 31 102 96 149 86 123 212 213 
0 8 51 109 9 0 0 49 93 0 54 33 118 140 55 26 47 74 124 41 1 0 49 92 0 
53 8 48 48 9 37 2 34 42 18 129 68 118 117 94 58 14 40 50 11 40 0 46 48 0 
42 0 67 0 61 37 0 60 0 54 31 0 79 0 81 100 57 111 70 118 33 0 65 0 65 
117 53 179 98 66 95 20 167 84 44 65 0 119 28 9 164 74 225 122 97 131 48 221 103 85 
7 95 146 33 126 142 220 302 158 266 38 124 194 59 194 0 55 158 6 113 93 172 233 125 248 
31 29 27 70 60 47 47 40 103 88 0 0 0 38 35 0 0 0 29 22 101 109 107 154 118 
24 36 0 95 1 35 54 0 121 0 101 91 48 168 68 28 43 0 123 0 48 41 0 107 0 
0 0 52 0 0 155 137 196 143 161 0 0 57 0 0 0 0 67 0 0 0 0 66 0 0 
50 75 45 67 40 11 23 0 22 0 67 89 60 97 46 9 41 0 36 4 61 58 52 89 30 
9 8 0 0 57 9 0 0 0 53 51 52 41 33 112 13 13 9 6 64 76 99 85 75 113 
63 11 9 5 20 88 63 66 69 67 100 78 83 90 88 41 0 5 0 12 35 12 14 6 22 
19 97 67 16 30 0 85 62 6 6 0 68 39 0 20 0 79 50 5 13 45 118 98 39 79 
138 163 86 94 88 63 59 40 20 18 37 55 17 0 0 37 45 14 0 0 28 39 14 0 0 
0 69 55 0 67 0 71 63 0 72 0 79 53 0 55 0 66 64 0 69 0 84 67 0 66 
95 0 0 49 0 83 0 0 51 0 97 0 0 34 0 100 0 0 23 0 122 13 23 64 29 
65 78 15 21 22 48 44 0 0 2 50 66 16 8 16 64 68 37 39 47 80 75 48 30 45 
37 60 43 70 20 0 44 11 41 10 0 22 0 34 1 0 15 13 31 3 38 91 64 97 69 
0 0 55 27 11 0 0 44 35 3 0 0 43 40 6 43 53 120 94 62 54 50 100 93 63 
30 38 27 22 31 0 0 0 0 0 72 59 60 63 56 0 0 0 0 0 122 108 102 117 112 
45 36 40 35 40 0 0 16 0 0 0 0 19 0 0 57 48 92 59 54 127 95 142 133 125 
40 45 110 43 54 7 10 63 3 14 56 51 131 46 51 0 0 53 0 0 5 7 61 15 5 
0 0 180 32 0 0 0 141 23 0 19 20 155 37 18 0 0 166 23 0 0 0 160 23 0 
43 70 0 0 0 65 93 38 30 28 65 108 15 11 9 79 119 37 37 41 37 66 0 0 0 
81 0 80 83 87 147 62 179 176 173 172 84 182 187 213 151 31 105 111 157 98 3 98 131 116 
121 172 93 76 81 18 84 8 0 0 103 196 86 81 83 52 107 36 25 32 28 81 0 0 0 
0 118 108 167 0 0 129 120 169 1 0 108 124 169 0 0 118 118 164 0 0 131 120 166 1 
0 0 0 154 40 0 0 0 175 35 33 32 17 173 58 0 0 0 156 42 0 0 0 152 48 
17 0 0 155 0 11 0 0 120 0 109 77 118 234 106 17 0 0 114 0 24 1 1 125 1 
47 77 45 46 62 0 61 0 0 30 34 79 38 30 56 4 38 0 0 34 0 61 0 0 28 
115 119 19 59 95 185 235 99 113 197 142 176 69 59 116 91 71 4 20 60 228 250 114 145 174 
64 175 126 85 88 9 42 66 17 6 29 71 102 39 30 23 75 58 12 27 0 66 52 0 0 
0 22 8 0 63 0 22 24 0 96 0 16 8 2 50 58 77 71 48 145 26 43 36 29 94 
0 0 216 0 43 0 0 235 0 32 0 0 218 0 25 0 0 202 0 24 0 0 203 0 28 
582 374 516 336 468 411 164 272 159 203 416 231 316 175 236 323 142 148 47 153 511 303 427 312 357 
88 61 0 3 1 161 152 69 77 71 70 81 0 0 0 89 84 25 14 16 63 57 0 0 0 
134 294 127 123 138 228 377 144 236 175 118 245 78 133 72 35 181 1 31 0 88 203 67 86 53 
21 0 28 74 0 22 0 13 54 0 75 46 69 85 27 87 56 81 109 67 27 0 22 35 0 
0 0 0 0 58 0 0 0 0 71 0 0 0 0 84 0 0 0 0 74 158 192 184 193 233 
75 3 37 0 19 125 12 66 23 34 124 59 107 55 62 179 87 128 77 93 144 31 51 19 40 
59 36 120 124 33 0 0 85 113 0 54 53 147 141 39 0 0 100 102 0 0 0 91 82 0 
150 0 0 54 0 156 0 0 55 0 141 0 0 39 0 168 0 0 46 0 149 0 0 41 0 
178 117 165 246 136 39 1 82 131 0 79 48 133 191 78 33 0 105 93 21 59 0 99 89 0 
0 0 51 55 0 76 51 105 105 70 0 0 45 37 0 65 46 111 87 57 41 36 86 82 28 
70 98 79 162 148 0 9 4 82 41 0 16 5 53 49 0 10 11 80 48 30 35 29 94 55 
158 144 90 91 44 238 199 167 155 151 117 93 39 67 13 282 210 194 166 137 197 193 166 106 108 
111 17 102 0 0 129 13 107 0 0 133 10 101 0 0 125 13 97 0 0 121 19 113 0 0 
60 143 55 66 58 0 61 0 0 0 5 84 5 7 2 0 68 0 0 0 77 160 69 81 68 
0 0 0 16 0 0 0 0 26 0 0 0 0 22 0 0 0 0 20 0 186 208 230 231 227 
59 26 28 68 74 41 0 0 27 57 56 0 0 26 38 57 0 0 34 37 90 41 46 78 82 
0 0 0 37 0 74 61 48 101 55 0 0 0 25 0 40 48 63 92 51 43 47 44 96 39 
64 92 142 118 94 0 0 40 0 0 0 0 76 0 0 0 0 67 0 1 165 196 229 214 213 
0 0 0 1198 0 0 0 0 1192 0 0 0 0 1224 0 0 3 2 1291 3 0 0 0 1225 0 
43 8 0 32 37 116 90 77 99 103 49 9 0 35 39 41 2 0 21 43 49 5 0 29 33 
0 0 1437 0 0 0 0 1463 0 0 0 0 1347 0 0 0 0 1465 0 0 0 0 1437 0 0 
