791 703 552 623 694 1136 1065 955 1063 1047 658 639 494 705 730 1053 924 855 927 963 591 453 378 423 564 
258 224 265 240 233 0 0 0 0 0 149 114 156 130 161 2 0 0 0 0 0 0 0 0 0 
71 28 29 116 159 56 0 0 126 139 104 33 18 144 155 59 0 0 66 101 64 0 0 86 105 
174 0 137 180 173 223 31 169 247 233 351 142 292 349 378 258 41 185 246 229 169 0 112 216 149 
161 40 124 132 30 114 23 74 78 0 119 31 65 112 3 134 7 45 106 1 288 197 254 314 164 
116 9 26 0 102 104 5 20 0 131 203 100 116 80 200 189 81 127 83 182 250 123 138 133 255 
0 0 0 0 0 0 0 0 0 0 1039 1060 1003 1033 1079 0 0 0 0 0 0 0 0 0 0 
0 0 0 262 0 0 0 4 250 2 109 107 94 361 119 115 104 87 383 127 0 0 0 261 0 
14 9 13 184 4 0 0 0 189 0 48 50 36 188 29 0 0 0 159 0 4 7 3 201 3 
0 0 0 0 0 0 1 0 0 0 0 0 0 0 0 67 65 78 63 88 184 181 171 210 174 
64 79 53 44 137 0 10 0 0 80 0 3 0 0 86 0 4 0 0 90 65 65 72 56 136 
138 148 163 161 153 0 0 0 0 0 0 0 0 0 0 0 0 0 0 0 81 79 70 64 83 
0 0 0 0 0 0 0 0 0 0 0 0 0 0 0 432 426 419 405 412 179 166 171 177 194 
0 209 0 0 92 0 182 0 0 100 133 357 161 143 217 0 192 0 0 97 0 225 0 0 86 
802 0 0 0 0 792 0 0 0 0 792 0 0 0 0 824 0 0 0 0 831 0 0 0 0 
10 1 205 161 200 85 67 270 217 265 124 123 317 279 305 234 225 419 367 404 113 82 291 262 323 
77 133 76 131 68 58 79 57 111 68 0 44 0 46 0 32 89 44 88 48 0 41 0 41 0 
22 10 11 5 25 169 106 117 103 139 27 0 0 0 17 19 0 0 0 23 148 132 119 124 165 
0 0 158 0 0 0 0 145 0 0 0 0 161 0 0 177 157 291 149 149 0 0 163 0 0 
0 94 55 68 0 0 113 57 80 0 62 149 125 156 53 0 102 67 65 0 0 117 75 68 0 
0 4 0 0 154 136 109 127 151 240 114 129 101 119 225 2 11 0 0 124 89 89 91 86 212 
0 0 0 0 0 0 0 0 0 0 0 0 0 0 0 1004 1058 1074 1045 975 0 0 0 0 0 
0 24 55 167 0 0 18 61 152 0 0 20 56 174 0 0 21 54 158 0 0 16 66 163 0 
76 113 69 157 154 7 37 19 72 64 14 48 18 76 97 0 42 0 58 76 0 36 0 64 75 
102 137 139 109 2 124 155 223 107 2 319 308 375 332 228 95 147 168 101 4 263 260 356 274 139 
67 11 13 97 6 66 0 0 119 0 203 144 139 225 129 64 0 0 105 1 97 31 41 166 30 
110 84 36 45 33 132 93 49 58 30 48 42 14 0 0 82 73 19 18 14 78 50 13 0 0 
0 0 277 103 0 0 0 249 89 0 0 0 344 100 0 0 0 286 79 0 0 0 260 74 0 
120 166 157 116 97 0 51 69 0 0 0 52 69 0 0 44 69 99 35 32 0 47 95 0 3 
78 63 81 73 65 119 147 129 138 116 26 46 44 43 40 0 0 0 0 0 0 0 0 0 0 
0 0 0 162 0 0 0 0 173 0 205 200 192 369 198 0 0 0 171 0 0 0 0 147 0 
0 0 0 0 0 146 141 170 138 156 0 0 0 0 0 0 0 0 0 0 74 57 68 67 79 
123 2 0 88 44 139 47 62 133 110 250 99 111 182 171 95 0 0 86 50 206 78 103 172 121 
0 87 0 0 0 0 89 0 0 0 0 66 0 0 0 118 170 91 129 84 53 133 51 49 58 
0 0 101 0 0 87 90 186 114 114 0 0 100 0 0 7 12 104 4 9 16 13 82 9 16 
249 201 173 256 98 111 107 70 110 0 84 99 52 90 0 241 213 136 246 98 124 127 66 139 0 
0 233 0 218 0 0 196 0 210 0 9 217 7 212 7 0 197 0 205 0 0 216 0 220 0 
0 38 0 117 0 0 52 0 140 0 0 49 0 144 0 60 134 67 201 71 0 57 0 118 0 
0 0 0 0 77 89 78 86 63 151 90 76 81 86 138 0 0 0 0 79 0 0 0 0 89 
60 265 298 35 208 10 179 243 1 130 65 249 301 73 189 81 279 294 71 196 191 320 352 156 257 
0 55 36 0 94 22 78 51 19 117 34 99 99 47 98 0 66 30 0 81 0 67 29 0 84 
121 100 116 135 146 16 0 0 40 0 15 0 0 39 0 21 0 1 50 0 95 73 67 117 92 
70 0 65 0 0 63 0 75 0 0 114 55 108 48 50 99 16 80 13 12 67 0 74 0 0 
0 19 106 0 109 0 13 78 0 120 0 15 91 0 117 0 16 103 0 153 0 14 78 0 112 
14 41 137 71 19 47 66 135 97 46 0 43 117 33 0 46 64 141 99 37 0 25 95 53 0 
0 68 0 0 0 0 81 0 0 0 143 271 133 142 142 0 104 0 0 0 14 97 21 25 31 
0 0 0 80 0 78 76 67 147 91 0 0 0 91 0 0 0 0 89 0 90 77 80 182 76 
58 0 102 59 0 63 0 132 67 0 67 0 110 64 0 51 0 115 65 0 50 0 110 53 0 
83 56 0 35 0 110 84 18 61 25 100 92 0 27 0 126 60 0 49 0 93 64 0 35 1 
0 0 0 0 43 256 242 253 254 287 0 0 0 0 56 0 0 0 0 50 0 0 0 0 50 
98 54 58 127 94 66 47 58 109 88 23 0 0 60 10 31 0 0 57 11 45 13 9 67 32 
35 64 8 7 10 20 49 0 0 0 25 78 0 0 0 140 168 128 123 118 27 82 0 0 0 
0 0 0 21 0 186 170 197 198 164 0 0 0 23 0 0 0 0 22 0 0 0 0 19 0 
83 96 151 167 112 0 0 60 72 0 0 0 83 72 0 0 0 83 67 0 0 0 70 81 0 
63 57 59 48 68 41 0 0 0 11 76 62 48 48 72 30 0 0 0 22 92 49 44 49 60 
0 0 29 0 86 10 0 46 8 97 0 0 38 0 105 9 2 49 9 111 104 119 166 101 210 
62 124 153 74 88 33 89 111 29 38 0 37 76 0 0 0 43 73 0 0 0 42 73 0 0 
0 0 118 0 0 0 0 98 0 0 83 120 229 120 111 0 0 97 0 0 0 0 113 0 0 
110 117 33 57 138 38 46 0 0 84 48 62 0 0 71 46 45 0 0 84 59 49 0 0 84 
0 49 0 12 15 47 104 44 65 63 0 57 0 20 13 0 54 0 33 20 16 46 13 39 47 
10 7 111 4 15 0 0 101 0 0 0 0 101 0 0 40 45 146 30 37 87 91 191 71 95 
0 0 0 51 75 88 80 63 117 163 0 0 0 48 73 0 0 0 36 84 0 0 0 47 73 
93 164 78 71 82 22 106 0 0 0 30 114 7 7 8 22 74 0 0 0 24 80 0 1 0 
76 36 105 42 105 21 0 42 9 59 18 0 45 0 77 20 0 57 0 63 0 0 35 0 63 
61 0 3 0 5 76 0 11 0 0 96 58 53 55 73 91 18 1 4 0 149 73 88 84 62 
39 33 118 47 46 9 0 81 0 0 0 0 76 0 2 6 0 69 0 0 37 40 104 27 29 
0 62 63 0 0 10 72 48 0 0 20 103 76 21 21 31 109 64 38 42 0 62 52 0 0 
10 0 83 0 29 39 41 110 38 67 6 0 77 0 19 0 0 80 0 20 19 0 89 0 17 
0 2146 0 0 0 0 2221 0 0 0 0 2100 0 0 0 0 2186 0 0 0 0 2118 0 0 0 
21 92 85 12 10 75 145 137 71 50 11 80 69 3 0 28 124 104 60 33 7 95 58 0 0 
62 110 85 0 0 51 122 122 0 0 75 130 112 0 0 63 127 107 0 0 65 116 119 0 0 
0 76 0 95 0 68 138 61 149 80 62 125 37 139 44 0 68 0 104 0 0 86 0 91 0 
0 0 0 0 0 1279 1251 1237 1201 1261 0 0 0 0 0 0 0 0 0 0 0 0 0 0 0 
0 0 80 125 0 0 0 75 106 0 0 0 81 127 0 0 0 81 125 0 0 0 72 128 0 
151 50 49 93 41 160 55 55 110 65 80 0 0 38 0 79 0 0 36 0 83 0 0 43 0 
0 135 0 0 87 0 147 0 1 83 0 165 0 0 88 0 145 0 0 77 0 144 0 0 101 
209 296 182 206 92 128 249 80 92 5 249 354 210 255 116 221 390 265 223 114 151 333 241 161 124 
108 93 285 286 91 0 0 186 204 7 124 128 294 320 101 0 0 172 190 5 18 13 198 184 28 
141 118 109 146 250 7 23 2 5 148 13 12 6 6 154 203 215 167 171 340 209 235 234 218 371 
0 123 0 0 0 0 99 0 0 0 0 117 0 0 0 7 102 4 7 3 268 331 266 253 251 
45 23 39 12 44 41 15 27 0 38 39 13 33 0 31 66 15 30 0 41 107 101 92 75 119 
196 67 0 100 0 202 71 0 104 0 201 51 0 105 0 177 64 0 109 0 203 55 0 112 0 
0 0 1444 0 0 0 0 1463 0 0 0 0 1362 0 0 0 0 1483 0 0 0 0 1448 0 0 
63 3 5 43 17 87 68 50 86 59 84 55 59 64 66 53 27 15 59 33 56 0 0 21 14 
112 115 138 84 187 0 0 8 0 48 65 81 73 57 108 0 0 20 0 56 0 0 14 0 62 
48 96 0 130 0 153 198 109 244 97 143 150 104 244 106 55 81 0 128 0 42 77 0 123 0 
96 106 119 123 175 103 89 81 76 131 0 21 0 0 65 0 21 0 0 29 64 90 66 61 117 
0 80 0 0 0 40 138 40 35 32 39 154 37 33 32 31 132 27 27 37 46 132 43 36 48 
33 11 40 34 0 102 71 108 112 63 41 20 45 37 0 47 6 42 34 0 41 19 35 38 0 
157 0 0 0 0 139 0 0 0 0 241 86 112 105 111 128 0 0 0 0 143 0 0 0 0 
0 0 0 0 837 0 0 0 0 783 0 0 0 0 836 0 0 0 0 829 0 0 0 0 775 
90 121 99 199 181 0 11 5 114 55 0 18 3 85 77 0 14 11 107 62 41 49 41 120 71 
138 0 0 0 0 258 104 87 85 75 161 0 0 0 0 152 0 0 0 0 143 0 0 0 0 
0 0 0 0 0 74 55 70 64 71 0 0 0 0 0 141 119 137 142 135 0 0 0 0 0 
0 21 0 148 0 40 61 51 204 35 0 18 0 140 0 0 13 0 144 0 0 19 0 172 0 
138 50 120 89 151 107 0 79 23 68 117 18 106 57 85 203 126 184 123 190 87 2 46 24 72 
63 73 65 172 158 42 32 40 95 96 0 0 0 92 79 0 0 0 64 57 11 15 10 98 77 
0 9 75 0 0 85 115 204 86 104 0 10 76 1 0 68 93 204 56 76 0 10 80 0 0 
205 5 191 0 0 206 2 170 0 0 198 6 185 4 0 182 1 188 0 0 209 21 182 10 10 
361 126 342 132 238 405 228 440 195 286 354 190 405 200 273 241 31 213 55 151 226 76 256 43 157 
68 165 75 97 73 0 90 0 28 0 17 137 30 38 31 0 112 0 18 0 0 86 0 23 0 
0 0 30 0 56 35 46 78 44 113 55 74 89 53 121 0 0 33 0 61 0 0 49 0 58 
0 0 18 0 215 0 0 16 0 198 0 0 30 0 186 0 0 26 0 204 0 0 27 0 210 
0 0 0 61 0 0 0 0 69 0 60 70 52 164 47 0 0 0 63 0 103 87 95 186 100 
104 0 0 117 0 141 0 0 143 0 132 0 0 121 0 121 0 0 138 0 134 0 0 135 0 
4 39 88 89 14 103 167 191 213 123 165 209 235 237 155 11 69 107 116 21 83 118 132 141 50 
98 120 110 102 202 0 0 0 0 71 0 0 0 0 69 20 22 25 22 98 0 0 0 0 70 
118 209 126 117 122 0 110 0 0 0 75 182 81 81 75 1 106 1 0 13 90 194 82 77 94 
193 174 102 113 104 105 57 0 0 0 105 52 6 7 9 89 65 0 0 0 85 71 0 0 0 
0 130 0 0 1 42 167 55 51 68 0 129 0 0 0 64 193 83 87 71 0 114 0 0 0 
0 0 0 0 0 0 0 0 0 0 0 0 0 0 0 0 0 0 0 0 456 413 457 434 403 
0 0 37 0 0 73 75 88 72 85 0 0 31 0 0 77 75 85 59 79 19 25 59 22 26 
9 18 18 21 66 0 0 1 0 40 94 97 81 74 115 0 0 0 0 41 81 122 97 92 134 
0 0 0 138 0 0 0 0 120 0 0 0 0 150 0 0 0 0 146 0 75 75 80 212 88 
0 75 0 35 79 0 68 0 43 81 1 67 0 39 99 0 63 0 36 83 19 87 27 60 132 
0 25 0 14 0 87 108 89 84 86 82 83 77 80 76 0 20 0 13 0 117 149 118 138 116 
0 0 118 55 0 43 45 157 107 50 0 0 102 39 0 0 0 89 38 0 0 0 128 35 0 
60 0 0 0 0 126 62 61 76 70 99 20 17 20 15 131 47 47 52 42 60 0 0 0 0 
75 34 32 110 36 36 0 0 89 0 45 0 0 84 0 76 34 29 118 32 52 0 0 83 0 
0 0 18 28 0 0 0 20 29 0 101 99 103 120 97 0 0 13 33 0 0 0 25 32 0 
4 7 54 103 7 0 0 51 82 0 50 30 107 126 52 29 41 73 123 34 0 0 50 86 0 
42 4 36 35 7 34 1 31 33 14 101 63 105 92 70 59 15 36 45 14 43 0 43 40 0 
44 0 61 0 70 45 0 69 0 62 33 0 74 0 80 106 59 122 69 119 35 0 65 0 64 
92 42 183 83 48 75 2 170 69 31 65 0 131 11 2 154 74 228 122 99 110 31 207 85 53 
11 110 191 29 118 120 225 311 145 261 31 145 227 49 196 0 50 186 1 141 88 170 257 108 229 
20 23 23 59 49 40 43 34 75 75 0 0 0 31 29 0 0 0 22 17 76 90 94 126 101 
19 33 0 90 0 30 46 0 110 0 79 70 41 134 58 28 36 0 116 0 45 33 0 84 0 
0 0 57 0 0 157 145 216 153 181 0 0 62 0 0 0 0 70 0 0 0 0 72 0 0 
71 12 10 6 23 105 70 70 71 79 111 78 87 100 95 40 0 7 0 14 42 11 17 9 24 
18 114 80 18 35 0 99 76 5 7 0 85 49 0 23 0 93 49 6 13 48 150 104 44 83 
132 176 87 89 90 62 57 38 19 18 36 56 17 0 0 36 46 13 0 0 29 41 14 0 0 
76 89 17 18 21 51 51 1 0 0 62 68 19 9 14 67 60 33 37 45 86 79 49 28 48 
38 76 43 71 29 0 62 11 42 16 2 51 11 46 19 0 43 14 31 13 39 104 64 97 78 
0 0 64 31 13 0 0 47 38 4 0 0 50 44 7 44 60 134 108 71 58 52 103 99 68 
29 37 23 20 31 0 0 0 0 0 71 58 56 62 54 0 0 0 0 0 119 106 98 114 110 
45 37 27 38 39 0 1 0 0 0 0 0 0 0 0 59 55 63 62 62 126 109 108 163 145 
37 42 107 49 52 4 1 56 14 8 51 45 125 54 47 0 0 49 4 0 0 1 48 24 0 
0 0 83 0 0 0 0 75 0 0 19 20 36 0 18 0 0 87 0 0 0 0 80 0 0 
52 84 0 0 0 73 114 42 36 31 75 135 21 16 10 94 152 43 43 53 46 80 0 0 0 
86 119 66 52 64 13 44 3 0 0 73 128 63 52 56 34 72 28 17 13 24 57 0 0 0 
0 125 115 177 0 0 132 126 176 1 0 117 121 171 0 0 126 118 172 0 0 133 123 178 0 
24 0 0 208 0 10 0 0 143 0 128 108 126 254 110 15 0 0 151 0 26 1 1 153 1 
181 211 51 113 153 220 283 97 114 193 187 259 80 138 154 113 158 11 50 97 300 404 169 218 246 
71 180 135 102 102 6 50 73 14 7 29 77 101 37 30 24 86 60 15 29 0 59 47 0 0 
0 21 8 1 62 7 23 18 0 91 0 11 12 0 42 47 64 62 40 122 19 35 34 23 82 
683 498 634 405 521 420 189 297 137 212 466 273 349 175 257 337 110 207 37 157 600 359 481 320 396 
86 63 0 1 0 156 145 67 72 85 88 82 0 0 0 94 93 22 17 18 75 69 0 0 0 
150 282 93 117 137 263 382 139 257 190 140 276 74 139 74 43 189 0 30 0 95 211 49 84 27 
0 0 0 0 52 0 0 0 0 56 0 0 0 0 65 0 0 0 0 58 134 157 141 152 185 
156 0 0 54 0 159 0 0 57 0 144 0 0 41 0 175 0 0 48 0 152 0 0 41 0 
169 156 177 263 136 40 1 98 147 4 87 53 142 191 75 40 18 122 114 30 51 0 112 95 0 
77 88 82 40 10 165 131 155 110 97 67 61 77 23 13 219 178 190 151 124 90 103 110 34 44 
58 130 49 56 53 0 55 0 0 0 6 79 4 5 4 0 64 0 0 0 76 154 62 74 65 
0 0 0 17 0 0 0 0 20 0 0 0 0 19 0 0 0 0 21 0 182 189 220 219 223 
55 8 62 135 90 10 1 28 90 74 72 29 53 135 111 15 0 29 88 82 133 79 119 196 186 
0 96 87 0 105 0 105 85 0 105 1 121 56 0 85 0 87 90 0 109 1 122 81 0 107 
49 24 58 43 33 74 55 95 58 57 22 18 37 20 13 57 46 107 69 55 8 0 33 0 0 
76 0 0 0 56 66 0 0 0 50 91 0 0 0 58 65 0 0 0 52 176 84 84 100 153 
61 81 0 90 49 56 68 0 92 61 61 58 0 111 61 161 167 83 200 139 90 113 31 118 91 
87 102 124 101 79 12 45 45 15 15 0 14 49 0 0 71 83 100 65 52 28 44 64 27 16 
0 0 0 142 35 0 0 0 164 29 27 31 16 162 53 0 0 0 151 36 0 0 0 142 38 
0 0 0 188 9 216 207 176 447 227 0 0 0 205 17 168 184 184 376 164 0 0 0 187 9 
39 126 162 176 55 15 96 123 172 24 72 148 183 177 65 74 166 162 221 93 92 125 180 224 78 
0 0 0 1308 0 0 0 0 1284 0 0 0 0 1321 0 0 0 1 1366 0 0 0 0 1312 0 
227 0 0 0 0 236 16 19 20 24 204 0 0 0 0 241 0 0 0 0 191 0 0 0 0 
92 0 0 0 0 117 0 0 0 0 122 0 0 0 0 102 0 0 0 0 206 88 85 89 99 
233 115 58 130 107 89 0 0 6 14 191 37 39 60 64 167 36 57 122 96 288 191 156 206 196 
19 31 0 0 17 0 29 0 0 5 0 0 0 0 0 46 58 29 51 52 0 0 0 0 0 
67 75 123 99 79 0 0 39 0 0 0 0 55 0 0 0 0 47 0 0 141 161 197 182 183 
1 15 0 92 224 135 143 126 214 359 0 28 0 97 258 0 5 0 92 264 129 162 120 192 312 
10 24 95 14 257 5 4 60 10 208 116 122 194 128 320 157 166 247 202 393 3 2 57 1 208 
121 234 254 197 64 159 266 317 201 99 138 229 296 171 111 52 173 203 108 17 75 196 221 146 23 
118 0 0 4 0 100 0 0 0 0 115 0 0 0 0 116 0 0 0 0 149 19 28 37 32 
43 65 33 24 40 1 51 0 0 9 50 81 45 37 52 7 36 0 0 30 0 45 3 0 19 
613 627 649 689 626 0 0 0 0 0 0 0 0 0 0 0 0 0 0 0 0 0 0 0 0 
80 74 0 0 0 108 82 20 16 15 158 102 43 42 29 101 73 0 0 0 109 106 22 26 35 
43 0 0 66 84 89 50 52 109 138 22 0 0 72 70 52 10 21 67 68 37 30 37 88 94 
11 11 0 0 78 19 2 0 0 65 64 68 45 42 138 23 22 17 13 78 96 115 98 103 138 
55 0 0 0 0 62 0 0 0 0 64 0 0 0 0 202 133 145 145 140 52 0 0 0 0 
81 135 84 122 115 99 244 123 154 176 28 105 43 61 39 121 209 124 172 141 126 216 160 183 169 
0 0 0 0 0 31 34 30 18 22 0 0 0 0 0 59 67 67 65 92 100 94 96 97 127 
135 10 81 13 14 178 2 40 0 7 270 67 144 86 94 288 166 248 161 142 213 50 79 29 46 
10 0 29 0 0 26 0 15 0 0 36 0 28 13 0 86 55 81 56 66 28 3 26 0 4 
0 0 197 0 41 0 0 236 0 35 0 0 204 0 30 0 0 187 0 22 0 0 193 0 29 
103 69 0 115 56 99 77 1 96 76 131 128 31 121 84 90 71 0 109 64 81 98 0 129 56 
55 83 57 83 38 11 35 0 30 0 74 99 67 116 57 10 53 3 46 0 72 70 64 98 34 
0 0 46 56 0 73 49 101 93 57 0 0 39 30 0 57 45 101 76 47 43 30 81 72 26 
