834 818 590 671 827 1092 1189 1091 1118 1048 618 723 543 719 786 1030 951 881 1081 1016 585 533 440 442 614 
232 205 238 231 220 0 0 0 0 0 156 100 160 150 158 0 0 0 0 0 0 0 0 0 0 
114 53 34 201 230 84 0 0 152 160 145 34 38 205 242 61 0 0 110 154 61 1 0 109 107 
137 0 104 155 142 195 56 188 213 225 284 125 257 307 328 218 55 168 192 217 162 0 130 202 166 
155 34 80 154 26 140 10 62 108 0 135 22 69 106 22 135 2 30 112 0 308 198 256 337 196 
91 6 21 0 79 75 0 14 0 99 166 80 94 74 155 143 60 85 57 127 197 96 117 94 202 
0 0 0 0 0 0 0 0 0 0 1011 1022 966 987 1032 0 0 0 0 0 0 0 0 0 0 
0 0 0 258 0 0 0 3 238 0 112 107 97 350 113 110 105 83 392 121 0 0 0 237 0 
13 8 13 183 5 0 0 0 183 0 44 42 39 181 35 0 0 0 162 0 3 6 3 182 3 
0 0 0 0 0 0 0 0 0 0 0 0 0 0 0 65 63 68 73 98 212 192 194 214 187 
76 102 69 59 190 0 11 0 0 119 0 3 0 0 112 0 5 0 0 124 91 84 87 73 204 
136 148 148 160 154 0 0 0 0 0 0 0 0 0 0 0 0 0 0 0 86 85 69 68 82 
0 0 0 0 0 0 0 0 0 0 0 0 0 0 0 428 428 419 403 411 190 176 181 188 201 
0 211 0 0 89 0 185 0 0 96 140 342 157 139 221 0 193 0 0 107 0 221 0 0 81 
817 0 0 0 0 807 0 0 0 0 806 0 0 0 0 832 0 0 0 0 845 0 0 0 0 
13 4 192 134 147 34 9 160 110 155 96 99 259 211 203 162 164 364 312 301 126 78 242 213 269 
96 121 77 152 75 68 69 63 121 72 0 36 0 47 0 46 96 48 91 50 0 37 0 45 0 
35 7 12 6 22 122 104 105 109 119 37 0 0 0 22 24 0 0 0 29 121 113 94 104 135 
0 0 170 0 0 0 0 147 0 0 0 0 171 0 0 191 152 297 152 150 0 0 162 0 0 
0 86 48 55 0 0 95 52 62 0 44 123 110 115 43 0 94 66 60 0 0 98 70 60 0 
0 1 2 2 135 149 127 125 146 270 148 127 125 140 247 1 5 0 0 126 86 88 100 98 202 
0 0 0 0 0 0 0 0 0 0 0 0 0 0 0 1008 1063 1081 1053 976 0 0 0 0 0 
0 18 51 137 0 0 17 53 116 0 0 18 46 145 0 0 17 51 144 0 0 15 52 142 0 
69 51 0 0 0 85 68 18 15 14 135 86 37 34 28 91 66 0 0 0 98 95 22 24 29 
98 157 89 187 187 14 54 19 85 85 12 49 41 98 107 0 56 0 74 69 0 42 2 74 79 
125 129 127 107 5 91 140 186 99 1 303 307 369 305 229 132 132 140 82 1 311 271 352 272 171 
90 24 23 105 14 78 0 0 112 0 217 151 139 227 128 71 0 0 98 1 109 41 43 170 38 
132 113 63 49 36 157 119 56 56 33 58 49 13 0 0 101 105 27 14 23 99 59 11 0 0 
0 0 176 75 0 0 0 204 70 0 0 0 235 68 0 0 0 216 63 0 0 0 188 61 0 
111 141 149 117 91 0 45 65 0 0 0 50 58 0 0 32 61 90 32 42 1 43 87 0 2 
69 58 84 76 75 107 130 120 136 119 28 46 49 38 39 0 0 0 0 0 0 0 0 0 0 
0 0 0 168 0 0 0 0 178 0 236 238 227 421 244 0 0 0 176 0 0 0 0 160 0 
0 0 0 0 0 136 126 161 124 132 0 0 0 0 0 0 0 0 0 0 69 52 61 60 75 
140 1 13 97 64 143 33 47 128 109 262 90 109 196 191 93 0 0 84 38 234 95 105 208 145 
0 77 0 0 0 0 72 0 0 0 0 58 0 0 0 102 141 74 114 75 47 118 42 46 49 
0 0 105 0 0 94 91 193 118 115 0 0 105 0 0 7 9 108 5 8 17 13 89 9 16 
246 233 192 268 109 107 112 75 109 0 87 103 67 91 0 251 249 165 275 108 131 136 86 153 0 
0 0 0 0 0 35 36 33 27 23 0 0 0 0 0 68 77 81 82 110 114 111 111 104 145 
0 229 0 191 0 0 190 0 185 0 0 208 0 192 0 0 193 0 179 0 0 205 0 202 0 
0 42 0 120 0 0 52 0 137 0 0 49 0 139 0 66 143 63 219 77 0 59 0 128 0 
0 0 0 0 74 79 69 79 60 137 83 74 73 80 124 0 0 0 0 73 0 0 0 0 79 
91 269 319 60 221 40 196 248 10 174 102 293 317 72 231 120 301 313 112 269 232 367 399 180 318 
0 46 33 0 79 19 61 45 13 88 28 81 86 38 79 0 59 26 0 64 0 61 27 0 68 
136 109 120 143 143 15 0 0 36 0 13 0 0 46 0 18 0 0 51 0 100 77 65 116 91 
81 0 73 0 0 72 0 81 0 0 130 59 129 54 62 120 18 88 13 12 74 0 81 0 0 
0 17 81 0 96 0 12 69 0 107 0 16 73 0 106 0 14 90 0 133 0 13 68 0 101 
18 55 150 76 21 50 81 160 102 51 0 43 122 40 0 44 69 163 106 40 1 28 110 61 0 
0 81 0 0 0 0 88 0 0 0 146 276 146 152 145 0 105 0 0 0 16 96 22 32 31 
0 0 0 109 0 82 99 77 178 112 0 0 0 97 0 0 0 0 112 0 113 90 86 223 95 
50 0 96 48 0 58 0 117 54 0 60 0 103 52 0 48 0 106 55 0 46 0 105 46 0 
77 46 0 29 0 103 73 16 47 24 92 86 0 25 0 110 53 0 41 0 87 58 0 33 0 
2 0 0 0 44 259 249 254 258 287 0 0 0 0 59 0 0 0 0 55 2 1 0 0 56 
108 55 62 131 85 76 42 55 114 80 25 0 0 62 11 34 0 0 57 14 48 15 8 63 32 
31 57 8 4 10 14 54 0 0 0 22 77 0 0 0 137 164 133 125 120 27 73 0 0 0 
0 0 0 21 0 190 172 200 199 165 0 0 0 23 0 0 0 0 22 0 0 0 0 17 0 
71 79 130 138 88 0 0 52 63 0 0 0 72 60 0 0 0 66 53 0 0 0 56 62 0 
63 57 59 48 68 41 0 0 0 11 76 62 48 48 72 30 0 0 0 22 92 49 45 49 60 
0 0 23 0 69 9 6 37 12 91 0 0 35 0 70 9 6 44 9 95 81 76 116 66 157 
55 102 137 64 70 28 76 95 26 26 0 30 70 0 0 0 33 71 0 0 0 36 66 0 0 
0 0 120 0 0 0 0 96 0 0 81 120 220 119 109 0 0 93 0 0 0 0 112 0 0 
108 128 36 62 152 37 46 0 0 96 55 70 0 0 81 51 50 0 0 89 71 55 0 1 93 
0 49 0 24 36 59 116 57 81 95 0 60 0 27 39 0 55 0 39 41 25 65 22 53 63 
8 7 99 5 12 0 0 87 0 0 0 0 83 0 0 36 39 120 27 28 75 78 150 59 85 
0 0 0 51 73 88 81 63 117 163 0 0 0 49 73 0 0 0 36 84 0 0 0 47 73 
112 183 94 81 97 24 117 0 0 0 30 129 8 8 8 25 85 0 0 0 25 90 3 2 0 
73 35 100 42 94 19 0 42 6 50 11 0 40 0 67 19 0 57 0 63 0 0 40 0 62 
51 0 2 0 1 55 0 2 0 0 85 54 35 48 59 65 0 0 1 4 146 98 81 117 99 
31 34 117 46 46 2 0 81 0 0 0 0 76 0 0 6 0 70 0 0 34 28 100 35 10 
0 61 59 0 0 0 54 53 0 0 21 103 80 20 19 32 109 57 40 41 0 62 52 0 0 
25 0 85 0 37 56 41 110 39 69 18 0 68 0 16 12 0 79 0 6 22 0 94 0 16 
0 2102 0 0 0 0 2168 0 0 0 0 2040 0 0 0 0 2116 0 0 0 0 2032 0 0 0 
10 86 83 14 9 56 132 147 64 58 0 97 87 1 0 26 140 106 54 30 3 91 58 0 0 
68 103 93 0 0 56 117 113 0 0 67 131 107 0 0 71 121 108 0 0 59 114 117 0 0 
0 91 0 120 0 70 152 70 204 85 64 144 33 157 47 0 77 0 108 0 0 92 0 87 0 
0 0 0 0 0 1295 1264 1253 1217 1283 0 0 0 0 0 0 0 0 0 0 0 0 0 0 0 
0 0 80 125 0 0 0 75 105 0 0 0 81 127 0 0 0 81 125 0 0 0 72 128 0 
161 63 59 92 54 184 61 61 127 68 115 0 0 52 0 99 0 0 45 0 102 0 0 55 0 
0 144 0 0 90 0 166 0 0 85 0 166 0 0 96 0 151 0 0 79 0 176 0 0 102 
188 300 178 281 122 121 210 45 128 1 310 461 272 380 149 205 328 181 268 94 219 412 289 316 156 
96 77 297 298 99 0 0 202 205 0 121 102 289 321 99 0 0 176 195 1 11 2 203 191 14 
150 132 127 160 271 17 22 4 23 170 18 16 8 21 181 217 241 184 201 384 258 283 253 276 405 
0 65 0 0 0 0 54 0 0 0 0 71 0 0 0 7 67 4 7 4 174 206 167 143 163 
55 36 44 13 54 42 17 34 0 44 39 14 41 0 31 78 19 34 0 47 130 125 116 86 155 
197 66 0 101 0 204 60 0 102 0 203 41 0 103 0 184 63 0 107 0 188 53 0 113 0 
0 0 1445 0 0 0 0 1467 0 0 0 0 1364 0 0 0 0 1480 0 0 0 0 1443 0 0 
102 4 18 78 34 147 86 69 130 117 135 85 86 116 126 88 33 43 91 43 72 0 1 32 19 
110 121 135 77 180 0 0 6 0 50 59 77 74 58 109 0 0 18 0 56 0 0 12 0 62 
43 83 0 114 0 134 177 94 205 82 112 129 88 207 91 51 76 0 107 0 37 67 0 105 0 
89 113 125 114 156 101 112 87 83 131 0 30 0 0 55 0 23 0 0 32 53 80 60 56 114 
0 76 0 0 0 33 137 37 32 34 37 149 40 35 31 23 135 23 29 32 49 139 39 36 52 
33 10 41 34 0 103 68 112 111 62 43 20 47 37 0 47 9 44 35 0 41 20 37 39 0 
148 0 0 0 0 123 0 0 0 0 208 78 98 96 97 114 0 0 0 0 132 0 0 0 0 
0 0 0 0 821 0 0 0 0 777 0 0 0 0 828 0 0 0 0 818 0 0 0 0 762 
119 97 0 157 59 137 138 0 162 77 215 187 51 224 120 149 130 15 170 102 130 151 3 174 60 
132 0 0 0 0 261 95 89 82 69 154 0 0 0 0 149 0 0 0 0 142 0 0 0 0 
0 0 0 0 0 90 59 80 78 76 0 0 0 0 0 192 159 185 184 189 0 0 0 0 0 
0 22 0 143 0 33 53 45 184 29 0 19 0 132 0 0 16 0 136 0 0 20 0 160 0 
165 62 123 97 164 105 0 89 30 54 112 11 114 49 76 218 119 197 128 187 79 0 45 33 60 
43 48 55 128 106 28 22 31 81 74 0 0 0 76 55 0 0 0 48 50 7 10 9 75 53 
0 10 69 0 0 87 97 196 89 92 0 11 76 0 0 63 89 183 57 60 0 6 67 0 0 
195 0 190 0 0 199 0 174 0 0 190 1 185 4 0 166 2 181 0 0 209 24 183 10 10 
309 119 374 146 219 320 149 384 162 219 341 138 368 167 225 205 0 217 35 118 244 48 269 44 144 
69 160 72 89 69 0 90 0 29 0 17 136 31 37 27 0 109 0 18 0 0 78 0 23 0 
0 0 33 0 58 34 46 78 44 113 55 74 89 53 121 0 0 33 0 61 0 0 49 0 58 
0 0 17 0 207 0 0 16 0 187 0 0 33 0 180 0 0 26 0 198 0 0 27 0 193 
0 0 0 50 0 0 0 0 59 0 54 59 45 139 45 0 0 0 58 0 85 78 82 158 86 
124 0 0 125 0 146 0 0 142 0 151 0 0 127 0 130 0 0 144 0 140 0 0 143 0 
13 47 87 73 0 100 166 170 166 99 173 214 238 244 152 4 49 101 94 5 58 85 107 106 30 
119 139 126 119 234 0 0 0 0 83 0 0 0 0 85 28 33 37 26 119 0 0 1 0 94 
121 211 124 115 121 0 113 0 0 0 75 178 79 84 81 2 106 0 0 0 60 170 47 47 80 
136 126 76 78 78 76 45 0 0 0 85 47 4 4 8 63 47 0 0 0 71 56 0 0 0 
0 123 0 0 0 39 174 51 58 67 0 131 0 0 0 68 201 89 93 67 0 120 0 0 0 
0 0 0 0 0 0 0 0 0 0 0 0 0 0 0 0 0 0 0 0 434 406 442 428 393 
0 0 39 0 0 76 85 96 76 94 0 0 33 0 0 81 79 89 65 86 21 27 61 22 27 
9 14 18 19 55 0 0 0 0 43 96 96 86 76 122 1 0 0 0 41 73 115 90 90 121 
0 0 0 132 0 0 0 0 116 0 0 0 0 151 0 0 0 0 143 0 79 80 81 205 83 
2 76 0 38 86 3 73 0 47 88 0 67 0 41 110 0 72 0 36 89 24 92 30 64 128 
0 113 0 0 0 0 112 0 0 0 0 108 0 0 0 0 100 0 0 0 100 191 100 108 95 
0 26 0 0 0 92 106 87 74 89 80 80 78 81 80 0 15 0 13 0 122 150 126 144 120 
0 0 117 55 0 43 45 155 106 50 0 0 102 39 0 0 0 89 38 0 0 0 125 35 0 
59 0 0 0 0 126 62 61 76 69 99 20 18 20 15 131 47 46 51 41 58 0 0 0 0 
83 35 33 111 37 39 0 0 91 0 48 0 0 85 0 82 33 30 120 32 55 0 0 83 0 
0 0 24 22 0 0 0 0 24 0 101 98 97 108 96 0 0 7 27 0 0 0 17 17 0 
35 0 0 78 100 92 70 81 120 178 31 0 3 72 98 59 21 37 81 104 37 29 41 93 107 
3 10 55 106 7 0 0 49 78 0 49 32 108 134 51 31 43 69 120 37 0 0 51 85 0 
73 4 51 60 16 52 7 54 52 35 136 82 138 134 87 75 26 54 74 24 51 0 57 72 3 
45 0 62 0 67 44 0 72 0 59 33 0 87 0 89 117 58 129 74 139 40 0 66 0 68 
87 16 196 102 39 82 2 160 87 27 71 0 159 26 1 206 88 268 134 119 123 33 221 85 56 
10 88 201 37 152 156 215 346 163 283 27 115 201 42 177 0 36 187 2 124 113 179 283 129 256 
21 22 24 60 50 43 39 35 81 80 0 0 0 31 31 0 0 0 25 17 81 98 98 130 109 
24 43 3 98 2 47 58 0 120 0 95 85 52 156 68 37 46 0 123 0 44 36 0 97 0 
0 0 63 0 0 172 168 219 162 183 0 0 61 0 0 0 0 81 0 0 0 0 75 0 0 
19 8 1 0 85 22 0 1 4 77 66 81 54 49 148 24 19 16 14 85 102 120 112 124 159 
88 11 12 8 31 129 85 86 90 104 156 116 111 117 117 69 0 6 0 25 54 16 21 8 31 
22 132 90 18 44 0 101 81 7 8 0 99 46 0 23 0 102 56 7 23 52 148 119 47 92 
158 192 100 91 104 73 67 46 21 23 37 51 16 0 0 39 55 15 0 0 30 50 15 0 0 
79 92 16 21 20 71 56 0 0 0 56 70 19 9 18 81 90 45 47 53 99 88 62 31 40 
38 75 43 67 27 0 62 11 40 15 0 50 11 44 18 0 42 14 31 13 39 102 64 96 78 
0 0 70 29 17 0 0 43 35 0 0 0 47 42 6 36 56 132 105 63 56 55 109 98 67 
30 41 28 24 32 0 0 0 0 0 77 63 58 67 56 0 0 0 0 0 131 108 110 127 120 
39 29 33 30 38 0 0 14 0 0 0 0 18 0 0 46 40 74 51 45 108 86 121 119 106 
38 45 109 50 48 6 10 61 16 15 57 45 130 55 48 0 0 50 0 1 0 0 59 16 8 
0 0 180 32 0 0 0 141 23 0 19 20 156 37 18 0 0 166 23 0 0 0 162 23 0 
53 94 0 0 0 72 110 38 33 33 86 124 21 16 9 102 133 45 38 45 42 74 0 0 0 
92 129 85 56 71 13 47 2 0 0 91 139 65 64 68 42 78 30 23 17 22 60 0 0 0 
0 116 108 163 1 0 127 119 164 1 0 108 119 167 2 0 117 114 156 0 0 127 118 165 3 
22 0 0 214 0 10 0 0 133 0 163 116 136 277 117 19 0 0 169 0 32 1 0 156 0 
166 203 51 107 135 225 292 120 133 243 151 212 100 118 151 101 118 4 40 83 266 329 175 211 254 
63 172 114 73 92 6 49 71 8 4 32 74 99 27 26 25 77 57 7 27 0 59 53 0 0 
5 27 17 8 63 12 29 23 6 119 8 23 13 5 57 60 85 78 42 150 30 38 40 26 91 
717 483 617 402 526 461 232 303 159 222 476 296 386 180 272 371 187 192 62 152 534 358 450 312 372 
78 63 0 2 0 159 144 71 74 69 69 73 0 0 0 91 84 18 14 18 61 55 0 0 0 
167 310 122 134 124 232 358 142 227 153 106 252 81 124 68 33 200 8 31 0 89 231 66 89 53 
0 0 0 0 53 0 0 0 0 61 0 0 0 0 68 0 0 0 0 61 140 165 154 163 193 
88 5 52 0 19 155 15 65 35 42 160 61 106 65 61 180 100 161 76 110 149 34 67 17 35 
150 0 0 52 0 156 0 0 55 0 141 0 0 40 0 168 0 0 45 0 149 0 0 41 0 
145 116 152 233 113 32 0 76 123 0 74 46 117 181 55 38 9 94 94 18 33 0 83 88 0 
67 112 91 184 161 0 8 6 95 58 0 13 6 72 64 0 13 9 104 52 29 40 30 107 61 
125 141 91 74 12 190 191 146 131 117 112 122 93 60 9 249 224 213 124 133 165 181 126 54 70 
58 130 51 57 53 0 55 0 0 0 6 80 4 5 4 0 64 0 0 0 76 154 62 76 65 
0 0 0 16 0 0 0 0 21 0 0 0 0 19 0 0 0 0 22 0 182 188 209 211 217 
56 4 48 90 94 15 1 38 92 88 69 25 49 124 106 27 0 35 77 79 127 73 110 181 194 
0 92 72 0 88 0 93 79 0 96 0 124 60 0 73 0 85 92 0 90 0 115 78 0 86 
66 35 78 49 53 96 61 123 81 77 28 22 44 29 16 75 57 139 91 77 9 0 39 3 0 
82 0 0 0 54 68 0 0 0 50 91 0 0 0 60 72 0 0 0 51 185 96 83 91 163 
99 159 44 171 118 83 190 34 149 149 44 108 4 148 77 230 284 178 275 233 134 251 159 247 187 
70 82 93 75 62 8 32 35 12 6 0 9 41 0 0 58 63 77 47 45 21 25 54 18 13 
0 0 0 140 35 0 0 0 158 28 27 29 16 157 51 0 0 0 149 34 0 0 0 138 38 
0 0 0 147 14 172 140 146 355 185 0 0 0 172 17 128 144 130 279 125 0 0 0 137 10 
47 132 157 155 61 37 115 142 179 37 88 132 161 170 60 59 186 185 219 104 108 136 167 230 94 
0 0 0 1286 0 0 2 0 1297 0 0 0 0 1301 0 0 5 4 1359 5 0 0 0 1326 0 
195 0 0 0 0 196 13 18 17 20 178 0 0 0 0 196 0 0 0 0 166 0 0 0 0 
92 0 0 0 0 117 0 0 0 0 122 0 0 0 0 102 0 0 0 0 206 88 85 88 99 
172 33 60 40 40 128 0 15 2 0 226 70 80 66 68 215 114 155 136 111 201 75 102 68 68 
0 18 0 0 0 0 38 0 0 0 0 0 0 0 1 24 42 12 33 44 0 0 1 0 1 
54 81 128 103 84 0 0 50 0 0 0 0 56 0 0 0 0 64 0 0 166 171 216 215 202 
5 6 0 67 201 111 118 110 185 322 2 23 0 79 234 0 11 0 82 239 112 135 109 172 288 
14 20 79 6 239 3 4 60 6 174 118 105 168 121 287 146 144 219 172 347 3 0 71 0 200 
130 302 311 226 86 157 250 319 193 69 169 286 303 197 124 83 205 256 114 19 61 222 251 144 0 
119 0 0 13 0 105 0 0 0 0 116 0 0 0 0 110 0 0 0 0 147 20 29 30 36 
0 0 201 0 34 0 0 219 0 30 0 0 204 0 27 0 0 188 0 22 0 0 180 0 33 
0 0 51 64 0 82 54 118 103 66 0 0 42 45 0 70 54 114 95 50 51 31 88 80 33 
51 73 50 48 74 0 46 0 0 24 39 69 31 32 63 0 39 0 0 28 4 58 0 0 27 
610 622 642 690 627 0 0 0 0 0 0 0 0 0 0 0 0 0 0 0 0 0 0 0 0 
55 0 0 0 0 62 0 0 0 0 64 0 0 0 0 202 133 145 146 141 52 0 0 0 0 
0 0 0 42 0 88 71 53 113 67 0 0 0 28 0 55 59 75 101 63 50 56 43 117 44 
