744 718 513 578 703 1041 1061 895 915 965 609 548 388 560 655 872 875 734 801 872 547 501 357 385 555 
308 215 307 269 270 0 4 0 0 0 163 147 181 149 170 0 0 0 0 0 0 0 0 0 0 
120 62 38 218 231 79 0 0 144 184 146 45 31 203 229 63 0 0 91 133 75 0 0 133 141 
153 0 131 170 181 225 30 209 248 229 304 133 298 372 350 264 52 170 235 248 179 0 115 222 167 
138 31 79 117 32 101 4 66 63 0 107 19 60 77 8 108 6 41 87 0 261 171 221 254 160 
107 5 27 1 95 88 0 14 0 123 190 93 103 91 181 168 72 90 69 158 221 108 124 105 237 
0 0 0 0 0 0 0 0 0 0 1057 1054 993 1033 1073 0 0 0 0 0 0 0 0 0 0 
0 0 0 260 0 1 0 3 235 0 112 109 98 372 119 111 110 83 391 118 1 0 0 237 2 
19 9 12 193 8 0 0 0 209 0 39 48 39 197 36 0 1 0 177 0 5 7 5 202 3 
0 0 1 0 0 0 0 0 0 0 0 0 0 0 0 73 81 89 98 100 226 222 204 248 209 
75 81 69 57 166 0 9 0 0 99 0 2 0 0 104 0 4 0 0 109 74 76 77 61 170 
141 144 148 154 159 0 0 0 0 0 0 0 0 0 0 0 0 0 0 0 78 80 63 64 82 
0 0 0 0 0 0 0 0 0 0 0 0 0 0 0 439 432 426 413 425 197 179 185 191 204 
0 202 0 0 84 0 171 0 0 105 113 325 142 97 208 0 186 0 0 98 0 223 0 0 73 
800 0 0 0 0 797 0 0 0 0 792 0 0 0 0 820 0 0 0 0 839 0 0 0 0 
23 0 200 148 202 86 77 252 227 257 125 147 314 231 286 203 201 414 337 335 124 90 282 215 321 
104 159 89 175 83 86 116 74 138 91 0 52 0 53 0 54 124 71 108 69 0 61 0 51 0 
40 8 22 13 34 157 126 152 138 158 35 0 0 0 21 26 0 0 0 32 147 139 125 130 162 
0 0 162 0 0 0 0 141 0 0 0 0 155 0 0 172 133 283 140 152 0 0 155 0 0 
0 91 58 59 0 0 115 59 72 0 67 141 127 147 42 0 92 57 62 0 0 94 68 65 0 
0 0 0 1 150 124 103 106 141 226 133 122 118 113 213 9 0 0 0 118 81 92 103 90 215 
0 0 0 0 0 0 0 0 0 0 0 0 0 0 0 1004 1048 1074 1042 973 0 0 0 0 0 
0 18 52 134 0 0 17 53 117 0 0 18 47 143 0 0 17 50 141 0 0 15 53 145 0 
89 149 75 171 167 7 50 20 77 73 21 51 26 89 101 0 61 0 73 85 0 40 0 69 77 
112 132 152 109 6 109 124 186 100 2 310 319 380 326 223 121 120 152 105 0 290 242 357 260 147 
54 8 11 87 10 68 0 0 112 0 204 151 130 238 118 49 0 0 96 0 93 39 41 166 39 
140 104 51 52 41 154 112 56 59 31 60 59 18 0 0 97 83 18 9 20 104 54 15 0 0 
0 0 231 85 0 0 0 245 75 0 0 0 295 88 0 0 0 259 60 0 0 0 255 60 0 
115 160 151 113 97 0 47 64 0 0 0 48 55 1 0 34 68 96 33 35 0 39 88 0 0 
81 61 82 87 70 135 146 137 133 127 31 43 50 42 47 0 0 0 0 0 0 0 0 0 0 
0 0 0 189 0 0 0 0 195 0 221 233 235 447 236 0 0 0 189 0 0 0 0 173 0 
0 0 0 0 0 150 134 170 128 139 0 0 0 0 0 0 0 0 0 0 70 53 66 66 77 
172 6 34 111 76 161 44 60 153 121 268 103 109 204 188 113 0 0 90 61 238 100 105 185 149 
0 84 0 0 0 0 76 0 0 0 0 63 0 0 0 108 151 80 120 78 57 131 43 46 49 
0 0 95 0 0 84 85 176 105 104 0 0 92 0 0 7 9 97 4 8 14 13 82 9 15 
263 226 216 290 125 116 96 87 127 0 87 89 64 97 0 264 226 170 296 115 154 142 95 157 0 
0 41 0 127 0 0 51 0 131 0 0 50 0 154 0 69 154 66 217 77 0 54 0 129 0 
0 0 0 0 68 74 64 71 56 123 78 67 67 75 116 0 0 0 0 68 0 0 0 0 72 
72 247 294 40 223 42 187 244 10 143 98 264 313 46 231 120 286 299 110 261 237 340 388 160 295 
0 76 49 0 99 23 87 62 15 127 34 116 97 41 119 0 76 43 0 92 0 95 35 0 108 
119 96 107 124 124 17 0 0 39 0 10 0 0 38 0 23 0 0 39 0 101 71 63 124 86 
72 0 74 0 0 67 0 83 0 0 122 62 118 51 54 106 17 87 14 12 70 0 74 0 0 
0 20 85 0 102 0 13 75 0 115 0 16 77 0 113 0 14 99 0 140 0 15 77 0 107 
16 48 141 70 15 58 72 158 99 47 0 49 121 30 0 51 67 153 102 34 0 21 109 59 0 
0 75 0 0 0 0 88 0 1 0 153 277 148 178 162 0 117 0 0 0 16 99 19 25 39 
0 0 0 76 0 64 64 51 134 85 0 0 0 72 0 0 0 0 86 0 72 65 61 159 65 
54 0 98 55 0 61 0 119 60 0 62 0 107 60 0 47 0 117 63 0 48 0 111 59 0 
77 46 0 29 0 103 73 16 46 24 92 86 0 25 0 109 53 0 40 0 87 58 0 33 0 
0 0 0 0 34 237 249 255 253 288 0 0 0 0 55 0 0 0 0 50 0 0 0 0 43 
95 50 60 116 81 64 37 55 105 73 25 0 0 59 11 29 0 0 50 11 40 13 8 64 31 
29 55 8 6 10 17 48 0 0 0 21 73 0 0 0 125 160 123 115 111 27 72 0 0 0 
0 0 0 21 0 193 177 202 201 167 0 0 0 23 0 0 0 0 22 0 0 0 0 19 0 
75 84 137 145 92 0 0 54 66 0 0 0 74 63 0 0 0 70 53 0 0 0 61 64 0 
77 70 73 52 86 52 1 0 0 15 99 81 60 57 84 37 0 0 0 29 108 58 60 56 81 
0 0 28 0 80 4 0 44 10 106 0 0 39 0 93 9 7 45 0 109 105 105 147 90 213 
67 123 153 73 81 31 87 111 28 31 0 40 83 0 0 0 41 85 0 0 0 43 75 0 0 
0 0 123 0 0 0 0 103 0 0 81 120 223 120 111 0 0 96 0 0 0 0 113 0 0 
106 117 34 61 146 41 41 0 0 85 50 62 0 0 74 42 45 0 0 87 65 51 0 0 92 
0 49 0 23 36 59 115 56 80 93 0 59 0 27 38 0 55 0 38 40 26 65 22 53 62 
9 8 112 7 13 0 0 102 0 0 0 0 92 0 0 42 43 133 31 31 82 88 167 70 91 
0 0 0 51 75 86 81 62 117 162 0 0 0 49 73 0 0 0 36 84 0 0 0 46 72 
94 164 78 73 84 22 105 0 0 0 30 115 7 8 9 21 75 0 0 0 24 76 0 2 0 
73 36 104 46 105 20 0 45 11 60 18 0 49 0 76 18 0 56 2 61 9 0 37 0 56 
54 0 11 0 2 58 0 13 0 0 86 56 70 59 77 69 25 0 2 0 125 92 86 92 65 
34 34 118 47 45 0 0 80 0 0 0 0 77 0 0 1 0 70 0 0 35 28 109 37 23 
0 62 63 0 0 0 64 42 0 0 20 103 73 21 21 31 109 58 39 41 0 62 54 0 0 
0 0 86 0 43 9 22 96 15 58 0 0 80 0 20 0 3 82 0 20 0 0 93 0 24 
0 2162 0 0 0 0 2224 0 0 0 0 2066 0 0 0 0 2162 0 0 0 0 2074 0 0 0 
23 112 99 16 19 89 202 199 93 82 7 119 119 4 0 32 169 139 68 39 8 113 93 2 0 
61 109 95 0 0 51 127 116 0 0 75 125 114 0 0 79 139 100 0 0 58 130 111 0 0 
0 107 0 146 0 121 224 108 245 120 98 197 55 218 61 0 124 0 169 0 1 120 0 162 0 
0 0 0 0 0 1296 1233 1261 1222 1278 0 0 0 0 0 0 0 0 0 0 0 0 0 0 0 
0 0 80 125 0 0 0 75 106 0 0 0 80 126 0 0 0 81 125 0 0 0 72 128 0 
124 41 46 78 37 129 46 48 95 56 76 0 0 33 0 72 0 0 34 0 80 0 0 40 0 
0 133 0 0 89 0 157 0 0 78 0 176 0 0 97 0 147 0 0 79 0 163 0 0 104 
150 247 165 191 102 112 247 98 117 21 266 374 236 287 117 240 332 237 258 129 175 316 238 212 133 
93 80 277 273 97 0 0 174 187 0 120 116 280 306 103 0 0 153 182 10 29 26 206 203 29 
144 146 114 176 262 10 28 3 13 165 8 16 12 7 165 228 232 167 194 351 206 241 242 236 402 
0 134 0 0 0 0 125 0 0 0 0 146 0 0 0 5 130 3 3 2 260 373 272 251 258 
42 22 33 10 39 37 13 27 0 36 36 12 33 0 28 60 13 27 0 40 102 94 84 70 111 
206 75 0 100 0 207 72 0 108 0 205 57 0 102 0 189 62 0 100 0 204 58 0 116 0 
0 0 1451 0 0 0 0 1475 0 0 0 0 1369 0 0 0 0 1473 0 0 0 0 1440 0 0 
57 3 5 36 19 79 52 36 78 56 83 51 48 57 59 48 24 17 55 20 43 0 0 18 8 
101 108 115 72 164 0 0 6 0 40 54 72 71 55 98 0 0 16 0 46 0 0 11 0 54 
43 80 0 77 0 133 172 90 171 79 79 96 52 128 61 52 69 0 82 0 37 61 0 80 0 
75 85 74 89 127 79 83 63 58 115 0 29 0 0 43 0 24 0 0 30 59 72 51 50 89 
0 69 0 0 0 30 120 33 32 29 41 128 37 35 31 23 120 23 27 37 40 127 47 37 46 
32 11 41 34 0 103 71 112 111 63 43 21 47 37 0 47 9 44 35 0 41 20 37 39 0 
144 0 0 0 1 125 0 0 0 0 208 79 101 100 99 121 0 0 0 0 125 0 0 0 0 
0 0 0 0 825 0 0 0 0 781 0 0 0 0 837 0 0 0 0 827 0 0 0 0 775 
82 135 94 209 205 0 7 3 100 51 0 16 4 81 73 0 10 9 104 66 31 36 42 116 67 
135 0 0 0 0 262 104 90 95 82 153 0 0 0 0 155 0 0 0 0 149 0 0 0 0 
0 0 0 0 0 82 66 78 69 78 0 0 0 0 0 154 130 154 159 149 0 0 0 0 0 
0 22 0 142 0 32 54 45 184 32 0 19 0 132 0 0 15 0 135 0 0 20 0 160 0 
173 59 133 133 155 104 0 82 36 73 100 13 104 60 86 199 115 175 123 165 81 0 40 36 61 
56 68 76 167 142 42 38 39 108 117 0 0 0 98 76 0 0 0 56 63 9 11 13 91 78 
0 9 63 0 0 81 105 173 90 96 0 10 61 0 0 59 90 160 53 66 0 6 62 0 0 
113 0 111 0 0 107 0 87 0 0 99 0 103 4 1 70 0 106 0 0 110 12 88 9 10 
359 111 358 149 214 408 184 451 223 241 364 147 411 209 247 246 16 254 50 114 221 22 253 39 95 
65 152 69 83 66 0 85 0 27 0 17 128 28 33 27 0 104 0 17 0 0 74 0 22 0 
0 0 34 0 59 36 47 81 44 115 57 75 90 54 121 0 0 34 0 62 0 0 49 0 58 
0 0 17 0 199 0 0 16 0 198 0 0 30 0 174 0 0 26 0 194 0 0 27 0 207 
0 0 0 54 0 0 0 0 62 0 57 68 48 150 49 0 0 0 63 0 91 85 92 177 91 
117 0 0 116 0 161 0 0 145 0 134 0 0 123 0 131 0 0 138 0 133 0 0 138 0 
1 46 87 67 3 110 211 195 187 126 175 237 254 244 161 17 78 110 114 32 87 133 132 149 72 
100 122 112 106 206 0 0 0 0 70 0 0 0 0 70 23 23 27 21 100 0 0 0 0 70 
90 183 93 97 85 0 109 0 0 0 58 166 72 76 68 8 107 2 3 13 94 193 83 77 94 
143 138 76 78 79 80 45 0 0 0 88 49 4 4 8 64 49 0 0 0 72 59 0 0 0 
0 130 0 0 0 50 210 61 68 88 0 154 0 0 0 82 227 94 100 84 0 132 0 0 0 
0 0 0 0 0 0 0 0 0 0 0 0 0 0 0 0 0 0 0 0 443 416 450 435 401 
0 0 33 0 0 70 77 82 70 81 0 0 29 0 0 76 69 81 55 76 19 25 58 22 26 
8 15 16 17 52 0 0 0 0 36 80 79 71 69 99 0 0 0 0 33 68 98 78 76 105 
0 0 0 132 0 0 0 0 114 0 0 0 0 143 0 0 0 0 146 0 76 75 80 201 82 
0 64 0 31 70 1 59 0 38 77 0 55 0 35 90 0 57 0 31 73 18 77 24 55 111 
0 11 0 24 0 72 86 70 66 74 81 74 76 78 75 0 14 0 12 0 122 149 126 145 120 
0 0 117 55 0 43 45 154 106 50 0 0 102 39 0 0 0 88 38 0 0 0 126 35 0 
60 0 0 0 0 128 62 61 77 71 105 20 18 20 15 132 49 46 53 43 58 0 0 0 0 
83 35 33 111 37 39 0 0 91 0 48 0 0 85 0 83 35 30 120 32 55 0 0 83 0 
0 0 63 43 0 0 0 55 43 0 101 98 149 132 97 0 0 62 47 0 0 0 67 42 0 
3 6 53 103 8 0 0 50 75 0 48 30 117 128 53 30 41 73 119 34 0 0 48 78 0 
80 7 64 53 12 56 8 49 55 22 151 108 144 127 96 78 26 72 72 20 71 1 50 56 0 
45 0 59 0 58 47 0 67 0 58 31 0 72 0 81 99 58 124 69 119 34 0 61 0 57 
82 33 167 89 60 74 12 153 93 39 62 0 142 31 19 152 62 223 127 116 92 40 216 101 82 
14 122 167 36 133 125 198 288 108 223 31 120 187 56 165 0 58 167 7 111 69 121 197 79 204 
29 29 26 88 63 55 51 41 100 98 0 0 0 40 35 0 0 0 29 24 90 116 108 146 123 
18 30 0 83 0 24 44 0 101 0 77 69 38 125 54 25 36 0 103 0 40 32 0 76 0 
0 0 56 0 0 163 149 218 153 178 0 0 64 0 0 0 0 76 0 0 0 0 67 0 0 
70 11 12 6 22 92 69 65 71 69 105 86 94 97 93 45 0 4 0 13 39 11 16 8 21 
19 147 84 19 45 1 104 79 7 9 0 91 56 0 30 0 114 58 6 12 46 159 113 43 94 
148 204 106 100 98 68 74 44 26 23 38 70 15 0 0 41 50 22 0 0 30 47 17 0 0 
67 58 2 0 1 74 44 0 0 0 75 56 16 0 18 94 67 51 41 50 90 56 39 0 34 
36 76 40 70 27 0 59 10 42 15 1 51 10 45 19 0 38 13 28 12 38 101 64 96 78 
0 0 68 30 13 0 0 51 40 3 0 0 48 45 8 53 65 151 116 73 58 57 117 114 79 
29 38 26 22 31 0 0 0 0 0 71 59 57 62 54 0 0 0 0 0 120 107 99 114 110 
28 26 23 27 29 0 0 0 0 0 0 0 0 0 0 75 61 108 68 75 110 75 130 139 132 
32 33 99 33 36 0 4 57 0 2 59 45 129 36 42 0 0 52 0 0 0 1 52 0 0 
0 0 84 3 0 0 0 44 0 0 19 20 41 0 18 0 0 65 6 0 0 0 44 4 0 
43 70 0 0 0 66 93 38 30 29 67 108 17 14 9 79 119 37 37 41 37 66 0 0 0 
89 124 71 55 64 12 45 3 0 0 77 131 61 50 57 36 73 30 22 14 22 60 0 0 0 
0 130 128 181 0 0 152 130 177 0 0 123 136 189 0 0 124 126 175 0 0 137 131 187 0 
20 0 0 207 0 15 0 0 143 0 133 108 134 253 108 14 0 1 154 0 28 1 0 153 0 
131 147 20 89 104 182 228 76 118 194 171 212 81 135 146 104 117 16 34 85 257 299 128 188 191 
78 207 150 92 100 9 51 78 16 4 38 91 123 32 34 30 102 71 10 27 0 70 58 0 0 
3 27 13 5 77 6 34 22 1 126 9 16 15 7 60 55 89 72 50 166 36 37 43 29 100 
612 453 538 348 465 426 206 261 133 211 439 279 333 168 274 288 88 123 26 102 509 349 395 292 354 
95 72 0 3 0 179 160 80 78 74 104 89 0 0 0 98 105 26 17 19 77 69 0 0 0 
160 298 108 152 117 256 384 138 271 180 145 293 81 164 86 34 183 1 36 0 102 219 60 101 39 
0 0 0 0 52 0 0 0 0 56 0 0 0 0 65 0 0 0 0 58 134 157 141 152 185 
150 0 0 54 0 156 0 0 55 0 141 0 0 40 0 168 0 0 46 0 149 0 0 41 0 
190 167 195 273 145 47 1 90 136 7 83 44 143 192 67 50 13 97 105 33 44 0 93 88 2 
114 102 81 64 4 172 137 137 100 102 86 71 68 33 3 222 187 190 122 134 125 126 125 58 51 
71 163 66 78 70 0 66 0 0 0 5 102 6 8 5 0 79 0 0 0 90 183 82 102 84 
0 0 0 17 0 0 0 0 23 0 0 0 0 19 0 1 0 0 20 0 181 201 220 220 215 
88 14 75 139 126 29 4 40 125 110 91 27 57 170 138 48 0 41 129 103 167 103 143 253 253 
0 84 61 0 77 0 72 68 0 75 0 87 58 0 61 0 72 67 0 83 0 98 74 0 75 
51 25 62 47 35 77 56 99 62 56 23 18 37 24 13 60 49 109 80 50 9 0 33 3 0 
82 0 0 0 57 69 0 0 0 49 90 0 0 0 61 70 0 0 0 51 186 100 77 89 159 
73 92 0 93 43 44 83 2 108 62 64 80 3 133 76 142 179 110 191 135 91 136 42 123 86 
91 115 120 99 81 13 42 58 15 12 0 14 51 0 0 74 92 111 65 55 33 34 68 21 17 
0 0 0 140 35 0 0 0 158 28 26 29 15 157 50 0 0 0 149 34 0 0 0 138 38 
0 0 0 195 14 239 216 195 484 242 0 0 0 212 18 165 180 168 382 170 0 0 0 191 9 
49 160 166 171 40 29 104 155 169 21 46 121 154 181 70 60 178 200 237 108 94 129 194 241 81 
0 0 0 1275 0 0 0 0 1298 0 0 0 0 1320 0 0 1 3 1363 1 0 0 0 1298 0 
217 0 0 0 0 216 15 21 18 23 192 0 0 0 0 210 0 0 0 0 183 0 0 0 0 
92 0 0 0 0 117 0 0 0 0 122 0 0 0 0 102 0 0 0 0 206 88 85 89 99 
212 93 93 117 109 96 1 0 11 12 161 43 41 55 68 194 41 71 97 89 219 158 137 173 153 
76 64 155 96 87 0 0 57 0 0 0 0 75 0 0 0 0 57 0 0 188 198 255 216 216 
1 4 0 76 201 111 115 111 195 321 1 26 0 68 239 1 7 0 78 230 110 138 109 167 290 
7 12 58 5 230 4 2 55 7 172 108 93 162 120 274 140 144 220 182 354 2 0 54 0 187 
123 261 275 199 94 174 249 317 191 93 169 262 282 184 147 72 168 221 106 19 80 213 246 138 38 
117 0 0 10 0 106 0 0 0 0 115 0 0 0 0 117 0 0 0 0 145 15 31 42 32 
47 68 38 30 52 2 46 0 0 1 51 78 45 40 65 7 34 0 0 29 0 55 1 0 22 
610 633 640 676 624 0 0 0 0 0 0 0 0 0 0 0 0 0 0 0 0 0 0 0 0 
71 66 0 0 0 94 81 16 15 15 152 94 37 40 32 101 69 0 0 0 115 101 25 27 29 
39 0 1 68 82 83 57 47 123 140 24 0 0 71 80 37 16 19 59 64 29 32 38 82 90 
16 10 0 0 72 17 1 0 0 72 65 74 51 44 133 21 24 16 12 77 95 123 93 89 124 
55 0 0 0 0 62 0 0 0 0 63 0 0 0 0 202 133 145 146 141 52 0 0 0 0 
87 131 95 113 143 92 220 128 157 209 24 97 42 62 56 135 179 139 164 168 138 205 171 194 188 
0 0 0 0 0 31 35 30 19 23 0 0 0 0 0 60 69 68 66 92 101 93 97 97 127 
172 10 87 13 18 221 1 61 15 16 302 91 166 105 94 339 159 277 176 169 262 54 98 39 41 
17 0 41 0 0 19 0 17 0 0 34 0 24 13 0 98 76 101 70 83 30 3 33 0 3 
0 0 209 0 36 0 0 225 0 32 0 0 205 0 29 0 0 192 0 22 0 0 185 0 26 
97 71 2 124 45 124 89 1 111 83 137 137 34 157 74 107 64 0 113 65 86 84 0 137 47 
41 66 43 62 32 12 22 0 23 0 61 83 51 85 37 12 42 4 35 3 56 56 54 79 29 
0 0 43 51 0 65 50 91 91 56 0 0 39 32 0 52 43 88 75 43 34 29 70 65 26 
9 0 0 3 33 0 24 0 0 0 0 0 0 0 0 37 55 30 49 71 1 0 2 0 0 
0 240 0 214 0 0 198 0 206 0 7 214 5 202 7 0 205 0 214 0 0 218 0 216 0 
93 18 85 0 0 117 12 101 0 0 118 10 93 0 0 120 9 98 0 0 114 16 100 0 0 
