1102 970 955 925 1013 1277 1338 1228 1182 1283 869 849 780 815 952 1058 947 986 1001 1124 714 569 648 536 714 
131 104 126 120 115 0 0 0 0 0 94 62 93 79 76 0 0 0 0 0 0 0 0 0 0 
53 24 16 77 89 35 0 0 78 63 68 31 19 108 106 31 0 0 42 65 34 0 0 59 58 
848 563 604 469 639 548 199 240 212 246 679 420 370 223 355 512 243 198 165 238 769 510 506 480 559 
0 0 1 179 12 176 144 149 359 183 0 2 0 184 17 137 135 136 307 133 0 0 0 158 5 
164 48 109 143 36 140 13 85 107 3 134 36 95 115 35 135 3 58 108 0 292 179 265 295 175 
101 7 23 0 86 100 5 19 0 104 176 96 105 84 187 180 77 91 68 153 223 107 122 100 232 
0 0 0 0 0 0 0 0 0 0 1013 1027 976 996 1041 0 0 0 0 0 0 0 0 0 0 
0 0 0 217 0 0 0 3 206 1 94 91 85 317 105 92 88 76 323 107 0 0 0 200 0 
13 8 13 164 3 0 0 0 168 0 34 42 32 165 27 0 0 0 144 0 0 6 3 167 0 
208 180 224 302 150 32 0 116 141 3 70 51 137 238 65 33 9 115 103 34 54 0 95 113 0 
0 0 0 0 0 0 0 0 0 0 0 0 0 0 0 52 57 57 58 72 156 138 138 161 140 
63 74 53 49 140 0 9 0 0 85 0 2 0 0 88 0 4 0 0 86 71 74 68 57 139 
143 148 148 159 170 0 0 0 0 0 0 0 0 0 0 0 0 0 0 0 83 83 67 68 82 
0 0 0 0 0 0 0 0 0 0 0 0 0 0 0 430 428 417 407 419 191 177 181 187 205 
0 197 0 0 80 0 165 0 0 93 123 315 143 127 199 0 180 0 0 92 0 212 0 0 75 
796 0 0 0 0 790 0 0 0 0 783 0 0 0 0 813 0 0 0 0 827 0 0 0 0 
11 0 193 146 191 63 19 230 154 188 120 116 288 232 241 180 202 386 351 329 127 77 267 194 282 
100 152 87 167 90 72 93 76 129 86 0 59 0 49 0 55 99 63 116 57 0 50 0 55 0 
29 9 15 9 18 119 98 100 83 114 25 0 0 0 14 23 0 0 0 25 110 106 81 96 119 
0 0 128 0 0 0 0 127 0 0 0 0 135 0 0 163 120 266 122 121 0 0 139 0 0 
0 73 47 46 0 0 87 48 49 0 37 107 100 103 42 0 76 55 53 0 0 78 64 46 0 
6 1 0 2 162 160 123 145 153 271 164 134 121 147 235 3 1 0 0 118 97 86 97 99 203 
0 0 0 0 0 0 0 0 0 0 0 0 0 0 0 976 1037 1044 1016 945 0 0 0 0 0 
0 19 52 138 0 0 18 59 120 0 0 19 50 144 0 0 20 56 141 0 0 15 53 143 0 
74 57 0 0 0 105 73 18 16 16 158 101 38 41 33 106 67 0 0 0 101 96 23 25 32 
129 201 151 293 292 1 34 13 139 104 3 34 17 118 137 0 47 8 127 99 27 71 23 147 114 
88 99 106 68 8 92 118 151 71 1 269 274 278 268 185 103 118 122 67 0 240 216 270 226 133 
91 23 26 109 26 77 0 0 111 0 210 147 140 224 129 79 6 4 104 6 114 50 51 174 44 
121 91 45 60 37 157 103 48 64 31 58 64 15 0 0 99 76 16 11 15 88 54 10 0 0 
0 0 134 56 0 0 0 148 52 0 0 0 179 51 0 0 0 159 42 0 0 0 136 39 0 
150 193 204 146 124 0 67 84 0 0 0 48 91 0 0 54 100 154 68 47 0 52 112 0 0 
63 51 67 66 58 95 114 101 111 98 22 39 42 35 37 0 0 0 0 0 0 0 0 0 0 
0 0 0 164 0 0 0 0 168 0 229 234 219 409 242 0 0 0 169 0 0 0 0 154 0 
0 0 0 0 0 137 126 162 125 132 0 0 0 0 0 0 0 0 0 0 69 52 62 60 75 
100 5 8 69 44 124 37 46 110 95 207 72 85 146 135 74 0 2 68 34 183 71 87 143 119 
0 78 0 0 0 0 76 0 0 0 0 61 0 0 0 102 141 81 114 80 50 122 45 48 50 
0 0 95 0 0 88 89 184 113 106 0 0 94 0 0 9 9 104 4 9 16 14 87 9 16 
262 227 209 289 128 111 103 69 118 0 92 81 62 97 0 282 262 161 293 124 154 119 101 151 10 
0 0 0 0 0 31 35 30 19 22 0 0 0 0 0 59 68 68 65 90 100 94 96 97 127 
0 223 0 204 0 0 186 0 197 0 8 204 7 198 7 0 187 0 194 0 0 202 0 209 0 
0 35 0 103 0 0 45 0 107 0 0 41 0 105 0 53 109 55 163 55 0 50 0 97 0 
0 0 0 0 79 79 65 76 58 135 83 72 75 81 122 0 0 0 0 71 0 0 0 0 76 
96 266 295 63 214 53 228 263 1 158 121 280 377 80 286 142 309 349 116 291 248 364 411 160 324 
0 46 33 0 79 19 60 45 11 87 27 82 87 38 79 0 59 27 0 63 0 61 26 0 67 
100 83 95 106 108 13 0 0 32 0 12 0 0 35 0 16 0 0 38 0 80 59 54 96 73 
28 0 0 53 64 67 41 38 81 113 18 0 1 55 60 34 10 14 51 55 27 25 28 66 70 
69 0 66 0 0 63 0 75 0 0 113 53 107 48 50 99 16 78 13 12 66 0 73 0 0 
0 18 82 0 96 0 12 73 0 109 0 16 75 0 111 0 14 92 0 135 0 14 70 0 102 
18 46 139 72 18 61 79 157 105 46 0 36 119 33 0 44 76 146 88 38 0 22 103 52 0 
0 58 0 0 0 0 66 0 0 0 104 206 97 124 111 0 82 0 0 0 14 75 17 22 24 
0 0 0 71 0 61 64 51 123 81 0 0 0 70 0 0 0 0 80 0 71 63 57 147 61 
49 0 92 48 0 57 0 109 52 0 59 0 93 50 0 46 0 102 54 0 44 0 97 46 0 
79 46 0 29 0 105 75 17 48 25 92 87 0 25 0 110 53 0 41 0 88 58 0 33 0 
0 0 0 0 23 179 159 177 183 194 0 0 0 0 30 0 0 0 0 30 0 0 0 0 32 
90 47 61 110 78 58 36 49 98 68 24 0 0 53 10 28 0 0 48 11 37 13 8 56 27 
30 58 8 7 11 20 50 0 0 0 22 81 0 0 0 134 169 128 123 117 29 74 0 0 0 
0 0 0 21 0 186 170 197 198 164 0 0 0 23 0 0 0 0 22 0 0 0 0 19 0 
71 80 133 139 89 0 0 52 63 0 0 0 74 60 0 0 0 67 53 0 0 0 59 62 0 
63 57 59 47 68 40 0 0 0 11 76 61 48 48 72 30 0 0 0 22 93 49 44 49 59 
0 0 25 0 69 9 6 36 12 89 0 0 34 0 70 10 7 43 8 95 81 75 114 64 153 
590 589 607 640 589 0 0 0 0 0 0 0 0 0 0 0 0 0 0 0 0 0 0 0 0 
55 105 137 64 70 28 79 95 26 26 0 32 70 0 0 0 37 71 0 0 0 39 66 0 0 
0 0 110 0 0 0 0 90 0 0 76 114 207 112 101 0 0 85 0 0 0 0 104 0 0 
90 105 34 50 119 32 38 0 0 76 37 52 0 0 60 39 41 0 0 65 51 40 0 0 70 
0 49 0 23 35 59 115 57 80 94 0 59 0 27 38 0 55 0 39 40 26 65 22 53 63 
9 7 99 4 12 0 0 87 0 0 0 0 83 0 0 35 39 120 27 29 73 77 150 58 83 
0 0 0 51 75 88 81 63 116 164 0 0 0 48 73 0 0 0 36 84 0 0 0 46 74 
94 165 78 72 84 22 106 0 0 0 30 115 7 8 9 22 75 0 0 0 24 80 3 3 1 
79 42 108 58 109 21 0 45 13 70 24 0 51 12 88 22 0 60 13 67 15 0 48 14 72 
29 8 32 7 6 24 0 35 0 0 24 31 58 20 28 47 29 61 13 25 92 60 92 91 71 
66 34 118 48 53 32 0 79 0 4 29 0 77 0 7 26 0 70 0 8 82 41 122 48 46 
59 16 16 0 0 72 15 8 0 0 103 35 47 39 51 88 36 31 19 15 112 67 69 57 45 
0 42 0 2 7 38 82 43 56 51 35 74 38 31 30 29 77 43 52 36 0 39 0 12 6 
87 79 101 49 59 32 30 33 0 5 58 68 60 23 43 44 29 37 0 12 31 32 38 0 7 
0 60 69 0 0 16 80 71 19 20 21 104 81 21 21 32 109 67 40 42 0 61 59 0 0 
58 102 56 52 49 38 110 35 41 33 19 84 20 20 31 28 62 26 27 28 0 63 0 0 0 
29 0 89 0 42 62 43 120 39 77 24 0 82 0 26 35 6 92 2 29 30 0 96 0 27 
0 2029 0 0 0 0 2080 0 0 0 0 1958 0 0 0 0 2040 0 0 0 0 1966 0 0 0 
29 191 181 28 18 83 266 247 93 88 5 175 165 4 0 87 353 202 131 103 7 178 112 0 0 
48 83 65 0 0 44 104 93 0 0 58 95 83 0 0 48 100 76 0 0 48 91 85 0 0 
0 114 0 154 0 91 190 84 244 105 103 181 99 249 76 0 98 0 147 0 1 107 0 131 0 
122 199 31 249 114 91 216 36 265 178 78 134 6 260 138 321 412 275 498 343 201 303 180 363 265 
0 0 0 0 0 1237 1195 1199 1164 1228 0 0 0 0 0 0 0 0 0 0 0 0 0 0 0 
0 0 80 125 0 0 0 75 104 0 0 0 81 127 0 0 0 81 124 0 0 0 72 127 0 
121 41 44 76 36 124 46 45 92 53 75 0 0 33 0 69 0 0 30 0 75 0 0 37 0 
0 136 0 0 84 0 152 0 0 73 0 159 0 0 90 1 144 0 0 72 0 140 0 0 101 
161 247 136 220 132 125 250 118 118 35 281 397 265 295 160 210 323 203 213 140 193 395 262 257 213 
72 53 0 3 0 139 134 65 72 67 80 73 0 0 0 88 80 20 15 15 65 46 0 0 0 
12 19 142 133 50 0 0 93 73 30 61 66 141 148 80 5 0 60 78 33 51 68 151 147 93 
143 110 127 149 256 5 24 3 0 160 13 5 7 2 144 205 213 163 164 360 224 234 241 208 375 
115 9 42 0 16 209 24 71 45 37 195 85 127 68 80 207 124 173 85 135 196 52 64 24 27 
0 80 0 0 0 0 58 0 0 0 0 78 0 0 0 7 83 5 8 3 186 243 213 161 186 
52 22 37 10 41 42 13 28 0 38 38 8 37 0 28 71 13 33 0 40 111 100 87 75 115 
56 206 204 228 67 21 72 172 196 11 93 199 277 290 87 18 129 179 176 2 22 117 132 226 3 
210 78 0 107 0 212 75 0 112 0 211 60 0 106 0 197 81 0 119 1 225 72 5 133 3 
59 17 2 38 39 147 106 92 132 121 60 14 0 43 45 48 10 0 33 49 60 11 0 34 35 
55 0 0 0 0 62 0 0 0 0 64 0 0 0 0 201 133 145 146 140 52 0 0 0 0 
73 187 192 118 41 100 179 181 111 42 99 169 186 80 81 36 116 143 53 0 64 176 204 101 28 
95 3 9 57 20 97 63 53 112 75 96 65 63 88 82 81 25 17 77 28 63 0 0 36 9 
91 100 98 69 156 0 0 2 0 38 50 64 57 51 91 0 0 12 0 43 0 0 7 0 52 
21 46 0 47 0 102 118 65 111 47 57 61 26 79 34 31 37 0 47 0 20 47 0 58 0 
105 122 123 115 163 106 100 82 82 129 0 24 0 0 55 0 26 0 0 33 70 87 65 62 101 
0 62 0 0 0 26 111 28 31 25 31 120 29 30 29 22 105 22 22 28 34 107 37 31 41 
33 11 41 34 0 102 71 112 111 63 42 21 47 37 0 47 9 44 35 0 41 20 37 39 0 
1 24 1 95 217 119 152 126 245 354 0 47 0 115 273 0 23 2 113 271 134 168 137 208 335 
13 28 101 17 236 3 3 78 9 178 113 101 173 119 276 137 147 223 164 329 1 7 83 3 180 
152 0 0 54 0 160 0 0 55 0 145 0 0 40 0 170 0 0 47 0 155 0 0 42 0 
0 0 0 0 822 0 0 0 0 775 0 0 0 0 826 0 0 0 0 817 0 0 0 0 761 
138 112 1 181 70 150 136 0 228 92 199 200 55 292 123 145 114 10 189 106 156 182 7 270 93 
111 0 0 0 0 215 83 74 73 63 132 0 0 0 0 127 0 0 0 0 121 0 0 0 0 
66 41 81 42 46 108 68 115 71 84 30 23 52 22 19 81 61 148 96 63 11 0 39 1 0 
0 21 0 148 0 33 55 46 197 34 0 20 0 139 0 0 16 0 139 0 0 21 0 166 0 
0 0 42 49 0 63 43 87 81 54 0 0 33 29 0 50 43 86 72 41 34 26 70 60 24 
96 61 101 129 152 47 0 63 60 51 21 0 70 81 65 100 45 117 131 112 0 3 64 72 60 
43 49 58 130 107 28 22 30 82 77 0 0 0 84 56 0 0 0 50 51 6 10 9 75 53 
149 158 96 84 23 202 172 141 131 108 126 92 53 59 5 229 174 177 141 101 183 179 144 118 81 
139 0 0 0 0 113 0 0 0 0 199 73 94 98 95 106 0 0 0 0 117 0 0 0 0 
0 8 57 0 0 72 81 151 73 80 0 8 61 0 0 47 66 142 43 52 0 5 53 0 0 
66 28 28 72 83 45 0 0 29 63 62 0 0 31 43 57 0 0 36 42 97 48 51 86 89 
117 0 112 0 0 108 0 88 0 0 94 1 107 4 1 70 0 101 0 0 108 11 91 10 9 
0 0 0 0 0 71 51 71 62 71 0 0 0 0 0 145 116 138 137 137 0 0 0 0 0 
313 148 374 144 233 353 175 461 203 258 358 192 452 248 291 201 30 246 96 124 249 66 339 111 133 
181 268 128 156 131 255 359 140 259 174 137 255 94 157 77 47 175 3 62 0 72 194 52 101 31 
0 0 0 0 52 0 0 0 0 56 0 0 0 0 65 0 0 0 0 58 130 157 140 148 182 
0 0 0 15 0 0 0 0 19 0 0 0 0 18 0 0 0 0 18 0 164 173 198 200 194 
0 0 37 0 59 38 51 82 46 119 60 75 91 57 135 0 0 34 0 63 0 0 50 0 66 
0 0 16 0 188 0 0 16 0 183 0 0 28 0 166 0 0 25 0 178 0 0 23 0 183 
0 0 0 54 0 0 0 0 62 0 57 61 50 152 46 0 0 0 60 0 92 81 87 163 90 
87 0 0 94 0 109 0 0 111 0 99 0 0 89 0 92 0 0 113 0 97 0 0 109 0 
8 55 118 97 9 102 205 222 209 137 204 265 292 298 180 38 93 137 165 50 109 167 165 172 107 
71 174 73 87 73 0 99 0 25 0 17 151 29 36 25 0 112 0 17 0 0 91 0 22 0 
109 129 118 110 209 0 0 0 0 75 0 0 0 0 72 22 23 27 20 102 0 0 0 0 75 
93 185 75 78 80 0 80 0 0 0 13 122 13 12 6 0 94 0 0 0 111 249 90 96 118 
136 125 76 78 77 76 45 0 0 0 85 47 2 4 7 63 47 0 0 0 70 55 0 0 0 
0 103 0 0 0 35 150 46 49 53 0 112 0 0 0 57 189 73 72 59 0 106 0 0 0 
91 0 0 0 0 117 0 0 0 0 122 0 0 0 0 102 0 0 0 0 206 88 85 89 99 
0 0 0 0 0 0 0 0 0 0 0 0 0 0 0 0 0 0 0 0 428 401 445 425 390 
59 52 73 46 45 42 10 71 19 13 16 0 40 0 0 52 38 76 34 28 74 37 78 55 42 
0 0 37 0 0 72 78 92 75 87 0 0 31 0 0 78 76 85 59 79 19 25 59 21 27 
8 14 16 17 51 0 0 0 0 36 80 79 71 69 99 0 0 0 0 33 68 98 78 76 105 
0 0 0 127 0 0 0 0 111 0 0 0 0 135 0 0 0 0 139 0 72 71 76 190 80 
0 68 0 33 71 0 63 0 37 77 1 55 0 36 91 0 60 0 32 70 19 78 25 55 112 
75 0 0 0 48 61 0 0 0 46 79 0 0 0 52 65 0 0 0 45 163 85 77 84 143 
0 99 0 0 0 0 102 0 0 0 0 94 0 0 0 0 81 0 0 0 70 140 54 84 67 
27 58 43 53 46 44 60 47 30 44 50 51 38 40 50 0 5 0 0 0 86 100 79 82 68 
0 0 117 55 0 43 45 155 106 50 0 0 102 39 0 0 0 89 38 0 0 0 126 35 0 
33 74 39 20 66 15 70 24 12 49 9 55 7 4 44 47 76 57 50 99 0 41 14 0 46 
59 0 0 0 0 126 62 61 76 69 99 20 18 20 15 131 47 46 52 41 58 0 0 0 0 
195 0 0 0 0 197 13 18 17 20 178 0 0 0 0 196 0 0 0 0 166 0 0 0 0 
83 34 33 111 37 39 0 0 90 0 48 0 0 84 0 82 35 30 120 32 55 0 0 83 0 
0 14 0 40 0 54 59 53 92 48 40 45 43 77 40 0 15 0 40 0 50 65 55 111 59 
0 0 62 43 0 0 0 55 43 0 101 99 149 132 97 0 0 62 47 0 0 0 67 42 0 
73 8 66 152 129 41 9 43 149 115 77 29 55 159 128 38 0 38 106 100 156 101 132 231 251 
3 7 52 111 7 0 0 51 83 0 56 34 111 137 49 30 44 81 121 37 0 0 53 86 0 
60 6 43 51 14 52 8 40 44 18 143 81 129 118 95 84 19 55 66 16 56 0 58 43 0 
0 0 0 39 0 80 72 53 123 59 0 0 0 29 0 59 51 77 99 55 45 54 45 110 43 
41 0 62 0 59 41 0 63 0 59 27 0 77 0 77 93 53 118 73 119 39 0 61 0 57 
82 26 142 106 45 54 16 119 107 32 55 0 108 56 18 163 96 215 159 117 83 34 170 99 56 
2 113 163 33 130 137 260 323 146 282 32 149 206 59 192 0 93 168 0 120 102 224 259 144 271 
20 21 23 60 49 40 37 34 77 75 0 0 0 31 32 0 0 0 23 17 78 93 95 126 106 
18 32 0 87 0 30 50 0 111 0 79 87 41 140 55 26 39 0 115 0 41 33 0 84 0 
0 0 50 0 0 153 137 191 133 162 0 0 57 0 0 0 0 70 0 0 0 0 63 0 0 
54 91 68 84 47 11 43 0 20 0 90 116 80 124 75 22 66 14 38 20 81 78 80 103 39 
11 7 0 0 60 12 2 0 0 50 53 53 41 36 105 19 19 14 11 63 79 97 79 74 109 
58 11 9 6 23 84 56 61 63 67 93 74 77 87 89 40 0 3 0 14 35 8 16 5 20 
21 118 77 18 34 0 86 77 10 7 0 83 46 0 18 0 89 55 6 15 45 137 113 43 88 
140 169 88 93 92 64 62 40 19 18 40 56 15 0 0 38 45 14 0 0 29 47 16 0 0 
0 69 54 0 67 0 71 62 0 72 0 79 53 0 55 0 66 64 0 69 0 84 67 0 66 
20 0 30 80 0 16 0 14 45 0 70 40 68 80 24 91 53 84 113 70 34 0 27 43 3 
95 0 0 83 0 83 0 0 82 0 99 0 0 84 0 100 0 0 71 0 123 14 23 112 27 
80 144 87 89 95 0 76 0 0 0 44 123 49 44 44 0 64 0 0 0 34 88 34 31 34 
60 70 0 15 11 48 34 0 0 0 41 46 12 0 11 60 60 27 35 43 65 59 38 22 39 
42 27 88 84 24 0 0 62 85 0 40 36 102 99 32 0 0 72 77 0 0 0 64 64 0 
38 76 43 72 29 0 62 11 42 16 2 51 11 47 19 0 43 14 31 13 40 104 64 97 78 
0 0 56 26 11 0 0 45 34 0 0 0 44 40 6 43 53 122 94 61 54 49 100 92 63 
29 38 26 22 31 0 0 0 0 0 71 59 57 62 55 0 0 0 0 0 120 107 99 114 110 
39 29 32 31 38 0 0 14 0 0 0 0 18 0 0 46 39 74 51 45 107 86 121 120 107 
40 45 110 57 59 6 9 61 20 22 62 53 131 62 57 0 0 52 7 8 5 8 65 29 19 
0 0 180 32 0 0 0 141 23 0 19 20 156 37 18 0 0 166 23 0 0 0 162 23 0 
44 80 0 0 0 82 104 42 33 29 70 124 21 15 9 83 129 43 43 48 41 73 0 0 0 
66 0 74 53 82 150 49 150 151 165 142 72 163 160 202 125 35 102 93 140 82 4 90 121 117 
88 115 78 56 69 12 49 3 0 0 79 136 63 54 55 35 73 30 18 17 26 60 0 0 0 
0 116 106 163 0 0 128 118 164 0 0 109 118 166 0 0 117 116 157 0 0 126 117 161 0 
0 0 0 146 36 0 0 0 165 28 28 30 16 159 52 0 0 0 156 34 0 0 0 145 39 
13 0 0 131 0 9 0 0 95 0 91 63 87 187 84 11 0 0 99 0 20 1 0 105 1 
46 66 39 32 57 10 48 9 1 28 43 64 38 29 55 6 31 0 0 36 9 58 1 7 32 
100 107 13 50 66 169 217 99 86 172 130 150 46 78 108 75 72 1 20 38 213 220 106 136 153 
89 16 80 0 0 100 11 91 0 0 111 9 86 0 0 109 8 85 0 0 102 14 94 0 0 
0 0 0 197 0 7 8 5 196 3 0 0 0 194 0 0 0 0 208 0 0 0 0 182 0 
52 60 112 81 58 0 0 41 0 0 0 0 51 0 0 0 0 50 0 0 140 172 174 151 163 
56 149 101 70 76 6 49 61 10 4 27 62 89 33 28 21 66 52 12 20 0 52 46 0 0 
31 0 15 0 0 41 0 0 0 0 74 0 27 28 12 80 55 87 60 49 34 5 11 0 0 
5 22 15 8 71 8 32 24 6 118 3 17 10 8 58 58 90 75 47 153 21 46 39 27 92 
0 0 182 0 32 0 0 217 0 27 0 0 182 0 25 0 0 184 0 22 0 0 171 0 26 
45 12 29 30 49 37 0 26 6 12 68 0 39 22 28 94 54 71 41 68 52 0 5 3 13 
0 0 0 971 0 0 0 0 982 0 0 0 0 983 0 0 3 2 1045 2 0 0 0 1010 0 
0 0 1416 0 0 0 0 1432 0 0 0 0 1326 0 0 0 0 1437 0 0 0 0 1408 0 0 
53 2 20 53 57 21 0 0 37 47 108 36 72 102 95 58 0 12 51 45 46 0 19 49 44 
