803 786 651 763 720 1006 1085 905 969 927 674 638 562 627 682 914 914 802 927 928 572 514 398 406 537 
180 137 175 153 153 0 0 0 0 0 133 76 130 109 117 0 0 0 0 0 0 0 0 0 0 
116 39 32 155 193 66 0 0 141 122 168 65 52 235 263 60 0 0 97 125 71 0 0 123 109 
9 0 66 92 2 126 70 151 138 104 12 3 78 67 5 95 65 167 152 74 68 42 122 109 46 
188 60 114 180 60 139 16 89 116 2 143 31 92 118 19 156 7 59 135 0 304 173 264 311 180 
120 3 29 1 100 97 1 20 0 139 195 97 112 91 190 153 62 104 62 162 249 112 147 114 269 
0 0 0 0 0 0 0 0 0 0 1031 1035 986 1019 1057 0 0 0 0 0 0 0 0 0 0 
0 0 0 250 0 0 0 3 243 0 110 99 93 358 109 99 98 88 373 115 0 0 0 238 0 
17 8 13 182 5 0 0 0 188 0 38 44 35 190 31 0 0 0 166 0 3 7 3 183 3 
0 0 0 0 0 0 0 0 0 0 0 0 0 0 0 64 70 65 67 90 196 163 161 194 163 
65 97 67 64 160 0 9 0 0 92 0 3 0 0 106 0 6 0 0 111 75 74 84 74 150 
126 134 135 145 137 0 0 0 0 0 0 0 0 0 0 0 0 0 0 0 76 76 61 60 75 
0 0 0 0 0 0 0 0 0 0 0 0 0 0 0 434 431 423 418 420 191 178 182 190 208 
0 211 0 0 88 0 178 0 0 106 128 350 150 134 228 0 195 0 0 101 0 225 0 0 79 
815 0 0 0 0 812 0 0 0 0 801 0 0 0 0 838 0 0 0 0 840 0 0 0 0 
32 15 204 158 194 48 6 211 151 177 133 113 266 252 216 219 181 362 365 328 144 97 274 242 310 
70 112 80 148 61 58 78 55 105 53 0 32 1 46 0 41 90 45 81 43 0 43 0 36 0 
36 7 16 6 24 129 96 122 105 130 30 0 0 0 19 23 0 0 0 19 128 113 102 118 155 
0 0 119 0 0 0 0 126 0 0 0 0 142 0 0 144 120 228 117 120 0 0 132 0 0 
0 64 44 48 0 0 79 45 45 0 35 96 91 99 33 0 71 47 47 0 0 70 55 42 0 
0 0 0 0 148 144 107 119 142 267 137 120 106 132 238 1 3 0 0 123 75 95 101 95 226 
0 0 0 0 0 0 0 0 0 0 0 0 0 0 0 1030 1109 1100 1085 1027 0 0 0 0 0 
0 19 55 142 0 0 19 55 128 0 0 18 53 162 0 0 17 57 159 0 0 16 55 155 0 
65 48 0 0 0 83 67 19 14 18 139 90 38 37 28 94 65 0 0 0 98 91 21 24 28 
75 145 92 172 175 10 45 21 67 82 19 69 25 91 112 0 50 0 64 76 0 39 1 72 84 
106 128 137 88 0 91 140 200 88 3 335 321 370 313 221 111 130 161 82 4 305 239 348 253 137 
93 12 23 103 23 81 0 0 111 0 213 146 137 216 131 79 0 0 97 9 112 46 47 168 46 
115 103 50 54 32 150 99 53 59 36 56 51 15 0 0 98 85 20 13 16 84 52 9 0 0 
0 0 139 62 0 0 0 152 55 0 0 0 181 51 0 0 0 168 45 0 0 0 142 41 0 
121 168 171 119 117 0 53 68 0 0 0 45 58 0 0 40 63 92 32 31 0 41 93 0 0 
63 51 67 67 58 96 115 101 111 97 22 38 42 35 37 0 0 0 0 0 0 0 0 0 0 
0 0 0 165 0 0 0 0 174 0 230 234 220 409 242 0 0 0 171 0 0 0 0 155 0 
0 0 0 0 0 175 152 194 148 169 0 0 0 0 0 0 0 0 0 0 79 66 75 71 91 
107 1 1 62 52 135 49 60 113 115 234 88 100 152 169 98 0 0 70 52 206 84 86 156 125 
0 88 0 0 0 0 83 0 0 0 0 64 0 0 0 123 162 80 132 92 58 139 50 58 50 
0 0 107 0 0 92 90 197 116 111 0 0 99 0 0 7 9 105 6 8 14 16 89 9 15 
268 227 202 279 127 130 99 81 118 0 91 93 68 106 0 267 247 169 292 132 147 122 88 146 14 
0 0 0 0 1 44 38 33 20 27 0 0 0 0 0 75 73 79 71 98 130 110 112 114 154 
0 234 0 218 0 0 195 0 203 0 9 211 7 209 7 0 197 0 205 0 0 204 0 216 0 
0 46 0 135 0 0 52 0 138 0 0 49 0 143 0 67 154 71 220 77 0 61 0 127 0 
0 0 0 0 78 88 74 82 63 137 90 86 82 83 131 0 0 0 0 73 0 0 0 0 85 
96 299 332 61 252 11 197 250 4 167 105 268 336 54 244 106 331 344 107 277 201 365 409 168 300 
0 47 33 0 83 20 62 48 12 94 31 85 90 39 85 0 63 29 0 65 0 63 28 0 73 
116 95 109 120 135 14 0 0 37 0 12 0 0 40 0 17 0 0 48 0 89 70 70 111 95 
69 0 65 0 0 63 0 75 0 0 113 53 107 48 50 99 16 78 13 12 65 0 73 0 0 
0 19 83 0 97 0 12 69 0 110 0 15 82 0 110 0 13 98 0 137 0 11 75 0 110 
33 74 166 101 36 66 82 177 122 72 0 38 126 43 0 56 83 177 123 60 0 34 111 71 0 
0 68 0 0 0 0 80 0 0 0 123 243 118 146 123 0 93 0 0 0 16 81 19 27 26 
0 0 0 71 0 61 64 51 123 81 0 0 0 70 0 0 0 0 80 0 71 63 57 147 61 
49 0 91 48 0 57 0 108 53 0 59 0 93 50 0 46 0 102 54 0 44 0 98 46 0 
100 68 0 39 0 145 107 20 53 28 129 114 0 38 0 152 70 0 44 0 115 75 0 40 0 
0 0 0 0 31 204 193 209 210 232 0 0 0 0 37 0 0 0 0 36 0 0 0 0 40 
115 57 75 153 93 87 50 66 141 98 28 0 0 67 13 46 0 0 63 15 51 17 12 78 35 
30 68 10 7 15 17 55 0 0 0 21 85 0 0 0 153 198 158 138 129 30 94 0 0 0 
0 0 0 22 0 202 182 211 213 171 0 0 0 26 0 0 0 0 24 0 0 0 0 20 0 
71 79 133 138 89 0 0 52 63 0 0 0 74 60 0 0 0 67 53 0 0 0 59 62 0 
66 59 63 53 71 43 0 0 0 11 80 64 51 50 75 30 0 0 0 24 94 50 45 49 60 
0 0 25 0 69 9 6 36 12 88 0 0 34 0 70 10 6 41 8 95 81 75 113 64 153 
609 609 623 656 602 0 0 0 0 0 0 0 0 0 0 0 0 0 0 0 0 0 0 0 0 
62 116 149 77 80 36 84 106 34 32 0 32 87 0 0 0 41 79 0 0 0 44 72 0 0 
0 0 122 0 0 0 0 108 0 0 88 137 250 132 123 0 0 112 0 0 0 0 120 0 0 
103 123 39 68 144 43 47 0 0 89 40 62 0 0 68 42 48 0 0 77 60 40 0 0 85 
0 56 0 25 45 63 135 62 92 101 0 66 0 29 48 0 57 0 44 44 29 74 23 60 71 
9 7 99 5 12 0 0 87 0 0 0 0 83 0 0 35 39 120 27 29 75 78 150 59 85 
0 0 0 54 82 102 90 73 143 189 0 0 0 58 88 0 0 0 43 100 0 0 0 54 79 
124 204 99 96 106 26 133 0 0 0 36 148 10 12 14 25 91 0 0 0 25 100 0 2 0 
70 29 89 34 100 18 0 39 5 65 18 0 37 0 74 18 0 53 7 62 14 0 42 4 71 
44 7 32 0 3 42 1 13 0 0 55 44 59 31 52 80 53 66 24 41 144 103 123 127 106 
50 20 96 30 40 23 0 74 0 0 21 0 69 0 0 24 0 67 0 0 38 0 64 0 0 
0 0 21 13 3 1 5 0 2 0 0 11 1 0 0 2 0 0 0 0 4 0 0 0 0 
0 62 65 0 0 2 70 43 7 0 21 104 77 21 21 32 109 58 40 42 0 62 53 0 0 
29 0 90 0 42 63 43 122 39 80 25 0 84 0 25 35 10 96 0 34 31 0 96 0 25 
0 2134 0 0 0 0 2216 0 0 0 0 2080 0 0 0 0 2140 0 0 0 0 2080 0 0 0 
19 100 92 13 11 63 161 194 72 55 6 111 94 5 0 39 150 113 65 39 5 88 78 2 0 
64 106 118 0 0 52 131 121 0 0 79 135 116 0 0 74 136 123 0 0 69 130 117 0 0 
0 85 0 98 0 76 170 70 197 84 66 159 58 158 41 0 81 0 108 0 0 93 0 90 0 
0 0 0 0 0 1272 1234 1237 1193 1256 0 0 0 0 0 0 0 0 0 0 0 0 0 0 0 
0 0 89 147 0 0 0 80 116 0 0 0 93 144 0 0 0 90 153 0 0 0 82 136 0 
128 43 46 84 38 137 49 47 98 56 81 0 0 32 0 70 0 0 38 0 85 0 0 40 0 
0 113 0 0 75 0 133 0 0 66 0 143 0 0 81 0 126 0 0 64 0 132 0 0 96 
162 282 173 244 125 58 140 29 138 0 259 408 250 387 152 75 251 87 176 25 172 351 245 302 133 
94 84 278 282 83 0 0 189 194 0 108 101 267 288 104 0 0 153 189 4 9 6 185 177 12 
138 114 105 140 229 6 22 1 10 162 14 15 5 5 147 193 213 156 173 326 209 253 222 214 352 
0 72 0 0 0 0 56 0 0 0 0 65 0 0 0 8 63 4 6 2 169 213 167 144 161 
59 25 48 14 50 48 15 34 0 43 57 19 49 0 37 84 16 35 0 51 132 122 117 90 145 
215 65 0 102 0 211 70 0 109 0 210 58 0 107 0 195 73 0 109 0 208 57 0 112 0 
55 0 0 0 0 62 0 0 0 0 64 0 0 0 0 202 133 145 146 141 52 0 0 0 0 
0 0 1455 0 0 0 0 1486 0 0 0 0 1370 0 0 0 0 1483 0 0 0 0 1446 0 0 
75 0 11 51 22 133 73 61 130 92 118 79 85 111 102 80 38 28 87 45 69 0 0 30 15 
133 146 126 96 210 0 0 7 0 49 61 82 85 71 129 0 0 18 0 55 0 0 14 0 62 
45 80 0 111 0 136 168 91 201 78 108 125 86 202 91 52 72 0 100 0 40 60 0 104 0 
81 103 123 99 146 89 81 71 72 112 0 26 0 0 47 0 20 0 0 29 58 77 67 46 109 
0 65 0 0 0 31 131 37 33 27 43 132 37 32 35 26 124 21 26 29 47 121 45 35 52 
33 10 41 33 0 103 71 112 112 63 43 20 45 37 0 46 9 43 35 0 41 20 37 39 0 
161 0 0 0 0 154 0 0 0 0 240 87 113 121 124 144 0 0 0 0 144 0 0 0 0 
0 0 0 0 841 0 0 0 0 800 0 0 0 0 844 0 0 0 0 834 0 0 0 0 772 
129 116 0 180 65 154 142 2 185 80 177 165 45 235 108 109 104 4 175 86 132 144 2 224 65 
136 0 0 0 0 260 93 85 80 76 144 0 0 0 0 146 0 0 0 0 148 0 0 0 0 
0 0 0 0 0 75 62 78 72 77 0 0 0 0 0 154 125 145 158 140 0 0 0 0 0 
0 22 0 143 0 33 55 46 186 32 0 19 0 132 0 0 15 0 136 0 0 20 0 160 0 
96 82 130 147 174 49 0 78 63 73 22 0 84 75 66 106 64 127 126 125 19 0 55 70 47 
51 57 59 140 118 28 25 34 88 76 0 0 0 83 61 0 0 0 54 57 7 10 9 83 62 
0 12 69 0 0 94 98 187 86 84 0 10 78 0 0 61 79 183 51 62 0 5 69 0 0 
200 13 190 0 0 201 8 174 0 0 201 5 186 4 1 177 6 185 0 0 209 22 181 10 10 
323 111 326 112 182 329 167 379 145 226 391 172 385 190 273 243 38 210 58 144 208 75 239 39 123 
65 152 69 83 66 0 86 0 27 0 17 128 27 34 27 0 104 0 17 0 0 75 0 21 0 
0 0 33 0 58 35 46 78 44 113 55 74 89 53 121 0 0 33 0 61 0 0 49 0 58 
0 0 15 0 217 0 0 16 0 193 0 0 35 0 187 0 0 28 0 197 0 0 30 0 200 
0 0 0 51 0 0 0 0 59 0 55 60 45 139 45 0 0 0 61 0 85 79 82 160 86 
87 0 0 94 0 109 0 0 111 0 99 0 0 89 0 92 0 0 113 0 97 0 0 109 0 
0 18 88 73 8 119 185 192 204 134 161 206 228 221 161 23 66 122 112 36 67 118 129 131 66 
114 140 134 118 252 0 0 0 0 83 0 0 0 0 74 25 30 28 20 130 0 0 0 0 90 
128 248 150 145 152 0 131 0 0 0 91 209 93 96 87 1 104 0 0 7 94 225 79 78 93 
150 133 85 82 85 85 45 0 0 0 92 48 3 3 8 67 47 0 0 0 76 61 0 0 0 
0 119 0 0 0 42 175 63 63 73 0 136 0 0 0 73 202 92 101 71 0 118 0 0 0 
0 0 0 0 0 0 0 0 0 0 0 0 0 0 0 0 0 0 0 0 438 410 444 431 395 
0 0 37 0 0 73 79 92 75 87 0 0 31 0 0 77 75 85 59 79 19 25 59 22 26 
8 15 16 17 52 0 0 0 0 36 80 79 71 69 98 0 0 0 0 33 68 97 78 76 105 
0 0 0 136 0 0 0 0 126 0 0 0 1 146 0 0 0 0 148 0 81 79 82 214 84 
0 67 0 33 70 0 62 0 33 75 0 52 0 35 88 0 56 0 30 72 17 75 23 54 107 
0 112 0 0 0 0 110 0 0 0 0 107 0 0 0 0 96 0 0 0 99 185 99 105 93 
0 3 0 24 0 79 57 77 65 78 47 17 42 56 61 0 1 0 15 0 102 95 107 118 97 
0 0 119 57 0 44 46 159 109 50 0 0 104 38 0 0 0 90 39 0 0 0 126 35 0 
59 0 0 0 0 124 61 61 74 67 98 16 17 19 15 129 46 46 50 41 57 0 0 0 0 
83 35 33 99 37 38 0 0 83 0 48 0 0 75 0 83 34 30 110 32 55 0 0 73 0 
0 0 63 43 0 0 0 55 43 0 101 99 149 132 97 0 0 62 47 0 0 0 67 42 0 
42 0 0 87 129 124 79 86 154 205 31 1 9 97 117 63 22 23 96 126 42 39 56 96 149 
4 5 61 157 7 0 0 58 124 0 73 51 155 184 63 41 65 104 195 64 0 0 62 113 0 
51 5 41 43 11 43 7 44 42 26 121 78 113 114 81 72 19 48 53 19 57 0 45 43 3 
43 0 57 0 59 39 0 63 0 54 26 0 70 0 77 97 53 111 72 110 31 0 59 0 57 
80 23 142 83 57 68 8 123 90 27 64 0 113 32 6 158 46 194 120 95 90 28 160 80 58 
11 109 169 32 148 171 229 337 157 318 38 140 213 61 180 0 66 175 4 122 98 172 257 120 266 
19 20 21 57 48 38 37 34 75 71 0 0 0 31 29 0 0 0 22 17 75 89 89 120 99 
18 29 0 82 0 28 46 0 105 0 77 72 38 129 53 24 37 0 102 0 39 33 0 80 0 
0 0 55 0 0 163 144 218 146 179 0 0 61 0 0 0 0 78 0 0 0 0 69 0 0 
12 8 0 0 78 20 2 0 1 81 71 70 61 53 150 27 25 18 18 87 107 148 130 123 180 
68 7 13 1 22 96 71 71 70 78 103 91 88 102 87 40 0 5 0 11 35 7 14 5 23 
20 96 69 15 30 0 87 65 6 6 0 72 43 0 19 0 87 50 5 14 47 121 100 41 81 
168 210 104 114 110 84 68 49 19 25 44 51 17 0 0 49 60 15 0 0 40 45 16 0 0 
95 0 0 6 0 83 0 0 0 0 99 0 0 11 0 100 0 0 0 0 122 15 23 32 29 
74 89 13 19 22 57 53 0 0 1 60 67 15 7 18 73 79 41 45 45 88 83 54 31 49 
38 75 41 71 29 0 62 11 42 16 2 51 11 46 19 0 43 14 31 13 39 104 64 97 78 
0 0 56 27 11 0 0 45 35 3 0 0 44 40 6 43 53 122 94 61 54 50 100 93 63 
29 38 26 22 31 0 0 0 0 0 71 59 57 62 55 0 0 0 0 0 120 107 99 114 110 
46 36 40 33 41 0 0 17 0 0 0 0 25 0 0 54 44 97 58 48 139 108 148 148 121 
40 44 110 51 44 3 0 62 1 9 62 47 132 59 54 0 0 53 5 0 0 5 60 19 0 
0 0 180 31 0 0 0 140 21 0 19 20 156 34 18 0 0 166 22 0 0 0 162 21 0 
45 83 0 0 0 80 112 43 36 33 83 127 21 15 11 94 140 45 48 44 38 80 0 0 0 
118 1 129 119 135 202 94 232 234 236 196 107 233 245 261 198 55 165 152 200 118 2 131 167 148 
96 130 73 57 76 12 54 3 0 0 82 144 72 53 57 42 72 28 18 16 20 61 0 0 0 
0 114 107 162 0 0 126 117 164 1 0 108 120 167 0 0 116 115 156 0 0 126 118 164 0 
11 0 0 131 0 9 0 0 95 0 91 65 87 187 84 11 0 0 98 0 20 1 0 103 0 
59 79 51 47 80 3 56 12 1 36 42 79 41 33 67 5 40 0 0 35 0 63 0 0 35 
158 181 36 103 121 185 288 84 103 183 179 236 79 116 136 94 123 2 28 64 293 336 139 225 186 
65 177 136 91 88 7 40 62 11 5 37 83 109 38 35 27 81 67 15 28 0 66 56 0 0 
4 26 13 11 75 17 37 29 11 113 3 19 15 3 62 60 86 77 54 169 25 39 39 30 103 
721 519 544 398 499 478 244 278 203 208 430 295 332 227 283 387 202 215 92 186 547 371 448 390 386 
83 64 0 3 0 159 148 67 77 69 69 83 0 0 0 93 87 22 16 14 63 54 0 0 0 
178 317 141 170 142 271 392 146 278 187 137 281 81 168 80 29 185 0 47 0 111 223 69 112 54 
0 0 0 0 57 0 0 0 0 59 0 0 0 0 75 0 0 0 0 64 156 178 157 167 199 
81 4 43 0 14 145 15 70 34 40 157 60 111 68 67 190 101 167 99 112 151 29 67 24 27 
149 0 0 54 0 156 0 0 55 0 141 0 0 40 0 168 0 0 47 0 149 0 0 41 0 
153 118 159 232 104 37 0 81 121 0 70 37 121 186 59 55 0 95 96 26 51 0 69 86 0 
57 91 70 143 126 0 9 4 93 41 0 14 6 57 50 0 11 9 75 48 37 32 24 81 49 
127 139 83 51 0 168 185 162 122 107 112 108 86 33 9 224 238 203 146 117 119 168 118 43 54 
58 130 51 57 53 0 55 0 0 0 6 80 4 5 4 0 64 0 0 0 76 154 62 76 65 
0 0 0 16 0 0 0 0 20 0 0 0 0 16 0 0 0 0 18 0 180 184 222 223 209 
33 0 0 11 28 98 76 74 82 100 31 0 0 18 29 30 0 0 0 33 40 0 0 0 31 
47 0 46 85 105 10 3 30 80 79 70 23 51 136 120 16 0 33 76 87 135 87 121 195 216 
0 102 84 0 77 0 95 82 0 85 0 107 61 0 59 0 93 73 0 82 0 108 84 0 65 
56 32 65 47 40 77 58 98 66 61 23 23 43 22 14 58 48 113 75 53 8 0 35 0 0 
82 0 0 0 51 69 0 0 0 50 86 0 0 0 60 64 0 0 0 52 181 88 79 96 155 
73 123 18 131 98 51 155 25 125 115 45 91 2 111 65 205 253 152 252 188 106 184 96 173 147 
70 88 103 77 63 7 36 41 13 8 0 14 43 0 0 59 71 85 58 51 21 31 57 20 14 
0 0 0 164 42 0 0 0 185 33 32 37 22 199 62 0 0 0 190 40 0 0 0 178 42 
0 0 0 140 9 145 132 122 318 162 0 0 0 167 13 114 120 112 254 111 0 0 0 134 7 
57 166 182 163 77 37 128 165 188 39 66 157 167 181 74 67 213 202 221 105 97 161 205 226 95 
0 0 0 1293 0 0 4 0 1283 0 0 0 0 1295 0 0 3 3 1353 1 0 0 0 1311 0 
195 0 0 0 0 195 13 18 17 20 178 0 0 0 0 196 0 0 0 0 166 0 0 0 0 
99 0 0 0 0 129 0 0 0 0 138 0 0 0 0 117 0 0 0 0 229 99 92 103 109 
291 27 100 75 50 232 0 26 0 0 452 148 163 123 156 505 235 333 247 278 298 53 99 86 86 
5 39 0 0 0 0 42 0 4 21 0 38 0 0 26 2 0 18 0 0 0 35 0 0 22 
79 90 158 130 109 0 0 48 0 0 0 0 72 0 0 0 0 54 0 0 219 267 312 285 249 
1 19 0 84 223 121 141 122 227 349 0 41 0 96 242 0 12 0 95 250 120 149 114 188 315 
12 26 92 9 238 8 0 59 9 170 118 95 171 110 278 141 142 218 161 332 1 0 68 2 186 
181 319 328 255 110 187 284 328 214 95 164 305 298 211 137 95 215 273 140 33 79 263 287 169 44 
62 26 26 66 74 41 0 0 30 59 55 0 0 26 38 52 0 0 35 40 92 45 47 78 85 
0 0 222 0 42 0 1 251 0 37 0 0 229 0 34 0 0 216 0 28 0 0 205 0 37 
0 0 0 37 0 75 68 49 103 58 0 0 0 25 0 46 49 63 93 53 43 51 44 97 40 
