774 777 630 754 864 1136 1110 983 1058 1145 646 714 568 693 748 930 884 786 980 1002 578 507 381 486 619 
193 144 192 175 167 0 0 0 0 0 135 76 122 98 119 0 0 0 0 0 0 0 0 0 0 
155 45 35 247 236 98 0 0 134 173 215 69 62 336 345 83 0 0 119 155 81 0 0 132 138 
0 0 67 80 2 95 59 120 120 81 0 2 59 42 0 77 53 131 109 59 50 34 114 97 36 
177 41 102 133 41 126 4 77 94 0 129 40 85 106 27 110 0 50 112 0 272 177 245 265 164 
106 8 21 0 98 98 6 16 0 115 204 95 108 84 197 172 83 104 63 151 245 110 132 118 248 
0 0 0 0 0 0 0 0 0 0 1018 1034 980 1012 1050 0 0 0 0 0 0 0 0 0 0 
0 0 0 303 0 0 0 3 267 1 128 123 112 406 134 122 116 99 419 145 0 0 0 253 0 
17 7 15 202 4 0 0 0 206 0 36 49 41 197 34 0 0 0 174 0 0 2 1 204 2 
0 0 0 0 0 0 0 0 0 0 0 0 0 0 0 76 79 81 81 93 217 173 168 210 170 
59 79 55 45 142 0 12 0 0 84 0 0 0 0 87 0 2 0 0 90 66 68 66 56 136 
139 144 155 156 159 0 0 0 0 0 0 0 0 0 0 0 0 0 0 0 83 78 68 69 84 
0 0 0 0 0 0 0 0 0 0 0 0 0 0 0 423 425 411 402 409 189 176 178 185 201 
0 203 0 0 86 0 172 0 0 96 128 341 152 134 215 0 184 0 0 97 0 224 0 0 76 
795 0 0 0 0 790 0 0 0 0 785 0 0 0 0 816 0 0 0 0 823 0 0 0 0 
8 6 232 154 168 58 11 223 167 163 116 121 326 250 245 169 198 444 334 348 129 108 311 231 311 
87 153 90 169 83 70 79 76 111 72 0 50 0 56 0 45 116 59 97 58 0 60 0 41 0 
37 8 19 9 25 138 118 148 117 148 43 0 0 0 23 25 0 0 0 25 163 131 138 149 186 
0 0 118 0 0 0 0 120 0 0 0 0 133 0 0 134 112 233 108 120 0 0 141 0 0 
0 64 43 45 0 0 77 43 44 0 35 94 90 97 33 0 70 47 47 0 0 69 55 42 0 
0 0 5 2 154 123 117 109 155 262 130 121 114 102 222 1 3 0 0 132 79 93 97 86 221 
0 0 0 0 0 0 0 0 0 0 0 0 0 0 0 1027 1088 1110 1063 1011 0 0 0 0 0 
0 21 57 146 0 0 21 60 124 0 0 19 48 159 0 0 18 58 156 0 0 16 55 159 0 
76 55 0 0 0 97 75 18 15 13 149 92 37 37 30 95 65 0 0 0 102 94 22 25 31 
70 107 66 141 136 8 33 15 60 59 15 40 20 76 85 0 37 0 52 61 0 39 1 57 66 
108 135 135 79 0 90 130 169 89 0 304 300 328 306 198 122 129 147 75 0 255 212 287 228 126 
79 23 26 104 19 69 0 0 110 0 210 149 137 219 128 73 0 0 97 0 111 52 42 170 41 
132 107 49 59 36 147 113 53 63 34 80 65 18 0 0 97 86 20 14 14 90 52 10 0 0 
0 0 135 56 0 0 0 148 51 0 0 0 179 51 0 0 0 158 43 0 0 0 136 38 0 
141 186 200 134 128 0 60 77 0 0 0 58 68 0 0 42 69 106 36 40 0 45 105 0 0 
63 51 67 66 58 96 114 101 111 98 22 39 42 35 37 0 0 0 0 0 0 0 0 0 0 
0 0 0 171 0 0 0 0 178 0 240 245 228 420 249 0 0 0 178 0 0 0 0 159 0 
0 0 0 0 0 151 135 171 137 139 0 0 0 0 0 0 0 0 0 0 71 55 64 61 80 
106 1 0 57 47 135 38 49 96 90 220 71 91 144 146 80 0 0 68 40 182 69 84 139 127 
0 78 0 0 0 0 76 0 0 0 0 61 0 0 0 116 145 76 121 79 52 123 45 51 49 
0 0 104 0 0 104 112 206 116 126 0 0 112 0 0 7 12 114 4 9 15 18 97 10 18 
279 246 189 271 106 124 100 70 106 0 87 103 55 102 0 282 272 178 288 130 142 128 80 140 0 
0 0 0 0 0 31 35 30 18 21 0 0 0 0 0 59 67 68 65 89 100 94 96 97 127 
0 224 0 199 0 0 180 0 193 0 5 203 7 196 4 0 186 0 192 0 0 197 0 204 0 
0 47 0 133 0 0 51 0 144 0 0 49 0 147 0 68 155 78 222 86 0 64 0 149 0 
0 0 0 0 90 102 80 89 64 155 106 87 89 94 150 0 0 0 0 81 0 0 0 0 94 
109 332 388 68 225 21 222 278 5 113 57 274 350 55 187 114 329 336 114 234 207 369 408 144 289 
0 45 35 0 88 21 61 45 13 95 29 87 92 42 90 0 63 27 0 70 0 67 29 0 70 
108 97 104 126 124 13 1 0 38 0 14 0 0 43 0 21 0 0 43 0 92 69 64 116 85 
72 0 66 0 0 67 0 80 0 0 118 55 113 49 51 104 18 87 13 13 69 0 77 0 0 
0 18 81 0 97 0 12 69 0 108 0 16 74 0 107 0 14 92 0 133 0 13 70 0 101 
13 51 136 84 24 47 75 162 122 59 0 36 122 42 0 43 79 162 122 54 0 26 105 69 0 
0 63 0 0 0 0 68 0 0 0 116 228 98 135 124 0 89 0 0 0 15 87 19 25 25 
0 0 0 76 0 64 78 53 140 95 0 0 0 83 0 0 0 0 93 0 80 74 61 170 68 
61 0 110 54 0 66 0 141 69 0 70 0 111 60 0 50 0 113 65 0 58 0 113 51 0 
90 52 0 34 0 122 88 18 53 27 109 99 0 28 0 129 66 0 53 0 100 66 0 35 0 
0 0 0 0 24 185 182 193 197 209 0 0 0 0 36 0 0 0 0 31 0 0 0 0 34 
89 47 57 107 77 57 37 48 92 68 19 0 0 48 5 28 0 0 47 10 36 12 7 56 24 
29 77 13 6 15 18 56 0 0 0 21 91 0 0 0 154 200 147 138 133 28 91 0 0 0 
0 0 0 21 0 190 175 198 201 171 0 0 0 23 0 0 0 0 23 0 0 0 0 20 0 
86 103 166 180 117 0 0 61 73 0 0 0 90 71 0 0 0 81 63 0 0 0 67 75 0 
63 56 59 48 70 41 0 0 0 9 76 62 47 48 73 30 0 0 0 21 92 51 45 49 58 
0 0 25 0 69 9 6 35 12 88 0 0 33 0 70 10 7 41 6 95 81 74 114 64 153 
592 594 613 644 594 0 0 0 0 0 0 0 0 0 0 0 0 0 0 0 0 0 0 0 0 
70 137 158 80 93 39 103 110 30 33 0 36 81 0 0 0 45 89 0 0 0 53 84 0 0 
0 0 113 0 0 0 0 91 0 0 78 115 208 114 102 0 0 85 0 0 0 0 107 0 0 
127 134 43 69 156 45 47 0 0 100 41 68 0 0 75 52 44 0 0 85 63 48 0 0 89 
0 49 0 22 31 55 112 56 76 87 0 59 0 27 38 0 55 0 39 36 24 65 21 50 60 
9 7 99 5 12 0 0 87 0 0 0 0 83 0 0 35 39 120 27 28 75 78 150 61 85 
0 0 0 52 82 108 98 73 132 193 0 0 0 55 84 0 0 0 45 97 0 0 0 54 85 
110 182 84 80 97 28 116 0 0 0 32 125 7 8 9 23 79 0 0 0 25 95 1 1 0 
72 22 96 44 100 14 0 40 6 66 14 0 46 0 77 15 0 53 6 63 12 0 39 8 71 
49 8 0 3 2 45 0 1 0 0 60 32 51 38 58 95 46 44 30 42 151 105 100 138 121 
57 34 118 48 48 19 0 81 0 0 12 0 77 0 0 19 0 70 0 0 59 34 114 40 21 
44 15 33 6 8 23 1 0 0 0 0 8 1 0 13 22 0 0 0 0 19 0 2 0 0 
0 62 61 0 0 0 62 41 0 0 20 104 75 21 21 32 109 59 40 42 0 62 49 0 0 
12 0 0 0 0 0 34 0 0 0 0 17 0 0 0 8 0 0 0 0 0 0 0 0 0 
30 0 91 0 45 64 43 124 39 80 25 0 84 0 29 37 10 99 5 36 30 0 99 0 28 
0 2107 0 0 0 0 2166 0 0 0 0 2040 0 0 0 0 2108 0 0 0 0 2040 0 0 0 
24 115 127 20 12 94 250 205 75 59 6 126 110 2 0 38 211 169 82 52 7 134 117 0 0 
70 136 138 0 0 59 156 146 0 0 103 167 142 0 0 86 146 156 0 0 88 148 143 0 0 
0 86 0 105 0 72 150 63 170 86 60 150 33 143 40 0 84 0 105 0 0 98 0 79 0 
0 0 0 0 0 1267 1221 1222 1183 1252 0 0 0 0 0 0 0 0 0 0 0 0 0 0 0 
0 0 96 144 0 0 0 87 122 0 0 0 90 146 0 0 0 97 139 1 0 0 82 143 0 
163 56 57 98 43 155 56 62 122 75 89 0 0 41 0 89 0 0 38 0 95 0 0 47 0 
0 117 0 0 75 0 140 0 0 69 0 150 0 0 83 0 131 0 0 64 0 147 0 0 95 
207 296 162 253 133 107 176 59 158 5 337 418 267 409 193 199 284 161 250 80 249 324 278 337 179 
96 89 279 282 96 0 0 196 191 4 127 116 289 320 124 0 0 162 181 8 16 21 215 193 42 
150 140 113 142 274 8 22 0 25 192 14 13 6 22 173 228 244 196 203 384 252 267 246 245 414 
0 64 0 0 0 0 57 0 0 0 0 70 0 0 0 7 64 4 11 5 176 213 172 152 164 
53 25 44 15 42 45 15 32 0 46 52 15 35 0 34 69 16 31 0 46 124 115 100 81 143 
213 74 0 107 0 215 67 0 110 0 215 51 0 110 0 210 71 1 125 0 211 56 0 127 0 
55 0 0 0 0 62 0 0 0 0 63 0 0 0 0 202 133 145 146 141 52 0 0 0 0 
136 286 295 207 89 154 243 302 188 94 139 266 291 189 130 67 189 236 116 11 61 227 250 130 27 
80 4 15 43 18 99 71 52 114 64 94 66 66 79 82 61 28 19 66 35 53 0 0 29 12 
125 135 135 112 208 0 0 7 0 48 79 85 84 77 123 0 0 17 0 52 0 0 18 0 62 
39 82 0 82 0 127 176 92 179 79 87 113 71 150 57 48 76 0 71 0 35 66 0 86 0 
79 98 79 94 131 80 76 74 60 108 0 36 1 0 44 0 19 0 0 31 54 70 59 57 88 
0 71 0 0 0 34 156 38 36 36 47 159 50 39 40 30 141 28 32 47 46 137 50 40 68 
18 11 41 25 0 85 70 110 87 60 31 21 47 14 0 23 8 44 0 0 28 20 36 29 0 
0 13 1 75 223 129 134 123 208 358 0 28 4 77 243 0 14 0 81 245 120 143 119 192 310 
10 34 93 4 244 5 5 79 7 199 118 114 195 101 287 147 157 239 172 351 3 5 77 3 184 
148 0 0 0 0 142 0 0 0 0 231 83 105 109 116 126 0 0 0 0 143 0 0 0 0 
0 0 0 0 834 0 0 0 0 791 0 0 0 0 848 0 0 0 0 835 0 0 0 0 790 
129 105 0 169 56 137 113 0 187 67 182 165 45 250 108 120 96 5 157 70 108 158 0 183 57 
144 0 0 0 0 287 108 92 102 98 172 0 0 0 0 161 0 0 0 0 155 0 0 0 0 
0 0 0 0 0 73 55 71 65 72 0 0 0 0 0 144 118 140 141 136 0 0 0 0 0 
0 21 0 143 0 33 54 46 186 32 0 19 0 132 0 0 16 0 135 0 0 20 0 160 0 
95 65 113 137 149 54 0 78 65 52 24 0 75 73 64 109 57 117 126 124 15 0 53 57 38 
43 48 55 128 106 28 21 31 81 74 0 0 0 76 55 0 0 0 48 50 7 10 9 75 53 
0 6 61 0 0 77 91 169 86 89 0 10 70 1 0 59 73 161 51 58 0 6 61 0 0 
117 0 124 0 0 108 0 93 0 0 96 0 109 4 0 80 0 105 0 0 115 11 93 11 12 
277 128 301 100 208 292 118 345 133 193 326 152 367 146 241 179 15 185 41 120 209 57 255 32 119 
67 160 75 86 70 0 88 0 28 0 17 139 29 34 28 0 108 0 16 0 0 77 0 21 0 
0 0 32 0 57 33 46 78 44 113 55 74 89 53 121 0 0 33 0 60 0 0 49 0 58 
0 0 19 0 217 0 0 20 0 196 0 0 28 0 175 0 0 27 0 189 0 0 24 0 199 
0 0 0 50 0 0 0 0 59 0 54 59 45 140 45 0 0 0 59 0 83 78 82 158 86 
101 0 0 103 0 127 0 0 136 0 111 0 0 112 0 116 0 0 147 0 110 0 0 119 0 
0 22 70 75 0 108 184 169 207 123 163 211 226 238 145 4 54 81 103 16 68 112 110 147 49 
120 152 145 118 252 0 0 0 0 86 0 0 0 0 97 22 30 34 26 133 0 0 0 0 95 
144 260 159 157 160 0 135 0 0 1 95 217 100 98 96 2 106 1 0 7 94 235 85 97 114 
165 152 84 90 92 92 49 0 0 0 98 59 7 4 11 80 58 0 0 0 82 68 0 0 0 
0 118 0 0 0 35 168 54 63 74 0 141 0 0 0 64 197 84 95 64 0 119 0 0 0 
0 0 0 0 0 0 0 0 0 0 0 0 0 0 0 0 0 0 0 0 461 433 453 468 418 
0 0 42 0 0 85 95 110 89 95 0 0 40 0 0 89 93 102 72 90 21 28 69 24 35 
8 15 16 17 52 0 0 0 0 36 79 79 71 69 99 0 0 0 0 33 68 98 78 76 105 
0 0 1 150 0 0 0 0 133 0 0 0 0 173 0 0 0 0 159 0 93 81 99 241 100 
0 66 0 33 71 0 62 0 39 76 0 57 0 36 90 0 60 0 30 71 18 77 25 56 112 
0 112 0 0 0 0 108 0 0 0 0 106 0 0 0 0 96 0 0 0 97 185 99 105 92 
0 0 0 14 0 83 66 84 65 75 40 2 46 46 54 0 0 0 14 0 110 88 112 132 96 
0 0 117 55 0 43 45 155 106 50 0 0 102 39 0 0 0 89 37 0 0 0 126 35 0 
59 0 0 0 0 126 61 61 76 69 98 20 18 20 15 131 46 45 51 41 58 0 0 0 0 
83 35 33 111 37 39 0 0 91 0 48 0 0 85 0 83 35 30 120 32 55 0 0 83 0 
0 0 63 43 0 0 0 55 43 0 99 97 149 132 97 0 0 62 47 0 0 0 67 42 0 
41 0 0 67 110 100 81 86 144 194 30 0 4 101 124 50 18 31 94 104 38 37 59 95 139 
1 8 53 105 11 0 0 58 95 0 62 39 131 150 62 34 48 83 132 40 0 0 50 94 0 
82 6 67 80 18 75 11 60 86 34 196 104 172 178 113 114 22 77 68 30 74 0 65 69 0 
38 0 54 0 54 40 0 56 0 51 26 0 66 0 69 88 49 103 63 104 29 0 55 0 52 
91 25 170 101 55 65 14 138 93 39 60 0 130 38 18 170 60 212 153 107 89 33 203 67 73 
0 59 146 24 94 142 175 310 142 253 38 99 203 47 174 0 29 149 1 109 91 123 229 114 202 
20 25 21 61 52 51 40 39 82 76 0 0 0 34 35 0 0 0 25 17 84 100 99 138 106 
18 34 0 101 1 30 52 0 112 0 87 80 41 146 60 27 41 0 122 0 47 33 0 87 0 
0 0 59 0 0 162 152 223 154 182 0 0 63 0 0 0 0 76 0 0 0 0 76 0 0 
8 6 0 0 81 18 2 0 0 61 72 77 52 39 142 19 18 9 9 75 87 125 104 93 133 
81 19 11 7 23 115 82 90 78 82 125 89 101 118 108 50 0 5 0 12 37 9 13 9 23 
21 98 74 17 31 0 94 68 6 6 0 75 47 0 18 0 81 49 6 13 51 127 107 44 89 
165 206 105 118 117 89 63 52 22 21 40 51 23 0 0 47 56 17 0 0 36 48 15 0 0 
95 0 0 11 0 83 0 0 0 0 99 0 0 14 0 100 0 0 0 0 122 15 23 36 29 
62 76 14 17 22 47 41 0 0 0 50 67 15 5 13 63 66 31 38 42 77 71 47 27 40 
38 74 40 70 24 0 60 7 41 16 0 51 9 46 18 0 43 11 31 12 39 102 62 95 77 
0 0 56 27 11 0 0 45 35 3 0 0 44 40 6 43 53 122 94 61 54 50 100 93 63 
29 38 26 22 30 0 0 0 0 0 71 59 57 62 55 0 0 0 0 0 120 106 99 114 110 
46 34 38 34 40 0 0 17 0 0 0 0 19 0 0 53 49 92 57 49 129 105 142 136 124 
38 45 104 48 49 7 10 56 12 14 56 51 120 49 46 0 0 47 0 0 0 5 51 8 0 
0 0 180 32 0 0 0 140 23 0 19 20 156 37 18 0 0 166 23 0 0 0 162 22 0 
46 87 0 0 0 81 116 48 38 32 89 155 24 17 17 95 149 50 46 52 40 72 0 0 0 
66 0 64 73 87 120 61 160 158 170 146 79 157 185 201 132 46 87 101 150 86 2 72 124 103 
123 160 88 72 86 14 72 3 0 0 96 174 91 76 73 53 102 30 21 24 30 82 0 0 0 
0 116 108 166 0 0 128 120 163 0 0 108 120 171 0 0 118 118 158 0 0 126 118 167 0 
16 0 0 161 0 10 0 0 119 0 117 82 104 242 115 12 0 0 129 0 21 0 0 125 0 
38 64 35 39 60 0 60 0 0 22 43 73 42 35 65 0 38 0 0 31 0 56 0 0 29 
148 193 49 111 125 200 281 105 115 195 161 216 76 115 138 111 123 10 32 82 254 332 142 179 195 
63 158 108 76 83 6 41 56 10 2 27 69 90 32 29 22 75 56 10 21 0 55 45 0 0 
11 48 18 11 88 21 46 32 12 133 13 33 18 9 66 86 106 95 59 200 37 57 48 46 120 
680 500 584 391 492 464 228 289 196 225 457 297 350 180 285 353 129 149 65 133 562 352 464 333 377 
98 75 0 3 0 206 178 96 92 84 85 99 0 0 0 114 98 22 22 16 78 67 0 0 0 
135 282 104 124 109 232 376 137 269 181 135 265 77 147 72 27 185 0 53 0 91 199 66 91 37 
0 0 0 0 59 0 0 0 0 58 0 0 0 0 67 0 0 0 0 63 148 174 151 160 199 
78 4 43 0 17 124 17 65 32 36 146 60 104 61 70 180 77 146 78 97 146 41 59 24 38 
150 0 0 54 0 156 0 0 55 0 141 0 0 39 0 168 0 0 46 0 149 0 0 41 0 
153 124 139 214 110 46 1 80 119 1 86 45 117 176 64 50 5 87 93 24 40 0 77 82 0 
76 107 91 202 166 0 10 5 112 46 0 19 6 72 53 0 12 8 103 60 34 46 27 116 67 
125 126 121 62 13 226 204 197 132 145 117 90 96 49 19 279 248 260 180 164 178 173 160 60 71 
57 130 50 56 52 0 55 0 0 0 6 80 4 5 4 0 63 0 0 0 76 154 62 76 65 
0 0 0 21 0 0 0 0 23 0 0 0 0 21 0 0 0 0 22 0 184 193 221 229 229 
40 2 0 23 38 106 87 77 92 98 35 0 0 18 26 35 1 0 17 43 43 0 0 20 32 
52 6 61 115 105 18 5 37 108 83 65 26 57 142 121 24 1 38 99 98 124 85 126 221 219 
0 69 55 0 67 0 71 63 0 72 0 80 53 0 55 0 66 64 0 71 0 84 67 0 66 
46 23 55 40 30 68 52 91 55 54 21 16 31 16 12 53 42 102 71 47 5 0 32 0 0 
81 0 0 0 54 73 0 0 0 50 94 0 0 0 60 69 0 0 0 52 185 94 79 92 164 
82 99 8 124 91 66 152 9 127 133 43 85 0 130 65 216 287 145 272 214 117 217 70 211 163 
80 96 108 85 68 9 38 44 13 10 0 12 47 0 0 65 76 92 55 49 23 31 58 20 14 
0 0 0 140 35 0 0 0 158 28 27 29 16 157 51 0 0 0 149 34 0 0 0 138 38 
0 0 0 144 13 148 128 122 313 166 0 0 0 164 15 116 120 110 249 114 0 0 0 128 8 
57 165 184 196 72 30 138 174 196 48 63 158 177 158 78 59 231 214 228 117 79 199 205 248 96 
0 0 0 1273 0 0 0 0 1286 0 0 0 0 1276 0 0 0 1 1338 1 0 0 0 1286 0 
184 0 0 0 0 168 1 15 0 6 167 0 0 0 0 184 0 0 0 0 161 0 0 0 0 
103 0 0 0 0 134 0 0 0 0 139 0 0 0 0 113 0 1 0 0 230 107 101 100 105 
305 17 122 42 30 230 0 35 6 0 445 108 186 138 130 449 251 357 255 245 300 48 111 74 47 
0 0 0 37 0 75 68 51 103 59 0 0 0 26 0 47 48 64 94 55 45 51 44 100 41 
2 20 0 0 0 8 60 14 0 16 0 51 0 0 0 0 20 0 0 0 0 34 8 0 13 
0 0 200 0 38 0 0 227 0 25 0 0 205 0 24 0 0 181 0 25 0 0 173 0 33 
89 16 80 0 0 100 11 90 0 0 109 9 86 0 0 108 8 85 0 0 101 14 94 0 0 
64 102 139 119 109 0 0 38 0 0 0 0 73 0 0 0 0 54 0 0 189 214 235 220 212 
57 24 29 66 71 39 0 0 28 54 51 0 0 22 35 54 0 0 34 36 90 43 46 73 81 
0 0 1475 0 0 0 0 1491 0 0 0 0 1370 0 0 0 0 1503 0 0 0 0 1479 0 0 
