899 849 756 759 882 1102 1225 1159 1055 1152 708 778 710 655 822 1069 1050 1009 1007 1083 704 602 662 512 693 
175 135 175 147 160 0 0 0 0 0 117 78 112 106 103 0 0 0 0 0 0 0 0 0 0 
102 29 29 174 194 70 0 3 116 147 166 64 47 226 238 60 0 0 84 133 73 0 0 106 111 
305 40 126 107 88 207 0 39 1 9 372 93 175 120 146 417 198 303 223 213 296 67 120 92 73 
0 0 5 46 0 103 80 76 136 84 0 2 0 39 0 69 58 82 125 73 54 59 54 152 52 
158 61 83 128 14 137 16 75 106 0 154 36 92 105 23 142 4 46 119 0 328 199 264 341 187 
105 9 19 0 97 75 7 18 0 110 170 100 101 83 182 157 68 97 65 155 219 113 128 111 226 
0 0 0 0 0 0 0 0 0 0 1024 1038 988 1010 1054 0 0 0 0 0 0 0 0 0 0 
0 0 0 259 0 0 0 3 247 0 111 99 96 390 120 110 104 90 389 135 0 0 0 244 0 
13 8 22 248 7 0 0 0 250 0 52 55 48 243 34 0 0 0 215 0 3 7 3 261 3 
58 139 194 200 61 63 120 162 224 37 152 179 236 324 111 107 199 214 254 100 91 134 180 259 66 
0 0 0 0 0 0 0 0 0 0 0 0 0 0 0 63 69 79 68 83 196 169 156 202 163 
64 88 63 56 167 0 10 0 0 94 0 3 0 0 107 0 5 0 0 116 79 80 83 73 162 
145 158 148 153 149 0 0 0 0 0 0 0 0 0 0 0 0 0 0 0 82 80 65 66 85 
0 0 0 0 0 0 0 0 0 0 0 0 0 0 0 436 430 419 410 414 192 181 184 191 202 
0 209 0 0 94 0 184 0 0 101 141 354 161 159 219 0 191 0 0 102 0 226 0 0 77 
935 0 0 0 0 901 0 0 0 0 925 0 0 0 0 961 0 0 0 0 966 0 0 0 0 
26 11 208 150 168 60 17 196 158 183 100 107 287 224 222 201 195 369 327 330 122 96 281 229 297 
104 147 89 168 85 76 80 67 126 75 0 42 0 49 0 50 97 52 92 53 0 50 0 45 0 
36 10 19 10 25 138 106 128 109 132 32 0 0 0 15 31 0 0 0 24 138 123 113 118 171 
0 0 147 0 0 0 0 131 1 0 0 0 150 0 0 155 140 271 135 138 0 0 156 0 0 
0 69 46 51 0 0 78 43 43 0 35 101 93 103 37 0 72 52 48 0 0 71 59 44 0 
0 2 0 3 144 150 127 114 144 270 154 131 109 139 230 0 9 0 0 131 87 94 102 99 206 
0 0 0 0 0 0 0 0 0 0 0 0 0 0 0 1018 1080 1104 1056 993 0 0 0 0 0 
0 20 53 135 0 0 18 54 115 0 0 18 47 145 0 0 17 52 142 0 0 16 52 143 0 
82 57 0 0 0 102 75 17 22 18 155 107 38 42 38 102 68 0 0 0 113 106 25 32 36 
79 114 70 164 171 7 35 17 76 73 18 40 21 87 104 0 43 0 58 70 0 47 0 69 68 
86 101 102 55 3 86 109 161 63 0 245 256 272 238 168 100 107 126 61 5 236 188 258 187 123 
76 10 11 96 9 67 0 0 111 0 194 138 130 222 126 66 0 0 100 0 109 42 46 172 40 
108 81 41 42 37 128 90 48 58 29 53 48 13 0 0 81 68 17 15 13 74 50 10 0 0 
0 0 153 68 0 0 0 175 55 0 0 0 218 58 0 0 0 188 51 0 0 0 168 52 0 
114 150 165 118 111 0 54 68 0 0 0 46 63 0 0 40 71 96 32 34 0 43 95 0 0 
107 78 113 105 83 168 157 165 156 157 45 55 82 63 66 0 0 0 0 0 0 0 0 0 0 
0 0 0 165 0 0 0 0 174 0 228 233 218 409 241 0 0 0 172 0 0 0 0 156 0 
0 0 0 0 0 164 160 191 143 167 0 0 0 0 0 0 0 0 0 0 82 72 76 75 93 
116 1 0 69 49 132 38 63 114 110 213 77 84 146 151 76 0 0 66 40 203 77 89 162 126 
0 105 0 0 0 0 95 2 0 0 0 66 0 0 0 120 185 93 138 100 59 147 46 65 53 
0 0 115 0 0 100 105 219 126 114 0 0 101 0 0 9 12 131 5 8 18 16 106 12 20 
279 218 212 309 129 136 106 76 128 0 99 88 59 116 0 290 264 180 317 130 149 103 82 150 0 
0 0 0 0 0 32 38 30 20 22 0 0 0 0 0 63 74 78 71 101 107 112 113 114 146 
0 227 0 204 0 0 181 0 196 0 8 207 6 200 6 0 190 0 195 0 0 198 0 209 0 
0 43 0 126 0 0 54 0 135 0 0 47 0 139 0 59 135 67 201 69 0 58 0 118 0 
0 0 0 0 68 73 65 71 55 123 77 66 67 75 116 0 0 0 0 68 0 0 0 0 72 
63 297 307 33 248 12 202 226 2 157 59 272 292 49 226 99 315 288 107 274 200 365 374 165 327 
0 45 33 0 79 19 60 45 13 88 28 81 87 38 79 0 59 26 0 64 0 61 27 0 68 
111 93 104 130 123 14 0 0 33 0 12 0 0 39 0 18 0 0 39 0 87 65 59 115 81 
75 0 73 0 0 75 0 79 0 0 140 56 119 53 59 111 17 92 14 16 71 0 83 0 0 
0 18 81 0 96 0 12 68 0 105 0 16 74 0 106 0 14 91 0 133 0 13 69 0 101 
19 55 137 71 24 72 73 152 100 54 0 32 107 38 0 43 70 156 100 44 0 24 103 57 0 
0 62 0 0 0 0 78 0 0 0 114 230 111 132 119 0 91 0 0 0 15 80 22 26 27 
0 0 0 80 0 66 69 57 134 86 0 0 0 76 0 0 0 0 88 0 80 72 65 164 70 
58 0 119 56 0 81 0 127 61 0 74 0 110 54 0 54 0 121 61 0 51 0 118 52 0 
102 73 0 38 0 146 109 23 60 29 129 112 0 36 0 140 74 0 54 0 112 76 0 42 0 
0 0 0 0 25 190 177 190 198 222 0 0 0 0 34 0 0 0 0 29 0 0 0 0 36 
114 54 65 134 104 74 46 66 120 87 26 0 0 66 11 32 0 0 65 16 44 12 10 78 31 
31 64 8 5 10 17 59 0 0 0 21 84 0 0 0 145 184 138 127 122 29 80 0 0 0 
0 0 0 21 0 186 170 197 198 164 0 0 0 23 0 0 0 0 22 0 0 0 0 19 0 
71 79 133 139 89 0 0 51 63 0 0 0 71 60 0 0 0 65 53 0 0 0 56 62 0 
61 56 54 44 67 40 0 0 0 11 76 61 47 48 71 30 0 0 0 22 92 47 44 46 58 
0 0 25 0 70 9 6 37 12 91 0 0 34 0 71 10 7 43 8 95 81 76 114 64 155 
594 589 609 646 592 0 0 0 0 0 0 0 0 0 0 0 0 0 0 0 0 0 0 0 0 
66 133 155 83 82 32 96 112 32 28 0 36 83 0 0 0 49 85 0 0 0 41 79 0 0 
0 0 113 0 0 0 0 93 0 0 78 117 216 118 104 0 0 88 0 0 0 0 105 0 0 
111 134 36 63 139 41 40 0 0 89 48 63 0 0 79 39 44 0 0 79 64 45 0 0 86 
0 49 0 23 35 59 114 57 80 93 0 58 0 27 38 0 55 0 39 40 26 65 22 53 63 
5 7 99 5 10 0 0 87 0 0 0 0 83 0 0 36 39 120 27 29 74 77 150 59 85 
0 0 0 51 75 88 81 63 117 163 0 0 0 49 73 0 0 0 36 84 0 0 0 47 73 
112 182 84 87 93 24 128 0 0 0 32 127 7 9 13 29 84 0 0 0 28 96 0 0 0 
66 34 96 34 100 14 0 36 3 64 15 0 43 0 75 17 0 48 0 65 10 0 36 5 72 
75 8 1 0 2 81 0 1 0 0 92 60 36 53 76 112 44 8 31 28 167 103 86 121 99 
67 34 118 48 52 32 0 81 0 0 28 0 77 0 0 26 0 70 0 0 83 45 122 48 45 
90 79 89 51 61 35 30 20 0 12 58 68 52 28 44 46 29 34 0 13 36 31 25 0 10 
0 62 65 0 0 0 64 52 0 0 21 104 74 21 21 32 109 51 40 42 0 62 51 0 0 
48 70 43 35 27 29 82 25 25 24 9 53 14 0 22 23 48 25 17 19 0 49 0 0 0 
29 0 91 0 43 64 43 123 39 80 25 0 85 0 29 37 10 99 5 36 31 0 99 0 28 
0 2081 0 0 0 0 2123 0 0 0 0 2017 0 0 0 0 2072 0 0 0 0 2015 0 0 0 
22 128 106 15 19 80 213 183 98 70 12 127 117 6 0 36 192 127 77 36 6 113 80 0 0 
56 84 73 0 0 42 107 87 0 0 68 92 97 0 0 53 108 85 0 0 53 98 92 0 0 
4 149 0 187 0 121 250 115 319 137 135 253 122 365 144 0 153 0 229 0 1 142 0 158 0 
82 97 197 131 115 0 0 56 0 0 0 0 92 0 0 0 0 71 0 0 210 260 308 258 278 
0 0 0 0 0 1255 1210 1210 1167 1237 0 0 0 0 0 0 0 0 0 0 0 0 0 0 0 
0 0 79 125 0 0 0 73 106 0 0 0 81 127 0 0 0 81 125 0 0 0 72 128 0 
162 50 56 102 45 161 62 58 117 65 104 0 0 44 0 88 0 0 34 0 99 0 0 48 0 
0 117 0 0 80 0 144 0 0 77 0 160 0 0 85 0 141 0 0 73 0 141 0 0 100 
193 231 117 192 68 147 252 76 155 21 291 414 243 300 165 189 321 195 214 83 170 401 263 222 139 
98 92 281 293 79 0 0 202 203 6 116 118 304 303 95 0 0 171 190 6 19 11 188 188 6 
161 142 125 181 305 12 20 0 14 189 18 10 2 17 164 225 221 165 215 371 240 277 241 270 458 
0 60 0 0 0 0 47 0 0 0 0 60 0 0 0 7 59 4 7 3 152 186 152 128 146 
84 41 71 22 70 79 19 35 0 80 76 14 44 0 47 105 14 31 0 68 190 134 139 110 201 
204 78 0 101 0 206 70 0 102 0 209 58 0 107 0 201 70 0 113 0 211 56 0 113 0 
55 0 0 0 0 62 0 0 0 0 64 0 0 0 0 202 132 145 146 141 52 0 0 0 0 
114 260 258 164 58 117 248 273 135 51 123 258 246 108 84 63 196 228 94 9 62 225 230 97 25 
83 6 5 55 30 106 73 58 124 81 116 89 72 94 95 86 36 24 80 59 72 0 0 42 11 
114 125 144 100 195 0 0 7 0 55 60 82 83 69 115 0 0 17 0 57 0 0 12 0 67 
23 47 0 55 0 109 126 64 116 52 62 64 26 83 38 35 41 0 58 0 27 45 0 57 0 
82 88 79 93 118 86 77 65 62 110 0 27 0 0 51 0 26 0 0 26 67 67 54 62 98 
0 71 0 0 0 30 124 34 36 30 33 134 34 32 29 24 116 22 25 29 37 121 42 36 46 
33 11 41 34 0 103 71 112 112 63 43 21 47 37 0 47 9 44 35 0 40 20 37 39 0 
0 17 1 71 202 118 116 113 200 328 1 28 1 78 234 0 13 3 81 236 112 135 107 177 290 
7 23 81 9 246 4 0 63 5 172 106 81 160 104 272 132 128 214 155 327 6 4 50 1 190 
140 0 0 0 0 126 0 0 0 0 209 83 98 101 101 123 0 0 0 0 121 0 0 0 0 
0 0 0 0 825 0 0 0 0 784 0 0 0 0 840 0 0 0 0 833 0 0 0 0 768 
104 73 0 132 44 92 81 2 135 62 127 122 35 187 86 86 89 4 137 61 96 97 0 151 37 
200 0 0 0 0 360 109 110 101 90 212 0 0 0 0 217 0 0 0 0 198 0 0 0 0 
0 0 0 0 0 81 76 75 71 81 0 0 0 0 0 158 129 169 173 144 0 0 0 0 0 
0 28 0 163 0 35 58 50 201 33 0 19 0 135 0 0 17 0 145 0 0 21 0 169 0 
97 69 123 127 161 53 4 73 85 54 33 3 78 90 65 103 56 124 153 122 16 1 53 71 51 
46 53 56 132 117 29 22 30 84 79 0 0 0 83 58 0 0 0 55 52 6 10 9 77 57 
0 9 68 0 0 81 99 193 91 100 0 11 90 2 0 62 81 177 61 64 0 6 73 0 0 
111 0 110 0 0 101 0 84 0 0 92 1 100 4 1 69 0 100 0 0 107 11 88 10 10 
279 87 303 104 175 326 151 422 196 210 376 164 419 226 252 178 31 260 64 136 194 44 275 45 91 
74 171 76 90 74 0 104 0 29 0 16 146 31 36 33 0 114 0 19 0 0 93 0 23 0 
0 0 38 0 65 39 51 86 54 126 68 83 97 58 139 0 0 34 0 73 0 0 52 0 70 
0 0 16 0 187 0 0 16 0 178 0 0 28 0 166 0 0 25 0 179 0 0 23 0 182 
0 0 0 52 0 0 0 0 62 0 57 59 46 144 45 0 0 0 63 0 91 80 83 164 91 
108 0 0 104 0 121 0 0 129 0 111 0 0 100 0 112 0 0 126 0 111 0 0 120 0 
0 23 62 60 0 102 158 165 194 134 157 196 219 228 149 1 49 69 97 0 55 91 104 127 64 
119 167 144 120 258 0 0 0 0 90 0 0 0 0 103 25 29 36 26 157 0 0 0 0 118 
118 223 126 131 131 0 117 0 0 0 78 190 77 84 81 1 110 0 0 4 95 191 79 80 94 
147 132 83 84 85 81 47 0 0 0 96 48 4 5 8 69 49 0 0 0 81 62 0 0 0 
0 110 0 0 0 32 148 47 49 55 0 108 0 0 0 63 173 72 76 59 0 106 0 0 0 
0 0 0 0 0 0 0 0 0 0 0 0 0 0 0 0 0 0 0 0 450 430 476 442 415 
0 0 37 0 0 73 79 92 75 87 0 0 31 0 0 77 75 85 59 79 19 24 58 22 25 
7 14 16 17 52 0 0 0 0 36 80 79 71 69 99 0 0 0 0 33 68 98 78 76 105 
0 0 0 127 0 0 0 0 111 0 0 0 0 135 0 0 0 0 139 0 72 71 76 190 79 
0 65 0 33 73 0 69 0 38 84 1 55 0 33 98 0 56 0 30 76 18 78 25 52 119 
0 116 0 0 0 0 111 0 0 0 0 112 0 0 0 0 103 0 0 0 105 192 99 107 96 
0 0 0 38 0 80 70 86 91 77 69 30 58 70 51 0 0 0 20 0 96 110 108 160 100 
0 0 117 55 0 43 45 155 107 50 0 0 102 39 0 0 0 89 37 0 0 0 126 35 0 
0 16 0 0 0 0 73 12 0 34 0 70 0 0 11 0 42 0 0 0 0 35 23 0 0 
59 0 0 0 0 126 62 61 76 69 99 20 18 20 15 131 47 46 52 41 58 0 0 0 0 
82 35 32 111 37 39 0 0 90 0 46 0 0 84 0 83 35 30 120 32 55 0 0 83 0 
0 0 67 45 0 0 0 57 44 0 103 103 152 139 99 0 0 64 51 0 0 0 68 45 0 
31 0 0 68 102 94 74 82 124 196 39 6 12 84 121 46 18 36 85 96 28 27 33 80 114 
3 8 53 99 7 0 0 51 77 0 48 29 113 122 45 28 39 73 122 34 0 0 47 79 0 
62 6 51 51 12 48 4 40 48 27 141 84 132 113 104 89 32 61 54 20 57 0 57 47 0 
41 0 56 0 56 38 0 59 0 52 27 0 69 0 72 89 55 108 64 109 30 0 55 0 52 
88 24 162 90 50 59 8 159 84 33 51 0 139 28 7 155 61 213 129 107 91 31 204 96 68 
11 65 158 13 137 153 193 302 139 280 32 114 203 45 209 0 39 142 0 135 108 192 224 133 269 
21 25 27 67 56 43 50 44 99 89 0 0 0 34 31 0 0 0 29 17 92 103 111 153 123 
22 32 0 89 2 35 53 0 114 0 91 84 50 147 60 29 41 0 113 0 47 33 0 85 0 
0 0 56 0 0 166 152 214 153 184 0 0 68 0 0 0 0 86 0 0 0 0 71 0 0 
60 109 74 100 52 19 34 0 34 0 85 120 83 127 60 23 63 7 70 11 91 81 88 132 44 
12 7 0 0 74 15 0 0 0 66 65 58 52 51 140 24 21 14 13 83 91 115 96 97 144 
58 7 8 6 20 86 58 61 63 64 94 73 76 87 83 38 0 3 0 12 33 9 14 7 20 
21 98 71 19 31 0 88 67 6 6 0 75 43 0 21 0 83 58 6 13 47 126 100 40 88 
148 200 113 101 108 84 68 47 20 21 43 51 16 0 0 44 53 16 0 0 36 51 14 0 0 
105 0 0 33 0 87 0 0 19 0 114 0 0 17 0 116 0 0 0 0 132 15 23 49 32 
79 83 17 26 26 58 54 3 0 4 60 78 17 11 16 67 72 43 38 56 90 82 49 29 49 
34 70 35 67 26 0 50 5 40 12 0 44 5 46 14 0 30 0 29 10 36 91 57 96 66 
0 0 56 27 11 0 0 45 35 3 0 0 44 40 6 43 53 122 94 61 54 50 100 93 63 
29 38 26 22 31 0 0 0 0 0 71 59 57 62 55 0 0 0 0 0 120 107 99 114 110 
40 30 34 31 39 0 0 17 0 0 0 0 18 0 0 51 42 81 55 48 118 93 133 129 117 
33 41 108 48 56 6 8 60 9 8 59 50 128 59 52 0 0 52 4 0 1 0 57 18 0 
0 0 180 32 0 0 0 141 22 0 19 20 156 36 18 0 0 166 23 0 0 0 162 23 0 
45 111 0 1 0 95 151 60 52 49 98 180 36 18 18 104 189 59 61 71 39 104 0 0 0 
72 2 71 75 78 139 63 164 160 157 156 72 162 182 194 139 37 101 113 151 91 0 75 119 90 
96 156 81 66 83 18 68 2 0 0 89 175 80 73 59 48 93 36 28 31 29 77 0 0 0 
0 125 111 171 0 0 131 131 172 0 0 112 121 178 1 0 121 118 163 0 0 129 121 170 2 
12 0 0 131 0 9 0 0 95 0 90 65 87 187 84 11 0 0 98 0 20 1 0 105 0 
44 72 40 34 68 0 54 0 0 18 51 79 45 40 62 7 35 0 0 34 0 66 2 0 28 
112 139 28 71 84 169 220 72 104 183 129 157 55 58 98 87 66 3 21 58 189 206 93 127 148 
73 157 121 84 92 6 42 63 10 3 34 78 100 32 31 27 71 62 10 22 0 61 53 0 0 
0 21 11 5 69 1 21 14 0 110 0 8 6 6 48 46 86 80 38 163 21 32 36 37 101 
692 533 571 430 530 510 198 255 200 230 460 275 321 216 297 367 113 127 52 119 559 373 382 325 397 
66 52 0 3 0 136 126 62 63 59 68 73 0 0 0 81 75 18 14 15 62 52 0 0 0 
155 301 123 141 149 263 373 155 246 181 123 274 75 150 86 24 183 0 37 0 90 211 57 91 43 
17 0 2 69 0 0 0 0 46 0 67 54 55 86 30 74 58 61 116 71 26 0 3 39 0 
0 0 0 0 52 0 0 0 0 56 0 0 0 0 65 0 0 0 0 58 134 157 141 152 186 
64 1 28 0 14 119 14 51 21 32 124 53 85 44 49 137 60 119 66 85 127 28 51 20 30 
150 0 0 54 0 156 0 0 55 0 141 0 0 40 0 168 0 0 46 0 149 0 0 41 0 
172 133 178 258 129 44 2 91 129 5 94 40 121 201 77 50 10 107 112 30 49 0 87 89 3 
0 0 57 81 0 98 66 121 121 71 0 0 49 52 0 70 70 136 107 62 60 43 116 95 41 
66 106 88 166 159 0 9 4 93 45 0 17 6 57 60 0 11 10 83 50 38 40 30 100 61 
108 112 95 48 30 153 153 132 116 94 71 63 54 48 4 217 167 169 136 125 128 164 117 64 69 
69 154 68 76 74 0 64 0 0 0 5 91 4 4 4 0 68 0 0 0 92 182 74 82 80 
0 0 0 16 0 0 0 0 21 0 0 0 0 19 0 0 0 0 20 0 178 186 215 219 214 
46 0 0 33 39 118 91 77 104 104 50 0 0 35 39 41 1 0 25 43 50 0 0 29 34 
70 8 53 129 95 30 3 22 117 99 86 24 49 133 129 30 0 36 95 89 149 96 133 204 221 
0 107 90 0 83 0 95 82 0 90 0 102 77 0 67 0 95 81 0 85 0 124 85 0 76 
44 22 54 38 33 71 52 91 54 55 23 17 35 19 12 53 45 101 71 47 8 0 30 0 0 
76 0 0 0 51 63 0 0 0 52 84 0 0 0 58 68 0 0 0 48 173 94 77 91 147 
81 122 13 141 80 57 132 6 130 94 54 99 2 149 78 235 270 182 261 217 110 193 98 189 152 
92 0 0 0 0 117 0 0 0 0 122 0 0 0 0 102 0 0 0 0 206 88 85 89 99 
69 87 96 76 61 10 35 39 13 8 0 13 44 0 0 58 68 83 51 45 20 29 55 19 12 
0 0 0 142 36 0 0 0 160 28 27 29 16 161 53 0 0 0 150 35 0 0 0 140 39 
93 16 84 0 0 103 12 94 0 0 116 10 91 0 0 115 9 91 0 0 102 15 95 0 0 
0 0 178 0 33 0 0 206 0 28 0 0 179 0 23 0 0 172 0 22 0 0 163 0 23 
0 0 0 136 14 137 107 116 302 149 0 0 0 154 15 94 105 77 212 101 1 0 0 118 8 
0 0 0 1205 0 0 0 0 1213 0 0 0 0 1232 0 0 0 2 1310 0 0 0 0 1233 0 
0 0 1461 0 0 0 0 1489 0 0 0 0 1379 0 0 0 0 1492 0 0 0 0 1470 0 0 
