951 924 906 815 966 1098 1183 1224 1035 1225 725 729 772 766 948 1052 972 1061 1040 1109 658 588 602 567 753 
183 157 170 174 164 0 0 0 0 0 121 77 125 108 102 0 0 0 0 0 0 0 0 0 0 
104 41 31 139 169 67 0 0 121 120 166 60 60 192 232 64 0 0 74 115 66 0 0 109 113 
234 47 85 58 71 165 0 0 4 0 366 94 160 102 111 379 154 268 212 201 282 71 127 87 93 
0 0 1 164 16 171 135 142 333 183 3 3 0 189 22 123 123 119 271 117 1 0 0 143 8 
150 40 98 117 19 123 15 82 94 3 130 47 86 101 22 117 7 51 97 0 277 184 239 275 163 
95 7 18 0 78 81 4 11 0 105 174 81 92 80 168 154 63 90 60 138 206 99 114 98 216 
0 0 0 0 0 0 0 0 0 0 1015 1030 980 1007 1040 0 0 0 0 0 0 0 0 0 0 
0 0 0 235 0 0 0 3 227 0 96 95 91 345 109 103 91 87 350 113 0 0 0 222 0 
17 9 15 202 6 0 0 0 224 0 45 44 36 200 30 0 0 0 180 0 3 6 3 201 3 
75 186 209 239 87 78 148 200 270 47 143 230 266 330 133 71 193 242 282 88 100 182 203 277 59 
0 0 0 0 0 0 0 0 0 0 0 0 0 0 0 56 64 62 63 77 167 158 161 180 161 
73 105 69 56 196 0 11 0 0 103 0 3 0 0 106 0 5 0 0 110 73 83 85 68 177 
138 145 147 152 157 0 0 0 0 0 0 0 0 0 0 0 0 0 0 0 81 75 70 63 83 
0 0 0 0 0 0 0 0 0 0 0 0 0 0 0 433 438 429 415 423 194 181 185 191 208 
0 192 0 0 81 0 159 0 0 94 104 288 125 114 181 0 172 0 0 92 0 204 0 0 73 
794 0 0 0 0 788 0 0 0 0 783 0 0 0 0 812 0 0 0 0 823 0 0 0 0 
7 3 170 144 169 61 31 192 174 193 113 96 269 236 238 175 179 357 315 313 122 93 248 216 281 
90 122 73 137 67 74 76 59 116 76 0 45 0 43 0 44 85 48 75 44 0 41 0 36 0 
49 11 19 11 25 139 108 127 121 140 30 0 0 0 20 25 0 0 0 21 141 119 121 138 159 
0 0 151 0 0 0 0 128 0 0 0 0 146 0 0 155 120 265 138 142 0 0 146 0 0 
0 71 49 51 0 0 85 47 46 0 40 108 97 109 40 0 85 47 49 0 0 76 61 48 0 
0 2 0 1 155 148 109 135 148 252 138 132 116 125 209 3 2 0 0 134 86 97 99 84 202 
0 0 0 0 0 0 0 0 0 0 0 0 0 0 0 991 1044 1056 1031 961 0 0 0 0 0 
0 18 53 136 0 0 19 53 118 0 0 19 48 148 0 0 18 54 149 0 0 15 51 147 0 
65 50 0 0 0 80 69 15 13 15 132 88 38 35 28 86 65 0 0 0 104 96 23 24 30 
55 84 54 112 111 6 32 14 51 52 10 33 17 59 61 0 33 0 41 48 0 29 0 48 51 
101 112 119 74 13 104 117 159 74 2 263 286 311 262 179 113 130 128 78 2 259 218 281 219 141 
87 21 20 104 22 79 0 0 117 0 229 156 137 235 136 78 0 0 100 2 121 50 47 183 45 
122 85 45 48 31 132 91 49 53 30 52 52 18 0 0 84 70 19 12 15 88 48 10 0 0 
0 0 164 73 0 0 0 183 56 0 0 0 220 65 0 0 0 195 49 0 0 0 175 53 0 
151 199 206 157 128 1 70 82 0 1 0 50 85 0 0 60 107 144 56 39 0 53 109 0 0 
66 51 68 68 60 97 116 104 112 103 22 40 42 36 38 0 0 0 0 0 0 0 0 0 0 
0 0 0 177 0 0 0 0 180 0 244 246 227 431 254 0 0 0 176 0 0 0 0 159 0 
0 0 0 0 0 161 144 176 150 143 0 0 0 0 0 0 0 0 0 0 79 60 70 66 85 
101 3 3 64 39 120 26 44 98 81 186 63 84 130 139 67 0 0 69 26 167 59 75 131 105 
0 78 0 0 0 0 75 0 0 0 0 58 0 0 0 105 144 78 119 76 49 126 44 48 46 
0 0 96 0 0 92 94 194 112 117 0 0 97 0 0 7 8 103 3 7 14 13 89 9 15 
259 236 198 272 123 116 78 61 105 0 88 85 73 91 0 277 244 170 264 130 146 125 80 152 0 
0 0 0 0 0 34 45 30 27 23 0 0 0 0 0 64 83 85 75 108 113 114 118 110 149 
0 223 0 198 0 0 179 0 193 0 2 199 5 186 0 0 187 0 189 0 0 196 0 202 0 
0 37 0 106 0 0 48 0 112 0 0 43 0 109 0 52 113 57 171 57 0 49 0 102 0 
0 0 0 0 70 77 66 73 57 124 79 71 67 76 117 0 0 0 0 71 0 0 0 0 75 
50 250 243 3 213 24 177 171 0 147 49 262 241 16 209 125 329 272 86 276 194 313 286 122 248 
0 51 38 0 89 21 66 50 13 104 29 98 97 46 88 0 64 27 0 74 0 65 27 0 76 
139 122 134 145 144 17 0 0 38 0 15 0 0 50 0 24 0 0 49 0 101 75 74 130 91 
28 0 0 52 64 67 41 36 81 113 18 0 0 55 60 32 10 13 49 55 26 25 28 66 69 
92 0 88 0 0 86 0 96 0 0 153 67 159 61 74 140 17 106 19 15 92 0 98 0 0 
0 18 81 0 96 0 12 69 0 106 0 16 74 0 106 0 14 91 0 133 0 13 69 0 101 
16 60 160 75 20 70 95 172 111 54 0 42 138 35 0 55 89 171 125 49 0 25 114 65 0 
0 65 0 0 0 0 79 0 0 0 128 238 111 147 139 0 91 0 0 0 14 85 17 23 26 
0 0 0 71 0 61 63 51 123 80 0 0 0 70 0 0 0 0 80 0 69 62 56 145 60 
54 0 94 53 0 58 0 111 54 0 62 0 97 52 0 47 0 107 55 0 47 0 103 47 0 
84 56 0 33 0 110 85 18 52 25 97 96 0 26 0 122 55 0 42 0 96 66 0 35 0 
0 0 0 0 26 186 168 184 201 211 0 0 0 0 30 0 0 0 0 29 0 0 0 0 34 
89 47 57 105 77 58 37 49 91 68 23 0 0 47 10 28 0 0 44 11 35 10 6 50 25 
29 55 8 6 10 17 48 0 0 0 21 73 0 0 0 125 160 123 115 111 27 72 0 0 0 
0 0 0 21 0 186 170 197 198 164 0 0 0 23 0 0 0 0 22 0 0 0 0 19 0 
77 101 150 169 101 0 0 60 75 0 0 0 79 69 0 0 0 77 69 0 0 0 65 72 0 
63 57 59 48 68 41 0 0 0 11 76 62 48 48 72 30 0 0 0 22 92 49 45 49 60 
0 0 24 0 69 8 6 36 12 87 0 0 34 0 70 10 6 43 8 95 81 75 114 64 153 
594 602 615 655 605 0 0 0 0 0 0 0 0 0 0 0 0 0 0 0 0 0 0 0 0 
55 105 136 64 69 28 78 94 25 25 0 30 69 0 0 0 37 71 0 0 0 39 66 0 0 
0 0 110 0 0 0 0 91 0 0 75 114 207 112 101 0 0 84 0 0 0 0 103 0 0 
98 112 35 58 131 36 43 0 0 84 42 60 0 0 70 45 47 0 0 69 52 43 0 0 79 
0 54 0 0 0 38 89 25 25 36 0 54 0 8 0 0 59 0 27 0 2 48 6 22 0 
9 7 99 4 12 0 0 87 0 0 0 0 83 0 0 36 38 120 27 29 75 78 150 58 85 
0 0 0 51 75 88 81 63 116 162 0 0 0 48 73 0 0 0 34 84 0 0 0 47 73 
94 165 78 73 84 22 106 0 0 0 30 112 7 8 9 22 75 0 0 0 25 78 0 3 0 
78 37 105 54 107 21 0 45 14 66 21 0 49 11 79 22 0 56 11 61 15 0 44 15 70 
74 0 12 0 2 88 0 0 0 0 118 52 76 52 77 122 35 24 24 14 159 92 83 100 78 
62 27 116 47 39 31 0 80 0 0 29 0 77 0 0 26 0 67 0 2 82 41 118 46 40 
0 40 1 0 5 38 71 40 54 49 33 75 35 27 32 27 67 41 53 35 0 32 0 4 0 
88 75 96 49 59 30 24 34 0 7 57 65 60 26 42 46 25 35 0 13 31 29 39 0 8 
0 62 69 0 0 13 79 59 17 14 21 104 78 21 21 32 108 63 40 42 0 62 54 0 0 
58 102 56 52 49 37 110 36 40 33 19 84 21 21 31 28 64 28 30 30 0 66 0 0 0 
27 0 85 0 40 60 42 120 39 78 23 0 76 0 25 24 0 85 0 21 30 0 93 0 23 
0 2065 0 0 0 0 2125 0 0 0 0 2005 0 0 0 0 2070 0 0 0 0 1995 0 0 0 
21 141 122 16 21 98 222 214 90 73 8 144 122 6 0 47 230 183 102 53 10 146 87 1 0 
58 87 64 0 0 43 104 91 0 0 69 98 84 0 0 50 106 85 0 0 55 93 88 0 0 
0 121 0 133 0 103 209 112 245 114 110 202 80 239 77 0 118 0 148 0 1 123 0 123 0 
130 175 9 214 118 111 202 38 258 185 72 128 0 235 106 298 376 185 417 282 195 311 119 327 259 
0 0 0 0 0 1257 1215 1214 1183 1239 0 0 0 0 0 0 0 0 0 0 0 0 0 0 0 
0 0 80 125 0 0 0 75 106 0 0 0 81 127 0 0 0 81 125 0 0 0 72 128 0 
162 61 57 107 45 175 55 57 125 69 99 0 0 49 0 93 0 0 38 0 103 0 0 51 0 
0 132 0 0 99 0 181 0 0 86 0 178 0 0 102 0 156 0 0 84 0 168 0 0 114 
159 224 122 232 101 117 241 100 150 51 296 352 247 306 159 179 282 152 198 113 220 397 282 273 224 
51 66 207 210 95 4 1 140 95 22 86 86 200 245 92 3 0 85 101 24 36 33 147 146 61 
143 113 130 145 263 2 15 4 3 155 4 13 6 2 147 206 230 177 192 366 221 236 247 229 386 
0 75 0 0 0 0 58 0 0 0 0 71 0 0 0 7 75 4 7 2 181 212 193 155 179 
48 30 37 11 44 41 16 26 0 44 39 12 34 0 29 73 13 33 0 43 114 103 91 85 128 
202 76 0 101 0 204 66 0 99 0 205 59 0 104 0 193 62 0 110 0 202 63 0 118 0 
46 12 0 33 38 118 93 78 104 104 52 11 0 34 40 42 4 0 25 43 51 11 0 27 34 
55 0 0 0 0 62 0 0 0 0 64 0 0 0 0 202 133 145 146 141 52 0 0 0 0 
59 165 177 114 32 80 164 163 106 21 70 171 153 71 57 47 128 167 71 6 36 174 172 68 18 
94 6 7 60 32 130 84 61 141 84 139 76 84 113 101 73 30 34 71 42 72 0 0 38 15 
112 123 132 85 187 0 0 6 0 49 64 75 76 61 119 0 1 20 0 60 0 0 10 0 68 
32 62 0 70 0 124 144 79 120 65 66 75 32 97 36 45 44 0 64 0 28 46 0 55 0 
75 80 80 83 119 80 77 66 63 92 0 22 0 0 43 0 19 0 0 24 50 64 53 46 80 
0 81 0 0 1 36 133 42 38 31 38 145 39 37 33 31 124 26 30 41 42 129 45 35 55 
34 10 42 39 0 105 73 116 122 64 46 25 49 39 0 51 9 48 36 0 43 20 39 40 0 
2 19 0 102 236 142 158 157 254 386 0 35 0 109 267 0 12 0 97 277 134 159 127 208 350 
10 19 98 10 226 1 7 80 9 164 114 107 181 113 269 137 146 228 170 326 2 0 77 1 178 
149 0 0 0 0 137 0 0 0 0 230 84 102 100 114 128 0 0 0 0 129 0 0 0 0 
0 0 0 0 844 0 0 0 0 801 0 0 0 0 854 0 0 0 0 842 0 0 0 0 785 
136 112 0 176 52 144 132 2 141 112 183 228 44 203 132 142 150 6 195 118 111 167 0 163 51 
111 0 0 0 0 215 83 78 74 63 134 0 0 0 0 129 0 0 0 0 127 0 0 0 0 
54 24 65 46 34 84 74 111 63 60 29 18 42 22 11 62 56 122 81 50 9 0 38 0 0 
0 22 0 146 0 33 59 50 200 31 0 20 0 136 0 0 16 0 141 0 0 22 0 168 0 
97 65 114 132 168 63 0 88 66 69 36 3 69 75 69 105 68 130 154 144 18 0 56 52 57 
42 48 53 127 106 28 22 31 81 73 0 0 0 77 55 0 0 0 48 49 6 10 8 75 53 
0 8 57 0 0 72 79 150 69 80 0 9 60 0 0 47 66 142 43 51 0 5 53 0 0 
220 19 207 0 0 225 11 198 0 0 226 11 200 4 0 193 8 197 0 0 228 28 196 10 11 
0 0 0 0 0 72 55 69 64 73 0 0 0 0 0 143 119 134 145 134 0 0 0 0 0 
299 100 354 170 225 354 177 445 237 278 332 181 429 259 298 200 30 215 105 142 261 83 330 123 161 
68 163 72 89 69 0 95 0 32 0 18 141 28 39 27 0 110 0 18 0 0 90 0 22 0 
0 0 0 16 0 0 0 0 19 0 0 0 0 18 0 0 0 0 19 0 166 175 200 205 195 
0 0 36 0 62 39 50 82 49 124 62 78 100 65 137 0 0 37 0 66 0 0 54 0 65 
0 0 16 0 187 0 0 16 0 178 0 0 28 0 166 0 0 25 0 179 0 0 23 0 182 
0 0 0 52 0 0 0 0 59 0 55 60 46 141 45 0 0 0 59 0 87 78 82 158 87 
93 0 0 107 0 120 0 0 120 0 109 0 0 99 0 105 0 0 126 0 106 0 0 122 0 
17 62 42 67 0 96 179 141 173 109 171 211 209 226 164 14 61 72 94 26 68 120 86 124 53 
109 127 119 120 223 0 0 0 0 79 0 0 0 0 80 20 26 28 23 111 0 0 0 0 81 
99 205 96 90 89 0 103 0 0 0 22 151 26 43 28 1 113 0 0 1 131 270 111 121 129 
136 126 76 78 77 75 45 0 0 0 85 47 4 4 8 63 47 0 0 0 71 56 0 0 0 
0 101 0 0 0 33 156 46 48 59 0 117 0 0 0 61 179 75 73 58 0 111 0 0 0 
92 0 0 0 0 117 0 0 0 0 122 0 0 0 0 102 0 0 0 0 205 88 85 89 99 
0 0 0 0 0 0 0 0 0 0 0 0 0 0 0 0 0 0 0 0 441 406 442 433 400 
0 0 47 0 0 75 89 104 88 93 0 0 35 0 0 89 83 93 64 86 19 25 64 21 28 
3 15 14 14 48 0 0 0 0 36 79 79 67 68 99 0 0 0 0 33 68 98 79 76 105 
0 0 0 127 0 0 0 0 111 0 0 0 0 133 0 0 0 0 137 0 71 71 76 187 79 
0 57 0 34 57 3 33 0 37 63 0 31 0 33 75 0 39 0 28 61 19 52 25 54 102 
71 0 0 0 32 60 0 0 0 30 78 0 0 0 36 62 0 0 0 23 161 83 72 84 118 
0 112 0 0 0 0 108 0 0 0 0 106 0 0 0 0 96 0 0 0 97 185 99 105 92 
25 58 40 58 43 42 58 40 36 50 49 47 39 41 50 0 8 0 11 0 81 106 74 82 68 
0 0 128 58 0 44 45 164 109 51 0 0 109 45 0 0 0 96 40 0 0 0 135 35 0 
17 66 18 0 42 9 62 12 0 35 8 57 0 2 32 38 73 52 47 79 0 37 5 0 37 
59 0 0 0 0 126 62 61 76 69 99 20 18 20 15 131 47 46 52 41 58 0 0 0 0 
195 0 0 0 0 197 13 18 16 20 178 0 0 0 0 196 0 0 0 0 166 0 0 0 0 
82 35 33 111 37 39 0 0 90 0 48 0 0 84 0 83 35 30 119 32 55 0 0 83 0 
0 0 0 27 0 40 36 27 55 33 19 14 36 37 27 0 0 0 18 0 50 46 55 96 59 
0 0 63 43 0 0 0 55 43 0 100 99 149 132 97 0 0 62 47 0 0 0 67 42 0 
79 10 61 134 112 35 15 46 121 108 75 29 55 145 116 35 1 40 100 87 137 89 128 209 211 
2 6 59 127 9 0 0 56 100 0 57 34 138 153 56 36 47 88 143 45 0 0 59 106 0 
47 6 39 42 10 38 4 34 42 19 109 66 101 100 75 61 15 42 44 16 53 0 42 38 2 
42 0 59 0 60 41 0 59 0 53 28 0 75 0 74 101 59 116 69 117 31 0 60 0 58 
104 48 152 74 55 85 22 159 77 33 49 0 100 8 1 150 85 202 110 88 115 58 193 89 75 
8 109 165 31 169 162 288 307 149 312 31 160 207 55 226 0 97 149 0 143 111 214 256 136 278 
27 25 26 70 58 43 53 38 92 86 0 0 0 38 33 0 0 0 28 19 100 117 112 157 121 
19 35 0 103 1 36 58 0 135 0 108 99 51 162 65 34 40 0 124 0 50 50 0 107 0 
0 0 51 0 0 149 133 190 134 158 0 0 56 0 0 0 0 67 0 0 0 0 63 0 0 
59 96 58 87 47 20 32 0 27 0 93 109 81 124 52 18 55 8 53 7 78 80 74 113 39 
11 7 0 0 63 12 2 0 0 51 54 55 42 36 111 19 19 14 11 65 82 99 81 76 112 
59 9 8 3 20 85 59 61 64 64 91 71 75 82 83 39 0 3 0 12 32 11 13 6 21 
24 108 73 20 33 0 97 73 9 8 0 79 43 0 19 0 88 52 8 14 49 133 113 45 89 
123 160 85 84 84 60 56 37 18 18 36 51 15 0 0 35 42 13 0 0 28 39 13 0 0 
0 69 55 0 69 0 75 65 0 73 0 81 54 0 56 0 68 65 0 71 0 87 68 0 67 
95 0 0 73 0 83 0 0 72 0 99 0 0 73 0 100 0 0 48 0 122 14 23 100 29 
67 128 76 75 80 0 63 0 0 0 38 102 44 35 36 0 55 0 0 0 30 77 27 30 30 
65 79 13 20 20 47 44 0 0 0 50 67 15 5 16 64 69 37 38 46 80 75 45 28 44 
38 77 43 70 30 0 62 11 41 16 2 51 11 46 19 0 43 14 31 13 38 104 64 98 78 
0 0 62 37 11 0 0 53 43 3 0 0 52 51 6 50 57 146 116 74 60 56 113 120 79 
29 37 26 22 31 0 0 0 0 0 71 59 57 62 55 0 0 0 0 0 120 107 99 114 110 
48 35 40 31 42 0 0 14 0 0 0 0 18 0 0 50 45 95 57 48 124 105 146 148 127 
40 37 98 47 39 6 9 52 19 6 60 50 123 51 43 0 0 51 1 0 0 0 56 21 6 
0 0 182 33 0 0 0 146 24 0 21 21 159 37 19 0 0 166 23 0 0 0 166 23 0 
44 74 0 0 0 67 91 39 31 29 67 108 17 14 9 81 120 37 37 40 37 67 0 0 0 
77 0 76 69 85 135 65 161 157 163 154 71 167 178 201 142 49 107 116 159 86 1 83 127 115 
99 147 84 60 73 14 56 3 0 0 87 160 77 55 66 47 86 31 18 19 29 67 0 0 0 
0 129 117 176 0 0 137 128 178 0 0 116 126 177 0 0 120 127 163 0 0 138 130 178 1 
0 0 0 140 35 0 0 0 158 28 27 29 16 155 51 0 0 0 151 34 0 0 0 138 38 
27 0 0 154 0 12 0 0 119 0 119 82 111 246 113 21 0 0 114 0 28 1 0 128 1 
57 74 41 40 68 4 55 3 0 25 51 82 44 38 59 5 38 0 0 36 0 62 0 0 28 
109 135 21 43 91 180 214 77 85 196 132 155 49 59 85 74 78 1 16 64 206 232 96 129 143 
94 207 163 130 106 9 56 87 15 3 42 89 118 42 33 26 97 79 14 27 0 64 59 0 0 
6 23 17 11 69 15 34 27 9 104 9 20 15 8 52 64 81 70 53 156 31 39 38 32 93 
0 0 217 0 45 0 0 224 0 30 0 0 211 0 25 0 0 203 0 22 0 0 196 0 27 
764 532 655 442 587 505 201 330 182 247 515 290 368 225 328 381 166 206 31 173 602 367 518 346 428 
101 75 3 3 1 197 201 90 89 71 115 102 0 0 0 109 108 25 21 18 86 70 0 0 0 
171 295 132 159 132 263 382 155 254 183 128 275 87 154 72 44 185 0 50 0 100 219 47 104 49 
22 0 31 81 0 26 0 15 47 0 75 45 72 76 23 97 59 86 119 65 31 1 26 53 0 
0 0 0 0 62 0 0 0 0 70 0 0 0 0 89 0 1 0 0 76 174 194 180 196 236 
72 2 51 0 21 143 16 60 27 32 155 73 109 62 72 177 106 155 74 107 136 37 69 27 25 
52 37 107 109 31 0 0 81 111 0 51 44 133 124 39 0 0 81 88 0 0 0 76 79 0 
150 0 0 54 0 156 0 0 55 0 141 0 0 40 0 168 0 0 46 0 149 0 0 41 0 
0 0 0 0 0 0 0 8 0 0 1 0 0 0 0 0 0 0 0 0 0 0 36 0 28 
162 123 155 245 131 31 2 73 126 0 62 37 108 177 57 29 9 86 103 26 36 0 70 86 0 
62 27 29 68 75 42 0 0 30 54 50 0 0 25 35 54 0 0 35 38 82 44 47 77 84 
0 0 52 57 0 71 53 110 107 67 0 0 41 39 0 68 55 110 100 61 49 30 87 79 31 
0 0 0 35 0 77 66 49 101 51 0 0 0 24 0 45 45 62 89 49 41 50 45 100 40 
54 92 70 149 124 0 9 4 80 39 0 13 4 49 46 0 10 10 68 41 27 36 22 85 48 
124 102 70 97 18 192 149 157 145 113 97 64 45 63 9 244 199 181 164 143 161 146 154 103 79 
65 63 119 91 61 0 0 27 0 0 0 0 46 0 0 0 0 44 0 0 148 144 191 165 147 
0 0 0 1170 0 0 0 0 1160 0 0 0 0 1186 0 0 2 1 1258 1 0 0 0 1195 0 
0 0 1436 0 0 0 0 1458 0 0 0 0 1336 0 0 0 0 1474 0 0 0 0 1434 0 0 
