952 908 803 815 937 1165 1164 1126 1157 1156 776 777 763 784 912 1093 985 1036 1046 1079 631 543 508 511 709 
164 136 162 156 153 0 0 0 0 0 116 73 114 92 87 0 0 0 0 0 0 0 0 0 0 
138 51 36 219 290 83 0 0 158 175 176 57 38 274 285 80 0 0 152 144 93 0 0 188 181 
359 38 122 124 96 267 0 47 12 2 447 109 208 155 159 489 239 351 265 290 330 75 123 78 107 
1 0 5 48 2 99 73 62 118 75 0 3 0 36 0 55 48 68 112 62 51 55 55 114 43 
174 26 99 162 16 147 17 81 123 6 151 28 79 125 24 128 4 61 121 0 288 177 257 326 171 
127 10 18 0 138 111 3 14 0 130 234 107 127 100 220 202 83 108 75 165 289 140 171 137 326 
0 0 0 0 0 0 0 0 0 0 1031 1033 990 1019 1050 0 0 0 0 0 0 0 0 0 0 
0 0 0 253 0 0 0 3 234 1 105 107 94 355 115 101 104 85 383 122 0 0 0 227 0 
15 8 14 180 8 0 0 0 186 0 40 48 37 181 31 0 0 0 172 0 3 8 3 182 4 
0 0 0 0 0 0 0 0 0 0 0 0 0 0 0 75 76 67 75 83 203 171 163 215 177 
75 94 75 61 182 0 11 0 0 91 0 3 0 0 102 0 5 0 0 110 75 83 74 64 159 
149 142 154 154 154 0 0 0 0 0 0 0 0 0 0 0 0 0 0 0 91 85 70 70 83 
0 0 0 0 0 0 0 0 0 0 0 0 0 0 0 426 436 418 408 420 193 178 184 190 208 
0 203 0 0 86 0 174 0 0 102 133 328 151 137 216 0 184 0 0 96 0 218 0 0 77 
797 0 0 0 0 790 0 0 0 0 789 0 0 0 0 817 0 0 0 0 829 0 0 0 0 
15 1 198 145 160 37 3 212 146 156 120 103 287 225 228 204 192 429 356 338 128 93 275 217 288 
98 137 95 174 77 59 89 64 119 66 0 43 0 55 0 43 104 60 105 63 0 49 0 36 0 
31 10 11 9 20 133 97 100 98 118 38 0 0 0 16 27 0 0 0 27 127 107 92 100 137 
0 0 119 0 0 0 0 120 0 0 0 0 132 0 0 132 111 229 110 115 0 0 130 0 0 
0 73 46 52 0 0 91 47 51 0 36 111 102 111 39 0 84 60 52 0 0 89 69 42 0 
0 0 0 1 146 148 107 108 151 235 142 117 105 109 217 0 1 0 0 106 94 91 97 100 194 
0 0 0 0 0 0 0 0 0 0 0 0 0 0 0 1015 1095 1125 1071 1013 0 0 0 0 0 
0 18 52 132 0 0 17 52 114 0 0 18 45 141 0 0 17 50 141 0 0 15 51 139 0 
63 47 0 0 0 79 67 15 14 13 130 81 34 33 27 85 62 0 0 0 93 89 21 23 28 
70 107 66 130 150 5 33 13 55 67 16 46 19 77 93 0 37 0 59 61 0 33 0 60 61 
73 111 121 71 0 78 117 172 78 1 264 277 317 278 199 102 127 123 72 0 238 214 272 201 125 
78 17 23 102 16 73 0 0 114 0 217 154 140 233 127 71 0 0 107 0 110 50 51 179 38 
104 76 39 41 28 120 82 39 49 26 48 42 12 0 0 75 62 12 11 12 77 45 9 0 0 
0 0 136 59 0 0 0 159 54 0 0 0 195 60 0 0 0 172 44 0 0 0 146 45 0 
122 164 171 126 107 0 52 72 0 0 0 50 61 0 0 34 66 90 32 38 0 45 101 0 0 
71 56 74 77 63 107 134 119 116 111 25 43 47 44 40 0 0 0 0 0 0 0 0 0 0 
0 0 0 165 0 0 0 0 174 0 230 234 220 409 242 0 0 0 171 0 0 0 0 155 0 
1 0 0 0 0 176 167 205 162 174 0 0 0 0 0 0 0 0 0 0 83 78 85 74 98 
82 0 0 59 30 114 27 39 104 87 195 67 78 139 141 73 0 0 71 37 161 59 80 139 105 
0 76 0 0 0 0 73 0 0 0 0 61 0 0 0 103 137 77 113 78 49 120 44 49 48 
0 0 105 0 0 114 103 218 128 124 0 0 107 0 0 10 11 124 4 12 21 15 101 11 17 
254 196 187 260 107 114 92 69 118 0 89 80 57 86 0 271 232 142 264 115 133 114 74 145 0 
0 0 0 0 0 40 38 30 19 22 0 0 0 0 0 59 75 75 72 102 113 104 115 108 147 
0 225 0 203 0 0 183 0 195 0 7 208 5 203 7 0 187 0 193 0 0 199 0 206 0 
0 42 0 120 0 0 56 0 143 0 0 51 0 146 0 63 153 80 217 80 0 63 0 139 0 
0 0 0 0 80 92 76 83 63 149 94 90 82 92 136 0 0 0 0 86 0 0 0 0 88 
60 344 398 65 256 16 240 283 19 178 51 314 376 71 245 97 370 355 113 277 193 389 458 175 331 
0 45 33 0 79 19 60 45 13 88 28 81 87 38 79 0 59 26 0 64 0 61 27 0 68 
116 99 111 121 126 14 0 0 32 0 15 0 0 42 0 22 0 0 44 0 92 70 66 121 93 
69 0 65 0 0 63 0 76 0 0 114 55 107 48 51 99 16 81 12 12 66 0 73 0 0 
0 19 85 0 101 0 12 68 0 110 0 17 76 0 113 0 15 92 0 137 0 15 72 0 104 
34 77 159 93 31 80 96 174 133 77 0 45 119 40 0 57 87 170 118 55 0 29 106 63 0 
0 65 0 0 0 0 70 0 0 0 115 220 100 132 117 0 86 0 0 0 15 80 17 24 25 
0 0 0 80 0 67 70 57 137 86 0 0 0 75 0 0 0 0 90 0 77 73 59 163 68 
68 0 130 62 0 77 0 136 75 0 73 0 124 69 0 75 0 118 85 0 60 0 129 72 0 
97 70 0 34 0 144 98 24 56 34 118 111 0 35 0 138 71 0 47 0 115 74 0 42 0 
0 0 0 0 28 190 183 191 209 223 0 0 0 0 40 0 0 0 0 33 0 0 0 0 39 
107 51 60 125 90 74 44 63 112 82 28 0 0 57 12 38 0 0 52 13 42 13 9 63 30 
30 64 8 6 10 18 54 0 0 0 21 84 0 0 0 145 187 149 136 126 29 88 0 0 0 
0 0 0 21 0 172 154 174 180 135 0 0 0 23 0 0 0 0 21 0 0 0 0 19 0 
77 83 134 146 90 0 0 54 63 0 0 0 75 63 0 0 0 68 53 0 0 0 58 63 0 
72 67 63 56 82 46 0 0 0 12 87 72 59 55 84 35 0 0 0 23 102 56 45 50 74 
0 0 25 0 68 9 6 36 12 87 0 0 34 0 69 10 7 43 8 95 81 75 114 64 151 
592 600 620 655 602 0 0 0 0 0 0 0 0 0 0 0 0 0 0 0 0 0 0 0 0 
71 132 164 83 83 36 96 112 30 34 0 36 79 0 0 0 45 92 0 0 0 49 77 0 0 
0 0 110 0 0 0 0 91 0 0 76 114 207 112 101 0 0 85 0 0 0 0 104 0 0 
110 128 41 59 144 45 49 0 0 94 43 63 0 0 76 44 45 0 0 81 60 48 0 0 88 
0 48 0 23 36 59 115 57 79 93 0 59 0 26 37 0 52 0 38 36 26 65 22 53 62 
9 7 98 4 12 0 0 87 0 0 0 0 82 0 0 35 38 120 26 29 74 78 149 58 85 
0 0 0 51 76 88 81 63 117 163 0 0 0 49 73 0 0 0 36 84 0 0 0 47 73 
114 190 85 82 99 28 133 0 0 0 37 130 8 9 11 25 88 0 0 0 30 101 6 3 1 
64 24 102 45 101 17 0 41 7 66 13 0 46 0 80 20 0 54 0 65 15 0 38 8 70 
63 12 9 0 5 78 1 0 0 0 95 55 49 55 78 113 41 5 24 28 179 115 109 137 119 
59 25 112 42 47 32 0 77 0 0 28 0 74 0 0 26 0 68 0 0 81 41 116 42 32 
87 78 101 50 60 30 27 30 0 11 57 68 59 28 44 44 26 36 0 12 36 31 39 0 6 
0 62 62 0 0 0 62 47 0 0 21 104 78 21 21 31 109 59 40 40 0 62 51 0 0 
28 52 30 11 22 32 80 30 19 23 0 51 0 0 8 18 26 0 0 12 0 35 0 0 0 
30 0 91 0 45 64 43 124 39 80 25 0 85 0 29 37 10 99 5 36 31 0 99 0 28 
0 2116 0 0 0 0 2152 0 0 0 0 2045 0 0 0 0 2125 0 0 0 0 2044 0 0 0 
26 151 143 19 17 117 258 244 87 71 5 128 126 5 0 68 276 167 91 65 8 151 123 2 0 
55 89 67 0 0 42 113 94 0 0 77 102 99 0 0 52 109 94 0 0 56 101 96 0 0 
14 136 0 182 0 127 259 117 356 143 152 238 131 350 139 4 128 0 192 0 13 136 0 165 0 
82 94 145 114 100 0 0 51 0 0 0 0 74 0 0 0 0 58 0 0 208 226 263 241 260 
0 0 0 0 0 1270 1235 1235 1188 1268 0 0 0 0 0 0 0 0 0 0 0 0 0 0 0 
0 0 80 126 0 0 0 75 106 0 0 0 81 127 0 0 0 81 125 0 0 0 72 128 0 
146 50 50 86 43 159 48 49 108 62 81 0 0 42 0 80 0 0 40 0 91 0 0 51 0 
0 118 0 0 78 0 135 0 0 72 0 150 0 0 82 0 128 0 0 65 0 133 0 0 92 
203 337 198 278 119 90 176 23 139 1 328 444 287 398 162 184 315 157 255 106 247 382 328 378 167 
96 84 283 287 95 0 0 198 201 3 117 102 289 316 108 0 0 164 193 12 17 9 204 203 25 
146 123 120 162 265 12 17 3 9 179 17 17 9 10 159 197 227 171 199 373 216 241 233 221 397 
0 62 0 0 0 0 53 0 0 0 0 64 0 0 0 7 62 5 7 3 162 199 168 131 163 
66 32 51 30 56 47 13 26 0 59 52 11 36 0 31 87 13 29 0 52 161 136 128 108 156 
202 71 0 99 0 198 69 0 101 0 205 56 0 104 0 197 65 0 112 0 201 67 0 114 0 
55 0 0 0 0 62 0 0 0 0 64 0 0 0 0 202 133 145 146 141 52 0 0 0 0 
92 220 214 135 50 126 224 255 163 62 125 231 257 130 104 65 172 214 93 11 50 211 235 126 27 
71 4 8 54 33 102 64 56 109 67 99 64 60 78 86 67 31 20 67 36 59 0 0 28 13 
107 119 132 89 192 0 0 7 0 49 59 80 78 60 111 0 0 16 0 53 0 0 13 0 66 
20 45 0 49 0 95 113 59 101 46 52 57 23 73 32 32 38 0 47 0 24 42 0 51 0 
84 94 98 98 150 84 86 79 72 109 0 27 0 0 48 0 20 0 0 27 51 69 60 54 96 
0 68 0 0 0 34 138 36 34 32 32 144 34 31 31 23 129 27 25 36 40 135 51 41 55 
33 11 41 34 0 104 71 112 112 63 43 21 47 37 0 47 10 44 35 0 41 20 37 39 0 
4 13 0 79 201 115 130 115 203 320 2 30 0 82 239 0 6 0 91 237 115 135 108 173 286 
9 7 88 6 208 1 0 64 9 162 106 97 176 114 265 134 133 214 169 311 0 2 70 2 171 
164 0 0 0 0 134 0 0 0 0 227 83 105 106 117 140 0 0 0 0 139 0 0 0 1 
0 0 0 0 858 0 0 0 0 811 0 0 0 0 865 0 0 0 0 844 0 0 0 0 798 
141 120 2 183 58 153 135 11 209 96 203 203 61 283 132 136 116 6 174 92 165 184 1 271 78 
143 0 0 0 0 270 103 102 81 81 171 0 0 0 0 153 0 0 0 0 158 0 0 0 0 
0 0 0 0 0 81 61 73 73 78 0 0 0 0 0 161 131 170 157 154 0 0 0 0 0 
0 22 0 163 0 35 60 48 203 33 0 19 0 147 0 0 17 0 150 0 0 22 0 168 0 
75 54 91 118 128 44 0 74 67 53 28 5 71 66 58 84 55 114 119 109 8 0 51 52 37 
43 48 54 126 105 27 22 31 79 73 0 0 0 75 55 0 0 0 48 50 7 10 9 75 53 
0 10 71 0 0 80 113 197 88 100 0 10 75 0 0 64 83 189 49 60 0 8 68 0 0 
211 16 194 0 0 212 11 182 0 0 209 9 196 2 1 188 11 192 0 0 213 25 192 9 5 
281 112 351 121 193 307 169 413 178 218 322 152 358 214 249 171 18 231 58 114 208 56 305 59 92 
65 151 70 79 69 0 86 0 27 0 17 128 29 32 27 0 104 0 16 0 0 76 0 21 0 
0 0 41 0 62 42 58 95 53 136 69 85 105 59 130 0 0 37 0 73 2 0 55 0 76 
0 0 18 0 211 0 0 18 0 200 0 0 33 0 175 0 0 27 0 193 0 0 23 0 193 
0 0 0 64 0 0 0 0 78 0 65 69 48 160 53 0 0 0 69 0 114 94 95 194 100 
100 0 0 110 0 127 0 0 121 0 107 0 0 99 0 111 0 0 128 0 103 0 0 118 0 
11 44 95 82 0 122 202 217 211 144 156 231 255 235 155 26 86 126 122 52 79 129 143 149 65 
115 149 143 118 249 0 0 0 0 82 0 0 0 0 90 24 25 26 25 130 0 0 0 0 95 
132 260 157 141 155 0 140 0 0 0 91 211 93 106 88 3 115 0 2 1 96 218 84 70 86 
144 132 82 79 85 78 46 0 0 0 88 48 5 4 8 69 50 0 0 0 78 58 0 0 0 
0 125 0 0 0 29 154 47 54 60 0 121 0 0 0 60 182 74 73 67 0 110 0 0 0 
0 0 0 0 0 0 0 0 0 0 0 0 0 0 0 0 0 0 0 0 466 428 461 451 421 
0 0 37 0 0 73 79 92 75 87 0 0 31 0 0 77 75 85 59 79 19 25 59 22 25 
8 15 16 17 52 0 0 0 0 36 80 79 71 69 99 0 0 0 0 33 68 99 78 76 105 
0 0 0 135 0 0 0 0 116 0 0 0 0 144 1 0 0 0 149 0 80 74 84 210 87 
0 66 0 28 72 0 60 0 31 77 0 51 0 31 88 0 58 0 27 73 14 76 23 51 112 
0 112 0 0 0 0 108 0 0 0 0 106 0 0 0 0 96 0 0 0 97 185 99 105 92 
0 0 0 38 0 76 44 74 60 79 43 17 33 34 44 0 2 0 23 0 105 97 113 155 102 
0 0 118 55 0 43 45 155 106 50 0 0 103 39 0 0 0 89 38 0 0 0 126 35 0 
0 39 0 0 0 5 80 18 0 38 0 51 0 0 14 0 34 0 0 0 0 54 15 0 32 
59 0 0 0 0 126 62 61 76 69 99 20 18 20 15 131 47 46 52 41 58 0 0 0 0 
83 35 33 111 37 39 0 0 91 0 48 0 0 85 0 83 35 30 120 32 55 0 0 83 0 
0 0 63 43 0 0 0 55 43 0 101 99 149 132 97 0 0 62 47 0 0 0 67 42 0 
31 0 0 65 103 101 82 97 144 204 23 4 4 93 118 53 20 19 96 97 34 34 44 86 107 
3 10 51 104 10 0 0 59 90 0 57 35 133 142 62 30 44 80 131 41 0 0 50 92 0 
85 10 61 65 13 70 6 46 66 27 161 97 175 164 119 94 23 68 80 19 65 0 54 62 0 
39 0 54 0 55 38 0 56 0 51 26 0 66 0 70 88 49 103 64 103 30 0 55 0 53 
74 27 181 87 57 51 11 167 81 40 51 0 141 26 16 139 46 216 109 97 81 30 202 62 56 
15 89 138 35 119 138 179 285 134 230 35 107 185 49 170 0 42 141 4 107 96 132 225 125 207 
24 22 28 66 56 49 47 42 93 102 0 0 0 38 33 0 0 0 28 22 99 104 125 153 134 
19 36 0 98 1 34 52 0 117 0 81 80 41 148 57 26 36 0 123 0 43 36 0 89 0 
0 0 58 0 0 165 151 213 152 179 0 0 60 0 0 0 0 74 0 0 0 0 71 0 0 
11 7 0 0 72 16 2 1 0 69 60 69 57 46 138 24 20 20 12 78 91 129 107 101 149 
58 11 10 5 20 85 60 61 64 64 94 73 78 87 83 39 0 4 0 12 33 11 13 4 19 
19 105 81 16 31 0 90 76 5 10 0 80 46 0 19 0 86 52 11 12 52 137 113 46 89 
163 202 106 109 111 92 66 53 20 22 40 51 20 0 0 49 56 13 0 0 35 48 16 0 0 
95 0 0 4 0 83 0 0 20 0 99 0 0 19 0 100 0 0 0 0 122 15 23 54 29 
61 77 15 21 10 46 42 0 0 0 40 62 12 0 6 57 65 34 34 42 73 70 39 25 35 
37 68 40 69 27 0 58 4 42 11 0 42 7 44 15 0 36 9 30 8 36 95 56 93 73 
0 0 55 27 11 0 0 45 35 1 0 0 44 39 5 41 53 122 93 61 54 50 100 92 62 
29 38 26 22 31 0 0 0 0 0 71 59 57 62 55 0 0 0 0 0 120 107 99 114 110 
49 38 39 36 44 0 0 18 0 0 0 0 21 0 0 50 50 83 59 55 138 109 140 156 131 
33 40 108 55 57 4 9 63 16 21 57 51 131 54 56 0 0 53 4 0 0 7 64 24 18 
0 0 180 32 0 0 0 141 22 0 19 20 156 37 18 0 0 166 23 0 0 0 162 23 0 
46 116 0 0 0 100 168 56 56 57 97 192 26 20 16 107 193 67 69 65 39 110 0 0 0 
70 0 70 68 84 127 68 162 151 161 151 78 164 175 194 134 34 82 93 135 94 0 79 119 102 
106 138 84 71 77 11 71 0 0 0 88 173 76 63 68 53 94 34 18 21 25 76 0 0 2 
0 114 108 162 0 0 126 119 163 0 0 108 120 165 0 0 117 115 156 0 0 126 118 165 1 
13 0 0 130 0 9 0 0 94 0 91 65 87 187 84 11 0 0 99 0 20 0 1 105 0 
50 72 41 44 60 8 59 0 0 26 51 81 44 40 64 7 39 0 0 34 1 64 0 0 27 
114 136 29 62 99 168 230 104 103 210 114 169 42 59 103 58 90 3 19 64 200 269 117 141 181 
71 170 131 85 103 8 42 71 13 3 29 69 113 42 35 22 72 62 16 24 0 61 52 0 0 
0 20 5 4 67 0 24 21 1 99 0 9 10 2 42 64 79 70 42 158 28 41 39 30 95 
772 543 546 505 538 527 287 297 227 256 529 334 316 223 272 438 187 169 118 210 647 416 409 390 428 
78 63 2 3 1 152 138 64 67 69 75 78 0 0 0 88 81 21 16 17 69 55 0 0 0 
149 300 114 132 127 259 367 138 250 172 148 288 79 145 82 46 186 0 33 0 86 211 49 70 12 
12 0 1 69 0 1 0 0 31 0 76 51 50 70 27 72 57 82 95 75 18 0 10 26 0 
0 0 0 0 53 0 0 0 0 58 0 0 0 0 73 0 0 0 0 63 157 174 151 176 210 
57 7 31 0 17 116 11 53 25 33 115 55 89 54 53 128 65 135 77 89 114 29 39 14 31 
150 0 0 54 0 156 0 0 54 0 141 0 0 40 0 168 0 0 43 0 149 0 0 40 0 
164 124 140 213 106 44 0 80 114 0 87 43 114 177 59 39 8 98 94 23 42 0 88 76 0 
0 0 48 57 0 79 48 114 107 72 0 0 41 34 0 67 50 106 85 51 46 35 83 76 32 
64 101 77 171 132 0 10 4 93 42 0 15 7 66 50 0 11 13 81 48 29 44 25 99 57 
105 99 91 41 0 161 180 123 92 89 81 71 65 23 5 218 211 191 130 119 118 135 123 28 37 
58 130 51 57 53 0 55 0 0 0 6 80 4 5 4 0 64 0 0 0 76 154 62 76 64 
1 0 0 16 0 0 0 0 22 0 0 0 0 22 0 0 0 0 18 0 184 203 220 222 225 
45 4 0 31 36 118 85 77 102 104 49 0 0 29 38 42 0 0 23 42 50 0 0 26 34 
55 9 54 111 85 21 3 28 99 82 65 25 46 132 106 25 1 37 86 83 124 78 115 195 193 
0 69 55 0 67 0 71 63 0 72 0 79 53 0 55 0 65 64 0 69 0 84 67 0 66 
47 22 56 39 32 72 52 92 56 55 23 17 35 19 13 55 45 103 71 48 8 0 32 0 0 
73 0 0 0 51 63 0 0 0 51 85 0 0 0 59 71 0 0 0 48 169 97 80 87 152 
70 115 20 122 84 59 102 2 110 100 44 70 0 110 68 201 239 139 228 180 102 143 66 170 116 
92 0 0 0 0 117 0 0 0 0 122 0 0 0 0 102 0 0 0 0 206 88 85 89 99 
84 100 118 93 72 12 40 45 13 11 0 14 51 0 0 65 82 99 65 56 24 36 66 23 16 
0 0 0 140 35 0 0 0 158 28 27 29 16 157 51 0 0 0 149 34 0 0 0 138 38 
0 0 198 0 32 0 0 224 0 28 0 0 202 0 24 0 0 180 0 25 0 0 183 0 23 
0 0 0 139 13 136 121 115 296 153 0 0 0 159 15 94 104 77 228 89 0 0 0 125 8 
48 115 150 171 55 18 93 104 160 22 81 140 127 186 63 47 131 118 175 61 57 107 115 183 40 
0 0 0 1260 0 0 0 0 1242 0 0 0 0 1263 0 0 0 3 1337 0 0 0 0 1255 0 
195 0 0 0 0 197 13 18 17 20 178 0 0 0 0 196 0 0 0 0 166 0 0 0 0 
0 0 1445 0 0 0 0 1464 0 0 0 0 1359 0 0 0 0 1481 0 0 0 0 1440 0 0 
