764 717 521 608 680 1030 1045 946 926 953 559 562 422 526 655 870 841 766 791 863 518 481 373 420 571 
310 228 304 284 263 0 2 0 0 0 163 145 167 145 170 0 0 0 0 0 0 0 0 0 0 
123 55 33 210 241 88 0 0 140 175 149 48 29 219 249 66 0 0 89 141 64 0 0 128 146 
178 1 148 198 185 226 27 202 251 243 326 144 310 364 383 273 47 186 248 246 181 0 124 229 167 
156 36 98 136 56 130 3 72 80 0 116 25 73 94 13 128 5 47 115 0 289 176 262 285 177 
96 5 21 0 88 86 0 10 0 107 190 95 101 84 170 160 64 91 67 139 207 101 114 102 219 
0 0 0 0 0 0 0 0 0 0 1033 1045 990 1023 1068 0 0 0 0 0 0 0 0 0 0 
0 0 0 261 0 1 0 2 231 0 114 104 96 376 121 117 108 88 393 127 0 0 0 241 1 
15 10 13 189 5 0 0 0 196 0 36 42 38 192 33 0 0 0 170 0 4 7 3 186 4 
0 0 0 0 0 0 0 0 0 0 0 0 0 0 0 73 85 77 97 101 233 234 214 262 219 
71 82 69 57 171 0 12 0 0 107 0 3 0 0 112 0 8 0 0 111 75 79 78 65 156 
139 141 148 150 149 0 0 0 0 0 0 0 0 0 0 0 0 0 0 0 80 77 62 69 80 
0 0 0 0 0 0 0 0 0 0 0 0 0 0 0 432 428 416 411 423 190 177 179 189 202 
0 197 0 0 83 0 164 0 0 109 106 311 141 109 203 0 180 0 0 99 0 219 0 0 75 
799 0 0 0 0 803 0 0 0 0 793 0 0 0 0 823 0 0 0 0 836 0 0 0 0 
20 1 175 132 195 95 76 263 219 254 130 135 289 225 283 206 190 403 338 361 134 88 262 207 303 
94 143 98 162 73 79 109 67 125 79 0 48 0 48 0 60 100 53 112 57 0 44 0 40 0 
39 7 20 7 31 141 109 142 125 143 31 0 0 0 20 24 0 0 0 30 147 130 106 129 155 
0 0 157 0 0 0 0 147 0 0 0 0 155 0 0 171 140 276 140 148 0 0 155 0 0 
0 86 54 62 0 0 111 59 66 0 78 147 134 147 46 0 94 61 69 0 0 113 67 78 0 
3 0 0 1 146 134 108 130 152 258 126 125 127 116 237 10 0 0 0 135 92 91 92 100 194 
0 0 0 0 0 0 0 0 0 0 0 0 0 0 0 1004 1050 1074 1041 974 0 0 0 0 0 
0 18 52 133 0 0 17 54 117 0 0 18 47 143 0 0 17 50 141 0 0 15 51 144 0 
95 134 76 159 159 11 47 17 77 75 20 48 21 87 92 0 59 0 72 81 0 35 0 64 77 
116 130 144 101 7 97 139 172 98 1 296 304 367 334 227 125 130 143 99 0 266 235 340 259 139 
57 11 11 91 9 72 0 0 121 0 205 151 134 232 120 52 0 0 98 0 97 33 40 159 40 
125 108 55 61 36 150 113 57 63 30 59 52 18 0 0 96 80 18 14 18 88 56 10 0 0 
0 0 251 80 0 0 0 240 76 0 0 0 293 88 0 0 0 276 63 0 0 0 239 63 0 
112 158 141 105 94 0 49 59 0 2 0 43 57 0 0 42 64 93 32 36 0 42 82 0 0 
82 62 88 93 72 134 148 138 133 123 33 42 50 48 40 0 0 0 0 0 0 0 0 0 0 
0 0 0 195 0 0 0 0 200 0 241 245 238 451 242 0 0 0 190 0 0 0 0 171 0 
0 0 0 0 0 146 131 164 127 136 0 0 0 0 0 0 0 0 0 0 73 54 64 66 76 
174 5 29 98 78 164 48 54 147 116 274 115 110 207 187 108 0 0 85 62 240 98 99 193 150 
0 86 0 0 0 0 76 0 0 0 0 72 0 0 0 111 154 78 115 82 55 133 42 48 50 
0 0 95 0 0 85 85 176 105 104 0 0 92 0 0 7 9 97 4 8 14 13 82 9 15 
247 217 201 275 112 116 91 76 115 0 85 92 61 86 0 256 237 157 284 116 122 128 92 144 0 
0 40 0 131 0 0 52 0 149 0 0 50 0 148 0 70 157 71 223 81 0 53 0 131 0 
0 0 0 0 68 74 64 71 56 123 78 67 66 76 116 0 0 0 0 68 0 0 0 0 72 
79 257 290 44 199 38 195 244 11 140 94 265 318 58 218 121 279 308 104 245 240 344 388 160 305 
0 65 44 0 103 27 80 62 20 124 35 121 96 41 120 0 76 45 0 89 0 90 36 0 112 
121 95 116 118 128 13 0 0 37 0 13 0 0 37 0 17 0 0 40 0 98 69 62 115 90 
79 0 72 0 0 69 0 83 0 0 127 58 121 54 53 109 17 90 14 12 73 0 81 0 0 
0 18 85 0 110 0 11 69 0 116 0 17 74 0 114 0 13 101 0 141 0 11 75 0 110 
17 53 136 63 21 56 69 165 100 54 0 46 122 35 0 43 83 163 95 43 0 26 109 59 0 
0 83 0 0 0 0 92 0 0 0 167 287 153 171 164 0 112 0 0 0 15 96 19 24 39 
0 0 0 75 0 64 65 53 126 82 0 0 0 73 0 0 0 0 80 0 75 65 60 152 63 
58 0 99 53 0 65 0 131 56 0 66 0 108 58 0 51 0 120 63 0 53 0 104 53 0 
77 46 0 29 0 103 72 16 47 24 92 86 0 25 0 110 53 0 41 0 87 58 0 33 0 
0 0 0 0 40 251 248 253 261 295 0 0 0 0 54 0 0 0 0 52 0 0 0 0 50 
93 49 60 116 86 61 39 52 102 76 25 0 0 55 11 26 0 0 49 12 38 12 8 65 31 
29 55 8 6 10 17 48 0 0 0 21 72 0 0 0 125 160 123 115 111 27 72 0 0 0 
0 0 0 22 0 193 175 202 203 167 0 0 0 23 0 0 0 0 24 0 0 0 0 19 0 
73 83 138 144 97 0 0 56 68 0 0 0 80 65 0 0 0 69 54 0 0 0 63 63 0 
77 68 68 61 78 50 0 0 0 12 94 73 57 56 83 35 0 0 0 22 106 56 55 57 70 
0 0 29 0 85 4 0 44 7 104 0 0 42 2 100 9 6 42 0 109 110 115 157 91 212 
65 118 163 74 82 34 86 113 34 25 0 41 86 0 0 0 43 87 0 0 0 35 78 0 0 
0 0 121 0 0 0 0 97 0 0 83 119 223 119 106 0 0 96 0 0 0 0 110 0 0 
106 116 34 57 142 43 45 0 0 85 51 60 0 0 75 44 45 0 0 87 63 51 0 0 89 
0 49 0 23 36 58 115 57 80 94 0 58 0 27 38 0 55 0 39 40 26 64 22 53 63 
11 13 116 7 22 0 0 115 0 0 0 0 101 0 0 43 45 146 36 34 87 98 175 78 91 
0 0 0 51 74 88 79 61 115 160 0 0 0 49 72 0 0 0 36 83 0 0 0 47 73 
94 163 78 75 84 22 105 0 0 0 31 116 5 7 10 22 76 0 0 0 25 78 0 3 0 
75 39 100 46 105 21 0 44 10 58 19 0 48 0 73 18 0 56 4 58 8 0 33 0 58 
54 0 15 0 2 67 0 14 0 0 88 51 73 55 77 77 34 0 6 0 129 95 76 87 62 
39 34 118 47 50 0 0 80 0 0 0 0 77 0 0 1 0 70 0 0 34 24 113 31 23 
0 62 68 0 0 0 62 43 0 0 20 104 72 21 21 32 107 56 39 42 0 62 50 0 0 
0 0 84 0 37 12 24 94 17 62 0 0 80 0 18 0 4 82 0 22 0 0 91 0 23 
0 2174 0 0 0 0 2237 0 0 0 0 2091 0 0 0 0 2158 0 0 0 0 2098 0 0 0 
27 135 119 25 27 98 202 218 88 114 10 144 140 4 0 39 217 149 77 54 5 129 85 1 2 
62 102 92 0 0 49 128 118 0 0 82 129 102 0 0 68 126 96 0 0 54 123 113 0 0 
0 111 0 140 0 120 223 98 256 144 108 200 46 242 67 0 107 0 178 0 0 122 0 158 0 
0 0 0 0 0 1292 1245 1258 1217 1273 0 0 0 0 0 0 0 0 0 0 0 0 0 0 0 
0 0 80 125 0 0 0 75 106 0 0 0 80 127 0 0 0 79 125 0 0 0 72 128 0 
128 43 45 80 38 129 48 46 97 57 77 0 0 34 0 72 0 0 34 0 79 0 0 39 0 
0 136 0 0 92 0 163 0 0 78 0 179 0 0 95 0 143 0 0 82 0 153 0 0 110 
175 245 179 236 105 130 256 92 140 25 300 400 244 295 123 267 373 269 273 121 173 356 261 224 131 
90 78 269 258 82 1 0 167 186 0 115 120 266 293 92 0 0 152 187 9 23 16 188 209 30 
134 138 113 156 254 7 23 4 14 158 10 9 7 14 161 214 229 178 196 355 202 236 238 222 393 
0 132 0 0 0 0 114 0 0 0 0 136 0 0 0 6 125 4 3 2 269 375 277 253 255 
47 23 38 9 43 42 14 25 0 40 41 11 33 0 32 67 13 32 0 43 110 102 88 74 119 
202 74 0 101 0 205 74 0 104 0 204 58 0 103 0 190 69 0 107 0 197 52 0 110 0 
0 0 1449 0 0 0 0 1478 0 0 0 0 1369 0 0 0 0 1484 0 0 0 0 1445 0 0 
60 4 7 38 20 81 51 42 75 57 74 52 49 60 59 49 22 19 54 26 48 0 0 20 11 
100 110 115 77 167 0 0 6 0 41 55 72 71 55 103 0 0 16 0 45 0 0 13 0 54 
46 82 0 82 0 129 167 93 175 78 83 101 53 142 59 52 76 0 84 0 39 63 0 82 0 
78 86 79 89 127 78 88 65 59 111 0 26 0 0 51 0 21 0 0 28 57 77 53 51 95 
0 68 0 0 0 29 121 31 34 28 37 128 36 31 32 23 120 22 27 35 39 124 44 39 44 
33 11 41 34 0 103 71 112 112 63 43 21 47 37 0 47 9 44 35 0 40 20 35 39 0 
135 0 0 0 0 122 0 0 0 0 209 77 96 99 98 117 0 0 0 0 125 0 0 0 0 
0 0 0 0 825 0 0 0 0 782 0 0 0 0 833 0 0 0 0 824 0 0 0 0 773 
82 138 96 204 196 0 13 3 99 55 0 15 3 70 72 0 11 9 96 66 30 42 33 110 67 
137 0 0 0 0 259 102 95 94 77 153 0 0 0 0 153 0 0 0 0 148 0 0 0 0 
0 0 0 0 0 84 63 85 71 81 0 0 0 0 0 154 136 159 166 149 0 0 0 0 0 
0 22 0 143 0 33 55 46 186 32 0 19 0 132 0 0 16 0 136 0 0 20 0 160 0 
174 60 115 129 163 105 0 88 34 73 98 22 104 68 90 214 124 180 130 192 82 0 33 34 66 
52 64 68 159 138 35 32 38 97 107 0 0 0 92 71 0 0 0 54 60 9 11 16 92 68 
0 9 65 0 0 87 111 180 98 101 0 10 67 0 0 58 91 177 54 76 0 7 66 0 0 
111 0 110 0 0 100 0 85 0 0 92 0 100 4 1 69 0 100 0 0 109 11 88 10 10 
348 113 330 137 193 390 164 410 198 205 352 148 407 200 228 243 22 230 31 99 204 16 232 27 76 
65 152 68 83 66 0 86 0 27 0 17 128 28 34 27 0 104 0 17 0 0 74 0 22 0 
0 0 35 0 60 38 47 79 46 119 60 74 91 54 129 0 0 35 0 62 0 0 50 0 59 
0 0 17 0 211 0 0 17 0 199 0 0 31 0 183 0 0 27 0 197 0 0 29 0 215 
0 0 0 55 0 0 0 0 65 0 60 69 49 150 50 0 0 0 61 0 90 84 88 174 94 
117 0 0 118 0 144 0 0 136 0 134 0 0 122 0 129 0 0 136 0 135 0 0 138 0 
4 40 84 78 2 110 196 206 206 136 186 226 248 231 158 14 72 113 115 31 92 129 138 136 64 
100 119 110 103 202 0 0 0 0 71 0 0 0 0 68 22 24 27 20 98 0 0 0 0 72 
83 186 95 86 93 0 109 0 0 0 59 164 67 75 63 11 109 8 5 16 94 195 82 75 96 
137 131 76 78 79 77 46 0 0 0 88 48 4 4 8 64 47 0 0 0 74 57 0 0 0 
0 136 0 0 0 46 215 66 67 91 0 156 0 0 0 78 228 91 90 76 0 133 0 0 0 
0 0 0 0 0 0 0 0 0 0 0 0 0 0 0 0 0 0 0 0 447 411 448 433 402 
0 0 32 0 0 67 68 79 64 76 0 0 26 0 0 73 69 71 57 67 19 25 56 20 25 
8 15 16 17 52 0 0 0 0 36 80 79 71 69 99 0 0 0 0 33 68 98 78 76 105 
0 0 0 128 0 0 0 0 119 0 0 0 0 140 0 0 0 0 148 0 76 75 78 204 88 
0 65 0 32 70 0 61 0 36 76 0 55 0 36 91 0 60 0 29 71 18 77 25 56 111 
0 13 0 20 0 66 93 77 62 73 82 70 77 69 69 0 15 0 10 0 123 151 125 153 120 
0 0 117 54 0 43 45 155 106 50 0 0 102 39 0 0 0 88 38 0 0 0 126 35 0 
62 0 0 0 0 129 65 62 77 71 112 22 18 20 15 140 50 50 52 42 60 0 0 0 0 
83 34 33 111 37 39 0 0 91 0 48 0 0 85 0 83 35 30 120 32 55 0 0 83 0 
0 0 63 43 0 0 0 55 43 0 101 99 149 132 97 0 0 62 47 0 0 0 67 42 0 
3 6 56 104 8 0 0 52 76 0 49 33 124 127 51 30 42 74 121 38 0 0 53 78 0 
54 5 48 43 14 43 8 45 43 18 131 82 119 104 83 69 21 48 57 18 57 0 50 44 0 
43 0 61 0 63 46 0 65 0 55 30 0 71 0 81 99 55 120 69 117 35 0 63 0 58 
80 30 173 84 52 71 15 150 92 41 64 1 148 38 16 152 59 220 124 118 95 35 210 85 73 
16 130 173 37 153 148 234 313 129 238 36 128 195 63 185 0 66 173 6 122 74 135 203 83 222 
28 33 26 79 67 50 46 39 105 98 0 0 0 44 34 0 0 0 26 22 90 111 117 151 120 
17 31 0 83 0 29 47 0 103 0 77 72 39 128 53 24 37 0 103 0 40 33 0 80 0 
0 0 52 0 0 164 151 216 152 178 0 0 65 0 0 0 0 78 0 0 0 0 71 0 0 
64 10 11 5 21 91 66 66 68 69 108 84 96 96 94 40 0 4 0 15 36 12 17 6 25 
20 143 89 20 48 1 103 86 10 12 0 97 60 0 30 0 113 62 6 18 50 167 117 47 94 
150 213 110 103 104 65 77 43 20 24 38 66 14 0 0 49 52 17 0 0 30 48 17 0 0 
72 66 3 0 0 67 40 0 0 0 71 60 15 3 18 90 58 49 44 48 92 46 45 0 31 
38 76 41 69 29 0 62 10 42 16 0 50 10 45 17 0 43 13 31 13 37 104 63 97 78 
0 0 69 29 12 0 0 53 39 5 0 0 48 46 7 49 57 141 115 70 57 55 120 120 73 
29 38 25 21 30 0 0 0 0 0 68 57 56 62 55 0 0 0 0 0 120 107 99 114 110 
25 28 24 29 38 0 0 0 0 0 0 0 1 0 0 71 54 105 69 75 113 82 141 146 139 
30 32 98 31 34 0 6 57 0 0 56 44 127 43 42 0 0 53 0 0 0 2 54 0 0 
0 0 65 9 0 0 0 52 0 0 19 20 42 0 18 0 0 53 3 0 0 0 59 1 0 
44 70 0 0 0 67 96 38 30 28 68 108 17 13 8 78 120 37 37 41 37 69 0 0 0 
89 125 70 52 61 12 49 3 0 0 76 130 62 51 59 38 77 28 17 15 23 52 0 0 0 
0 126 122 177 0 0 138 131 176 1 0 118 136 183 0 0 126 131 172 0 0 135 127 186 0 
21 0 0 204 0 16 0 0 143 0 128 110 129 262 109 14 0 0 141 0 28 2 0 153 3 
147 160 35 94 108 201 240 85 119 196 172 208 79 136 145 105 126 12 42 101 266 318 141 206 216 
81 214 160 97 109 6 58 83 16 5 35 99 139 41 30 32 100 70 11 22 0 75 60 0 0 
3 25 13 3 79 11 32 20 0 126 8 25 14 7 60 59 92 73 44 150 31 39 48 33 101 
595 452 560 377 486 408 179 232 130 208 445 275 317 172 273 292 94 103 38 107 507 330 392 302 358 
86 63 0 2 0 177 156 81 77 76 94 84 0 0 0 96 93 26 16 18 77 62 0 0 0 
159 300 110 156 125 259 389 139 271 173 152 287 70 162 75 34 178 0 48 0 93 215 64 102 37 
0 0 0 0 52 0 0 0 0 56 0 0 0 0 64 0 0 0 0 58 134 157 141 152 185 
150 0 0 53 0 156 0 0 54 0 141 0 0 40 0 168 0 0 45 0 149 0 0 41 0 
183 167 183 283 133 44 0 82 137 6 78 45 123 200 69 50 9 98 100 31 49 0 96 105 2 
111 102 82 64 9 164 149 137 98 96 83 63 60 31 5 235 180 195 126 125 140 126 122 43 55 
70 156 66 76 70 0 71 0 0 0 7 97 6 7 4 0 79 0 0 0 91 191 75 102 81 
0 0 0 18 0 0 0 0 20 0 0 0 0 20 0 1 0 0 21 0 174 196 215 218 217 
88 10 74 140 125 29 8 41 127 114 84 27 55 161 131 49 0 44 139 119 175 102 144 253 260 
0 88 62 0 76 0 75 69 0 73 0 93 61 0 60 0 79 69 0 78 0 96 74 0 66 
50 24 59 41 36 75 55 97 60 56 23 19 38 20 13 56 45 113 76 49 8 0 34 2 0 
78 0 0 0 51 69 0 0 0 48 84 0 0 0 60 70 0 0 0 52 182 102 75 92 155 
72 104 0 91 45 43 89 0 118 64 54 74 1 126 68 144 177 91 181 133 95 126 40 122 84 
88 116 111 96 78 17 42 47 12 11 0 14 45 0 0 73 89 97 56 51 29 34 63 21 18 
0 0 0 139 35 0 0 0 157 27 27 29 16 156 51 0 0 0 148 34 0 0 0 138 38 
0 0 0 198 14 260 210 195 469 247 0 0 0 217 15 174 171 176 378 166 1 0 0 189 10 
43 159 178 190 51 14 108 140 162 26 47 128 170 197 70 59 166 200 229 87 109 146 205 233 82 
0 0 0 1281 0 0 0 0 1292 0 0 0 0 1307 0 0 1 0 1358 2 0 0 0 1303 0 
210 0 0 0 0 212 14 19 17 22 186 0 0 0 0 210 0 0 0 0 179 0 0 0 0 
92 0 0 0 0 117 0 0 0 0 122 0 0 0 0 102 0 0 0 0 205 88 85 89 99 
214 89 86 106 99 77 0 0 9 9 160 47 43 49 59 168 47 59 93 95 223 160 133 156 135 
74 65 142 86 72 0 0 55 0 0 0 0 71 0 0 0 0 48 0 0 175 178 224 195 184 
1 5 0 75 196 117 114 115 191 316 1 23 0 78 234 0 4 0 75 238 113 137 112 167 287 
9 10 69 3 237 4 2 56 6 175 113 92 173 126 287 149 146 228 188 358 2 0 63 0 198 
122 234 282 190 92 168 230 303 177 95 148 244 303 183 143 66 163 208 88 5 90 216 246 140 37 
116 0 0 12 0 105 0 0 0 0 119 0 0 0 0 116 0 0 0 0 149 16 28 42 36 
44 67 33 29 52 1 41 0 0 4 51 80 45 40 57 7 37 0 0 31 0 50 0 0 15 
610 630 639 679 624 0 0 0 0 0 0 0 0 0 0 0 0 0 0 0 0 0 0 0 0 
70 63 0 0 0 103 74 17 14 13 155 95 35 39 32 104 67 0 0 0 115 102 26 26 32 
38 0 1 64 79 90 48 55 127 144 23 0 1 69 79 41 11 19 60 64 33 29 32 89 89 
12 10 0 0 81 20 3 0 1 69 66 66 49 48 134 20 22 15 12 72 98 113 102 88 136 
55 0 0 0 0 62 0 0 0 0 64 0 0 0 0 202 133 145 146 141 52 0 0 0 0 
83 134 95 108 143 95 226 110 167 198 20 87 33 61 59 122 184 137 173 155 141 221 179 180 187 
0 0 0 0 0 30 35 30 19 22 0 0 0 0 0 59 67 68 65 90 100 94 95 97 127 
196 11 91 16 22 233 3 60 25 21 321 94 176 105 107 325 178 282 175 169 274 53 116 44 55 
21 0 43 0 0 18 0 18 0 0 42 0 28 11 0 98 70 103 92 84 32 3 38 0 2 
0 0 208 0 36 0 0 213 0 32 0 0 198 0 27 0 0 188 0 23 0 0 184 0 32 
103 70 0 125 51 119 86 0 126 75 128 109 29 155 69 86 65 0 117 63 85 83 0 128 51 
41 66 43 60 32 12 22 0 22 0 60 83 51 85 37 12 41 4 33 5 55 56 54 77 28 
0 0 43 49 0 64 50 88 88 56 0 0 35 33 0 50 44 87 72 44 37 29 71 65 27 
7 0 0 1 21 0 26 0 0 0 0 0 0 0 0 31 52 37 51 72 2 0 1 0 1 
0 246 0 217 0 0 212 0 210 0 9 227 6 210 7 0 210 0 210 0 0 219 0 223 0 
103 20 93 0 0 113 14 109 0 0 123 12 99 0 0 126 10 101 0 0 125 18 105 0 0 
