939 892 929 902 1017 1087 1158 1159 1056 1176 718 748 780 734 939 993 925 1045 1033 1163 626 576 605 515 715 
177 143 160 162 152 0 0 0 0 0 132 85 126 108 99 0 0 0 0 0 0 0 0 0 0 
95 47 32 123 192 74 0 2 138 139 155 66 40 222 232 73 0 0 96 129 69 0 0 120 121 
245 26 78 44 55 158 0 0 0 0 336 72 176 89 121 356 154 235 194 166 275 43 116 63 60 
0 0 2 161 14 178 135 141 336 181 3 2 0 188 18 126 121 122 278 115 0 0 0 145 11 
125 22 95 102 17 122 10 76 81 1 122 31 83 77 17 104 0 49 95 0 257 167 224 255 147 
93 7 12 0 91 88 0 12 0 98 173 82 94 84 163 157 58 89 54 141 198 98 118 97 223 
0 0 0 0 0 0 0 0 0 0 1006 1019 966 989 1029 0 0 0 0 0 0 0 0 0 0 
0 0 0 220 0 0 0 4 215 0 97 95 86 329 106 93 91 74 332 107 0 0 0 204 0 
13 8 14 179 5 0 0 0 176 0 36 43 34 178 30 0 0 0 161 0 3 6 3 183 3 
69 167 182 260 68 58 142 190 244 47 116 193 265 321 130 68 226 193 264 83 101 165 187 279 72 
0 0 0 0 0 0 0 0 0 0 0 0 0 0 0 56 65 72 75 80 185 183 167 197 166 
79 111 65 54 201 0 12 0 0 111 0 4 0 0 107 0 6 0 0 122 86 84 86 71 176 
151 145 149 148 158 0 0 0 0 0 0 0 0 0 0 0 0 0 0 0 85 78 71 68 89 
0 0 0 0 0 0 0 0 0 0 0 0 0 0 0 431 429 422 405 421 192 178 182 188 201 
0 193 0 0 80 0 164 0 0 94 125 319 146 130 203 0 178 0 0 91 0 207 0 0 74 
802 0 0 0 0 802 0 0 0 0 794 0 0 0 0 818 0 0 0 0 834 0 0 0 0 
2 6 176 120 162 53 10 203 160 169 113 86 245 229 220 171 170 351 312 309 109 91 248 201 265 
80 129 86 131 70 63 79 60 105 71 0 39 0 43 0 53 94 40 80 44 0 46 0 38 0 
50 11 20 8 23 138 113 128 114 139 32 0 0 0 15 22 0 0 0 19 143 123 116 124 154 
0 0 130 0 0 0 0 141 0 0 0 0 154 0 0 167 145 279 141 140 0 0 152 0 0 
0 71 48 54 0 0 90 48 49 0 42 104 94 110 39 0 80 52 52 0 0 82 61 47 0 
0 1 0 4 164 144 123 120 157 285 124 120 121 112 230 2 4 0 0 128 92 93 98 91 216 
0 0 0 0 0 0 0 0 0 0 0 0 0 0 0 999 1061 1060 1030 975 0 0 0 0 0 
0 18 52 143 0 0 17 57 116 0 0 18 51 149 0 0 20 51 147 0 0 17 55 153 0 
63 47 0 0 0 79 66 15 14 13 128 81 34 34 27 84 60 0 0 0 93 88 22 23 28 
105 168 114 248 227 1 38 13 126 90 5 44 19 104 106 0 39 8 107 89 25 62 21 123 95 
106 113 111 66 2 94 104 150 60 0 263 283 296 245 175 116 124 118 60 0 264 212 272 217 135 
82 20 20 101 18 75 0 0 110 0 212 152 137 225 126 71 0 0 104 1 110 41 42 172 43 
103 75 40 41 28 125 89 45 53 28 51 45 14 0 0 77 67 16 11 12 74 49 10 0 0 
0 0 166 80 0 0 0 179 56 0 0 0 225 70 0 0 0 184 51 0 0 0 182 51 0 
157 205 210 156 129 2 72 78 0 1 0 48 89 0 0 78 99 139 57 50 0 55 104 0 0 
71 52 69 73 60 107 128 106 119 104 25 40 47 38 38 0 0 0 0 0 0 0 0 0 0 
0 0 0 174 0 0 0 0 180 0 240 240 231 421 255 0 0 0 174 0 0 0 0 160 0 
0 0 0 0 0 164 154 183 156 154 0 0 0 0 0 0 0 0 0 0 76 65 70 72 86 
99 0 0 64 42 127 30 48 98 89 195 67 87 149 133 72 0 0 64 38 177 65 81 127 114 
0 81 0 0 0 0 75 0 0 0 0 60 0 0 0 106 140 79 117 76 50 123 43 46 46 
0 0 99 0 0 87 88 185 108 112 0 0 100 0 0 6 9 104 4 10 15 12 92 9 14 
236 222 191 250 116 107 88 61 103 0 79 81 66 96 0 261 233 156 269 114 135 130 58 140 0 
0 0 0 0 0 31 37 30 20 22 0 0 0 0 0 66 71 76 69 99 107 101 106 107 136 
0 226 0 196 0 0 182 0 194 0 5 204 5 194 0 0 188 0 192 0 0 200 0 200 0 
0 40 0 112 0 0 49 0 123 0 0 48 0 114 0 55 117 63 178 54 0 54 0 107 0 
0 0 0 0 71 75 71 74 59 126 84 70 71 78 123 0 0 0 0 72 0 0 0 0 79 
57 268 259 3 197 24 208 189 1 125 61 258 238 19 210 124 331 298 98 264 177 334 283 136 261 
0 53 42 0 89 21 69 53 14 107 36 98 104 46 93 0 67 30 0 77 0 71 31 0 84 
137 124 133 153 140 16 0 0 46 0 18 0 0 46 0 20 0 0 48 0 107 83 73 154 93 
28 0 0 53 64 66 41 38 82 113 18 0 0 55 60 33 10 14 51 55 27 25 27 65 70 
98 0 81 0 0 88 0 108 0 0 162 73 143 66 70 149 19 107 15 14 98 0 106 0 0 
0 18 81 0 95 0 12 69 0 107 0 16 74 0 106 0 14 91 0 133 0 13 69 0 101 
22 51 144 79 16 74 88 172 119 54 0 48 132 35 0 40 87 179 120 43 2 20 119 60 0 
0 63 0 0 0 0 70 0 0 0 113 217 106 130 116 0 91 0 0 0 15 76 17 22 25 
0 0 0 71 0 61 64 51 123 81 0 0 0 70 0 0 0 0 80 0 71 63 57 147 61 
50 0 93 48 0 57 0 111 54 0 60 0 96 50 0 47 0 103 55 0 46 0 98 46 0 
87 50 0 37 0 115 87 18 55 24 98 95 0 28 0 118 60 0 43 0 98 63 0 35 0 
0 0 0 0 24 186 163 184 190 209 0 0 0 0 35 0 0 0 0 30 0 0 0 0 34 
89 47 57 111 77 58 38 49 97 68 23 0 0 51 10 28 0 0 48 11 37 12 8 56 27 
29 55 8 6 10 17 48 0 0 0 21 72 0 0 0 128 160 125 114 111 27 72 0 0 0 
0 0 0 21 0 188 170 197 199 166 0 0 0 24 0 0 0 0 22 0 0 0 0 19 0 
86 96 156 162 102 0 0 56 71 0 0 0 83 72 0 0 0 75 67 0 0 0 66 70 0 
63 57 59 48 68 39 0 0 0 11 76 61 46 48 72 29 0 0 0 22 91 49 45 49 60 
0 0 25 0 69 9 6 36 12 89 0 0 34 0 70 10 7 43 8 97 82 77 115 64 153 
601 605 618 651 598 0 0 0 0 0 0 0 0 0 0 0 0 0 0 0 0 0 0 0 0 
55 105 137 63 70 28 78 95 26 25 0 31 70 0 0 0 36 70 0 0 0 39 65 0 0 
0 0 110 0 0 0 0 91 0 0 76 114 207 112 101 0 0 85 0 0 0 0 104 0 0 
90 105 34 50 119 33 38 0 0 76 37 52 0 0 60 39 41 0 0 65 51 40 0 0 69 
0 55 0 0 0 29 105 33 36 44 0 63 0 12 0 0 57 0 27 0 3 33 6 22 0 
9 7 99 5 12 0 0 87 0 0 0 0 83 0 0 36 39 120 27 29 75 78 150 59 85 
0 0 0 51 75 86 81 63 117 164 0 0 0 50 73 0 0 0 36 82 0 0 0 47 73 
94 165 78 72 83 22 106 0 0 0 29 115 7 7 9 22 75 0 0 0 25 80 0 2 0 
78 38 106 54 106 21 0 45 14 65 22 0 48 12 82 22 0 58 13 64 15 0 44 14 71 
72 0 10 0 1 82 0 0 0 0 108 46 62 53 77 116 34 33 26 21 162 89 84 90 75 
64 28 119 48 41 32 0 83 0 0 29 0 77 0 0 26 0 70 0 0 73 38 122 42 41 
0 42 0 0 8 34 64 37 51 49 19 76 33 25 24 26 69 39 52 34 0 30 0 7 0 
90 76 99 50 60 35 28 34 0 11 58 68 61 25 44 45 28 37 0 12 36 31 39 0 10 
0 62 70 0 0 14 80 68 18 17 21 104 79 21 21 32 109 66 39 41 0 62 57 0 0 
57 101 55 49 49 37 108 34 41 33 18 84 21 21 29 28 63 27 30 31 0 65 0 0 0 
22 0 84 0 38 63 43 123 39 75 21 0 80 0 28 33 0 85 0 30 29 0 91 0 22 
0 2056 0 0 0 0 2106 0 0 0 0 1970 0 0 0 0 2066 0 0 0 0 1977 0 0 0 
32 182 124 23 4 93 257 202 108 84 0 189 130 5 0 53 277 213 106 44 2 151 100 0 0 
56 93 74 0 0 54 120 100 0 0 79 102 100 0 0 55 110 92 0 0 57 96 92 0 0 
3 115 0 148 0 88 208 99 242 106 112 198 82 213 74 8 120 0 161 0 3 117 0 118 0 
109 141 8 228 87 126 185 33 240 161 97 104 1 244 94 308 352 170 396 253 175 293 124 324 229 
0 0 0 0 0 1252 1208 1210 1170 1236 0 0 0 0 0 0 0 0 0 0 0 0 0 0 0 
0 0 80 125 0 0 0 75 106 0 0 0 81 127 0 0 0 81 125 0 0 0 72 128 0 
167 58 55 105 49 172 62 59 113 74 95 1 0 42 0 80 0 0 38 0 107 0 0 55 0 
0 133 0 0 101 0 179 0 0 91 0 182 0 0 101 0 155 0 0 77 0 156 0 0 113 
149 232 128 213 93 132 261 94 164 39 278 363 241 341 160 201 318 204 226 148 219 396 310 296 209 
53 57 209 202 89 0 0 134 95 29 87 85 191 231 113 0 0 81 104 35 42 32 188 159 77 
158 131 141 174 299 5 20 4 6 144 7 16 11 2 158 209 219 187 175 385 225 254 261 237 379 
0 75 0 0 0 0 53 0 0 0 0 68 0 0 0 9 70 4 8 3 179 211 188 166 172 
57 33 52 12 47 49 18 29 0 44 44 14 38 0 31 73 13 34 0 54 125 106 105 83 128 
202 76 0 100 0 204 70 0 102 0 205 58 0 104 0 192 71 0 109 0 196 63 0 109 0 
49 12 0 37 42 124 98 83 107 109 52 13 0 36 38 43 6 0 28 45 50 12 0 32 38 
50 0 0 0 0 60 0 0 0 0 63 0 0 0 0 199 133 145 146 141 50 0 0 0 0 
93 214 213 151 64 86 189 182 122 41 91 190 186 94 82 60 153 176 83 10 49 197 189 88 24 
82 4 23 66 27 118 69 68 123 87 130 75 84 114 99 79 31 30 80 33 67 0 0 37 16 
109 116 129 93 197 0 0 6 0 49 63 76 81 57 113 0 0 18 0 60 0 0 14 0 68 
57 68 0 70 0 165 156 106 151 66 86 90 28 117 51 52 49 0 70 0 38 51 0 68 0 
70 90 90 97 131 81 82 68 71 96 0 22 0 0 49 0 23 0 0 27 53 73 50 51 99 
0 73 0 0 0 36 136 36 39 33 39 148 37 39 32 27 123 26 31 34 43 130 46 42 51 
35 12 40 34 0 106 74 117 120 65 47 22 50 41 0 47 9 41 32 0 41 20 40 41 0 
1 12 0 101 236 150 151 147 245 389 2 31 0 100 262 0 15 0 94 276 132 169 128 197 352 
8 29 92 4 222 5 0 70 8 174 111 110 173 103 274 134 148 226 168 327 2 3 73 1 182 
153 0 0 0 0 141 0 0 0 0 227 87 106 101 112 127 0 0 0 0 131 0 0 0 0 
0 0 0 0 848 0 0 0 0 802 0 0 0 0 860 0 0 0 0 848 0 0 0 0 798 
130 121 0 167 72 117 121 1 157 91 184 203 49 222 146 132 149 8 205 100 113 169 0 172 54 
111 0 0 0 0 215 83 74 73 63 132 0 0 0 0 127 0 0 0 0 122 0 0 0 0 
61 28 76 49 40 97 79 122 71 65 29 21 45 26 16 80 53 141 99 59 13 0 42 2 0 
0 23 0 147 0 33 55 49 198 33 0 20 0 135 0 0 17 0 140 0 0 24 0 168 0 
109 53 111 137 169 51 2 78 66 67 35 0 68 85 68 94 73 131 142 135 16 1 57 59 56 
43 48 55 127 105 28 22 31 81 74 0 0 0 77 55 0 0 0 47 50 7 8 9 75 52 
116 106 86 97 33 185 168 166 134 110 94 64 60 71 15 252 211 203 168 151 156 147 153 98 95 
0 8 59 0 0 74 83 154 76 80 0 10 62 0 0 49 66 147 48 52 0 5 53 0 0 
216 16 207 0 0 217 10 196 0 0 218 12 201 5 0 195 5 196 0 0 227 26 193 10 9 
0 0 0 0 0 71 53 66 63 70 0 0 0 0 0 138 113 133 139 132 0 0 0 0 0 
296 92 316 137 201 329 177 419 217 254 352 157 404 224 257 206 13 218 86 145 274 90 285 67 127 
68 160 73 89 71 0 93 0 29 0 18 140 30 35 31 0 107 0 18 0 0 77 0 27 0 
0 0 0 16 0 0 0 0 19 0 0 0 0 18 0 0 0 0 18 0 164 173 198 200 194 
0 0 35 0 62 38 51 82 46 124 63 81 98 59 136 0 0 37 0 70 0 0 54 0 63 
0 0 15 0 187 0 0 16 0 181 0 0 29 0 169 0 0 25 0 182 0 0 23 0 184 
0 0 0 50 0 0 0 0 59 0 54 59 45 140 44 0 0 0 59 0 84 78 82 158 86 
97 0 0 101 0 118 0 0 124 0 105 0 0 97 0 107 0 0 126 0 108 0 0 120 0 
14 53 60 77 2 105 181 143 163 104 195 241 207 251 173 12 55 81 110 27 80 110 85 139 51 
114 149 131 120 241 0 0 0 0 84 0 0 0 0 82 23 27 35 24 118 0 0 0 0 78 
96 203 88 92 93 0 99 0 0 0 18 148 11 36 25 3 111 0 0 5 133 270 111 120 129 
145 137 81 84 82 77 47 0 0 0 89 52 4 3 10 67 49 0 0 0 73 59 0 0 0 
0 103 0 0 0 30 162 48 51 65 0 119 0 0 0 62 177 70 70 60 0 110 0 0 0 
91 0 0 0 0 117 0 0 0 0 122 0 0 0 0 101 0 0 0 0 206 88 85 89 99 
0 0 0 0 0 0 0 0 0 0 0 0 0 0 0 0 0 0 0 0 439 415 441 440 416 
0 0 37 0 0 73 79 91 75 87 0 0 31 0 0 77 75 85 59 79 18 24 59 21 26 
8 15 16 17 52 0 0 0 0 36 80 79 71 69 99 0 0 0 0 33 68 98 78 76 105 
0 0 0 128 0 0 0 0 111 0 0 0 0 135 0 0 0 0 142 0 74 72 76 191 79 
0 59 0 34 56 0 37 0 37 60 1 37 0 34 79 0 43 0 30 66 17 63 25 54 102 
71 0 0 0 27 60 0 0 0 28 78 0 0 0 25 62 0 0 0 19 161 83 72 84 113 
0 112 0 0 0 0 108 0 0 0 0 106 0 0 0 0 96 0 0 0 96 185 99 105 92 
29 63 38 58 43 50 63 51 39 61 58 53 48 49 51 0 8 0 10 0 86 111 83 89 78 
0 0 123 57 0 46 49 161 111 52 0 0 109 41 0 0 0 95 39 0 0 0 133 37 0 
17 52 20 0 27 6 66 18 2 28 2 56 0 0 29 44 77 45 47 76 0 37 7 0 38 
59 0 0 0 0 126 62 61 76 69 98 20 18 20 15 131 47 46 52 41 58 0 0 0 0 
199 0 0 0 0 200 13 19 19 21 179 0 0 0 0 200 0 0 0 0 170 0 0 0 0 
83 35 33 110 37 39 0 0 91 0 48 0 0 85 0 83 35 29 120 31 55 0 0 83 0 
0 1 0 21 0 47 32 36 62 40 30 12 33 54 35 0 0 0 23 0 49 48 54 102 59 
0 0 63 43 0 0 0 55 43 0 101 99 149 132 97 0 0 62 47 0 0 0 67 42 0 
87 17 64 151 116 39 8 53 158 123 89 32 60 161 135 46 0 40 122 122 161 91 144 248 244 
3 5 65 117 10 0 0 63 101 0 54 33 139 150 54 35 50 89 136 43 0 0 58 104 0 
46 5 32 43 7 35 3 36 40 18 110 64 106 99 80 60 18 41 46 15 42 0 41 41 0 
48 0 60 0 62 39 0 57 0 56 28 0 70 0 70 91 59 115 69 108 32 0 64 0 59 
94 47 159 73 57 82 20 151 75 34 45 0 102 8 5 140 78 187 108 81 126 51 200 88 77 
12 147 166 42 174 178 277 337 169 311 36 173 206 63 212 0 89 177 4 128 119 233 259 160 282 
24 26 26 72 60 44 49 45 98 85 0 0 0 39 31 0 0 0 30 19 105 119 113 169 123 
20 34 2 94 0 30 56 0 134 0 96 89 46 154 63 32 44 0 115 0 47 39 0 99 0 
0 0 52 0 0 153 142 203 137 162 0 0 56 0 0 0 0 73 0 0 0 0 66 0 0 
55 87 53 75 38 17 31 0 27 0 96 113 82 119 46 18 55 7 46 5 73 81 75 119 41 
12 7 0 0 66 12 2 0 0 55 52 52 45 39 118 20 19 17 11 71 83 111 85 85 123 
59 11 10 4 20 85 60 59 61 62 94 73 77 87 83 39 0 5 0 11 32 10 14 6 20 
18 105 70 16 30 0 89 66 6 6 0 69 44 0 21 0 78 51 6 12 45 119 110 41 82 
128 166 92 86 91 63 58 38 18 20 36 51 15 0 0 36 42 13 0 0 28 39 14 0 0 
0 69 55 0 67 0 69 63 0 71 0 79 53 0 55 0 66 64 0 69 0 84 67 0 66 
95 0 0 69 0 83 0 0 64 0 99 0 0 72 0 100 0 0 50 0 122 15 23 101 29 
67 128 75 75 80 0 63 0 0 0 39 102 43 38 36 0 54 0 0 0 30 77 27 30 29 
62 78 13 20 21 49 44 0 0 2 47 66 13 9 11 59 67 34 36 46 75 74 46 30 43 
35 75 43 71 28 0 62 9 42 14 0 50 10 44 18 0 43 14 31 12 38 104 63 97 78 
0 0 60 31 11 0 0 52 47 3 0 0 57 50 6 47 57 140 109 69 63 55 111 108 66 
29 38 26 22 31 0 0 0 0 0 71 59 57 62 55 0 0 0 0 0 120 107 99 114 110 
45 42 40 34 42 0 0 17 0 0 0 0 19 0 0 55 44 95 54 49 135 102 153 156 132 
40 42 106 50 51 5 10 59 11 12 57 49 121 55 45 0 0 50 0 0 0 9 54 22 3 
0 0 180 32 0 0 0 141 23 0 19 20 156 37 18 0 0 166 23 0 0 0 162 22 0 
43 70 0 0 0 66 93 38 30 29 67 108 17 14 9 79 119 37 37 41 36 66 0 0 0 
70 0 78 73 89 145 57 173 160 170 159 85 174 187 205 141 43 107 114 157 90 2 91 125 111 
117 152 92 68 83 16 65 4 0 0 109 161 79 58 66 47 84 31 21 20 32 74 0 0 1 
0 119 109 165 0 0 127 122 165 0 0 107 125 167 0 0 118 117 157 0 0 127 119 166 0 
0 0 0 140 35 0 0 0 158 28 27 29 16 157 51 0 0 0 149 34 0 0 0 138 38 
20 0 0 150 0 10 0 0 114 0 107 80 115 243 109 20 0 0 109 0 25 1 1 125 0 
41 61 31 33 55 0 51 0 0 26 28 68 33 28 51 4 30 0 0 31 0 52 0 0 22 
129 134 17 44 74 205 218 78 89 197 154 166 65 57 97 91 74 0 16 49 227 275 96 120 144 
76 175 140 81 94 8 36 85 11 3 39 80 105 40 32 20 75 64 14 24 0 57 54 0 0 
7 25 9 9 65 14 32 24 6 104 8 19 12 8 52 59 80 69 45 145 37 41 37 29 97 
0 0 207 0 42 0 0 222 0 30 0 0 206 0 23 0 0 181 0 23 0 0 179 0 32 
739 546 634 447 560 499 205 318 153 248 508 338 356 213 325 386 178 190 50 154 581 348 467 358 475 
102 76 3 4 0 204 173 88 85 83 117 115 0 0 0 122 105 24 20 20 79 71 0 0 0 
161 280 122 158 135 244 365 145 264 169 127 271 77 147 70 43 181 0 36 0 91 206 53 89 36 
22 0 28 73 0 24 0 15 47 0 70 42 58 77 22 85 53 79 104 65 30 0 25 46 0 
0 0 0 0 57 0 0 0 0 70 0 0 0 0 79 0 0 0 1 66 161 186 163 189 221 
100 7 55 0 20 153 19 71 31 33 164 75 124 62 66 188 124 175 92 116 153 36 66 33 33 
55 38 119 131 37 0 0 81 108 0 48 46 133 139 47 0 0 89 96 0 0 0 84 83 0 
150 0 0 54 0 156 0 0 55 0 141 0 0 40 0 167 0 0 46 0 149 0 0 41 0 
0 0 0 0 0 0 0 1 0 0 1 0 0 0 0 0 0 0 0 0 0 0 36 2 26 
177 145 180 273 138 32 5 77 148 0 70 49 133 214 69 40 5 101 111 24 42 6 86 96 0 
54 66 110 88 62 0 0 36 0 0 0 0 45 0 0 0 0 41 0 0 141 161 187 168 162 
0 0 1442 0 0 0 0 1461 0 0 0 0 1349 0 0 0 0 1469 0 0 0 0 1442 0 0 
62 26 23 65 70 39 0 0 25 56 56 0 0 20 36 55 0 0 33 35 84 42 42 72 76 
0 0 0 1192 0 0 0 0 1186 0 0 0 0 1193 0 1 2 2 1274 0 0 0 0 1202 0 
0 0 41 89 0 149 126 156 218 127 0 0 29 59 0 118 113 177 185 113 86 84 128 173 71 
