810 748 645 729 852 1116 1145 1025 1105 1199 637 723 577 664 753 990 911 855 971 1026 580 508 373 485 687 
224 174 221 193 184 0 0 0 0 0 153 83 134 108 123 0 0 0 0 0 0 0 0 0 0 
158 41 39 217 231 113 0 2 131 169 205 69 59 330 316 73 0 0 110 151 92 0 0 131 149 
0 0 59 72 1 86 55 114 112 75 3 3 51 44 0 65 46 121 112 52 46 33 103 93 30 
142 48 92 128 40 122 6 79 97 0 128 34 84 120 32 106 0 55 106 0 263 167 222 262 160 
105 10 24 0 97 92 2 15 0 116 200 85 105 83 192 157 69 100 63 151 237 108 134 118 259 
0 0 0 0 0 0 0 0 0 0 1023 1031 983 1007 1045 0 0 0 0 0 0 0 0 0 0 
0 0 0 296 0 0 0 3 268 0 125 125 110 410 129 109 110 104 418 135 0 0 0 248 0 
15 9 15 192 5 0 0 0 201 0 39 48 36 188 33 0 0 0 170 0 3 2 0 197 4 
0 0 0 0 0 0 0 0 0 0 0 0 0 0 0 72 69 75 72 92 211 168 165 210 177 
61 76 54 49 134 0 10 0 0 84 0 3 0 0 88 0 4 0 0 91 66 69 68 55 134 
143 141 156 155 149 0 0 0 0 0 0 0 0 0 0 0 0 0 0 0 80 77 61 63 82 
0 0 0 0 0 0 0 0 0 0 0 0 0 0 0 423 426 411 401 409 189 176 179 185 199 
0 203 0 0 85 0 172 0 0 96 127 333 148 133 215 0 182 0 0 96 0 221 0 0 75 
794 0 0 0 0 788 0 0 0 0 785 0 0 0 0 812 0 0 0 0 823 0 0 0 0 
7 4 213 157 151 51 15 193 165 177 100 123 340 252 253 185 182 432 330 354 128 108 302 239 308 
70 132 81 149 77 61 76 57 107 61 0 42 0 44 0 42 100 54 89 47 0 51 0 37 0 
39 8 16 7 33 145 118 140 125 156 40 0 0 0 23 26 0 0 0 27 157 138 139 136 175 
0 0 128 0 0 0 0 129 0 0 0 0 133 0 0 135 116 243 109 120 0 0 140 0 0 
0 64 43 46 0 0 78 43 45 0 35 96 90 97 33 0 70 47 47 0 0 69 55 42 0 
0 3 3 2 151 121 124 122 151 258 129 124 109 112 208 0 4 0 0 130 85 101 107 92 207 
0 0 0 0 0 0 0 0 0 0 0 0 0 0 0 1026 1096 1101 1069 1018 0 0 0 0 0 
0 21 54 144 0 0 19 58 128 0 0 18 49 154 0 0 17 53 151 0 0 15 54 158 0 
78 55 0 0 0 93 75 15 18 13 146 95 41 36 28 99 69 0 0 0 105 99 24 26 34 
80 106 69 147 139 6 41 18 66 70 12 47 20 88 88 0 41 0 58 64 0 41 0 59 70 
118 140 127 89 2 105 131 173 88 0 315 312 334 314 210 129 134 134 103 0 256 227 309 241 120 
84 18 15 101 21 70 0 0 114 0 209 148 135 224 127 72 2 0 99 0 120 54 48 177 43 
119 112 52 56 33 160 104 58 61 30 74 54 18 0 0 100 80 21 11 13 91 58 10 0 0 
0 0 135 56 0 0 0 148 53 0 0 0 179 51 0 0 0 159 43 0 0 0 136 41 0 
141 189 203 135 136 0 62 82 0 0 0 57 71 0 0 41 71 101 37 47 0 43 110 0 0 
63 50 67 66 58 97 115 100 112 97 22 40 43 33 36 0 0 0 0 0 0 0 0 0 0 
0 0 0 171 0 0 0 0 181 0 241 243 227 425 250 0 0 0 176 0 0 0 0 158 0 
0 0 0 0 0 148 130 173 132 137 0 0 0 0 0 0 0 0 0 0 73 57 65 66 81 
115 4 0 54 49 133 38 45 100 104 220 73 94 144 150 90 0 0 60 46 194 74 85 148 114 
0 75 0 0 0 0 68 0 0 0 0 59 0 0 0 112 140 82 128 80 58 124 43 48 47 
0 0 108 0 0 100 102 196 110 121 0 0 102 0 0 8 10 114 3 10 16 16 91 11 14 
275 244 189 267 116 125 93 70 116 0 95 92 53 105 0 275 265 162 291 128 138 128 83 135 0 
0 0 0 0 0 31 36 30 19 22 0 0 0 0 0 59 67 68 65 90 100 94 96 97 127 
0 225 0 202 0 0 181 0 194 0 6 204 7 200 7 0 186 0 193 0 0 198 0 206 0 
0 41 0 132 0 0 52 0 140 0 0 49 0 140 0 74 154 86 217 83 0 64 0 139 0 
0 0 0 0 89 93 83 94 70 157 118 94 91 92 161 0 0 0 0 86 0 0 0 0 96 
96 320 368 64 233 22 215 283 10 122 70 299 358 63 184 92 325 337 81 238 197 371 400 155 289 
0 57 36 0 85 22 64 50 14 104 32 90 96 43 91 0 67 28 0 76 0 67 29 0 82 
108 94 105 123 122 13 0 0 36 0 12 0 0 38 0 20 0 0 43 0 83 72 65 113 82 
70 0 68 0 0 64 0 80 0 0 119 54 120 49 54 105 20 83 13 14 68 0 74 0 0 
0 18 80 0 94 0 12 69 0 107 0 16 74 0 106 0 14 91 0 133 0 12 69 0 100 
15 59 147 84 15 60 81 169 136 67 0 34 113 45 0 42 77 167 129 56 0 28 103 71 0 
0 62 0 0 0 0 67 0 0 0 115 222 99 132 123 0 86 0 0 0 15 83 18 22 27 
0 0 0 72 0 63 74 50 136 94 0 0 0 82 0 1 0 0 84 0 79 70 62 160 68 
65 0 117 52 0 70 0 138 67 0 70 0 117 62 0 52 0 112 64 0 62 0 122 66 0 
86 54 0 37 0 129 98 17 58 28 113 112 0 29 0 131 68 0 53 0 106 63 0 36 0 
0 0 0 0 32 183 181 192 198 213 0 0 0 0 38 0 0 0 0 29 0 0 0 0 33 
88 49 57 111 77 58 37 50 96 67 22 0 0 49 6 28 0 0 47 9 36 12 8 57 28 
31 73 9 7 13 20 61 0 0 0 21 92 1 0 0 160 206 146 142 131 30 86 0 0 0 
0 0 0 20 0 190 172 199 205 168 0 0 0 24 0 0 0 0 23 0 0 0 0 19 0 
102 98 170 189 118 0 0 63 80 0 0 0 90 69 0 0 0 75 63 0 0 0 75 75 0 
63 56 57 46 67 41 0 0 0 11 74 61 48 48 70 29 0 0 0 21 92 49 45 49 59 
0 0 21 0 66 9 6 36 11 89 0 0 33 0 70 10 7 42 8 94 80 70 112 64 153 
590 592 611 646 597 0 0 0 0 0 0 0 0 0 0 0 0 0 0 0 0 0 0 0 0 
72 138 156 79 90 44 106 110 33 31 0 38 79 0 0 0 47 96 0 0 0 55 86 0 0 
0 0 113 0 0 0 0 91 0 0 77 115 208 114 102 0 0 86 0 0 0 0 105 0 0 
120 129 36 68 155 46 46 0 0 98 44 69 0 0 74 51 48 0 0 78 65 45 0 0 87 
0 48 0 23 35 59 114 57 78 91 0 59 0 26 38 0 54 0 38 38 26 65 21 52 62 
9 5 99 4 12 0 0 86 0 0 0 0 83 0 0 36 39 120 27 29 75 77 150 58 85 
0 0 0 54 80 98 100 70 135 188 0 0 0 50 89 0 0 0 45 94 0 0 0 49 82 
103 178 87 79 95 26 119 0 0 0 33 124 7 8 9 22 87 0 1 0 26 94 0 1 0 
63 31 97 38 105 19 0 41 8 67 16 0 46 0 74 18 0 55 9 63 13 0 42 10 70 
44 16 0 6 3 44 0 0 0 0 50 38 41 37 58 84 43 37 34 38 137 101 108 127 124 
58 34 117 48 49 25 0 81 0 0 12 0 77 0 0 18 0 70 0 0 56 31 116 38 27 
45 16 31 0 12 19 1 0 0 0 0 8 1 0 2 34 0 0 0 0 28 0 1 0 0 
0 62 64 0 0 0 58 45 0 0 21 104 76 21 21 32 108 60 40 42 0 62 50 0 0 
14 0 0 0 0 0 39 0 0 0 0 27 0 0 0 7 0 0 0 0 0 0 0 0 0 
30 0 91 0 44 64 43 124 39 80 24 0 85 0 29 36 10 99 5 36 31 0 99 0 28 
0 2101 0 0 0 0 2171 0 0 0 0 2041 0 0 0 0 2115 0 0 0 0 2046 0 0 0 
19 115 128 22 18 90 205 207 80 60 1 121 94 2 1 32 183 152 87 53 7 130 106 0 0 
77 131 123 0 0 72 161 146 0 0 113 176 139 0 0 71 171 150 0 0 83 155 158 0 0 
0 93 0 119 0 87 158 60 176 84 68 151 36 142 39 0 87 0 104 0 0 102 0 93 0 
0 0 0 0 0 1270 1222 1228 1185 1252 0 0 0 0 0 0 0 0 0 0 0 0 0 0 0 
0 0 93 150 0 0 0 85 132 0 0 0 98 148 0 0 0 98 150 0 0 0 83 143 0 
152 51 53 102 45 156 58 63 116 66 81 0 0 42 0 91 0 0 41 0 93 0 0 44 0 
0 119 0 0 78 0 134 0 0 71 0 148 0 0 83 0 131 0 0 64 0 142 0 0 103 
172 273 160 231 117 109 163 48 134 3 327 382 261 362 179 163 262 146 214 80 223 329 259 319 156 
100 87 285 277 99 0 0 194 183 5 125 115 292 319 126 0 0 157 182 10 19 19 196 186 45 
162 130 107 151 273 10 20 0 23 183 12 10 10 16 164 221 230 177 207 385 254 265 247 249 415 
0 68 0 0 0 0 55 0 0 0 0 69 0 0 0 6 66 8 7 4 172 218 169 142 167 
45 23 36 12 46 42 13 30 0 39 42 13 37 0 30 65 11 30 0 42 120 104 93 81 122 
215 67 0 110 0 218 72 0 107 0 215 57 0 108 0 213 72 1 120 1 207 47 0 123 0 
55 0 0 0 0 62 0 0 0 0 64 0 0 0 0 202 133 145 146 141 52 0 0 0 0 
149 297 309 238 89 157 255 329 199 79 156 289 326 187 164 94 177 246 122 6 60 232 225 155 36 
79 3 10 46 25 97 63 44 95 65 83 58 57 81 82 59 28 21 66 34 51 0 0 26 13 
112 134 132 112 196 0 0 8 0 48 63 83 88 74 124 0 0 18 0 56 0 0 13 0 62 
41 84 0 82 0 136 178 97 186 82 95 107 65 149 64 50 77 0 77 0 38 67 0 84 0 
84 83 77 89 128 76 75 70 56 95 0 28 0 0 44 0 16 0 0 28 50 70 51 50 81 
0 71 0 0 0 32 146 35 37 30 41 143 39 33 35 24 134 24 31 37 48 126 52 37 61 
16 11 41 21 0 84 71 112 88 63 25 21 47 9 0 23 9 44 0 0 26 20 37 27 0 
7 42 101 4 244 4 3 65 6 196 116 103 192 107 294 159 159 236 170 347 2 4 87 4 187 
161 0 1 0 0 143 0 0 0 0 227 84 107 111 117 117 0 0 0 0 140 0 0 0 0 
0 0 0 0 845 0 0 0 0 793 0 0 0 0 849 0 0 0 0 834 0 0 0 0 781 
126 100 0 171 48 128 113 0 175 72 174 154 51 242 111 124 99 4 152 67 109 134 0 185 57 
145 0 0 0 0 281 111 94 99 79 171 0 0 0 0 158 0 0 0 0 156 0 0 0 0 
0 0 0 0 0 73 55 70 65 70 0 0 0 0 0 143 119 139 141 135 0 0 0 0 0 
0 22 0 143 0 33 55 46 186 32 0 19 0 132 0 0 16 0 136 0 0 20 0 160 0 
102 73 116 139 161 48 0 62 56 45 26 0 69 67 62 104 56 111 134 124 18 0 54 61 39 
43 48 55 127 106 28 21 31 81 74 0 0 0 75 55 0 0 0 48 50 7 9 9 75 53 
0 8 64 0 0 79 96 172 87 86 0 10 71 2 0 59 72 172 55 61 0 4 57 0 0 
118 0 119 0 0 107 0 93 0 0 99 0 105 3 1 79 0 104 0 0 113 11 89 11 11 
282 120 299 114 200 290 142 358 130 192 324 162 351 160 246 188 17 180 47 117 177 72 239 30 117 
67 154 73 84 68 0 88 0 29 0 17 134 29 34 27 0 110 0 17 0 0 76 0 22 0 
0 0 33 0 58 35 46 78 44 113 54 74 88 53 121 0 0 33 0 61 0 0 49 0 58 
0 0 19 0 214 0 0 21 0 201 0 0 32 0 174 0 0 27 0 201 0 0 26 0 205 
0 0 0 50 0 0 0 0 58 0 54 59 45 140 45 0 0 0 58 0 85 78 81 157 86 
103 0 0 107 0 126 0 0 135 0 117 0 0 117 0 115 0 0 148 0 112 0 0 121 0 
0 28 70 85 0 100 186 194 223 132 174 221 224 251 143 7 63 87 106 9 69 97 118 149 52 
120 162 145 119 256 0 0 0 0 87 0 0 0 0 98 22 33 34 24 129 0 0 0 0 93 
143 259 160 159 160 0 132 0 0 0 107 216 101 97 93 2 111 0 0 6 102 235 91 87 107 
154 147 87 89 91 90 52 0 0 0 100 54 4 4 9 74 52 0 0 0 81 70 0 0 0 
0 127 0 0 0 42 181 59 65 70 0 163 0 0 0 70 220 87 98 70 0 130 0 0 0 
0 0 0 0 0 0 0 0 0 0 0 0 0 0 0 0 0 0 0 0 466 427 459 464 418 
0 0 42 0 0 84 91 101 85 94 0 0 34 0 0 86 87 98 66 95 25 30 68 25 26 
8 15 16 17 52 0 0 0 0 34 79 79 71 69 98 0 0 0 0 32 68 97 78 75 103 
0 0 0 151 0 0 0 0 141 0 0 0 0 166 0 0 0 0 171 0 91 86 100 248 96 
0 66 0 33 72 0 63 0 38 73 0 53 0 35 86 0 59 0 29 70 19 76 25 53 113 
0 112 0 0 0 0 108 0 0 0 0 106 0 0 0 0 96 0 0 0 97 185 99 105 92 
0 0 0 9 0 77 63 86 72 83 29 3 39 52 50 0 0 0 15 0 104 89 111 130 95 
0 0 117 55 0 43 45 157 106 50 0 0 102 39 0 0 0 90 38 0 0 0 126 35 0 
59 0 0 0 0 126 62 61 76 69 98 20 18 20 15 131 47 46 52 41 58 0 0 0 0 
83 35 33 111 37 39 0 0 91 0 48 0 0 85 0 83 35 30 120 32 55 0 0 83 0 
0 0 63 43 0 0 0 55 43 0 101 99 149 132 97 0 0 62 47 0 0 0 67 42 0 
35 0 0 80 111 99 74 91 140 199 35 1 11 93 118 53 17 27 104 107 41 38 65 107 128 
3 7 53 105 11 0 0 59 92 0 68 44 145 159 61 32 51 86 133 38 0 0 49 95 0 
67 4 62 58 9 53 7 49 73 28 145 90 148 157 95 82 21 52 60 19 66 0 48 63 0 
40 0 55 0 55 38 0 56 0 52 26 0 68 0 72 91 50 104 64 103 31 0 59 0 54 
97 33 170 103 59 74 13 133 99 41 69 0 120 41 16 171 61 203 159 109 102 31 198 83 69 
2 62 138 23 108 142 177 310 133 242 25 99 198 57 176 0 32 151 1 111 80 117 233 97 196 
19 25 22 66 54 44 45 38 82 82 0 0 0 31 33 0 0 0 23 19 84 97 101 137 112 
19 34 0 99 0 32 55 0 115 0 86 79 44 143 67 30 40 0 114 0 44 40 0 92 0 
0 0 57 0 0 168 156 218 155 183 0 0 62 0 0 0 0 75 0 0 0 0 72 0 0 
12 1 0 0 71 14 4 0 0 56 63 65 51 40 136 9 18 7 11 73 81 110 95 84 118 
79 19 12 6 23 120 76 90 74 88 129 93 107 124 117 51 0 6 0 13 38 10 15 8 26 
20 104 76 17 35 0 98 66 5 6 0 74 42 0 23 0 78 51 4 13 54 132 105 44 86 
169 205 107 109 112 79 65 51 23 21 41 49 18 0 0 42 60 17 0 0 37 51 17 0 0 
94 0 0 8 0 83 0 0 0 0 99 0 0 17 0 100 0 0 0 0 122 15 23 34 29 
67 78 15 22 21 49 44 3 0 3 51 68 16 9 16 63 69 36 39 44 80 75 47 30 43 
35 75 38 68 23 0 62 10 42 15 0 51 8 45 19 0 42 12 31 12 37 104 63 96 76 
0 0 56 27 11 0 0 45 35 3 0 0 44 40 6 43 53 122 94 61 54 50 100 93 62 
29 38 26 22 31 0 0 0 0 0 71 59 57 62 55 0 0 0 0 0 120 107 99 114 110 
42 37 35 31 42 0 0 15 0 0 0 0 22 0 0 49 49 86 55 46 132 101 139 134 123 
36 44 102 46 51 5 9 52 16 12 55 53 121 51 51 0 0 47 0 0 0 3 48 10 0 
0 0 180 32 0 0 0 141 23 0 19 20 155 37 18 0 0 166 23 0 0 0 162 23 0 
45 81 0 0 0 84 110 46 36 38 90 128 25 16 17 89 133 45 43 51 40 74 0 0 0 
64 0 71 72 90 139 55 159 157 158 161 77 154 186 190 129 34 80 105 142 92 0 77 126 100 
119 161 95 71 96 12 74 1 0 0 101 188 86 76 73 47 102 35 22 23 29 81 0 0 0 
0 115 107 163 0 0 127 119 164 0 0 108 120 167 0 0 117 115 156 0 0 126 117 164 0 
16 0 0 160 0 9 0 0 118 0 111 86 111 246 110 13 0 0 128 0 22 1 1 131 1 
33 65 34 32 52 0 56 0 0 22 44 75 42 30 61 0 37 0 0 31 0 54 0 0 27 
144 180 31 97 116 194 273 96 108 179 144 209 79 107 132 103 130 7 28 87 243 348 130 166 206 
67 160 116 79 86 5 44 57 10 1 27 71 91 32 30 20 69 53 11 21 0 54 46 0 0 
11 50 17 9 85 22 51 39 12 132 17 34 17 9 73 86 112 106 68 203 43 62 48 42 134 
664 506 607 417 495 469 213 275 190 200 466 289 324 215 253 351 131 164 39 127 576 377 475 362 349 
95 64 0 4 1 188 165 89 84 80 85 102 0 0 0 113 100 25 18 19 75 66 0 0 0 
145 295 106 141 121 261 367 148 259 189 117 263 90 163 79 39 181 0 60 0 99 199 67 100 40 
0 0 0 0 60 0 0 0 0 62 0 0 0 0 71 0 0 0 0 61 147 177 156 166 203 
63 4 31 0 14 124 10 54 25 37 123 47 96 48 58 156 79 124 75 93 124 26 47 20 33 
150 0 0 54 0 156 0 0 55 0 141 0 0 40 0 168 0 0 46 0 149 0 0 41 0 
162 113 146 221 108 40 1 78 110 0 88 43 122 177 70 44 7 91 91 23 40 0 70 74 0 
74 120 87 196 155 0 9 4 99 48 0 22 5 68 51 0 12 8 81 53 31 43 31 106 59 
143 119 122 63 17 214 207 184 138 141 119 105 101 58 32 273 256 252 167 151 182 173 160 64 69 
58 130 51 57 53 0 55 0 0 0 6 80 4 5 4 0 64 0 0 0 76 154 62 76 65 
0 0 0 19 0 0 0 1 21 0 0 0 0 20 0 0 0 0 20 0 180 191 223 228 224 
41 6 0 15 33 106 78 74 90 94 34 0 0 13 28 29 1 0 9 41 39 0 0 20 26 
51 4 58 115 102 19 8 35 107 90 71 25 54 139 116 22 1 42 96 96 135 88 137 227 220 
0 69 55 0 67 0 71 63 0 72 0 79 53 0 55 0 66 64 0 69 0 84 67 0 66 
46 23 56 37 32 70 52 90 55 55 20 14 32 17 11 51 45 99 71 48 5 0 32 0 0 
80 0 0 0 53 67 0 0 0 50 94 0 0 0 60 70 0 0 0 52 188 97 78 94 158 
93 123 9 136 99 72 165 8 131 155 54 91 0 134 85 222 306 163 276 225 124 233 93 204 159 
79 95 112 83 66 10 38 44 13 8 0 13 46 0 0 68 74 92 58 51 25 26 56 22 13 
0 0 0 140 35 0 0 0 158 28 25 29 16 157 50 0 0 0 149 33 0 0 0 138 38 
0 0 0 141 12 148 132 122 315 163 0 0 0 162 15 116 122 109 250 111 0 0 0 127 7 
47 168 186 201 90 33 159 184 204 44 75 169 187 179 79 78 238 237 257 116 83 194 221 241 124 
1 0 0 1271 0 0 0 0 1271 0 0 0 0 1266 0 0 0 1 1338 0 0 0 0 1287 0 
185 0 0 0 0 179 0 15 0 17 166 0 0 0 0 192 0 0 0 0 160 0 0 0 0 
102 0 0 0 0 133 0 0 0 0 148 0 0 0 0 130 0 1 0 0 245 106 104 107 103 
310 21 138 55 34 233 1 42 5 3 485 122 203 146 142 518 264 381 297 261 316 46 140 72 54 
0 0 0 34 0 76 68 49 103 57 0 0 0 25 0 47 49 63 93 53 43 51 44 97 39 
2 22 0 0 0 11 63 13 0 19 0 50 0 0 0 0 15 0 0 0 0 39 8 0 19 
0 0 193 1 38 0 0 225 0 28 0 0 198 0 22 0 0 180 0 26 0 0 177 0 30 
91 16 81 0 0 101 11 90 0 0 111 9 87 0 0 109 8 85 0 0 103 14 94 0 0 
67 112 143 139 103 0 0 37 0 0 0 0 74 0 0 0 0 60 0 0 199 220 259 244 236 
65 26 28 66 76 41 0 0 32 58 58 0 0 25 39 55 0 0 38 40 98 46 50 79 86 
0 0 1478 0 0 0 0 1499 0 0 0 0 1384 0 0 0 0 1509 0 0 0 0 1461 0 0 
0 12 3 71 213 114 125 126 206 340 0 29 2 77 253 0 12 0 97 260 114 136 123 179 308 
