888 900 780 670 857 1263 1351 1154 1100 1188 735 828 653 701 845 1144 1108 1056 1030 1135 663 594 540 448 650 
197 155 192 178 173 0 0 0 0 0 117 91 118 110 121 0 0 0 0 0 0 0 0 0 0 
123 70 34 199 227 77 0 0 129 138 158 43 25 219 225 56 0 0 102 158 66 0 0 113 150 
171 1 143 188 171 234 65 257 272 248 346 138 303 365 368 274 58 184 231 256 166 0 152 243 180 
186 47 101 155 47 141 1 77 92 1 130 19 70 110 22 123 0 45 126 0 294 173 251 298 176 
102 8 17 0 111 89 2 13 0 109 192 91 99 84 182 160 61 85 48 143 232 104 131 119 249 
0 0 0 0 0 0 0 0 0 0 1038 1050 994 1020 1062 0 0 0 0 0 0 0 0 0 0 
0 0 0 251 0 1 0 3 238 1 114 107 101 362 119 110 98 93 384 122 0 0 0 231 0 
13 9 15 194 5 0 0 0 188 0 40 48 36 193 33 0 0 0 166 0 3 6 5 193 4 
0 0 0 0 0 0 0 0 0 0 0 0 0 0 0 57 60 62 63 84 166 154 159 172 152 
70 84 65 54 162 0 14 0 0 105 0 3 0 0 110 0 5 0 0 109 82 80 87 66 172 
179 183 211 204 199 0 0 0 0 0 0 0 0 0 1 0 0 0 0 0 102 100 92 76 109 
0 0 0 0 0 0 0 0 0 0 0 0 0 0 0 425 429 417 403 412 191 180 181 185 205 
0 210 0 0 87 0 179 0 0 99 99 309 130 111 180 0 192 0 0 96 0 220 0 0 80 
808 0 0 0 0 798 0 0 0 0 791 0 0 0 0 831 0 0 0 0 834 0 0 0 0 
56 42 219 153 165 58 12 174 123 154 114 108 262 198 193 197 201 350 308 306 148 86 258 233 288 
70 104 64 127 61 44 67 51 93 62 0 32 0 43 0 41 81 39 69 40 0 31 0 36 0 
33 10 11 7 18 127 96 112 99 120 29 0 0 0 14 27 0 0 0 26 129 110 99 109 136 
0 0 151 0 0 0 0 139 0 0 0 0 156 0 0 169 136 277 126 142 0 0 153 0 0 
0 87 51 57 0 0 105 60 65 0 43 136 111 133 46 0 106 72 69 0 0 101 81 52 0 
0 1 0 0 136 131 110 112 142 246 130 117 107 105 217 0 2 0 0 119 79 85 92 80 188 
0 0 0 0 0 0 0 0 0 0 0 0 0 0 0 1031 1088 1114 1083 1004 0 0 0 0 0 
0 18 59 142 0 0 19 54 129 0 1 17 52 154 0 0 16 50 156 0 0 15 56 165 0 
69 61 0 0 0 92 76 18 14 15 142 94 37 34 39 114 72 0 0 0 113 112 25 26 39 
87 142 89 189 177 8 54 26 86 83 15 49 28 86 98 1 52 0 64 75 0 45 3 71 76 
122 121 154 91 6 121 127 219 119 4 309 288 373 320 216 123 131 150 95 1 305 238 332 266 156 
96 25 23 113 29 80 0 0 117 0 222 162 144 232 146 79 0 0 99 4 124 53 45 173 42 
125 103 42 49 39 155 110 52 61 35 69 54 13 0 0 100 81 23 13 20 94 54 11 0 0 
0 0 200 69 0 0 0 202 73 0 0 0 263 70 0 0 0 227 61 0 0 0 188 61 0 
122 164 170 122 99 0 51 74 0 0 0 51 66 0 0 39 67 93 32 36 0 41 98 0 0 
74 57 75 81 72 107 144 114 134 113 23 40 49 39 44 0 0 0 0 0 0 0 0 0 0 
0 0 0 171 0 0 0 0 180 0 239 243 224 421 252 0 0 0 175 0 0 0 0 158 0 
0 0 0 0 0 153 145 192 140 153 0 0 0 0 0 0 0 0 0 0 75 65 75 68 83 
158 2 16 90 61 163 52 62 158 136 267 97 99 185 172 101 0 0 82 53 236 97 93 189 137 
0 95 0 0 0 0 84 0 0 0 0 69 0 0 0 116 167 81 131 85 50 139 46 49 54 
0 0 95 0 0 85 84 176 105 104 0 0 92 0 0 7 9 97 4 8 14 13 82 9 15 
269 227 174 274 110 104 97 63 110 0 79 83 49 103 0 270 236 163 287 115 150 123 77 152 0 
0 0 0 0 0 37 40 34 23 28 0 0 0 0 0 69 77 86 74 122 118 106 106 111 145 
0 228 0 207 0 0 183 0 195 0 8 210 7 196 7 0 188 0 197 0 0 202 0 203 0 
0 42 1 123 0 0 50 0 143 0 0 47 0 135 0 63 138 72 207 72 0 57 0 137 0 
0 0 0 0 76 87 81 82 66 142 88 79 90 86 135 0 0 0 0 78 0 0 0 0 80 
95 314 376 61 259 20 232 271 16 172 81 302 381 66 249 116 321 364 120 276 224 372 449 180 316 
0 45 33 0 79 19 60 45 13 88 28 81 87 38 79 0 59 26 0 64 0 61 27 0 68 
113 100 119 142 122 14 0 0 41 0 13 0 0 39 0 20 0 0 48 0 93 71 70 122 80 
90 0 76 0 0 87 0 80 0 0 169 66 143 62 66 131 21 94 22 14 88 0 96 0 0 
0 17 88 0 99 0 14 74 0 120 0 16 80 0 119 0 15 99 0 146 0 16 77 0 112 
24 68 158 81 30 75 75 163 116 60 0 41 123 38 0 49 82 168 121 47 0 25 110 64 0 
0 76 0 0 0 0 72 0 0 0 145 256 117 144 135 0 92 0 0 0 17 100 20 29 27 
0 0 0 92 0 78 83 60 153 96 0 0 0 80 0 0 0 0 95 0 95 81 70 182 72 
72 0 113 59 0 72 0 139 64 0 83 0 115 59 0 51 0 128 64 0 53 0 126 53 0 
82 50 0 30 0 110 76 17 49 23 103 92 0 29 0 118 56 0 43 0 89 63 0 34 0 
0 0 0 0 28 192 170 196 192 217 0 0 0 0 38 0 0 0 0 32 0 0 0 0 35 
116 56 75 148 103 82 45 69 131 95 31 0 0 72 15 42 0 0 73 13 52 19 12 80 38 
34 62 10 6 10 19 51 0 0 0 27 85 0 0 0 161 211 143 144 155 34 80 0 0 0 
0 0 0 21 0 187 170 195 191 160 0 0 0 24 0 0 0 0 22 0 0 0 0 18 0 
71 79 133 138 89 0 0 52 63 0 0 0 74 60 0 0 0 67 53 0 0 0 59 62 0 
63 56 59 48 68 40 0 0 0 11 76 62 47 48 72 30 0 0 0 22 92 49 45 49 60 
0 0 25 0 69 9 5 35 12 89 0 0 34 0 70 9 7 43 8 95 81 75 114 64 152 
55 104 137 64 70 28 79 95 26 26 0 32 69 0 0 0 34 71 0 0 0 39 64 0 0 
0 0 128 0 0 0 0 99 0 0 89 125 227 123 113 0 0 94 0 0 0 0 113 0 0 
106 117 37 57 140 43 45 0 0 85 50 60 0 0 64 44 47 0 0 73 60 44 0 0 84 
0 49 0 23 36 59 114 58 80 94 0 59 0 26 38 0 55 0 39 40 26 65 22 53 63 
9 7 99 5 12 0 0 87 0 0 0 0 83 0 0 36 39 120 27 29 74 78 150 58 85 
0 0 0 51 75 88 80 63 116 163 0 0 0 48 73 0 0 0 35 84 0 0 0 45 71 
109 191 95 87 96 24 127 0 0 0 38 133 7 9 11 26 82 0 0 0 24 89 3 0 0 
63 27 94 21 89 20 0 39 3 66 17 0 41 0 78 17 0 50 0 61 0 0 32 0 67 
50 8 2 0 1 67 0 2 0 0 68 50 18 47 63 83 41 24 19 21 170 113 91 140 118 
54 33 118 47 43 20 0 84 0 0 17 1 79 0 0 17 0 70 0 0 47 36 111 29 27 
0 62 65 0 0 0 62 53 0 0 21 104 78 21 21 32 109 60 40 42 0 62 48 0 0 
21 0 85 0 33 59 43 118 38 75 18 0 72 0 17 16 0 88 0 7 28 0 90 0 18 
0 2115 0 0 0 0 2176 0 0 0 0 2063 0 0 0 0 2128 0 0 0 0 2078 0 0 0 
20 125 113 18 9 88 249 183 95 104 2 168 110 6 0 42 208 139 79 30 2 138 85 0 0 
80 124 114 0 0 65 152 126 0 0 97 161 135 0 0 76 153 125 0 1 70 139 132 0 0 
0 69 0 85 0 72 130 66 161 86 58 115 34 127 40 0 74 0 98 0 0 83 0 86 0 
0 0 0 0 0 1300 1260 1262 1224 1286 0 0 0 0 0 0 0 0 0 0 0 0 0 0 0 
0 0 80 125 0 0 0 75 106 0 0 0 81 127 0 0 0 81 125 0 0 0 72 128 0 
150 58 58 95 51 164 60 62 115 62 97 0 0 44 0 87 0 0 38 0 92 0 0 48 0 
0 149 0 0 100 0 179 0 0 85 0 202 0 0 102 0 165 0 0 80 0 169 0 0 123 
150 238 156 223 82 87 139 21 119 3 267 374 200 316 132 112 220 82 167 27 176 290 253 260 111 
103 84 298 303 101 0 0 203 194 0 108 105 289 304 100 2 0 173 186 0 23 10 207 195 30 
133 112 107 153 244 9 26 3 12 162 9 11 8 11 155 204 222 165 188 351 217 245 231 234 379 
0 63 0 0 0 0 58 0 0 0 0 67 0 0 0 10 67 4 7 6 171 204 167 150 164 
73 34 55 25 63 62 9 28 0 61 58 9 37 0 44 109 10 28 0 58 194 142 128 128 179 
203 70 0 96 0 208 64 0 103 0 204 43 0 102 0 190 60 0 105 0 197 54 0 110 0 
0 0 1458 0 0 0 0 1478 0 0 0 0 1381 0 0 0 0 1481 0 0 0 0 1455 0 0 
73 6 11 53 25 114 67 57 97 71 101 66 60 86 75 59 25 18 65 31 58 0 0 28 13 
118 135 137 103 200 0 0 8 0 48 64 79 75 64 117 0 0 19 0 52 0 0 18 0 61 
41 77 0 106 0 134 175 100 191 83 98 116 75 182 81 46 69 0 97 0 32 67 0 103 0 
64 73 62 70 108 71 71 57 54 91 0 21 0 0 41 0 16 0 0 26 54 69 46 42 75 
0 72 0 0 0 30 142 36 35 29 36 150 36 38 34 25 125 26 27 33 41 130 42 36 50 
33 11 41 35 0 103 71 114 114 63 44 22 50 38 0 46 9 44 35 0 41 20 38 39 0 
137 0 0 0 0 129 0 0 0 0 199 79 99 103 95 123 0 0 0 0 131 0 0 0 0 
0 0 0 0 843 0 0 0 0 799 0 0 0 0 858 0 0 0 0 844 0 0 0 0 784 
121 107 0 179 52 117 122 0 172 83 181 165 44 213 107 111 108 14 160 90 126 138 0 187 83 
128 0 0 0 0 263 97 83 82 71 158 0 0 0 0 148 0 0 0 0 146 0 0 0 0 
0 0 0 0 0 72 55 70 64 70 0 0 0 0 0 140 116 137 141 135 0 0 0 0 0 
0 20 0 148 0 32 57 46 187 31 0 17 0 138 0 0 14 0 135 0 0 19 0 164 0 
128 51 111 78 140 94 0 81 35 59 104 13 100 65 65 184 111 174 99 152 81 0 43 32 56 
43 48 55 128 105 26 21 31 80 73 0 0 0 77 55 0 0 0 48 49 5 10 9 75 53 
0 7 71 0 0 84 106 189 90 96 0 12 82 1 0 69 89 192 54 76 0 6 65 0 0 
197 8 189 0 0 200 0 174 0 0 195 0 181 2 0 173 1 182 0 0 207 22 176 9 10 
304 105 305 129 187 306 116 361 154 206 341 123 371 166 235 212 1 222 47 108 225 60 251 18 137 
65 152 69 82 66 0 86 0 26 0 17 128 27 34 26 0 104 0 17 0 0 74 0 22 0 
0 0 33 0 58 35 46 78 44 113 55 74 89 53 121 0 0 33 0 61 0 0 49 0 58 
0 0 28 0 219 0 0 18 0 211 0 0 33 0 188 0 0 30 0 203 0 0 28 0 210 
0 0 0 54 0 0 0 0 63 0 62 63 52 161 50 0 0 0 65 0 98 92 92 179 107 
99 0 0 116 0 131 0 0 133 0 129 0 0 103 0 124 0 0 134 0 124 0 0 131 0 
0 36 71 71 0 97 189 166 192 123 172 204 226 225 144 33 62 100 120 14 75 96 109 137 41 
122 138 134 119 239 0 0 0 0 82 0 0 0 0 80 26 27 30 22 112 0 0 0 0 82 
152 238 143 128 140 0 120 0 0 0 87 216 89 89 84 6 134 3 0 1 95 211 69 74 86 
139 128 76 79 79 76 44 0 0 0 88 47 4 4 9 64 47 0 0 0 71 56 0 0 0 
0 130 0 0 0 37 182 59 63 69 0 148 0 0 0 68 224 97 100 69 0 121 0 0 0 
0 0 0 0 0 0 0 0 0 0 0 0 0 0 0 0 0 0 0 0 442 407 441 426 391 
0 0 37 0 0 72 79 91 75 87 0 0 31 0 0 77 75 85 59 79 19 25 59 22 26 
8 15 17 17 54 0 0 0 0 36 83 82 75 72 105 0 0 0 0 34 69 103 77 82 112 
0 0 0 138 0 0 0 0 128 0 0 0 0 147 0 0 0 0 155 0 82 79 85 213 83 
0 66 0 34 70 0 62 0 37 77 0 52 0 31 90 0 56 0 32 72 19 73 25 56 113 
0 113 0 0 0 0 112 0 0 0 0 107 0 0 0 0 98 0 0 0 102 187 101 106 93 
0 31 0 26 0 80 100 81 64 79 74 66 72 67 71 0 2 0 0 0 116 143 122 133 114 
0 0 117 55 0 43 45 155 106 50 0 0 102 39 0 0 0 89 38 0 0 0 126 35 0 
59 0 0 0 0 126 62 61 77 69 99 20 18 21 15 131 47 46 52 41 58 0 0 0 0 
83 35 33 111 37 39 0 0 91 0 48 0 0 85 0 83 35 30 119 32 54 0 0 83 0 
0 0 1 26 0 0 0 4 24 0 100 97 70 108 97 0 0 0 30 0 0 0 17 21 0 
31 0 0 74 112 83 68 77 136 193 23 1 4 82 93 53 25 32 92 99 35 31 47 89 116 
2 7 50 101 7 0 0 47 74 0 48 29 103 124 48 27 40 70 113 35 0 0 49 76 0 
54 6 51 45 11 37 3 37 45 20 128 74 119 110 90 65 13 47 48 15 45 0 41 45 0 
47 0 59 0 67 43 0 63 0 57 32 0 81 0 82 109 62 118 70 133 30 0 65 0 64 
97 18 189 96 52 71 1 186 83 26 64 0 172 38 6 206 80 287 151 141 112 26 224 83 59 
13 95 158 32 118 124 188 290 124 216 33 121 195 55 153 0 33 166 8 97 80 131 231 112 212 
23 24 21 69 70 45 44 46 94 94 0 0 0 33 35 0 0 0 23 19 89 103 114 139 117 
25 43 0 111 1 37 62 0 139 0 121 109 66 183 83 38 54 0 136 0 49 38 0 101 0 
0 0 55 0 0 165 152 208 153 179 0 0 60 0 0 0 0 74 0 0 0 0 74 0 0 
16 10 0 0 81 18 2 0 2 96 97 90 73 73 168 24 24 21 26 107 126 178 147 157 204 
94 12 14 3 33 134 88 84 86 98 152 109 109 103 112 62 0 4 0 17 51 11 11 0 35 
19 97 67 15 30 0 82 63 5 5 0 71 39 0 17 0 74 47 4 12 44 119 95 42 82 
154 197 103 107 108 82 71 41 20 23 43 51 18 0 0 43 62 16 0 0 38 50 14 0 0 
78 89 15 22 20 55 48 0 0 3 56 68 19 11 16 71 79 40 41 48 92 82 54 34 49 
37 76 41 71 29 0 61 9 42 16 0 50 10 43 18 0 43 14 31 13 37 103 64 95 76 
0 0 56 27 10 0 0 45 34 2 0 0 43 40 6 42 53 122 94 61 54 49 99 93 63 
29 38 26 22 31 0 0 0 0 0 70 58 57 62 55 0 0 0 0 0 118 107 99 114 110 
39 29 33 31 38 0 0 14 0 0 0 0 18 0 0 46 40 74 51 45 108 86 121 120 107 
40 44 110 55 50 3 0 62 12 0 62 50 132 59 50 0 0 53 6 0 0 3 58 18 0 
0 0 171 32 0 0 0 132 23 0 19 20 138 37 18 0 0 154 22 0 0 0 152 23 0 
51 103 0 0 0 82 119 43 31 30 84 137 17 18 9 97 151 45 40 53 48 85 0 0 0 
89 124 74 54 65 13 47 3 0 0 80 148 65 56 53 41 74 30 16 15 28 62 0 0 0 
0 120 110 169 0 0 135 124 173 0 0 109 127 176 0 0 125 119 170 0 0 138 127 176 0 
17 0 0 199 0 13 0 0 133 0 148 103 131 283 108 21 0 0 163 0 25 0 0 152 0 
123 155 36 97 110 169 206 84 100 173 144 172 90 110 133 82 114 20 38 85 229 295 150 168 208 
75 199 148 106 118 10 62 82 6 1 31 115 118 41 46 28 91 70 13 31 0 82 61 0 0 
10 29 14 10 77 13 35 30 9 106 6 22 18 7 54 56 87 79 51 147 32 43 39 31 100 
621 455 481 402 464 439 205 257 200 199 432 266 282 190 260 320 125 125 91 128 493 328 351 337 307 
95 70 4 5 1 168 155 77 80 81 74 92 0 0 0 103 90 23 15 20 70 79 0 0 0 
147 314 142 141 134 233 351 143 231 172 105 256 75 137 61 35 190 0 44 0 90 245 64 106 39 
0 0 0 0 58 0 0 0 0 66 0 0 0 0 81 0 0 0 0 67 158 187 167 180 216 
60 3 38 0 9 137 22 69 35 36 136 56 102 42 59 133 69 125 60 89 129 31 56 20 29 
150 0 0 54 0 156 0 0 55 0 141 0 0 40 0 168 0 0 46 0 149 0 0 41 0 
149 126 134 249 121 35 0 60 137 0 62 25 112 184 70 49 1 84 101 31 59 0 71 96 1 
75 119 86 199 169 0 9 4 98 48 0 12 5 75 62 0 14 9 106 69 29 39 35 108 66 
111 75 64 88 18 154 140 143 131 106 79 40 79 68 4 223 184 200 149 107 152 140 145 98 77 
59 129 51 57 53 0 55 0 0 0 6 80 4 5 4 0 64 0 0 0 76 155 62 76 65 
0 0 0 19 0 0 0 0 21 1 0 0 0 22 0 0 0 0 20 0 183 188 216 227 219 
34 0 0 3 37 95 88 77 76 101 9 0 0 16 32 6 0 0 0 41 20 0 0 1 30 
56 1 43 99 87 19 4 26 87 80 58 18 48 127 104 25 0 37 88 93 135 84 125 198 207 
0 81 64 0 74 0 81 75 0 88 0 94 59 0 64 0 76 79 0 86 0 102 78 0 80 
52 27 59 47 34 80 59 102 61 60 24 19 34 21 17 59 47 114 74 52 6 0 32 0 0 
82 0 0 0 56 73 0 0 0 50 89 0 0 0 59 71 0 0 0 52 196 91 86 102 156 
82 138 15 133 111 85 150 4 144 117 37 85 0 117 61 191 262 140 249 189 118 223 120 186 163 
84 101 108 88 68 11 36 42 13 11 0 14 47 0 0 62 74 92 61 54 21 30 55 19 14 
0 0 0 154 43 0 0 0 170 31 29 31 21 176 58 0 0 0 169 35 0 0 0 154 44 
0 0 0 151 17 178 145 135 365 189 0 0 0 177 19 134 136 129 298 124 0 0 0 145 10 
39 143 169 184 59 16 93 123 168 16 68 141 135 196 72 38 183 147 233 84 62 138 141 212 65 
0 0 0 1280 0 0 2 0 1286 1 0 0 0 1307 0 0 3 1 1369 0 0 0 0 1332 0 
195 0 0 0 0 197 13 18 17 20 178 0 0 0 0 195 0 0 0 0 166 0 0 0 0 
92 0 0 0 0 117 0 0 0 0 121 0 0 0 0 102 0 0 0 0 206 88 85 89 99 
223 38 83 28 47 165 0 18 0 0 282 105 128 95 89 325 171 228 202 178 215 97 111 78 73 
6 17 0 0 0 0 35 0 0 0 0 0 0 0 0 0 0 0 0 37 0 0 0 0 0 
65 87 145 97 92 0 0 44 0 0 0 0 62 0 0 0 0 64 0 0 172 182 226 210 199 
0 15 5 76 216 129 145 130 215 362 0 31 5 96 266 0 16 4 79 248 122 158 123 191 330 
11 11 76 14 238 2 0 57 5 166 130 101 167 119 292 144 149 222 177 350 3 0 55 0 189 
158 304 307 247 90 143 275 331 214 86 138 289 336 221 132 74 211 255 129 8 54 231 249 150 25 
100 0 0 9 0 87 0 0 0 0 104 0 0 0 0 102 0 0 0 0 124 15 24 17 29 
0 0 215 0 40 0 0 255 0 35 0 0 227 0 32 0 0 210 0 34 0 0 213 0 41 
0 0 43 49 0 63 45 86 83 54 0 0 34 30 0 50 43 86 72 41 36 27 70 62 24 
54 79 47 48 70 1 53 0 0 25 46 81 40 34 67 5 41 0 0 33 0 61 1 11 36 
0 0 0 36 0 73 62 48 99 55 0 0 0 25 0 45 47 63 92 49 41 47 44 94 38 
601 607 632 664 619 0 0 0 0 0 0 0 0 0 0 0 0 0 0 0 0 0 0 0 0 
0 0 8 0 13 0 3 0 0 0 1 0 0 0 0 0 1 0 0 0 0 0 0 0 0 
55 0 0 0 0 62 0 0 0 0 64 0 0 0 0 202 133 145 146 141 52 0 0 0 0 
