1085 959 984 935 1001 1174 1227 1180 1163 1227 783 784 806 799 996 1200 1108 1147 1172 1171 743 649 656 640 781 
140 113 131 126 118 0 0 0 0 0 101 67 101 87 85 0 0 0 0 0 0 0 0 0 0 
106 54 33 181 208 89 0 0 135 150 167 71 61 216 278 52 0 0 79 146 60 0 0 112 119 
234 33 82 82 66 154 0 0 2 4 324 79 138 92 99 315 139 219 184 189 218 56 90 86 60 
0 0 0 155 12 166 126 139 328 179 0 1 0 182 19 128 122 118 274 112 0 0 0 139 8 
174 54 120 146 43 135 10 79 105 0 141 33 99 122 32 127 5 70 116 0 279 179 262 286 161 
101 7 21 1 86 81 5 19 0 97 182 86 105 88 179 149 64 94 62 140 194 105 120 103 218 
0 0 0 0 0 0 0 0 0 0 1009 1026 968 998 1035 0 0 0 0 0 0 0 0 0 0 
0 0 0 235 0 0 0 3 225 1 105 100 92 339 113 98 95 85 350 111 1 0 0 207 0 
14 9 17 180 5 0 0 0 184 0 39 44 37 177 30 0 0 0 167 0 3 6 3 184 3 
210 195 247 349 163 44 3 112 158 2 70 48 162 230 59 34 0 115 116 25 49 0 89 103 0 
0 0 0 0 0 0 0 0 0 0 0 0 0 0 0 58 62 66 69 88 171 159 164 182 174 
85 117 85 77 198 0 14 0 0 116 0 8 0 0 114 0 8 0 0 140 86 92 86 71 201 
139 139 148 149 151 0 0 0 0 0 0 0 0 0 0 0 0 0 0 0 85 81 62 67 86 
0 0 0 0 0 0 0 0 0 0 0 0 0 0 0 426 429 416 401 409 191 177 180 190 202 
0 210 0 0 86 0 183 0 0 104 137 342 155 135 219 0 204 0 0 105 0 227 0 0 81 
810 0 0 0 0 794 0 0 0 0 792 0 0 0 0 821 0 0 0 0 831 0 0 0 0 
15 1 184 131 185 42 13 205 139 181 100 100 273 232 225 177 184 372 332 311 124 88 275 207 314 
108 143 106 175 83 81 88 75 132 88 0 53 0 43 0 48 103 46 104 54 0 45 0 48 0 
48 9 12 8 28 141 127 131 104 149 38 0 0 0 17 23 0 0 0 21 155 132 128 125 174 
0 0 147 0 0 0 0 131 0 0 0 0 168 0 0 168 149 288 142 148 0 0 166 0 0 
0 82 53 51 0 0 88 59 51 0 43 112 111 117 44 0 87 57 58 0 0 87 71 53 0 
7 0 0 2 143 139 96 107 135 242 128 121 109 117 207 0 8 0 0 125 94 81 99 78 193 
0 0 0 0 0 0 0 0 0 0 0 0 0 0 0 988 1056 1063 1028 962 0 0 0 0 0 
0 19 51 145 0 0 19 63 124 0 0 18 47 148 0 0 20 53 148 0 0 15 51 160 0 
66 55 0 0 0 86 84 17 14 15 152 95 40 40 28 98 65 0 0 0 107 95 25 27 36 
113 187 134 266 240 0 40 20 135 91 0 48 16 112 113 0 48 3 118 83 24 64 16 134 113 
75 106 106 75 2 85 102 159 71 0 241 256 293 252 170 103 123 135 75 0 240 194 271 206 114 
78 21 22 101 18 76 0 0 113 0 211 148 135 222 125 75 0 0 102 0 114 48 48 169 42 
138 111 44 51 39 176 118 52 62 34 65 84 14 0 0 102 87 25 10 14 96 59 9 0 0 
0 0 146 63 0 0 0 162 54 0 0 0 196 55 0 0 0 170 47 0 0 0 149 45 0 
151 206 203 151 120 0 67 84 0 0 0 53 88 0 0 64 100 134 63 51 0 56 101 0 0 
72 56 84 78 64 118 132 122 126 118 30 46 49 44 44 0 0 0 0 0 0 0 0 0 0 
0 0 0 165 0 0 0 0 174 0 230 234 220 410 242 0 0 0 171 0 0 0 0 155 0 
0 0 0 0 0 146 147 181 156 148 0 0 0 0 0 0 0 0 0 0 77 61 74 69 86 
104 1 0 59 39 131 38 56 118 102 206 76 84 143 145 79 0 0 61 45 183 73 82 150 120 
0 88 1 0 0 0 75 0 0 0 0 68 0 0 0 124 148 89 126 80 57 137 43 46 57 
0 0 100 0 0 86 86 187 110 110 0 0 95 0 0 7 9 101 4 8 15 13 86 9 17 
254 228 183 251 105 107 89 62 109 0 85 81 59 90 1 269 227 151 254 104 124 124 86 136 0 
0 0 0 0 0 35 37 30 20 22 0 0 0 0 0 62 75 77 68 103 110 105 116 118 146 
0 230 0 213 0 0 183 0 203 0 8 212 7 203 7 0 195 0 198 0 0 204 0 215 0 
0 33 0 100 0 0 44 0 106 0 0 40 0 105 0 50 106 54 165 53 0 47 0 95 0 
0 0 0 0 74 88 72 77 64 139 92 85 75 89 130 0 0 0 0 81 0 0 0 0 81 
102 269 264 10 251 65 203 216 5 179 110 265 294 43 256 152 320 305 101 292 217 307 321 153 278 
0 46 34 0 85 22 60 52 14 90 22 71 90 32 77 0 53 29 0 66 0 62 33 0 75 
100 83 95 106 107 11 0 0 31 0 10 0 0 34 0 16 0 0 37 0 80 59 54 96 73 
32 0 0 59 70 74 45 44 102 127 22 0 0 65 71 39 13 14 56 65 34 31 34 76 80 
79 0 72 0 0 68 0 83 0 0 131 58 115 53 53 111 21 81 14 12 74 0 79 0 0 
0 18 81 0 96 0 12 69 0 107 0 16 74 0 106 0 14 91 0 133 0 13 70 0 101 
23 58 147 66 27 60 91 175 105 60 0 41 134 36 0 58 89 175 105 44 1 30 119 61 0 
0 58 0 0 0 0 66 0 0 0 104 205 97 123 110 0 82 0 0 0 14 75 17 21 24 
0 0 0 71 0 61 64 51 123 81 0 0 0 70 0 0 0 0 80 0 71 62 57 147 61 
50 0 94 49 0 58 0 110 53 0 60 0 97 51 0 46 0 107 57 0 47 0 103 46 0 
77 47 0 29 0 101 71 15 46 20 92 87 0 25 0 110 51 0 40 0 87 57 0 33 0 
0 0 0 0 23 177 158 177 182 192 0 0 0 0 29 0 0 0 0 29 0 0 0 0 32 
89 47 57 109 77 58 37 49 96 68 24 0 0 52 9 28 0 0 48 11 37 12 8 56 27 
29 55 8 6 10 17 48 0 0 0 21 73 0 0 0 125 160 123 115 111 27 71 0 0 0 
0 0 0 21 0 193 176 207 208 167 0 0 0 23 0 0 0 0 24 0 0 0 0 20 0 
71 79 132 137 89 0 0 52 61 0 0 0 73 60 0 0 0 67 53 0 0 0 59 62 0 
71 61 64 49 76 43 0 0 0 12 79 74 49 55 79 31 0 0 0 24 99 54 47 55 64 
0 0 24 0 69 7 6 36 11 88 0 0 34 0 69 9 5 41 8 94 81 75 114 63 153 
588 587 604 640 587 0 0 0 0 0 0 0 0 0 0 0 0 0 0 0 0 0 0 0 0 
55 105 136 64 70 28 78 95 26 26 0 32 70 0 0 0 37 71 0 0 0 39 66 0 0 
0 0 110 0 0 0 0 91 0 0 76 114 207 112 101 0 0 85 0 0 0 0 104 0 0 
93 107 34 50 121 33 38 0 0 77 38 52 0 0 60 39 42 0 0 65 52 40 0 0 73 
0 51 0 0 3 43 101 43 58 52 0 55 0 14 0 0 62 0 28 0 9 48 8 30 12 
9 6 99 5 12 0 0 87 0 0 0 0 83 0 0 36 39 120 27 29 75 78 150 59 85 
0 0 0 51 75 88 81 63 117 163 0 0 0 49 73 0 0 0 35 84 0 0 0 47 73 
94 165 76 72 84 22 106 0 0 0 30 115 6 8 9 22 75 0 0 0 25 80 3 3 0 
75 37 106 55 108 19 0 45 14 66 22 0 49 12 82 22 0 58 13 65 13 0 44 14 71 
86 14 17 0 5 97 8 9 0 0 127 61 85 56 79 130 51 63 24 25 185 114 121 124 89 
66 33 117 48 53 32 0 80 0 0 28 0 77 0 7 25 0 70 0 8 82 42 120 46 45 
0 45 0 0 0 28 71 36 50 41 27 70 29 20 24 33 81 43 63 27 0 41 0 12 0 
83 79 99 50 61 33 29 32 0 11 55 69 61 28 43 43 28 37 0 9 35 31 37 0 6 
0 62 70 0 0 16 81 71 20 20 21 104 82 21 21 32 109 67 40 42 0 62 59 0 0 
58 102 57 52 49 37 110 36 41 33 19 84 21 21 31 27 63 28 30 31 0 66 0 0 0 
23 0 79 0 43 61 42 112 39 71 22 0 73 0 24 34 0 88 0 24 28 0 88 0 24 
0 2054 0 0 0 0 2103 0 0 0 0 1969 0 0 0 0 2057 0 0 0 0 1987 0 0 0 
30 118 129 16 9 78 164 210 76 68 9 137 125 4 0 37 195 153 97 40 3 110 76 3 0 
58 87 71 0 0 43 119 103 0 0 68 104 91 0 0 59 111 81 0 0 48 120 99 0 0 
0 105 0 132 0 101 180 77 238 96 74 179 54 219 68 0 108 0 146 0 0 111 0 104 0 
101 187 10 214 139 79 157 2 201 168 78 136 7 238 117 305 368 222 402 275 185 285 159 341 254 
0 0 0 0 0 1255 1216 1215 1169 1245 0 0 0 0 0 0 0 0 0 0 0 0 0 0 0 
0 0 80 125 0 0 0 75 106 0 0 0 81 127 0 0 0 82 125 0 0 0 72 128 0 
148 46 55 88 42 147 60 52 110 69 93 0 0 47 0 89 0 0 41 0 98 0 0 46 0 
0 130 0 1 84 0 153 0 0 74 0 159 0 0 94 0 140 0 0 80 0 142 0 0 114 
110 215 123 199 67 97 239 95 150 19 255 396 234 314 142 162 298 200 218 119 158 379 232 213 127 
18 24 172 149 71 0 0 113 81 44 65 87 147 207 102 0 0 62 86 38 44 49 161 160 111 
172 123 157 167 286 13 24 0 3 166 8 8 10 3 176 205 238 206 181 385 263 252 279 251 408 
0 70 0 0 0 0 52 0 0 0 0 64 0 0 0 6 69 5 7 3 172 200 172 154 156 
47 24 37 11 42 39 13 28 0 41 39 12 33 0 28 64 12 28 0 39 104 98 86 75 110 
68 156 167 221 67 52 136 195 224 45 104 171 182 240 81 68 182 153 211 79 65 139 150 245 51 
207 76 0 102 0 205 72 0 105 0 208 61 0 109 0 198 70 0 116 0 207 68 0 110 0 
60 15 1 36 55 176 148 131 143 164 70 14 0 40 61 49 2 0 23 58 72 13 0 34 48 
48 0 0 0 0 60 0 0 0 0 59 0 0 0 0 195 133 145 146 141 47 0 0 0 0 
88 249 247 173 51 95 207 209 118 27 114 216 234 123 79 43 168 197 82 4 58 228 220 101 25 
77 4 8 54 25 133 73 77 119 82 117 74 89 91 96 62 30 23 74 33 66 0 0 28 8 
104 119 120 83 182 0 0 7 0 46 55 71 74 62 113 0 0 18 0 53 0 0 11 0 61 
45 76 0 82 0 137 166 104 156 78 97 104 65 135 62 58 55 0 79 0 37 57 0 82 0 
94 92 111 116 160 104 90 78 82 117 0 28 0 0 49 0 23 0 0 30 56 92 67 58 100 
0 73 0 0 1 32 132 34 40 30 39 137 41 33 36 24 113 22 25 34 41 118 44 36 49 
33 11 42 34 0 103 71 112 112 63 43 21 47 38 0 47 9 44 35 0 41 20 37 40 0 
1 14 0 107 234 138 150 131 228 383 2 39 0 95 276 0 10 0 95 273 128 153 125 200 336 
5 19 92 8 235 4 1 81 6 171 118 104 193 118 278 139 140 228 161 335 1 5 80 0 195 
157 0 0 55 0 165 0 0 56 0 144 0 0 42 0 174 0 0 46 0 159 0 0 42 0 
0 0 0 0 845 0 0 0 0 793 0 0 0 0 866 0 0 0 0 843 0 0 0 0 781 
134 109 0 170 57 146 120 1 160 73 174 168 42 212 121 125 98 4 151 82 120 143 1 183 68 
113 0 0 0 0 217 85 74 72 62 134 0 0 0 0 130 0 0 0 0 124 0 0 0 0 
51 18 64 42 35 89 63 114 77 53 22 16 40 16 6 67 56 127 80 60 5 0 36 0 0 
0 22 0 143 0 33 55 46 185 32 0 19 0 131 0 0 16 0 136 0 0 20 0 160 0 
0 0 53 59 0 72 51 99 106 70 0 0 43 36 0 62 51 101 91 63 41 30 82 81 30 
89 64 105 130 139 41 1 47 56 38 23 0 51 68 43 76 30 93 116 71 1 0 37 51 26 
43 48 55 128 106 28 22 31 81 74 0 0 0 77 55 0 0 0 48 50 6 10 8 73 52 
138 167 92 91 30 220 194 152 159 116 144 95 72 86 14 296 222 205 167 139 211 205 158 122 91 
146 0 0 0 0 128 0 0 0 0 225 84 102 101 106 119 0 0 0 0 123 0 0 0 0 
0 8 57 0 0 72 81 150 73 80 0 9 61 0 0 47 66 142 43 52 0 5 52 0 0 
215 5 199 0 0 225 0 183 0 0 224 8 195 4 1 189 3 202 0 0 219 18 187 10 12 
0 0 0 0 0 67 53 67 61 70 0 0 0 0 0 139 115 129 139 134 0 0 0 0 0 
310 113 359 136 242 383 203 457 216 287 394 194 464 253 283 210 15 242 70 152 260 62 313 47 152 
71 165 78 89 73 0 106 0 28 0 17 152 30 36 27 0 116 0 16 0 0 90 0 21 0 
0 0 0 16 0 0 0 0 19 0 0 0 0 17 0 0 0 0 21 0 170 182 207 214 216 
0 0 33 0 58 35 45 78 43 112 55 74 88 50 119 0 0 33 0 61 0 0 49 0 58 
0 0 16 0 188 0 0 16 0 178 0 0 28 0 166 0 0 25 0 178 0 0 23 0 182 
0 0 0 50 0 0 0 0 58 0 54 59 45 139 44 0 0 0 59 0 85 78 82 157 86 
98 0 0 108 0 127 0 0 121 0 113 0 0 96 0 101 0 0 131 0 116 0 0 125 0 
24 64 73 95 5 110 212 187 195 121 195 256 253 274 172 15 90 99 127 29 88 144 117 157 63 
112 136 134 119 247 0 0 0 0 92 0 0 0 0 83 23 25 31 24 110 0 0 0 0 77 
110 211 100 98 93 0 100 0 0 0 30 153 29 34 28 1 112 5 0 4 139 272 116 124 122 
136 126 76 78 78 76 45 0 0 0 85 47 4 4 8 63 47 0 0 0 71 56 0 0 0 
0 111 0 0 0 38 180 50 57 68 0 126 0 0 0 63 194 73 74 72 0 125 0 0 0 
92 0 0 0 0 117 0 0 0 0 122 0 0 0 0 102 0 0 0 0 206 88 85 89 99 
0 0 0 0 0 0 0 0 0 0 0 0 0 0 0 0 0 0 0 0 435 407 451 424 396 
0 0 37 0 0 74 79 92 75 87 0 0 31 0 0 77 75 85 59 79 19 25 59 22 26 
8 15 16 17 51 0 0 0 0 36 80 79 70 69 99 0 0 0 0 33 68 98 78 76 105 
0 0 0 127 0 0 0 0 111 0 0 0 0 135 0 0 0 0 139 0 72 71 76 190 79 
0 67 0 34 69 0 64 0 39 77 0 54 0 36 90 0 57 0 32 73 18 78 25 56 113 
71 0 0 0 26 60 0 0 0 25 78 0 0 0 14 62 0 0 0 20 160 83 71 83 121 
0 112 0 0 0 0 108 0 0 0 0 106 0 0 0 0 96 0 0 0 97 185 99 105 92 
30 61 43 57 45 48 61 51 39 54 51 44 46 41 49 0 10 0 7 0 85 109 85 84 75 
0 0 123 57 0 45 46 158 108 52 0 0 106 40 0 0 0 93 37 0 0 0 126 35 0 
17 55 8 0 13 13 70 20 7 24 5 54 2 0 25 44 77 51 48 82 3 40 12 0 40 
59 0 0 0 0 126 62 61 76 69 99 20 18 20 15 131 47 46 52 41 58 0 0 0 0 
195 0 0 0 0 197 13 18 17 20 178 0 0 0 0 196 0 0 0 0 166 0 0 0 0 
80 35 33 110 36 38 0 0 90 0 48 0 0 84 0 83 35 30 120 32 55 0 0 81 0 
0 0 0 20 0 41 33 48 74 33 35 17 42 57 39 0 0 0 21 0 51 58 60 106 68 
0 0 63 43 0 0 0 55 43 0 101 99 149 132 97 0 0 62 47 0 0 0 67 42 0 
71 12 60 126 108 32 10 38 111 90 74 28 48 144 107 27 0 35 95 91 128 78 114 189 201 
3 7 56 104 9 0 0 52 83 0 50 32 110 127 53 31 43 73 115 38 0 0 50 88 0 
56 4 44 43 7 38 8 42 42 17 134 75 120 109 82 76 20 53 55 22 54 0 55 45 0 
55 0 70 0 79 43 0 73 0 64 34 0 90 0 86 108 67 127 79 141 36 0 66 0 62 
123 66 177 111 88 92 10 152 68 32 62 0 111 29 8 156 65 196 121 102 145 61 200 117 100 
19 105 148 24 150 159 265 307 132 291 36 146 193 45 189 1 68 171 2 119 114 192 262 133 249 
24 26 25 69 53 46 51 37 89 79 0 0 0 32 32 0 0 0 26 19 91 105 105 149 114 
21 35 0 98 0 31 57 0 126 0 95 100 49 160 63 36 45 0 126 0 45 49 0 115 0 
0 0 53 0 0 153 143 198 138 171 0 0 56 0 0 0 0 68 0 0 0 0 66 0 0 
56 85 59 84 46 13 30 0 30 0 77 103 67 110 44 16 55 6 46 6 64 63 67 105 35 
10 7 2 0 70 12 2 0 0 54 63 57 45 39 118 23 22 15 10 70 88 113 88 81 117 
58 10 10 4 19 85 60 61 62 62 93 73 78 87 83 39 0 5 0 12 31 9 11 0 20 
27 115 85 18 37 0 94 80 10 6 0 84 48 0 18 0 95 58 6 22 50 143 127 38 91 
123 160 84 85 85 60 57 37 18 17 36 51 15 0 0 35 42 13 0 0 28 39 13 0 0 
0 81 62 0 72 0 89 68 1 81 0 86 60 0 59 0 79 68 0 78 0 94 75 0 72 
96 0 0 83 0 86 0 0 87 0 101 0 0 87 0 102 0 0 70 0 125 15 24 110 30 
67 127 77 74 78 0 65 0 0 0 39 104 44 39 37 0 55 0 0 0 29 77 21 27 31 
49 67 0 19 11 40 36 0 0 0 39 51 7 0 3 53 60 22 31 36 73 61 41 22 41 
38 69 43 69 29 0 59 11 39 16 2 51 9 45 19 0 42 13 29 13 39 102 63 97 78 
0 0 60 32 11 0 0 52 36 3 0 0 50 45 5 48 56 136 106 73 62 54 113 100 68 
28 38 28 20 31 0 0 0 0 0 76 62 60 66 59 0 0 0 0 0 133 115 107 119 115 
48 35 37 38 42 0 0 21 0 0 0 0 23 0 0 51 42 93 55 45 131 114 151 157 127 
34 42 108 49 45 4 6 62 15 11 57 50 131 56 44 0 0 53 5 0 0 8 64 27 10 
0 0 180 32 0 0 0 141 23 0 18 19 156 37 16 0 0 166 23 0 0 0 162 22 0 
46 84 0 0 0 70 112 40 33 31 71 120 20 16 7 87 125 40 37 47 40 75 0 0 0 
70 0 84 87 95 132 53 165 162 163 164 90 186 197 208 159 51 120 127 162 97 8 101 135 118 
105 135 86 57 79 16 53 4 0 0 94 151 80 61 65 47 86 31 18 18 29 62 0 0 0 
0 120 108 165 0 0 128 119 165 0 0 108 121 167 0 0 116 114 156 0 0 126 119 165 2 
0 0 0 143 37 0 0 0 161 30 27 30 16 164 53 0 0 0 152 35 0 0 0 142 40 
17 0 0 155 0 9 0 0 117 0 108 70 109 226 102 12 0 0 112 0 21 1 0 119 0 
54 86 48 34 64 0 55 0 0 36 50 83 44 36 72 7 38 0 0 39 0 55 0 1 29 
117 103 21 40 85 150 181 83 73 158 107 122 54 51 93 61 73 2 16 41 188 192 88 110 139 
52 142 99 67 80 7 38 55 10 2 27 66 84 28 23 19 65 50 10 19 0 51 40 0 0 
0 24 17 0 72 4 21 19 4 100 0 18 13 8 50 59 80 70 41 154 26 41 32 27 102 
0 0 199 0 37 0 0 225 0 27 0 0 188 0 24 0 0 191 0 22 0 0 180 0 26 
632 456 474 344 447 449 168 253 142 196 474 287 294 188 262 335 143 134 30 111 545 315 392 292 364 
71 50 2 2 0 134 136 57 62 60 75 69 0 0 0 84 78 18 13 15 68 53 0 0 0 
153 315 122 161 154 253 397 147 272 174 133 276 87 157 77 35 191 0 65 0 92 212 64 104 34 
22 0 29 76 0 24 0 15 48 0 72 43 66 79 25 86 53 79 107 65 28 0 22 45 0 
0 0 0 36 0 76 63 49 101 55 0 0 0 25 0 47 48 63 93 51 43 46 43 97 38 
0 0 0 0 53 0 0 0 0 59 0 0 0 0 66 0 0 0 0 58 135 157 142 153 186 
75 0 42 0 17 137 11 55 25 29 132 52 97 43 64 158 76 141 72 106 128 24 53 21 28 
52 32 124 122 31 0 0 77 116 0 57 50 135 143 47 0 0 95 107 0 0 0 86 87 0 
69 27 32 71 80 45 0 0 31 60 60 0 0 26 42 60 0 0 39 42 101 46 50 92 93 
56 71 118 89 72 0 0 34 0 0 0 0 55 0 0 0 0 36 0 0 165 198 220 202 180 
0 0 0 1195 0 0 0 0 1197 0 0 0 0 1206 0 1 2 3 1271 2 0 0 0 1213 0 
0 0 1445 0 0 0 0 1474 0 0 0 0 1346 0 0 0 0 1462 0 0 0 0 1444 0 0 
