850 845 579 701 868 1024 1193 1029 998 1107 608 709 586 665 763 916 988 895 1022 1025 609 614 411 455 678 
223 178 224 197 208 0 0 0 0 0 143 95 148 123 123 0 0 0 0 0 0 0 0 0 0 
155 49 55 233 278 89 0 0 167 172 235 78 73 308 329 79 0 0 148 173 99 0 0 167 156 
0 0 90 84 3 110 67 133 138 106 2 7 88 53 1 100 57 156 118 77 63 30 125 128 46 
145 38 96 138 49 127 15 68 105 0 135 37 89 101 35 110 2 49 109 0 256 158 226 267 151 
104 7 15 0 107 92 5 20 0 114 193 97 104 85 176 157 70 81 52 143 223 120 137 111 260 
0 0 0 0 0 0 0 0 0 0 1023 1032 983 1002 1047 0 0 0 0 0 0 0 0 0 0 
0 0 0 304 0 0 0 5 266 0 131 128 117 424 125 123 124 100 441 148 0 0 0 257 0 
15 8 18 190 5 0 0 0 196 0 39 44 37 186 30 0 0 0 156 0 4 6 2 186 3 
0 0 0 0 0 0 0 0 0 0 0 0 0 0 0 72 78 71 75 81 202 168 177 208 181 
66 80 57 50 156 0 9 0 0 91 0 3 0 0 95 0 3 0 0 107 73 70 69 62 145 
132 139 139 139 144 0 0 0 0 0 0 0 0 0 0 0 0 0 0 0 80 77 60 61 75 
0 0 0 0 0 0 0 0 0 0 0 0 0 0 0 427 430 424 406 419 192 177 182 188 204 
0 200 0 0 83 0 170 0 0 96 126 327 149 132 210 0 183 0 0 96 0 211 0 0 74 
793 0 0 0 0 787 0 0 0 0 782 0 0 0 0 813 0 0 0 0 823 0 0 0 0 
23 11 200 152 159 59 21 203 143 180 119 118 305 246 260 204 192 405 357 343 130 113 288 219 332 
68 139 83 154 75 49 71 62 115 68 0 41 0 45 0 36 90 48 83 38 0 41 0 36 0 
37 8 16 7 23 145 109 126 109 128 36 0 0 0 17 29 0 0 0 18 137 120 105 116 164 
0 0 127 0 0 0 0 132 0 0 0 0 137 0 0 129 106 239 117 121 0 0 144 0 0 
0 70 50 49 0 0 86 45 49 0 36 103 91 106 33 0 76 49 51 0 0 73 60 47 0 
1 0 0 3 147 132 105 135 145 267 125 111 117 123 209 3 8 0 0 120 78 94 116 99 220 
0 0 0 0 0 0 0 0 0 0 0 0 0 0 0 1035 1088 1107 1074 1016 0 0 0 0 0 
0 18 53 138 0 0 16 51 117 0 0 19 45 144 0 0 17 50 142 0 0 15 54 140 0 
88 67 0 0 0 104 92 16 17 21 163 112 50 42 39 115 75 0 0 0 119 106 25 26 31 
73 106 71 136 138 5 36 15 58 67 14 36 18 70 76 0 40 0 56 59 0 32 0 52 59 
105 120 123 74 8 94 115 161 89 0 279 280 298 266 199 103 128 143 71 2 253 212 281 235 136 
71 14 10 100 17 75 0 0 115 0 213 145 124 217 121 73 6 0 103 1 114 54 50 180 44 
120 96 39 51 35 150 98 52 65 28 63 58 16 0 0 93 77 23 11 14 84 58 9 1 0 
0 0 135 57 0 0 0 148 52 0 0 0 181 51 0 0 0 161 44 0 0 0 137 42 0 
125 163 176 118 113 0 56 71 0 0 0 53 64 0 0 36 70 98 34 42 0 48 94 0 0 
63 51 66 66 58 96 114 101 111 98 22 39 42 35 37 0 0 0 0 0 0 0 0 0 0 
0 0 0 174 0 0 0 0 189 0 245 240 230 425 249 0 0 0 182 0 0 0 0 163 0 
0 0 0 0 0 153 145 184 148 150 0 0 0 0 0 0 0 0 0 0 80 61 69 64 89 
115 1 0 58 44 136 37 47 106 107 217 81 81 142 152 80 0 0 67 38 199 78 86 139 127 
0 79 0 0 0 0 81 0 0 0 0 64 0 0 0 114 146 82 120 87 52 132 47 49 50 
0 0 106 0 0 98 95 194 116 119 0 0 101 0 0 5 10 105 1 8 15 14 97 9 17 
251 226 176 247 115 119 115 75 118 0 92 107 61 97 0 263 252 163 278 108 136 126 71 137 0 
0 0 0 0 0 31 36 32 20 25 0 0 0 0 0 60 70 72 68 92 104 97 99 100 133 
0 222 0 201 0 0 178 0 195 0 7 203 5 197 7 0 184 0 192 0 0 194 0 199 0 
0 44 0 138 0 0 55 0 156 0 0 56 0 160 0 71 161 78 238 91 0 63 0 154 0 
0 0 0 0 91 96 84 101 81 168 104 96 93 100 151 0 0 0 0 92 0 0 0 0 101 
92 307 373 79 233 14 209 277 12 113 65 293 370 72 209 97 336 334 95 239 209 376 415 165 294 
0 54 34 0 86 23 79 52 15 101 38 94 100 47 94 0 66 33 0 69 0 69 27 0 76 
107 94 108 108 120 16 0 0 36 0 13 0 0 37 0 16 0 0 40 0 87 65 62 110 81 
71 0 69 0 0 67 0 81 0 0 118 55 114 50 51 104 17 81 14 13 68 0 77 0 0 
0 18 84 0 99 0 12 69 0 109 0 16 74 0 106 0 14 91 0 137 0 13 70 0 102 
14 71 167 101 34 52 76 171 129 59 0 42 127 48 0 48 85 182 130 61 0 23 118 75 0 
0 58 0 0 0 0 66 0 0 0 106 212 100 133 119 0 86 0 0 0 15 76 18 23 24 
0 0 0 71 0 62 64 51 123 81 0 0 0 72 0 0 0 0 80 0 73 63 57 148 61 
65 0 109 52 0 70 0 143 67 0 73 0 127 61 0 56 0 126 64 0 53 0 124 60 0 
91 61 0 35 0 121 91 20 61 26 104 99 0 31 0 135 61 0 52 0 109 68 0 37 0 
0 0 0 0 29 194 186 192 207 240 0 0 0 0 38 0 0 0 0 33 0 0 0 0 37 
89 48 58 111 78 54 37 43 91 66 23 0 0 51 9 28 0 0 48 11 37 12 8 57 27 
29 66 11 7 14 18 53 0 0 0 21 85 0 0 0 160 200 137 138 129 29 87 0 0 0 
0 0 0 21 0 188 172 198 198 166 0 0 0 24 0 0 0 0 23 0 0 0 0 19 0 
101 107 163 177 106 0 0 65 77 0 0 0 89 77 0 0 0 81 62 0 0 0 70 77 0 
66 58 59 46 74 43 0 0 0 11 87 65 47 49 75 32 0 0 0 23 87 46 45 43 60 
0 0 23 0 69 9 6 36 12 89 0 0 34 0 70 9 5 42 8 93 80 75 114 64 152 
590 589 611 644 595 0 0 0 0 0 0 0 0 0 0 0 0 0 0 0 0 0 0 0 0 
71 145 160 78 87 39 101 108 33 33 0 36 79 0 0 0 46 87 0 0 0 44 78 0 0 
0 0 116 0 0 0 0 95 0 0 79 118 210 116 103 0 0 86 0 0 0 0 105 0 0 
109 127 41 65 140 39 45 0 0 99 42 63 0 0 76 43 46 0 0 73 62 43 0 0 87 
0 47 0 21 36 59 111 55 78 92 0 57 0 24 35 0 52 0 38 39 26 64 22 52 63 
9 7 99 5 11 0 0 87 0 0 0 0 83 0 0 36 39 120 27 29 75 77 150 59 85 
0 0 0 56 75 99 96 70 139 182 0 0 0 54 82 0 0 0 39 90 0 0 0 54 78 
94 165 78 73 83 22 106 0 0 0 30 115 6 8 9 22 75 0 0 0 25 80 3 2 1 
76 36 103 45 108 20 0 40 9 66 23 0 43 0 78 20 0 53 10 64 14 0 40 12 70 
30 9 2 4 3 35 2 0 0 0 43 44 57 37 57 80 43 35 27 41 126 103 102 133 108 
52 34 118 48 45 25 0 81 0 0 20 0 77 0 0 15 0 69 0 0 44 31 106 24 21 
39 4 20 0 13 26 5 0 2 0 0 21 12 0 0 27 0 0 0 0 24 0 0 0 0 
0 62 66 0 0 0 55 40 0 0 21 104 78 21 21 31 109 61 40 42 0 62 43 0 0 
10 2 1 4 0 0 29 0 0 0 0 21 0 0 0 2 0 0 0 0 0 9 0 0 0 
30 0 91 0 44 64 43 124 39 80 24 0 85 0 29 37 10 99 5 36 31 0 99 0 28 
0 2114 0 0 0 0 2141 0 0 0 0 2025 0 0 0 0 2110 0 0 0 0 2040 0 0 0 
25 133 138 19 17 68 193 196 79 72 4 110 106 3 0 51 216 179 74 41 4 121 103 0 0 
72 116 96 0 0 52 134 126 0 0 96 133 113 0 0 74 140 126 0 0 63 135 136 0 0 
0 101 0 112 0 81 178 82 186 100 60 171 43 169 47 0 104 0 122 0 0 115 0 99 0 
0 0 0 0 0 1278 1228 1230 1192 1261 0 0 0 0 0 0 0 0 0 0 0 0 0 0 0 
0 0 97 151 0 0 0 85 118 0 0 0 93 150 0 0 0 98 141 0 0 0 79 149 0 
169 52 54 108 52 164 63 67 135 79 93 0 0 40 0 104 0 0 46 0 97 0 3 59 0 
0 119 0 0 81 0 141 0 0 70 0 152 0 0 83 0 130 0 0 65 0 138 0 0 103 
177 273 161 245 106 120 158 18 110 2 320 371 246 376 146 169 237 93 180 55 226 302 252 311 139 
95 89 271 265 90 0 0 190 194 12 121 125 280 306 117 0 0 153 173 8 30 24 195 192 27 
142 131 111 146 272 9 21 0 17 168 16 19 10 11 172 223 226 176 203 382 235 258 251 217 398 
0 65 0 0 0 0 53 0 0 0 0 71 0 0 0 8 70 4 8 3 169 215 166 143 162 
51 23 39 11 42 48 13 28 0 36 41 11 32 0 30 71 12 32 0 48 122 106 95 82 128 
208 76 0 112 0 221 77 0 114 0 217 52 0 112 0 210 66 0 117 3 203 47 0 118 0 
55 0 0 0 0 62 0 0 0 0 64 0 0 0 0 202 131 145 146 141 52 0 0 0 0 
135 262 297 221 86 189 269 317 217 104 158 261 301 201 123 87 175 253 115 18 71 211 230 130 17 
63 3 8 38 21 86 59 42 87 60 90 55 56 61 66 54 25 21 57 29 51 0 0 25 13 
114 133 145 98 191 0 0 6 0 50 63 74 80 66 124 0 0 20 0 55 0 0 11 0 62 
39 88 0 81 0 141 184 100 184 87 99 122 63 172 79 51 82 0 88 0 36 68 0 96 0 
78 97 110 97 136 101 97 77 73 109 0 28 0 0 46 0 21 0 0 26 52 75 62 54 96 
0 97 0 0 0 34 164 47 41 33 52 189 46 51 42 37 171 35 33 44 58 172 59 45 64 
16 10 41 26 0 76 71 112 96 63 26 21 47 16 0 27 8 44 5 0 29 20 37 28 0 
10 22 88 8 223 4 0 70 6 174 111 106 165 110 280 142 140 212 162 331 1 1 65 3 192 
162 0 0 0 0 143 0 0 0 0 222 85 108 112 115 137 0 0 0 0 163 0 0 0 0 
0 0 1 0 851 0 0 0 0 794 0 1 0 0 854 0 0 0 0 835 0 0 0 0 788 
121 106 0 179 58 130 99 0 165 81 167 147 42 228 104 110 91 7 157 70 121 131 0 205 61 
143 0 0 0 0 280 109 87 97 86 178 0 0 0 0 166 0 0 0 0 150 0 0 0 0 
0 0 0 0 0 77 55 73 65 71 0 0 0 0 0 145 123 140 146 136 0 0 0 0 0 
0 22 0 143 0 36 59 46 188 32 0 19 0 137 0 0 16 0 143 0 0 20 0 164 0 
97 66 120 151 157 51 0 79 64 52 30 0 74 73 66 118 62 119 138 121 26 4 56 65 50 
44 49 56 134 112 28 23 31 84 78 0 0 0 79 57 0 0 0 50 57 8 10 9 78 55 
0 9 63 0 0 75 94 171 83 85 0 12 69 1 0 55 77 165 47 59 0 6 57 0 0 
114 0 113 0 0 103 0 86 0 0 92 0 103 4 0 71 0 104 0 0 108 11 89 10 10 
292 117 329 115 182 302 146 357 102 186 338 156 379 170 263 179 23 200 45 106 217 81 283 30 118 
66 153 70 82 66 0 87 0 26 0 18 130 27 36 27 0 110 0 18 0 0 74 0 22 0 
0 0 33 0 58 35 46 78 44 113 55 74 89 53 121 0 0 33 0 61 0 0 49 0 58 
0 0 16 0 227 0 0 17 0 201 0 0 29 0 189 0 0 30 0 198 0 0 26 0 201 
0 0 0 50 0 0 0 0 59 0 54 58 45 140 43 0 0 0 59 0 85 78 82 158 86 
104 0 0 102 0 136 0 0 127 0 116 0 0 110 0 112 0 0 143 0 109 0 0 120 0 
2 28 78 88 0 112 182 180 222 114 167 212 232 232 139 13 65 94 117 23 70 116 119 154 41 
118 146 144 114 254 0 0 0 0 93 0 0 0 0 90 24 34 37 24 123 0 0 0 0 91 
141 256 161 165 160 0 129 0 0 0 95 212 97 104 95 2 104 2 2 14 106 233 88 105 107 
160 147 90 85 91 87 53 0 0 0 96 53 3 4 10 76 51 0 0 0 85 68 0 0 0 
0 122 0 0 0 37 166 57 65 70 0 138 0 0 0 70 196 85 91 63 0 119 0 0 0 
0 0 0 0 0 0 0 0 0 0 0 0 0 1 0 0 0 0 0 0 446 421 464 450 419 
0 0 47 0 0 85 92 104 87 98 0 0 36 0 0 88 84 95 68 86 22 28 67 24 28 
8 15 16 17 53 0 0 0 0 36 85 84 72 72 100 0 0 0 0 34 69 100 80 80 108 
0 0 0 148 0 0 0 0 137 0 0 0 0 168 0 0 0 0 175 0 96 81 91 244 104 
0 61 0 33 72 0 64 0 36 75 0 55 0 33 91 1 59 0 31 73 19 77 25 55 113 
0 105 0 0 0 0 105 0 0 0 0 101 0 0 0 0 88 0 0 0 97 180 99 105 92 
0 0 0 11 0 81 59 83 79 74 43 11 49 36 52 0 0 0 12 0 96 83 108 116 97 
0 0 117 55 0 43 44 155 105 50 0 0 102 38 0 0 0 89 38 0 0 0 126 35 0 
58 0 0 0 0 126 62 61 76 69 99 20 18 20 15 131 47 45 52 41 58 0 0 0 0 
83 35 32 111 37 38 0 0 90 0 48 0 0 85 0 83 35 29 120 32 55 0 0 83 0 
0 0 61 43 0 0 0 52 43 0 101 97 144 132 97 0 0 61 47 0 0 0 66 42 0 
35 0 0 78 107 106 80 91 138 205 34 2 5 84 119 54 16 21 85 105 39 33 51 91 130 
4 5 50 99 10 0 0 55 81 0 61 38 115 140 61 27 44 72 139 43 0 0 49 89 0 
63 6 52 57 13 42 6 42 47 27 134 92 131 148 108 73 15 57 48 17 48 0 50 48 0 
39 0 53 0 55 38 0 56 0 51 26 0 65 0 69 88 49 103 64 103 30 0 55 0 53 
98 29 180 89 53 66 14 148 90 33 51 0 134 38 11 176 60 210 124 112 114 27 169 81 65 
13 69 154 27 109 147 210 316 150 267 38 112 211 49 183 0 50 156 0 112 108 158 255 124 221 
24 23 26 62 58 46 43 39 91 89 0 0 0 34 36 0 0 0 28 20 93 107 103 138 118 
18 31 0 83 0 29 47 0 103 0 76 72 39 128 53 24 37 0 103 0 40 33 0 80 0 
0 0 54 0 0 165 159 221 153 179 0 0 60 0 0 0 0 73 0 0 0 0 79 0 0 
11 5 0 0 65 13 0 0 0 60 61 58 46 38 122 24 21 13 10 63 81 103 88 89 111 
82 13 16 7 21 123 87 78 77 79 120 102 97 108 116 50 0 0 0 10 35 6 14 6 21 
18 92 65 15 29 0 81 61 5 5 0 67 39 0 17 0 72 47 5 12 43 116 93 38 76 
157 206 95 111 120 86 66 49 20 26 44 51 19 0 0 41 54 16 0 0 37 46 16 0 0 
95 0 0 10 0 84 0 0 0 0 99 0 0 17 0 100 0 0 0 0 124 16 23 26 29 
61 78 13 21 18 49 43 3 0 0 51 68 17 8 14 61 70 37 38 43 80 74 47 30 39 
34 72 38 67 27 0 61 11 42 15 0 50 7 44 18 0 43 13 31 12 39 104 64 97 77 
0 0 56 27 11 0 0 45 35 3 0 0 44 40 6 43 53 122 94 61 54 50 100 93 63 
29 38 24 22 29 0 0 0 0 0 71 59 57 62 55 0 0 0 0 0 120 107 99 114 110 
43 36 36 34 42 0 0 14 0 0 0 0 20 0 0 53 47 84 56 54 127 97 138 133 126 
34 42 96 47 53 7 7 60 13 15 56 54 124 53 50 0 0 47 0 0 0 3 55 16 0 
0 0 180 32 0 0 0 141 23 0 19 20 156 37 18 0 0 166 23 0 0 0 162 23 0 
45 83 0 0 0 87 113 42 39 34 87 145 28 16 9 95 155 51 47 53 39 80 0 0 0 
85 0 98 82 94 166 69 190 200 185 191 88 191 208 230 165 46 122 118 161 106 0 94 124 113 
112 145 78 70 90 14 57 3 0 0 99 177 84 70 70 40 85 36 21 26 28 73 0 0 0 
0 116 108 163 0 0 126 120 165 0 0 106 120 168 3 0 117 116 155 0 0 128 117 167 0 
17 0 0 163 0 9 0 0 122 0 107 80 110 227 96 12 0 0 118 0 22 0 1 119 0 
43 64 31 35 56 0 53 0 0 29 40 75 44 30 64 0 37 0 0 30 0 55 1 0 31 
135 153 52 96 99 182 255 98 110 177 140 180 82 117 119 87 117 16 34 64 247 307 124 164 171 
71 175 133 88 103 5 42 65 14 3 29 78 99 35 27 19 77 64 13 22 0 63 51 0 0 
3 26 18 8 95 14 40 37 9 140 13 22 15 2 83 78 103 93 65 213 30 61 47 39 138 
701 533 597 468 472 471 232 273 228 193 517 329 326 245 288 406 166 132 90 150 569 426 474 417 360 
121 85 0 4 0 210 192 91 100 100 83 111 0 0 0 116 107 24 20 18 70 71 0 0 0 
159 282 113 165 138 245 364 149 249 162 128 264 80 163 77 21 171 0 65 0 82 213 68 105 41 
0 0 0 0 55 0 0 0 0 56 0 0 0 0 71 0 0 0 0 59 153 168 156 165 202 
74 2 34 0 19 120 13 52 26 36 129 56 99 50 64 149 75 131 71 103 139 27 48 14 28 
150 0 0 54 0 156 0 0 54 0 141 0 0 40 0 168 0 0 46 0 149 0 0 41 0 
149 114 134 209 99 40 0 78 115 0 81 45 114 182 60 47 4 91 93 26 44 0 72 79 0 
68 110 100 205 164 0 11 5 105 54 0 20 6 82 58 0 16 15 93 64 32 44 33 116 63 
144 144 108 56 13 230 227 193 148 152 116 113 94 46 17 284 256 230 158 154 163 181 155 62 87 
58 130 51 57 53 0 55 0 0 0 6 80 3 5 4 0 64 0 0 0 76 154 62 76 65 
0 0 0 18 0 0 0 0 21 0 0 0 0 19 0 0 0 0 20 0 180 193 217 227 225 
33 0 0 23 34 107 86 77 93 93 36 0 0 20 33 34 2 0 14 39 42 0 0 6 26 
50 8 58 110 83 13 5 30 98 83 67 20 52 136 108 9 0 34 80 88 111 78 114 192 202 
0 82 58 0 74 0 76 68 0 81 0 90 57 0 59 0 78 77 0 77 0 90 72 0 69 
49 23 56 40 33 72 52 92 56 55 23 17 36 20 12 54 45 102 71 49 8 0 32 2 0 
86 0 0 0 57 67 0 0 0 50 87 0 0 0 60 73 0 0 0 52 200 97 87 108 164 
81 119 13 127 85 78 142 2 134 112 49 90 2 126 72 198 230 126 254 183 102 174 84 177 117 
84 99 106 84 72 11 42 44 14 10 0 14 50 0 0 63 74 92 53 52 23 34 63 22 16 
0 0 0 138 35 0 0 0 159 28 27 29 16 158 53 0 0 0 151 34 0 0 0 139 38 
0 0 0 142 12 146 126 121 308 159 0 0 0 160 14 115 116 110 244 106 0 0 0 126 8 
63 166 190 198 81 38 133 181 199 33 95 186 224 203 98 76 223 232 258 116 108 181 235 263 119 
0 0 0 1275 0 0 0 0 1263 0 0 0 0 1270 0 0 0 2 1330 0 0 0 0 1297 0 
186 0 0 0 0 178 0 15 3 12 166 0 0 0 0 183 0 0 0 0 158 0 0 0 0 
102 0 0 0 0 140 0 0 0 0 146 0 0 0 0 115 0 1 0 0 228 106 101 96 115 
293 31 119 33 27 236 0 29 4 0 465 125 184 136 153 506 252 418 286 281 316 49 116 74 66 
0 0 0 35 0 74 68 48 103 56 0 0 0 26 0 45 46 62 90 52 43 51 43 95 40 
7 37 0 0 0 4 58 15 0 18 1 51 0 0 11 0 23 0 0 16 0 38 9 0 18 
0 0 192 0 34 0 0 223 0 29 0 0 189 0 29 0 0 177 0 19 0 0 182 0 22 
93 20 91 0 0 109 14 94 0 0 118 10 93 0 0 115 7 86 0 0 108 13 96 0 0 
88 100 173 169 111 0 0 50 0 0 0 0 89 0 0 0 0 56 0 0 209 240 290 255 246 
61 26 28 67 73 40 0 0 29 56 56 0 0 26 39 55 0 0 36 38 89 43 44 77 83 
1 8 0 72 205 116 110 107 179 323 0 30 0 78 237 0 13 0 88 248 111 135 113 187 285 
0 0 1479 0 0 0 0 1499 0 0 0 0 1369 0 0 0 0 1503 0 0 0 0 1463 0 0 
