979 916 945 900 1004 1181 1178 1116 1111 1238 737 765 771 764 923 992 929 995 1023 1078 691 605 618 526 742 
197 147 185 166 160 0 0 0 0 0 140 88 127 108 113 0 0 0 0 0 0 0 0 0 0 
108 31 35 152 179 92 0 0 130 112 186 67 56 231 233 74 0 0 103 120 64 0 0 129 125 
213 27 75 27 56 138 0 0 0 0 329 73 100 97 112 348 152 266 172 175 262 56 106 73 88 
0 0 0 157 14 163 138 136 334 180 1 2 0 177 22 119 131 119 281 115 1 0 0 138 9 
147 36 80 112 3 123 4 77 72 0 116 23 76 80 17 120 0 51 100 0 265 161 236 259 160 
102 7 20 0 89 82 4 16 0 101 184 89 98 88 178 152 71 88 68 152 212 106 124 107 221 
0 0 0 0 0 0 0 0 0 0 1020 1030 977 1001 1041 0 0 0 0 0 0 0 0 0 0 
0 0 0 235 0 0 0 3 236 1 103 97 93 355 117 100 96 89 360 118 0 0 0 222 0 
12 10 14 207 5 0 0 0 219 0 36 46 33 207 32 0 0 0 186 0 3 8 5 201 3 
81 218 224 247 73 44 168 238 253 45 157 215 290 349 147 97 260 251 308 105 97 177 216 292 78 
0 0 0 0 0 0 0 0 0 0 0 0 0 0 0 52 62 66 65 74 162 162 152 182 154 
78 88 68 54 182 0 13 0 0 104 0 2 0 0 116 0 6 0 0 120 84 85 81 64 170 
149 162 163 166 168 0 0 0 0 0 0 0 0 0 0 0 0 0 0 0 89 83 65 68 92 
0 0 0 0 0 0 0 0 0 0 0 0 0 0 0 436 433 420 415 418 195 181 184 192 208 
0 193 0 0 80 0 164 0 0 93 112 305 133 117 190 0 180 0 0 91 0 207 0 0 73 
795 0 0 0 0 788 0 0 0 0 783 0 0 0 0 813 0 0 0 0 827 0 0 0 0 
6 6 181 167 171 76 20 229 191 239 114 99 297 256 251 191 205 403 367 342 136 95 283 243 307 
97 145 94 183 85 103 90 94 132 107 0 48 0 51 0 60 101 50 108 48 0 49 0 62 0 
42 9 24 8 26 151 124 127 127 131 37 1 0 0 17 25 0 0 0 24 162 134 129 145 169 
0 0 130 0 0 0 0 123 0 0 0 0 148 0 0 155 129 260 128 132 0 0 152 0 0 
0 69 47 54 0 0 91 50 47 0 37 106 99 110 38 0 81 48 52 0 0 81 65 49 0 
0 3 0 2 135 142 107 136 135 239 124 119 116 102 209 0 1 2 0 123 78 80 92 77 183 
0 0 0 0 0 0 0 0 0 0 0 0 0 0 0 981 1047 1052 1017 948 0 0 0 0 0 
0 19 60 155 0 0 19 58 130 0 0 22 53 162 0 0 19 58 159 0 0 18 56 162 0 
63 47 0 0 0 78 67 15 14 13 128 81 34 34 27 84 60 0 0 0 93 88 21 23 28 
54 83 54 111 110 6 32 14 51 52 10 33 17 59 60 0 32 0 41 49 0 29 0 47 51 
97 109 107 73 2 90 108 139 74 1 254 286 289 250 169 115 127 112 64 0 250 195 278 202 132 
82 18 25 103 20 75 0 0 113 0 212 150 140 225 123 71 0 0 99 0 112 38 45 168 31 
112 87 41 45 32 132 97 52 53 30 52 47 18 0 0 84 67 19 12 12 78 45 10 0 0 
0 0 157 71 0 0 0 183 61 0 0 0 221 61 0 0 0 200 54 0 0 0 178 54 0 
149 197 201 148 122 3 68 80 0 0 0 47 85 0 0 61 101 129 56 45 0 48 100 0 0 
64 51 68 67 59 96 117 105 117 99 23 40 45 35 39 0 0 0 0 0 0 0 0 0 0 
0 0 0 162 0 0 0 0 173 0 230 235 220 406 247 0 0 0 171 0 0 0 0 156 0 
0 0 0 0 0 158 153 183 158 157 0 0 0 0 0 0 0 0 0 0 74 60 74 66 87 
91 3 0 55 40 112 23 40 90 78 177 58 83 128 124 69 0 0 59 25 162 53 67 127 99 
0 75 0 0 0 0 72 0 0 0 0 57 0 0 0 99 135 71 108 72 46 116 40 44 44 
0 0 106 0 0 94 98 199 115 119 0 0 106 0 0 7 12 105 5 8 13 13 93 9 17 
244 213 195 262 125 110 84 68 101 0 74 93 63 89 0 257 229 162 264 120 137 128 79 147 0 
0 0 0 0 0 36 46 30 26 23 0 0 0 0 0 71 81 79 82 109 121 114 117 116 151 
0 222 0 201 0 0 176 0 195 0 7 203 7 198 0 0 186 0 192 0 0 198 0 206 0 
0 34 0 103 0 0 48 0 114 0 0 43 0 108 0 53 114 59 171 57 0 51 0 98 0 
0 0 0 0 70 80 68 77 57 130 82 72 68 79 120 0 0 0 0 74 0 0 0 0 78 
58 288 286 13 227 36 203 210 2 171 63 266 263 35 232 148 339 273 106 261 184 316 276 133 266 
0 48 37 0 87 21 65 50 17 98 30 101 93 41 91 0 66 29 0 73 0 61 28 0 87 
126 113 142 145 131 16 0 0 39 0 15 0 0 47 0 22 0 0 44 0 104 76 72 124 92 
27 0 0 53 64 67 41 38 82 113 18 0 0 55 60 34 9 14 51 54 27 25 28 66 70 
107 0 102 0 0 98 0 107 0 0 167 70 157 69 84 138 21 104 15 15 93 0 102 0 0 
0 18 81 0 96 0 12 69 0 107 0 16 74 0 106 0 14 91 0 133 0 13 69 0 101 
20 52 137 68 17 53 81 149 103 37 0 41 125 33 0 39 80 161 99 47 0 26 110 49 0 
0 63 0 0 0 0 73 0 0 0 114 216 102 131 119 0 85 0 0 0 14 85 20 26 26 
0 0 0 71 0 61 64 51 123 81 0 0 0 70 0 0 0 0 80 0 71 63 57 147 61 
49 0 92 48 0 57 0 109 53 0 59 0 93 50 0 46 0 102 54 0 44 0 98 46 0 
77 46 0 29 0 103 73 16 46 24 92 86 0 25 0 109 53 0 41 0 87 58 0 33 0 
0 0 0 0 24 184 166 186 190 204 0 0 0 0 30 0 0 0 0 33 0 0 0 0 34 
89 46 55 108 77 57 37 49 96 67 24 0 0 52 9 27 0 0 48 11 36 9 8 55 26 
29 55 8 6 9 16 48 0 0 0 21 73 0 0 0 125 160 123 115 111 27 73 0 0 0 
0 0 0 20 0 186 170 197 198 164 0 0 0 23 0 0 0 0 22 0 0 0 0 18 0 
92 99 157 171 105 0 0 62 75 0 0 0 77 69 0 0 0 77 69 0 0 0 64 70 0 
64 57 59 48 70 41 0 0 0 11 78 62 48 48 74 30 0 0 0 24 93 50 45 50 61 
0 0 25 0 68 9 5 36 11 88 0 0 34 0 68 10 7 43 8 95 81 73 114 64 153 
603 610 618 652 599 0 0 0 0 0 0 0 0 0 0 0 0 0 0 0 0 0 0 0 0 
58 110 142 71 73 30 82 105 29 26 0 36 74 0 0 0 40 75 0 0 0 44 69 0 0 
0 0 110 0 0 0 0 91 0 0 76 114 207 112 101 0 0 85 0 0 0 0 103 0 0 
104 129 42 59 145 38 43 0 0 89 46 65 0 0 69 43 47 0 0 74 67 43 0 0 78 
0 47 0 0 0 36 91 35 26 49 0 51 0 3 0 0 49 0 22 0 4 41 2 17 0 
9 7 99 5 12 0 0 87 0 0 0 0 83 0 0 36 39 120 27 29 75 78 150 59 85 
0 0 0 51 75 88 80 63 117 163 0 0 0 48 73 0 0 0 36 84 0 0 0 47 73 
94 165 78 73 84 22 106 0 0 0 30 114 7 8 9 22 75 0 0 0 25 80 1 3 0 
77 35 104 54 108 20 0 45 14 66 22 0 48 11 82 22 0 58 13 65 15 0 42 13 69 
80 0 5 0 2 92 0 2 0 0 124 61 70 62 82 125 39 56 28 29 167 95 101 100 92 
62 32 114 46 47 32 0 81 0 0 29 0 77 0 0 26 0 70 0 5 81 42 117 46 47 
0 45 0 0 5 27 61 32 53 41 27 69 29 24 25 28 68 39 53 32 0 24 0 2 0 
89 78 97 50 61 35 29 33 0 12 58 69 60 28 44 46 27 38 0 13 34 30 39 0 10 
0 60 67 0 0 10 78 67 17 13 21 104 80 20 21 32 109 66 39 40 0 61 57 0 0 
58 101 57 52 49 37 109 36 41 33 19 84 21 21 31 28 64 28 29 31 0 66 0 0 0 
21 0 79 0 37 58 43 114 37 76 23 0 77 0 16 27 0 87 0 7 30 0 91 0 16 
0 2061 0 0 0 0 2110 0 0 0 0 1982 0 0 0 0 2070 0 0 0 0 1980 0 0 0 
28 154 101 18 14 94 204 176 92 64 9 132 118 7 0 66 219 183 105 55 7 133 90 3 0 
73 120 85 0 0 47 127 101 0 0 77 110 105 0 0 62 127 94 0 0 57 122 106 0 0 
8 124 0 112 0 120 215 113 242 129 118 212 82 235 86 0 121 0 149 0 2 125 0 120 0 
101 154 7 178 119 111 185 15 221 132 69 101 0 202 101 261 289 182 343 237 134 273 111 277 211 
0 0 0 0 0 1251 1211 1211 1169 1238 0 0 0 0 0 0 0 0 0 0 0 0 0 0 0 
0 0 80 125 0 0 0 76 106 0 0 0 81 127 0 0 0 81 125 0 0 0 72 129 0 
171 62 66 118 42 181 69 69 125 69 112 0 0 52 0 107 0 0 41 0 126 0 0 52 0 
0 138 0 0 104 0 185 0 0 87 0 196 0 0 103 0 149 0 0 88 0 171 0 0 122 
120 246 87 192 98 117 267 79 148 58 275 365 208 272 153 172 302 129 170 109 247 455 250 276 204 
52 48 223 201 91 6 0 136 93 28 95 93 204 260 107 8 0 91 102 30 28 32 163 149 47 
157 105 126 158 264 0 16 0 0 144 8 14 6 1 143 218 229 196 196 380 235 251 248 242 389 
0 70 0 0 0 0 57 0 0 0 0 71 0 0 0 7 71 5 7 3 182 220 175 160 166 
59 26 40 13 47 50 17 32 0 46 46 15 40 0 34 72 16 37 0 53 133 123 109 93 136 
213 78 0 102 0 205 65 0 103 0 211 59 0 108 0 190 68 0 109 0 207 65 0 115 0 
49 13 1 34 41 123 95 83 107 108 55 12 0 35 42 43 5 0 25 45 54 11 0 30 35 
56 0 0 0 0 62 0 0 0 0 64 0 0 0 0 206 135 147 148 142 53 0 0 0 0 
57 187 179 118 43 77 191 172 113 37 74 175 162 96 54 52 137 158 81 6 41 184 205 90 27 
73 2 8 50 22 109 72 57 110 68 88 62 61 77 71 64 28 23 60 32 58 0 2 25 13 
122 126 148 89 187 0 0 7 0 45 65 84 78 63 124 0 0 22 0 61 0 0 14 0 68 
35 51 0 64 0 109 144 60 94 47 57 56 26 89 31 39 43 0 46 0 32 33 0 58 0 
63 77 65 79 121 71 74 56 59 82 0 24 0 0 42 0 18 0 0 28 54 67 46 44 76 
0 80 0 0 0 35 166 43 48 36 38 147 36 36 35 28 128 28 28 42 51 142 55 39 59 
32 12 42 35 0 111 84 130 123 67 45 23 57 40 0 55 9 45 40 0 46 22 41 42 0 
2 13 0 96 233 138 157 138 255 376 2 37 0 112 277 0 22 0 97 277 131 166 132 210 352 
12 21 100 9 223 5 0 75 6 169 111 106 176 121 275 139 145 238 174 343 1 4 73 2 186 
154 0 0 0 0 144 0 0 0 0 230 85 108 109 109 130 0 0 0 0 137 0 0 0 0 
0 0 0 0 835 0 0 0 0 797 0 0 0 0 851 0 0 0 0 838 0 0 0 0 794 
131 117 0 187 75 141 133 4 158 114 194 217 55 217 141 140 133 12 203 117 123 155 0 177 72 
112 0 0 0 0 215 84 74 76 64 133 0 0 0 0 131 0 0 0 0 125 0 0 0 0 
48 23 58 41 32 76 57 101 55 54 24 22 37 21 13 60 44 112 69 52 9 0 34 1 0 
0 21 0 157 0 33 59 47 196 32 0 18 0 137 0 0 16 0 145 0 0 21 0 169 0 
78 49 78 135 156 47 0 72 54 55 29 1 69 75 64 99 67 123 126 134 0 0 44 62 41 
42 48 55 128 106 28 21 31 81 74 0 0 0 76 55 0 0 0 47 50 7 10 9 74 53 
0 8 58 0 0 74 84 162 83 81 0 11 65 0 0 52 66 151 44 55 0 5 58 0 0 
224 17 207 0 0 234 13 195 0 0 231 15 200 5 0 197 7 201 0 0 234 31 193 11 11 
0 0 0 0 0 70 51 67 62 69 0 0 0 0 0 138 117 135 140 133 0 0 0 0 0 
305 122 340 152 221 355 210 459 243 280 355 182 421 250 268 210 41 249 107 127 241 93 333 105 131 
71 162 70 89 70 0 95 0 28 0 19 138 31 34 27 0 112 0 17 0 0 84 0 22 0 
0 0 0 17 0 0 0 0 21 0 0 0 0 19 0 0 0 0 20 0 169 185 210 214 208 
0 0 34 0 62 37 45 79 51 118 58 73 95 54 127 0 0 33 0 67 0 0 52 0 60 
0 0 16 0 191 0 0 16 0 181 0 0 28 0 168 0 0 25 0 182 0 0 23 0 189 
0 0 0 50 0 0 0 0 59 0 54 59 45 140 45 0 0 0 59 0 85 78 82 158 86 
100 0 0 107 0 118 0 0 122 0 110 0 0 96 0 104 0 0 131 0 111 0 0 127 0 
12 53 42 56 3 98 178 143 149 116 166 236 205 208 157 8 42 63 85 31 76 99 94 120 63 
112 141 126 119 221 0 0 0 0 83 0 0 0 0 76 22 25 33 26 118 0 0 0 0 83 
103 210 99 99 93 0 103 0 0 0 29 156 26 45 30 2 110 0 0 0 133 269 113 124 119 
136 126 76 78 78 76 45 0 0 0 85 47 4 4 8 63 47 0 0 0 71 57 0 0 0 
0 105 0 0 0 33 153 44 48 60 0 119 0 0 0 59 188 76 72 57 0 111 0 0 0 
92 0 0 0 0 117 0 0 0 0 122 0 0 0 0 102 0 0 0 0 206 88 85 89 99 
0 0 0 0 0 0 0 0 0 0 0 0 0 0 0 0 0 0 0 0 437 407 451 438 402 
0 0 37 0 0 79 84 94 81 96 0 0 31 0 0 79 77 88 61 86 19 25 65 21 28 
8 15 16 16 50 0 0 0 0 32 80 79 70 68 98 0 0 0 0 31 67 97 78 75 104 
0 0 0 127 0 0 0 0 111 0 0 0 0 135 0 0 0 0 139 0 72 71 76 190 79 
1 50 0 34 55 3 36 0 39 62 1 24 0 36 71 0 41 0 32 64 19 45 24 56 93 
71 0 0 0 33 60 0 0 0 25 78 0 0 0 29 62 0 0 0 24 161 83 72 84 106 
0 112 0 0 0 0 108 0 0 0 0 106 0 0 0 0 96 0 0 0 97 185 99 105 92 
23 67 34 64 43 45 63 53 41 56 50 44 43 41 43 0 11 0 9 0 87 111 79 83 79 
0 0 117 55 0 43 45 155 106 50 0 0 102 39 0 0 0 89 37 0 0 0 126 35 0 
18 49 22 1 37 4 66 18 0 20 5 51 4 0 33 44 74 41 41 69 0 39 6 0 31 
57 0 0 0 0 126 62 61 75 69 95 19 18 20 15 130 47 46 52 41 58 0 0 0 0 
195 0 0 0 0 197 13 18 17 20 178 0 0 0 0 196 0 0 0 0 166 0 0 0 0 
83 35 33 111 35 38 0 0 91 0 48 0 0 85 0 83 35 29 119 31 55 0 0 83 0 
0 0 0 29 0 40 38 42 70 29 29 25 30 47 25 0 0 0 24 0 48 53 55 98 58 
0 0 63 42 0 0 0 55 43 0 101 99 149 132 97 0 0 62 47 0 0 0 67 42 0 
79 11 59 145 128 41 12 44 129 113 77 27 57 158 133 34 0 33 106 107 148 89 129 224 248 
2 8 69 125 9 0 0 63 102 0 56 39 137 161 55 35 52 81 149 48 0 0 59 107 0 
51 7 40 45 12 37 6 36 41 19 114 68 106 102 82 65 15 41 44 15 45 0 43 44 2 
50 0 66 0 66 43 0 69 0 56 30 0 81 0 92 98 60 122 72 140 32 0 64 0 75 
99 52 154 66 59 85 22 158 71 35 48 0 89 0 1 150 75 196 97 90 126 45 177 78 70 
8 126 160 34 151 155 262 324 148 303 41 143 195 50 215 0 74 166 5 138 106 166 257 136 256 
24 24 35 72 68 45 56 38 98 84 0 0 0 37 37 0 0 0 26 23 104 122 113 161 129 
19 41 0 102 0 31 55 0 131 0 99 88 50 158 58 29 40 0 120 0 58 41 0 104 0 
0 0 50 0 0 149 133 190 133 158 0 0 56 0 0 0 0 66 0 0 0 0 63 0 0 
51 76 57 76 45 15 18 0 25 0 77 103 56 111 43 15 54 5 42 6 58 72 68 96 26 
11 7 0 0 65 12 2 0 0 52 54 55 44 39 114 19 23 14 11 68 80 102 84 77 114 
63 11 11 6 22 93 70 71 73 72 104 79 89 97 93 46 0 5 0 14 40 12 14 7 23 
23 109 75 20 30 0 94 70 8 7 0 77 47 0 22 0 90 53 8 13 51 137 111 42 86 
124 160 84 84 84 60 57 37 18 18 35 51 15 0 0 34 42 13 0 0 27 38 13 0 0 
0 69 55 0 68 0 70 64 0 73 0 79 54 0 55 0 66 64 0 69 0 84 68 0 67 
95 0 0 72 0 83 0 0 61 0 99 0 0 76 0 100 0 0 54 0 122 15 23 97 29 
67 128 75 75 80 0 63 0 0 0 39 103 43 39 37 0 55 0 0 0 30 77 27 30 30 
68 80 15 22 20 48 44 0 0 2 50 68 17 9 15 63 70 33 37 46 81 75 48 30 44 
38 75 43 70 29 0 62 11 41 14 0 51 11 46 19 0 43 14 31 13 38 103 63 97 78 
0 0 57 33 10 0 0 56 37 2 0 0 49 46 6 48 61 134 105 64 60 55 112 108 69 
29 38 26 22 31 0 0 0 0 0 71 59 57 62 55 0 0 0 0 0 120 107 99 114 109 
42 37 44 33 44 0 0 18 0 0 0 0 29 0 0 55 49 97 67 52 139 109 152 154 137 
38 45 98 53 46 5 7 55 12 16 56 47 125 46 47 0 0 50 0 0 0 0 45 21 0 
0 0 178 32 0 0 0 140 22 0 19 20 152 35 18 0 0 162 19 0 0 0 161 23 0 
43 70 0 0 0 66 93 38 30 29 67 108 17 13 8 79 118 37 37 41 37 65 0 0 0 
72 0 81 87 96 140 65 171 166 168 165 87 176 194 208 149 49 116 124 159 96 3 93 133 114 
100 139 77 66 77 13 56 3 0 0 84 162 72 59 68 49 80 35 20 14 25 63 0 0 0 
0 122 112 161 0 0 133 125 163 0 0 115 123 172 0 0 118 120 165 0 0 132 121 170 0 
0 0 0 140 35 0 0 0 157 28 27 29 16 157 51 0 0 0 148 34 0 0 0 138 38 
26 0 0 165 0 9 0 0 130 0 112 76 119 235 116 28 0 0 121 0 28 0 0 129 0 
58 76 48 40 59 1 55 7 0 32 49 81 43 40 64 6 39 0 0 30 0 58 0 0 30 
108 117 8 34 77 170 173 70 70 154 124 125 49 55 80 75 65 0 22 43 164 205 79 102 112 
88 200 157 108 110 8 50 80 13 3 45 100 123 38 46 28 90 74 10 39 0 70 48 0 0 
12 30 19 13 82 17 32 30 11 117 9 20 15 12 62 71 94 72 56 172 33 45 41 37 111 
0 0 227 0 36 0 0 233 0 32 0 0 215 0 27 0 0 206 0 26 0 0 191 0 32 
757 507 617 416 526 476 198 312 166 237 495 318 373 240 290 395 212 189 27 160 569 385 469 344 436 
104 74 6 3 1 196 167 84 92 87 110 107 0 0 0 117 122 30 18 19 92 76 0 0 0 
168 295 122 160 133 264 383 164 264 190 149 262 95 159 84 48 178 2 51 0 91 206 55 107 20 
25 0 32 93 0 26 0 22 63 0 88 54 75 93 30 107 64 91 135 74 37 0 32 57 0 
0 0 0 0 57 0 0 0 0 68 0 0 0 0 75 0 0 0 0 68 161 194 181 184 240 
89 7 51 0 19 161 15 72 31 31 165 63 121 60 72 195 109 164 99 125 153 35 62 19 30 
58 37 116 113 38 0 0 80 112 0 49 55 139 129 49 0 0 92 106 0 0 0 86 80 0 
150 0 0 54 0 156 0 0 55 0 141 0 0 40 0 167 0 0 46 0 149 0 0 41 0 
0 0 0 0 0 0 0 0 0 0 0 1 0 0 0 0 0 0 0 0 0 0 20 0 33 
132 117 141 245 139 33 2 59 141 0 54 41 112 190 61 27 8 86 105 22 30 0 66 97 0 
62 25 27 67 74 38 0 0 27 56 56 0 0 21 35 53 0 0 34 36 81 43 47 77 83 
0 0 51 57 0 82 52 109 105 69 0 0 49 36 0 65 59 118 90 49 50 45 86 79 29 
0 0 0 33 0 75 64 49 103 55 0 0 0 24 0 44 47 61 89 47 43 50 44 97 38 
55 101 76 142 134 0 9 4 75 41 0 13 4 50 51 0 10 9 69 45 27 42 25 92 53 
130 101 78 82 31 179 157 151 151 123 99 80 53 57 9 234 189 197 169 151 165 153 150 107 91 
58 66 107 109 69 0 0 34 0 0 0 0 58 0 0 0 0 46 0 0 140 174 203 184 155 
0 0 0 1170 0 0 0 0 1173 0 0 0 0 1177 0 0 1 3 1258 4 0 0 0 1189 0 
0 0 1442 0 0 0 0 1467 0 0 0 0 1342 0 0 0 0 1461 0 0 0 0 1435 0 0 
