719 703 523 586 664 1080 1064 962 995 967 605 584 416 586 635 903 878 819 875 936 513 459 389 355 528 
245 184 240 240 209 0 3 0 0 0 141 124 145 125 137 2 0 0 0 0 0 0 0 0 0 
112 58 30 223 211 80 0 0 143 157 149 40 18 196 204 69 0 0 116 131 74 1 0 138 137 
182 0 149 150 194 234 27 224 246 271 356 157 356 369 409 266 38 198 243 238 190 0 140 199 158 
148 32 86 108 27 121 16 85 83 2 116 17 67 89 12 131 14 47 113 0 274 197 259 305 178 
121 7 24 0 102 96 7 17 0 115 203 107 117 83 195 195 90 115 90 185 241 125 133 119 265 
0 0 0 0 0 0 0 0 0 0 1036 1061 996 1020 1063 0 0 0 0 0 0 0 0 0 0 
0 0 0 262 0 1 0 2 248 2 106 103 99 372 118 118 98 89 396 125 0 0 0 267 0 
13 7 13 179 0 0 0 0 179 0 35 48 35 177 26 0 0 0 155 0 2 6 2 187 1 
0 0 0 0 0 0 0 0 0 0 0 0 0 1 0 88 80 76 93 97 224 214 204 260 190 
75 82 56 49 147 0 9 0 0 98 0 3 0 0 96 0 5 0 0 100 74 74 77 60 158 
152 157 167 177 169 0 0 0 0 0 0 0 0 0 0 0 0 0 0 0 90 85 77 81 92 
0 0 0 0 0 0 0 0 0 0 0 0 0 0 0 415 419 411 389 402 166 161 156 161 186 
0 223 0 0 96 0 195 0 0 102 137 366 166 147 228 0 201 0 0 111 0 226 0 0 89 
812 0 0 0 0 799 0 0 0 0 792 0 0 0 0 819 0 0 0 0 834 0 0 0 0 
13 5 213 159 180 63 37 253 211 275 98 107 309 271 293 199 212 426 356 372 107 79 278 237 319 
84 126 83 147 60 64 78 66 108 74 0 51 0 49 0 46 85 44 85 42 0 49 0 44 0 
27 6 13 11 16 167 112 125 113 137 35 0 1 0 23 27 0 0 0 30 144 132 117 130 157 
0 0 155 0 0 0 0 150 0 0 0 0 168 0 0 181 156 275 149 150 0 0 152 0 0 
0 95 53 75 0 0 110 56 72 0 61 146 126 146 55 0 97 66 69 0 0 110 77 62 0 
1 4 0 7 154 143 110 121 145 249 121 121 105 112 224 0 3 0 0 127 71 84 84 96 194 
0 0 0 0 0 0 0 0 0 0 0 0 0 0 0 1017 1077 1091 1056 987 0 0 0 0 0 
0 21 57 151 0 0 17 64 149 0 0 22 53 175 1 0 20 59 167 0 0 17 62 157 0 
70 115 69 163 149 6 49 21 63 70 18 50 25 81 89 0 42 0 58 55 0 36 0 59 65 
108 145 133 97 4 112 154 188 102 3 309 313 369 321 234 117 143 173 101 2 269 249 340 258 131 
54 10 12 92 11 71 0 0 126 0 210 152 138 235 134 56 0 0 103 0 91 39 38 162 29 
103 77 39 41 30 123 87 42 54 29 51 45 13 0 0 76 66 17 11 11 72 46 9 0 0 
0 0 238 111 0 0 0 249 87 0 0 0 322 107 0 0 0 278 86 0 0 0 238 75 0 
111 143 143 101 90 0 50 60 0 0 0 43 51 0 0 33 65 92 32 33 0 42 87 0 0 
73 57 80 82 62 117 139 119 139 121 24 46 42 40 46 0 0 0 0 0 0 0 0 0 0 
0 0 0 165 0 0 0 0 174 0 216 211 206 396 221 0 0 0 170 0 0 0 0 155 0 
0 0 0 0 0 146 137 188 146 145 0 0 0 0 0 0 0 0 0 0 75 56 70 63 79 
109 1 7 70 37 142 48 64 132 93 245 90 100 169 167 95 0 0 71 41 218 82 88 170 126 
0 78 0 0 0 0 81 0 0 0 0 62 0 0 0 110 146 77 117 78 51 125 44 48 50 
0 0 95 0 0 85 85 176 105 104 0 0 92 0 0 7 9 97 4 8 14 13 82 9 15 
238 201 193 252 103 117 86 65 115 0 80 83 60 87 0 248 218 145 250 96 123 120 81 136 0 
0 235 0 225 0 0 207 0 222 0 10 231 7 220 4 0 209 0 214 0 0 231 0 236 0 
0 38 0 122 0 0 52 0 134 0 0 50 0 144 0 66 144 77 204 73 0 57 0 129 0 
0 0 0 0 88 98 77 87 71 154 96 84 88 97 151 0 0 0 0 82 0 0 0 0 95 
74 295 310 58 193 23 194 271 14 133 65 251 305 71 201 96 299 296 94 214 197 331 365 154 258 
0 63 45 0 96 25 79 53 17 111 32 100 100 50 106 0 64 30 0 75 0 67 35 0 83 
146 100 128 146 148 20 0 0 44 0 15 0 0 44 0 19 0 0 70 0 116 75 70 126 101 
69 0 65 0 0 63 0 74 0 0 113 53 107 48 50 99 16 78 13 12 66 0 73 0 0 
0 19 91 0 101 0 12 73 0 113 0 19 79 0 115 0 15 103 0 148 0 14 71 0 118 
11 53 125 65 16 40 60 125 81 37 0 38 102 31 0 31 73 134 96 36 0 21 97 50 0 
0 75 0 0 0 0 81 0 0 0 148 258 134 149 143 0 106 0 0 0 14 99 18 26 34 
0 0 0 86 0 71 81 60 146 93 0 0 0 88 0 0 0 0 89 0 88 80 75 175 77 
49 0 91 48 0 57 0 109 53 0 59 0 93 50 0 46 0 102 54 0 44 0 98 46 0 
86 59 0 32 0 110 84 17 52 26 102 94 0 31 0 118 61 0 43 0 94 61 0 36 0 
0 0 0 0 43 246 243 254 258 284 0 0 0 0 58 0 0 0 0 56 0 0 0 0 56 
109 54 65 126 87 69 49 56 117 87 29 0 0 54 6 36 0 0 61 18 42 11 9 62 29 
29 64 8 4 10 17 53 0 0 0 23 84 0 0 0 135 173 132 127 121 27 79 0 0 0 
0 0 0 21 0 186 170 197 198 164 0 0 0 23 0 0 0 0 22 0 0 0 0 19 0 
81 94 157 158 104 0 0 61 71 0 0 0 77 68 0 0 0 83 62 0 0 0 71 78 0 
75 64 69 54 82 47 0 0 0 14 98 75 52 50 78 35 0 0 0 25 107 57 56 56 70 
0 0 31 0 89 11 8 53 14 108 0 0 49 0 93 12 7 56 11 118 102 107 158 83 211 
63 124 160 69 80 30 89 111 28 29 0 37 79 0 0 0 45 84 0 0 0 42 70 0 0 
0 0 120 0 0 0 0 93 0 0 78 119 231 119 111 0 0 91 0 0 0 0 107 0 0 
103 118 34 56 138 48 45 0 0 86 42 64 0 0 73 44 44 0 0 84 57 48 0 0 81 
0 48 0 15 8 45 102 42 56 63 0 58 0 16 1 0 54 0 26 10 14 46 8 36 24 
10 11 116 6 13 0 0 101 0 0 0 0 101 0 0 45 49 138 32 40 81 85 181 70 103 
0 0 0 51 75 87 81 63 117 163 0 0 0 49 73 0 0 0 35 83 0 0 0 47 73 
94 165 78 73 84 22 106 0 0 0 30 115 7 7 9 22 75 0 0 0 24 80 3 2 0 
72 37 101 51 101 21 0 44 10 54 21 0 39 0 72 20 0 58 0 54 0 0 35 0 53 
47 0 13 0 4 81 6 3 0 0 77 50 47 47 72 82 6 0 7 1 131 76 89 85 65 
42 34 118 44 46 14 0 81 0 0 0 0 77 0 0 1 0 70 0 0 58 34 112 32 23 
0 61 67 0 0 3 69 44 0 0 21 102 77 21 20 31 109 63 40 42 0 62 50 0 0 
14 0 85 0 33 47 43 120 39 71 10 0 74 0 19 0 0 86 0 28 15 0 87 0 18 
0 2162 0 0 0 0 2238 0 0 0 0 2103 0 0 0 0 2177 0 0 0 0 2103 0 0 0 
21 79 82 13 12 71 162 154 78 53 7 97 90 6 0 29 142 111 79 34 6 98 70 3 0 
63 122 99 0 0 54 125 124 0 0 74 130 123 0 0 76 123 114 0 0 60 123 119 0 0 
0 76 0 105 0 76 132 60 160 81 58 128 31 143 42 0 68 0 101 0 0 90 0 92 0 
0 0 0 0 0 1281 1245 1241 1207 1266 0 0 0 0 0 0 0 0 0 0 0 0 0 0 0 
0 0 80 125 0 0 0 76 109 0 0 0 81 128 0 0 0 81 127 0 0 0 73 131 0 
147 48 51 88 50 152 60 48 111 64 80 0 0 37 0 83 0 0 37 0 83 0 0 45 0 
0 135 0 0 92 0 156 0 0 90 0 169 0 0 89 0 141 0 0 76 0 149 0 0 103 
241 293 192 230 111 167 263 141 132 31 289 378 241 280 120 286 386 276 255 157 226 337 253 238 129 
117 94 306 297 94 0 0 210 188 5 125 109 298 319 102 0 0 177 194 5 22 16 211 199 24 
138 113 113 139 237 10 19 4 4 156 13 17 10 5 155 202 202 158 171 334 228 246 225 218 362 
0 122 0 0 0 0 99 0 0 0 0 115 0 0 0 7 109 4 9 4 259 357 273 254 258 
49 26 41 12 41 40 12 28 0 38 40 13 33 0 27 63 14 27 0 43 109 109 93 79 119 
200 63 0 97 0 205 60 0 102 0 200 38 0 104 0 186 55 0 102 0 206 50 0 113 0 
0 0 1436 0 0 0 0 1458 0 0 0 0 1365 0 0 0 0 1477 0 0 0 0 1442 0 0 
63 1 8 40 22 88 59 45 102 57 90 63 62 74 74 62 25 18 66 32 64 0 0 29 13 
110 117 124 81 181 0 0 6 0 48 53 75 68 61 112 0 0 19 0 53 0 0 11 0 62 
51 103 0 138 0 175 212 101 257 95 157 153 101 262 110 59 86 0 127 0 44 72 0 120 0 
87 88 73 91 145 87 88 71 71 110 0 26 0 0 51 1 23 0 0 29 59 83 61 50 110 
0 70 0 0 0 37 135 41 32 33 37 153 35 37 32 24 122 28 28 34 41 132 40 38 46 
31 10 39 32 0 102 71 111 111 62 42 21 43 35 0 45 9 44 35 0 40 19 36 38 0 
148 0 0 0 0 127 0 0 0 0 214 79 109 104 103 118 0 0 0 0 134 0 0 0 0 
0 0 0 0 835 0 0 0 0 790 0 0 0 0 839 0 0 0 0 830 0 0 0 0 781 
61 112 75 176 165 0 12 8 97 58 0 13 5 65 57 0 16 12 96 58 34 47 38 112 71 
130 0 0 0 0 254 100 89 83 78 158 0 0 0 0 149 0 0 0 0 156 0 0 0 0 
0 0 0 0 0 72 55 71 64 71 0 0 0 0 0 140 116 137 141 135 0 0 0 0 0 
0 22 0 149 0 39 62 51 197 33 0 19 0 141 0 0 16 0 142 0 0 20 0 165 0 
145 45 125 106 150 98 0 78 22 59 106 9 115 67 87 199 111 164 108 176 83 0 41 31 63 
56 63 69 160 135 32 23 36 104 83 0 0 0 87 62 0 0 0 58 59 8 12 11 98 66 
0 10 85 0 0 102 136 217 106 118 0 12 110 0 0 87 99 229 65 83 0 7 83 0 0 
201 6 192 0 0 203 3 172 0 0 204 6 194 4 1 182 1 188 0 0 214 19 186 10 10 
328 137 345 123 207 382 204 423 159 267 354 185 401 185 248 199 18 203 28 119 187 61 239 16 124 
69 166 76 89 69 0 91 0 30 0 18 141 29 38 28 0 111 0 19 0 0 79 0 23 0 
0 0 32 0 58 35 46 78 44 113 55 74 89 53 121 0 0 31 0 61 0 0 49 0 58 
0 0 21 0 210 0 0 16 0 199 0 0 31 0 179 0 0 26 0 199 0 0 27 0 219 
0 0 0 61 0 0 0 0 65 0 65 66 50 163 48 0 0 0 73 0 106 85 99 185 104 
110 0 0 118 0 138 0 0 138 0 138 0 0 119 0 124 0 0 134 0 139 0 0 136 0 
14 43 80 77 10 118 183 196 181 130 179 214 244 221 152 24 81 116 110 25 89 121 130 143 57 
100 126 112 108 209 0 0 0 0 73 0 0 0 0 73 22 24 27 20 102 0 0 0 0 79 
108 200 118 105 114 0 111 0 0 0 65 172 73 79 69 2 108 4 0 5 80 185 75 74 87 
164 143 91 94 95 90 51 0 0 0 93 55 4 9 7 78 53 0 0 0 72 65 0 0 0 
0 122 0 0 1 37 183 66 64 65 0 138 0 0 0 66 206 87 95 70 0 114 0 0 0 
0 0 0 0 0 0 0 0 0 0 0 0 0 0 0 0 0 0 0 0 448 416 451 439 395 
0 0 37 0 0 73 78 92 74 86 0 0 31 0 0 76 75 85 59 79 19 23 59 21 25 
9 15 19 22 58 0 0 0 0 42 93 93 82 85 120 0 0 0 0 37 77 112 92 87 125 
0 0 0 137 0 0 0 0 132 0 0 0 0 147 0 0 0 0 155 0 80 77 84 207 96 
0 75 0 38 83 0 78 0 43 92 1 69 0 46 110 2 64 0 34 92 23 87 30 64 124 
0 23 0 15 0 85 105 84 71 84 85 86 79 76 79 0 22 0 10 0 119 152 120 147 110 
0 0 117 55 0 43 45 155 106 50 0 0 102 39 0 0 0 89 38 0 0 0 126 35 0 
59 0 0 0 0 126 62 61 76 69 99 20 18 20 15 131 47 46 52 41 58 0 0 0 0 
80 34 30 109 37 39 0 0 90 0 48 0 0 85 0 82 35 30 119 32 55 0 0 82 0 
0 0 13 18 0 0 0 7 31 0 96 93 80 107 95 0 0 3 27 0 0 0 19 31 0 
3 6 49 104 6 0 0 45 75 0 49 32 108 122 53 28 41 75 119 35 0 0 46 77 0 
40 0 38 40 9 34 2 32 37 15 107 62 104 90 70 57 12 36 41 15 43 0 37 37 0 
44 0 61 0 67 43 0 59 0 59 28 0 77 0 81 114 61 121 68 112 34 0 68 0 63 
91 39 160 77 41 68 1 158 76 17 57 0 127 15 3 159 66 208 123 94 107 33 190 80 50 
17 109 169 38 134 126 210 300 114 260 25 140 225 51 191 0 59 180 3 123 87 158 236 93 217 
20 21 22 63 56 43 44 41 81 78 0 0 0 32 29 0 0 0 22 19 87 97 101 133 109 
19 32 0 85 0 29 48 0 107 0 79 75 41 138 54 25 36 0 108 0 40 35 0 86 0 
0 0 53 0 0 162 144 216 153 179 0 0 61 0 0 1 0 70 0 0 0 0 72 0 0 
72 9 10 2 18 103 73 73 83 75 106 89 97 106 88 44 0 7 0 14 34 10 12 6 22 
19 129 95 15 38 1 102 75 7 9 0 88 44 0 25 0 102 72 6 17 49 150 108 42 82 
160 207 111 109 114 86 72 46 24 27 43 55 22 0 0 49 60 15 0 0 38 48 19 0 0 
80 93 18 22 22 52 51 5 0 2 63 76 18 9 18 72 82 41 43 52 96 87 53 35 48 
38 76 43 71 29 0 62 11 41 15 0 51 11 46 18 0 43 14 31 13 39 104 64 95 78 
0 0 65 30 14 0 0 47 40 3 0 0 56 45 8 53 57 143 104 72 60 58 105 101 71 
29 38 26 22 31 0 0 0 0 0 71 59 57 62 55 0 0 0 0 0 120 107 99 114 110 
52 31 22 38 43 0 0 0 0 0 0 0 0 0 0 54 53 75 59 55 141 112 115 160 143 
39 45 108 53 49 1 7 59 18 11 51 41 116 45 42 0 0 53 7 0 0 0 52 27 0 
0 0 126 0 0 0 0 85 0 0 19 20 77 1 18 0 0 107 0 0 0 0 109 0 0 
51 86 0 0 0 73 107 40 33 29 71 133 16 18 9 88 131 44 44 50 41 79 0 0 0 
96 126 75 56 75 15 51 0 0 0 82 144 67 53 64 37 81 31 20 19 30 61 0 0 0 
0 116 106 162 0 0 127 118 165 0 0 109 117 167 0 0 117 115 154 0 0 126 116 165 0 
19 0 1 207 0 20 0 0 143 0 129 108 130 254 108 15 0 0 149 0 34 0 0 152 3 
137 180 46 91 135 170 255 80 112 208 152 207 83 114 140 97 129 13 47 83 233 295 139 186 219 
50 136 98 65 74 6 35 53 10 2 26 61 81 27 24 19 62 49 10 20 0 50 41 0 0 
7 22 12 5 58 7 26 23 0 92 6 18 13 5 46 51 76 63 41 126 24 33 35 27 85 
743 515 656 470 589 478 205 324 177 219 464 229 392 200 270 385 138 181 59 170 629 367 531 350 425 
85 71 2 3 0 167 157 68 73 71 90 84 0 0 0 100 90 25 19 21 74 69 0 0 0 
171 286 108 138 139 273 394 159 272 190 164 296 93 168 85 57 194 0 50 0 90 218 47 79 24 
0 0 0 0 52 0 0 0 0 57 0 0 0 0 65 0 0 0 0 58 134 158 142 154 189 
150 0 0 54 0 154 0 0 55 0 141 0 0 40 0 168 0 0 46 0 149 0 0 41 0 
179 156 191 277 135 41 0 86 132 0 102 65 132 203 69 50 11 106 105 30 50 0 101 101 2 
80 66 74 42 0 140 101 135 97 96 44 39 61 4 7 191 147 174 107 120 90 88 79 25 29 
58 130 52 56 53 0 55 0 0 0 6 80 4 5 4 0 64 0 0 0 75 156 62 76 65 
0 0 0 18 0 0 0 0 22 0 0 0 0 19 0 0 0 0 25 0 177 187 221 223 225 
67 13 77 106 98 11 1 33 86 87 77 28 65 148 118 17 0 33 91 93 129 76 126 201 210 
0 103 86 0 115 0 103 80 0 94 0 118 59 0 78 0 89 97 0 111 0 120 80 0 96 
47 21 53 38 33 71 51 89 54 54 20 16 35 19 11 55 43 102 69 47 7 0 31 0 0 
77 0 0 0 56 63 0 0 0 50 88 0 0 0 61 69 0 0 0 52 171 90 80 94 155 
96 92 0 94 55 62 83 0 130 66 94 79 0 145 84 178 216 89 210 164 119 151 32 145 106 
68 85 96 76 62 9 34 36 12 5 0 14 41 0 0 58 67 84 49 45 20 28 54 18 12 
0 0 0 140 35 0 0 0 158 29 27 29 16 157 51 0 0 0 149 35 0 0 0 138 38 
0 0 0 183 6 226 192 162 441 240 0 0 0 197 12 162 167 172 365 163 0 0 0 192 6 
32 118 126 169 54 5 104 122 175 15 68 140 149 173 60 51 174 163 220 90 69 128 181 203 68 
0 0 0 1291 0 0 0 0 1295 1 0 0 0 1309 0 0 0 0 1363 0 0 0 0 1318 0 
224 0 0 0 0 230 14 19 19 23 212 0 0 0 0 230 0 0 0 0 201 0 0 0 0 
92 0 0 0 0 117 0 0 0 0 122 0 0 0 0 102 0 0 0 0 206 88 85 88 99 
192 85 84 93 102 85 1 0 12 12 165 50 40 57 45 163 42 59 93 88 241 141 136 173 156 
22 28 0 0 0 0 20 0 0 8 0 0 0 0 0 39 45 16 43 49 0 0 0 0 0 
60 93 145 105 93 0 0 54 0 0 0 0 70 0 0 0 0 68 0 0 182 186 235 196 206 
2 12 2 79 233 137 132 129 222 356 1 24 1 85 288 0 7 1 96 266 125 155 124 190 342 
20 32 81 6 254 6 3 55 9 202 134 124 188 131 321 164 170 247 189 387 5 7 69 5 203 
125 275 275 205 79 150 268 286 177 86 143 260 268 161 111 83 199 220 113 20 73 227 217 142 29 
113 0 0 13 0 97 0 0 0 0 118 0 0 0 0 118 0 0 0 0 136 19 25 29 36 
42 68 47 37 52 0 47 0 0 15 50 81 45 40 64 6 36 0 0 32 0 49 0 0 5 
612 630 641 677 622 0 0 0 0 0 0 0 0 0 0 0 0 0 0 0 0 0 0 0 0 
75 66 0 0 0 102 84 19 18 15 148 103 40 40 30 102 75 0 0 0 114 107 25 31 31 
36 0 0 87 86 96 54 57 123 151 22 0 0 67 77 49 10 19 69 65 44 33 47 84 97 
12 10 1 0 78 18 4 1 2 74 67 62 53 53 147 23 22 17 14 79 99 121 119 110 157 
55 0 0 0 0 62 0 0 0 0 64 0 0 0 0 202 133 145 146 141 52 0 0 0 0 
94 174 141 162 165 98 266 135 179 184 26 122 44 80 59 145 230 151 211 160 145 254 194 211 179 
0 0 0 0 0 33 35 31 21 21 0 0 0 0 0 59 68 70 67 93 103 95 98 100 130 
147 15 63 8 18 193 1 41 0 1 279 80 141 92 96 285 159 253 158 146 214 46 87 24 40 
16 0 28 0 0 13 0 15 0 0 34 0 23 12 0 82 53 79 55 65 19 3 26 0 0 
0 0 193 0 35 0 0 224 0 28 0 0 191 0 25 0 0 189 0 22 0 0 179 0 27 
112 64 0 119 51 105 73 0 102 94 134 124 32 126 85 91 71 0 107 64 87 100 0 115 59 
59 94 65 106 49 15 28 1 33 0 84 115 71 135 63 15 56 8 50 5 73 73 64 116 44 
0 0 47 53 0 66 48 100 87 58 0 0 37 33 0 55 46 91 73 41 40 31 74 72 27 
