934 802 715 757 863 1129 1165 1083 1125 1219 737 712 632 767 871 1029 962 913 1082 1125 664 536 531 595 768 
146 124 142 134 128 0 0 0 0 0 103 66 109 91 82 0 0 0 0 0 0 0 0 0 0 
170 46 38 219 282 98 0 0 174 219 167 47 40 253 318 68 0 0 131 152 89 0 0 158 165 
318 51 130 93 103 232 0 56 5 0 410 105 197 131 137 462 212 330 248 238 277 56 121 74 68 
0 0 2 51 1 99 71 62 129 68 1 2 0 38 0 59 58 86 118 64 55 62 58 122 55 
170 31 128 159 30 133 11 83 120 0 140 29 84 116 24 122 4 49 121 0 309 164 271 300 178 
112 7 12 0 94 101 0 6 0 120 206 105 105 89 185 162 72 91 57 169 241 112 123 112 272 
0 0 0 0 0 0 0 0 0 0 1038 1045 994 1015 1071 0 0 0 0 0 0 0 0 0 0 
0 0 0 248 0 0 0 2 241 0 102 92 93 355 104 115 100 84 385 119 0 0 0 232 0 
14 9 15 183 8 0 0 0 194 0 38 46 41 184 35 0 0 0 168 0 4 6 3 181 4 
0 0 0 0 0 0 0 0 0 0 0 0 0 0 0 58 66 64 66 77 180 157 150 182 160 
68 84 58 49 155 0 9 0 0 90 0 2 0 0 99 0 3 0 0 101 73 78 74 61 149 
131 148 149 150 152 0 0 0 0 0 0 0 0 0 0 0 0 0 0 0 81 84 68 66 80 
0 0 0 0 0 0 0 0 0 0 0 0 0 0 0 424 427 413 403 409 188 176 179 184 201 
0 197 0 0 84 0 172 0 0 95 129 328 152 136 213 0 183 0 0 94 0 215 0 0 75 
794 0 0 0 0 788 0 0 0 0 783 0 0 0 0 812 0 0 0 0 823 0 0 0 0 
9 8 199 138 143 44 15 187 152 160 110 102 273 226 201 213 170 387 334 318 144 89 261 212 267 
82 118 80 158 66 63 78 61 115 60 0 35 0 42 0 38 92 53 78 36 0 39 0 35 0 
33 9 11 8 19 114 85 101 94 107 30 0 0 0 17 26 0 0 0 21 110 96 86 98 136 
0 0 122 0 0 0 0 117 0 0 0 0 125 0 0 126 115 223 102 119 0 0 137 0 0 
0 80 50 55 0 0 112 58 70 0 43 125 114 124 41 0 106 62 61 0 0 97 76 55 0 
7 1 0 3 138 151 114 120 148 237 144 126 107 115 208 1 2 0 0 124 91 93 100 95 183 
0 0 0 0 0 0 0 0 0 0 0 0 0 0 0 1023 1108 1104 1072 1000 0 0 0 0 0 
0 20 53 135 0 0 17 52 116 0 0 18 46 144 0 0 17 50 141 0 0 15 52 141 0 
64 48 0 0 0 82 69 15 15 14 139 87 37 34 29 92 61 0 0 0 98 92 23 23 27 
76 114 77 153 153 12 39 20 67 80 13 48 24 78 83 0 43 0 60 79 0 39 0 58 69 
74 118 112 68 2 101 132 165 79 0 278 288 316 268 174 111 120 133 65 0 236 209 282 209 125 
70 10 19 99 9 71 0 0 116 0 205 151 142 226 128 53 0 0 105 0 113 32 43 176 38 
122 89 50 44 35 147 113 49 55 31 59 57 13 0 0 95 76 26 10 16 97 61 11 0 0 
0 0 135 56 0 0 0 148 52 0 0 0 179 51 0 0 0 159 43 0 0 0 136 41 0 
128 151 166 122 108 0 60 74 0 0 0 47 62 0 0 38 66 96 30 37 0 36 102 0 0 
73 60 74 74 69 105 129 109 127 106 23 46 47 44 43 0 0 0 0 0 0 0 0 0 0 
0 0 0 165 0 0 0 0 174 0 229 234 220 408 242 0 0 0 171 0 0 0 0 155 0 
0 0 0 0 0 184 170 197 157 177 0 0 0 0 0 0 0 0 0 0 80 79 84 76 94 
102 1 0 63 38 125 31 56 112 89 210 75 88 143 146 72 0 2 74 38 171 66 83 148 112 
0 74 0 0 0 0 71 0 0 0 0 57 0 0 0 101 137 73 111 73 48 116 42 46 46 
0 0 101 0 0 90 88 191 111 109 0 0 96 0 0 8 10 106 4 9 15 14 87 11 16 
250 209 179 251 117 114 93 80 114 0 89 86 63 105 0 269 244 172 288 122 130 112 82 141 0 
0 0 0 0 0 34 43 30 20 22 0 0 0 0 0 63 78 79 76 101 118 110 114 104 146 
0 228 0 207 0 0 183 0 201 0 8 210 7 199 7 0 188 0 195 0 0 205 0 206 0 
0 42 0 127 0 0 54 0 138 0 0 51 0 148 0 63 153 76 215 73 0 59 0 132 0 
0 0 0 0 88 100 89 94 70 165 101 82 93 107 154 0 0 0 0 81 0 0 0 0 102 
60 282 372 65 242 5 192 288 8 167 57 279 374 67 224 88 326 327 102 260 213 389 432 172 337 
0 45 33 0 74 14 56 40 12 82 25 78 83 33 74 0 59 26 0 61 0 61 27 0 64 
111 94 105 120 120 14 0 0 33 0 9 0 0 42 0 17 0 0 43 0 88 65 61 113 87 
69 0 65 0 0 63 0 75 0 0 113 53 107 48 50 99 16 78 13 12 66 0 73 0 0 
0 20 94 0 111 0 12 79 0 123 0 19 80 0 121 0 14 99 0 154 0 14 78 0 113 
41 82 162 98 36 85 89 176 127 70 0 43 122 43 0 55 89 172 122 57 0 33 110 67 0 
0 58 0 0 0 0 65 0 0 0 104 206 97 124 111 0 82 0 0 0 14 75 17 22 24 
0 0 0 81 0 73 71 62 143 93 0 0 0 85 0 0 0 0 90 0 82 81 65 170 67 
58 0 109 55 0 75 0 124 63 0 65 0 115 61 0 55 0 127 67 0 55 0 122 60 0 
95 66 0 39 0 140 96 22 57 36 125 112 0 34 0 153 78 0 52 0 128 81 0 42 0 
0 0 0 0 29 209 199 200 200 225 0 0 0 0 40 0 0 0 0 31 0 0 0 0 43 
103 54 67 127 87 68 40 60 117 80 26 0 0 56 11 29 0 0 58 11 41 12 10 64 27 
31 67 12 7 12 17 52 0 0 0 20 87 0 0 0 163 195 148 140 127 27 78 0 0 0 
0 0 0 21 0 186 170 197 198 164 0 0 0 23 0 0 0 0 22 0 0 0 0 19 0 
71 79 133 138 87 0 0 51 63 0 0 0 72 60 0 0 0 66 52 0 0 0 58 62 0 
71 68 64 54 82 43 0 0 0 11 82 70 62 52 78 34 0 0 0 24 95 54 46 52 69 
0 0 25 0 69 9 6 36 12 89 0 0 34 0 70 8 7 43 8 94 81 74 113 63 153 
593 593 615 650 598 0 0 0 0 0 0 0 0 0 0 0 0 0 0 0 0 0 0 0 0 
72 125 161 88 87 31 96 106 36 31 0 34 83 0 0 0 42 83 0 0 0 49 83 0 0 
0 0 109 0 0 0 0 91 0 0 76 114 207 112 101 0 0 85 0 0 0 0 104 0 0 
111 141 52 67 157 40 41 0 0 97 48 68 0 0 74 50 47 0 0 76 66 53 0 0 95 
0 48 0 22 36 59 115 57 80 94 0 59 0 27 38 0 55 0 39 40 26 65 22 53 63 
7 2 94 1 12 0 0 84 0 0 0 0 82 0 0 35 38 112 25 26 74 77 149 59 84 
0 0 0 50 75 88 80 62 115 162 0 0 0 49 72 0 0 0 35 83 0 0 0 47 73 
109 181 92 85 96 23 122 0 0 0 30 129 6 8 9 28 83 0 0 0 27 88 2 3 0 
63 25 95 41 99 20 0 37 7 66 14 0 36 0 80 19 0 52 0 60 11 0 36 8 71 
82 7 18 0 3 91 0 1 0 0 121 60 68 60 81 128 46 29 28 25 194 109 111 136 114 
61 34 118 48 50 28 0 81 0 0 24 0 77 0 0 25 0 70 0 0 75 39 117 46 41 
90 77 100 51 60 33 29 34 0 12 58 68 60 28 44 46 28 39 0 12 36 32 38 0 10 
0 62 62 0 0 0 61 48 0 0 21 104 82 21 21 32 109 61 40 42 0 62 52 0 0 
28 61 29 6 28 21 74 21 18 23 8 55 0 0 16 12 14 0 0 14 0 43 0 0 0 
30 0 91 0 45 64 43 124 39 80 25 0 85 0 29 37 10 99 5 34 30 0 99 0 28 
0 2086 0 0 0 0 2145 0 0 0 0 2026 0 0 0 0 2108 0 0 0 0 2036 0 0 0 
26 161 122 15 21 82 225 208 96 71 7 122 119 5 0 45 207 174 93 62 6 118 92 0 0 
61 98 74 0 0 54 114 101 0 0 68 111 103 0 0 53 122 104 0 0 54 111 101 0 0 
14 137 0 186 0 115 246 130 326 134 152 253 121 373 129 9 126 0 197 0 8 122 0 185 0 
65 117 145 129 91 0 0 53 0 0 0 0 68 0 0 0 0 53 0 0 191 249 266 230 245 
0 0 0 0 0 1250 1215 1213 1165 1247 0 0 0 0 0 0 0 0 0 0 0 0 0 0 0 
0 0 80 125 0 0 0 75 106 0 0 0 81 127 0 0 0 81 125 0 0 0 72 128 0 
158 49 64 114 46 166 57 59 121 72 93 0 0 43 0 97 0 0 43 0 95 0 0 52 0 
0 111 0 0 73 0 131 0 0 65 0 139 0 0 77 0 121 0 0 63 0 129 0 0 90 
197 319 220 281 127 92 190 50 178 5 328 453 302 432 187 181 309 187 275 87 223 433 319 365 177 
106 90 294 290 102 0 0 211 212 10 140 115 299 324 122 0 0 171 198 12 30 15 210 196 25 
146 132 113 162 267 10 23 0 10 164 13 16 7 13 161 229 237 179 200 382 216 266 257 239 400 
0 61 0 0 0 0 48 0 0 0 0 63 0 0 0 7 62 6 7 5 183 211 175 139 172 
70 37 51 20 66 57 12 26 0 52 59 8 36 0 39 104 7 23 0 48 181 143 134 131 179 
202 73 0 102 0 203 64 0 102 0 205 59 0 103 0 195 64 0 106 0 195 61 0 118 0 
55 0 0 0 0 62 0 0 0 0 64 0 0 0 0 201 133 145 146 141 52 0 0 0 0 
115 243 255 182 60 133 250 256 174 47 114 254 245 151 92 81 195 225 96 13 75 216 239 120 23 
85 0 2 61 32 119 80 62 116 77 116 81 64 100 90 86 26 24 93 40 73 0 0 39 12 
111 120 134 87 186 0 0 8 1 48 65 75 78 62 119 0 0 20 0 56 0 0 14 0 69 
22 49 0 55 0 103 120 63 106 48 62 60 25 77 36 36 45 0 51 0 25 49 0 52 0 
92 105 115 109 148 98 88 90 81 118 0 29 0 0 52 0 28 0 0 29 56 89 61 51 112 
0 86 0 0 0 38 162 42 38 41 37 154 33 35 41 26 134 30 28 43 52 149 47 47 59 
33 11 41 34 0 103 71 112 112 63 43 21 47 37 0 47 9 44 35 0 41 20 37 39 0 
1 14 0 72 206 113 117 112 191 330 2 21 0 72 236 0 7 1 77 240 114 150 114 168 296 
11 4 89 12 228 3 0 65 9 179 114 98 179 112 276 140 141 218 165 331 1 0 76 0 184 
162 0 0 0 0 140 0 0 0 0 235 85 103 109 114 135 0 0 0 1 145 0 0 0 0 
0 0 0 0 852 0 0 0 0 800 0 0 0 0 860 0 0 0 0 852 0 0 0 0 804 
127 102 0 154 56 141 107 1 184 88 181 173 52 223 108 120 104 1 156 78 124 141 0 207 45 
135 0 0 0 0 265 106 85 82 75 171 0 0 0 0 154 0 0 0 0 150 0 0 0 0 
0 0 0 0 0 78 59 73 72 80 0 0 0 0 0 156 135 156 160 148 0 0 0 0 0 
0 25 0 166 0 37 64 52 204 34 0 18 0 143 0 0 15 0 147 0 0 20 0 173 0 
74 57 102 118 133 40 1 58 52 45 20 0 54 57 58 79 52 102 111 97 8 0 46 60 32 
43 46 55 128 106 28 21 31 81 73 0 0 0 77 55 0 0 0 48 50 6 10 8 75 53 
0 11 73 0 0 98 105 212 90 91 0 12 84 0 0 62 79 200 58 59 0 5 73 0 0 
216 17 202 0 0 219 11 191 0 0 216 8 202 4 1 190 8 201 0 0 232 24 194 14 11 
304 101 342 147 204 344 188 437 179 230 351 176 440 225 284 184 36 238 62 135 203 84 298 51 98 
67 155 70 83 66 0 90 0 27 0 19 132 28 34 27 0 108 0 17 0 0 77 0 22 0 
0 0 46 0 71 46 52 93 53 131 71 92 103 62 137 0 0 37 0 72 0 0 56 0 80 
0 0 18 0 214 0 0 22 0 205 0 0 33 0 176 0 0 27 0 200 0 0 23 0 194 
0 0 0 62 0 0 0 0 68 0 65 63 52 166 51 0 0 0 66 0 100 92 102 189 114 
101 0 0 105 0 117 0 0 124 0 106 0 0 96 0 103 0 0 125 0 110 0 0 116 0 
0 45 71 66 0 125 203 194 191 122 166 223 228 224 153 19 80 115 120 38 87 135 124 149 47 
112 159 143 116 254 0 0 0 0 89 0 0 0 0 96 23 30 30 29 143 0 0 0 0 90 
141 257 156 145 153 0 138 0 0 0 93 216 95 100 83 0 112 1 0 5 97 215 70 79 92 
165 161 89 90 96 85 47 0 0 0 102 52 5 4 8 78 54 0 0 0 81 66 0 0 0 
0 108 0 0 0 35 156 40 59 60 0 118 0 0 0 66 182 78 75 58 0 106 0 0 0 
0 0 0 0 0 0 0 0 0 0 0 0 0 0 0 0 0 0 0 0 465 428 469 466 432 
0 0 36 0 0 73 79 89 75 87 0 0 31 0 0 77 75 83 59 79 18 25 59 22 26 
8 15 16 17 51 0 0 0 0 36 80 79 71 69 98 0 0 0 0 33 67 98 78 75 105 
0 0 0 147 0 0 0 0 123 0 0 0 0 154 0 0 0 0 153 0 83 80 88 217 89 
0 67 0 26 72 0 62 0 33 77 0 55 0 29 90 0 53 0 23 68 18 76 25 51 113 
0 117 0 0 0 0 109 0 0 0 0 106 0 0 0 0 101 0 0 0 97 192 100 110 95 
0 0 0 37 2 80 48 74 75 73 38 11 45 37 43 0 0 0 14 0 99 109 112 135 99 
0 0 117 55 0 43 45 155 106 50 0 0 102 39 0 0 0 89 38 0 0 0 126 35 0 
0 21 0 0 0 1 63 9 0 18 0 48 0 0 7 0 12 0 0 0 0 35 10 0 19 
59 0 0 0 0 126 62 61 76 69 98 20 18 20 15 131 47 46 52 41 58 0 0 0 0 
83 35 33 111 37 39 0 0 91 0 48 0 0 85 0 83 35 30 120 31 53 0 0 81 0 
0 0 62 42 0 0 0 54 43 0 101 99 148 131 97 0 0 62 47 0 0 0 67 41 0 
29 0 0 73 107 86 64 80 126 182 33 1 5 87 119 62 21 19 82 91 31 31 37 90 106 
3 8 53 102 10 0 0 54 102 0 56 36 134 145 54 31 45 93 147 41 0 0 51 95 0 
48 1 40 44 8 39 5 38 42 17 116 72 122 111 89 73 18 49 54 17 53 0 52 43 0 
40 0 54 0 55 38 0 59 0 51 26 0 67 0 70 87 49 104 64 104 30 0 56 0 53 
98 31 194 98 57 78 9 165 96 42 64 0 158 32 20 179 55 235 127 124 118 36 213 96 72 
10 78 139 15 113 139 173 281 115 227 34 105 182 38 163 0 40 154 1 92 95 122 212 95 191 
19 22 28 71 54 45 44 45 83 82 0 0 0 36 33 0 0 0 25 18 85 102 110 139 111 
19 32 0 90 0 29 45 0 107 0 76 72 37 129 54 25 38 0 108 0 41 34 0 84 0 
0 0 58 0 0 165 153 213 152 179 0 0 56 0 0 0 0 73 0 0 0 0 70 0 0 
11 7 0 0 71 16 1 0 0 67 60 67 54 44 135 24 21 17 11 83 86 120 93 94 142 
56 11 8 5 20 83 60 61 64 63 93 73 78 86 83 38 0 5 0 12 34 10 14 7 21 
21 105 79 21 37 0 102 71 10 8 0 77 46 0 25 0 95 58 4 15 50 136 120 51 96 
163 214 112 113 114 86 67 63 16 21 46 53 18 0 0 49 54 16 0 0 37 46 16 0 0 
95 0 0 12 0 83 0 0 20 0 99 0 0 22 0 100 0 0 0 0 122 15 21 37 29 
58 75 12 16 18 47 44 3 0 0 46 65 13 2 13 62 68 32 36 40 69 69 44 20 35 
36 76 42 71 28 0 62 11 42 15 2 51 10 46 19 0 43 13 28 12 37 104 64 97 78 
0 0 56 27 11 0 0 44 35 2 0 0 44 40 6 43 52 123 95 60 54 50 100 93 63 
29 38 26 22 31 0 0 0 0 0 71 59 57 62 55 0 0 0 0 0 120 107 99 114 110 
47 37 38 37 44 0 0 14 0 0 0 0 19 0 0 56 44 89 63 56 127 102 145 145 123 
34 42 102 50 57 4 7 56 13 16 60 49 128 53 45 0 0 52 3 0 3 4 63 25 12 
0 0 179 31 0 0 0 141 21 0 19 20 155 34 18 0 0 166 22 0 0 0 162 21 0 
44 119 0 0 0 105 166 71 54 56 100 196 33 23 18 103 193 64 68 65 39 108 0 0 0 
78 0 78 83 100 144 56 173 154 167 165 95 192 195 216 142 49 110 117 161 91 2 94 123 116 
101 152 86 70 84 12 60 0 0 0 84 171 78 56 69 52 94 33 23 22 23 65 0 0 0 
0 116 106 162 0 0 127 119 164 0 0 108 118 169 0 0 117 117 154 0 0 128 119 164 0 
13 0 0 131 0 9 0 0 95 0 91 65 87 187 84 11 0 0 99 0 20 0 0 105 0 
51 75 38 40 68 0 56 0 0 24 51 81 45 38 65 7 36 0 0 36 8 58 0 0 20 
99 136 36 63 79 155 233 70 86 160 117 151 59 78 97 72 95 6 22 54 203 259 95 125 167 
75 202 154 100 124 4 44 81 9 7 32 89 125 40 40 23 93 67 13 29 0 72 62 0 0 
1 21 8 0 70 1 29 20 0 99 0 18 6 4 46 55 71 65 33 159 20 29 34 24 90 
692 570 510 440 517 487 278 288 220 255 501 343 322 235 309 374 193 166 96 185 600 429 413 405 413 
77 57 2 5 0 144 141 67 70 73 72 85 0 0 0 92 83 21 19 17 64 54 0 0 0 
164 295 104 136 117 256 389 135 238 181 129 279 81 141 62 36 192 0 37 0 82 209 41 89 21 
13 0 19 72 0 12 0 0 41 0 75 51 58 78 34 92 62 71 99 70 22 1 20 40 0 
0 0 0 0 53 0 0 0 0 66 0 0 0 0 76 0 0 0 0 65 158 181 178 182 218 
55 0 32 0 12 113 12 46 25 35 115 48 79 42 54 127 59 110 55 82 104 27 38 14 29 
150 0 0 52 0 156 0 0 55 0 141 0 0 40 0 168 0 0 46 0 148 0 0 40 0 
181 126 165 230 106 44 0 98 121 0 94 38 131 177 60 49 9 97 111 31 55 0 98 87 0 
0 0 53 57 0 88 51 104 105 63 0 0 46 34 0 61 52 118 92 49 47 33 91 81 36 
75 101 94 180 153 0 10 5 99 47 0 18 5 63 49 0 16 9 90 53 30 42 28 106 60 
125 114 77 10 7 168 180 135 82 97 104 93 68 21 5 229 211 181 122 122 143 153 115 18 44 
58 130 51 57 53 0 55 0 0 0 6 80 4 5 4 0 64 0 0 0 76 154 62 76 65 
0 0 0 18 0 0 0 0 21 0 0 0 0 20 0 0 0 0 22 0 182 198 228 230 225 
46 6 0 26 38 115 88 77 96 104 50 1 0 30 39 39 1 0 20 43 50 0 0 23 32 
50 4 40 105 86 18 2 30 87 84 63 23 46 126 104 31 0 31 87 85 135 78 113 187 195 
0 69 49 0 67 0 71 61 0 72 0 79 52 0 55 0 66 62 0 69 0 84 66 0 66 
49 24 64 43 36 75 57 95 61 57 26 17 39 21 18 62 48 114 78 58 7 0 37 0 0 
83 0 0 0 51 67 0 0 0 49 84 0 0 0 56 64 0 0 0 49 179 96 79 91 148 
85 129 27 139 101 60 124 4 121 117 41 73 0 124 73 215 269 174 261 204 114 152 78 173 139 
92 0 0 0 0 117 0 0 0 0 122 0 0 0 0 102 0 0 0 0 206 88 85 89 99 
74 99 114 86 72 8 36 39 13 13 0 12 48 0 0 71 81 101 64 52 25 35 58 22 15 
0 0 0 143 35 0 0 0 159 28 27 29 17 161 52 0 0 0 149 35 0 0 0 141 38 
0 0 196 0 35 0 0 222 0 28 0 0 194 0 27 0 0 179 0 26 0 0 183 0 23 
0 0 0 141 10 136 125 118 304 152 0 0 0 161 14 99 101 87 233 94 0 0 0 132 8 
77 141 187 244 78 36 96 144 182 31 102 167 181 241 101 61 178 179 205 64 74 123 133 211 67 
0 0 0 1251 0 1 0 0 1245 0 0 0 0 1260 0 0 0 1 1324 0 0 0 0 1276 0 
196 0 0 0 0 202 13 18 18 22 179 0 0 0 0 198 0 0 0 0 168 0 0 0 0 
0 0 1443 0 0 0 0 1477 0 0 0 0 1357 0 0 0 0 1489 0 0 0 0 1440 0 0 
