847 769 678 675 784 1137 1175 1057 1051 1047 644 641 617 637 749 978 915 905 906 922 622 561 465 406 607 
228 164 215 196 181 0 0 0 0 0 145 100 151 130 138 0 0 0 0 0 0 0 0 0 0 
142 73 38 261 280 69 1 0 169 197 167 60 28 254 283 70 0 0 103 175 92 0 1 155 195 
145 0 103 141 157 187 47 186 188 195 301 146 273 322 312 229 48 149 205 202 147 0 105 177 136 
189 42 93 176 63 157 4 94 120 0 141 43 74 109 16 162 0 35 144 0 331 196 303 349 195 
116 8 26 0 105 105 6 15 0 102 229 98 121 95 216 191 75 111 68 177 249 124 144 126 273 
0 0 0 0 0 0 0 0 0 0 1019 1036 975 998 1036 0 0 0 0 0 0 0 0 0 0 
0 0 0 256 0 0 0 3 237 0 107 104 88 362 115 115 109 88 390 117 0 0 0 233 0 
14 7 15 175 5 0 0 0 180 0 37 43 33 181 29 0 0 0 157 0 3 7 3 180 3 
0 0 0 0 0 0 0 0 0 0 0 0 0 0 0 65 74 72 67 89 194 172 163 191 175 
62 81 56 51 148 0 10 0 0 86 0 3 0 0 92 0 5 0 0 90 73 67 75 64 148 
187 198 213 204 229 0 1 0 0 0 0 0 0 0 0 0 0 0 0 0 108 104 93 86 110 
0 0 0 0 0 0 0 0 0 0 0 0 0 0 0 437 449 423 420 440 203 182 184 193 210 
0 193 0 0 80 0 163 0 0 93 120 312 142 124 199 0 178 0 0 91 0 207 0 0 74 
805 0 0 0 0 802 0 0 0 0 790 0 0 0 0 822 0 0 0 0 836 0 0 0 0 
10 3 184 141 131 39 7 190 147 154 95 106 265 219 208 163 171 367 324 269 120 88 237 218 244 
63 100 65 121 64 49 72 48 99 53 0 34 0 38 0 36 80 39 76 34 0 33 0 35 0 
29 7 11 7 17 118 87 90 86 105 34 0 0 0 14 23 0 0 0 22 113 95 78 95 127 
0 0 153 0 0 0 0 152 0 0 0 0 155 0 0 175 150 278 135 168 0 0 153 0 0 
0 99 52 54 0 0 105 59 60 0 55 137 127 151 51 0 105 83 70 0 0 118 87 55 0 
0 0 0 2 151 133 100 135 152 266 151 129 131 138 238 5 1 0 0 121 91 90 112 90 209 
0 0 0 0 0 0 0 0 0 0 0 0 0 0 0 1032 1089 1100 1069 994 0 0 0 0 0 
0 18 51 132 0 0 17 52 114 0 0 18 46 141 0 0 17 50 139 0 0 15 51 139 0 
84 59 1 0 0 101 84 19 17 13 166 106 44 47 43 110 72 0 0 0 128 124 31 24 32 
93 135 95 195 181 7 56 25 78 86 13 46 33 86 107 0 49 0 72 65 0 44 0 75 75 
122 123 156 96 2 104 148 198 97 0 309 335 371 325 216 114 144 175 97 0 280 252 339 272 144 
94 28 34 109 30 82 0 0 118 0 219 163 145 235 136 82 0 0 103 0 114 50 47 172 37 
123 101 45 48 38 150 107 51 65 36 56 53 14 0 0 97 88 19 17 13 92 63 9 0 0 
0 0 190 77 0 0 0 210 81 0 0 0 232 69 0 0 0 223 51 0 0 0 190 54 0 
144 169 181 124 112 0 62 80 0 0 0 53 62 0 0 47 65 105 36 37 0 51 106 0 0 
70 58 82 76 64 106 142 121 128 109 25 41 49 42 42 0 0 0 0 0 0 0 0 0 0 
0 0 0 171 0 0 0 0 176 0 239 248 229 429 253 0 0 0 177 0 0 0 0 158 0 
0 0 0 0 0 173 153 195 147 156 0 0 0 0 0 0 0 0 0 0 79 59 75 74 84 
147 3 20 89 62 158 55 75 150 124 257 104 108 178 170 104 0 0 75 47 220 94 103 175 129 
0 79 0 0 0 0 75 0 0 0 0 58 0 0 0 106 144 77 116 76 50 126 44 46 47 
0 0 105 0 0 98 95 193 118 115 0 0 102 0 0 7 10 103 5 8 14 16 92 10 17 
262 215 207 267 110 122 100 70 117 0 102 87 64 104 0 291 253 175 290 125 132 107 67 141 0 
0 0 0 0 0 35 45 35 23 24 0 0 0 0 0 74 77 81 79 114 109 105 106 117 141 
0 225 0 205 0 0 184 0 198 0 5 209 7 202 6 0 186 0 198 0 0 198 0 206 0 
0 45 0 125 0 0 52 0 135 0 0 50 0 139 0 65 136 66 209 67 0 56 0 129 0 
0 0 0 0 76 90 79 86 59 140 94 78 74 85 134 0 0 0 0 78 0 0 0 0 79 
80 321 358 47 222 39 221 236 1 164 67 308 345 66 221 115 332 334 105 212 213 394 407 149 279 
0 68 45 0 101 19 84 59 18 128 36 117 114 48 111 0 79 33 0 89 0 83 41 0 93 
135 104 131 148 138 15 0 0 43 0 16 0 0 55 0 17 0 0 51 0 101 91 72 128 89 
84 0 75 0 0 80 0 82 0 0 140 59 124 52 54 112 17 94 14 14 72 0 78 0 0 
0 19 84 0 98 0 12 69 0 109 0 16 78 0 107 0 14 95 0 134 0 13 70 0 105 
12 59 147 85 16 63 72 161 112 61 0 36 115 43 0 54 84 154 117 47 0 29 99 67 0 
0 70 0 0 0 0 77 0 0 0 129 241 119 142 130 0 99 0 0 0 12 87 18 27 30 
0 0 0 81 0 72 77 56 149 94 0 0 0 81 0 0 0 0 90 0 96 82 66 188 76 
63 0 111 52 0 74 0 127 70 0 68 0 112 62 0 61 0 124 62 0 52 0 122 54 0 
77 46 0 28 0 103 72 15 45 24 92 86 0 24 0 110 53 0 41 0 86 58 0 32 0 
0 0 0 0 26 194 169 188 195 208 0 0 0 0 37 0 0 0 0 30 0 0 0 0 34 
110 56 69 134 103 72 44 58 120 81 24 0 0 62 13 37 0 0 55 12 42 15 10 65 28 
30 59 8 6 9 18 50 0 0 0 25 77 0 0 0 138 167 131 123 122 27 76 0 0 0 
0 0 0 21 0 182 161 190 192 161 0 0 0 23 0 0 0 0 22 0 0 0 0 19 0 
71 79 133 138 89 0 0 52 63 0 0 0 74 60 0 0 0 67 53 0 0 0 59 62 0 
63 60 59 48 69 44 0 0 0 11 79 66 50 49 79 31 0 0 0 21 98 54 44 52 63 
0 0 25 0 69 9 6 36 12 89 0 0 34 0 70 10 7 43 8 95 81 75 114 64 154 
54 104 137 63 70 28 79 95 26 26 0 32 69 0 0 0 37 71 0 0 0 39 66 0 0 
0 0 132 0 0 0 0 96 0 0 86 119 227 129 115 0 0 101 0 0 0 0 115 0 0 
106 130 42 65 152 53 37 0 0 105 49 59 0 0 73 46 41 0 0 81 71 40 0 0 99 
0 62 0 28 43 65 133 66 92 114 0 67 0 29 48 0 61 0 47 47 32 70 25 58 79 
9 7 99 5 12 0 0 87 0 0 0 0 83 0 0 36 39 120 27 29 75 77 149 58 85 
0 0 0 51 75 88 81 63 117 163 0 0 0 49 73 0 0 0 36 84 0 0 0 47 73 
113 194 99 94 98 24 121 0 0 0 33 128 7 9 9 25 80 0 0 0 22 95 0 3 0 
60 33 91 32 94 15 0 40 5 63 9 0 41 0 79 11 0 44 0 63 0 0 37 2 66 
51 0 2 0 1 66 0 0 0 0 80 55 57 56 72 96 24 31 18 11 174 103 104 126 101 
56 34 118 48 50 21 0 81 0 0 21 0 77 0 0 21 0 69 0 0 69 41 118 36 29 
0 62 59 0 0 0 57 51 0 0 21 104 77 21 21 32 109 57 40 41 0 62 54 0 0 
24 0 79 0 35 57 43 116 39 73 22 0 78 0 17 25 0 83 0 23 30 0 92 0 21 
0 2160 0 0 0 0 2209 0 0 0 0 2105 0 0 0 0 2163 0 0 0 0 2096 0 0 0 
16 113 109 18 18 70 178 206 96 69 6 133 132 4 0 29 173 144 77 62 5 111 85 3 0 
83 141 124 0 0 74 160 144 0 0 84 173 127 0 0 109 160 142 0 0 98 150 169 0 0 
0 98 0 135 0 78 180 80 211 96 82 160 45 190 45 0 89 0 149 0 0 102 0 122 0 
0 0 0 0 0 1305 1283 1273 1222 1293 0 0 0 0 0 0 0 0 0 0 0 0 0 0 0 
0 0 98 142 0 0 0 97 127 0 0 0 102 139 0 0 0 91 151 0 0 0 83 147 0 
145 66 54 89 43 154 67 53 112 71 108 0 0 41 0 93 0 0 36 0 102 0 0 49 0 
0 115 0 0 73 0 133 0 0 66 0 142 0 0 79 0 124 0 0 63 0 130 0 0 90 
150 238 135 216 85 78 149 30 111 0 229 356 191 316 127 95 223 92 174 30 165 277 228 256 120 
96 84 296 269 86 0 0 176 183 0 113 91 267 283 85 0 0 168 174 2 2 9 191 181 26 
155 142 117 151 255 7 26 2 8 165 11 20 11 11 157 211 232 175 186 353 220 249 243 236 383 
0 66 0 0 0 0 60 0 0 0 0 69 0 0 0 8 68 6 8 4 186 229 187 156 172 
63 29 44 11 65 66 14 29 0 47 56 11 36 0 33 91 11 32 0 60 159 130 117 116 153 
201 66 0 98 0 204 60 0 100 0 201 43 0 99 0 184 64 0 105 0 197 46 0 114 0 
0 0 1441 0 0 0 0 1460 0 0 0 0 1345 0 0 0 0 1459 0 0 0 0 1438 0 0 
92 7 11 57 26 132 83 63 106 85 120 79 72 108 94 71 28 22 76 40 70 0 0 35 18 
109 124 130 85 198 0 0 9 0 46 58 78 72 57 117 0 0 20 0 55 0 0 13 0 62 
43 87 0 111 0 133 177 94 206 84 114 132 87 207 91 53 77 0 107 0 34 68 0 108 0 
61 72 61 66 102 69 67 50 50 78 0 21 0 0 37 0 17 0 0 23 44 57 42 39 70 
0 102 0 0 0 36 183 45 36 39 45 181 53 39 34 29 151 28 29 47 50 155 49 37 67 
29 10 41 34 0 98 70 114 113 60 42 19 47 37 0 44 7 41 33 0 40 18 39 40 0 
140 0 0 0 0 120 0 0 0 0 202 78 95 101 101 109 0 0 0 0 123 0 0 0 0 
0 0 0 0 838 0 0 0 0 795 0 0 0 0 846 0 0 0 0 836 0 0 0 0 784 
123 97 0 189 51 158 121 1 200 91 171 202 43 233 111 132 125 3 185 109 144 156 0 229 77 
136 0 0 0 0 262 100 101 84 74 160 0 0 0 0 148 0 0 0 0 145 0 0 0 0 
0 0 0 0 0 73 55 72 64 70 0 0 0 0 0 140 116 136 141 135 0 0 0 0 0 
0 22 0 143 0 33 55 46 186 32 0 19 0 132 0 0 16 0 136 0 0 20 0 160 0 
156 67 110 93 190 97 2 98 14 68 88 5 90 49 65 204 125 177 133 181 93 0 57 31 72 
43 50 56 128 106 25 22 29 81 72 0 0 0 79 57 0 0 0 49 51 7 9 10 74 51 
0 11 71 0 0 88 102 192 93 96 0 11 89 2 0 74 90 196 55 69 0 6 67 0 0 
200 7 193 0 0 204 5 182 0 0 206 6 189 0 0 179 2 187 0 0 215 27 183 9 10 
378 118 384 166 216 386 172 419 192 223 392 130 407 212 251 244 7 239 63 134 250 63 295 50 145 
65 152 69 84 66 0 86 0 27 0 17 128 28 34 27 0 104 0 17 0 0 75 0 22 0 
0 0 33 0 58 35 46 78 44 113 56 74 88 53 121 0 0 33 0 61 0 0 49 0 58 
0 0 24 0 228 0 0 19 0 207 0 0 33 0 195 0 0 31 0 207 0 0 26 0 201 
0 0 0 53 0 0 0 0 60 0 58 63 47 146 49 0 0 0 58 0 88 82 89 169 87 
102 0 0 114 0 139 1 0 140 0 116 0 0 110 0 104 0 0 132 0 114 0 0 128 0 
14 54 90 91 8 104 166 187 191 120 167 213 234 238 146 20 70 114 107 23 73 106 115 114 33 
114 147 118 114 234 0 0 0 0 80 0 0 0 0 79 26 24 30 25 105 0 0 0 0 87 
134 228 135 126 133 0 118 0 0 0 85 205 91 91 79 0 107 0 0 0 68 177 67 56 66 
146 139 82 84 85 82 48 0 0 0 90 51 4 4 8 64 49 0 0 0 77 61 0 0 0 
0 131 0 0 0 34 158 41 60 63 0 149 0 0 0 69 213 95 92 73 0 122 0 0 0 
0 0 0 0 0 0 0 0 0 0 0 0 0 0 0 0 0 0 0 0 443 403 440 438 396 
0 0 37 0 0 73 79 92 74 87 0 0 31 0 0 75 75 85 59 79 19 25 59 22 26 
8 14 16 16 52 0 0 0 0 36 83 79 71 68 99 0 0 0 0 33 64 98 77 76 100 
0 0 0 133 0 0 0 0 126 0 0 0 0 146 0 0 0 0 147 0 78 78 82 207 81 
0 68 0 34 72 0 64 0 38 76 0 55 0 35 91 0 60 0 32 72 16 78 25 56 112 
0 111 0 0 0 0 108 0 0 0 0 106 0 0 0 0 96 0 0 0 97 185 99 105 92 
0 31 0 0 0 82 86 80 68 76 72 62 68 50 72 0 7 0 2 0 122 145 125 135 118 
0 0 117 55 0 43 44 155 106 50 0 0 102 39 0 0 0 89 37 0 0 0 125 35 0 
61 0 0 0 0 133 64 63 77 73 103 21 20 18 15 137 51 49 51 41 60 0 0 0 0 
83 35 33 111 37 39 0 0 91 0 48 0 0 85 0 83 35 30 120 32 55 0 0 83 0 
0 0 10 23 0 0 0 0 18 0 101 99 99 114 96 0 0 0 40 0 0 0 18 31 0 
34 0 0 80 111 98 80 83 142 205 41 5 6 92 122 59 33 35 97 121 36 38 58 116 141 
0 5 58 114 6 0 0 57 80 0 56 33 122 132 53 34 38 78 124 38 0 0 54 90 0 
51 4 43 49 9 42 5 38 45 16 131 70 113 99 80 73 19 51 49 16 54 1 45 42 5 
43 0 69 0 71 44 0 65 0 63 36 0 75 0 86 109 64 125 76 126 32 0 64 0 67 
73 9 189 84 32 73 4 178 80 36 63 0 161 36 12 182 105 266 138 143 87 21 194 81 53 
5 114 171 25 132 143 228 317 131 267 37 126 209 42 174 0 45 181 1 126 92 165 266 116 248 
33 30 31 78 76 60 55 62 124 113 0 0 0 49 44 0 0 0 34 21 118 126 145 185 163 
29 35 0 98 0 37 62 0 127 0 100 83 51 163 71 35 48 0 120 0 51 36 0 90 0 
0 0 61 0 0 165 158 210 153 178 0 0 61 0 0 0 0 77 0 0 0 0 68 0 0 
13 7 0 0 90 19 0 0 2 88 76 96 52 58 167 33 24 18 19 106 124 171 136 145 208 
87 16 21 10 28 128 87 92 82 92 152 110 110 111 121 65 0 7 0 23 50 12 14 0 35 
18 92 65 15 29 0 81 62 5 6 0 67 39 0 18 0 73 47 5 12 43 116 93 38 76 
151 200 96 101 110 77 67 39 19 18 41 53 15 0 0 43 52 14 0 0 28 43 14 0 0 
80 94 17 17 21 58 56 1 0 1 62 65 16 0 18 75 83 38 39 47 93 91 54 35 49 
38 74 41 70 29 0 60 9 41 16 0 47 10 42 18 0 42 12 29 13 39 99 62 95 78 
0 0 55 27 11 0 0 43 35 0 0 0 44 39 6 43 53 122 94 61 54 50 100 92 63 
27 38 24 22 33 0 0 0 0 0 77 66 62 70 56 0 0 0 0 0 135 119 104 131 131 
37 29 29 29 36 0 0 11 0 0 0 0 18 0 0 45 39 71 49 44 102 83 116 115 105 
36 43 108 52 45 2 0 57 11 0 56 51 129 54 43 0 0 53 0 0 0 0 59 22 0 
0 0 180 32 0 0 0 141 23 0 19 20 156 37 18 0 0 165 23 0 0 0 162 23 0 
48 85 0 0 0 76 110 42 33 33 77 130 18 18 10 97 139 43 42 46 46 83 0 0 0 
93 136 82 61 73 11 50 1 0 0 94 141 69 60 62 40 75 29 20 16 28 65 0 0 0 
0 116 109 162 0 0 128 119 165 1 0 109 121 169 0 0 117 116 156 1 0 127 118 167 0 
22 0 0 212 0 14 0 0 154 0 130 94 128 277 110 22 0 0 179 0 23 1 1 145 1 
128 151 32 81 103 172 257 87 97 191 138 169 93 92 151 78 111 3 31 73 237 312 143 170 222 
67 182 125 89 102 8 50 70 12 4 38 92 104 39 33 21 84 67 17 30 0 72 61 0 0 
11 27 18 11 72 16 34 27 8 115 9 22 19 8 61 58 85 76 50 158 30 37 39 29 104 
615 481 491 351 460 465 263 253 215 255 446 308 307 214 317 364 183 184 109 202 509 355 356 309 329 
100 63 3 2 0 189 163 83 87 83 81 88 0 0 0 100 86 29 21 21 75 63 0 0 0 
138 286 103 126 120 227 323 111 212 159 91 237 64 94 38 27 184 0 25 0 84 214 66 88 42 
0 0 0 0 52 0 0 0 0 57 0 0 0 0 68 0 0 0 0 59 141 166 146 161 200 
56 0 25 0 12 114 10 51 25 28 109 51 84 44 47 126 66 113 67 78 118 26 47 17 23 
155 0 0 57 0 159 0 0 56 0 150 0 0 41 0 174 0 0 47 0 155 0 0 42 0 
167 135 172 272 122 30 0 87 121 5 71 41 125 198 60 45 5 101 105 30 38 0 67 103 2 
70 112 103 182 159 0 8 3 100 56 0 12 5 64 67 0 14 12 96 71 29 44 38 120 66 
89 102 80 86 8 207 166 179 138 123 87 78 77 63 8 234 204 227 178 147 125 112 147 74 58 
58 130 51 57 53 0 55 0 0 0 0 76 2 4 2 0 64 0 0 0 76 153 62 76 64 
0 0 0 18 0 0 0 0 22 0 0 0 0 22 0 0 0 0 21 0 186 197 220 229 231 
27 2 0 3 37 82 88 77 69 102 23 0 0 9 36 24 0 0 0 40 31 0 0 0 33 
56 1 50 106 83 24 4 35 99 90 70 25 51 133 107 25 0 38 90 92 127 80 121 211 200 
0 93 79 0 84 0 89 75 0 98 0 120 59 0 72 0 90 85 0 92 0 116 80 0 92 
47 23 56 41 34 75 53 91 59 58 23 17 37 20 12 56 46 107 73 52 8 0 33 2 0 
82 0 0 0 52 71 0 0 0 50 86 0 0 0 60 65 0 0 0 51 175 87 76 96 156 
87 139 22 138 113 53 145 1 133 124 30 101 1 109 56 219 295 154 261 228 120 229 108 190 129 
90 107 112 94 71 10 40 44 13 9 0 16 49 0 0 70 84 101 56 53 25 32 64 22 16 
0 0 0 150 38 0 0 0 173 30 30 32 20 162 52 0 0 0 160 34 0 0 0 150 39 
0 0 0 148 16 163 145 127 344 180 2 0 0 176 20 128 126 121 278 111 0 0 0 144 7 
47 149 165 220 75 22 98 128 177 28 91 138 165 208 84 60 206 158 246 101 79 131 162 222 78 
0 0 0 1273 0 0 2 0 1283 0 0 0 0 1301 0 0 0 1 1354 2 0 0 0 1314 0 
196 0 0 0 0 198 13 18 17 20 178 0 0 0 0 198 0 0 0 0 166 0 0 0 0 
92 0 0 0 0 118 0 0 0 0 122 0 0 0 0 103 0 0 0 0 207 88 85 89 99 
202 23 72 29 36 134 0 20 2 0 326 107 99 92 96 345 194 278 225 215 205 63 91 61 72 
1 12 0 0 0 0 38 0 0 0 0 1 0 0 0 0 15 3 0 39 0 0 0 1 0 
104 116 170 132 102 0 0 61 0 0 0 0 94 0 0 0 0 72 0 0 246 239 326 263 247 
4 8 4 67 222 112 129 132 192 346 4 14 0 75 260 0 8 0 82 246 113 137 119 178 310 
14 21 71 8 226 1 4 60 9 171 116 106 166 113 279 151 156 218 184 348 3 8 59 2 187 
131 254 280 219 88 130 223 289 192 73 129 226 254 177 104 51 174 216 104 19 29 182 198 128 16 
94 0 0 9 0 83 0 0 0 0 99 0 0 0 0 100 0 0 0 0 120 15 23 16 29 
0 0 198 0 38 0 0 217 0 31 0 0 199 0 24 0 0 181 0 25 0 0 181 0 29 
0 0 43 49 0 63 45 87 83 54 0 0 34 31 0 50 43 86 72 41 36 27 70 62 24 
54 78 49 47 76 0 60 0 1 33 39 73 36 33 60 0 39 0 0 35 0 58 0 4 38 
615 622 643 692 626 0 0 0 0 0 0 0 0 0 0 0 0 0 0 0 0 0 0 0 0 
55 0 0 0 0 62 0 0 0 0 64 0 0 0 0 202 133 146 146 141 52 0 0 0 0 
0 0 0 34 0 76 66 52 105 54 0 0 0 21 0 46 50 64 94 52 45 49 46 102 39 
