959 934 859 825 879 1119 1124 1130 996 1049 733 739 754 722 810 1029 1049 1075 1051 1045 674 605 591 543 678 
149 122 147 139 152 0 0 0 0 0 107 76 108 90 97 0 0 0 0 0 0 0 0 0 0 
114 45 43 206 209 85 0 0 141 144 192 63 61 240 250 68 0 0 91 159 69 0 4 149 123 
304 47 112 92 112 212 0 30 4 0 387 92 176 110 126 426 185 299 226 230 286 57 102 65 79 
0 0 3 46 0 102 71 60 132 86 0 2 0 31 0 59 54 79 122 72 61 58 56 116 51 
171 33 88 133 14 148 4 83 90 0 160 28 83 111 19 137 0 51 122 0 316 196 274 323 183 
105 7 25 0 95 82 7 16 0 103 186 97 108 87 192 159 69 96 66 167 235 106 128 106 234 
0 0 0 0 0 0 0 0 0 0 1018 1025 978 1010 1044 0 0 0 0 0 0 0 0 0 0 
0 0 0 254 0 0 0 3 255 0 112 107 98 375 119 124 109 91 419 131 0 0 0 250 0 
20 7 17 239 10 0 0 0 223 0 50 52 40 229 38 0 0 0 197 0 0 7 2 230 3 
59 135 172 215 70 45 110 148 195 28 106 148 185 242 74 68 167 186 217 105 79 128 148 226 47 
0 0 0 0 0 0 0 0 0 0 0 0 0 0 0 60 64 72 62 84 174 159 157 189 160 
70 90 61 56 174 0 10 0 0 101 0 4 0 0 105 0 4 0 0 124 82 78 80 77 189 
141 154 149 153 153 0 0 0 0 0 0 0 0 0 0 0 0 0 0 0 83 79 64 68 83 
0 0 0 0 0 0 0 0 0 0 0 0 0 0 0 447 445 433 428 431 204 184 184 203 208 
0 199 0 0 79 0 171 0 0 100 133 333 154 136 217 0 185 0 0 95 0 215 0 0 76 
949 0 0 0 0 911 0 0 0 0 927 0 0 0 0 956 0 0 0 0 946 0 0 0 0 
16 4 220 113 154 57 18 191 150 173 139 120 282 246 218 204 214 385 341 330 129 99 265 238 283 
142 171 101 200 103 93 121 81 135 82 0 53 0 56 0 53 139 69 114 71 0 45 0 46 0 
39 11 16 6 27 137 96 130 110 130 28 0 0 0 20 32 0 0 0 26 138 125 107 112 157 
0 0 140 0 0 0 0 131 0 0 0 0 139 0 0 149 149 259 131 135 0 0 146 0 0 
0 64 43 46 0 0 78 43 45 0 35 96 90 97 33 0 70 47 47 0 0 69 55 42 0 
0 3 0 1 159 163 126 127 165 285 152 132 122 133 233 0 12 0 0 125 87 100 101 97 210 
0 0 0 0 0 0 0 0 0 0 0 0 0 0 0 1038 1076 1099 1079 996 0 0 0 0 0 
0 18 53 135 0 0 18 55 116 0 0 19 48 152 0 0 17 50 147 0 0 16 52 150 0 
92 60 0 0 0 121 83 18 21 14 187 112 43 48 33 122 81 0 0 0 125 127 36 27 36 
87 153 83 187 178 9 49 19 81 87 18 58 30 110 118 0 48 0 69 71 0 40 1 69 84 
60 92 101 47 12 68 116 166 62 3 206 248 266 252 197 70 121 108 51 3 200 167 224 181 106 
68 10 11 91 13 76 0 0 107 0 213 141 138 225 127 77 0 0 95 0 107 48 47 168 43 
111 78 40 43 28 129 84 44 55 30 51 45 14 0 0 78 65 14 9 12 71 51 8 0 0 
0 0 148 68 0 0 0 174 53 0 0 0 203 59 0 0 0 179 53 0 0 0 157 48 0 
121 153 168 118 111 0 43 73 0 0 0 52 63 0 0 36 68 92 32 31 0 39 96 0 0 
106 87 111 112 91 146 167 167 159 136 33 54 63 44 66 0 0 0 0 0 0 0 0 0 0 
0 0 0 165 0 0 0 0 174 0 230 234 220 408 241 0 0 0 171 0 0 0 0 155 0 
0 0 0 0 0 157 152 183 136 148 0 0 0 0 0 0 0 0 0 0 76 58 73 68 79 
111 1 0 68 46 139 38 64 123 106 222 74 94 166 166 92 0 0 72 37 188 77 89 154 136 
0 82 0 0 0 0 81 0 0 0 0 64 0 0 0 117 156 92 127 77 49 136 44 50 49 
0 0 113 0 0 111 111 241 136 130 0 0 113 0 0 12 9 161 6 15 18 22 116 14 22 
239 196 172 270 117 113 87 67 119 0 89 93 57 103 0 260 228 158 282 116 146 111 83 137 0 
0 0 0 0 0 36 41 31 21 22 0 0 0 0 0 67 83 79 71 105 108 115 116 106 149 
0 223 0 200 0 0 181 0 196 0 8 204 7 197 4 0 189 0 192 0 0 202 0 206 0 
0 40 0 130 0 0 52 0 137 0 0 50 0 148 0 70 144 69 203 74 0 60 0 123 0 
0 0 0 0 66 74 65 71 56 124 78 67 67 76 116 0 0 0 0 69 0 0 0 0 74 
85 323 363 54 250 17 227 250 5 176 65 281 335 59 249 106 335 321 93 257 204 384 407 161 328 
0 46 33 0 80 19 60 45 13 88 29 82 87 38 79 0 59 26 0 64 0 61 27 0 68 
110 89 103 117 116 13 0 0 35 0 14 0 0 38 0 19 0 0 40 0 88 63 59 105 79 
83 0 70 0 0 77 0 80 0 0 129 61 126 55 63 117 18 86 14 12 77 0 82 0 0 
0 18 81 0 96 0 12 70 0 107 0 15 74 0 106 0 13 90 0 134 0 13 69 0 102 
21 56 145 78 22 64 74 160 110 54 0 37 117 38 0 38 69 148 92 35 0 25 102 62 0 
0 67 0 0 0 0 74 0 0 0 119 236 111 137 121 0 92 0 0 0 15 85 22 26 28 
0 0 0 80 0 71 70 59 140 93 0 0 0 84 0 0 0 0 91 0 77 72 58 169 70 
59 0 121 59 0 81 0 121 60 0 78 0 106 57 0 57 0 128 76 0 49 0 117 60 0 
102 69 0 42 0 144 106 23 57 29 120 115 0 40 0 141 73 0 52 0 109 74 0 46 0 
0 0 0 0 28 197 195 196 201 232 0 0 0 0 37 0 0 0 0 35 0 0 0 0 36 
113 57 67 139 98 77 42 61 116 91 28 0 0 72 13 41 0 0 63 13 50 15 13 73 31 
29 62 9 6 10 17 55 0 0 0 21 88 0 0 0 147 183 143 131 126 30 79 0 0 0 
0 0 0 22 0 191 175 204 206 168 0 0 0 23 0 0 0 0 22 0 0 0 0 20 0 
71 79 133 138 89 0 0 52 63 0 0 0 74 60 0 0 0 66 53 0 0 0 59 62 0 
64 58 59 48 68 41 0 0 0 11 76 63 49 48 72 30 0 0 0 22 92 49 45 49 60 
0 0 25 0 69 9 6 36 12 88 0 0 33 0 69 9 7 42 8 95 81 75 113 64 152 
594 589 612 650 593 0 0 0 0 0 0 0 0 0 0 0 0 0 0 0 0 0 0 0 0 
67 129 161 80 92 34 99 107 29 35 0 36 81 0 0 0 39 85 0 0 0 43 76 0 0 
0 0 116 0 0 0 0 96 0 0 78 121 220 114 107 0 0 92 0 0 0 0 111 0 0 
111 135 44 67 165 42 51 0 0 93 50 72 0 0 77 43 46 0 0 98 66 54 0 0 90 
0 50 0 23 36 59 115 57 80 92 0 59 0 26 38 0 55 0 39 40 26 64 22 52 63 
8 7 99 4 11 0 0 87 0 0 0 0 83 0 0 36 39 120 27 29 75 78 150 59 85 
0 0 0 51 75 88 81 63 117 162 0 0 0 49 73 0 0 0 36 84 0 0 0 47 73 
109 182 86 85 97 24 128 0 0 0 33 129 7 8 11 29 85 0 0 0 31 93 0 4 0 
68 23 84 32 94 17 0 33 1 64 16 0 23 1 65 20 0 49 0 64 6 0 22 0 70 
65 3 3 0 2 75 0 5 1 0 105 52 30 57 69 104 44 12 34 32 184 110 103 140 113 
67 33 118 48 50 32 0 80 0 0 29 0 77 0 0 26 0 70 0 0 83 45 122 48 43 
80 63 85 48 51 26 26 18 0 4 47 66 49 24 39 38 24 20 0 12 25 25 25 0 0 
0 62 61 0 0 0 54 37 0 0 21 104 69 21 21 31 109 59 40 42 0 62 48 0 0 
34 74 44 30 39 18 81 23 17 18 13 61 14 0 18 21 38 16 10 15 0 51 0 0 0 
29 0 90 0 45 64 43 124 39 80 25 0 85 0 28 37 10 99 5 36 31 0 99 0 28 
0 2122 0 0 0 0 2169 0 0 0 0 2049 0 0 0 0 2111 0 0 0 0 2029 0 0 1 
28 88 87 16 11 80 177 159 93 73 10 121 92 4 0 43 142 119 62 31 8 91 88 0 0 
52 90 71 0 0 47 103 85 0 0 64 94 101 0 0 58 109 87 0 0 51 95 91 0 0 
9 151 0 183 0 130 282 127 344 161 148 291 140 375 147 5 150 0 220 0 10 146 0 184 0 
115 108 202 135 104 0 0 67 0 0 0 0 100 0 0 0 0 71 0 0 241 265 320 263 288 
0 0 0 0 0 1251 1206 1206 1168 1235 0 0 0 0 0 0 0 0 0 0 0 0 0 0 0 
0 0 83 128 0 0 0 77 110 0 0 0 82 129 0 0 0 84 128 0 0 0 74 131 0 
160 56 62 100 56 165 66 60 121 65 94 0 0 41 0 98 0 0 40 0 95 0 0 54 0 
0 112 0 0 74 0 135 0 0 70 0 150 0 0 83 0 129 0 0 63 0 136 0 0 94 
115 208 111 169 44 125 237 75 144 25 269 374 207 318 125 188 290 188 206 66 189 379 254 250 136 
95 90 284 284 86 0 0 194 211 10 127 128 300 310 121 0 0 175 203 14 23 12 200 192 18 
164 141 124 180 296 19 24 4 9 178 17 22 7 19 185 237 241 186 223 384 254 292 263 261 433 
0 60 0 0 0 0 47 0 0 0 0 60 0 0 0 7 59 4 7 3 149 184 149 127 144 
99 42 59 27 77 85 17 27 0 85 83 12 39 0 50 120 12 31 0 55 191 141 135 130 206 
202 76 0 101 0 200 69 0 102 0 205 59 0 104 0 193 58 0 113 0 209 58 0 121 0 
55 0 0 0 0 62 0 0 0 0 64 0 0 0 0 203 133 145 146 141 52 0 0 0 0 
99 249 245 140 68 123 226 268 149 64 133 262 257 119 81 66 176 211 82 6 60 225 241 100 21 
79 3 9 51 26 105 75 55 106 72 111 70 74 94 93 83 30 23 68 48 65 0 1 29 14 
119 122 139 89 195 0 0 6 0 60 63 77 87 71 124 0 0 21 0 54 0 0 12 0 65 
20 46 0 50 0 97 120 61 107 47 52 57 23 75 37 34 38 0 49 0 27 42 0 51 0 
90 112 98 105 155 96 91 87 84 114 0 21 0 0 58 0 26 0 0 29 71 86 67 65 104 
0 76 0 0 0 36 137 40 39 30 35 142 37 31 30 25 121 24 34 36 48 143 45 40 55 
33 11 41 33 0 103 71 112 112 63 43 21 47 37 0 47 9 44 35 0 41 20 37 38 0 
3 13 1 75 210 128 127 126 215 353 0 24 0 84 262 0 11 0 80 258 120 150 121 175 313 
8 22 88 7 246 1 0 59 9 175 109 90 164 120 271 132 130 210 162 337 2 3 60 3 188 
149 0 0 0 0 131 0 0 0 0 222 83 100 104 105 127 0 0 0 0 132 0 0 0 0 
0 0 0 0 829 0 0 0 0 784 0 0 0 0 839 0 0 0 0 839 0 0 0 0 780 
95 86 0 135 38 103 99 0 145 72 132 124 31 187 90 81 83 5 138 68 97 100 0 154 53 
200 0 0 0 0 356 111 113 100 97 223 0 0 0 0 222 0 0 0 0 215 0 0 0 0 
0 0 0 0 0 86 68 75 74 76 0 0 0 0 0 169 139 172 169 162 0 0 0 0 0 
0 21 0 152 0 36 58 47 197 32 0 20 0 140 0 0 17 0 142 0 0 23 0 167 0 
101 84 111 153 155 36 0 65 53 54 29 0 55 72 54 103 55 118 147 137 12 6 55 82 54 
55 61 62 146 127 30 24 34 92 86 0 0 0 92 64 0 0 0 59 57 8 12 11 86 68 
0 13 67 0 0 86 104 189 90 94 0 9 72 0 0 61 78 172 53 62 0 6 67 0 0 
213 17 194 0 0 216 10 185 0 0 207 8 191 2 0 183 8 201 0 0 221 26 195 12 11 
288 106 324 119 187 318 153 397 174 183 323 161 417 224 258 194 29 232 66 114 240 51 283 52 109 
65 151 69 83 66 0 86 0 27 0 16 125 28 33 27 0 104 0 17 0 0 73 0 22 0 
0 0 42 0 65 41 54 89 46 130 77 90 101 60 141 0 0 37 0 73 0 0 51 0 75 
0 0 16 0 187 0 0 16 0 178 0 0 28 0 166 0 0 25 0 179 0 0 23 0 182 
0 0 0 53 0 0 0 0 69 0 58 63 48 148 47 0 0 0 65 0 97 84 87 170 94 
120 0 0 130 0 148 0 0 134 0 144 0 0 123 0 126 0 0 138 0 121 0 0 135 0 
4 17 73 77 0 92 187 201 196 123 181 206 249 247 164 11 67 109 107 25 89 118 124 157 61 
114 173 139 114 252 0 0 0 0 90 0 0 0 0 88 25 24 35 26 140 0 0 0 0 104 
130 224 140 131 137 0 118 0 0 0 89 192 89 90 82 7 112 0 0 1 104 211 87 73 98 
153 134 86 85 82 80 47 0 0 0 88 50 4 1 7 66 49 0 0 0 77 60 0 0 0 
0 117 0 0 0 30 151 47 51 58 0 124 0 0 0 60 177 79 82 64 0 108 0 0 0 
0 0 0 0 0 0 0 0 0 0 0 0 0 0 0 0 0 0 0 0 451 422 468 436 413 
0 0 40 0 0 74 85 98 78 93 0 0 37 0 0 82 81 86 60 82 21 27 64 25 28 
8 15 16 17 52 0 0 0 0 36 80 80 71 69 99 0 0 0 0 33 68 101 79 75 105 
0 0 0 133 0 0 0 0 114 0 0 0 0 141 0 0 0 0 145 0 74 72 77 199 81 
0 70 0 34 74 0 66 0 42 84 0 56 0 36 94 0 64 0 30 75 20 78 25 56 119 
0 99 0 0 0 0 106 0 0 0 0 94 0 0 0 0 82 0 0 0 98 181 100 106 92 
0 0 0 36 0 77 59 71 85 76 48 17 38 49 47 0 0 0 18 0 97 96 104 153 104 
0 0 117 55 0 43 45 155 106 50 0 0 102 39 0 0 0 89 38 0 0 0 126 35 0 
0 11 0 0 0 0 86 24 0 20 0 61 0 0 24 0 47 4 0 0 0 42 13 0 3 
59 0 0 0 0 126 62 61 76 69 99 20 18 20 15 131 47 46 52 41 58 0 0 0 0 
83 35 33 111 37 39 0 0 91 0 48 0 0 85 0 83 35 30 120 32 54 0 0 82 0 
0 0 63 43 0 0 0 55 43 0 101 97 149 132 97 0 0 62 47 0 0 0 67 42 0 
45 0 0 86 127 116 90 103 171 216 42 1 4 107 142 50 18 39 92 107 35 39 50 108 140 
3 8 52 99 8 0 0 51 74 0 53 31 114 126 50 27 41 74 120 38 0 0 49 78 0 
63 3 60 55 10 52 2 48 43 26 157 93 145 141 106 89 22 70 63 15 59 0 54 42 0 
41 0 56 0 57 39 0 62 0 53 26 0 67 0 73 91 51 110 64 106 30 0 57 0 55 
81 29 168 87 61 66 12 170 83 39 54 0 140 25 16 147 66 218 136 108 100 27 199 81 65 
15 73 141 27 128 137 193 288 134 258 29 125 186 41 180 0 59 152 2 118 103 164 236 121 248 
18 22 25 68 54 40 39 42 83 78 0 0 0 30 28 0 0 0 22 14 83 98 111 138 113 
20 30 0 85 0 30 53 0 111 0 84 80 44 136 59 26 41 0 107 0 46 40 0 90 0 
0 0 59 0 0 165 160 224 153 179 0 0 69 0 0 0 0 75 0 0 0 0 74 0 0 
62 115 71 100 47 17 37 0 46 0 83 129 83 134 61 23 88 10 89 23 103 94 110 140 56 
12 7 0 0 74 15 2 0 0 60 63 61 44 44 129 25 21 15 13 80 92 122 98 102 146 
59 5 10 4 17 80 48 62 57 53 89 68 73 86 82 38 0 5 0 8 26 7 10 4 15 
20 99 77 18 35 0 89 81 9 9 0 79 49 0 19 0 85 55 4 13 51 133 117 45 85 
159 201 106 103 105 80 64 45 22 21 43 51 16 0 0 44 54 16 0 0 33 44 13 0 0 
95 0 0 34 0 83 0 0 19 0 98 0 0 18 0 100 0 0 0 0 122 15 23 42 29 
72 87 18 24 26 57 43 0 0 3 55 80 15 9 16 59 66 27 30 53 81 67 52 26 45 
36 66 40 70 24 0 56 0 42 12 0 44 7 46 17 0 37 7 31 12 33 95 52 95 74 
0 0 55 27 11 0 0 44 34 3 0 0 44 40 5 43 52 121 92 60 54 50 100 92 61 
29 38 26 22 31 0 0 0 0 0 71 59 57 62 55 0 0 0 0 0 120 106 99 114 110 
45 36 36 33 43 0 0 16 0 0 0 0 21 0 0 54 44 87 56 50 123 103 136 132 122 
28 44 104 37 51 2 6 59 7 11 54 49 125 55 51 0 0 49 2 0 0 0 52 13 0 
0 0 180 32 0 0 0 141 23 0 19 20 156 37 18 0 0 166 23 0 0 0 162 23 0 
36 110 0 0 0 86 153 62 59 51 81 180 39 15 13 99 192 67 68 70 35 104 0 0 0 
79 2 67 83 96 152 73 172 162 176 156 83 168 184 191 145 44 95 104 142 97 5 79 116 97 
98 139 75 62 69 13 61 2 0 0 81 154 70 61 62 44 84 29 20 21 22 70 0 0 0 
0 117 108 166 0 0 129 119 165 0 0 108 119 169 3 0 116 116 156 1 0 128 119 169 3 
13 0 0 132 0 9 0 0 95 0 88 66 88 187 84 10 0 0 99 0 20 1 0 105 0 
49 71 42 42 61 0 53 0 0 24 50 85 44 40 60 6 33 0 0 33 0 61 0 0 28 
135 162 41 69 116 190 251 83 117 245 150 197 77 63 134 81 91 9 16 94 221 271 118 145 161 
68 187 132 80 104 7 46 63 13 2 31 73 102 35 28 19 74 59 12 25 0 61 52 0 0 
1 7 9 0 60 1 21 20 0 102 0 11 15 7 45 57 75 65 30 138 19 29 36 24 92 
585 451 477 357 424 446 191 237 202 194 434 274 291 171 256 331 136 108 68 128 516 298 344 306 326 
82 59 1 4 1 151 139 64 70 71 79 78 0 0 0 95 83 20 15 19 66 56 0 0 0 
173 319 132 163 140 256 397 147 259 196 127 268 100 163 79 36 193 0 44 0 87 220 62 93 39 
12 0 0 71 0 0 0 3 46 0 61 50 63 85 30 75 52 53 95 70 20 0 6 32 0 
0 0 0 0 52 0 0 0 0 56 0 0 0 0 65 0 0 0 0 58 134 157 141 152 185 
60 0 25 0 13 111 11 45 17 26 120 54 85 34 57 126 65 96 53 78 102 29 38 17 24 
145 0 0 43 0 151 0 0 52 0 134 0 0 32 0 163 0 0 41 0 142 0 0 34 0 
148 118 168 231 112 38 1 80 123 5 79 39 137 181 79 49 13 91 105 26 55 0 85 97 0 
0 0 47 59 0 73 59 107 97 63 0 0 41 45 0 63 54 101 88 48 49 37 93 85 33 
79 118 94 183 177 0 9 4 101 52 0 25 5 61 55 0 17 16 97 60 36 42 34 109 58 
129 128 97 59 20 177 164 146 127 105 86 90 82 31 9 242 220 220 154 150 128 166 139 45 72 
63 154 62 66 59 0 66 0 0 0 6 94 4 5 4 0 67 0 0 0 85 172 75 85 74 
0 0 0 18 0 0 0 0 22 0 0 0 0 18 0 0 0 0 20 0 176 188 217 220 216 
46 0 0 33 39 118 84 76 103 103 49 0 0 35 39 39 0 0 25 42 50 0 0 29 34 
56 0 42 113 82 11 5 29 109 85 78 21 47 125 124 19 0 36 90 89 121 89 123 201 214 
0 77 58 0 70 0 73 64 0 76 0 83 57 0 56 0 69 65 0 70 0 91 70 0 68 
42 21 54 40 31 68 49 90 53 53 21 8 35 18 13 53 39 103 68 48 8 0 32 0 0 
74 0 0 0 51 63 0 0 0 49 83 0 0 0 55 66 0 0 0 44 170 90 76 88 149 
67 100 18 117 85 57 110 5 106 113 49 78 0 121 71 214 239 156 234 186 111 175 96 167 153 
92 0 0 0 0 117 0 0 0 0 122 0 0 0 0 102 0 0 0 0 205 85 83 87 99 
71 87 103 78 62 10 39 40 16 9 0 14 46 0 0 63 74 87 52 48 22 30 60 18 14 
0 0 0 140 37 0 0 0 158 28 27 29 16 157 51 0 0 0 149 34 0 1 0 138 39 
0 0 179 0 35 0 0 200 0 27 0 0 180 0 23 0 0 165 0 21 0 0 163 0 26 
0 0 0 146 13 133 117 114 312 166 1 0 0 169 16 94 98 78 222 83 0 0 0 129 8 
0 0 0 7 5 0 0 0 5 7 0 0 0 0 0 0 0 0 0 0 0 17 0 13 5 
0 0 0 1204 0 0 0 0 1219 0 0 0 0 1235 0 0 2 3 1312 1 0 0 0 1248 0 
0 0 1458 0 0 0 0 1477 0 0 0 0 1377 0 0 0 0 1504 0 0 0 0 1460 0 0 
