791 715 590 681 643 1054 1084 1002 947 964 585 619 471 624 677 969 907 852 916 924 540 473 350 452 529 
300 246 294 269 252 0 3 0 0 0 176 139 172 154 177 0 0 0 0 1 0 0 0 0 0 
123 49 32 179 212 79 0 0 138 167 137 47 32 210 219 59 0 0 79 136 66 0 4 114 135 
145 0 121 166 175 206 42 218 221 222 300 138 297 343 336 226 41 170 213 237 168 0 126 204 171 
199 50 143 158 48 166 9 86 123 0 128 33 72 92 15 135 6 51 141 1 347 220 328 374 226 
112 11 16 0 99 115 7 17 0 137 219 110 108 98 231 207 75 118 77 206 280 140 155 138 290 
0 0 0 0 0 0 0 0 0 0 1024 1047 993 1015 1054 0 0 0 0 0 0 0 0 0 0 
0 0 0 270 0 0 0 3 245 1 113 103 99 374 125 127 109 98 398 128 0 1 0 242 0 
16 8 19 211 7 0 0 0 204 0 42 45 40 213 30 0 0 0 183 0 3 5 2 209 0 
0 0 0 0 0 0 0 0 0 0 0 0 0 0 0 64 66 81 80 97 204 203 188 213 185 
62 84 56 44 138 0 8 0 0 81 0 3 0 0 86 0 5 0 0 92 72 67 66 56 135 
144 151 151 154 149 0 0 0 0 0 0 0 1 0 0 0 0 0 0 0 79 84 71 69 78 
0 0 0 0 0 0 0 0 0 0 0 0 0 0 0 433 432 421 415 415 192 177 185 187 206 
0 202 0 0 86 0 164 0 0 104 95 291 115 103 192 0 189 0 0 101 0 209 0 0 82 
811 0 0 0 0 810 0 0 0 0 800 0 0 0 0 834 0 0 0 0 850 0 0 0 0 
11 4 179 131 177 79 86 266 218 270 137 132 314 263 289 207 191 402 327 337 128 94 281 214 301 
94 147 90 149 79 77 115 67 140 81 0 47 0 52 0 41 92 62 105 54 0 48 0 50 0 
39 8 14 8 36 149 120 145 125 158 29 0 0 0 22 30 0 0 0 25 140 132 134 127 161 
0 0 164 0 0 0 0 149 0 0 0 0 160 0 0 181 164 285 148 159 0 0 159 0 0 
0 99 56 66 0 0 104 59 60 0 53 124 110 130 42 0 83 62 57 0 0 98 69 57 0 
1 0 2 1 156 137 110 117 150 269 144 133 136 123 235 2 2 0 1 131 85 88 119 89 213 
0 0 0 0 0 0 0 0 0 0 0 0 0 0 0 1003 1063 1077 1042 979 0 0 0 0 0 
0 19 71 185 0 0 19 63 139 0 0 21 57 179 0 0 19 61 183 1 0 19 66 187 0 
87 138 87 170 174 9 45 21 81 70 24 68 30 86 106 0 56 0 77 75 0 44 2 62 69 
132 147 180 104 0 134 142 208 115 4 306 329 402 346 208 111 125 185 111 0 271 259 371 273 131 
77 11 19 91 19 76 0 0 127 0 209 155 142 232 130 64 0 0 105 0 107 35 45 177 36 
107 82 40 47 33 134 89 43 52 28 61 47 13 0 0 83 67 20 13 13 79 47 9 0 0 
0 0 208 82 0 0 0 241 73 0 0 0 285 89 0 0 0 254 56 0 0 0 231 64 0 
106 147 145 109 97 0 48 57 0 0 0 45 59 0 0 39 69 93 32 33 0 40 86 0 1 
78 60 80 80 60 113 130 114 121 108 27 44 43 40 42 0 0 0 0 0 0 0 0 0 0 
0 0 0 178 0 0 0 0 183 0 236 231 222 424 240 0 0 0 181 0 0 0 0 169 0 
0 0 0 0 0 154 137 179 147 148 0 0 0 0 0 0 0 0 0 0 76 57 72 68 81 
153 7 23 104 61 164 53 60 159 113 275 105 123 202 180 102 1 3 105 52 236 83 111 205 157 
0 74 0 0 0 0 72 0 0 0 0 57 0 0 0 101 137 74 111 74 48 117 42 46 46 
0 0 95 0 0 85 85 176 105 104 0 0 92 0 0 7 9 97 4 8 14 13 82 9 15 
249 259 206 245 115 120 117 73 84 0 84 119 51 76 0 260 259 160 240 118 148 145 82 107 0 
0 45 0 140 0 0 55 0 144 0 0 50 0 159 0 71 148 78 244 81 0 63 0 134 0 
0 0 0 0 74 82 69 75 59 135 82 74 71 80 126 0 0 0 0 74 0 0 0 0 78 
112 284 313 66 220 16 185 220 6 132 66 247 304 68 189 87 269 285 104 228 185 327 366 154 263 
0 77 45 0 115 22 86 58 16 135 38 126 95 41 124 0 86 41 0 87 0 93 33 0 114 
110 87 100 121 118 13 0 0 37 0 13 0 0 34 0 17 0 0 41 0 86 63 57 103 76 
69 0 65 0 0 63 0 75 0 0 113 53 105 47 50 99 16 78 13 12 66 0 73 0 0 
0 21 88 0 100 0 12 74 0 114 0 17 81 0 108 0 14 97 0 142 0 13 77 0 102 
15 46 142 75 18 60 70 167 104 62 0 45 121 36 0 47 81 156 105 43 0 26 110 51 0 
0 88 0 0 0 0 104 0 0 1 184 336 184 185 194 0 118 0 0 0 15 108 19 27 36 
0 0 0 72 0 61 64 52 123 81 0 0 0 70 0 0 0 0 80 0 72 63 57 148 61 
50 0 95 50 0 58 0 113 54 0 59 0 100 54 0 52 0 113 58 0 44 0 101 51 0 
77 46 0 29 0 103 73 16 47 24 92 86 0 25 0 110 53 0 41 0 87 58 0 33 0 
0 0 0 0 47 238 238 244 250 267 0 0 0 0 60 0 0 0 0 61 0 0 0 0 53 
124 58 75 152 100 87 45 60 133 88 37 0 0 75 17 40 0 0 70 18 45 13 11 69 43 
29 55 8 6 10 17 48 0 0 0 21 74 0 0 0 126 162 124 115 112 28 72 0 0 0 
0 0 0 21 0 186 170 197 198 164 0 0 0 23 0 0 0 0 22 0 0 0 0 19 0 
70 79 133 138 88 0 0 52 63 0 0 0 74 60 0 0 0 67 53 0 0 0 58 62 0 
68 64 69 56 78 46 0 0 0 11 89 65 51 53 82 33 0 0 0 22 109 52 48 52 69 
0 0 30 0 79 3 0 40 9 101 0 0 44 0 89 2 3 34 0 97 103 102 142 83 193 
59 112 151 71 74 33 85 106 31 28 0 34 81 0 0 0 42 75 0 0 0 43 69 0 0 
0 0 115 0 0 0 0 101 0 0 80 122 235 124 107 0 0 91 0 0 0 0 107 0 0 
106 122 35 54 141 41 45 0 0 90 44 64 0 0 70 49 43 0 0 78 58 55 0 0 82 
0 49 0 23 36 59 115 57 80 94 0 59 0 27 38 0 55 0 39 40 26 65 22 53 63 
9 8 114 6 15 0 0 115 0 0 0 0 98 0 0 43 48 151 30 30 97 93 179 70 97 
0 0 0 51 75 88 81 63 117 163 0 0 0 49 73 0 0 0 36 84 0 0 0 47 73 
96 171 83 76 86 22 110 0 0 0 30 117 6 8 9 22 75 0 0 0 26 82 3 2 0 
78 38 106 55 108 20 0 45 14 66 23 0 48 12 82 21 0 55 12 64 13 0 44 15 71 
66 0 13 0 2 68 1 7 0 0 99 55 56 53 81 94 24 0 0 0 142 78 85 96 57 
20 34 117 47 50 0 0 81 0 0 0 0 77 0 0 1 0 70 0 0 42 34 100 34 28 
0 62 63 0 0 1 66 53 7 5 21 100 76 21 21 32 108 57 39 40 0 62 55 0 0 
0 0 89 0 43 21 28 92 20 65 0 0 82 0 29 0 6 91 0 27 0 0 93 0 28 
0 2146 0 0 0 0 2222 0 0 0 0 2086 0 0 0 0 2132 0 0 0 0 2086 0 0 0 
21 118 97 21 9 79 205 183 92 71 6 141 116 4 0 33 225 185 92 34 11 117 95 1 0 
67 107 100 0 0 56 166 128 0 0 74 151 124 0 0 77 140 109 0 0 77 150 121 0 0 
0 98 0 116 0 73 168 93 208 105 85 150 35 174 51 0 87 0 139 0 0 125 0 116 0 
0 0 0 0 0 1321 1269 1269 1227 1294 0 0 0 0 0 0 0 0 0 0 0 0 0 0 0 
0 0 80 125 0 0 0 75 106 0 0 0 81 127 0 0 0 81 125 0 0 0 72 128 0 
133 46 49 80 38 137 51 49 105 54 78 0 0 37 0 84 0 0 35 0 81 0 0 42 0 
0 121 0 0 83 0 149 0 0 69 0 160 0 0 90 0 139 0 0 73 0 150 0 0 111 
141 237 149 204 66 124 260 125 146 27 310 379 289 322 148 212 302 249 241 114 190 280 271 212 140 
80 71 256 271 73 0 0 179 190 0 113 107 265 306 90 1 0 156 183 5 5 13 171 204 18 
142 118 106 158 258 8 15 1 2 155 5 13 8 9 156 208 214 170 186 359 198 243 250 223 382 
0 141 0 0 0 0 97 0 0 0 0 120 0 0 0 7 120 4 5 3 272 365 285 260 257 
50 19 35 5 46 51 16 34 0 43 46 13 37 0 35 69 16 27 0 49 122 97 86 81 126 
200 76 0 99 0 205 74 0 102 0 206 61 0 100 0 193 72 0 110 0 195 53 0 114 0 
0 0 1437 0 0 0 0 1467 0 0 0 0 1352 0 0 0 0 1469 0 0 0 0 1438 0 0 
69 3 11 52 25 105 63 51 97 84 103 65 59 82 88 81 27 18 67 38 59 0 0 28 10 
100 115 122 78 177 0 0 8 0 44 57 72 68 55 108 0 0 16 0 48 0 0 12 0 62 
43 81 0 94 0 134 177 96 199 82 93 108 69 170 74 53 77 0 90 0 37 68 0 91 0 
84 104 87 121 168 89 98 74 69 119 0 32 0 0 57 0 21 0 0 30 63 79 61 57 109 
0 69 0 0 0 32 131 35 32 32 36 140 37 33 34 26 122 24 32 38 43 123 46 36 52 
33 11 41 34 0 103 71 112 112 63 43 21 47 37 0 47 9 44 35 0 41 20 37 39 0 
134 0 0 0 0 128 0 0 0 0 202 76 96 100 97 116 0 0 0 0 130 0 0 0 0 
0 0 0 0 834 0 0 0 0 792 0 0 0 0 837 0 0 0 0 823 0 0 0 0 779 
77 128 101 219 192 0 10 6 100 52 0 13 6 76 66 0 17 18 98 61 41 50 38 123 70 
136 0 0 0 0 255 97 101 89 77 151 0 0 0 0 157 0 0 0 0 147 0 0 0 0 
0 0 0 0 0 84 65 78 70 76 0 0 0 0 0 153 131 160 153 159 0 0 0 0 0 
0 22 0 143 0 33 55 46 186 32 0 19 0 132 0 0 16 0 136 0 0 20 0 160 0 
158 54 136 106 173 101 0 73 31 55 120 0 114 63 80 224 114 174 128 173 77 0 33 33 55 
51 57 69 167 135 31 25 37 94 90 0 0 0 92 66 0 0 1 54 59 9 13 9 94 68 
0 9 61 0 0 78 97 162 84 89 0 10 68 0 0 55 76 158 47 58 0 5 64 0 0 
122 0 119 0 0 108 0 91 0 0 99 0 107 0 0 77 0 107 0 0 116 11 96 13 10 
345 126 346 146 244 367 160 406 192 229 324 134 363 143 241 230 20 215 38 131 197 47 236 24 130 
66 157 70 85 66 0 92 0 27 0 18 129 29 35 28 0 108 0 18 0 0 76 0 23 0 
0 0 33 0 58 35 46 78 44 113 55 74 89 53 121 0 0 33 0 61 0 0 49 0 58 
0 0 16 0 217 0 0 16 0 204 0 0 32 0 183 0 0 25 0 205 0 0 27 0 223 
0 0 0 52 0 0 0 0 62 0 55 62 46 147 45 0 0 0 61 0 87 81 88 167 89 
121 0 0 125 0 148 0 0 135 0 144 0 0 126 0 128 0 0 139 0 142 0 0 141 0 
1 48 82 73 7 105 191 185 187 128 168 207 222 234 146 26 79 110 107 37 85 120 119 143 57 
101 124 111 102 206 0 0 0 0 71 0 0 0 0 73 22 25 26 20 100 0 0 0 0 74 
77 177 91 88 98 0 112 0 0 0 59 161 61 67 52 10 109 4 0 13 93 196 83 77 96 
136 126 76 78 78 75 45 0 0 0 85 46 4 4 8 63 47 0 0 0 71 56 0 0 0 
0 127 0 0 1 38 185 59 60 69 0 133 0 0 0 66 203 88 93 75 0 117 0 0 0 
0 0 0 0 0 0 0 0 0 0 0 0 0 0 0 0 0 0 0 0 444 414 444 422 387 
0 0 37 0 0 73 79 92 75 87 0 0 31 0 0 77 75 85 59 79 19 25 59 22 26 
8 15 16 16 53 0 0 0 0 37 84 86 73 70 102 0 0 0 0 35 76 110 86 82 112 
0 0 0 131 0 0 0 0 124 0 0 0 0 148 0 0 0 0 154 0 88 72 83 215 90 
1 65 0 34 72 3 64 0 39 77 1 54 0 36 91 0 58 0 32 73 17 76 20 51 113 
0 19 0 13 0 75 88 63 61 68 74 69 76 66 71 0 16 0 15 0 122 138 126 144 120 
0 0 122 58 0 44 47 161 110 51 0 0 102 39 0 0 0 96 44 0 0 0 130 38 0 
71 0 0 0 0 146 71 70 85 76 116 22 19 23 17 147 52 56 63 48 67 0 0 0 0 
83 35 33 111 37 39 0 0 91 0 48 0 0 85 0 82 35 30 120 32 55 0 0 83 0 
0 0 62 43 0 0 0 55 43 0 101 99 148 132 97 0 0 62 47 0 0 0 67 42 0 
3 4 53 97 7 0 0 46 72 0 55 29 112 121 50 27 38 71 119 37 0 0 47 80 0 
86 5 43 41 8 41 0 41 44 6 135 87 133 105 96 90 20 50 47 2 59 0 58 42 0 
39 0 54 0 55 38 0 56 0 51 26 0 66 0 70 88 49 103 64 103 30 0 54 0 53 
76 24 132 67 51 66 11 126 88 35 55 0 124 21 18 136 50 166 82 95 82 33 173 80 68 
13 97 181 34 145 111 215 307 120 258 24 124 197 46 153 0 46 176 1 132 82 124 209 93 211 
33 29 25 96 75 44 53 50 106 94 0 0 0 44 47 0 0 0 29 20 97 121 117 150 131 
18 29 0 83 0 29 47 0 103 0 77 72 38 127 53 25 36 0 103 0 39 33 0 79 0 
0 0 60 0 0 190 159 218 160 189 0 0 61 0 0 0 0 80 0 0 0 0 71 0 0 
58 13 14 5 20 97 63 67 66 67 108 80 96 98 91 51 0 3 0 11 35 11 17 8 22 
23 151 97 22 50 0 120 86 10 18 0 120 53 0 36 0 125 66 6 18 49 187 119 48 95 
153 204 107 100 107 70 70 48 22 20 40 64 16 0 0 43 49 17 0 0 30 46 17 0 0 
51 60 0 0 0 71 39 3 0 0 65 53 22 7 11 73 62 49 47 57 73 53 41 0 44 
37 64 40 65 28 0 48 7 41 14 0 42 10 44 16 0 33 14 28 12 38 92 63 95 75 
0 0 64 33 13 0 0 58 41 4 0 0 55 48 8 44 56 153 101 77 58 57 118 110 76 
31 45 28 23 38 0 0 0 0 0 77 66 69 73 61 0 0 0 0 0 130 120 110 128 122 
39 31 21 24 27 0 0 0 0 0 0 0 21 0 0 60 60 97 73 77 116 82 116 144 141 
30 33 96 18 29 0 0 54 0 1 60 50 129 39 48 0 0 51 0 0 0 0 55 0 0 
0 0 107 6 0 0 0 50 2 0 19 20 52 0 18 0 0 72 10 0 0 0 68 0 0 
44 70 0 0 0 66 93 38 30 29 68 109 17 14 9 80 120 37 37 42 37 66 0 0 0 
94 124 74 57 70 11 45 3 0 0 84 137 65 59 61 47 77 28 17 15 24 58 0 0 0 
0 121 114 168 0 0 136 119 174 0 0 116 127 179 0 0 120 120 162 0 0 131 123 173 2 
17 0 0 207 0 17 0 0 143 0 145 105 123 260 109 17 0 0 142 0 27 2 0 151 4 
181 209 30 129 143 196 304 92 145 210 179 249 98 155 154 114 161 13 55 91 320 384 177 218 230 
75 219 152 89 105 8 47 69 11 6 41 93 113 40 31 26 93 72 14 30 0 73 49 0 0 
2 26 19 4 67 9 25 21 0 105 11 21 15 5 58 53 92 70 43 145 31 39 41 26 100 
609 449 541 363 491 437 156 251 146 234 445 243 302 156 266 328 128 133 34 137 519 313 419 288 376 
84 65 0 3 0 180 160 80 80 74 97 90 0 0 0 101 101 20 15 21 84 61 0 0 0 
160 304 129 142 129 259 383 154 283 190 148 290 89 147 74 36 183 2 54 0 98 212 57 95 41 
0 0 0 0 53 0 0 0 0 56 0 0 0 0 65 0 0 0 0 59 135 159 142 153 186 
150 0 0 54 0 156 0 0 55 0 141 0 0 40 0 168 0 0 46 0 149 0 0 41 0 
187 161 217 292 162 33 0 87 139 0 95 49 146 228 68 41 9 118 113 39 45 0 91 98 0 
139 109 83 61 50 179 148 127 111 111 93 60 50 33 21 236 169 171 124 140 180 167 136 58 93 
84 165 65 79 75 0 73 0 0 1 6 104 6 9 7 0 90 0 0 0 97 189 78 106 77 
0 0 0 16 0 0 0 0 20 0 0 0 0 19 0 0 0 0 18 0 184 198 220 229 228 
39 0 44 83 81 7 0 32 86 81 57 19 49 125 100 22 0 36 82 85 128 80 120 199 189 
1 78 64 0 75 0 74 73 0 83 0 91 60 0 67 0 74 77 0 85 0 102 74 0 76 
47 22 56 40 33 72 51 92 56 55 23 17 36 20 13 55 45 103 71 49 8 0 32 2 0 
77 0 0 0 49 65 0 0 0 49 81 0 0 0 58 65 0 0 0 51 168 88 80 86 145 
61 96 0 96 53 53 75 0 125 70 65 81 2 165 80 151 220 106 243 145 74 139 28 144 84 
84 124 126 96 82 10 42 55 11 11 0 11 54 0 0 68 86 101 61 52 20 32 62 27 15 
0 0 0 140 35 0 0 0 158 28 27 29 16 157 51 0 0 0 149 34 0 0 0 138 38 
0 0 0 190 12 235 202 174 474 239 0 0 0 203 16 166 179 176 366 162 5 0 0 194 10 
53 114 140 168 60 23 79 108 146 12 57 106 125 144 56 45 153 151 196 78 91 134 167 230 89 
0 0 0 1254 0 0 0 0 1277 0 0 0 0 1291 0 0 1 1 1332 1 0 0 0 1286 0 
217 1 0 0 0 219 14 20 18 21 189 0 0 0 0 205 0 0 0 0 190 0 0 0 0 
92 0 0 0 0 117 0 0 0 0 122 0 0 0 0 102 0 0 0 0 206 88 85 89 99 
205 103 79 128 126 78 0 0 10 24 163 55 45 61 75 187 49 67 104 80 209 157 123 174 152 
52 61 124 94 81 0 0 52 0 0 0 0 53 0 0 0 0 54 0 0 159 179 216 162 157 
0 12 0 69 202 116 130 117 203 330 1 29 1 83 240 0 10 0 77 245 111 142 110 171 297 
7 11 72 10 240 5 0 65 9 175 114 101 159 123 296 136 145 198 171 347 2 4 52 2 193 
133 247 244 200 70 151 211 288 168 72 126 237 274 155 118 20 137 184 99 2 15 164 207 133 13 
136 0 1 19 0 113 0 0 0 0 126 0 0 0 0 123 0 0 0 0 155 21 37 51 39 
48 70 43 26 42 0 51 0 1 25 51 84 45 39 61 7 41 0 0 34 0 54 0 0 23 
611 628 643 679 628 0 0 0 0 0 0 0 0 0 0 0 0 0 0 0 0 0 0 0 0 
74 64 0 0 0 105 85 18 18 15 165 104 42 35 28 109 78 0 0 0 122 115 27 28 33 
30 0 0 56 69 71 43 38 92 122 18 0 0 61 66 36 6 15 53 58 27 19 24 66 78 
20 8 1 0 84 18 5 0 1 70 76 76 51 50 158 22 30 16 12 84 95 122 98 97 143 
55 0 0 0 0 62 0 0 0 0 63 0 0 0 0 202 133 145 146 141 52 0 0 0 0 
81 142 115 98 116 109 257 143 149 199 17 116 54 34 43 113 194 126 134 148 116 214 151 152 157 
0 0 0 0 0 31 35 30 19 21 0 0 0 0 0 59 67 68 65 90 101 95 96 97 128 
143 11 67 0 21 210 0 50 5 18 299 92 151 106 96 317 167 265 182 163 232 61 91 40 43 
18 0 47 0 0 14 0 20 0 0 23 0 35 3 0 107 73 108 94 87 35 1 34 0 0 
0 0 200 0 38 0 0 219 0 33 0 0 203 0 29 0 0 200 0 21 0 0 185 0 30 
105 61 0 127 40 109 76 2 114 68 108 96 36 164 72 89 68 0 114 49 72 72 0 125 37 
40 65 43 61 32 11 22 0 24 0 59 80 51 86 36 11 43 5 35 5 55 56 51 79 29 
0 0 46 53 0 75 51 98 89 72 0 0 38 37 0 57 55 97 87 44 42 30 86 78 25 
4 0 0 0 13 0 31 0 0 0 0 0 0 0 0 40 53 42 51 72 0 0 0 0 0 
0 234 0 212 0 0 191 0 210 0 8 218 8 203 7 0 200 0 203 0 0 214 0 217 0 
95 18 95 0 0 109 11 98 0 0 115 12 92 0 0 124 10 96 0 0 109 17 107 0 0 
