884 823 590 695 775 1062 1159 989 1006 1089 645 684 562 641 731 956 966 926 1018 982 613 625 408 476 644 
219 205 240 200 209 0 0 0 0 0 140 96 141 117 126 0 0 0 0 0 0 0 0 0 0 
159 58 54 236 257 86 0 0 164 173 237 77 85 295 306 75 0 0 145 178 82 0 0 150 146 
0 0 69 83 1 108 71 130 130 98 4 5 62 46 2 100 57 150 117 68 59 36 120 106 44 
144 38 93 128 43 117 11 75 91 0 130 31 91 99 36 103 1 46 102 0 244 152 215 271 144 
108 7 24 0 100 97 5 23 0 115 192 93 108 84 185 163 64 88 51 151 236 119 156 117 261 
0 0 0 0 0 0 0 0 0 0 1021 1033 980 1004 1043 0 0 0 0 0 0 0 0 0 0 
0 0 0 303 0 0 0 2 253 0 120 129 127 414 128 129 126 100 444 145 0 0 0 250 0 
14 8 19 188 5 0 0 0 195 0 39 47 40 181 30 0 0 0 158 0 3 6 4 174 3 
0 0 0 0 0 0 0 0 0 0 0 0 0 0 0 75 71 72 71 92 202 165 167 208 180 
65 84 67 52 160 0 8 0 0 102 0 5 0 0 99 0 6 0 0 114 76 73 68 61 154 
133 140 144 156 157 0 0 0 0 0 0 0 0 0 0 0 0 0 0 0 81 79 64 68 79 
0 0 0 0 0 0 0 0 0 0 0 0 0 0 0 426 432 418 407 420 192 179 182 190 204 
0 199 0 0 81 0 172 0 0 94 126 326 149 135 215 0 183 0 0 92 0 210 0 0 75 
799 0 0 0 0 792 0 0 0 0 785 0 0 0 0 816 0 0 0 0 827 0 0 0 0 
17 12 203 128 158 38 16 194 120 169 115 117 316 253 246 205 186 412 376 335 139 99 276 239 306 
68 130 77 149 61 55 72 59 108 60 0 38 0 49 0 41 88 46 84 38 0 36 0 36 0 
37 9 16 8 26 143 106 132 120 132 32 0 0 0 19 31 0 0 0 22 135 118 111 113 169 
0 0 131 0 0 0 0 125 0 0 0 0 142 0 0 124 107 239 110 115 0 0 141 0 0 
0 73 49 48 0 0 86 43 50 0 39 100 92 106 35 0 75 51 51 0 0 74 57 50 0 
0 1 0 1 162 151 108 141 160 287 139 123 105 126 217 5 10 0 0 118 85 86 101 99 222 
0 0 0 0 0 0 0 0 0 0 0 0 0 0 0 1035 1087 1108 1070 1026 0 0 0 0 0 
0 18 53 134 0 0 17 56 116 0 0 18 47 145 0 0 17 50 141 0 0 15 52 143 0 
89 63 0 0 0 102 93 15 20 17 162 115 42 45 33 106 74 0 0 0 107 104 25 25 35 
67 106 75 135 148 6 34 15 64 70 11 34 18 74 81 0 42 0 55 65 0 28 0 58 60 
108 123 121 82 9 110 122 199 82 0 283 301 311 273 192 108 130 145 73 8 255 214 286 234 133 
81 10 8 101 18 71 0 0 118 0 212 148 127 221 130 70 4 0 101 1 119 54 50 186 43 
118 93 42 48 36 145 100 50 49 29 64 58 16 0 0 98 77 18 15 14 87 52 9 0 0 
0 0 139 59 0 0 0 155 53 0 0 0 181 53 0 0 0 165 46 0 0 0 139 43 0 
120 169 176 118 111 0 56 69 0 0 0 48 64 0 0 42 65 95 33 36 0 43 92 0 0 
66 54 69 67 60 101 117 103 112 100 23 40 42 37 39 0 0 0 0 0 0 0 0 0 0 
0 0 0 172 0 0 0 0 179 0 239 238 224 424 248 0 0 0 180 0 0 0 0 164 0 
0 0 0 0 0 158 153 190 148 157 0 0 0 0 0 0 0 0 0 0 80 65 73 68 88 
109 0 0 56 52 128 33 50 103 96 205 82 87 136 142 76 0 0 71 40 190 79 83 144 126 
0 78 0 0 0 0 79 0 0 0 0 58 0 0 0 120 144 83 118 85 53 127 46 49 49 
0 0 103 0 0 93 91 190 110 120 0 0 97 0 0 3 9 109 2 7 17 14 87 10 16 
249 224 189 246 109 122 110 81 120 0 83 106 57 109 0 265 259 161 278 110 126 129 73 138 0 
0 0 0 0 0 31 35 30 19 22 0 0 0 0 0 59 67 68 65 90 100 94 96 98 128 
0 225 0 201 0 0 181 0 196 0 8 204 7 197 7 0 186 0 191 0 0 198 0 205 0 
0 39 0 139 0 0 54 0 173 0 0 55 0 170 0 81 163 79 249 85 0 63 0 163 0 
0 0 0 0 98 97 82 105 67 166 114 88 91 94 161 0 0 0 0 88 0 0 0 0 97 
81 320 372 65 220 22 198 259 7 120 69 301 367 62 226 82 323 316 92 238 201 376 430 173 287 
0 52 36 0 86 23 69 51 15 103 31 104 98 50 97 0 64 35 0 71 0 68 29 0 75 
109 88 106 114 124 13 0 0 35 0 13 0 0 40 0 18 0 0 41 0 86 66 59 109 77 
71 0 67 0 0 64 0 79 0 0 119 54 115 49 53 105 18 86 14 14 67 0 76 0 0 
0 18 81 0 96 0 12 69 0 107 0 16 74 0 106 0 14 91 0 133 0 13 68 0 101 
17 65 169 95 28 49 72 171 132 66 0 39 123 48 0 51 78 179 124 54 0 21 111 71 0 
0 60 0 0 0 0 69 0 0 0 108 219 99 128 114 0 83 0 0 0 15 79 17 24 25 
0 0 0 72 0 63 66 51 124 82 0 0 0 71 0 0 0 0 81 0 72 65 59 150 62 
61 0 112 54 0 70 0 144 62 0 76 0 124 64 0 59 0 128 64 0 54 0 119 62 0 
93 68 0 39 0 127 90 19 59 26 109 101 0 30 0 136 58 0 48 0 103 70 0 34 0 
0 0 0 0 30 203 190 196 203 233 0 0 0 0 36 0 0 0 0 31 0 0 0 0 36 
89 47 57 109 77 58 36 48 96 68 24 0 0 51 10 28 0 0 48 11 37 12 8 56 27 
31 68 13 8 13 17 54 0 0 0 21 87 0 0 0 163 206 146 146 132 30 93 0 0 0 
0 0 0 21 0 186 170 197 199 164 0 0 0 23 0 0 0 0 22 0 0 0 0 19 0 
95 108 164 173 114 0 0 64 79 0 0 0 88 73 0 0 0 80 68 0 0 0 71 70 0 
71 56 51 53 70 45 0 0 0 11 80 66 48 47 74 30 0 0 0 23 88 50 42 48 54 
0 0 25 0 69 9 6 36 12 89 0 0 34 0 70 10 7 43 8 95 81 75 114 64 153 
587 586 610 640 590 0 0 0 0 0 0 0 0 0 0 0 0 0 0 0 0 0 0 0 0 
70 144 162 75 84 35 99 115 30 28 0 38 82 0 0 0 47 88 0 0 0 54 76 0 0 
0 0 113 0 0 0 0 94 0 0 76 120 212 116 103 0 0 90 0 0 0 0 107 0 0 
110 127 40 61 147 38 44 0 0 97 44 58 0 0 72 43 46 0 0 75 67 43 0 0 92 
0 49 0 23 36 59 115 57 80 94 0 59 0 27 38 0 55 0 39 40 26 65 22 53 63 
9 7 99 5 12 0 0 87 0 0 0 0 83 0 0 36 39 120 27 29 75 77 150 59 85 
0 0 0 53 77 104 94 79 136 187 0 0 0 54 79 0 0 0 39 92 0 0 0 54 80 
94 165 78 73 84 22 106 0 0 0 30 114 6 8 9 22 75 0 0 0 25 80 3 2 1 
77 34 102 47 105 21 0 43 7 67 22 0 38 4 82 22 0 54 11 65 14 0 39 12 68 
34 12 6 1 5 39 1 0 0 0 43 44 45 41 55 84 52 29 29 41 125 100 101 132 114 
46 34 117 48 44 20 0 81 0 0 21 0 77 0 0 16 0 70 0 0 44 30 106 21 22 
30 3 18 0 13 20 7 0 2 0 0 16 14 0 0 24 0 0 0 0 25 0 0 0 0 
0 62 63 0 0 0 57 54 0 0 21 104 80 21 21 32 109 57 40 42 0 62 46 0 0 
11 1 0 6 0 0 17 1 0 0 0 8 0 0 0 0 0 0 0 0 0 6 0 0 0 
30 0 91 0 45 64 43 124 39 80 25 0 85 0 29 37 10 99 5 36 31 0 99 0 28 
0 2102 0 0 0 0 2156 0 0 0 0 2049 0 0 0 0 2108 0 0 0 0 2054 0 0 0 
16 137 121 19 18 70 198 185 76 53 4 120 112 1 0 44 202 183 95 68 1 110 104 0 0 
71 118 84 0 0 63 133 129 0 0 98 135 121 0 0 74 131 129 0 0 61 138 142 0 0 
0 110 0 135 0 91 183 94 215 101 85 183 42 174 49 0 97 0 127 0 0 128 0 123 0 
0 0 0 0 0 1276 1244 1231 1195 1256 0 0 0 0 0 0 0 0 0 0 0 0 0 0 0 
0 0 93 143 0 0 0 79 118 0 0 0 92 144 0 0 0 93 133 0 0 0 79 145 0 
172 55 59 101 55 164 70 69 130 73 93 0 0 43 0 106 0 0 43 0 96 0 0 67 0 
0 114 0 0 74 0 137 0 0 68 0 153 0 0 81 0 132 0 0 63 0 137 0 0 92 
195 273 191 267 122 102 172 18 123 1 347 417 249 409 161 198 260 103 184 57 235 337 270 305 163 
99 84 285 273 95 0 0 182 189 13 114 123 291 291 116 0 0 151 171 10 29 17 186 188 29 
157 129 115 153 291 11 32 1 25 188 7 17 12 21 183 223 245 171 205 401 248 275 259 238 414 
0 65 0 0 0 0 55 0 0 0 0 69 0 0 0 6 63 8 7 1 166 202 167 138 166 
44 21 34 9 40 38 10 24 0 34 38 9 32 0 29 61 11 28 0 38 103 93 83 70 110 
213 75 0 115 0 222 74 0 110 0 216 50 0 111 0 210 71 0 119 3 211 61 0 123 0 
55 0 0 0 0 62 0 0 0 0 64 0 0 0 0 201 133 144 144 140 52 0 0 0 0 
137 236 279 183 74 180 253 305 197 97 130 237 292 191 122 73 171 251 119 11 76 209 220 138 25 
64 3 7 40 22 84 53 42 91 59 84 59 55 69 64 56 24 20 56 33 51 0 0 25 13 
115 123 140 99 185 0 0 7 0 50 62 78 73 67 118 0 0 21 0 56 0 0 13 0 61 
43 83 0 84 0 138 176 96 178 82 98 118 70 194 81 54 76 0 97 0 39 68 0 92 0 
77 97 98 98 148 91 86 77 84 113 0 23 0 0 46 0 20 0 0 34 52 65 55 48 94 
0 96 0 0 0 36 178 39 36 30 54 181 38 45 37 45 163 37 27 40 47 171 71 46 61 
20 10 40 23 0 76 70 112 100 63 30 21 47 21 0 29 9 44 10 0 33 19 37 29 0 
9 18 82 6 220 1 0 71 6 181 114 104 169 109 284 139 145 214 159 330 1 1 64 2 191 
159 0 0 0 0 136 0 0 0 0 221 81 110 109 114 129 0 0 0 0 155 0 0 0 0 
0 0 0 0 849 0 0 0 0 800 0 1 0 0 854 0 0 0 0 836 0 0 0 0 788 
118 100 0 170 61 118 110 2 178 72 154 138 33 240 102 106 89 10 162 77 123 125 0 216 56 
145 0 0 0 0 281 114 98 94 81 176 0 0 0 0 169 0 0 0 0 167 0 0 0 0 
0 0 0 0 0 78 56 78 69 75 0 0 0 0 0 150 123 148 144 141 0 0 0 0 0 
0 22 0 143 0 37 60 48 191 35 0 19 0 139 0 0 15 0 139 0 0 20 0 166 0 
97 78 115 147 151 49 0 83 66 51 34 3 83 75 67 107 65 126 131 137 27 2 58 66 54 
42 48 55 127 106 27 22 31 81 74 0 0 0 77 55 0 0 0 48 50 7 9 8 75 53 
0 8 63 0 0 78 95 173 79 85 0 11 68 1 0 55 76 165 47 58 0 6 60 0 0 
117 0 113 0 0 106 0 86 0 0 97 1 104 4 1 74 0 105 0 0 112 11 94 12 10 
291 117 338 106 195 310 143 339 115 186 315 155 388 168 242 189 20 186 33 119 222 78 278 27 115 
68 153 69 88 66 0 87 0 29 0 17 131 28 34 28 0 106 0 19 0 0 75 0 22 0 
0 0 33 0 58 34 46 78 44 113 55 74 89 53 121 0 0 33 0 61 0 0 49 0 58 
0 0 19 0 225 0 0 17 0 202 0 0 33 0 184 0 0 33 0 197 0 0 26 0 200 
0 0 0 50 0 0 0 0 59 0 54 59 45 140 44 0 0 0 59 0 84 78 82 158 86 
99 0 0 105 0 133 0 0 123 0 112 0 0 105 0 107 0 0 138 0 105 0 0 118 0 
1 27 69 94 0 109 190 194 215 131 165 225 224 237 151 8 76 95 109 30 56 111 121 158 54 
112 151 135 114 255 0 0 0 0 85 0 0 0 0 85 24 32 33 30 124 0 0 0 0 82 
139 255 159 160 161 0 128 0 0 0 99 200 94 108 94 2 109 3 0 5 99 230 85 97 100 
153 147 92 86 96 83 47 0 0 0 104 53 4 4 8 76 53 0 0 0 90 74 0 0 0 
0 121 0 0 0 37 183 53 68 66 1 141 0 0 0 67 212 85 97 65 0 130 0 0 0 
0 0 0 0 0 0 0 0 0 0 0 0 0 0 0 0 0 0 0 0 454 430 473 464 424 
0 0 44 0 0 80 88 100 85 95 0 0 34 0 0 85 85 96 63 88 22 26 61 23 29 
8 15 16 18 52 0 0 0 0 36 80 81 73 71 101 0 0 0 0 33 70 100 80 76 106 
0 0 0 144 0 0 0 0 147 0 0 0 0 167 0 0 0 0 175 0 92 93 96 241 106 
0 67 0 33 72 0 63 0 38 76 0 53 0 30 91 0 60 0 31 73 19 78 25 56 113 
0 106 0 0 0 0 104 0 0 0 0 102 0 0 0 0 91 0 0 0 97 180 99 105 92 
0 0 0 13 0 82 62 80 74 78 32 24 59 29 46 0 0 0 13 0 102 84 109 110 102 
0 0 117 54 0 43 45 155 106 50 0 0 102 39 0 0 0 89 38 0 0 0 126 35 0 
59 0 0 0 0 126 62 61 76 69 99 20 18 20 15 131 47 46 52 41 58 0 0 0 0 
83 35 32 111 37 39 0 0 91 0 48 0 0 85 0 83 35 30 120 32 55 0 0 83 0 
0 0 62 43 0 0 0 53 43 0 101 99 148 132 97 0 0 62 47 0 0 0 67 42 0 
35 0 0 74 103 91 64 77 131 188 28 1 6 85 112 51 18 25 76 103 34 32 44 85 115 
3 8 49 104 9 0 0 51 87 0 60 37 122 136 61 27 42 73 136 44 0 0 49 89 0 
64 4 48 52 11 48 6 41 54 23 148 90 131 134 113 75 13 42 56 20 57 0 48 48 0 
43 0 55 0 56 40 0 59 0 53 27 0 69 0 72 91 51 110 68 108 30 0 57 0 55 
100 32 167 90 45 67 13 131 86 34 58 0 128 38 17 159 64 208 122 115 100 29 179 66 65 
12 77 159 36 110 152 199 301 158 266 34 100 207 48 174 0 48 163 0 114 109 143 277 122 229 
24 24 23 61 51 45 41 40 88 83 0 0 0 34 33 0 0 0 26 21 86 104 101 135 112 
18 31 0 83 0 29 47 0 103 0 77 72 39 128 53 25 37 0 103 0 40 33 0 80 0 
0 0 57 0 0 165 157 207 153 179 0 0 58 0 0 0 0 77 0 0 0 0 76 0 0 
13 8 0 0 72 16 0 0 0 64 61 61 48 46 124 25 24 16 11 74 88 107 91 84 113 
76 12 11 7 21 110 81 77 73 81 120 90 93 110 111 50 0 0 0 13 36 8 17 4 16 
17 91 66 12 28 0 79 62 4 6 0 67 39 0 18 0 73 47 3 12 41 115 93 37 76 
156 206 106 112 125 83 65 56 19 26 45 51 15 0 0 43 52 16 0 0 40 49 16 0 0 
95 0 0 11 0 83 0 0 0 0 99 0 0 9 0 100 0 0 0 0 122 15 23 22 29 
63 78 15 20 19 47 43 0 0 0 49 68 17 8 15 59 68 36 36 44 75 73 48 30 43 
33 72 42 68 28 0 62 11 41 16 0 50 8 45 18 0 43 13 30 12 36 104 64 96 78 
0 0 56 27 11 0 0 45 35 3 0 0 44 40 6 43 53 122 94 61 54 50 100 93 63 
29 38 26 21 30 0 0 0 0 0 71 59 57 62 55 0 0 0 0 0 120 107 98 114 110 
42 33 34 34 39 0 0 15 0 0 0 0 18 0 0 48 50 85 54 50 127 97 136 132 125 
31 44 102 50 50 7 9 59 16 15 58 53 129 55 52 0 0 48 0 0 0 3 55 23 0 
0 0 180 32 0 0 0 141 23 0 19 20 156 37 18 0 0 166 23 0 0 0 162 23 0 
46 84 0 0 0 81 108 45 37 33 94 135 25 18 9 99 140 49 46 48 40 73 0 0 0 
95 0 91 100 108 174 67 191 215 194 191 103 207 229 239 177 55 112 120 172 109 0 108 134 122 
110 145 81 74 87 17 58 3 0 0 99 177 87 70 66 46 81 38 19 18 32 75 0 0 0 
0 122 109 169 0 0 130 122 166 1 0 109 124 173 3 0 117 118 160 0 0 130 126 169 0 
12 0 0 155 0 9 0 0 121 0 107 80 104 211 95 11 0 0 114 0 20 1 0 119 0 
46 69 39 36 60 0 56 0 0 27 34 75 39 30 64 0 38 0 0 27 0 50 0 0 29 
121 152 39 88 81 169 236 95 111 156 140 180 82 94 127 79 116 23 29 55 221 282 114 152 158 
74 198 138 105 117 6 48 72 12 3 31 90 114 42 36 25 91 66 13 24 0 78 58 0 0 
4 24 12 6 100 14 48 38 9 140 9 17 9 6 74 81 119 108 77 198 40 57 37 46 131 
703 529 597 493 488 487 261 334 223 218 559 344 340 256 319 384 153 144 85 177 623 436 482 424 410 
122 80 0 2 1 220 199 85 99 87 82 112 0 0 0 116 121 23 25 21 72 75 0 0 0 
143 292 106 154 126 245 362 145 262 176 127 253 89 166 86 26 173 0 60 0 84 203 63 101 42 
0 0 0 0 56 0 0 0 0 57 0 0 0 0 74 0 0 0 0 59 146 168 153 167 202 
66 3 42 0 18 123 14 58 28 33 139 50 101 44 59 145 68 126 66 100 127 28 57 19 27 
150 0 0 54 0 156 0 0 55 0 141 0 0 40 0 168 0 0 46 0 149 0 0 41 0 
153 119 143 218 111 38 0 79 123 0 81 40 118 182 65 50 5 91 99 22 49 0 78 80 0 
75 108 103 194 165 0 9 4 98 54 0 16 5 74 66 0 14 11 93 63 33 45 27 107 64 
148 148 111 67 22 236 232 190 146 153 104 118 100 57 26 277 262 236 164 159 159 184 155 61 89 
58 130 51 57 54 0 56 0 0 0 5 80 3 5 4 0 64 0 0 0 76 154 61 75 66 
0 0 0 16 0 0 0 0 20 0 0 0 0 19 0 0 0 0 22 0 176 192 215 226 218 
31 0 0 25 31 111 84 75 80 95 38 0 0 16 31 32 1 0 20 32 41 0 0 2 28 
56 7 62 111 90 14 1 25 99 89 62 15 45 129 107 12 0 33 84 93 119 82 114 191 209 
0 82 65 0 79 0 82 71 0 83 0 86 61 0 65 0 77 74 0 74 0 96 76 0 75 
47 23 57 39 36 71 53 92 57 55 24 17 37 20 13 55 45 105 72 49 8 0 32 2 0 
92 0 0 0 58 72 0 0 0 50 86 0 0 0 59 72 0 0 0 52 199 98 89 111 163 
74 120 12 124 84 70 140 8 137 110 51 93 0 110 60 192 242 128 228 169 97 171 75 170 126 
79 101 106 85 72 13 44 41 12 11 0 15 45 0 0 60 73 91 56 50 21 31 61 20 12 
0 0 0 139 35 0 0 0 158 28 27 29 16 157 51 0 0 0 149 34 0 0 0 138 38 
0 0 0 141 12 145 127 119 306 159 0 0 0 158 14 111 115 106 241 104 0 0 0 126 8 
55 161 184 183 71 29 125 153 194 31 75 176 207 198 81 56 206 197 244 108 120 172 222 247 110 
0 0 0 1289 0 0 0 0 1274 0 0 0 0 1282 0 0 1 1 1348 1 0 0 0 1292 0 
184 0 0 0 0 176 0 11 4 11 163 0 0 0 0 185 0 0 0 0 151 0 0 0 0 
101 0 0 0 0 140 0 0 0 0 145 0 0 0 0 123 0 1 0 0 230 105 95 98 110 
283 23 109 43 40 228 0 38 0 0 458 119 179 145 143 494 249 366 282 261 298 47 127 76 68 
0 0 0 36 0 78 69 49 103 58 0 0 0 25 0 47 49 63 94 54 44 50 44 98 40 
11 32 0 0 0 5 61 18 0 26 0 49 0 0 15 0 21 0 0 8 0 33 14 0 25 
0 0 194 0 33 0 0 224 0 30 0 0 193 0 22 0 0 182 0 22 0 0 186 0 24 
103 17 92 0 0 106 11 99 0 0 120 10 91 0 0 115 8 87 0 0 107 14 97 0 0 
83 91 170 153 124 0 0 46 0 0 0 0 78 0 0 0 0 63 0 0 224 226 280 249 250 
61 25 25 68 70 39 0 0 30 58 53 0 0 23 36 52 0 0 36 36 90 43 43 77 82 
2 10 0 76 217 118 113 107 183 333 0 27 1 75 245 0 11 0 90 242 110 136 113 177 298 
0 0 1481 0 0 0 0 1495 0 0 0 0 1367 0 0 0 0 1507 0 0 0 0 1460 0 0 
