994 1011 1015 989 1036 1176 1238 1130 1169 1217 703 818 717 815 965 1012 987 934 1020 1005 647 610 577 627 719 
180 140 176 161 165 0 0 1 0 0 136 88 127 108 97 0 0 0 0 0 0 0 0 0 0 
104 46 43 172 206 72 0 2 135 144 161 80 54 266 257 52 0 0 100 140 63 0 0 109 138 
245 13 39 51 33 165 0 0 0 0 373 83 159 80 103 373 182 297 214 214 260 46 104 43 56 
0 0 2 155 15 167 142 150 344 185 4 2 0 185 19 131 133 128 285 119 0 0 0 148 10 
143 23 95 114 24 126 14 82 108 0 133 33 77 119 20 128 8 46 121 0 285 196 276 307 182 
92 7 19 0 81 82 4 16 0 100 165 87 96 76 168 141 64 91 59 135 196 99 117 96 218 
0 0 0 0 0 0 0 0 0 0 1016 1028 978 997 1043 0 0 0 0 0 0 0 0 0 0 
0 0 0 227 0 0 0 0 219 1 100 99 92 334 113 95 93 83 344 120 0 0 0 218 0 
12 8 15 177 6 0 0 0 190 0 39 46 38 193 29 0 0 0 169 0 4 7 4 189 3 
43 170 192 210 46 18 141 180 230 29 129 232 286 302 119 66 248 290 341 106 112 160 233 327 88 
0 0 0 0 0 0 0 0 0 0 0 0 0 0 0 56 65 66 67 80 178 158 151 178 160 
77 89 60 53 160 0 9 0 0 89 0 3 0 0 109 0 4 0 0 101 78 74 76 65 158 
162 163 161 175 173 0 0 0 0 1 0 0 0 0 0 0 0 0 0 0 96 86 73 75 94 
0 0 0 0 0 0 0 0 0 0 0 0 0 0 0 419 419 411 396 406 161 155 161 167 178 
0 204 0 0 85 0 181 0 0 98 128 336 156 141 218 0 192 0 0 95 0 223 0 0 77 
798 0 0 0 0 793 0 0 0 0 788 0 0 0 0 819 0 0 0 0 829 0 0 0 0 
12 0 161 113 155 40 24 189 144 171 111 108 271 222 204 174 162 352 285 300 109 87 242 184 290 
96 153 99 147 70 85 87 88 127 91 0 48 0 41 0 50 100 62 99 52 0 42 0 44 0 
49 9 16 9 21 138 98 117 107 122 31 0 0 0 16 29 0 0 0 22 144 129 105 119 146 
0 0 162 0 0 0 0 154 0 0 0 0 168 0 0 164 154 289 126 133 0 0 161 0 0 
0 65 43 46 0 0 77 44 45 0 35 98 91 97 33 0 70 48 46 0 0 71 56 42 0 
0 0 0 1 147 108 93 110 127 232 138 116 110 124 205 2 1 0 0 130 79 90 117 94 189 
0 0 0 0 0 0 0 0 0 0 0 0 0 0 0 998 1046 1067 1024 959 0 0 0 0 0 
0 28 62 158 0 1 18 63 141 0 0 23 60 174 0 0 20 67 174 0 0 21 63 169 0 
64 48 0 0 0 81 67 15 14 14 128 84 35 34 28 86 62 0 0 0 97 92 21 23 29 
57 86 54 113 111 4 33 13 52 51 10 35 17 60 62 0 32 0 43 50 0 28 0 49 51 
92 107 101 57 1 89 113 153 56 1 256 266 270 222 172 104 123 116 45 8 240 198 253 190 124 
95 20 17 115 18 79 0 0 131 0 229 153 148 244 142 86 1 0 113 4 111 47 46 194 45 
99 74 37 39 28 118 83 41 50 27 47 43 13 0 0 72 63 16 10 12 70 44 9 0 0 
0 0 163 69 0 0 1 181 56 0 0 0 225 61 0 0 0 188 51 0 0 0 173 51 0 
160 219 235 175 148 1 76 83 0 0 0 53 97 0 0 68 113 154 70 52 0 44 120 0 0 
71 57 72 76 66 112 127 109 125 106 26 42 46 38 42 0 0 0 0 0 0 0 0 0 0 
0 0 0 166 0 0 0 0 175 0 233 237 220 409 244 0 0 0 173 0 0 0 0 156 0 
0 0 0 0 0 189 174 212 166 172 0 0 0 0 0 0 0 0 0 0 94 67 80 86 100 
91 0 0 50 30 119 29 53 93 82 187 58 82 127 127 74 0 0 54 27 168 60 77 127 105 
0 75 0 0 0 0 72 0 0 0 0 57 0 0 0 101 137 73 111 74 48 116 42 45 46 
0 0 101 0 0 88 94 199 108 111 0 0 98 0 0 7 9 107 5 8 14 16 89 9 16 
233 223 187 254 106 117 97 67 103 0 79 86 57 90 0 274 243 150 264 114 122 123 79 135 0 
0 0 0 0 0 32 48 31 23 24 0 0 0 0 0 64 79 85 80 106 115 111 117 111 148 
0 226 0 201 0 0 180 0 194 0 3 201 3 198 3 0 187 0 192 0 0 201 0 204 0 
0 43 0 115 0 0 50 0 129 0 0 47 0 128 0 59 126 64 197 63 0 58 0 113 0 
0 0 0 0 84 96 83 102 70 144 97 86 93 105 156 0 0 0 0 77 0 0 0 0 95 
97 312 302 31 243 45 219 199 6 179 97 290 291 46 268 180 354 300 134 309 224 390 322 151 323 
0 45 33 0 79 19 60 45 13 88 28 81 87 38 79 0 59 26 0 63 0 60 26 0 68 
130 113 131 137 146 14 0 0 38 0 12 0 0 47 0 16 0 0 49 0 101 77 72 131 103 
29 0 0 54 64 71 43 38 80 113 17 0 0 54 60 29 8 13 49 51 28 24 28 65 73 
78 0 74 0 0 73 0 85 0 0 126 62 125 54 64 109 19 82 15 16 74 0 82 0 0 
0 19 85 0 96 0 12 72 0 108 0 16 76 0 107 0 14 91 0 134 0 15 69 0 105 
12 47 132 71 18 51 74 144 94 38 0 37 122 36 0 43 67 155 97 41 0 29 108 55 0 
0 58 0 0 0 0 66 0 0 0 104 205 97 124 111 0 82 0 0 0 14 75 16 22 24 
0 0 0 69 0 60 64 51 122 81 0 0 0 70 0 0 0 0 79 0 70 63 57 146 60 
49 0 92 48 0 57 0 109 53 0 59 0 94 51 0 46 0 104 55 0 45 0 98 47 0 
77 46 0 28 0 103 73 16 47 24 91 86 0 25 0 110 52 0 41 0 85 58 0 32 0 
0 0 0 0 23 177 158 177 182 192 0 0 0 0 30 0 0 0 0 29 0 0 0 0 32 
91 47 57 111 81 60 36 50 96 69 24 0 0 52 10 29 0 0 48 11 38 12 8 57 27 
29 55 8 6 10 16 48 0 0 0 21 73 0 0 0 125 160 123 115 110 26 72 0 0 0 
0 0 0 21 0 186 170 197 198 164 0 0 0 22 0 0 0 0 22 0 0 0 0 18 0 
78 94 143 161 105 0 0 55 71 0 0 0 81 66 0 0 0 76 65 0 0 0 66 72 0 
63 57 59 48 68 41 0 0 0 11 76 62 48 48 72 30 0 0 0 22 92 49 45 49 60 
0 0 25 0 69 9 6 35 12 89 0 0 34 0 69 10 6 43 8 95 81 74 113 64 152 
601 600 614 651 594 0 0 0 0 0 0 0 0 0 0 0 0 0 0 0 0 0 0 0 0 
58 113 150 68 71 28 85 105 28 31 0 35 76 0 0 2 39 75 0 0 0 40 68 0 0 
0 0 113 0 0 0 0 92 0 0 77 113 210 114 101 0 0 88 0 0 0 0 106 0 0 
115 141 48 69 165 40 48 0 0 99 45 73 0 0 76 46 52 0 0 83 63 48 0 0 90 
0 49 0 7 0 45 93 35 41 44 0 58 0 15 1 0 53 0 31 0 3 32 0 25 3 
10 7 104 5 13 0 0 91 0 0 0 0 86 0 0 37 44 123 26 30 81 79 154 67 89 
0 0 0 51 75 88 81 63 117 163 0 0 0 49 73 0 0 0 36 84 0 0 0 47 73 
93 161 78 72 81 22 106 0 0 0 28 111 7 7 8 22 74 0 0 0 24 79 0 0 0 
74 30 101 48 103 21 0 44 6 66 21 0 43 3 78 20 0 56 8 61 11 0 41 12 71 
77 0 6 0 3 87 0 4 0 0 123 59 66 63 80 126 51 26 31 23 180 85 107 128 96 
64 31 117 47 43 32 0 81 0 0 29 0 77 0 0 25 0 68 0 0 77 42 120 44 36 
0 35 0 3 0 26 59 34 41 43 33 72 27 24 25 20 67 31 49 26 0 32 0 0 0 
87 71 88 47 59 35 22 24 0 6 58 64 55 27 43 43 27 34 0 13 36 31 37 0 8 
0 62 69 0 0 16 80 67 18 20 20 103 79 20 20 31 109 67 40 42 0 62 59 0 0 
58 99 57 50 49 35 95 34 37 31 19 77 20 18 30 28 56 26 27 29 0 62 0 0 1 
24 0 88 0 40 62 43 112 39 75 24 0 73 0 16 27 0 85 0 14 25 0 96 0 19 
0 2079 0 0 0 0 2129 0 0 0 0 2007 0 0 0 0 2096 0 0 0 0 2005 0 0 0 
31 133 77 11 8 79 168 182 79 76 9 97 128 2 0 38 160 152 81 57 10 106 89 0 0 
60 100 95 0 0 50 117 110 0 0 76 113 103 0 0 63 125 112 2 0 69 123 114 0 0 
0 105 0 118 0 103 204 115 249 122 91 199 87 232 80 0 98 0 131 0 1 113 0 133 0 
90 132 23 178 110 88 177 39 185 145 62 109 5 172 97 249 313 187 330 223 176 259 163 280 205 
0 0 0 0 0 1249 1207 1206 1169 1232 0 0 0 0 0 0 0 0 0 0 0 0 0 0 0 
0 0 80 126 0 0 0 76 106 0 0 0 82 129 0 0 0 82 126 0 0 0 72 129 0 
167 64 57 103 45 186 60 64 119 80 119 0 0 46 0 102 0 0 41 0 111 0 0 49 0 
0 135 0 0 91 0 153 0 0 84 0 171 0 0 94 0 137 0 0 74 0 159 0 0 105 
198 291 117 222 123 150 265 106 150 47 281 424 211 312 152 233 350 147 190 128 224 443 251 232 159 
50 46 179 185 73 5 2 127 90 17 67 79 179 204 67 10 1 80 94 20 25 39 151 117 49 
155 133 119 159 277 10 23 5 14 173 9 12 10 2 144 242 256 207 217 396 242 290 276 263 430 
0 63 0 0 0 0 52 0 0 0 0 63 0 0 0 7 64 3 9 2 169 199 163 141 150 
57 30 50 16 53 49 19 32 0 44 52 14 41 0 34 77 15 37 0 59 124 111 109 80 141 
201 76 0 101 0 204 64 0 100 0 205 59 0 103 0 193 66 0 106 0 204 63 0 114 0 
63 8 0 41 51 174 137 119 152 163 71 12 0 49 53 63 5 0 30 54 75 13 0 34 50 
54 0 0 0 0 62 0 0 0 0 64 0 0 0 0 202 133 145 146 140 52 0 0 0 0 
86 202 210 130 44 110 208 226 122 52 100 209 191 91 79 56 140 168 67 5 64 226 205 96 31 
74 4 9 55 27 110 61 51 107 76 91 63 55 78 76 66 28 25 68 39 55 0 0 31 16 
118 119 139 97 188 0 0 6 0 57 62 72 82 57 119 0 0 22 0 59 0 0 14 0 65 
34 60 0 82 0 126 150 74 126 55 67 89 23 101 49 40 52 0 76 0 28 52 0 64 0 
74 93 74 88 130 87 81 61 61 101 0 20 0 0 49 0 27 0 0 29 52 80 56 48 105 
0 76 0 0 1 35 137 36 40 29 40 134 37 34 31 30 120 23 27 35 48 126 49 38 49 
33 11 44 34 0 108 72 119 114 69 46 23 54 37 0 49 9 49 34 0 43 20 40 42 0 
1 7 0 85 248 116 126 132 237 383 0 21 0 100 280 0 14 0 89 307 133 174 127 201 367 
12 21 95 9 234 4 2 66 8 171 119 104 184 122 269 148 151 230 185 339 4 2 74 3 188 
158 0 0 0 0 146 0 0 0 0 241 93 106 100 110 130 0 0 0 0 135 0 0 0 0 
0 0 0 0 831 0 0 0 0 795 0 0 0 0 854 0 0 0 0 837 0 0 0 0 789 
112 107 1 155 61 115 122 0 150 76 171 165 42 208 122 101 105 0 152 92 106 123 1 171 59 
111 0 0 0 0 215 83 74 73 63 132 0 0 0 0 127 0 0 0 0 122 0 0 0 0 
70 34 87 50 46 107 79 137 86 76 38 24 58 29 19 90 58 149 100 72 9 0 42 1 0 
0 24 0 156 0 35 60 48 203 34 0 17 0 148 0 0 17 0 151 0 0 24 0 176 0 
93 54 110 125 167 54 0 71 65 58 34 0 70 96 83 107 76 137 150 160 22 0 59 79 47 
43 48 55 128 106 27 21 31 82 74 0 0 0 77 55 0 0 0 48 50 7 10 9 75 53 
0 9 61 0 0 73 85 159 77 82 0 9 64 0 0 48 69 146 46 55 0 5 56 0 0 
109 0 109 0 0 100 0 84 0 0 91 0 100 4 0 69 0 100 0 0 108 11 87 10 8 
0 0 0 0 0 73 56 73 64 72 0 0 0 0 0 147 119 141 147 140 0 0 0 0 0 
290 117 334 130 217 369 205 461 226 287 354 165 422 228 274 202 38 269 71 155 242 64 296 35 131 
77 201 93 111 84 0 115 0 30 0 24 171 33 40 31 0 127 0 19 0 0 96 0 26 0 
0 0 34 0 59 38 50 80 48 116 64 80 96 59 130 0 0 35 0 63 0 0 57 0 61 
0 0 16 0 187 0 0 16 0 179 0 0 28 0 166 0 0 25 0 179 0 0 23 0 182 
0 0 0 50 0 0 0 0 59 0 54 59 45 140 44 0 0 0 59 0 85 78 82 158 85 
105 0 0 107 0 123 0 0 129 0 114 0 0 98 0 103 0 0 131 0 115 0 0 128 0 
17 57 66 65 0 109 188 164 166 115 198 247 217 213 156 26 86 81 105 0 85 129 104 131 50 
121 164 143 120 258 0 0 0 0 92 0 0 0 0 79 23 28 36 25 137 0 0 0 0 85 
107 176 109 96 107 0 100 0 0 0 72 160 73 79 72 3 93 0 0 1 89 185 82 79 97 
141 128 78 82 80 80 44 0 0 0 87 49 4 4 8 64 47 0 0 0 72 58 0 0 0 
0 134 0 0 0 41 205 63 58 72 0 161 0 0 0 78 222 81 83 77 0 143 0 0 2 
92 0 0 0 0 117 0 0 0 0 122 0 0 0 0 102 0 0 0 0 206 88 85 88 99 
0 0 0 0 0 0 0 0 0 0 0 0 0 0 0 0 0 0 0 0 452 417 443 438 393 
0 0 36 0 0 74 81 92 77 88 0 0 32 0 0 78 72 81 58 75 15 22 57 21 24 
8 15 16 17 52 0 0 0 0 36 80 78 71 68 99 0 0 0 0 33 68 98 78 76 105 
0 0 0 127 0 0 0 0 111 0 0 0 0 135 0 0 0 0 139 0 72 70 75 190 79 
0 50 0 34 60 2 47 0 39 60 0 31 0 36 75 0 48 0 32 64 18 52 24 55 100 
71 0 0 0 39 60 0 0 0 29 78 0 0 0 26 62 0 0 0 27 161 83 72 84 115 
0 118 0 0 0 0 112 0 0 0 0 109 0 0 0 0 99 0 0 0 101 195 103 108 94 
0 53 13 45 25 53 68 49 38 59 36 34 23 20 45 0 9 0 8 0 91 109 90 82 72 
0 0 118 55 0 43 46 158 108 50 0 0 105 40 0 0 0 89 37 0 0 0 126 35 0 
7 18 1 0 0 10 63 8 0 22 7 55 0 0 26 20 53 16 30 36 0 35 6 0 32 
59 0 0 0 0 129 63 63 79 71 100 20 18 20 15 133 48 45 52 42 57 0 0 0 0 
195 0 0 0 0 196 10 15 10 15 178 0 0 0 0 196 0 0 0 0 166 0 0 0 0 
83 35 33 110 37 38 0 0 91 0 48 0 0 85 0 83 35 30 120 32 55 0 0 83 0 
0 0 0 27 0 36 24 30 53 24 28 10 32 33 30 0 0 0 30 0 50 44 55 91 59 
0 0 63 43 0 0 0 55 43 0 101 99 149 132 97 0 0 62 47 0 0 0 67 42 0 
88 18 90 158 137 36 2 50 130 115 93 31 58 174 160 47 0 48 141 120 176 106 152 258 250 
4 6 59 123 7 0 0 57 90 0 63 32 128 147 54 33 51 88 141 43 0 0 59 98 0 
51 4 48 46 7 41 4 36 40 12 123 67 128 113 84 56 14 37 49 17 46 0 43 41 0 
45 0 57 0 60 38 0 67 0 56 25 0 75 0 84 91 58 118 67 123 34 0 58 0 62 
104 54 164 78 74 88 20 154 84 39 55 0 114 23 8 156 73 208 107 99 121 39 203 87 82 
3 96 147 34 111 135 206 304 155 271 35 125 187 67 181 0 65 172 6 135 98 186 259 141 241 
25 29 26 75 59 47 49 42 93 89 0 0 0 39 34 0 0 0 27 20 98 114 111 153 120 
24 35 0 105 0 33 55 0 130 0 99 92 42 164 64 36 38 0 125 0 48 40 0 99 0 
0 0 50 0 0 152 135 194 137 159 0 0 57 0 0 0 0 68 0 0 0 0 64 0 0 
47 75 46 70 34 11 26 0 24 0 71 88 57 103 40 12 47 6 35 5 62 63 57 84 33 
11 8 0 0 69 12 2 0 0 53 57 56 41 40 113 19 21 14 11 67 88 103 83 78 122 
63 11 10 6 22 90 63 65 66 75 104 80 88 98 92 43 0 5 0 12 38 13 14 6 25 
22 105 75 16 30 0 93 69 3 5 0 77 46 0 19 0 89 53 3 15 49 125 108 44 82 
135 187 91 98 89 64 60 43 18 18 39 56 16 0 0 39 48 14 0 0 31 39 13 0 0 
0 69 55 0 67 0 71 63 0 72 0 79 53 0 55 0 64 64 0 69 0 84 67 0 66 
95 0 0 58 0 83 0 0 61 0 99 0 0 64 0 100 0 0 50 0 122 14 23 86 29 
66 77 13 22 17 48 41 2 0 0 47 67 14 6 13 63 68 33 38 46 76 74 47 24 43 
35 60 42 66 20 0 44 9 41 8 0 27 0 23 0 0 28 14 30 7 39 88 64 94 72 
0 0 56 27 11 0 0 45 35 2 0 0 44 40 5 43 53 122 94 61 53 49 100 93 62 
29 38 26 22 31 0 0 0 0 0 71 59 57 62 55 0 0 0 0 0 120 107 99 114 110 
45 34 37 37 41 0 0 18 0 0 0 0 22 0 0 50 45 90 57 50 129 105 138 144 120 
40 45 110 45 49 7 10 63 10 18 60 50 129 39 48 0 0 53 0 0 0 5 62 16 0 
0 0 180 32 0 0 0 141 22 0 19 20 156 37 18 0 0 166 23 0 0 0 162 23 0 
44 64 0 0 0 68 91 38 30 31 68 108 17 14 9 82 117 38 38 41 39 64 0 0 0 
90 0 86 81 98 149 53 176 171 170 177 91 188 203 218 146 43 122 122 156 97 3 94 134 117 
114 154 89 72 80 20 82 5 0 0 103 193 91 77 81 46 103 32 24 17 30 87 0 0 0 
0 120 109 161 0 0 132 120 166 1 0 111 121 165 1 0 120 116 162 0 0 125 116 167 3 
0 0 0 152 44 0 0 0 166 32 29 32 19 180 59 0 0 0 156 38 0 0 0 149 44 
19 0 0 159 0 11 0 0 116 0 108 74 109 227 103 13 0 0 115 0 24 1 0 116 0 
53 77 49 42 75 0 60 0 0 20 34 79 38 33 57 1 38 0 0 33 0 55 0 0 23 
136 124 25 52 87 179 242 84 102 209 152 157 74 77 112 88 81 3 23 61 234 243 111 185 178 
58 171 119 83 96 6 41 60 13 4 34 69 100 37 28 18 77 69 11 27 0 56 53 0 0 
3 17 4 0 61 8 26 19 0 109 3 13 12 3 47 58 75 65 43 152 31 38 32 27 103 
0 0 213 0 46 0 0 231 0 30 0 0 223 0 24 0 0 197 0 23 0 0 181 0 30 
618 422 539 365 510 463 148 270 154 167 468 241 330 172 290 363 156 158 52 182 523 281 412 290 358 
85 64 0 0 0 148 143 66 72 66 79 80 0 0 0 101 87 18 18 17 69 53 0 0 0 
166 276 116 157 132 244 372 159 254 190 127 267 87 146 84 37 177 0 42 0 77 213 56 90 50 
21 0 27 76 0 23 0 15 46 0 71 43 62 79 25 86 53 78 106 65 20 0 19 35 0 
0 0 0 0 58 0 0 0 0 69 0 0 0 0 87 0 0 0 0 75 170 189 173 200 242 
85 4 31 0 21 123 19 56 24 33 124 52 94 52 49 155 79 146 72 101 132 26 43 15 31 
50 46 128 120 39 0 0 85 124 0 55 58 150 145 47 0 0 97 105 0 0 0 81 89 0 
150 0 0 54 0 156 0 0 55 0 141 0 0 40 0 168 0 0 46 0 149 0 0 41 0 
185 135 176 265 126 44 1 90 149 4 69 52 146 214 63 48 7 90 107 23 50 0 77 100 2 
0 0 54 55 0 76 62 107 107 64 0 0 46 41 0 65 47 110 78 62 42 35 83 70 27 
56 83 66 141 119 0 8 4 74 39 0 12 4 48 46 0 9 8 67 43 27 33 21 81 47 
138 114 87 114 31 215 198 155 155 128 102 84 43 59 3 268 203 201 166 133 160 172 149 97 75 
112 20 91 0 0 133 15 112 0 0 137 10 102 0 0 127 10 103 0 0 125 16 113 0 0 
59 130 52 58 54 0 57 0 0 0 6 81 4 5 4 0 63 0 0 0 76 155 62 76 65 
0 0 0 18 0 0 0 0 20 0 0 0 0 20 0 0 0 0 21 0 190 204 223 227 212 
59 26 28 64 74 39 0 0 30 54 54 0 0 23 34 54 0 0 34 35 87 42 45 78 85 
0 0 0 36 0 75 65 49 99 57 0 0 0 26 0 47 48 62 93 54 46 50 43 97 39 
67 88 127 105 69 0 0 35 0 0 0 0 58 0 0 0 0 56 1 0 159 184 218 192 197 
0 0 0 1204 0 0 0 0 1191 0 0 0 0 1210 0 0 6 6 1281 4 0 0 0 1232 0 
0 0 1434 0 0 0 0 1450 0 0 0 0 1338 0 0 0 0 1462 0 0 0 0 1433 0 0 
