856 784 636 702 734 1115 1188 981 952 945 659 708 527 708 679 1099 957 873 987 1020 519 522 381 438 601 
239 177 239 214 203 0 1 0 0 0 139 91 132 116 125 0 0 0 0 0 0 0 0 0 0 
120 45 40 193 195 85 0 0 187 172 156 53 34 236 229 66 0 0 92 136 75 0 0 103 123 
175 0 139 187 197 232 39 213 267 276 339 131 304 328 377 263 47 198 233 255 200 0 142 217 188 
154 45 94 140 31 130 15 74 101 1 132 29 80 97 29 138 11 47 115 0 279 178 246 306 165 
115 9 18 0 97 90 5 21 0 116 197 105 117 94 204 184 74 105 70 171 245 111 137 108 264 
0 0 0 0 0 0 0 0 0 0 1021 1029 978 1000 1046 0 0 0 0 0 0 0 0 0 0 
0 0 0 254 0 1 0 3 234 0 102 100 97 354 113 100 103 86 375 117 0 0 0 226 0 
14 11 13 178 4 0 0 0 188 0 38 48 39 180 30 0 0 0 154 0 4 8 2 180 3 
0 0 0 0 0 0 0 0 0 0 0 0 0 0 0 69 68 84 100 112 223 212 207 246 201 
81 93 76 65 186 0 10 0 0 130 0 2 0 0 119 0 4 0 0 118 98 85 93 77 202 
147 141 162 171 154 0 0 0 0 0 0 0 0 0 0 0 0 0 0 0 84 86 70 69 82 
0 0 0 0 0 0 0 0 0 0 0 0 0 0 0 429 421 415 394 405 168 165 162 173 188 
0 218 0 0 89 0 200 0 0 100 139 361 162 146 229 0 202 0 0 109 0 230 0 0 93 
826 0 0 0 0 833 0 0 0 0 813 0 0 0 0 854 0 0 0 0 867 0 0 0 0 
19 4 188 140 184 81 34 234 175 243 111 110 271 237 253 178 185 373 337 341 123 91 273 241 300 
82 123 71 135 69 60 69 56 100 62 0 51 0 42 0 47 90 51 79 45 0 36 0 38 0 
31 9 14 7 22 129 97 104 99 127 32 0 0 0 21 22 0 0 0 21 124 116 96 110 146 
0 0 163 0 0 0 0 153 0 0 0 0 172 0 0 182 149 291 154 168 0 0 172 0 0 
0 88 55 55 0 0 103 56 63 0 44 128 117 130 49 0 107 83 71 0 0 107 87 61 0 
0 0 0 8 132 140 98 115 135 235 135 113 105 123 196 1 4 0 0 101 75 78 91 82 175 
0 0 0 0 0 0 0 0 0 0 0 0 0 0 0 1013 1060 1083 1045 988 0 0 0 0 0 
0 19 54 139 0 0 17 54 119 0 0 18 48 147 0 0 18 57 147 0 0 15 51 145 0 
83 120 80 155 154 8 50 16 71 73 17 42 24 69 77 0 48 0 49 61 0 34 0 56 68 
132 137 152 84 11 103 139 203 69 1 307 304 354 334 210 105 136 165 82 0 285 245 347 255 137 
71 15 20 110 14 75 0 0 116 0 226 167 142 245 145 60 0 0 107 2 108 48 53 180 39 
101 71 42 40 29 113 72 40 49 25 46 39 13 0 0 70 64 15 10 9 73 41 9 0 0 
0 0 190 83 0 0 0 205 84 0 0 0 247 81 0 0 0 225 56 0 0 0 198 61 0 
109 142 144 104 94 0 43 57 0 0 0 46 57 0 0 34 65 89 32 34 0 37 75 0 0 
68 59 81 73 64 101 125 106 126 110 26 44 44 38 40 0 0 0 0 0 0 0 0 0 0 
0 0 0 164 0 0 0 0 181 0 231 238 222 416 247 0 0 0 173 0 0 0 0 157 0 
0 0 0 0 0 151 137 188 152 149 0 0 0 0 0 0 0 0 0 0 75 61 71 66 83 
133 0 14 95 59 166 51 61 136 126 264 109 96 163 175 115 3 1 77 52 236 105 95 199 140 
0 85 0 0 0 0 87 0 0 0 0 68 0 0 0 122 159 86 134 90 50 134 44 53 53 
0 0 98 0 0 88 86 181 108 106 0 0 94 0 0 7 9 98 4 8 15 13 82 9 15 
278 214 204 294 126 110 85 81 132 0 86 80 67 102 0 261 215 162 291 118 150 126 101 170 0 
0 230 0 216 0 0 191 0 208 0 8 210 7 214 7 0 194 0 197 0 0 205 0 212 0 
0 41 0 122 0 0 49 0 135 0 0 50 0 144 0 57 145 66 214 61 0 55 0 124 0 
0 0 0 0 68 74 65 71 56 123 78 67 67 75 116 0 0 0 0 68 0 0 0 0 72 
74 281 296 61 216 29 198 241 13 125 85 271 325 68 211 78 289 296 96 205 200 335 357 162 267 
0 50 36 0 83 22 63 48 15 102 30 87 89 40 83 0 63 27 0 75 0 63 29 0 74 
106 85 102 114 121 15 0 0 33 0 13 0 0 38 0 17 0 0 42 0 87 63 59 102 84 
69 0 65 0 0 63 0 75 0 0 113 53 107 48 50 99 16 78 13 12 66 0 73 0 0 
0 20 102 0 114 0 13 79 0 144 0 16 81 0 125 0 18 98 0 154 0 14 79 0 122 
25 52 146 76 21 60 78 160 97 60 0 38 115 37 0 50 68 159 110 42 0 25 104 60 0 
0 74 0 0 0 0 80 0 0 0 135 255 127 142 130 0 106 0 0 0 14 90 18 25 28 
0 0 0 81 0 83 87 60 166 113 0 0 0 87 0 0 0 0 100 0 92 85 74 192 77 
58 0 106 59 0 69 0 118 55 0 66 0 104 53 0 52 2 119 59 0 47 0 109 60 0 
86 48 0 30 0 106 72 19 48 21 96 92 0 25 0 118 56 0 41 0 92 59 0 31 0 
0 0 0 0 35 256 246 253 258 277 0 0 0 0 48 0 0 0 0 54 0 0 0 0 46 
116 56 68 146 100 80 47 66 117 90 24 0 0 76 12 39 0 0 57 12 53 14 9 76 32 
31 61 8 7 10 18 51 0 0 0 22 80 0 0 0 136 169 133 122 122 28 79 0 0 0 
0 0 0 21 0 186 170 198 198 165 0 0 0 23 0 0 0 0 22 0 0 0 0 19 0 
83 87 148 159 108 0 0 63 69 0 0 0 78 67 0 0 0 78 56 0 0 0 68 69 0 
67 63 60 52 73 44 0 0 0 11 84 67 49 51 79 36 0 0 0 25 100 54 50 54 63 
0 0 25 0 69 9 6 36 12 89 0 0 34 0 70 10 7 43 8 95 81 75 114 64 155 
55 105 137 64 70 28 79 95 26 26 0 32 70 0 0 0 36 71 0 0 0 37 66 0 0 
0 0 123 0 0 0 0 99 0 0 87 124 222 120 107 0 0 94 0 0 0 0 112 0 0 
108 123 36 57 155 35 44 0 0 95 40 64 0 0 66 46 49 0 0 79 61 52 0 0 90 
0 48 0 23 36 59 115 56 79 94 0 58 0 27 38 0 55 0 39 40 25 65 21 53 63 
8 8 109 4 15 0 0 96 0 0 0 0 90 0 0 35 40 127 28 27 78 84 159 56 86 
0 0 0 51 77 88 81 64 120 166 0 0 0 50 77 0 0 0 37 86 0 0 0 47 75 
98 173 84 79 88 24 116 0 0 0 31 126 8 9 11 24 78 0 0 0 25 85 3 3 1 
74 37 103 45 97 17 0 41 5 53 17 0 47 0 68 17 0 55 0 57 0 0 34 0 38 
61 0 8 0 2 81 6 0 0 0 118 59 61 60 81 98 28 18 12 0 145 94 86 91 70 
41 34 118 48 45 14 0 81 0 0 0 0 77 0 1 4 0 70 0 0 44 33 108 28 15 
0 60 62 0 0 0 62 43 0 0 21 104 74 20 21 32 108 59 38 42 0 62 51 0 0 
25 0 83 0 42 54 43 112 39 70 14 0 76 0 21 19 0 85 0 17 23 0 95 0 15 
0 2131 0 0 0 0 2188 0 0 0 0 2075 0 0 0 0 2121 0 0 0 0 2068 0 0 0 
23 112 91 17 16 89 166 175 75 62 8 107 94 4 0 23 183 130 66 47 7 111 94 2 0 
62 112 93 0 0 51 145 131 0 0 73 161 144 0 0 90 157 137 0 0 62 151 132 0 0 
0 89 0 123 0 80 165 75 180 96 67 137 36 156 46 0 94 0 123 0 0 106 0 90 0 
0 0 0 0 0 1277 1224 1236 1197 1260 0 0 0 0 0 0 0 0 0 0 0 0 0 0 0 
0 0 80 125 0 0 0 75 106 0 0 0 81 127 0 0 0 81 125 0 0 0 71 128 0 
161 48 60 105 45 170 67 60 136 69 88 2 0 41 0 92 0 0 51 0 92 0 0 58 0 
0 111 0 0 73 0 131 0 0 66 0 139 0 0 77 0 121 0 0 63 0 129 0 0 90 
223 326 210 285 148 70 210 49 144 0 304 443 256 364 154 173 299 137 226 35 227 375 287 304 144 
105 100 311 310 98 0 0 203 193 0 102 91 292 312 88 0 2 166 190 2 7 21 205 181 25 
142 102 116 131 253 3 22 3 1 149 3 13 6 1 147 187 215 149 167 333 212 244 234 217 354 
0 65 0 0 0 0 56 0 0 0 0 69 0 0 0 6 67 4 8 2 170 211 173 146 164 
49 28 40 16 52 46 14 28 0 46 41 13 36 0 35 75 14 31 0 49 124 110 105 83 133 
202 63 0 97 0 202 61 0 104 0 203 45 0 104 0 185 58 0 106 0 200 51 0 113 0 
0 0 1436 0 0 0 0 1472 0 0 0 0 1354 0 0 0 0 1470 0 0 0 0 1441 0 0 
86 7 13 51 30 110 89 75 122 96 102 68 90 87 93 57 32 21 78 31 53 0 0 35 13 
114 133 136 85 187 0 0 7 0 50 62 82 77 63 117 0 0 21 0 56 0 0 13 0 62 
44 84 0 102 0 141 187 97 195 78 112 128 89 203 93 51 83 0 89 0 37 67 0 98 0 
79 83 69 81 117 77 80 65 63 101 0 23 0 0 43 0 20 0 0 33 52 74 50 46 89 
0 67 0 0 0 31 116 28 32 29 32 123 34 33 30 24 113 25 24 32 38 111 39 32 43 
33 11 41 25 0 102 69 110 106 61 43 20 47 34 0 47 8 43 33 0 40 19 37 39 0 
162 0 0 0 0 125 0 0 0 0 214 79 106 111 105 130 0 0 0 0 140 0 0 0 0 
0 0 0 0 827 0 0 0 0 783 0 0 0 0 833 0 0 0 0 825 0 0 0 0 770 
149 110 0 179 63 146 106 1 182 87 204 192 53 222 124 141 125 0 170 116 166 158 0 213 85 
131 0 0 0 0 260 98 87 84 78 160 0 0 0 0 152 0 0 0 0 147 0 0 0 0 
0 0 0 0 0 76 64 77 69 72 0 0 0 0 0 157 125 149 152 143 0 0 0 0 0 
0 22 0 151 0 39 63 51 211 35 0 19 0 138 0 0 15 0 144 0 0 20 0 168 0 
157 65 151 142 201 110 0 86 41 96 87 7 117 77 99 216 114 188 167 214 77 0 63 55 90 
65 57 71 175 151 30 30 38 100 94 0 0 0 98 72 0 0 0 64 60 7 8 8 95 73 
0 11 61 0 0 81 106 180 89 94 0 10 71 0 0 55 80 161 51 55 0 5 63 0 0 
200 7 192 0 0 204 1 173 0 0 203 3 186 4 1 178 2 184 0 0 210 18 184 10 10 
319 138 352 122 253 359 174 427 171 266 378 171 410 225 257 237 48 261 65 164 212 78 306 45 153 
70 168 78 91 73 0 90 0 32 0 18 138 30 38 27 0 115 0 16 0 0 86 0 25 0 
0 0 35 0 60 35 44 86 44 120 57 82 91 58 125 0 0 34 0 63 0 0 52 0 59 
0 0 16 0 187 0 0 16 0 178 0 0 28 0 166 0 0 25 0 180 0 0 23 0 182 
0 0 0 52 0 0 0 0 67 0 61 64 47 154 46 0 0 0 67 0 89 83 89 181 96 
103 0 0 118 0 132 0 0 129 0 128 0 0 113 0 109 0 0 134 0 124 0 0 134 0 
4 18 75 82 0 97 159 178 170 107 154 195 217 218 133 26 60 120 117 31 77 109 114 125 55 
113 138 129 120 237 0 0 1 0 83 0 0 0 0 84 27 25 33 28 120 0 0 0 0 92 
119 219 129 124 128 0 113 0 0 0 74 182 86 86 75 3 110 5 0 4 93 195 76 76 95 
156 138 84 83 90 84 48 0 0 0 92 50 4 4 10 68 52 0 0 0 76 62 0 0 0 
0 126 0 0 0 39 175 53 56 71 0 137 0 0 0 64 195 80 85 75 0 124 0 0 0 
0 0 0 0 0 0 0 0 0 0 0 0 0 0 0 0 0 0 0 0 441 407 437 438 390 
0 0 37 0 0 73 79 92 75 87 0 0 31 0 0 77 75 85 59 79 19 25 59 22 26 
14 17 18 17 64 0 0 0 0 40 86 88 91 81 117 0 0 0 0 36 72 106 88 86 122 
0 0 0 133 0 0 0 0 125 0 0 0 0 144 0 0 0 0 154 0 80 80 78 198 86 
0 72 0 34 75 0 70 0 45 89 0 63 1 41 108 0 67 0 32 84 21 83 27 63 127 
0 112 0 0 0 0 108 0 0 0 0 106 0 0 0 0 96 0 0 0 97 185 98 105 92 
0 35 0 19 0 99 126 101 91 94 90 92 90 79 86 0 26 0 11 0 130 173 141 152 129 
0 0 116 55 0 43 45 154 105 50 0 0 101 39 0 0 0 89 38 0 0 0 125 34 0 
59 0 0 0 0 126 62 61 75 69 99 20 18 20 15 131 47 45 49 41 58 0 0 0 0 
83 35 33 111 36 39 0 0 91 0 48 0 0 85 0 83 35 30 120 32 55 0 0 83 0 
0 0 11 18 0 0 0 0 17 0 101 99 82 102 97 0 0 0 35 0 0 0 7 25 0 
4 7 53 99 7 0 0 54 77 0 52 31 116 129 52 29 40 76 118 38 0 0 48 85 0 
57 2 53 49 8 41 3 41 39 20 131 68 115 121 90 78 17 51 46 18 54 0 44 48 0 
44 0 61 0 58 49 0 68 0 61 38 0 77 0 79 108 58 118 69 123 38 0 58 0 67 
88 23 163 86 49 67 14 156 86 31 55 0 141 30 13 173 68 225 121 125 91 35 188 78 57 
10 80 161 35 120 129 193 303 144 251 29 109 218 37 184 0 39 164 1 117 97 143 256 113 230 
19 22 22 57 50 40 38 34 77 75 0 0 0 31 29 0 0 0 22 17 76 91 89 125 101 
24 38 1 106 0 32 53 0 124 0 94 83 54 145 67 34 48 0 130 0 51 38 0 102 0 
0 0 60 0 0 166 153 219 155 184 0 0 66 0 0 0 0 76 0 0 0 0 72 0 0 
73 14 6 5 19 94 71 73 76 71 107 94 94 99 88 41 0 0 0 11 39 12 13 8 24 
20 146 95 19 45 1 125 81 9 18 0 111 51 0 26 0 127 74 6 12 49 171 111 44 89 
149 197 106 97 101 83 66 46 22 24 43 51 16 0 0 42 55 14 0 0 36 45 17 0 0 
74 93 16 17 17 51 53 1 0 0 51 71 16 0 8 67 72 38 43 43 90 80 53 22 44 
36 74 42 65 28 0 61 11 40 15 0 50 11 42 18 0 43 14 31 13 37 104 63 97 78 
0 0 64 29 14 0 0 50 42 2 0 0 54 44 11 55 64 141 114 78 61 58 119 106 70 
29 38 26 22 30 0 0 0 0 0 72 59 57 61 54 0 0 0 0 0 122 107 99 114 110 
53 33 37 39 40 0 0 8 0 0 0 0 20 0 0 64 57 88 63 67 142 104 146 168 151 
34 42 108 54 46 4 7 62 17 13 55 45 111 47 39 0 0 50 0 0 0 0 51 18 0 
0 0 179 32 0 0 0 140 23 0 19 20 155 37 18 0 0 166 21 0 0 0 162 20 0 
47 77 0 0 0 80 113 40 30 29 64 128 20 15 1 98 140 46 46 51 39 81 0 0 0 
81 110 65 50 59 12 42 0 0 0 69 121 59 48 51 33 65 26 16 13 22 52 0 0 0 
0 115 105 161 0 0 127 114 163 0 0 108 117 165 0 0 116 114 155 0 0 126 115 165 0 
23 0 0 205 0 10 0 0 138 0 128 107 124 253 109 16 0 0 156 0 26 1 0 148 0 
125 143 21 58 98 179 224 82 98 157 135 165 82 76 113 84 94 6 22 54 243 266 122 167 168 
59 171 107 71 92 0 37 59 7 3 39 68 92 33 28 20 77 66 12 24 0 59 44 0 0 
0 20 17 6 68 6 25 24 2 104 6 10 13 0 60 63 90 76 54 181 25 40 42 23 99 
634 520 536 403 492 484 250 287 205 250 465 311 324 185 300 332 166 182 50 153 548 366 427 334 378 
84 71 0 1 0 177 159 70 74 67 84 84 0 0 0 96 79 22 18 17 71 60 0 0 0 
158 304 97 90 127 277 386 146 230 188 148 290 89 152 91 35 182 0 18 0 100 221 71 83 54 
0 0 0 0 54 0 0 0 0 57 0 0 0 0 68 0 0 0 0 58 139 160 144 156 187 
150 0 0 54 0 156 0 0 55 0 141 0 0 40 0 168 0 0 46 0 149 0 0 41 0 
173 163 184 286 143 34 1 90 145 4 86 54 138 200 69 35 8 108 119 26 43 0 100 87 0 
66 116 81 177 154 0 9 5 94 46 0 15 6 72 62 0 11 11 89 61 33 48 26 121 58 
114 115 79 71 11 187 169 163 121 117 99 78 85 56 32 238 209 204 151 144 154 137 137 54 63 
58 147 53 61 56 0 55 0 0 0 4 81 3 5 5 0 70 0 0 0 76 166 67 81 69 
0 0 0 16 0 0 0 0 25 0 0 0 0 22 0 0 0 0 22 0 196 215 240 237 246 
58 5 57 105 89 23 4 33 104 94 78 25 51 123 126 26 0 39 102 93 128 86 129 210 238 
0 97 74 0 103 0 89 84 0 94 0 122 58 0 85 0 90 91 0 106 0 123 82 0 93 
47 23 56 40 33 71 51 92 55 55 23 16 36 20 13 53 45 103 70 48 8 0 32 2 0 
85 0 0 0 57 67 0 0 0 50 94 0 0 0 59 71 0 0 0 52 189 91 83 101 163 
42 61 0 51 34 38 41 0 68 52 32 35 0 87 45 123 125 72 141 101 49 82 23 89 68 
70 87 96 75 62 10 35 39 13 9 0 13 44 0 0 58 69 83 50 44 21 29 55 19 13 
0 0 0 153 30 0 0 0 171 25 28 30 16 162 50 0 0 1 159 32 0 0 0 147 38 
0 0 0 187 13 239 208 181 454 240 0 0 0 211 18 155 169 175 351 137 0 0 0 190 10 
41 128 155 151 55 26 107 150 159 32 71 139 168 172 78 64 181 181 213 95 120 134 189 231 100 
0 0 0 1297 0 0 0 0 1299 0 0 0 0 1321 0 0 1 2 1386 1 0 0 0 1323 0 
195 0 0 0 0 197 13 18 15 20 178 0 0 0 0 196 0 0 0 0 166 0 0 0 0 
92 0 0 0 0 117 0 0 0 0 122 0 0 0 0 102 0 0 0 0 206 88 85 88 99 
166 70 52 99 99 68 0 0 17 17 138 37 40 44 50 150 42 38 97 78 183 119 89 125 134 
7 24 0 0 0 0 40 0 1 0 0 8 0 0 0 30 43 21 41 37 0 0 0 0 0 
61 71 133 102 79 0 0 42 0 0 0 0 56 0 0 0 0 65 0 0 168 156 211 167 177 
1 14 0 70 209 111 119 114 197 324 0 30 1 75 248 0 9 0 78 246 116 135 112 173 291 
13 25 77 11 246 2 10 52 8 195 124 108 180 127 305 148 152 221 171 358 3 2 70 0 198 
109 277 285 193 84 156 250 293 193 94 134 241 246 165 134 29 182 195 99 14 62 196 235 137 33 
107 0 0 9 0 94 0 0 1 0 112 0 0 2 0 113 0 0 0 0 132 19 25 35 36 
0 0 205 0 38 0 0 226 0 30 0 0 199 0 31 0 0 188 0 23 0 0 179 0 36 
42 71 43 35 61 0 51 0 0 15 39 79 42 36 60 0 37 0 0 26 0 56 0 5 24 
609 620 640 678 623 0 0 0 0 0 0 0 0 0 0 0 0 0 0 0 0 0 0 0 0 
75 60 0 0 0 105 76 19 15 15 151 91 32 34 22 100 78 0 0 0 115 102 25 23 35 
30 0 0 57 67 78 46 39 95 125 18 0 0 61 63 37 10 14 54 57 28 25 31 71 75 
0 0 49 49 0 72 47 91 85 57 0 0 36 32 0 53 46 92 76 43 41 27 74 63 27 
15 15 0 0 81 17 2 0 0 59 67 76 49 50 147 24 28 19 14 78 108 116 104 105 139 
55 0 0 0 0 62 0 0 0 0 64 0 0 0 0 202 133 145 146 141 52 0 0 0 0 
76 164 148 142 157 103 308 201 192 228 18 142 83 58 54 123 225 161 185 176 154 283 222 209 221 
0 0 0 0 0 31 35 30 19 22 0 0 0 0 0 59 67 68 65 90 100 94 96 96 126 
151 17 85 6 24 210 1 63 8 20 309 89 151 97 110 322 183 301 170 178 231 53 93 37 49 
0 0 0 0 0 0 0 0 12 0 17 0 0 0 21 0 0 1 0 0 0 0 0 0 0 
11 0 28 1 0 21 0 14 5 0 34 0 27 13 0 80 51 79 49 65 25 3 26 4 2 
