896 833 594 675 790 1102 1167 1043 1113 1065 655 686 504 677 805 982 963 830 1017 989 619 542 449 435 645 
234 199 246 221 215 0 0 0 0 1 149 98 148 135 143 0 0 0 0 0 0 0 0 0 0 
111 55 35 176 223 91 0 0 141 144 137 40 32 194 230 51 0 0 108 131 59 2 0 107 100 
151 0 124 172 179 235 54 211 251 245 331 148 301 366 356 249 63 192 207 256 169 1 135 217 189 
153 35 76 147 25 151 16 66 105 0 147 29 68 106 19 142 5 32 105 0 329 189 274 317 197 
88 4 18 0 76 69 3 15 0 91 159 77 90 69 149 128 59 82 54 129 185 90 107 88 196 
0 0 0 0 0 0 0 0 0 0 1007 1023 966 991 1034 0 0 0 0 0 0 0 0 0 0 
0 0 0 249 0 0 0 3 242 1 103 103 97 354 115 104 106 88 386 118 0 0 0 223 0 
13 8 12 190 5 0 0 0 190 0 43 47 38 194 36 0 0 0 169 0 2 8 4 190 2 
0 0 0 0 0 0 0 0 0 0 0 0 0 0 0 60 73 71 72 92 205 191 182 229 190 
78 99 78 61 195 0 9 0 0 115 0 3 0 0 110 0 4 0 0 125 93 81 81 81 197 
149 153 155 164 160 0 0 0 0 0 0 0 0 0 0 0 0 0 0 0 87 84 72 74 86 
0 0 0 0 0 0 0 0 0 0 0 0 0 0 0 426 428 412 401 410 190 176 179 185 201 
0 217 0 0 93 0 195 0 0 104 126 348 156 141 221 0 194 0 0 102 0 221 0 0 82 
812 0 0 0 0 809 0 0 0 0 798 0 0 0 0 840 0 0 0 0 849 0 0 0 0 
18 5 189 129 145 29 7 162 120 146 91 102 252 207 193 154 161 352 302 293 115 86 241 216 249 
85 119 81 135 67 74 75 57 123 69 0 40 0 43 0 43 92 46 91 46 0 36 0 42 0 
33 6 13 6 20 120 98 110 98 121 29 0 0 0 19 23 0 0 0 30 123 108 87 99 136 
0 0 164 1 0 0 0 157 0 0 0 0 174 0 0 188 162 299 147 164 0 0 169 0 0 
0 78 47 55 0 0 88 49 53 0 37 114 103 111 41 0 83 63 56 0 0 88 69 47 1 
6 1 1 4 140 146 125 131 149 268 146 134 121 139 240 0 5 0 0 124 82 85 103 98 198 
0 0 0 0 0 0 0 0 0 0 0 0 0 0 0 1007 1055 1075 1045 972 0 0 0 0 0 
0 17 53 136 0 0 17 53 115 0 0 18 47 145 0 0 17 50 145 0 0 14 51 142 0 
64 50 0 0 0 80 68 15 15 13 137 83 37 34 29 87 63 0 0 0 96 90 22 23 29 
91 162 97 191 191 15 58 22 81 77 12 48 35 94 108 0 61 0 78 76 0 50 1 74 74 
115 133 138 95 7 99 143 193 109 0 299 301 371 337 217 126 148 148 95 0 305 267 362 283 168 
82 22 22 97 15 77 0 0 113 0 214 152 138 224 121 71 0 0 98 0 106 41 38 164 37 
134 112 54 55 40 168 110 57 59 32 60 58 22 0 0 106 101 25 14 17 101 62 14 0 0 
0 0 191 74 0 0 0 204 67 0 0 0 253 73 0 0 0 221 65 0 0 0 186 56 0 
108 145 144 112 93 0 43 65 0 0 0 42 56 0 0 34 61 98 32 39 0 42 97 0 2 
72 62 75 78 77 110 143 116 136 127 25 45 52 41 44 0 0 0 0 0 0 0 0 0 0 
0 0 0 166 0 0 0 0 177 0 231 237 224 416 242 0 0 0 171 0 0 0 0 158 0 
0 0 0 0 0 137 126 162 126 131 0 0 0 0 0 0 0 0 0 0 69 52 61 60 75 
134 2 15 89 60 142 33 51 139 103 268 94 96 187 178 94 0 0 82 41 230 95 102 196 139 
0 78 0 0 0 0 74 0 0 0 0 60 0 0 0 106 139 75 114 76 50 121 43 47 49 
0 0 103 0 0 95 91 200 118 118 1 0 102 0 0 7 9 110 4 8 16 15 88 10 16 
250 253 201 264 117 107 119 70 117 0 85 118 61 99 0 259 261 165 289 119 131 140 86 154 0 
0 0 0 0 0 37 41 34 29 26 0 0 0 0 0 75 80 97 82 118 124 108 112 118 146 
0 229 0 189 0 0 191 0 189 0 0 207 2 184 0 0 193 0 177 0 0 210 0 200 0 
0 46 0 123 0 0 51 0 147 0 0 50 0 143 0 71 143 69 217 81 0 64 0 134 0 
0 0 0 0 77 84 71 76 58 135 85 75 73 81 124 0 0 0 0 78 0 0 0 0 83 
99 269 327 54 224 34 205 242 19 168 102 289 311 65 226 113 307 317 111 259 247 367 370 187 321 
0 45 33 0 79 19 60 45 12 88 28 81 87 38 79 0 59 26 0 64 0 61 27 0 68 
143 101 129 154 146 19 0 0 45 0 14 0 0 51 0 20 0 0 51 0 97 77 71 123 93 
79 0 74 0 0 75 0 81 0 0 139 55 123 57 58 119 17 83 13 13 73 0 81 0 0 
0 18 80 0 96 0 12 69 0 107 0 16 72 0 107 0 14 91 0 133 0 13 69 0 102 
19 51 147 81 25 48 77 160 101 52 0 43 121 38 0 41 68 158 100 44 0 34 109 59 0 
0 82 0 0 0 0 89 0 0 0 147 280 142 150 143 0 103 0 0 0 18 104 20 33 30 
1 0 0 106 0 82 104 79 165 109 0 0 0 97 0 0 0 0 120 0 113 93 98 215 92 
52 0 97 53 0 61 0 116 57 0 69 0 104 54 1 50 0 113 57 0 46 0 114 47 0 
77 46 0 29 0 103 73 16 47 24 92 86 0 25 0 110 53 0 41 0 87 58 0 33 0 
3 0 0 0 44 257 248 254 253 281 0 0 0 0 54 0 0 0 0 59 3 3 0 0 58 
104 51 64 124 89 68 41 57 106 76 25 0 0 56 11 36 0 0 55 13 45 10 8 68 30 
32 56 8 2 10 15 51 0 0 0 21 77 0 0 0 129 169 133 121 122 28 74 0 0 0 
0 0 0 20 0 186 170 197 198 164 0 0 0 22 0 0 0 0 21 0 0 0 0 17 0 
71 79 132 138 89 0 0 52 63 0 0 0 74 60 0 0 0 67 53 0 0 0 59 62 0 
63 57 58 45 67 41 0 0 0 11 74 62 48 48 72 28 0 0 0 21 92 49 44 48 60 
0 0 25 0 68 9 6 37 12 91 0 0 34 0 70 10 7 43 8 95 81 76 114 65 154 
55 101 137 64 70 28 77 95 26 26 0 32 70 0 0 0 36 71 0 0 0 36 66 0 0 
0 0 113 0 0 0 0 94 0 0 82 122 213 119 104 0 0 90 0 0 0 0 107 0 0 
112 133 37 64 152 44 48 0 0 103 54 74 0 0 84 51 51 0 0 87 73 53 0 2 97 
0 49 0 23 36 59 115 57 80 95 0 59 0 27 38 0 55 0 39 40 26 65 22 54 63 
9 7 99 5 12 0 0 87 0 0 0 0 83 0 0 36 39 120 27 29 75 78 150 59 85 
0 0 0 51 75 87 81 63 117 163 0 0 0 49 72 0 0 0 35 83 0 0 0 47 72 
108 188 90 83 96 24 121 0 0 0 32 139 8 7 10 27 87 0 0 0 25 88 2 0 1 
73 37 103 47 97 19 0 45 7 59 17 0 44 0 72 18 0 56 0 60 0 0 40 0 59 
49 0 2 0 2 58 0 0 0 0 74 50 29 50 65 62 0 0 2 1 143 100 73 114 99 
30 32 113 46 46 3 0 81 0 0 0 0 77 0 0 4 0 70 0 0 31 27 107 28 8 
0 62 64 0 0 0 53 43 0 0 21 104 76 21 21 32 109 52 40 42 0 59 54 0 0 
23 0 80 0 31 52 42 106 38 71 20 0 71 0 11 15 0 82 0 14 25 0 89 0 17 
0 2087 0 0 0 0 2155 0 0 0 0 2012 0 0 0 0 2114 0 0 0 0 2029 0 0 0 
19 92 82 14 14 73 141 145 67 54 0 95 80 3 0 32 143 110 57 30 5 92 65 0 0 
58 100 87 0 0 50 117 116 0 0 70 118 102 0 0 65 117 102 0 0 54 113 115 0 0 
0 104 0 120 0 80 156 69 196 91 64 159 32 160 54 0 77 0 115 0 0 94 0 92 0 
0 0 0 0 0 1303 1250 1260 1218 1281 0 0 0 0 0 0 0 0 0 0 0 0 0 0 0 
0 0 80 125 0 0 0 75 106 0 0 0 81 127 0 0 0 81 124 0 0 0 72 128 0 
154 67 64 107 63 170 65 62 122 74 116 0 0 49 0 94 0 0 38 0 106 0 0 52 0 
0 142 0 0 91 0 161 0 2 84 0 170 0 0 90 0 134 0 0 77 0 168 0 0 101 
177 268 181 248 95 86 202 54 118 0 309 426 262 359 150 191 307 166 252 75 209 389 276 282 143 
85 76 282 291 97 0 0 199 204 0 120 105 278 297 102 0 0 168 193 1 13 2 176 187 11 
162 123 122 166 279 12 22 3 21 161 14 15 7 19 182 231 238 191 213 389 261 278 254 272 416 
0 68 0 0 0 0 49 0 0 0 0 72 0 0 0 7 67 4 7 3 162 206 167 142 163 
54 27 41 13 47 42 15 31 0 38 42 12 40 0 29 72 15 32 0 46 115 110 100 85 137 
199 67 0 100 0 203 69 0 101 0 204 42 0 103 0 190 59 0 112 0 198 54 0 112 0 
0 0 1439 0 0 0 0 1457 0 0 0 0 1366 0 0 0 0 1475 0 0 0 0 1442 0 0 
92 9 9 69 30 120 78 61 123 104 117 76 84 104 107 72 31 30 88 40 60 0 0 37 14 
117 121 134 82 181 0 0 6 0 47 56 85 82 64 113 0 0 20 0 56 0 0 11 0 62 
42 81 0 110 0 129 176 95 203 78 110 128 87 208 91 51 76 0 105 0 36 67 0 106 0 
84 97 108 118 132 92 102 80 75 130 0 30 0 0 56 0 20 0 0 33 57 73 59 61 98 
0 75 0 0 0 29 147 35 37 34 40 141 39 35 31 26 129 22 25 33 39 133 43 35 44 
33 11 41 34 0 103 69 110 112 63 43 21 46 35 0 47 7 42 35 0 40 20 37 39 0 
149 0 0 0 0 127 0 0 0 0 212 77 100 99 98 115 0 0 0 0 137 0 0 0 0 
0 0 0 0 819 0 0 0 0 775 0 0 0 0 826 0 0 0 0 818 0 0 0 0 762 
115 101 0 163 61 145 143 4 168 93 219 192 54 244 127 146 114 9 177 109 132 173 1 189 66 
128 0 0 0 0 264 94 96 80 73 154 0 0 0 0 152 0 0 0 0 141 0 0 0 0 
0 0 0 0 0 88 57 74 74 74 0 0 0 0 0 173 149 172 184 179 0 0 0 0 0 
0 22 0 142 0 30 54 44 184 30 0 19 0 132 0 0 16 0 136 0 0 20 0 160 0 
169 60 111 108 147 115 0 88 44 56 116 17 109 68 78 225 110 196 141 201 84 0 52 35 61 
43 47 55 128 106 28 22 31 81 74 0 0 0 77 55 0 0 0 48 50 6 10 9 75 53 
0 12 62 0 0 94 102 192 97 95 0 12 77 0 0 62 87 192 59 63 0 5 59 0 0 
197 0 190 0 0 197 0 172 0 0 192 3 183 4 1 170 1 182 0 0 206 20 182 10 10 
308 109 355 149 206 299 143 363 139 206 321 119 365 181 233 185 2 218 30 104 204 37 257 45 139 
67 161 75 86 69 0 85 0 30 0 17 131 31 35 28 0 107 0 17 0 0 79 0 22 0 
0 0 33 0 58 35 46 78 44 113 55 74 89 53 121 0 0 33 0 61 0 0 49 0 58 
0 0 17 0 206 0 0 15 0 195 0 0 31 0 179 0 0 27 0 197 0 0 27 0 203 
0 0 0 50 0 0 0 0 60 0 56 60 45 142 45 0 0 0 61 0 86 82 84 162 89 
120 0 0 121 0 142 0 0 144 0 144 0 0 124 0 130 0 0 138 0 134 0 0 138 0 
11 42 93 63 0 96 163 167 174 106 180 215 246 225 152 4 51 94 91 7 53 91 107 113 31 
120 143 126 116 245 0 0 0 0 84 0 0 0 0 85 24 28 33 26 123 0 0 0 0 89 
120 218 130 123 124 0 114 0 0 0 82 184 82 89 79 2 99 0 0 0 61 168 60 46 70 
136 129 77 82 79 80 44 0 0 0 87 48 4 4 9 68 48 0 0 0 75 59 0 0 0 
0 120 0 0 0 40 174 50 56 72 0 129 0 0 0 66 201 89 97 70 0 116 0 0 0 
0 0 0 0 0 0 0 0 0 0 0 0 0 0 0 0 0 0 0 0 434 407 439 421 389 
0 0 39 0 0 83 86 103 79 91 0 0 33 0 0 87 86 91 68 86 21 27 62 26 31 
8 15 18 18 53 0 0 0 0 43 85 90 84 78 108 0 0 0 0 40 73 108 89 86 114 
0 0 0 134 0 0 0 0 117 0 0 0 0 146 0 0 0 0 146 0 82 79 82 209 84 
1 75 0 35 82 3 70 0 43 88 1 68 0 42 102 1 70 0 34 86 23 89 28 59 129 
0 117 0 0 0 0 112 0 0 0 0 109 0 0 0 0 99 0 0 0 100 193 101 112 94 
0 22 0 0 0 87 102 89 71 86 81 73 76 76 78 0 15 0 13 0 123 153 126 148 120 
0 0 117 55 0 43 45 155 106 50 0 0 102 39 0 0 0 89 38 0 0 0 126 35 0 
59 0 0 0 0 126 62 61 75 69 99 20 18 20 15 131 47 46 52 41 58 0 0 0 0 
83 35 33 111 37 39 0 0 91 0 48 0 0 85 0 80 34 28 118 32 54 0 0 83 0 
0 0 15 24 0 0 0 0 26 0 101 99 80 106 97 0 0 2 25 0 0 0 18 25 0 
39 0 0 78 105 95 77 93 123 186 34 2 6 91 106 65 32 34 92 118 34 31 48 87 124 
3 6 51 104 7 0 0 49 82 0 47 32 111 126 46 30 40 69 119 35 0 0 50 84 0 
65 5 57 64 13 49 3 58 64 28 128 83 140 133 85 76 24 53 73 18 60 0 53 66 2 
48 0 71 0 73 49 0 75 0 62 33 0 80 0 97 124 67 138 77 138 37 0 74 0 68 
88 15 198 95 42 68 2 167 72 24 56 0 158 24 3 203 96 274 154 122 123 29 223 81 55 
9 92 183 34 141 167 216 339 159 300 25 119 216 43 163 0 35 192 4 117 109 178 274 122 257 
19 23 25 62 56 43 39 41 83 81 0 0 0 32 28 0 0 0 23 19 83 98 96 142 119 
21 38 0 100 0 39 54 0 120 0 90 81 46 159 62 36 46 0 120 0 42 36 0 93 0 
0 0 57 0 0 175 172 225 163 183 0 0 66 0 0 0 0 86 0 0 0 2 72 0 0 
16 11 1 0 85 22 0 1 4 78 75 88 60 57 165 30 25 15 13 90 104 141 123 130 168 
84 13 12 7 36 129 84 85 92 98 151 111 104 110 115 71 0 5 0 24 47 11 13 7 35 
19 121 88 18 35 0 103 78 6 8 0 84 48 0 24 0 106 60 5 15 51 142 115 44 92 
146 191 91 96 102 74 64 44 20 25 42 50 16 0 0 40 47 14 0 0 33 46 16 0 0 
79 92 15 22 20 57 58 0 0 0 62 75 19 7 15 80 90 49 44 48 98 89 60 32 43 
39 79 43 73 30 0 63 10 43 16 0 53 11 49 18 0 46 14 31 13 40 108 66 99 78 
0 0 64 32 15 0 0 48 37 0 0 0 50 46 8 46 59 137 106 69 57 55 108 102 74 
32 43 28 23 32 0 0 0 0 0 77 64 58 65 60 0 0 0 0 0 135 118 116 128 123 
39 28 33 30 38 0 0 14 0 0 0 0 18 0 0 46 39 74 51 45 108 86 121 120 107 
39 45 108 51 52 5 9 62 17 18 52 45 126 53 43 0 0 52 0 2 0 0 59 17 8 
0 0 179 32 0 0 0 141 23 0 19 20 156 37 18 0 0 166 23 0 0 0 162 23 0 
51 94 0 0 0 72 116 40 34 31 83 126 27 16 11 100 139 42 42 48 44 76 0 0 0 
99 144 89 65 70 14 50 3 0 0 86 150 67 63 67 45 82 37 26 17 31 68 0 0 0 
0 115 109 162 0 0 123 119 160 0 0 107 118 162 0 0 114 116 156 2 0 122 117 154 3 
20 0 0 214 0 10 0 0 137 0 158 107 135 272 116 19 0 0 153 0 33 1 0 163 0 
140 168 38 90 115 187 265 101 111 211 139 190 78 99 144 93 100 5 32 78 266 290 155 188 234 
69 179 119 85 99 5 52 67 12 4 39 81 116 37 29 30 89 68 11 26 0 61 54 0 0 
10 29 20 11 72 15 36 24 9 114 12 26 14 5 54 64 95 75 49 155 28 38 37 26 101 
699 467 621 412 558 503 219 314 158 254 483 315 403 180 304 406 187 198 52 130 520 362 453 315 353 
84 63 2 4 0 159 146 76 79 72 70 75 0 0 0 100 83 21 15 14 62 52 0 0 0 
162 311 129 123 119 230 348 141 217 155 110 269 77 124 68 34 191 9 41 0 97 233 72 85 56 
0 0 0 0 54 0 0 0 0 56 0 0 0 0 73 0 0 0 0 63 139 167 149 162 198 
96 5 46 0 17 164 21 68 34 44 160 58 117 59 60 186 97 167 85 118 162 36 72 23 35 
150 0 0 54 0 156 0 0 55 0 141 0 0 39 0 168 0 0 46 0 149 0 0 41 0 
145 123 157 241 119 25 0 86 125 0 58 40 116 181 58 37 7 91 99 25 26 0 82 90 0 
66 112 92 183 175 0 4 7 98 55 0 10 5 76 69 0 16 14 95 55 30 40 31 118 65 
126 149 100 68 8 203 185 151 114 103 114 113 82 43 10 235 214 190 133 131 172 164 127 58 59 
58 130 51 57 53 0 55 0 0 0 6 80 4 5 4 0 64 0 0 0 76 154 62 76 65 
0 0 0 16 0 0 0 0 20 0 0 0 0 19 0 0 0 0 20 0 178 188 213 221 207 
52 3 47 100 89 19 2 28 90 86 67 25 46 133 103 23 0 36 83 82 128 79 113 179 200 
0 93 76 0 84 0 98 79 0 98 0 125 62 0 75 0 88 101 0 90 0 124 81 0 89 
64 36 79 54 40 91 68 125 69 77 29 20 55 24 16 71 54 135 94 71 12 0 37 2 0 
86 0 0 0 54 70 0 0 0 50 94 0 0 0 60 76 0 0 0 52 185 98 80 97 165 
98 154 57 177 130 83 196 30 155 142 54 111 4 143 71 234 285 172 262 239 140 240 161 242 201 
69 85 93 75 61 7 30 36 12 6 0 7 37 0 0 56 62 78 48 43 21 26 55 18 13 
0 0 0 140 35 0 0 0 158 28 27 29 15 157 51 0 0 0 150 34 0 0 0 138 38 
0 0 0 148 12 165 153 144 361 192 0 0 0 185 20 130 142 131 279 123 0 0 0 142 7 
45 136 163 181 55 38 119 139 191 36 101 157 170 188 71 73 212 188 231 114 120 153 188 258 104 
0 0 0 1282 0 0 1 0 1300 0 0 0 0 1300 0 0 5 3 1360 2 0 0 0 1320 0 
195 0 0 0 0 197 13 18 17 20 178 0 0 0 0 196 0 0 0 0 166 0 0 0 0 
92 0 0 0 0 117 0 0 0 0 122 0 0 0 0 102 0 0 0 0 206 87 83 89 99 
184 34 58 40 34 126 0 13 2 0 230 62 89 65 64 219 114 168 144 128 205 78 95 80 82 
0 22 0 0 0 0 39 0 0 0 0 0 0 0 0 31 46 11 36 46 0 0 0 0 1 
70 79 127 100 86 0 0 49 0 0 0 0 64 0 0 0 0 49 0 0 175 177 232 198 191 
4 10 2 72 201 113 120 108 181 329 1 24 1 75 233 0 19 3 84 238 114 139 113 170 290 
17 22 78 2 246 4 5 66 4 183 122 108 178 124 297 145 147 212 183 351 5 1 71 0 197 
136 321 329 247 99 160 277 347 196 77 167 304 320 217 137 99 209 283 123 27 51 246 263 156 0 
114 0 0 15 0 102 0 0 0 0 112 0 0 0 0 109 0 0 0 0 147 17 28 28 39 
0 0 201 0 38 0 0 225 0 30 0 0 212 0 27 0 0 193 0 22 0 0 179 0 34 
0 0 48 60 0 80 54 112 99 68 0 0 45 40 0 67 55 121 93 48 50 39 94 80 33 
50 76 48 45 72 0 51 0 0 23 42 65 35 29 61 0 37 0 0 23 0 63 2 0 23 
611 623 640 688 625 0 0 0 0 0 0 0 0 0 0 0 0 0 0 0 0 0 0 0 0 
54 0 0 0 0 61 0 0 0 0 64 0 0 0 0 202 132 145 146 140 52 0 0 0 0 
0 0 0 36 0 79 60 50 100 53 0 0 0 18 0 47 48 68 93 51 45 53 44 103 44 
0 0 0 0 0 0 0 1 0 0 0 10 4 0 0 0 0 0 0 0 0 0 0 0 0 
