1052 1009 895 908 1007 1209 1266 1182 1130 1234 752 757 695 652 852 1119 1007 972 1037 1070 664 695 582 555 729 
180 166 181 173 171 0 0 0 0 0 140 95 129 108 107 0 0 0 0 0 0 0 0 0 0 
95 32 35 153 179 60 0 0 113 138 132 57 48 196 225 42 0 0 90 112 56 0 0 104 96 
251 13 83 28 63 208 0 23 3 0 443 81 188 125 119 456 160 288 189 232 329 38 125 16 63 
0 0 3 167 16 179 147 160 371 184 5 3 0 208 17 148 143 145 321 131 0 0 0 182 15 
155 35 102 118 33 123 2 67 104 0 119 33 88 108 29 117 1 51 109 0 263 162 234 264 164 
91 7 20 1 77 74 7 15 0 97 172 82 94 76 159 146 67 86 58 134 190 95 116 95 205 
0 0 0 0 0 0 0 0 0 0 1055 1065 1025 1045 1099 0 0 0 0 0 1 0 0 0 0 
0 0 0 234 0 0 0 4 246 1 107 102 97 351 124 106 96 88 364 139 0 0 0 219 0 
14 7 14 197 5 0 0 0 193 0 39 46 37 188 34 0 0 0 171 0 3 6 3 194 3 
65 192 253 324 86 50 158 233 270 49 177 249 298 423 157 82 244 268 319 129 100 186 246 353 81 
0 0 0 0 0 0 0 0 0 0 0 0 0 0 0 57 73 66 65 91 186 169 177 195 175 
73 92 67 57 164 0 9 0 1 96 0 3 0 0 104 1 4 0 0 113 94 83 87 75 162 
140 140 143 149 148 0 0 0 0 0 0 0 0 0 0 0 0 0 0 0 81 79 71 61 75 
0 0 0 0 0 0 0 0 0 0 0 0 0 0 0 420 417 407 397 403 168 158 159 161 186 
0 197 0 0 84 0 179 0 0 96 129 339 156 142 224 0 193 0 0 106 0 216 0 0 80 
799 0 0 0 0 793 0 0 0 0 786 0 0 0 0 817 0 0 0 0 830 0 0 0 0 
17 7 191 127 165 45 11 208 173 173 116 90 266 246 222 169 186 374 337 326 105 79 274 225 285 
106 146 93 168 73 80 88 69 123 70 0 45 0 42 0 42 101 51 99 50 0 46 0 42 0 
41 11 14 7 25 137 103 126 99 126 35 0 0 0 16 25 0 0 0 18 130 108 107 111 144 
0 0 143 0 0 0 0 130 0 0 0 0 154 0 0 143 109 267 123 140 0 0 149 0 0 
0 65 50 49 0 0 85 46 49 0 41 103 95 108 35 0 76 52 50 0 0 76 62 49 0 
4 0 0 3 154 145 127 128 163 272 148 131 124 142 231 1 8 0 0 123 90 101 114 96 217 
0 0 0 0 0 0 0 0 0 0 0 0 0 0 0 1003 1070 1082 1053 979 0 0 0 0 0 
0 18 51 136 0 0 17 53 115 0 0 18 48 141 0 0 17 52 140 0 0 15 53 142 0 
67 51 0 0 0 87 79 16 15 15 144 89 36 35 32 91 63 0 0 0 101 90 28 24 29 
81 108 85 169 178 6 42 19 59 86 16 54 26 97 105 0 35 0 46 73 1 38 0 69 76 
100 111 120 79 7 94 112 150 84 0 263 290 293 275 185 112 127 131 78 0 255 204 283 225 123 
94 20 31 117 18 90 0 0 123 0 234 165 149 252 141 77 0 0 123 5 119 50 48 201 42 
108 80 40 42 29 132 89 45 52 31 53 44 14 0 0 76 70 17 12 12 73 48 10 0 0 
0 0 150 70 0 0 0 172 55 0 0 0 204 58 1 0 0 176 48 0 0 0 147 48 0 
174 256 250 198 144 0 76 89 0 0 0 63 99 0 0 82 120 163 63 46 0 59 130 0 0 
62 51 67 65 57 96 114 101 111 98 22 39 42 35 37 0 0 0 0 0 0 0 0 0 0 
0 0 0 164 0 0 0 0 174 0 201 204 188 378 201 0 0 0 172 0 0 0 0 155 0 
0 0 0 0 0 137 128 164 129 136 0 0 0 0 0 0 0 0 0 0 71 53 64 63 75 
83 0 0 39 33 111 26 36 76 71 173 61 81 123 127 64 0 0 58 31 155 54 64 118 98 
0 75 0 0 0 0 74 0 0 0 0 58 0 0 0 103 142 75 112 75 48 120 43 46 47 
0 0 95 0 0 85 85 176 104 104 0 0 92 0 0 7 9 97 4 8 14 13 82 8 15 
239 217 202 268 116 119 95 76 120 0 90 85 51 108 0 269 239 172 296 106 136 143 72 158 6 
0 0 0 0 0 34 39 30 24 22 0 0 0 0 0 64 73 78 72 101 107 109 114 106 146 
0 224 0 198 0 0 178 0 192 0 7 203 6 196 5 0 186 0 188 0 0 197 0 202 0 
0 41 0 120 0 0 48 0 126 0 0 47 0 123 0 59 137 71 197 66 0 57 0 114 0 
0 0 0 0 81 88 80 79 65 140 91 78 81 86 145 0 0 0 0 77 0 0 0 0 81 
81 284 327 31 224 43 209 224 6 143 83 279 296 33 240 132 320 308 121 275 224 364 393 185 333 
0 51 36 0 90 23 70 48 14 101 30 99 97 44 87 0 68 33 0 68 0 67 33 0 78 
119 101 111 131 134 15 0 0 38 0 15 0 0 40 0 16 0 0 38 0 90 70 69 114 83 
28 0 0 53 64 66 41 38 82 113 18 0 1 55 60 34 9 14 50 55 27 25 28 66 70 
90 0 77 0 0 82 0 80 0 0 148 60 121 57 63 120 21 93 15 15 86 0 86 0 0 
0 19 86 0 100 0 12 72 0 111 0 17 77 0 109 0 14 94 0 138 0 13 69 0 104 
11 45 137 71 19 43 72 146 98 45 0 39 117 38 0 45 63 153 94 33 0 22 107 60 0 
0 63 0 0 0 0 73 0 0 0 118 227 105 134 125 0 88 0 0 0 15 86 17 23 27 
0 0 0 71 0 61 64 51 122 81 0 0 0 69 0 0 0 0 80 0 71 63 57 147 60 
49 0 92 48 0 57 0 109 53 0 59 0 93 50 0 46 0 102 54 0 44 0 98 46 0 
79 46 0 30 0 104 73 16 47 26 94 86 0 25 0 113 53 0 42 0 88 58 0 34 0 
0 0 0 0 23 177 158 177 182 192 0 0 0 0 30 0 0 0 0 29 0 0 0 0 32 
92 47 57 114 79 58 38 48 100 68 26 0 0 53 10 29 0 0 47 10 39 13 9 58 28 
30 71 9 8 13 17 56 0 0 0 21 89 0 0 0 155 212 147 139 137 30 93 0 0 0 
0 0 0 21 0 193 178 202 210 167 0 0 0 23 0 0 0 0 22 0 0 0 0 20 0 
75 83 146 152 93 0 0 59 71 0 0 0 74 61 0 0 0 73 55 0 0 0 65 65 0 
63 57 58 48 68 41 0 0 0 11 76 62 48 48 72 30 0 0 0 21 92 49 45 49 60 
0 0 26 0 77 9 7 35 14 96 0 0 35 0 77 10 7 46 7 102 89 81 123 64 167 
594 595 620 648 599 0 0 0 0 0 0 0 0 0 0 0 0 0 0 0 0 0 0 0 0 
61 109 141 69 73 30 83 101 28 28 0 33 75 0 0 0 38 74 0 0 0 41 71 0 0 
0 0 110 0 0 0 0 91 0 0 76 114 207 111 100 0 0 85 0 0 0 0 104 0 0 
109 130 45 66 162 38 45 0 0 90 49 63 0 0 84 46 50 0 0 90 62 50 0 0 97 
0 49 0 14 0 24 88 43 37 50 0 56 0 9 9 0 53 0 22 8 11 51 4 22 0 
7 7 99 4 11 0 0 86 0 0 0 0 82 0 0 36 38 120 27 29 75 77 149 59 85 
0 0 0 51 75 88 81 63 117 163 0 0 0 49 73 0 0 0 36 84 0 0 0 47 73 
97 169 82 78 84 23 110 0 0 0 33 121 5 8 9 22 78 0 0 0 24 82 3 3 0 
72 28 95 41 105 19 0 41 5 66 21 0 40 0 79 20 0 48 9 61 12 0 39 5 71 
59 4 0 0 3 69 0 0 0 0 87 48 54 50 66 104 35 22 28 29 176 110 92 138 111 
67 34 117 47 48 32 0 81 0 0 29 0 76 0 0 24 0 69 0 0 83 45 122 48 44 
0 40 0 0 0 27 74 40 39 43 29 69 18 22 18 19 68 34 52 26 0 35 0 0 0 
81 72 96 45 55 33 25 25 0 9 57 63 53 28 44 45 26 34 0 10 35 28 32 0 10 
0 62 67 0 0 0 70 55 8 0 21 104 79 21 21 32 109 59 40 42 0 62 52 0 0 
58 102 57 52 48 38 106 33 39 33 18 84 21 20 31 27 62 26 30 29 0 63 0 0 0 
25 0 84 0 40 59 43 116 39 75 21 0 78 0 9 19 1 89 0 21 27 0 86 0 21 
0 2061 0 0 0 0 2122 0 0 0 0 1992 0 0 0 0 2092 0 0 0 0 2002 0 0 0 
15 150 132 17 8 86 243 238 98 92 6 129 123 7 0 38 225 166 66 42 3 138 102 0 0 
51 90 69 0 0 46 108 90 0 0 67 99 89 0 0 61 108 81 0 0 51 91 96 0 0 
4 116 0 132 0 106 197 116 284 119 110 193 89 267 90 7 105 0 163 0 1 115 0 146 0 
133 217 14 232 140 58 182 5 218 193 49 165 1 195 117 279 410 195 438 288 208 390 186 385 345 
0 0 0 0 0 1281 1223 1218 1171 1258 0 0 0 0 0 0 0 0 0 0 0 0 0 0 0 
0 0 80 127 0 0 0 75 106 0 0 0 80 128 0 0 0 81 125 0 0 0 72 130 0 
171 55 56 111 48 184 64 64 135 71 114 1 0 46 0 99 0 0 39 1 113 0 0 53 0 
0 122 0 0 79 0 145 0 0 71 0 157 0 0 84 0 128 0 0 70 0 146 0 0 94 
149 244 122 207 86 115 240 100 138 34 244 372 214 283 129 208 325 206 233 125 166 324 233 198 156 
47 45 164 157 69 1 0 107 72 9 55 56 122 158 63 0 0 56 74 11 21 20 131 102 41 
158 120 124 152 281 11 25 3 16 161 13 13 15 6 155 221 226 183 200 382 225 277 270 237 403 
0 66 0 0 0 0 48 0 0 0 0 65 0 0 0 7 63 5 7 3 157 195 158 137 154 
63 35 52 23 73 52 20 43 0 64 60 23 52 0 47 83 19 38 0 73 193 140 134 134 197 
202 76 0 101 0 202 70 0 99 0 205 59 0 104 0 193 70 0 111 0 207 63 0 118 0 
55 0 0 0 0 62 0 0 0 0 64 0 0 0 0 202 133 145 146 141 52 0 0 0 0 
88 228 238 146 70 118 224 250 139 53 108 234 223 116 88 31 149 188 74 3 62 218 224 101 31 
81 5 6 48 22 114 77 54 114 84 104 76 75 83 86 68 31 27 70 44 64 0 0 36 12 
109 124 137 88 196 0 0 6 0 45 61 72 77 74 110 0 0 18 0 55 0 0 10 0 67 
24 51 0 55 0 105 126 63 113 48 58 65 27 83 37 43 42 0 51 0 30 45 0 56 0 
84 86 80 87 122 77 79 60 56 100 0 26 0 0 52 0 18 0 0 28 54 73 52 45 89 
0 63 0 0 0 27 112 31 31 27 32 120 31 30 29 22 107 20 24 28 36 107 38 32 43 
32 11 41 34 0 101 71 112 112 63 43 20 45 34 0 42 9 43 33 0 40 20 36 39 0 
1 7 0 89 247 167 162 133 264 397 0 32 0 108 280 0 15 0 107 287 128 162 136 211 371 
15 24 85 11 240 3 0 73 8 183 117 101 180 117 288 151 163 231 177 346 3 1 60 0 190 
156 0 2 0 0 141 0 0 0 0 235 85 109 105 116 125 0 0 0 0 132 0 0 0 0 
0 0 0 0 866 0 0 0 0 820 0 0 0 0 859 0 0 0 0 856 1 0 0 0 794 
125 114 0 173 46 133 133 6 182 87 164 171 54 252 135 116 116 6 161 87 142 152 0 227 68 
129 0 0 0 0 249 91 84 77 81 157 0 0 0 0 141 0 0 0 0 149 0 0 1 0 
51 23 62 41 36 84 64 106 71 61 23 16 40 18 13 63 52 128 83 58 8 0 38 0 0 
0 22 0 143 0 33 55 44 186 32 0 19 0 132 0 0 16 0 136 0 0 20 0 160 0 
83 58 105 130 144 56 0 75 51 59 30 0 79 75 72 104 76 133 139 136 7 0 34 54 45 
48 55 58 143 116 28 23 35 88 79 0 0 0 84 57 0 0 0 51 57 7 10 11 81 57 
0 9 59 0 0 75 89 164 78 85 0 9 70 0 0 50 70 154 45 54 0 5 55 0 0 
111 0 110 0 0 100 0 84 0 0 91 0 100 4 1 69 0 101 0 0 108 11 88 9 10 
0 0 0 0 0 77 56 72 64 70 0 0 0 0 0 148 125 134 148 144 0 0 0 0 0 
309 104 336 127 213 351 180 445 207 273 331 157 409 195 265 209 22 211 54 128 243 71 291 44 129 
79 174 76 97 74 0 123 0 35 0 21 157 33 37 29 0 120 0 19 0 0 97 0 24 0 
0 0 33 0 58 35 45 78 44 112 55 73 89 52 121 0 0 33 0 61 0 0 49 0 58 
0 0 16 0 189 0 0 16 0 182 0 0 29 0 172 0 0 26 0 187 0 0 23 0 184 
0 0 0 49 0 0 0 0 59 0 53 59 45 139 45 0 0 0 58 0 85 77 82 158 86 
87 0 0 94 0 109 0 0 111 0 99 0 0 89 0 92 0 0 113 0 97 0 0 109 0 
5 50 44 60 0 111 181 175 162 116 183 223 207 237 143 0 85 101 87 0 80 121 103 148 61 
113 155 137 117 254 0 0 0 0 80 0 0 0 0 86 26 26 28 25 125 0 0 0 0 96 
120 224 130 124 126 0 115 0 0 0 67 182 82 81 79 3 113 2 0 6 83 198 79 80 98 
136 126 76 78 78 76 45 0 0 0 85 47 4 4 8 63 47 0 0 0 71 56 0 0 0 
0 97 0 0 0 35 143 44 48 58 0 111 0 0 0 57 174 75 70 61 0 106 0 0 0 
0 0 0 0 0 0 0 0 0 0 0 0 0 0 0 0 0 0 0 0 416 387 420 403 374 
0 0 37 0 0 74 79 94 79 87 0 0 32 0 0 77 77 85 60 82 20 24 59 22 26 
8 15 16 17 52 0 0 0 0 36 79 79 71 69 99 0 0 0 0 33 68 98 78 75 105 
0 0 0 126 0 0 0 0 111 0 0 0 0 135 0 0 0 0 139 0 71 71 76 189 79 
0 67 0 34 70 0 63 0 38 77 0 54 0 36 91 2 60 0 32 73 19 78 25 55 113 
0 112 0 0 0 0 108 0 0 0 0 106 0 0 0 0 96 0 0 0 97 185 99 105 92 
0 11 0 44 0 84 72 64 74 78 46 40 52 61 53 0 8 0 11 0 119 134 112 145 109 
0 0 117 55 0 43 45 155 106 50 0 0 102 39 0 0 0 89 38 0 0 0 126 35 0 
9 28 0 0 1 0 60 18 0 27 3 48 0 0 19 0 30 6 0 26 0 35 14 0 17 
59 0 0 0 0 126 62 60 76 69 99 20 18 20 15 131 47 46 52 41 58 0 0 0 0 
194 0 0 0 0 184 0 10 12 7 177 0 0 0 0 194 0 0 0 0 163 0 0 0 0 
83 35 33 111 37 38 0 0 90 0 47 0 0 84 0 83 35 30 120 32 55 0 0 83 0 
0 0 63 40 0 0 0 53 41 0 100 99 146 132 97 0 0 61 45 0 0 0 66 42 0 
69 21 21 69 57 48 0 0 30 45 60 0 1 26 24 78 0 0 44 18 84 26 34 70 67 
0 6 67 133 7 0 0 63 110 0 66 37 160 163 60 36 51 101 151 50 0 0 59 115 0 
59 7 52 43 11 49 5 46 43 16 133 79 119 116 87 80 23 43 56 21 56 1 53 42 0 
45 0 61 0 66 44 0 65 0 58 29 0 76 0 92 109 60 115 70 118 34 0 70 0 59 
101 41 159 66 47 72 11 148 78 32 52 0 110 13 7 153 70 199 129 88 127 45 206 82 77 
8 96 149 29 142 155 220 321 133 284 34 122 219 52 215 0 35 154 3 128 105 171 253 128 250 
26 20 26 66 53 46 53 37 89 85 0 0 0 32 32 0 0 0 25 20 100 111 108 146 113 
43 37 0 134 1 41 65 0 151 0 137 105 72 201 92 47 46 0 143 0 59 42 0 116 0 
0 0 53 0 0 165 143 206 145 178 0 0 59 0 0 0 0 74 0 0 0 0 70 0 0 
45 74 43 69 35 12 22 0 25 0 62 94 53 98 43 12 50 3 37 5 66 59 56 85 34 
11 7 0 0 63 12 2 0 0 50 53 53 41 36 107 19 19 14 11 63 79 97 79 75 109 
51 5 0 4 12 80 55 58 63 60 87 68 77 85 80 34 0 0 0 9 29 10 12 0 18 
18 92 65 15 28 0 81 62 5 4 0 67 39 0 18 0 73 47 5 10 41 116 93 38 76 
134 177 85 95 98 67 62 43 18 19 38 50 18 0 0 38 49 15 0 0 32 47 17 0 0 
95 0 0 31 0 83 0 0 36 0 98 0 0 37 0 100 0 0 23 0 122 15 23 70 29 
86 101 11 22 29 55 50 0 0 0 63 80 18 0 18 80 81 40 46 51 97 84 52 27 53 
42 78 48 73 31 0 56 11 46 13 0 38 1 38 0 0 34 14 35 0 41 101 70 103 81 
0 0 56 27 11 0 0 45 34 3 0 0 44 40 4 41 53 122 94 60 54 50 100 93 63 
29 38 26 22 30 0 0 0 0 0 69 58 57 61 54 0 0 0 0 0 120 107 99 114 110 
44 38 35 35 43 0 0 19 0 0 0 0 19 0 0 53 47 92 64 49 131 106 144 156 129 
26 33 91 35 48 6 10 60 2 15 47 46 114 46 47 0 0 49 0 0 5 4 61 21 6 
0 0 177 29 0 0 0 138 22 0 19 20 152 36 17 0 0 162 23 0 0 0 160 18 0 
43 72 0 0 0 66 93 38 29 29 68 112 17 15 9 80 121 37 37 41 39 68 0 0 0 
80 0 84 79 91 164 76 173 170 185 176 86 184 202 221 162 43 104 101 150 104 0 87 139 111 
103 156 78 66 78 16 79 4 0 0 96 183 86 73 79 46 89 39 23 17 25 67 0 0 0 
0 116 106 162 0 0 127 113 159 0 0 107 119 167 0 0 114 115 155 0 0 124 118 165 0 
12 0 0 130 0 8 0 0 95 0 89 65 86 186 81 10 0 0 99 0 20 1 0 104 1 
38 68 30 30 55 0 49 0 1 11 48 81 43 36 53 7 39 0 0 28 0 55 0 4 19 
114 109 23 67 103 172 218 90 114 184 140 146 62 89 111 70 64 2 19 65 213 229 92 124 166 
69 189 133 75 99 6 47 78 12 6 35 81 119 38 32 25 89 76 11 27 0 66 72 0 0 
0 11 0 0 56 4 17 13 0 87 0 6 10 0 47 56 79 66 37 136 29 39 36 24 89 
0 0 193 0 38 0 0 209 0 26 0 0 192 0 23 0 0 171 0 20 0 0 166 0 27 
687 466 568 381 451 519 226 293 180 200 464 293 339 212 257 334 101 181 34 135 540 283 410 324 336 
76 58 2 3 1 146 139 70 69 76 71 73 0 0 0 84 81 21 14 18 66 58 0 0 0 
157 299 143 143 155 260 387 160 259 202 131 286 104 138 78 29 177 0 28 0 94 232 70 94 66 
22 0 28 80 0 27 0 15 52 0 75 47 74 80 28 91 51 83 111 65 32 0 24 56 0 
0 0 0 0 58 0 0 0 0 73 0 0 0 0 80 0 0 0 0 70 161 197 166 186 231 
116 5 57 0 22 177 26 77 48 52 167 80 121 61 76 204 120 173 94 137 174 34 64 30 43 
52 42 120 124 34 0 0 93 109 0 63 47 139 144 47 0 0 97 103 0 0 0 96 84 0 
150 0 0 54 0 156 0 0 55 0 141 0 0 40 0 168 0 0 46 0 149 0 0 41 0 
165 130 167 251 133 38 0 90 133 0 65 39 129 186 57 32 0 98 96 23 45 0 78 99 0 
0 0 45 50 0 64 46 91 89 58 0 0 36 34 0 56 43 92 78 46 40 32 76 62 26 
60 121 81 166 165 0 7 2 95 45 0 18 5 68 70 0 13 12 90 60 35 41 27 90 62 
98 81 82 82 26 175 155 149 123 139 74 76 59 79 5 214 152 160 142 119 148 145 162 112 97 
97 16 84 0 0 110 10 101 0 0 121 10 94 0 0 120 10 91 0 0 111 15 101 0 0 
60 138 55 61 54 0 57 0 0 0 6 83 5 6 4 0 70 0 0 0 81 161 65 84 68 
0 0 0 18 0 0 0 0 26 0 0 0 0 21 0 0 0 0 21 0 184 207 229 233 218 
46 11 0 33 39 118 90 77 104 104 50 8 0 35 39 42 1 0 25 43 50 8 0 29 34 
65 8 51 112 91 18 4 27 110 83 62 25 44 128 98 19 0 29 84 79 118 77 106 184 183 
0 0 0 194 0 0 0 0 185 0 0 0 0 177 0 3 6 5 224 6 0 0 0 199 0 
0 68 53 0 67 0 69 58 0 70 0 79 49 0 55 0 65 63 0 69 0 82 65 0 66 
92 0 0 0 0 117 0 0 0 0 122 0 0 0 0 102 0 0 0 0 206 88 84 89 99 
76 0 0 0 8 64 0 0 0 9 85 0 0 0 23 67 0 0 0 9 165 84 75 86 112 
0 0 0 150 36 0 0 0 175 31 31 31 19 164 53 0 0 0 156 37 0 0 0 146 40 
55 66 126 103 74 0 0 52 0 0 0 0 58 0 0 0 0 61 0 0 163 175 213 199 181 
0 0 0 36 0 79 64 48 105 56 0 0 0 20 0 46 48 66 96 50 44 52 43 101 41 
0 0 0 1028 0 0 0 0 1018 0 0 0 0 1048 0 0 0 0 1073 0 0 0 0 1029 0 
0 0 1480 0 0 0 0 1492 0 0 0 0 1374 0 0 0 0 1508 0 0 0 0 1469 0 0 
