742 705 572 642 685 1021 1007 949 947 997 560 623 474 571 646 965 907 828 834 848 559 412 369 362 546 
256 195 266 236 213 0 2 0 0 0 153 125 162 123 158 0 0 0 0 0 0 0 0 0 0 
75 45 27 125 142 53 0 0 120 109 106 36 21 147 150 49 0 0 66 93 49 1 0 89 89 
173 0 132 183 190 257 51 226 270 273 349 144 328 398 411 280 64 184 248 252 163 2 126 206 172 
157 29 90 124 28 149 13 85 105 3 128 22 69 100 20 138 5 52 114 0 292 204 269 291 181 
96 8 15 0 95 88 6 18 0 113 189 97 95 83 201 164 66 96 72 155 218 114 118 110 236 
0 0 0 0 0 0 0 0 0 0 1030 1036 988 1012 1047 0 0 0 0 0 0 0 0 0 0 
0 0 0 270 0 0 0 3 246 0 101 112 107 367 121 106 102 84 382 118 0 0 0 257 0 
14 7 14 175 6 0 0 0 173 0 38 41 33 180 28 0 0 0 151 0 3 5 4 178 3 
0 0 0 0 0 0 0 0 0 0 0 0 0 0 0 70 63 73 76 89 205 200 178 221 180 
76 96 75 74 192 0 9 0 0 131 0 3 0 0 121 0 4 0 0 115 98 97 92 72 189 
166 165 177 187 174 0 0 0 0 0 0 0 0 0 0 0 0 0 0 0 87 83 74 72 91 
0 0 0 0 0 0 0 0 0 0 0 0 0 0 0 425 428 413 402 411 179 165 171 173 198 
0 221 0 0 94 0 196 0 0 104 134 363 153 143 227 0 205 0 0 104 0 234 0 0 91 
815 0 0 0 0 798 0 0 0 0 796 0 0 0 0 817 0 0 0 0 836 0 0 0 0 
8 0 215 155 204 79 56 265 203 248 113 112 301 259 295 202 208 440 359 393 128 107 300 249 325 
78 114 69 131 63 52 68 48 98 64 0 41 0 40 0 40 87 45 84 39 0 39 0 36 0 
30 10 12 8 18 135 110 103 96 125 31 0 0 0 18 22 0 0 0 21 120 111 100 99 137 
0 0 166 0 0 0 0 151 0 0 0 0 166 0 0 175 161 286 143 150 0 0 154 0 0 
0 98 54 78 0 0 118 59 78 0 55 152 127 152 64 0 107 67 72 0 0 105 80 75 0 
2 0 2 2 161 162 120 140 152 268 140 114 124 125 230 3 4 0 0 129 82 86 95 86 207 
0 0 0 0 0 0 0 0 0 0 0 0 0 0 0 1008 1064 1079 1044 980 0 0 0 0 0 
0 22 53 145 0 0 18 58 126 0 0 20 51 163 0 0 20 52 157 0 0 14 56 151 0 
66 110 68 131 143 4 39 19 67 66 10 41 26 71 71 0 43 0 51 58 0 33 0 55 65 
92 130 135 88 0 100 130 180 90 5 309 303 369 324 216 99 122 158 81 5 259 254 349 244 116 
67 14 22 98 23 73 0 0 112 0 203 154 148 233 137 60 0 0 104 0 102 39 39 166 35 
118 110 46 49 48 146 125 56 66 33 56 55 16 0 0 83 95 22 9 16 83 60 11 0 0 
0 0 279 105 0 0 0 282 92 0 0 0 349 93 0 0 0 310 75 0 0 0 292 79 0 
113 144 153 104 92 0 46 62 0 0 0 41 57 0 0 36 62 93 32 33 0 41 85 0 1 
68 62 79 76 73 114 132 115 126 115 23 42 55 44 46 0 0 0 0 0 0 0 0 0 0 
0 0 0 170 0 0 0 0 174 0 215 220 207 404 232 0 0 0 172 0 0 0 0 158 0 
0 0 0 0 0 154 136 188 146 147 0 0 0 0 0 0 0 0 0 0 77 57 70 68 86 
124 2 11 69 55 151 42 70 126 116 256 89 105 185 165 104 0 0 75 53 213 84 88 168 132 
0 79 0 0 0 0 80 0 0 0 0 66 0 0 0 115 152 79 119 80 52 132 43 48 48 
0 0 97 0 0 85 85 177 106 104 0 0 92 0 0 7 9 99 4 8 14 13 83 9 15 
262 226 202 292 126 106 87 78 121 0 84 78 59 111 0 261 226 153 276 110 127 104 92 153 0 
0 240 0 217 0 0 200 0 212 0 9 225 8 211 9 0 206 0 203 0 0 219 0 224 0 
0 39 0 121 0 0 53 0 133 0 0 47 0 133 0 62 138 75 195 66 0 57 0 120 0 
0 0 0 0 86 90 76 84 66 159 102 80 88 96 147 0 0 0 0 84 0 0 0 0 90 
54 241 281 31 180 20 173 236 5 102 47 251 271 34 155 62 264 287 83 189 173 294 307 143 230 
0 54 47 0 108 23 91 63 18 114 31 95 97 43 114 0 67 31 0 90 0 75 33 0 86 
131 98 126 132 149 16 0 0 40 0 13 0 0 36 0 24 0 0 48 0 113 72 61 131 98 
67 0 65 0 0 63 0 75 0 0 113 53 107 48 50 99 15 78 12 12 65 0 73 0 0 
0 22 101 0 120 0 13 73 0 131 0 24 87 0 129 0 20 108 0 153 0 14 77 0 118 
11 62 143 73 19 54 79 156 101 44 0 46 125 41 0 36 76 147 100 36 0 30 101 63 0 
0 72 0 0 0 0 75 0 0 1 141 249 134 148 140 0 99 0 0 0 15 90 19 24 30 
0 0 0 81 0 70 76 62 141 106 0 0 0 80 0 0 0 0 89 0 83 73 79 177 71 
49 0 92 48 0 57 0 109 53 0 59 0 93 50 0 46 0 102 54 0 44 0 98 46 0 
103 62 0 36 0 139 99 23 60 33 118 108 0 29 0 134 74 0 54 0 115 74 0 48 0 
0 0 0 0 30 251 246 247 248 275 0 0 0 0 55 0 0 0 0 50 0 0 0 0 49 
106 53 63 127 91 68 48 52 109 81 27 0 0 55 10 31 0 0 56 14 42 10 8 63 28 
30 57 8 7 8 17 51 0 0 0 21 75 0 0 0 130 171 132 119 122 29 74 0 0 0 
0 0 0 21 0 180 161 190 193 157 0 0 0 23 0 0 0 0 22 0 0 0 0 19 0 
78 91 162 160 106 0 0 59 71 0 0 0 82 66 0 0 0 84 75 0 0 0 71 77 0 
69 67 64 53 75 44 0 0 0 12 87 67 50 51 76 30 0 0 0 24 101 53 49 52 64 
0 0 25 0 72 9 6 39 11 94 0 1 36 0 75 8 9 44 7 97 85 75 120 67 160 
57 107 139 64 72 28 79 95 26 27 0 33 72 0 0 0 37 73 0 0 0 39 66 0 0 
0 0 120 0 0 0 0 96 0 0 77 119 216 122 106 0 0 93 0 0 0 0 112 0 0 
103 118 34 55 145 40 42 0 0 92 46 61 0 0 73 51 45 0 0 87 65 50 0 0 81 
0 36 0 11 23 51 100 44 63 70 0 48 0 15 6 0 45 0 30 21 18 54 18 29 35 
10 9 120 4 13 0 0 101 0 0 0 0 101 0 0 45 47 148 33 35 93 97 189 71 99 
0 0 0 51 75 88 81 63 117 163 0 0 0 49 73 0 0 0 36 84 0 0 0 47 73 
106 184 85 80 92 22 123 0 0 0 31 128 7 9 10 23 80 0 0 0 25 96 3 0 1 
70 33 98 34 96 19 0 41 2 55 22 0 44 0 74 21 0 57 2 54 5 0 34 0 56 
52 0 7 0 2 68 1 0 0 0 95 45 54 52 71 82 9 0 4 0 123 81 83 89 59 
36 34 118 45 51 12 0 81 0 0 0 0 77 0 0 10 0 70 0 0 48 26 111 26 27 
0 62 63 0 0 4 69 52 5 0 21 104 73 21 21 32 109 64 40 42 0 62 57 0 0 
24 0 87 0 44 54 43 117 37 77 14 0 79 0 25 29 9 85 0 30 22 0 90 0 23 
0 2185 0 0 0 0 2222 0 0 0 0 2113 0 0 0 0 2160 0 0 0 0 2125 0 0 0 
21 93 72 19 12 71 146 159 74 57 9 100 75 6 0 29 140 115 64 40 8 100 76 3 0 
61 107 85 0 2 57 121 119 0 0 77 122 105 0 0 73 124 106 0 0 62 118 118 0 0 
0 123 0 144 0 122 181 74 208 93 98 193 52 212 52 0 108 0 125 0 0 134 0 122 0 
0 0 0 0 0 1296 1260 1261 1214 1290 0 0 0 0 0 0 0 0 0 0 0 0 0 0 0 
0 0 80 125 0 0 0 75 106 0 0 0 81 126 0 0 0 81 125 0 0 0 72 128 0 
162 53 63 98 50 174 58 70 133 71 91 0 0 39 0 93 0 0 44 0 94 0 0 46 0 
0 142 0 0 86 0 150 0 0 75 0 175 0 0 95 0 144 0 0 75 0 149 0 0 101 
262 296 212 249 101 133 231 115 117 15 269 365 277 276 106 336 374 305 300 176 224 367 292 262 137 
94 84 284 273 89 0 0 188 194 0 113 101 261 284 110 0 0 165 183 4 8 4 205 191 17 
149 117 110 145 252 15 25 0 12 167 16 14 5 6 165 217 223 172 199 360 225 276 242 245 380 
0 115 0 0 0 0 106 0 0 0 0 127 0 0 0 8 119 5 7 3 275 349 283 278 269 
46 23 36 11 40 39 14 27 0 37 38 12 33 0 29 63 13 29 0 40 103 95 85 73 111 
198 63 0 99 0 204 62 0 103 0 204 43 0 103 0 191 61 0 114 0 200 49 0 104 0 
0 0 1438 0 0 0 0 1458 0 0 0 0 1358 0 0 0 0 1485 0 0 0 0 1443 0 0 
73 0 7 43 25 99 62 47 96 62 95 71 61 71 77 63 30 23 61 33 59 0 0 26 14 
117 125 128 84 189 0 0 7 0 46 59 83 75 67 114 0 0 22 0 58 0 0 14 0 65 
54 108 0 136 0 165 209 98 240 95 148 166 96 256 102 67 92 0 122 0 50 83 0 125 0 
82 83 69 87 128 78 83 64 58 99 0 24 0 0 49 0 21 0 0 29 56 73 53 50 98 
0 65 0 0 1 28 111 31 30 27 31 120 32 30 29 24 107 22 25 31 36 108 39 33 43 
29 8 39 32 0 97 63 110 107 60 36 15 47 35 0 39 1 45 29 0 34 18 36 36 0 
145 0 0 0 0 129 0 0 0 0 206 81 97 110 104 118 0 0 0 0 137 0 0 0 0 
0 0 0 0 847 0 0 0 0 788 0 0 0 0 850 0 0 0 0 841 0 0 0 0 787 
72 121 83 197 179 0 9 5 97 49 0 14 7 87 71 0 15 11 86 61 31 40 39 118 79 
134 0 0 0 0 261 98 86 82 76 160 0 0 0 0 152 0 0 0 0 140 0 0 0 0 
0 0 0 0 0 76 57 72 67 71 0 0 0 0 0 144 117 144 144 137 0 0 0 0 0 
0 22 0 147 0 39 63 51 206 35 0 19 0 142 0 0 16 0 145 0 0 20 0 166 0 
145 50 97 87 137 109 0 76 37 63 113 17 88 61 81 198 108 156 118 178 84 0 46 37 55 
63 70 67 167 137 33 33 36 106 91 0 0 0 89 69 0 0 0 66 65 11 15 14 96 69 
0 9 74 0 0 87 121 210 104 102 0 12 88 2 0 69 92 204 70 85 0 6 78 0 0 
214 7 202 0 0 205 1 177 0 0 209 3 189 2 1 185 1 197 0 0 216 20 181 8 11 
322 107 325 121 189 372 167 418 194 223 367 148 367 198 234 231 13 218 68 137 198 52 259 32 111 
73 162 78 91 70 0 89 0 28 0 17 131 31 35 28 0 107 0 19 0 0 78 0 22 0 
0 0 33 0 58 35 46 78 44 113 55 74 89 52 121 0 0 33 0 61 0 0 49 0 58 
0 0 17 0 208 0 0 20 0 195 0 0 30 0 176 0 0 27 0 198 0 0 25 0 213 
0 0 0 57 0 0 0 0 65 0 64 64 47 161 49 0 0 0 73 0 101 86 95 189 100 
115 0 0 119 0 142 0 0 143 0 134 0 0 118 0 120 0 0 135 0 130 0 0 136 0 
6 41 82 64 0 117 187 187 178 141 184 222 242 224 143 18 57 104 106 17 102 117 129 148 80 
105 124 111 111 211 0 0 0 0 75 0 0 0 0 75 21 25 27 24 113 0 0 0 0 81 
119 201 126 116 120 0 104 0 0 0 74 171 80 79 77 3 105 3 0 14 82 176 78 65 89 
173 151 92 97 89 89 49 0 0 0 98 50 6 4 9 83 57 0 0 0 85 62 0 0 0 
0 128 0 0 0 44 191 68 61 79 0 149 0 0 0 73 210 99 106 77 0 122 0 0 0 
0 0 0 0 0 0 0 0 0 0 0 0 0 0 0 0 0 0 0 0 469 427 452 437 412 
0 0 37 0 0 73 79 92 75 87 0 0 31 0 0 71 66 78 51 72 12 21 57 20 21 
9 17 17 17 62 0 0 0 0 40 85 92 79 76 108 0 0 0 0 36 72 105 86 85 120 
0 0 0 130 0 0 0 0 120 0 0 0 0 145 0 0 0 0 155 0 81 76 81 216 84 
0 72 0 36 81 0 64 0 40 82 0 60 0 38 100 0 66 0 36 83 14 82 26 64 121 
0 26 0 37 3 88 109 91 75 87 84 84 78 82 79 0 17 0 11 0 122 158 126 136 120 
0 0 117 55 0 43 45 155 106 50 0 0 102 39 0 0 0 89 38 0 0 0 126 34 0 
59 0 0 0 0 126 62 61 76 69 99 20 18 20 15 131 47 46 52 41 58 0 0 0 0 
83 35 33 111 37 39 0 0 91 0 48 0 0 85 0 83 35 30 120 32 55 0 0 83 0 
0 0 13 26 0 0 0 7 24 0 101 99 96 122 97 0 0 8 38 0 0 0 7 26 0 
3 6 50 97 7 0 0 44 72 0 51 30 102 117 47 28 39 71 114 34 0 0 43 79 0 
47 4 40 42 8 40 6 36 39 18 113 66 113 101 82 64 19 43 45 17 48 0 49 41 2 
40 0 54 0 56 40 0 59 0 53 29 0 67 0 74 92 50 107 69 109 35 0 57 0 58 
87 33 177 91 45 70 6 168 80 32 50 0 134 24 4 162 71 227 139 102 100 33 212 84 54 
10 98 162 34 136 139 212 309 120 246 40 123 214 52 191 0 60 172 0 121 88 171 241 103 226 
21 20 27 66 53 43 39 37 84 84 0 0 0 35 31 0 0 0 24 20 86 100 110 143 117 
26 32 0 99 1 33 51 0 125 0 94 90 43 141 65 26 43 0 115 0 51 40 0 99 0 
0 0 56 0 0 161 145 209 148 179 0 0 64 0 0 0 0 67 0 0 0 0 65 0 0 
66 11 9 3 16 98 66 68 68 64 107 82 82 103 98 44 0 4 0 16 35 11 12 6 20 
25 141 94 16 39 1 120 87 12 16 0 91 58 0 23 0 111 71 5 16 44 161 123 43 93 
151 191 100 97 103 74 67 41 23 21 40 51 18 0 0 43 56 14 0 0 31 41 12 0 0 
73 91 11 18 14 51 58 0 0 2 57 71 16 6 10 71 81 38 41 51 95 80 53 33 47 
40 78 44 75 28 0 68 11 44 18 1 52 10 48 18 0 43 16 31 13 41 103 67 99 79 
0 0 65 31 13 0 0 52 39 3 0 0 57 47 6 50 63 142 109 76 61 59 116 100 80 
30 40 28 21 32 0 0 0 0 0 72 62 60 61 56 0 0 0 0 0 122 108 101 120 116 
48 33 21 38 42 0 0 0 0 0 0 0 0 0 0 58 47 64 61 65 135 103 122 158 146 
34 42 108 54 46 0 9 61 17 16 54 39 123 54 49 0 0 53 7 0 0 0 55 20 0 
0 0 86 0 0 0 0 55 0 0 19 20 39 5 18 0 0 69 0 0 0 0 66 0 0 
34 68 0 0 0 49 79 26 21 4 51 113 18 15 9 66 127 37 39 49 18 67 0 0 0 
90 122 71 51 67 14 44 4 0 0 76 129 63 49 59 36 64 25 17 16 24 54 0 0 0 
0 127 115 176 0 0 133 125 179 0 0 111 127 180 0 0 123 125 168 0 0 131 121 178 0 
16 0 0 221 0 11 0 0 152 0 135 122 148 275 120 12 0 0 154 0 27 0 1 168 0 
137 171 17 81 114 200 274 103 115 200 141 210 72 115 138 108 119 10 44 90 237 305 142 174 191 
54 156 107 71 80 6 37 54 10 3 31 71 84 28 26 21 69 53 12 22 0 56 44 0 0 
4 18 14 0 57 12 27 23 0 96 8 12 13 3 44 52 76 65 44 118 20 32 30 21 73 
739 494 621 455 564 462 241 314 205 248 507 300 407 194 323 366 137 187 69 186 624 386 495 359 447 
94 80 2 2 0 190 184 89 85 93 111 95 0 0 0 120 102 27 22 21 101 82 0 0 0 
152 292 98 115 134 259 381 149 228 188 139 292 70 154 86 43 185 0 38 0 79 208 56 84 38 
0 0 0 0 52 0 0 0 0 56 0 0 0 0 65 0 0 0 0 58 134 157 141 152 185 
150 0 0 53 0 156 0 0 54 0 141 0 0 39 0 168 0 0 43 0 149 0 0 40 0 
178 161 193 279 140 31 0 95 134 3 96 56 147 201 64 51 20 105 108 28 34 0 107 94 0 
96 99 89 43 4 149 142 128 105 104 77 69 75 38 16 209 185 203 135 125 113 121 116 33 50 
59 131 52 57 53 0 55 0 0 0 6 80 4 5 4 0 66 0 0 0 76 154 63 77 64 
0 0 0 18 0 0 0 0 25 0 0 0 0 19 0 0 0 1 20 0 186 203 229 236 235 
60 6 41 108 76 16 2 28 107 74 55 19 49 127 98 19 1 27 81 87 116 67 110 183 183 
0 100 82 0 107 0 105 85 0 101 0 118 56 0 73 2 96 97 0 92 0 124 82 0 102 
47 22 56 40 31 71 52 92 55 55 23 17 33 20 10 55 45 102 71 48 8 0 32 0 0 
82 0 0 0 50 68 0 0 0 50 93 0 0 0 60 66 0 0 0 51 174 100 82 101 152 
70 78 0 74 54 58 79 0 103 69 77 58 0 126 63 172 187 100 204 150 98 136 24 104 101 
70 87 96 75 62 9 36 39 12 9 0 13 43 0 0 58 69 84 51 45 21 29 55 18 13 
0 0 0 140 35 0 0 0 157 28 27 29 16 156 51 0 0 0 149 34 0 0 0 138 38 
0 0 0 187 13 243 207 184 474 235 0 0 0 202 15 163 182 168 367 161 0 0 0 186 11 
37 142 176 188 71 7 94 113 169 20 82 155 153 178 74 59 180 190 235 93 107 151 169 276 100 
0 0 0 1295 0 0 0 0 1318 0 0 0 0 1323 0 0 0 0 1382 1 0 0 0 1326 0 
208 0 0 0 0 220 15 20 20 25 194 0 0 0 0 220 0 0 0 0 188 0 0 0 0 
92 0 0 0 0 117 0 0 0 0 122 0 0 0 0 102 0 0 0 0 206 88 85 89 99 
184 76 55 86 96 84 0 0 18 13 158 47 40 46 39 153 42 48 95 80 205 105 107 154 129 
10 22 0 1 0 2 29 0 0 3 0 0 0 0 2 34 49 18 45 65 0 0 0 0 0 
72 85 143 113 78 0 0 52 0 0 0 0 83 0 0 1 0 57 0 0 227 232 255 220 221 
5 14 2 91 216 120 127 132 225 365 2 27 0 89 272 0 10 2 93 272 126 146 113 194 331 
21 21 97 9 264 6 0 52 11 210 135 108 183 146 335 159 171 240 200 398 5 1 67 5 230 
145 277 297 227 104 152 266 293 190 80 145 259 282 182 117 62 187 233 123 20 69 207 230 155 29 
115 0 0 13 0 93 0 0 0 0 113 0 0 0 0 111 0 0 0 0 143 17 24 31 35 
38 69 43 32 53 0 47 1 0 20 49 81 42 40 60 7 37 0 0 30 0 53 0 0 13 
614 626 646 672 630 0 0 0 0 0 0 0 0 0 0 0 0 0 0 0 0 0 0 0 0 
73 64 0 0 0 98 80 18 10 18 155 90 39 44 28 104 68 0 0 0 108 102 28 24 37 
33 0 0 66 80 78 44 45 93 136 25 0 1 63 65 36 9 13 60 63 32 27 29 72 83 
16 10 0 0 81 15 3 0 0 78 76 81 63 43 167 26 30 17 12 102 115 133 127 111 160 
55 0 0 0 0 62 0 0 0 0 64 0 0 0 0 203 136 149 149 143 54 0 0 0 0 
72 149 112 125 144 98 250 127 161 200 17 110 55 50 64 128 195 125 167 151 122 223 174 161 169 
0 0 0 0 0 32 35 31 19 22 0 0 0 0 0 60 67 70 66 93 105 95 99 101 132 
155 9 75 6 13 198 0 44 0 0 253 75 136 78 84 264 143 237 140 137 206 48 72 28 35 
19 0 29 0 0 21 0 15 0 0 37 0 23 17 1 85 52 76 60 65 25 2 25 0 3 
0 0 195 0 37 0 0 231 0 31 0 0 205 0 26 0 0 182 0 21 0 0 179 0 29 
93 69 1 111 47 101 87 0 103 62 129 115 35 130 77 79 77 0 100 67 94 96 0 126 57 
61 84 66 95 55 16 32 0 29 0 89 114 76 136 57 16 53 5 56 8 66 69 65 99 49 
0 0 48 59 1 75 58 103 100 61 0 0 39 34 0 56 49 102 77 45 43 31 85 77 27 
