983 880 825 837 876 1195 1198 1172 1109 1173 843 744 758 786 925 1095 1000 1054 1084 1103 662 618 570 557 714 
164 132 162 160 147 0 0 0 0 0 122 76 118 105 87 0 0 0 0 0 0 0 0 0 0 
139 56 36 211 260 91 0 0 143 190 182 57 46 226 305 60 0 0 128 153 90 0 0 191 192 
316 46 115 110 101 227 0 44 11 0 402 114 186 148 131 447 226 325 246 252 297 59 113 91 88 
1 0 1 51 3 90 78 57 126 69 0 2 0 35 0 44 49 68 115 60 42 59 52 118 44 
183 37 115 167 16 144 14 92 118 4 156 34 74 124 26 121 7 54 114 0 307 173 259 332 171 
124 10 18 0 114 112 7 14 0 126 221 103 128 94 216 201 80 98 67 171 271 131 173 132 307 
0 0 0 0 0 0 0 0 0 0 1031 1035 995 1027 1054 0 0 0 0 0 0 0 0 0 0 
0 0 0 248 0 1 0 3 235 0 106 103 83 355 112 101 107 98 378 122 0 0 0 230 0 
14 9 14 178 8 0 0 0 189 0 42 47 38 181 32 0 0 0 174 0 3 8 3 189 4 
0 0 0 0 0 0 0 0 0 0 0 0 0 0 0 71 69 64 76 84 218 187 182 215 184 
77 99 71 58 174 0 15 0 0 93 0 3 0 0 105 0 5 0 0 104 80 84 70 70 160 
148 143 151 158 154 0 0 0 0 0 0 0 0 0 0 0 0 0 0 0 87 84 68 70 85 
0 0 0 0 0 0 0 0 0 0 0 0 0 0 0 432 433 420 409 427 194 183 187 187 204 
0 198 0 0 88 0 173 0 0 94 133 328 154 138 219 0 182 0 0 93 0 218 0 0 76 
794 0 0 0 0 790 0 0 0 0 784 0 0 0 0 815 0 0 0 0 827 0 0 0 0 
13 0 190 153 176 30 2 199 160 159 115 97 291 233 220 203 183 418 355 304 116 87 279 218 283 
91 142 101 172 80 59 99 72 139 79 0 46 0 55 0 44 104 67 107 52 0 47 0 33 0 
36 11 11 6 19 135 95 100 95 115 32 0 0 0 17 26 0 0 0 23 118 113 90 95 135 
0 0 133 0 0 1 0 118 0 1 0 0 138 0 0 138 108 234 106 117 0 0 137 0 0 
0 78 47 54 0 0 96 47 54 0 40 120 100 112 40 0 86 57 54 0 0 85 72 46 0 
0 0 0 0 144 140 99 120 143 251 135 112 106 112 229 0 2 0 0 123 102 95 103 89 193 
0 0 0 0 0 0 0 0 0 0 0 0 0 0 0 1012 1103 1120 1073 1010 0 0 0 0 0 
0 18 51 133 0 0 17 53 116 0 0 18 47 141 0 0 17 50 139 0 0 15 51 141 0 
64 47 0 0 0 82 70 15 14 13 136 87 35 36 26 92 67 0 0 0 96 90 23 24 31 
66 107 68 131 144 6 40 15 62 62 14 45 17 71 77 0 36 0 55 65 0 35 0 58 63 
80 111 113 77 0 83 116 166 84 3 255 290 311 275 211 97 129 124 80 0 240 204 278 196 116 
75 13 18 102 15 74 0 0 112 0 212 150 146 228 128 67 0 0 107 0 106 51 49 173 38 
104 81 40 46 32 124 86 42 50 31 49 45 13 0 0 73 66 15 11 12 73 45 10 0 0 
0 0 138 56 0 0 0 153 54 0 0 0 190 57 0 0 0 174 43 0 0 0 144 44 0 
128 160 175 129 113 0 51 72 0 0 0 47 58 0 0 37 68 95 32 37 0 41 95 0 0 
73 54 80 80 70 115 130 128 130 114 27 47 51 42 40 0 0 0 0 0 0 0 0 0 0 
0 0 0 165 0 0 0 0 174 0 229 234 220 409 242 0 0 0 171 0 0 0 0 155 0 
1 0 0 0 0 183 169 208 158 182 0 0 0 0 0 0 0 0 0 0 85 83 87 83 96 
81 0 0 64 34 118 26 40 112 91 205 73 84 149 142 77 0 0 70 38 174 61 72 125 102 
0 75 0 0 0 0 72 0 0 0 0 57 0 0 0 100 137 74 111 74 47 117 42 45 46 
0 0 113 0 0 99 100 218 129 121 0 0 109 0 0 11 9 125 6 11 22 15 93 10 19 
272 220 199 272 115 122 95 77 121 0 92 86 64 99 0 280 227 165 284 127 141 129 75 145 0 
0 0 0 0 0 36 38 30 20 22 0 0 0 0 0 64 70 76 69 101 108 100 114 105 146 
0 231 0 206 0 0 183 0 196 0 8 210 7 201 7 0 189 0 193 0 0 202 0 212 0 
0 42 0 124 0 0 55 0 141 0 0 50 0 150 0 71 154 84 217 77 0 58 0 135 0 
0 0 0 0 80 95 84 88 68 146 98 88 83 96 136 0 0 0 0 80 0 0 0 0 82 
84 311 362 55 244 12 213 261 5 169 63 286 356 68 233 91 354 345 116 259 188 376 430 160 325 
0 45 33 0 79 18 60 43 13 88 27 79 87 38 79 0 57 25 0 64 0 61 27 0 67 
121 104 109 124 126 14 0 0 32 0 14 0 0 39 0 19 0 0 43 0 93 69 61 111 88 
73 0 66 0 0 64 0 76 0 0 113 54 108 48 54 102 16 79 13 12 66 0 77 0 0 
0 18 90 0 104 0 12 71 0 112 0 16 84 0 113 0 16 95 0 142 0 15 74 0 107 
42 72 157 92 33 71 99 176 128 71 0 47 120 41 0 56 90 170 118 55 0 31 105 62 0 
0 68 0 0 0 0 78 0 0 0 110 220 102 132 117 0 90 0 0 0 14 84 19 23 28 
0 0 0 80 0 70 74 62 143 90 0 0 0 79 0 0 0 0 89 0 80 69 64 162 66 
67 0 127 68 0 76 0 136 74 0 79 0 127 74 0 66 0 121 81 0 55 0 117 62 0 
97 65 0 35 0 137 95 18 56 28 114 105 0 31 0 139 64 0 45 0 110 69 0 36 0 
0 0 0 0 30 198 187 197 212 222 0 0 0 0 40 0 0 0 0 36 0 0 0 0 36 
107 54 70 129 91 77 42 67 109 78 29 0 0 63 12 38 0 0 60 15 49 14 9 68 34 
30 72 12 6 10 20 56 0 0 0 21 90 0 0 0 150 187 154 137 128 28 84 0 0 0 
0 0 0 21 0 186 170 197 198 164 0 0 0 23 0 0 0 0 22 0 0 0 0 19 0 
76 83 136 145 92 0 0 55 63 0 0 0 74 63 0 0 0 67 53 0 0 0 62 63 0 
73 69 64 54 85 45 0 0 0 11 84 70 51 50 80 37 0 0 0 25 101 51 46 50 73 
0 0 25 0 65 9 5 35 12 85 0 0 34 0 64 9 7 43 8 89 81 75 114 64 146 
593 593 615 648 590 0 0 0 0 0 0 0 0 0 0 0 0 0 0 0 0 0 0 0 0 
72 129 160 85 87 35 99 118 30 33 0 32 76 0 0 0 50 90 1 0 0 49 78 1 0 
0 0 110 0 0 0 0 91 0 0 76 114 207 112 101 0 0 85 0 0 0 0 104 0 0 
112 131 41 57 146 46 49 0 0 95 44 66 0 0 72 46 47 0 0 74 67 53 0 0 93 
0 49 0 23 36 59 115 57 80 94 0 60 0 27 38 0 55 0 39 40 26 65 22 53 63 
9 6 99 5 12 0 0 87 0 0 0 0 83 0 0 36 38 120 27 29 75 78 150 59 85 
0 0 0 51 75 88 81 63 117 162 0 0 0 48 71 0 0 0 36 84 0 0 0 47 73 
108 184 90 80 96 23 127 0 0 0 37 129 5 8 9 23 85 0 0 0 29 94 4 3 0 
65 30 97 38 99 16 0 43 4 66 17 0 46 0 77 21 0 53 1 64 13 0 42 9 71 
70 15 12 0 5 84 0 0 0 0 110 61 62 57 79 119 42 12 26 24 186 109 102 141 119 
63 32 116 44 45 32 0 79 0 0 28 0 75 0 0 24 0 68 0 0 76 43 120 47 35 
88 78 100 50 60 34 26 31 0 12 57 67 61 28 44 44 27 38 0 10 36 31 39 0 9 
0 61 62 0 0 0 66 53 0 0 21 104 80 21 21 32 108 58 40 41 0 62 51 0 0 
26 67 27 13 23 33 80 29 14 24 0 52 0 0 12 16 28 0 0 20 0 40 0 0 0 
30 0 91 0 45 64 43 124 39 80 25 0 85 0 29 37 10 99 5 36 31 0 99 0 28 
0 2084 0 0 0 0 2150 0 0 0 0 2021 0 0 0 0 2105 0 0 0 0 2011 0 0 0 
25 171 138 25 23 92 249 245 101 79 7 145 121 9 0 56 268 187 84 63 6 167 119 4 0 
56 88 70 0 0 44 106 90 0 0 69 97 91 0 0 58 100 83 0 0 44 100 96 0 0 
17 140 0 180 0 126 246 121 351 142 154 259 140 375 130 3 126 0 200 0 8 128 0 188 0 
75 91 141 117 97 0 0 50 0 0 0 0 74 0 0 0 0 59 0 0 197 222 261 222 262 
0 0 0 0 0 1251 1212 1209 1165 1244 0 0 0 0 0 0 0 0 0 0 0 0 0 0 0 
0 0 80 125 0 0 0 75 106 0 0 0 81 128 0 0 0 81 125 0 0 0 73 128 0 
155 47 51 106 44 148 49 52 108 65 92 0 0 41 0 94 0 0 39 0 91 0 0 52 0 
0 115 0 0 76 0 135 0 0 70 0 149 0 0 84 0 123 0 0 67 0 136 0 0 92 
177 315 182 266 125 85 156 37 129 3 294 412 273 395 175 183 296 144 256 96 225 337 325 345 166 
104 85 291 278 94 0 0 200 208 2 121 111 289 322 115 0 0 172 195 15 15 16 216 217 26 
141 122 119 146 267 10 20 4 12 166 17 21 11 9 161 200 225 168 186 358 208 235 232 204 389 
0 61 0 0 0 0 48 0 0 0 0 63 0 0 0 7 60 4 8 3 158 193 158 136 161 
67 31 57 22 59 52 15 29 0 61 58 11 36 0 41 91 13 30 0 59 174 142 129 115 170 
202 76 0 101 0 199 71 0 103 0 205 58 0 104 0 193 73 2 113 0 204 72 0 120 0 
55 0 0 0 0 62 0 0 0 0 64 0 0 0 0 202 133 145 146 141 52 0 0 0 0 
81 209 219 148 48 124 226 242 159 56 114 224 247 133 93 69 170 189 86 4 57 205 219 119 26 
74 7 7 47 31 108 74 62 115 70 110 77 64 85 87 69 28 21 72 39 63 0 0 29 17 
107 114 129 87 186 0 0 8 1 49 60 72 74 65 112 0 0 17 0 59 0 0 14 0 68 
20 45 0 50 0 95 113 59 101 46 52 57 23 73 32 33 38 0 47 0 24 42 0 51 0 
83 90 106 98 143 90 86 78 76 108 0 25 0 0 46 0 19 0 0 28 60 69 55 54 95 
0 80 0 0 0 32 144 42 34 35 36 152 38 37 35 34 145 24 32 45 42 151 58 43 60 
31 8 41 34 0 103 68 107 112 63 43 19 46 37 0 46 8 40 34 0 41 20 34 39 0 
2 10 0 70 200 120 117 110 192 327 3 21 0 72 238 0 12 0 86 242 114 133 109 168 289 
12 11 83 7 218 2 0 60 9 158 116 100 180 122 262 136 145 213 171 323 0 0 71 2 177 
159 0 0 0 0 129 0 0 0 0 220 80 107 102 108 130 0 0 0 0 134 0 0 0 0 
0 0 0 0 858 0 0 0 0 814 0 0 0 0 874 0 0 0 0 854 0 0 0 0 802 
152 108 0 191 57 154 125 13 198 98 199 188 56 270 117 139 117 7 179 98 157 202 0 264 80 
137 0 0 0 0 271 103 102 86 78 166 0 0 0 0 155 0 1 0 0 166 0 0 0 0 
0 0 0 0 0 85 60 80 72 74 0 0 0 0 0 157 132 172 158 154 0 0 0 0 0 
0 24 0 166 0 37 59 44 209 37 0 19 0 149 0 0 17 0 150 0 0 21 0 174 0 
76 45 94 107 124 41 0 62 56 55 28 5 61 67 48 90 58 106 116 108 10 1 52 59 36 
42 48 55 128 104 28 22 31 80 73 0 0 0 75 52 0 0 0 47 49 7 10 9 75 47 
0 10 71 0 0 81 101 201 85 107 0 11 76 0 0 61 83 191 56 67 0 10 71 0 0 
208 16 198 0 0 214 11 179 0 0 212 11 189 4 1 188 9 194 0 0 215 24 185 7 7 
274 109 334 132 201 324 164 393 167 230 303 169 367 214 233 180 24 218 44 120 217 64 301 59 98 
64 152 68 82 66 0 86 0 26 0 16 127 27 34 27 0 104 0 16 0 0 75 0 22 0 
0 0 44 0 65 43 52 91 45 130 66 86 102 60 130 0 0 36 0 73 0 0 53 0 70 
0 0 18 0 207 0 0 20 0 196 0 0 30 0 170 0 0 25 0 199 0 0 23 0 187 
0 0 0 59 0 0 0 0 78 0 61 67 51 158 52 0 0 0 67 0 113 93 100 188 97 
102 0 0 106 0 125 0 0 120 0 108 0 0 97 0 105 0 0 129 0 105 0 0 121 0 
8 46 89 77 0 120 203 214 201 134 167 228 248 231 153 28 84 122 125 45 77 132 136 143 65 
117 147 145 119 253 0 0 0 0 86 0 0 0 0 89 28 25 28 23 124 0 0 0 0 91 
132 256 151 139 151 0 141 0 0 0 85 212 93 97 86 3 110 0 0 4 99 208 85 72 87 
145 139 86 84 86 80 48 0 0 0 90 50 4 4 8 69 52 0 0 0 77 59 0 0 0 
1 111 0 0 0 30 152 46 56 58 0 120 0 0 0 60 177 74 72 63 0 105 0 0 0 
0 0 0 0 0 0 0 0 0 0 0 0 0 0 0 0 0 0 0 0 474 440 471 464 431 
0 0 37 0 0 73 79 92 75 87 0 0 31 0 0 77 75 85 59 79 19 25 59 22 26 
6 14 16 13 52 0 0 0 0 36 80 79 71 69 99 0 0 0 0 33 67 96 76 73 100 
0 0 0 136 0 0 0 0 114 0 0 0 0 147 0 0 0 0 149 0 80 76 86 211 83 
0 66 0 30 72 0 64 0 32 77 0 53 0 25 89 0 59 0 29 73 19 78 24 53 112 
0 112 0 0 0 0 108 0 0 0 0 106 0 0 0 0 96 0 0 0 97 185 99 105 92 
0 0 0 41 0 81 58 75 70 78 54 20 32 43 50 0 4 0 23 0 102 101 106 149 103 
0 0 117 55 0 43 45 155 106 50 0 0 101 39 0 0 0 89 38 0 0 0 126 35 0 
0 40 0 0 0 1 69 12 0 32 0 52 0 0 11 0 25 0 0 0 0 44 12 0 27 
59 0 0 0 0 126 61 61 76 69 98 20 18 20 15 131 47 46 52 41 58 0 0 0 0 
83 35 33 111 37 39 0 0 91 0 48 0 0 85 0 83 35 30 120 32 55 0 0 83 0 
0 0 63 43 0 0 0 55 43 0 101 99 149 132 97 0 0 62 47 0 0 0 67 42 0 
34 0 0 69 103 104 79 83 131 197 25 3 2 75 108 51 17 15 83 102 33 35 37 83 108 
3 7 52 103 9 0 0 54 92 0 57 32 124 139 56 30 45 75 131 43 0 0 50 90 0 
87 14 60 66 14 60 6 63 59 24 148 89 158 149 107 103 25 59 78 26 64 0 55 57 0 
39 0 53 0 55 38 0 56 0 51 25 0 66 0 70 88 49 103 64 103 30 0 55 0 53 
90 27 184 99 60 59 6 162 82 40 58 0 148 24 19 148 48 217 109 102 92 34 192 63 56 
11 92 146 28 117 141 178 281 136 223 34 118 189 47 154 0 32 149 2 99 101 141 214 116 212 
23 25 29 67 58 47 50 46 104 91 0 0 0 39 31 0 0 0 29 20 106 104 131 158 131 
21 35 0 91 1 32 50 0 113 0 81 77 40 144 57 28 38 0 118 0 43 34 0 90 0 
0 0 58 0 0 165 148 208 153 179 0 0 58 0 0 0 0 75 0 0 0 0 71 0 0 
12 7 0 0 76 15 1 0 0 68 59 72 54 42 132 25 21 18 14 82 90 121 99 89 147 
59 11 10 6 20 86 60 62 64 64 94 73 78 87 83 39 0 5 0 12 34 11 14 7 21 
18 103 76 19 30 0 97 71 7 7 0 77 46 0 24 0 87 52 7 16 50 131 112 49 86 
149 201 108 99 108 87 67 57 20 20 42 51 19 0 0 44 55 14 0 0 35 42 16 0 0 
95 0 0 6 0 83 0 0 16 0 99 0 0 21 0 100 0 0 0 0 122 15 23 48 29 
63 76 13 22 18 43 43 0 0 0 45 65 10 0 8 52 60 33 35 39 67 68 37 24 29 
38 76 43 70 29 0 62 11 42 16 2 50 11 46 19 0 43 14 31 13 39 104 64 97 78 
0 0 55 26 11 0 0 44 35 0 0 0 44 40 6 43 53 122 93 61 54 50 99 93 63 
29 37 26 22 31 0 0 0 0 0 71 58 57 62 55 0 0 0 0 0 120 107 97 114 110 
47 33 39 36 43 0 0 13 0 0 0 0 20 0 0 54 48 87 60 53 134 106 148 149 135 
30 42 108 50 57 4 8 62 17 18 59 50 129 55 53 0 0 53 3 0 0 5 65 21 15 
0 0 180 32 0 0 0 141 23 0 19 20 156 37 18 0 0 165 23 0 0 0 162 23 0 
45 119 0 0 0 95 164 61 60 60 95 195 34 26 17 107 193 73 74 64 40 107 0 0 0 
74 0 84 91 94 143 66 175 176 171 170 91 188 201 220 150 37 101 112 145 98 0 85 123 109 
99 138 78 61 79 6 70 0 0 0 97 173 80 61 65 51 91 33 20 15 27 78 0 1 0 
0 114 107 163 0 0 127 117 163 0 0 109 120 166 0 0 117 116 154 0 0 126 116 164 0 
12 0 0 135 0 9 0 0 97 0 92 65 87 190 85 11 0 0 100 0 20 1 0 106 0 
56 76 40 43 67 8 60 0 0 25 51 82 45 40 67 7 39 0 0 32 1 65 0 0 28 
114 147 28 62 98 165 234 99 103 193 115 159 39 72 112 68 82 5 11 58 218 258 101 146 185 
71 184 143 102 108 8 44 76 14 4 36 80 125 38 35 25 75 73 15 26 0 69 50 0 0 
0 27 8 4 71 0 31 13 0 105 0 8 7 1 41 62 83 68 37 154 26 41 38 33 99 
751 558 525 426 553 510 265 252 209 239 484 354 313 224 308 416 184 135 101 180 617 399 401 398 412 
71 58 2 3 1 145 127 63 63 62 71 72 0 0 0 86 76 20 15 16 62 54 0 0 0 
146 306 103 139 140 271 384 152 261 183 146 283 87 161 87 45 197 0 38 0 87 206 58 71 23 
8 0 3 65 0 0 0 0 27 0 66 49 48 71 27 83 64 88 94 75 18 0 13 33 0 
0 0 0 0 55 0 0 0 0 60 0 0 0 0 84 0 0 0 0 68 157 191 166 183 214 
63 5 32 0 17 112 12 51 28 31 119 51 85 52 55 130 73 121 69 84 116 27 47 19 30 
150 0 0 53 0 156 0 0 55 0 141 0 0 40 0 168 0 0 46 0 148 0 0 41 0 
158 113 148 217 109 41 0 73 120 0 89 42 114 166 60 43 10 97 98 22 47 0 79 78 0 
0 0 51 56 0 79 57 118 101 76 0 0 45 37 0 64 57 105 90 51 53 34 88 78 34 
76 102 86 192 158 0 13 4 97 46 0 20 6 65 53 0 10 12 89 53 33 55 31 113 58 
105 111 91 43 0 174 168 130 114 89 75 83 70 28 6 216 206 212 131 134 116 138 115 31 51 
57 130 51 57 53 0 55 0 0 0 6 80 4 5 4 0 64 0 0 0 76 154 62 75 63 
0 0 0 16 0 0 0 0 23 0 0 0 0 20 0 0 0 0 22 0 185 201 226 232 228 
46 2 0 23 34 118 89 77 100 104 49 0 0 29 37 42 0 0 23 42 50 0 0 19 34 
56 5 44 101 86 17 5 23 102 87 64 23 48 127 104 20 0 36 77 84 111 80 113 186 193 
0 69 55 0 67 0 71 62 0 72 0 80 53 0 55 0 67 64 0 69 0 85 68 0 66 
47 22 56 40 33 74 52 93 58 54 22 17 36 19 13 54 46 102 70 49 8 0 32 0 0 
77 0 0 0 50 64 0 0 0 49 84 0 0 0 59 69 0 0 0 49 173 93 80 88 147 
77 121 18 133 86 79 139 3 123 96 43 76 1 101 66 216 249 143 250 192 108 153 56 151 120 
92 0 0 0 0 117 0 0 0 0 122 0 0 0 0 102 0 0 0 0 206 88 85 89 99 
80 102 110 85 73 11 38 42 14 11 0 16 52 0 0 58 82 95 64 54 22 36 61 25 14 
0 0 0 140 35 0 0 0 158 28 27 29 16 157 51 0 0 0 149 34 0 0 0 138 38 
0 0 197 0 32 0 0 227 0 28 0 0 202 0 23 0 0 180 0 25 0 0 184 0 23 
0 0 0 138 13 134 120 110 298 155 0 0 0 158 14 95 103 73 228 87 1 0 0 126 8 
34 106 142 185 50 20 92 93 148 24 86 128 141 185 62 47 156 135 186 63 56 96 115 169 43 
0 0 0 1255 0 0 0 0 1237 0 0 0 0 1250 0 0 0 1 1323 1 0 0 0 1256 0 
195 0 0 0 0 197 12 18 17 20 178 0 0 0 0 195 0 0 0 0 166 0 0 0 0 
0 0 1446 0 0 0 0 1471 0 0 0 0 1357 0 0 0 0 1488 0 0 0 0 1448 0 0 
