821 821 756 692 737 1071 1129 997 1000 1003 628 669 561 683 729 963 928 912 959 918 612 627 493 459 559 
227 161 228 200 181 0 0 0 0 0 141 95 138 130 133 0 0 0 0 0 0 0 0 0 0 
161 57 52 254 315 95 0 0 167 205 190 56 28 243 266 102 0 0 141 162 80 2 0 149 187 
158 0 119 144 147 224 67 218 188 218 305 142 287 302 317 217 58 166 192 232 140 0 118 184 137 
155 65 94 157 41 129 12 78 117 0 132 22 58 121 27 120 0 51 123 0 289 178 249 308 163 
109 9 16 0 102 90 5 5 0 112 211 96 115 82 182 165 72 97 65 175 229 113 134 113 230 
0 0 0 0 0 0 0 0 0 0 1036 1055 1002 1039 1064 0 0 0 0 0 0 0 0 0 0 
0 0 0 253 0 1 0 3 235 0 113 100 94 359 113 119 100 93 390 119 0 0 0 245 0 
15 8 13 187 5 0 0 0 204 0 41 45 40 189 32 0 0 0 168 0 3 5 3 187 2 
0 0 0 0 0 0 0 0 0 0 0 0 0 0 0 62 63 65 62 86 179 166 152 179 164 
66 83 63 55 164 0 12 0 0 99 0 3 0 0 103 0 4 0 0 96 86 79 81 69 164 
179 182 212 219 220 0 0 0 0 0 0 0 0 0 0 0 0 0 0 0 105 101 91 79 104 
0 0 0 0 0 0 0 0 0 0 0 0 0 0 0 434 438 428 417 426 198 182 188 189 209 
0 194 0 0 81 0 165 0 0 94 113 307 126 104 194 0 178 0 0 93 0 208 0 0 75 
813 0 0 0 0 807 0 0 0 0 792 0 0 0 0 834 0 0 0 0 847 0 0 0 0 
22 14 216 129 156 55 5 204 166 176 114 117 288 237 224 183 179 390 347 298 133 94 267 246 311 
68 107 66 122 64 53 66 51 92 50 0 32 0 44 0 33 80 41 78 32 0 32 0 39 0 
33 9 12 6 23 126 99 102 92 111 29 0 0 0 19 26 0 0 0 22 124 100 84 96 134 
0 0 160 0 0 0 0 160 0 0 0 1 182 0 0 169 141 302 139 159 0 0 159 0 0 
0 96 54 64 0 0 114 58 62 0 49 142 120 142 52 0 117 79 62 0 0 114 75 58 0 
0 1 0 3 163 167 143 163 181 312 149 122 127 138 234 0 1 0 1 158 90 95 113 109 227 
0 0 0 0 0 0 0 0 0 0 0 0 0 0 0 1039 1088 1102 1073 1004 0 0 0 0 0 
0 21 61 146 0 0 23 62 132 0 0 26 54 159 0 0 20 56 170 0 0 16 59 158 0 
75 66 0 0 2 96 86 16 15 14 146 101 49 40 36 108 81 0 0 0 111 100 27 25 31 
89 157 98 194 178 9 56 27 90 93 13 55 24 85 111 0 67 0 76 69 0 61 0 78 85 
121 131 130 105 7 108 149 209 95 0 313 332 388 330 215 141 154 158 99 0 317 250 348 269 164 
89 27 31 110 25 79 0 0 119 0 225 156 145 237 131 80 0 0 105 0 118 48 51 182 42 
128 113 41 42 39 150 106 52 63 42 72 57 12 0 0 102 90 20 14 15 93 61 13 0 0 
0 0 203 90 0 0 0 212 71 0 0 0 287 78 0 0 0 231 68 0 0 0 199 64 0 
131 157 169 122 105 0 53 77 0 0 0 56 69 0 0 46 73 100 34 35 0 48 101 0 0 
75 54 76 70 63 106 124 104 121 107 24 44 46 37 42 0 0 0 0 0 0 0 0 0 0 
0 0 0 176 0 0 0 0 183 0 241 240 230 424 252 0 0 0 175 0 0 0 0 161 0 
0 0 0 0 0 163 155 187 134 151 0 0 0 0 0 0 0 0 0 0 83 67 76 69 88 
135 7 2 75 54 155 48 61 160 113 249 95 91 181 173 95 0 0 76 50 223 93 98 186 135 
0 100 0 0 0 0 95 0 0 0 0 72 0 0 0 127 176 85 135 85 56 149 50 51 50 
0 0 101 0 0 91 91 194 115 110 0 0 102 0 0 7 9 107 4 9 14 16 96 10 18 
267 233 193 263 110 119 90 73 123 0 87 89 53 98 0 284 247 167 285 127 135 97 63 138 0 
0 0 0 0 0 35 41 34 23 26 0 0 0 0 0 74 76 85 83 111 116 115 112 117 146 
0 236 0 209 0 0 189 0 209 0 8 212 7 203 7 0 197 0 210 0 0 214 0 215 0 
0 37 0 123 0 0 47 0 133 0 0 42 0 139 0 72 139 65 197 79 0 47 0 116 0 
0 0 0 0 86 92 84 93 72 145 95 76 83 87 145 0 0 0 0 81 0 0 0 0 85 
92 302 342 58 240 38 224 262 8 169 88 301 342 74 270 110 341 339 106 264 233 396 433 171 324 
0 59 41 0 101 27 80 57 17 109 30 105 114 55 97 0 76 33 0 75 0 76 34 0 94 
120 99 111 139 130 14 0 0 40 0 11 0 0 50 0 14 0 0 51 0 99 71 66 117 85 
90 0 77 0 0 96 0 84 0 0 157 67 128 70 68 128 20 98 12 16 85 0 98 0 0 
0 18 87 0 106 0 15 70 0 116 0 17 79 1 115 0 15 99 0 141 0 11 73 0 109 
24 56 154 94 28 61 82 171 119 63 0 36 123 43 0 44 77 164 121 46 0 24 106 68 0 
0 74 0 0 0 0 82 0 0 0 134 267 125 145 131 0 102 0 0 0 17 89 20 27 29 
0 0 0 84 0 68 78 58 150 96 0 0 0 81 0 0 0 0 97 0 93 76 71 177 69 
65 0 111 59 0 68 0 134 62 0 75 0 115 61 0 62 0 129 61 0 56 0 129 46 0 
78 47 0 29 0 104 73 15 47 24 93 86 0 25 0 110 54 0 41 0 87 58 0 32 0 
0 0 0 0 24 199 180 189 198 208 0 0 0 0 32 0 0 0 0 30 0 0 0 0 32 
116 56 67 147 103 77 41 64 129 86 32 0 0 67 10 41 0 0 65 18 47 12 5 67 37 
31 58 8 6 10 17 47 0 0 0 23 75 0 0 0 133 171 132 125 121 28 72 0 0 0 
0 0 0 20 0 191 175 200 203 171 0 0 0 25 0 0 0 0 22 0 0 0 0 18 0 
71 79 133 138 89 0 0 52 63 0 0 0 74 60 0 0 0 67 53 0 0 0 59 62 0 
60 57 59 48 68 38 0 0 0 11 75 62 48 48 72 29 0 0 0 22 90 49 45 49 59 
0 0 25 0 69 9 6 36 12 89 0 0 33 0 70 10 7 43 7 95 81 74 114 64 153 
55 105 137 64 70 28 79 94 26 26 0 32 69 0 0 0 37 71 0 0 0 39 66 0 0 
0 0 124 0 0 0 0 94 0 0 81 120 229 120 113 0 0 90 0 0 0 0 107 0 0 
110 130 43 60 140 46 46 0 0 91 52 66 0 0 74 46 46 0 0 76 67 44 0 0 95 
0 55 0 24 43 67 140 63 92 107 0 68 0 29 41 0 59 0 44 44 27 71 24 56 69 
9 7 99 5 12 0 0 87 0 0 0 0 83 0 0 36 39 120 27 29 75 79 150 59 85 
0 0 0 50 74 87 81 63 117 163 0 0 0 49 73 0 0 0 36 84 0 0 0 47 73 
114 198 92 92 102 27 127 0 0 0 34 140 8 8 15 23 88 0 0 0 24 101 3 3 1 
66 27 89 26 97 17 0 28 6 65 9 0 31 0 70 17 0 40 0 62 0 0 35 0 70 
50 0 5 1 1 56 0 0 0 0 60 34 37 39 63 73 25 5 21 0 159 94 92 126 104 
54 34 118 48 46 23 0 81 0 0 19 0 77 0 0 19 0 69 0 2 59 36 116 39 29 
0 62 62 0 0 0 67 44 0 0 21 104 78 21 21 32 109 59 40 42 0 62 51 0 0 
15 0 79 0 34 58 43 118 39 71 20 0 73 0 13 13 0 82 0 25 25 0 91 0 14 
0 2133 0 0 0 0 2171 0 0 0 0 2066 0 0 0 0 2132 0 0 0 0 2084 0 0 0 
22 115 95 13 8 65 153 135 59 60 4 107 98 1 0 25 142 98 56 33 5 100 68 0 0 
66 104 113 0 0 67 134 124 0 0 80 141 132 0 0 83 137 124 0 0 71 137 136 0 0 
0 91 0 122 0 84 189 72 217 108 82 162 37 151 64 0 96 0 131 0 0 101 0 107 0 
0 0 0 0 0 1295 1261 1253 1220 1278 0 0 0 0 0 0 0 0 0 0 0 0 0 0 0 
0 0 80 125 0 0 0 75 106 0 0 0 81 127 0 0 0 81 125 0 0 0 72 128 0 
149 54 54 102 47 155 59 54 118 68 97 0 0 44 0 89 0 0 34 0 103 0 0 45 0 
0 127 0 0 90 0 156 0 0 80 0 171 0 0 97 0 138 0 0 79 0 142 0 0 109 
160 263 159 242 94 94 147 40 108 0 271 350 229 340 142 154 277 135 192 63 176 284 238 271 120 
97 80 290 295 95 0 0 204 204 12 99 112 297 317 100 0 0 173 199 10 4 8 212 215 29 
132 121 108 139 242 8 26 5 1 163 13 15 10 2 148 209 232 176 175 379 234 275 248 234 393 
0 66 0 0 0 0 57 0 0 0 0 67 0 0 0 7 71 4 8 5 188 219 184 148 170 
63 37 55 17 58 65 9 29 0 54 52 11 35 0 30 91 11 29 0 58 177 146 142 130 172 
205 63 0 99 0 214 65 0 103 0 213 51 0 103 0 201 62 0 105 0 198 53 0 110 0 
0 0 1431 0 0 1 0 1450 0 0 0 0 1343 0 0 0 0 1457 0 0 0 0 1423 0 0 
82 0 8 54 26 129 60 58 116 85 122 87 81 103 81 81 35 25 90 45 68 0 1 41 16 
111 124 120 84 189 0 0 9 0 48 60 80 75 62 108 0 0 17 0 53 0 0 12 0 62 
43 85 0 103 0 137 179 99 201 80 108 126 82 203 88 55 76 0 98 0 37 68 0 103 0 
59 68 58 65 99 64 63 50 49 77 0 20 0 0 36 0 17 0 0 23 42 57 42 38 69 
0 74 0 0 0 34 139 38 36 27 41 156 37 35 29 28 135 25 31 32 42 133 46 38 52 
33 11 39 34 0 103 71 112 112 63 43 21 47 37 0 47 7 44 34 0 41 19 36 38 0 
134 0 0 0 0 117 0 0 0 0 199 74 91 99 96 108 0 0 0 0 126 0 0 0 0 
0 0 0 0 835 0 0 0 0 792 0 0 0 0 846 0 0 0 0 832 0 0 0 0 778 
136 93 0 160 52 155 116 3 193 72 171 153 37 196 95 124 93 3 184 69 138 150 1 196 67 
136 0 0 0 0 268 99 92 89 73 164 0 0 0 0 163 0 0 0 0 151 0 0 0 0 
0 0 0 0 0 72 55 70 64 70 0 0 0 0 0 139 116 137 141 135 0 0 0 0 0 
0 22 0 143 0 33 55 46 186 32 0 19 0 132 0 0 16 0 136 0 0 20 0 160 0 
158 66 124 96 150 95 0 91 11 60 106 3 112 64 73 207 114 198 119 157 96 0 63 36 68 
43 48 54 128 105 27 22 30 81 74 0 0 0 76 54 0 0 0 48 49 5 8 9 75 53 
0 9 71 0 0 95 109 198 91 102 0 10 76 1 0 57 94 180 54 67 0 7 64 0 0 
204 11 187 0 0 199 2 172 0 0 200 2 177 4 1 178 2 186 0 0 208 21 178 8 9 
363 114 355 148 222 351 135 402 182 203 346 136 393 185 245 241 6 230 44 116 244 36 288 42 97 
65 155 74 86 67 0 85 0 25 0 18 134 28 35 27 0 111 0 19 0 0 78 0 22 0 
0 0 36 0 61 35 50 80 45 119 58 75 92 54 122 0 0 34 0 67 0 0 52 0 59 
0 0 24 0 208 0 0 17 0 207 0 0 31 0 188 0 0 30 0 208 0 0 25 0 213 
0 0 0 50 0 0 0 0 62 0 56 62 52 145 47 0 0 0 62 0 96 82 89 171 96 
100 0 0 115 0 133 1 0 128 0 116 0 0 109 0 111 0 0 127 0 109 0 0 128 0 
0 37 62 69 1 94 168 171 171 114 146 208 222 214 137 11 64 102 104 19 37 78 96 101 34 
122 148 132 119 252 0 0 0 0 88 0 0 0 0 81 27 22 31 25 113 0 0 0 0 87 
135 232 139 137 134 0 126 0 0 0 89 200 88 102 83 0 120 0 0 0 75 188 75 65 73 
138 127 80 79 82 77 46 0 0 0 88 49 4 4 8 63 48 0 0 0 73 58 0 0 0 
0 130 0 0 1 35 169 56 55 67 0 137 0 0 0 69 209 97 90 75 0 124 0 0 0 
0 0 0 0 0 0 0 0 0 0 0 0 0 0 0 0 0 0 0 0 436 411 440 420 392 
0 0 36 0 0 73 79 92 75 87 0 0 31 0 0 77 73 83 57 77 18 25 58 22 24 
8 21 19 19 55 0 0 0 0 42 84 86 76 77 110 0 0 0 0 34 72 107 88 90 112 
0 0 0 135 0 0 0 0 121 0 0 0 0 144 0 0 0 0 150 0 81 81 85 216 87 
0 68 0 34 72 3 64 0 39 77 0 56 0 36 91 1 59 0 32 73 14 78 25 56 113 
0 111 0 0 0 0 108 0 0 0 0 105 0 0 0 0 96 0 0 0 97 184 99 105 92 
0 21 0 0 0 82 79 77 47 70 72 59 71 79 62 0 4 0 0 0 122 133 126 131 114 
0 0 117 55 0 43 45 155 106 50 0 0 101 39 0 0 0 89 38 0 0 0 126 35 0 
59 0 0 0 0 126 62 61 76 69 99 20 18 20 15 131 46 46 52 41 58 0 0 0 0 
83 35 33 111 37 39 0 0 91 0 48 0 0 85 0 83 35 30 120 32 55 0 0 83 0 
0 0 5 14 0 0 0 0 27 0 101 99 56 108 97 0 0 0 25 0 0 0 9 19 0 
36 0 0 91 122 94 88 102 161 209 32 4 9 100 136 73 39 44 96 129 39 37 53 100 126 
2 5 51 105 8 0 0 46 78 0 53 31 103 118 47 28 39 71 114 37 0 0 44 78 0 
61 3 49 42 15 36 3 37 39 18 109 68 121 109 90 74 14 47 46 18 53 0 49 37 2 
57 0 68 0 67 45 0 64 0 60 32 0 79 0 89 120 61 127 71 119 38 0 68 0 70 
85 16 179 101 48 79 1 160 86 25 60 0 153 23 1 179 89 266 149 128 112 24 197 78 52 
13 84 167 26 132 131 212 329 114 259 29 119 210 45 165 0 40 174 4 126 81 134 242 102 227 
22 23 31 68 60 45 48 54 90 100 0 0 0 48 36 0 0 0 29 21 99 106 119 168 132 
26 40 0 97 0 38 67 0 124 0 97 86 52 151 71 37 48 0 125 0 47 34 0 89 0 
0 0 58 0 0 165 147 217 153 179 0 0 60 0 0 0 0 75 0 0 0 0 71 0 0 
13 10 0 0 92 21 2 0 0 89 85 88 73 63 169 30 26 24 21 104 125 181 141 134 216 
83 10 0 0 21 117 76 82 72 89 137 103 107 97 117 58 0 4 0 15 44 15 14 0 35 
18 89 65 15 29 0 79 62 5 5 0 66 37 0 18 0 73 46 5 12 43 116 93 38 76 
149 196 98 94 100 71 67 44 19 22 40 51 16 0 0 42 51 15 0 0 32 48 16 0 0 
64 87 11 15 18 49 45 0 0 0 56 75 18 0 9 64 74 34 41 44 86 84 47 31 38 
38 75 43 69 29 0 60 11 41 16 0 48 11 45 18 0 41 13 25 13 39 104 64 96 76 
0 0 56 27 11 0 0 44 35 3 0 0 43 40 6 43 53 122 92 61 53 50 100 93 63 
30 40 28 25 33 0 0 0 0 0 76 64 65 67 59 0 0 0 0 0 133 110 108 125 128 
39 29 33 31 38 0 0 14 0 0 0 0 18 0 0 46 40 74 51 45 108 86 121 120 107 
39 45 109 52 48 2 0 62 11 0 61 53 132 59 47 0 0 53 4 0 0 2 59 22 0 
0 0 180 32 0 0 0 141 23 0 18 20 156 36 18 0 0 166 23 0 0 0 162 23 0 
54 111 0 0 0 89 129 49 36 36 96 146 24 19 12 113 154 52 52 55 50 91 0 0 0 
103 131 92 69 81 14 52 4 0 0 91 147 75 59 59 44 76 34 20 19 26 69 0 0 0 
0 118 111 167 0 0 131 124 171 1 0 111 124 169 0 0 122 116 160 0 0 135 119 170 2 
16 0 0 210 0 9 0 0 150 0 128 100 130 274 112 16 1 0 183 0 27 1 1 155 1 
121 149 23 79 90 162 229 80 86 154 125 177 76 98 111 84 107 12 28 71 239 309 130 152 203 
76 205 136 95 111 7 62 68 12 0 32 95 119 38 33 29 88 69 13 32 0 83 56 0 0 
5 23 15 5 64 17 31 28 10 102 10 22 16 10 52 53 75 64 42 142 21 28 36 24 80 
687 528 556 441 514 501 272 318 233 256 522 317 349 217 307 398 178 193 93 185 561 370 408 358 377 
93 71 3 3 0 173 158 74 83 85 71 91 0 0 0 104 93 23 19 25 66 60 0 0 0 
140 288 123 128 121 232 343 140 218 164 113 250 51 117 37 31 186 0 21 0 82 219 53 87 47 
0 0 0 0 53 0 0 0 0 61 0 0 0 0 74 0 0 0 0 60 147 171 156 170 207 
64 3 30 0 16 119 15 56 29 31 129 50 92 50 53 135 74 130 66 86 122 27 55 20 28 
150 0 0 54 0 156 0 0 55 0 141 0 0 40 0 168 0 0 46 0 148 0 0 41 0 
143 124 151 242 110 35 3 81 123 2 71 42 132 172 70 40 11 90 105 28 48 0 75 98 0 
76 126 101 214 184 0 6 8 112 56 0 13 2 78 65 0 10 6 104 70 28 41 38 124 67 
99 82 95 80 9 179 177 171 150 124 77 74 65 57 6 225 191 229 163 154 110 141 128 86 46 
58 129 51 57 53 0 55 0 0 0 0 75 1 1 1 0 64 0 0 0 76 154 62 76 65 
0 0 0 18 0 0 0 0 21 0 0 0 0 19 0 0 0 0 23 0 182 190 214 217 226 
29 6 0 4 37 87 86 77 78 103 28 2 0 8 33 18 0 0 0 41 37 1 0 1 29 
46 3 45 82 71 14 2 28 78 72 60 25 47 117 101 21 0 36 73 75 111 77 113 179 180 
0 92 67 0 81 0 101 76 0 87 0 123 60 0 74 0 78 77 0 91 0 114 77 0 92 
47 23 56 39 33 71 50 91 55 55 23 16 36 18 13 54 45 103 70 47 7 0 32 0 0 
83 0 0 0 55 69 0 0 0 50 88 0 0 0 60 69 0 0 0 50 185 92 78 93 156 
83 160 16 124 119 76 212 12 173 142 47 112 3 116 86 221 305 164 268 234 122 257 124 200 161 
96 114 117 95 77 14 45 49 13 14 0 18 54 0 0 84 90 105 62 68 26 34 62 21 15 
0 0 0 145 40 0 0 0 166 32 29 31 18 162 58 1 0 0 161 37 0 0 0 142 38 
0 0 0 149 8 171 146 131 356 187 2 0 0 183 15 133 135 125 287 123 0 0 0 144 4 
34 130 137 172 73 11 96 123 166 26 61 135 133 174 86 32 147 164 228 85 59 96 112 212 72 
0 0 0 1270 0 0 0 0 1276 0 0 0 0 1285 0 0 4 2 1342 2 0 0 0 1311 0 
195 0 0 0 0 196 13 18 17 20 178 0 0 0 0 196 0 0 0 0 166 0 0 0 0 
92 0 0 0 0 117 0 0 0 0 122 0 0 0 0 102 0 0 0 0 206 88 85 89 99 
208 24 98 30 22 165 1 30 0 0 342 104 111 101 94 337 197 233 204 187 206 82 109 51 83 
3 13 0 0 0 0 30 0 0 0 0 0 0 0 2 0 22 1 3 18 0 0 0 0 0 
84 95 151 125 99 0 0 57 0 0 0 0 88 0 0 0 0 69 0 0 220 223 288 271 233 
3 12 0 78 218 121 131 120 198 356 3 29 0 83 253 0 14 0 81 249 123 145 119 189 323 
7 15 81 5 230 4 0 58 5 172 111 104 160 109 268 144 160 231 177 334 2 1 55 5 189 
149 279 295 236 82 154 265 302 209 78 127 271 261 178 127 25 181 209 97 7 74 180 242 144 25 
95 0 0 7 0 83 0 0 0 0 100 0 0 0 0 101 0 0 0 0 127 15 23 19 28 
0 0 206 0 37 0 0 228 0 32 0 0 211 0 31 0 0 187 0 28 0 0 201 0 33 
0 0 42 52 0 68 47 92 88 56 0 0 35 31 0 56 43 87 78 43 41 28 71 64 25 
52 68 35 46 77 0 51 0 0 36 49 73 38 36 63 2 32 0 0 35 1 63 0 8 36 
606 608 631 678 614 0 0 0 0 0 0 0 0 0 0 0 0 0 0 0 0 0 0 0 0 
55 0 0 0 0 62 0 0 0 0 64 0 0 0 0 202 133 145 145 141 51 0 0 0 0 
0 0 0 33 0 75 63 49 97 55 0 0 0 26 0 43 44 63 87 51 42 47 42 96 37 
