1013 895 758 828 955 1233 1174 1085 1130 1216 708 688 567 714 762 1077 945 967 1067 1103 679 620 545 597 755 
204 153 201 177 194 0 0 0 0 0 156 97 144 126 120 0 0 0 0 0 0 0 0 0 0 
135 64 30 171 219 65 0 0 130 162 165 74 56 282 296 66 0 0 101 169 67 0 0 128 138 
245 33 107 62 53 204 0 26 0 0 437 113 157 114 124 448 203 278 217 200 288 42 92 59 56 
0 0 66 103 0 205 108 203 225 156 1 5 72 90 0 150 115 243 262 136 135 118 194 220 112 
183 50 112 156 36 136 13 85 110 0 139 41 98 111 31 133 4 75 111 0 284 185 264 306 170 
114 4 27 0 109 110 0 20 0 126 230 105 106 79 208 177 74 114 61 186 260 138 156 129 303 
0 0 0 0 0 0 0 0 0 0 1053 1040 1001 1032 1079 0 0 0 0 0 0 0 0 0 0 
0 0 0 268 0 0 0 4 255 1 113 110 96 386 121 124 117 95 405 131 0 0 0 254 0 
13 8 14 175 5 0 0 0 188 0 39 45 42 186 34 0 0 0 168 0 3 6 3 189 4 
0 0 0 0 0 0 0 0 0 0 0 0 0 0 0 65 71 73 71 84 198 169 169 199 178 
64 83 59 46 148 0 9 0 0 83 0 0 0 0 96 0 4 0 0 97 65 69 76 57 144 
152 163 168 172 174 0 0 0 0 0 0 0 0 0 0 0 0 0 0 0 85 86 72 69 86 
0 0 0 0 0 0 0 0 0 0 0 0 0 0 0 441 437 426 414 425 193 176 184 191 208 
0 201 0 0 86 0 175 0 0 99 127 327 156 132 219 0 180 0 0 99 0 224 0 0 75 
809 0 0 0 0 805 0 0 0 0 793 0 0 0 0 835 0 0 0 0 836 0 0 0 0 
33 2 202 136 158 53 12 186 134 161 118 106 294 217 215 180 201 384 314 310 135 95 268 215 273 
85 124 89 148 82 70 84 65 115 65 0 46 0 50 0 41 99 55 84 47 0 49 0 31 0 
32 8 13 5 21 127 113 114 116 126 35 0 0 0 24 32 0 0 0 23 124 125 89 103 152 
0 0 141 0 0 0 0 124 0 0 0 0 141 0 0 130 118 229 109 127 0 0 134 0 0 
0 68 49 52 0 0 90 52 52 0 39 104 105 111 41 0 79 52 56 0 0 81 64 47 0 
0 0 0 1 137 122 112 117 146 243 115 136 128 107 237 1 3 0 0 125 85 101 104 104 210 
0 0 0 0 0 0 0 0 0 0 0 0 0 0 0 1021 1115 1092 1068 1001 0 0 0 0 0 
0 19 56 152 0 0 19 55 134 0 0 20 52 151 0 0 17 52 153 0 0 15 58 169 0 
65 50 0 0 0 86 69 15 15 13 140 84 35 35 30 90 66 0 0 0 95 89 23 22 28 
72 116 72 146 150 5 41 17 73 76 12 44 26 69 80 0 40 0 60 62 0 35 0 63 64 
97 123 112 66 6 86 138 184 74 0 284 299 331 301 205 108 135 135 74 0 239 213 280 203 113 
83 18 17 114 25 81 0 0 115 0 222 153 142 236 138 76 0 0 108 0 119 51 49 184 43 
129 113 52 60 35 173 121 59 61 38 76 69 13 0 0 111 92 24 11 15 105 68 13 0 0 
0 0 152 61 0 0 0 158 57 0 0 0 192 56 0 0 0 167 44 0 0 0 141 45 0 
156 204 207 143 134 0 65 82 0 0 0 58 74 0 0 43 77 98 36 34 0 57 116 0 0 
68 57 72 79 63 117 133 114 130 115 28 47 46 42 41 0 0 0 0 0 0 0 0 0 0 
0 0 0 174 0 0 0 0 190 0 211 230 212 423 220 0 0 0 178 0 0 0 0 159 0 
0 0 0 0 0 141 128 163 128 139 0 0 0 0 0 0 0 0 0 0 72 52 63 61 77 
104 4 0 50 51 132 29 47 96 90 189 71 90 124 148 74 0 0 64 39 182 61 83 131 120 
1 92 0 0 0 0 87 0 0 0 0 66 0 0 0 126 154 92 131 86 58 132 46 51 59 
0 0 100 0 0 91 89 199 116 110 0 0 94 0 0 7 9 101 4 8 14 13 88 10 16 
298 253 225 295 122 137 108 78 134 0 93 94 65 103 0 300 270 192 294 144 161 141 83 166 10 
0 0 0 0 0 32 36 32 22 22 0 0 0 0 0 61 72 69 69 93 105 97 103 102 129 
0 238 0 216 0 0 182 0 199 0 9 208 7 201 8 0 193 0 196 0 0 202 0 209 0 
0 42 0 125 0 0 52 0 147 0 0 51 0 145 0 64 147 70 211 67 0 56 0 132 0 
0 0 0 0 78 83 73 83 62 133 95 73 70 91 126 0 0 0 0 69 0 0 0 0 82 
96 295 352 50 252 43 202 282 12 182 84 281 352 59 249 116 330 349 113 268 222 354 415 167 311 
0 45 33 0 79 19 60 45 13 88 28 80 86 38 78 0 60 26 0 64 0 61 27 0 64 
116 101 101 126 125 15 0 0 37 0 16 0 0 44 0 18 0 0 44 0 86 69 64 112 83 
75 0 71 0 0 67 0 82 0 0 120 56 111 52 52 111 13 81 14 12 70 0 74 0 0 
0 18 81 0 96 0 12 68 0 107 0 16 74 0 106 0 13 91 0 133 0 13 69 0 101 
17 51 139 79 17 46 67 150 94 40 0 36 117 35 0 40 71 155 101 46 0 26 98 56 0 
0 58 0 0 0 0 66 0 0 0 104 206 97 124 111 0 82 0 0 0 14 75 17 22 24 
0 0 0 80 0 67 74 66 154 103 0 0 0 87 0 0 0 0 99 0 81 74 66 172 72 
52 0 101 51 0 70 0 119 67 0 62 0 102 52 0 53 0 116 64 0 46 0 106 49 0 
76 46 0 29 0 103 73 16 47 24 92 86 0 25 0 110 53 0 41 0 86 58 0 33 0 
0 0 0 0 30 193 186 198 207 225 0 0 0 0 41 0 0 0 0 37 0 0 0 0 40 
89 47 57 109 77 57 37 49 96 68 24 0 0 52 10 28 0 0 48 9 37 12 8 56 27 
32 77 9 6 15 20 68 0 0 0 21 96 0 0 0 172 232 172 145 137 28 91 0 0 0 
0 0 0 22 0 193 178 202 202 165 0 0 0 25 0 0 0 0 23 0 0 0 0 19 0 
71 79 133 138 89 0 0 52 63 0 0 0 74 60 0 0 0 67 53 0 0 0 59 62 0 
63 57 59 48 68 41 0 0 0 11 76 62 48 48 72 30 0 0 0 22 92 49 45 49 60 
0 0 24 0 69 9 5 35 12 88 0 0 34 0 69 10 6 42 7 95 81 75 113 62 153 
585 586 605 638 586 0 0 0 0 0 0 0 0 0 0 0 0 0 0 0 0 0 0 0 0 
71 137 180 90 89 40 101 123 35 30 0 38 86 0 0 0 51 91 0 0 0 57 79 0 0 
0 0 110 0 0 0 0 91 0 0 77 114 207 112 101 0 0 85 0 0 0 0 104 0 0 
100 122 37 58 136 36 44 0 0 86 36 57 0 0 65 44 44 0 0 79 59 45 0 0 85 
0 49 0 23 36 59 115 57 80 94 0 59 0 27 38 0 55 0 39 40 26 65 22 53 63 
9 7 99 5 12 0 0 87 0 0 0 0 83 0 0 33 36 118 26 28 75 78 150 57 83 
0 0 0 55 83 100 101 71 134 194 0 0 0 57 87 0 0 0 42 96 0 0 0 53 87 
114 173 84 85 93 26 117 0 0 0 35 123 7 8 4 26 83 0 0 0 27 79 1 2 0 
56 25 93 33 102 15 0 35 2 66 12 0 36 0 76 18 0 52 0 63 0 0 30 0 71 
48 10 15 0 4 52 0 4 0 0 80 51 64 48 65 106 63 44 35 42 174 122 129 142 123 
61 34 117 47 50 28 0 81 0 2 21 0 76 0 2 25 0 70 0 0 67 37 113 41 34 
52 39 59 42 21 28 12 10 0 0 35 41 33 6 24 33 9 17 0 0 29 21 18 0 0 
0 62 58 0 0 0 53 39 3 0 21 104 75 21 21 32 108 59 39 42 0 62 46 0 0 
6 0 0 0 0 3 26 8 0 0 0 36 0 0 0 9 0 0 0 0 0 0 0 0 0 
30 0 86 0 45 64 43 121 39 80 25 0 84 0 29 33 7 97 0 36 31 0 95 0 28 
0 2128 0 0 0 0 2164 0 0 0 0 2021 0 0 0 0 2104 0 0 0 0 2034 0 0 0 
19 106 95 9 8 62 157 180 78 55 5 116 89 4 0 27 162 122 69 32 3 114 85 0 0 
85 132 101 0 0 61 168 132 0 0 94 129 123 0 0 77 149 130 0 0 67 126 137 0 0 
0 111 0 140 0 79 165 70 203 86 78 174 38 168 42 0 79 0 135 0 0 113 0 110 0 
67 79 128 105 87 0 0 47 0 0 0 0 80 0 0 0 0 51 0 0 193 225 245 213 202 
0 0 0 0 0 1245 1202 1207 1171 1240 0 0 0 0 0 0 0 0 0 0 0 0 0 0 0 
0 0 89 143 0 0 0 73 114 0 0 0 83 143 0 0 0 75 133 0 0 0 73 138 0 
164 53 61 108 51 175 59 61 139 79 99 0 0 55 0 111 0 0 41 0 98 0 0 46 0 
0 132 0 0 76 0 148 0 0 76 0 160 0 0 85 0 135 0 0 70 0 148 0 0 96 
166 330 210 241 114 103 242 67 127 8 300 469 317 394 182 193 395 210 284 66 251 430 362 364 195 
97 87 307 306 93 0 0 195 203 7 128 119 292 332 127 0 0 167 201 16 14 22 217 212 16 
126 106 97 136 229 7 26 4 12 146 6 17 8 6 138 189 194 154 177 320 210 242 218 208 355 
0 66 0 0 0 0 53 0 0 0 0 68 0 0 0 8 71 5 8 3 175 224 185 153 176 
59 29 49 13 52 45 16 27 0 46 47 12 40 0 34 82 11 42 0 55 139 113 100 95 137 
202 76 0 102 0 202 74 0 104 0 209 60 0 104 0 192 67 0 105 0 203 64 0 111 0 
55 0 0 0 0 62 0 0 0 0 64 0 0 0 0 202 133 145 146 141 52 0 0 0 0 
145 267 297 217 86 163 259 333 225 75 167 262 317 216 158 72 155 253 111 19 68 179 223 130 12 
94 4 7 62 25 142 91 77 137 92 134 72 68 105 102 89 35 25 80 43 75 0 0 35 25 
118 123 137 79 201 0 0 11 0 49 63 79 77 73 115 0 0 21 0 57 0 0 15 0 63 
45 85 0 112 0 135 183 98 210 81 118 135 87 215 92 52 83 0 109 0 40 70 0 111 0 
75 85 74 80 118 82 73 68 67 100 0 27 0 0 46 0 19 0 0 25 55 69 56 47 103 
0 72 0 0 5 35 145 42 37 33 36 145 44 42 35 25 137 29 34 37 44 132 48 42 71 
25 11 41 19 0 88 70 113 107 65 32 20 46 29 0 41 9 44 20 0 28 20 38 30 0 
1 14 0 78 212 124 128 120 198 340 1 28 0 89 263 0 6 3 83 243 120 137 123 178 298 
10 11 85 12 237 4 0 56 6 183 116 101 178 123 292 148 134 226 175 344 4 1 71 5 189 
165 0 0 0 0 152 0 0 0 0 226 85 101 107 111 132 0 0 0 0 146 0 0 0 0 
0 0 0 0 865 0 0 0 0 803 0 0 0 0 865 0 0 0 0 852 0 0 0 0 801 
158 112 0 205 53 147 131 4 220 108 218 174 55 278 119 136 102 3 161 87 146 154 0 234 72 
134 0 0 0 0 256 103 86 82 73 159 0 0 0 0 146 0 0 0 0 141 0 0 0 0 
0 0 0 0 0 77 56 74 65 74 0 0 0 0 0 148 124 145 145 145 0 0 0 0 0 
0 21 0 154 0 34 58 47 198 32 0 20 0 142 0 0 16 0 149 0 0 20 0 171 0 
98 62 140 150 140 63 3 97 74 55 33 2 88 96 53 124 72 137 146 146 32 0 49 64 39 
40 47 54 127 106 28 22 30 81 74 0 0 0 75 52 0 0 0 48 50 7 10 8 75 53 
0 9 62 0 0 81 99 167 80 91 0 10 71 0 0 58 82 163 48 55 0 6 59 0 0 
207 12 192 0 0 211 7 181 0 0 210 8 179 4 0 188 0 177 0 0 217 25 176 10 9 
236 83 315 87 173 248 115 309 90 177 315 123 354 166 243 148 9 182 18 101 177 50 238 8 88 
69 152 69 84 67 0 87 0 27 0 17 132 29 34 28 0 104 0 18 0 0 78 0 22 0 
0 0 44 0 68 48 59 83 54 142 74 98 106 66 154 0 0 32 0 72 0 0 53 0 76 
0 0 17 0 208 0 0 16 0 192 0 0 29 0 174 0 0 26 0 197 0 0 24 0 197 
0 0 0 53 0 0 0 0 68 0 60 67 49 151 53 0 0 0 68 0 100 90 95 177 95 
96 0 0 109 0 125 0 0 118 0 110 0 0 97 0 99 0 0 129 0 112 0 0 119 0 
0 48 80 76 0 103 199 208 188 123 180 236 252 238 154 6 74 101 92 22 77 108 137 134 59 
115 169 147 121 257 0 0 0 0 86 0 0 0 0 78 25 29 36 26 139 0 0 0 0 101 
139 260 159 152 158 0 138 0 0 0 100 220 86 86 87 2 110 0 0 0 103 221 88 81 95 
136 125 76 77 78 76 45 0 0 0 82 47 4 3 8 63 47 0 0 0 71 56 0 0 0 
0 94 0 0 0 29 135 41 45 52 0 105 0 0 0 54 161 67 67 54 0 96 0 0 0 
0 0 0 0 0 0 0 0 0 0 0 0 0 0 0 0 0 0 0 0 453 431 455 437 427 
0 0 37 0 0 73 79 89 75 87 0 0 29 0 0 74 75 83 59 78 18 25 58 22 26 
9 15 17 20 57 0 0 0 0 42 89 90 81 79 115 0 0 0 0 40 78 113 86 85 121 
0 0 0 145 0 0 0 0 118 0 0 0 0 158 0 0 0 0 159 0 80 80 91 214 93 
0 68 0 34 71 0 64 0 36 77 1 56 0 33 90 0 59 0 32 70 18 78 25 55 113 
0 112 0 0 0 0 107 0 0 0 0 106 0 0 0 0 96 0 0 0 97 185 99 105 91 
0 0 0 26 0 84 56 80 77 77 37 0 54 73 57 0 0 0 21 0 96 112 106 147 105 
0 0 117 55 0 43 45 155 106 50 0 0 102 39 0 0 0 89 38 0 0 0 126 35 0 
11 14 0 0 0 2 62 14 0 19 0 52 0 0 24 0 0 0 0 0 0 40 8 0 14 
61 0 0 0 0 126 61 61 76 69 99 20 18 19 15 131 47 46 52 41 60 0 0 0 0 
83 35 33 111 37 39 0 0 91 0 48 0 0 85 0 83 35 30 120 32 55 0 0 83 0 
0 0 63 38 0 0 0 55 42 0 100 98 147 125 94 0 0 62 44 0 0 0 67 42 0 
48 0 1 96 129 114 75 92 162 201 37 1 3 105 122 70 28 27 126 120 36 31 49 115 136 
3 6 60 150 9 0 0 70 126 0 75 62 166 185 67 44 76 103 203 58 0 0 61 115 0 
49 5 43 46 9 43 7 39 45 18 122 71 113 105 78 68 20 44 44 23 55 0 42 43 0 
38 0 54 0 54 38 0 56 0 51 26 0 66 0 69 87 48 103 64 103 29 0 55 0 53 
115 34 194 120 53 72 10 153 85 32 68 0 125 24 15 185 56 221 126 121 104 39 187 87 63 
5 80 159 19 119 158 211 348 147 287 34 132 237 49 164 0 53 167 5 113 89 133 295 119 239 
23 23 22 64 55 46 45 38 84 81 0 0 0 33 36 0 0 0 23 18 89 103 95 140 112 
18 32 0 84 0 29 49 0 102 0 78 74 42 129 53 26 37 0 105 0 40 33 0 82 0 
0 0 64 0 0 178 175 234 155 186 0 0 62 0 0 0 0 77 0 0 0 0 81 0 0 
11 7 0 0 66 12 2 0 0 53 56 56 44 38 114 19 20 16 11 70 83 99 87 76 112 
66 11 10 7 21 91 66 66 67 71 103 77 86 91 94 40 0 6 0 13 37 11 15 7 22 
21 102 74 19 31 0 94 75 7 6 0 74 46 0 18 0 87 53 7 12 52 135 117 55 90 
151 205 100 96 120 80 66 51 22 20 42 53 18 0 0 42 59 14 0 0 39 48 16 0 0 
95 0 0 15 0 83 0 0 9 0 99 0 0 26 0 100 0 0 0 0 122 14 23 47 29 
62 79 12 21 21 46 44 0 0 0 48 67 16 9 14 61 70 36 38 47 77 75 48 30 45 
37 76 43 69 29 0 62 11 42 16 0 51 11 46 19 0 43 12 31 13 39 104 64 97 78 
0 0 55 26 11 0 0 45 34 0 0 0 44 40 6 43 53 122 94 61 53 50 100 93 63 
29 38 24 21 31 0 0 0 0 0 70 59 57 62 55 0 0 0 0 0 120 107 99 114 110 
45 36 38 32 39 0 0 16 0 0 0 0 20 0 0 53 45 92 57 50 128 101 135 144 124 
38 40 101 50 49 1 0 57 3 10 59 50 122 47 49 0 0 45 0 0 0 0 54 8 0 
0 0 180 32 0 0 0 141 23 0 19 20 156 37 18 0 0 166 23 0 0 0 162 23 0 
42 120 0 0 0 93 155 59 54 54 102 189 37 20 22 101 190 71 67 65 39 110 0 0 0 
77 0 77 83 90 123 49 161 151 162 163 80 166 188 197 146 46 110 126 145 95 3 84 123 105 
110 158 90 78 91 13 68 3 0 0 97 166 74 63 75 51 83 37 23 22 24 72 0 0 0 
0 120 116 169 0 0 130 125 176 1 0 108 131 177 0 0 114 122 164 0 0 130 120 173 0 
13 0 0 131 0 9 0 0 95 0 90 65 87 187 84 10 0 0 99 0 20 1 0 104 0 
49 73 50 46 77 2 52 0 0 26 43 78 38 33 67 5 37 0 0 35 2 57 0 0 33 
119 136 37 68 91 161 217 72 91 181 120 161 68 78 117 65 78 6 22 71 186 229 104 129 169 
72 210 145 112 106 5 62 86 12 4 27 91 119 38 35 26 88 69 15 27 0 73 62 0 0 
7 13 12 6 61 14 23 24 0 94 3 17 15 4 50 54 78 69 42 140 30 32 35 29 85 
624 483 481 378 448 439 266 243 191 223 500 346 334 244 322 356 221 148 85 196 565 394 398 364 352 
76 65 3 3 1 162 144 72 70 71 70 77 0 0 0 88 82 21 15 16 63 52 0 0 0 
168 303 98 145 133 255 392 158 272 181 146 291 77 148 71 32 190 0 37 0 100 216 63 85 38 
0 0 0 0 56 0 0 0 0 65 0 0 0 0 72 0 0 0 0 60 154 184 148 168 196 
84 3 38 0 18 163 17 77 31 39 140 70 107 57 57 177 97 148 95 98 149 35 74 20 35 
150 0 0 53 0 155 0 0 55 0 141 0 0 40 0 168 0 0 46 0 149 0 0 40 0 
162 115 152 227 103 39 0 82 118 4 69 38 115 164 61 39 0 88 97 23 52 0 81 88 0 
69 101 92 180 146 0 10 4 97 48 0 13 5 58 49 0 8 13 75 46 34 46 32 90 55 
85 84 49 7 8 151 153 112 65 84 79 89 59 0 4 200 176 160 79 117 105 127 87 16 37 
58 130 51 57 53 0 55 0 0 0 6 80 4 5 4 0 64 0 0 0 76 154 62 76 65 
0 0 0 16 0 0 0 0 23 0 0 0 0 18 0 0 0 0 20 0 180 199 219 229 221 
46 0 0 20 39 114 82 73 93 100 42 0 0 24 38 42 1 0 15 42 48 0 0 22 34 
63 7 61 120 106 14 2 36 109 105 66 27 57 139 115 11 1 32 94 90 130 95 132 211 218 
0 69 55 0 67 0 71 63 0 72 0 79 53 0 55 0 66 64 0 69 0 84 67 0 66 
51 26 61 43 35 82 61 108 66 61 27 22 41 21 15 56 48 117 82 54 8 0 36 1 0 
76 0 0 0 52 64 0 0 0 48 86 0 0 0 58 63 0 0 0 52 173 87 77 89 147 
90 138 10 142 112 77 152 21 128 125 43 88 1 129 73 204 253 144 250 192 133 207 110 211 176 
76 110 119 91 72 10 38 44 14 13 0 15 53 0 0 68 86 100 66 54 22 30 58 21 14 
0 0 0 140 35 0 0 0 158 28 27 29 16 157 51 0 0 0 149 33 0 0 0 138 38 
0 0 0 163 17 186 160 138 389 198 0 0 0 182 15 131 145 138 299 137 0 0 1 163 11 
40 105 159 176 74 25 99 121 165 24 76 121 139 170 61 38 163 125 175 73 70 107 120 195 52 
0 0 0 1249 0 0 0 0 1242 0 0 0 0 1240 0 0 3 2 1326 1 0 0 0 1252 0 
195 0 0 0 0 197 13 18 16 20 177 0 0 0 0 196 0 0 0 0 166 0 0 0 0 
92 0 0 0 0 117 0 0 0 0 122 0 0 0 0 102 0 0 0 0 206 88 85 89 99 
58 24 28 65 68 40 0 0 26 53 52 0 0 5 31 57 0 0 34 33 89 45 48 73 82 
0 0 199 0 35 0 0 219 0 29 0 0 219 0 24 0 0 191 0 28 0 0 192 0 25 
0 0 1456 0 0 0 0 1488 0 0 0 0 1358 0 0 0 0 1503 0 0 0 0 1444 0 0 
