862 913 683 683 773 1076 1236 1032 1031 1066 617 742 529 626 733 941 953 872 953 938 628 532 489 421 609 
232 169 247 218 212 0 1 0 0 0 131 117 157 128 134 0 0 0 0 0 0 0 0 0 0 
195 83 65 266 288 99 0 0 176 167 198 52 26 274 265 79 0 0 136 156 81 0 0 169 165 
137 0 103 155 144 206 52 192 191 206 295 128 259 305 305 222 49 164 201 222 150 4 118 190 138 
166 52 129 172 53 131 14 90 119 0 140 31 102 125 25 118 2 56 113 0 282 177 271 303 172 
122 8 26 0 102 103 6 22 0 132 219 106 124 88 215 201 74 113 68 171 253 118 156 128 288 
0 0 0 0 0 0 0 0 0 0 1014 1026 974 993 1039 0 0 0 0 0 0 0 0 0 0 
0 0 0 238 0 0 0 5 226 2 110 101 90 348 111 111 98 88 359 112 0 0 0 223 0 
17 11 15 195 8 0 0 0 192 0 44 45 38 195 30 0 0 0 189 0 3 8 5 200 3 
0 0 0 0 0 0 0 0 0 1 0 0 0 0 1 60 70 66 64 85 188 170 165 197 169 
85 95 74 69 181 0 10 0 0 122 2 4 0 0 105 2 5 0 0 111 104 88 107 79 183 
139 147 149 147 156 0 0 0 0 0 0 0 0 0 0 0 0 0 0 0 85 81 70 66 82 
0 0 0 0 0 0 0 0 0 0 0 0 0 0 0 433 429 418 406 417 191 178 182 188 204 
0 206 0 0 86 0 178 0 0 98 129 336 156 137 217 0 186 0 0 98 0 218 0 0 79 
820 0 0 0 0 810 0 0 0 0 800 0 0 0 0 835 0 0 0 0 850 0 0 0 0 
23 12 166 118 134 50 13 171 151 162 102 92 242 218 203 175 170 347 313 307 141 90 243 236 284 
66 104 65 123 62 49 76 51 94 50 0 34 0 43 0 33 76 43 76 32 0 32 0 36 0 
32 10 12 5 18 127 92 101 95 109 32 0 0 0 18 27 0 0 0 24 117 99 76 94 126 
0 0 166 0 0 0 0 159 0 0 0 0 176 0 0 194 177 309 161 164 0 0 173 0 0 
0 79 57 78 0 0 113 60 75 0 46 135 128 146 55 0 118 82 64 0 0 117 87 71 0 
1 1 7 2 144 150 124 142 163 252 139 125 125 117 229 2 18 0 0 125 71 88 125 96 208 
0 0 0 0 0 0 0 0 0 0 0 0 0 0 0 1009 1056 1077 1044 977 0 0 0 0 0 
0 18 51 132 0 0 17 52 114 0 0 18 46 141 0 0 17 50 139 0 0 15 51 139 0 
75 49 0 0 0 92 73 15 15 14 142 91 36 43 29 98 70 0 0 0 106 99 23 25 32 
84 143 85 179 182 8 59 22 82 83 14 50 30 91 85 0 48 0 66 63 0 51 0 71 75 
121 135 145 103 11 118 133 186 103 1 329 332 387 335 233 137 138 169 104 7 310 270 368 286 153 
81 22 27 103 27 72 0 0 113 0 205 147 134 224 128 63 0 0 102 0 112 44 48 168 43 
98 73 38 40 28 120 82 40 52 26 46 43 13 0 0 75 64 16 11 12 71 45 9 0 0 
0 0 160 70 0 0 0 179 70 0 0 0 214 66 1 0 0 197 61 0 0 0 164 52 0 
127 171 178 113 109 0 52 82 0 0 0 51 66 0 0 40 68 104 34 41 0 49 99 0 1 
66 56 77 74 62 111 127 109 124 111 24 42 47 36 39 0 0 0 0 0 0 0 0 0 0 
0 0 0 165 0 0 0 0 173 0 230 234 220 409 241 0 0 0 171 0 0 0 0 155 0 
1 0 0 0 0 182 175 220 165 181 0 0 0 0 0 0 0 0 0 0 102 78 95 89 112 
119 8 22 89 48 146 49 60 125 117 242 93 97 163 165 96 0 0 75 44 222 93 95 176 139 
0 80 0 0 0 0 73 0 0 0 0 58 0 0 0 105 147 75 121 78 48 120 46 46 47 
0 0 113 0 0 98 99 215 126 130 0 0 112 0 0 7 8 121 4 9 15 16 93 13 18 
281 245 202 268 121 128 107 83 116 0 94 116 67 107 0 295 281 202 304 131 145 147 80 151 0 
0 0 0 0 0 38 36 33 27 27 0 0 0 0 0 72 75 86 77 122 113 116 110 112 142 
0 233 0 204 0 0 186 0 198 0 8 207 7 200 6 0 190 0 196 0 0 203 0 209 0 
0 44 0 122 0 0 55 0 140 0 0 49 0 136 0 58 144 71 208 70 0 60 0 122 0 
0 0 0 0 71 79 72 80 65 137 91 71 78 82 127 0 0 0 0 75 0 0 0 0 78 
69 263 299 37 209 13 198 233 3 145 83 269 321 58 228 92 283 291 119 227 241 361 359 164 285 
0 48 36 0 94 20 68 51 14 101 32 96 94 43 91 0 68 31 0 70 0 71 28 0 77 
138 110 130 177 149 19 0 0 46 0 14 0 0 49 0 21 0 0 49 0 105 74 73 139 95 
91 0 73 0 0 99 0 81 0 0 155 62 125 55 64 132 17 95 14 16 81 0 89 0 0 
0 18 81 0 96 0 12 69 0 107 0 16 74 0 106 0 14 90 0 133 0 13 69 0 101 
22 66 148 93 22 68 83 167 124 71 0 45 116 42 0 46 77 160 115 52 0 27 102 64 0 
0 73 0 0 0 0 78 0 0 0 133 264 122 140 132 0 103 0 0 0 16 98 17 22 30 
0 0 0 90 0 70 75 56 143 98 0 0 0 86 0 0 0 0 89 0 87 73 70 176 73 
57 0 107 55 0 61 0 123 59 0 66 0 105 53 0 56 0 117 57 0 51 0 128 47 0 
80 48 0 30 0 110 76 18 51 24 98 87 0 26 0 111 56 0 42 0 89 58 0 34 0 
0 0 0 0 25 192 171 189 193 213 0 0 0 0 33 0 0 0 0 30 0 0 0 0 35 
111 56 68 141 88 77 44 63 119 89 35 0 0 65 12 36 0 0 60 13 47 14 8 64 32 
32 57 8 7 10 19 53 0 0 0 20 76 0 0 0 131 172 132 124 120 31 78 0 0 0 
0 0 0 21 0 174 155 179 188 152 0 0 0 23 0 0 0 0 22 0 0 0 0 19 0 
70 79 133 138 89 0 0 52 63 0 0 0 72 58 0 0 0 67 53 0 0 0 59 62 0 
64 56 62 48 70 42 0 0 0 11 76 62 48 49 72 30 0 0 0 22 92 49 46 49 60 
0 0 25 0 69 9 6 36 11 89 0 0 34 0 70 10 7 43 8 95 81 75 114 64 153 
55 104 137 64 70 28 79 95 26 26 0 32 70 0 0 0 37 71 0 0 0 39 66 0 0 
0 0 114 0 0 0 0 95 0 0 79 122 217 116 108 0 0 91 0 0 0 0 105 0 0 
120 137 56 73 169 50 51 0 0 97 53 69 0 0 79 48 52 0 0 85 72 48 0 0 100 
0 59 0 26 38 66 145 66 94 112 0 68 0 30 45 0 60 0 47 44 29 73 27 61 71 
9 7 99 5 12 0 0 87 0 0 0 0 83 0 0 36 39 120 27 29 75 78 150 59 85 
0 0 0 51 75 87 81 63 117 163 0 0 0 49 72 0 0 0 35 84 0 0 0 47 73 
99 188 79 83 92 24 130 0 0 0 34 133 7 11 13 21 86 0 0 0 22 93 0 0 0 
71 36 100 36 105 21 0 44 5 69 20 0 47 0 79 17 0 54 0 63 0 0 43 0 70 
51 0 12 0 3 51 0 0 0 0 48 47 41 48 54 58 11 0 3 0 149 101 85 129 99 
48 33 118 46 46 9 0 81 0 0 1 0 74 0 0 4 0 70 0 0 32 34 106 30 25 
0 62 63 0 0 0 70 47 0 0 21 103 76 21 21 32 109 60 40 42 0 62 52 0 0 
22 0 78 0 37 62 43 110 39 70 20 0 74 0 9 19 1 84 0 14 27 0 86 0 21 
0 2147 0 0 0 0 2216 0 0 0 0 2083 0 0 0 0 2152 0 0 0 0 2083 0 0 0 
19 90 80 17 2 67 162 140 58 42 1 100 84 2 0 26 143 107 67 26 0 102 70 0 0 
64 129 115 0 0 61 137 135 0 0 85 121 119 0 0 91 142 135 0 1 69 126 128 0 0 
0 80 0 110 0 83 159 64 182 93 76 129 36 177 47 0 72 0 120 0 0 86 0 96 0 
0 0 0 0 0 1298 1254 1261 1213 1279 0 0 0 0 0 0 0 0 0 0 0 0 0 0 0 
0 0 80 125 0 0 0 75 106 0 0 0 81 127 0 0 0 81 125 0 0 0 72 128 0 
133 46 47 90 41 142 48 50 99 61 82 0 0 34 0 75 0 0 36 0 84 0 0 42 0 
0 122 0 0 81 0 135 0 0 70 0 152 0 0 83 0 126 0 0 70 0 143 0 0 97 
163 227 142 183 83 91 190 49 113 4 273 408 215 311 132 135 249 99 163 30 174 337 245 243 119 
96 84 294 293 84 0 0 193 204 0 101 96 276 300 84 0 1 178 182 4 6 15 205 193 16 
128 118 118 155 240 8 22 2 9 151 13 13 5 1 154 205 225 160 186 350 229 243 224 217 376 
0 67 0 0 0 0 57 0 0 0 0 74 0 0 0 8 66 5 8 3 175 217 181 150 180 
56 34 46 13 64 60 12 29 0 49 60 10 33 0 34 95 13 27 0 47 177 142 118 118 153 
199 68 0 100 0 203 63 0 104 0 204 47 0 104 0 191 61 0 108 0 196 49 0 117 0 
0 0 1461 0 0 0 0 1490 0 0 0 0 1390 0 0 1 0 1513 0 0 0 0 1483 0 0 
90 0 9 53 25 118 64 65 111 81 105 69 67 90 83 63 26 24 80 27 55 0 0 30 10 
105 122 117 79 179 0 0 7 0 46 56 76 75 58 111 0 0 19 0 54 0 0 13 0 61 
34 80 0 111 0 111 161 92 197 72 107 128 88 211 92 35 63 0 102 0 27 58 0 107 0 
66 73 61 70 111 67 65 58 57 78 0 20 0 0 41 0 19 0 0 26 47 61 50 39 81 
0 69 0 0 0 31 126 34 33 30 35 131 33 34 30 22 116 21 24 31 40 115 43 35 47 
32 11 41 34 0 103 71 112 112 62 43 21 47 37 0 47 9 44 35 0 41 20 37 39 0 
151 0 0 0 0 128 0 0 0 0 213 86 100 106 106 119 0 0 0 0 131 0 0 0 0 
0 0 0 0 825 0 0 0 0 780 0 0 0 0 837 0 0 0 0 828 0 0 0 0 770 
149 124 0 145 57 133 120 3 181 82 197 174 40 232 110 129 112 6 170 95 136 170 2 211 74 
137 0 0 0 0 256 94 89 85 69 153 0 0 0 0 145 0 0 0 0 143 0 0 0 0 
0 0 0 0 0 79 55 73 74 70 0 0 0 0 0 170 143 164 161 163 0 0 0 0 0 
0 22 0 143 0 33 55 46 186 32 0 19 0 132 0 0 16 0 136 0 0 20 0 160 0 
125 48 92 91 142 75 0 66 24 40 82 0 85 58 71 196 101 163 117 150 70 0 53 22 66 
43 48 55 128 107 28 22 31 81 74 0 0 0 77 55 0 0 0 48 50 7 10 9 76 53 
0 11 75 0 0 79 107 208 107 99 0 9 92 1 0 72 101 193 71 72 0 9 76 0 0 
197 6 186 0 0 198 2 167 0 0 197 8 181 4 0 172 2 172 0 0 207 19 175 9 8 
358 125 384 185 243 373 168 436 210 254 365 154 411 208 236 239 19 236 78 148 241 74 291 69 131 
65 152 69 83 66 0 86 0 27 0 17 128 28 34 27 0 104 0 17 0 0 75 0 22 0 
0 0 33 0 58 35 46 78 44 114 55 74 89 53 120 0 0 33 0 61 0 0 49 0 58 
0 0 19 0 219 0 0 16 0 211 0 0 39 0 196 0 0 32 0 206 0 0 28 0 212 
0 0 0 51 0 0 0 0 59 0 56 59 45 144 47 0 0 0 60 0 85 78 85 160 88 
105 0 0 121 0 140 0 0 149 0 140 0 0 114 0 131 0 0 133 0 122 0 0 131 0 
8 45 82 62 4 95 168 164 172 97 160 216 228 214 136 17 52 88 114 0 69 89 101 111 36 
112 139 124 115 229 0 0 0 0 88 0 0 0 0 80 26 26 29 25 125 0 1 0 0 89 
125 219 127 124 124 0 112 0 0 0 80 187 82 85 76 2 98 0 0 2 61 168 56 46 69 
170 163 85 92 95 97 52 0 0 0 109 64 5 7 8 77 60 0 0 0 91 69 0 0 0 
0 119 0 0 0 32 170 54 50 58 0 127 0 0 0 71 195 87 84 68 0 113 0 0 0 
0 0 0 0 0 0 0 0 0 0 0 0 0 0 0 0 0 0 0 0 440 402 446 426 397 
0 0 37 0 0 73 77 90 73 87 0 0 31 0 0 77 75 85 59 79 19 25 59 22 26 
8 15 16 17 52 0 0 0 0 36 80 78 71 69 99 0 0 0 0 33 68 94 78 76 105 
0 0 0 134 0 0 0 0 119 0 0 0 0 146 0 0 0 0 151 0 79 79 85 209 85 
0 65 0 32 66 0 64 0 36 70 0 55 0 28 89 0 59 0 25 62 13 77 21 50 104 
0 112 0 0 0 0 108 0 0 0 0 106 0 0 0 0 96 0 0 0 97 185 99 105 92 
0 21 0 0 0 82 99 82 64 72 79 74 75 72 78 0 18 0 10 0 118 152 125 136 114 
0 0 117 55 0 43 45 155 106 50 0 0 102 39 0 0 0 89 38 0 0 0 126 35 0 
59 0 0 0 0 126 62 61 76 69 99 20 18 20 15 131 47 46 52 41 58 0 0 0 0 
82 35 33 111 37 39 0 0 91 0 48 0 0 85 0 83 35 30 120 32 55 0 0 83 0 
0 0 18 29 0 0 0 0 25 0 101 99 86 117 96 0 0 0 28 0 0 0 14 31 0 
39 0 0 98 126 101 87 93 161 222 36 2 8 112 129 63 23 29 97 125 34 40 56 107 152 
3 6 53 105 7 0 0 50 79 0 52 34 109 124 48 32 44 75 126 37 0 0 51 84 0 
49 3 44 50 9 37 7 32 45 16 115 72 116 116 85 73 22 44 52 18 43 0 44 43 0 
47 0 67 0 63 40 0 70 0 61 31 0 77 0 90 106 58 118 69 124 34 0 68 0 60 
85 18 187 78 41 67 6 175 79 24 56 0 147 33 10 188 73 244 152 128 95 26 203 86 45 
12 73 173 27 131 152 175 330 146 276 42 116 219 51 189 0 39 165 0 128 103 162 268 126 233 
19 20 22 57 48 40 38 33 75 72 0 0 0 30 26 0 0 0 22 17 75 88 89 122 97 
25 41 0 99 0 35 60 0 125 0 95 82 53 156 70 33 50 0 122 0 47 37 0 96 0 
0 0 57 0 0 165 143 214 153 179 0 0 61 0 0 0 0 73 0 0 0 0 69 0 0 
10 3 0 0 91 18 0 0 0 89 80 83 62 68 165 23 14 21 18 101 125 160 144 145 203 
84 15 15 6 26 130 80 87 76 89 155 115 116 116 120 65 0 9 0 23 50 20 17 6 34 
10 82 62 8 25 0 81 60 5 3 0 58 37 0 18 0 68 45 4 12 41 113 90 36 75 
147 199 95 107 101 83 65 48 26 24 41 51 15 0 0 44 50 18 0 0 33 46 15 0 0 
79 93 15 19 19 52 58 0 0 0 63 75 20 4 20 73 83 41 45 51 90 82 57 32 50 
38 76 42 71 29 0 62 11 40 15 0 51 10 46 18 0 42 14 31 12 39 104 64 97 77 
0 0 64 29 14 0 0 49 37 0 0 0 50 44 5 51 63 141 107 67 63 58 112 109 76 
29 41 28 24 32 0 0 0 0 0 80 65 59 71 56 0 0 0 0 0 138 121 110 124 126 
36 28 32 29 35 0 0 14 0 0 0 0 17 0 0 46 40 74 51 45 106 85 117 117 107 
37 43 107 54 48 5 8 62 19 5 55 47 130 59 51 0 0 47 0 0 0 0 47 18 0 
0 0 180 30 0 0 0 141 22 0 18 18 156 37 17 0 0 166 23 0 0 0 162 22 0 
43 73 0 0 0 67 96 42 29 29 72 111 17 13 7 85 126 42 37 41 38 69 0 0 0 
101 128 78 58 68 11 45 3 0 0 80 138 67 57 58 35 77 26 20 15 24 60 0 0 0 
0 118 113 169 0 0 136 125 176 0 0 111 126 169 3 0 121 119 160 2 0 131 125 172 2 
20 0 0 221 0 11 0 0 145 0 141 120 135 288 126 21 0 0 177 0 32 0 0 154 0 
129 150 22 88 93 202 267 96 93 185 148 180 67 86 128 102 95 1 23 70 239 282 138 153 186 
110 278 186 143 156 13 73 107 17 8 35 129 153 40 39 43 146 102 21 64 0 98 80 0 0 
10 27 18 13 73 17 36 26 10 114 12 20 16 9 58 60 82 77 52 161 30 42 40 30 100 
656 476 578 407 507 500 202 288 211 249 482 288 347 230 326 381 196 201 93 203 545 338 403 361 394 
102 63 0 4 2 201 186 77 84 83 81 88 0 0 0 118 107 24 23 21 76 73 0 0 0 
154 298 122 136 133 236 355 142 230 178 113 254 55 106 56 34 185 0 30 0 85 220 65 91 51 
0 0 0 0 56 0 0 0 0 57 0 0 0 0 70 0 0 0 0 60 147 168 152 170 202 
70 3 36 0 16 130 15 62 29 30 151 62 99 48 59 149 81 130 65 94 135 25 50 19 24 
150 0 0 53 0 156 0 0 55 0 141 0 0 39 0 166 0 0 46 0 149 0 0 41 0 
141 125 148 242 123 31 0 73 123 5 56 34 98 177 55 32 6 91 104 33 38 0 58 89 0 
66 115 85 182 164 0 9 6 100 51 0 13 6 65 63 0 14 10 95 59 30 44 33 117 60 
131 125 85 59 24 193 183 153 149 121 112 100 78 61 33 259 206 213 154 145 163 163 114 78 74 
58 130 51 57 52 0 54 0 0 0 5 79 4 3 4 0 64 0 0 0 76 154 62 76 65 
0 0 0 21 0 0 0 0 22 0 0 0 0 20 0 0 0 0 19 0 181 198 215 221 226 
21 7 0 0 30 81 87 75 59 95 4 0 0 0 32 0 0 0 0 34 21 0 0 0 25 
55 6 47 93 81 16 5 31 88 75 60 27 50 121 100 27 0 38 77 82 130 75 113 189 191 
0 96 80 0 106 0 106 86 0 111 0 127 62 0 83 0 91 99 0 93 0 134 87 0 101 
62 34 95 59 45 95 64 124 70 78 25 22 62 37 21 72 68 137 89 71 11 0 44 0 0 
78 0 0 0 57 71 0 0 0 50 83 0 0 0 61 72 0 0 0 53 188 89 80 97 154 
83 138 17 128 115 59 175 0 146 135 38 103 10 133 78 226 308 191 271 257 95 239 92 179 147 
89 104 115 93 70 17 38 47 14 10 0 16 52 0 0 74 89 105 59 55 23 31 59 22 13 
0 0 0 140 35 0 0 0 158 28 27 29 16 157 51 0 0 0 149 34 0 0 0 138 38 
0 0 0 151 14 174 149 133 351 197 1 0 0 185 22 129 139 128 293 120 1 0 0 150 9 
72 184 206 235 96 42 112 141 191 36 109 184 204 266 99 76 225 199 278 113 115 187 200 289 140 
0 0 0 1282 0 0 2 0 1299 0 0 0 0 1306 0 0 0 0 1361 1 0 0 0 1311 0 
195 0 0 0 0 197 13 18 16 20 177 0 0 0 0 196 0 0 0 0 166 0 0 0 0 
92 0 0 0 0 117 0 0 0 0 122 0 0 0 0 102 0 0 0 0 206 88 84 89 99 
168 17 69 36 25 136 0 15 3 0 304 89 129 69 95 330 192 243 191 167 193 78 76 44 58 
0 22 1 0 0 0 31 0 0 0 4 0 0 0 0 12 38 10 32 39 0 2 0 0 0 
78 96 159 140 114 0 0 50 0 0 0 1 76 0 0 0 0 57 0 1 226 216 296 270 245 
0 12 0 71 214 112 123 118 201 335 0 28 0 82 243 0 14 0 88 248 115 139 110 179 294 
5 23 78 7 232 3 6 53 6 184 106 106 168 111 291 142 146 204 167 352 2 7 62 0 179 
127 220 254 190 86 159 249 289 203 104 158 244 300 188 131 60 165 217 99 22 80 197 223 151 26 
107 0 0 8 0 98 0 0 0 0 123 0 0 0 0 113 0 0 0 0 144 17 24 45 32 
0 0 205 0 35 0 0 245 0 34 0 0 213 0 27 0 0 208 0 25 0 0 188 0 36 
0 0 47 64 0 86 57 112 97 74 0 0 44 39 0 64 62 106 91 53 40 33 99 76 30 
53 75 47 43 72 3 41 0 1 27 45 76 33 34 66 0 29 0 0 32 0 51 0 0 27 
617 628 641 692 626 0 0 0 0 0 0 0 0 0 0 0 0 0 0 0 0 0 0 0 0 
54 0 0 0 0 62 0 0 0 0 64 0 0 0 0 202 133 145 146 141 52 0 0 0 0 
0 0 0 37 0 76 64 48 103 57 0 0 0 26 0 48 47 63 93 52 44 49 44 98 41 
6 0 0 0 0 0 0 0 0 0 0 6 0 0 0 11 0 0 0 7 0 0 0 0 0 
