925 879 885 869 973 1118 1174 1139 1074 1224 687 720 758 754 912 950 980 1057 1009 1072 660 600 623 558 753 
179 144 162 174 153 0 0 0 0 0 122 78 119 103 91 0 0 0 0 0 0 0 0 0 0 
113 35 32 178 183 82 0 0 122 129 176 70 72 241 269 76 0 1 97 141 69 0 0 126 135 
228 38 77 31 72 150 0 0 0 0 360 82 145 124 117 374 168 294 198 211 274 64 114 66 94 
0 0 0 154 11 160 136 140 323 184 4 2 0 170 18 119 119 121 276 114 1 0 0 142 10 
127 37 83 105 19 120 10 74 90 1 123 28 83 90 20 117 3 49 103 0 265 165 228 258 161 
99 6 14 0 85 85 7 14 0 109 171 80 105 82 176 154 67 95 67 146 204 97 119 95 214 
0 0 0 0 0 0 0 0 0 0 1016 1028 977 1003 1043 0 0 0 0 0 0 0 0 0 0 
0 0 0 236 0 0 0 3 230 0 107 99 97 355 113 102 94 87 357 114 0 0 0 224 0 
14 8 15 252 5 0 0 0 231 0 43 44 32 216 31 0 0 0 188 0 2 7 0 220 4 
75 189 220 276 77 49 146 211 261 41 145 246 269 328 146 82 254 246 305 103 103 182 225 283 82 
0 0 0 0 0 0 0 0 0 0 0 0 0 0 0 57 63 62 67 79 165 156 157 176 159 
81 95 61 50 174 0 11 0 0 96 0 3 0 0 109 0 6 0 0 110 78 73 91 66 179 
157 158 161 157 164 0 0 0 0 0 0 0 0 0 0 0 0 0 0 0 95 84 71 73 91 
0 0 0 0 0 0 0 0 0 0 0 0 0 0 0 430 441 421 408 422 184 174 179 187 203 
0 193 0 0 80 0 164 0 0 93 116 307 139 120 192 0 178 0 0 91 0 209 0 0 74 
797 0 0 0 0 792 0 0 0 0 787 0 0 0 0 813 0 0 0 0 826 0 0 0 0 
6 9 163 124 172 51 23 203 153 187 101 96 255 232 218 178 196 359 321 334 123 90 247 210 288 
85 129 83 138 72 85 81 66 114 83 0 50 0 44 0 55 98 61 85 53 0 44 0 39 0 
43 9 21 7 23 138 116 127 119 135 34 0 0 0 19 23 0 0 0 19 138 126 121 130 154 
0 0 144 0 0 0 0 139 0 0 0 0 146 0 0 155 136 258 138 137 0 0 156 0 0 
0 75 49 52 0 0 92 48 52 0 43 113 101 111 38 0 85 50 57 0 0 79 60 49 0 
0 1 1 1 149 138 114 128 141 246 141 123 125 113 232 0 4 0 0 133 80 85 94 86 201 
0 0 0 0 0 0 0 0 0 0 0 0 0 0 0 987 1048 1050 1019 952 0 0 0 0 0 
0 18 52 136 0 0 18 54 119 0 0 18 48 148 0 0 17 51 145 0 0 15 51 144 0 
69 51 0 0 0 82 70 16 15 14 133 82 31 34 26 89 63 0 0 0 98 97 26 24 28 
57 87 56 117 114 6 33 14 54 53 11 33 17 61 64 0 33 0 43 51 0 32 0 49 54 
107 116 117 71 4 103 124 167 76 0 276 289 309 256 180 117 129 135 72 0 254 216 281 231 140 
89 15 19 99 20 78 0 0 116 0 224 160 138 232 128 71 0 0 101 0 119 50 49 178 42 
104 80 39 44 31 124 92 44 51 30 48 43 14 0 0 81 72 17 12 14 81 47 6 0 0 
0 0 174 74 0 0 0 180 54 0 0 0 216 62 0 0 0 183 52 0 0 0 175 51 0 
150 186 189 143 116 0 57 75 0 1 0 48 76 0 0 55 88 135 56 37 0 50 99 0 0 
63 51 67 66 58 96 115 101 111 98 22 39 42 35 37 0 0 0 0 0 0 0 0 0 0 
0 0 0 173 0 0 0 0 178 0 242 245 234 423 252 0 0 0 179 0 0 0 0 162 0 
0 0 0 0 0 159 150 185 167 151 0 0 0 0 0 0 0 0 0 0 77 63 75 73 91 
94 1 1 58 40 115 25 37 95 78 172 56 77 125 126 64 0 0 65 27 159 52 70 119 93 
0 79 0 0 0 0 73 0 0 0 0 59 0 0 0 106 140 75 115 78 50 119 41 46 48 
0 0 103 0 0 88 93 188 108 110 0 0 96 0 0 7 10 103 2 8 14 13 87 9 15 
277 243 202 277 120 123 90 74 111 0 94 87 65 93 0 284 254 152 275 139 154 136 77 160 0 
0 0 0 0 0 36 46 30 21 23 0 0 0 0 0 67 82 83 79 104 116 113 117 118 150 
0 227 0 199 0 0 184 0 194 0 2 202 2 196 0 0 188 0 192 0 0 197 0 209 0 
0 36 0 107 0 0 49 0 122 0 0 45 0 116 0 55 114 59 177 59 0 48 0 108 0 
0 0 0 0 70 79 70 78 62 134 83 75 74 83 123 0 0 0 0 72 0 0 0 0 81 
68 253 237 7 204 25 183 171 0 131 59 259 232 20 198 126 318 253 101 272 169 335 256 120 250 
0 48 41 0 88 21 68 51 17 105 29 94 97 39 91 0 61 28 0 73 0 67 28 0 76 
117 98 117 135 139 18 0 0 38 0 14 0 0 39 0 20 0 0 50 0 91 70 67 106 89 
28 0 0 53 64 67 41 38 82 113 18 0 0 55 61 33 9 14 51 55 27 25 28 66 70 
87 0 90 0 0 81 0 105 0 0 149 68 148 58 77 135 24 98 16 12 96 0 100 0 0 
0 19 81 0 97 0 12 70 0 108 0 16 77 0 108 0 15 91 0 136 0 15 71 0 105 
20 52 150 74 17 52 86 165 112 46 0 38 128 31 0 48 76 158 110 40 0 23 117 63 0 
0 63 0 0 0 0 78 0 0 0 111 218 111 133 124 0 92 0 0 0 15 82 18 22 27 
0 0 0 71 0 61 64 51 123 81 0 0 0 70 0 0 0 0 80 0 71 63 57 147 61 
51 0 97 48 0 61 0 110 57 0 59 0 98 53 0 48 0 104 56 0 45 0 99 47 0 
84 50 0 35 0 113 84 16 57 29 101 93 0 29 0 118 63 0 43 0 95 69 0 40 0 
0 0 0 0 25 185 166 189 194 203 0 0 0 0 33 0 0 0 0 30 0 0 0 0 33 
88 45 56 108 76 58 37 49 91 67 24 0 0 49 9 28 0 0 43 10 35 9 7 53 23 
30 55 8 6 10 16 53 0 0 0 21 79 0 0 0 129 166 128 120 113 27 77 0 0 0 
0 0 0 21 0 186 170 197 198 164 0 0 0 23 0 0 0 0 22 0 0 0 0 19 0 
88 94 149 169 100 0 0 54 71 0 0 0 82 67 0 0 0 73 69 0 0 0 63 70 0 
63 57 58 47 67 41 0 0 0 11 76 62 48 48 72 30 0 0 0 22 92 49 45 49 60 
0 0 25 0 67 9 6 36 12 89 0 0 34 0 70 10 7 43 8 95 81 75 114 64 152 
597 608 612 654 603 0 0 0 0 0 0 0 0 0 0 0 0 0 0 0 0 0 0 0 0 
56 105 137 64 69 28 79 95 26 26 0 32 70 0 0 0 37 70 0 0 0 39 66 0 0 
0 0 110 0 0 0 0 91 0 0 76 113 207 112 101 0 0 85 0 0 0 0 104 0 0 
105 128 37 64 141 38 47 0 0 91 45 64 0 0 66 45 47 0 0 77 67 44 0 0 86 
0 51 0 1 0 30 101 26 34 44 0 60 0 9 0 0 58 0 21 0 4 35 5 22 0 
9 7 101 5 12 0 0 87 0 0 0 0 84 0 0 37 39 121 27 30 75 78 153 60 85 
0 0 0 51 75 88 81 63 117 163 0 0 0 48 73 0 0 0 36 84 0 0 0 47 73 
94 165 78 74 85 22 106 0 0 0 30 116 7 8 9 22 76 0 0 0 25 80 0 3 0 
77 35 105 53 106 20 0 45 14 64 22 0 47 9 81 20 0 58 13 63 14 0 44 14 70 
67 0 15 0 1 86 0 0 0 0 121 50 71 56 75 123 39 38 26 20 161 96 88 102 81 
62 30 116 45 47 32 0 81 0 0 28 0 76 0 0 25 0 70 0 3 77 43 116 46 43 
0 44 0 0 8 33 74 31 41 42 29 72 31 16 29 27 71 42 59 34 0 29 0 9 0 
89 77 99 49 59 35 24 32 0 9 58 66 61 26 45 42 26 36 0 12 36 29 36 0 9 
0 62 67 0 0 13 80 63 19 17 21 104 82 21 21 32 109 66 40 42 0 62 58 0 0 
57 101 57 52 49 37 109 36 40 33 18 84 20 21 31 28 64 28 30 31 0 66 0 0 0 
23 0 85 0 35 62 43 117 39 73 24 0 79 0 23 25 0 84 0 19 28 0 93 0 24 
0 2066 0 0 0 0 2123 0 0 0 0 2017 0 0 0 0 2091 0 0 0 0 1996 0 0 0 
23 145 110 22 21 88 233 175 84 63 6 147 121 4 0 48 215 197 86 43 9 116 86 6 0 
63 101 74 0 0 44 118 100 0 0 79 113 98 0 0 58 109 91 0 0 65 103 99 0 0 
5 132 0 126 0 115 209 127 235 120 118 192 76 258 93 2 117 0 153 0 4 115 0 143 0 
89 169 11 188 96 102 207 22 241 142 43 106 2 183 94 267 298 193 375 250 164 252 131 295 209 
0 0 0 0 0 1249 1210 1207 1165 1235 0 0 0 0 0 0 0 0 0 0 0 0 0 0 0 
0 0 80 126 0 0 0 76 110 0 0 0 82 131 0 0 0 80 125 0 0 0 70 127 0 
166 61 62 112 46 182 64 64 124 75 111 0 0 50 0 102 0 0 47 0 103 0 0 62 0 
0 130 0 0 95 0 177 0 0 80 0 177 0 0 99 1 152 0 0 82 0 169 0 0 109 
165 212 100 189 88 109 244 77 136 52 244 355 197 298 143 195 276 137 187 126 203 416 241 248 213 
55 56 224 219 93 4 1 135 103 28 94 88 203 241 98 5 2 94 105 30 30 26 166 155 57 
152 127 128 153 270 0 14 1 1 151 7 7 7 3 158 208 216 179 183 366 222 231 249 228 375 
0 72 0 0 0 0 55 0 0 0 0 72 0 0 0 8 74 4 8 3 176 215 189 168 175 
53 27 42 12 42 42 15 29 0 42 40 12 35 0 31 70 13 32 0 44 112 103 96 88 124 
202 76 0 100 0 202 64 0 102 0 204 59 0 103 0 192 65 0 106 0 201 62 0 108 0 
46 12 0 33 39 125 94 81 105 105 52 11 0 35 41 49 5 0 25 43 52 11 0 29 35 
55 0 0 0 0 62 0 0 0 0 64 0 0 0 0 202 133 145 146 141 51 0 0 0 0 
61 160 190 112 48 92 166 184 107 38 101 175 174 77 55 50 130 182 86 7 48 191 173 98 23 
86 6 13 67 27 123 72 63 127 90 140 82 69 90 96 70 29 33 77 44 67 0 0 24 13 
117 121 131 92 194 0 0 6 0 48 62 72 80 57 117 0 0 26 1 58 0 0 13 0 67 
24 57 0 68 0 132 144 72 122 67 61 74 25 97 44 37 47 0 59 1 26 44 0 62 0 
81 84 75 86 131 83 77 68 65 95 0 21 0 0 46 0 20 0 0 25 49 70 50 43 80 
0 93 0 0 0 37 156 41 40 41 34 152 42 36 36 32 136 27 30 43 52 145 60 39 57 
33 14 42 38 0 110 80 123 125 74 49 29 52 39 0 50 10 50 40 0 46 21 42 44 0 
5 20 0 99 241 147 144 149 246 378 1 30 0 89 272 0 17 0 98 278 134 168 124 192 345 
14 11 91 14 226 4 0 76 9 168 115 108 172 115 275 142 144 225 173 327 3 2 70 0 179 
154 0 0 0 0 138 0 0 0 0 231 80 98 102 107 132 0 0 0 0 134 0 0 0 0 
0 0 0 0 833 0 0 0 0 801 0 0 0 0 848 0 0 0 0 837 0 0 0 0 792 
125 128 0 172 55 115 131 0 143 93 176 206 57 233 116 140 146 9 189 104 114 150 0 167 51 
113 0 0 0 0 221 83 75 75 68 135 0 0 0 0 127 0 0 0 0 126 0 0 0 0 
49 24 61 41 34 89 63 107 58 60 26 15 40 19 13 68 55 119 77 52 9 0 34 0 0 
0 21 0 150 0 35 58 48 203 36 0 19 0 145 0 0 17 0 145 0 0 21 0 172 0 
98 68 111 120 154 54 1 76 59 49 28 0 67 70 65 110 63 118 138 137 17 0 57 79 40 
43 48 55 127 106 28 22 31 81 74 0 0 0 77 55 0 0 0 47 49 7 10 9 74 51 
0 8 62 0 0 76 85 155 76 83 0 9 63 0 0 48 69 143 43 54 0 5 56 0 0 
230 15 207 0 0 230 13 196 0 0 219 10 204 3 0 196 9 203 0 0 237 28 190 10 10 
0 0 0 0 0 68 51 66 64 67 0 0 0 0 0 142 119 135 141 137 0 0 0 0 0 
330 105 352 172 227 371 189 477 246 281 383 169 445 276 292 234 22 227 87 148 258 89 348 130 158 
67 164 72 87 70 0 92 0 28 0 18 141 29 38 27 0 115 0 17 0 0 83 0 22 0 
0 0 0 16 0 0 0 0 21 0 0 0 0 19 0 0 0 0 20 0 171 182 200 211 204 
0 0 33 0 61 37 50 84 48 118 58 77 99 55 128 0 0 36 0 63 0 0 55 0 60 
0 0 16 0 187 0 0 16 0 178 0 0 28 0 166 0 0 25 0 179 0 0 23 0 182 
0 0 0 50 0 0 0 0 59 0 54 59 45 140 45 0 0 0 59 0 85 78 82 157 85 
99 0 0 110 0 124 0 0 124 0 111 0 0 98 0 101 0 0 139 0 107 0 0 119 0 
8 49 47 54 0 96 160 132 152 97 159 212 201 221 147 21 66 55 88 31 61 112 99 113 58 
112 130 125 112 216 0 0 0 0 74 0 0 0 0 80 23 24 29 24 109 0 0 0 0 78 
98 205 91 94 88 0 103 0 0 0 25 152 23 38 27 1 111 0 0 0 134 271 114 120 130 
137 126 76 79 77 76 45 0 0 0 85 47 4 4 8 63 47 0 0 0 71 57 0 0 0 
0 100 0 0 0 33 160 51 50 67 0 114 0 0 0 60 184 69 68 60 0 108 0 0 0 
92 0 0 0 0 117 0 0 0 0 122 0 0 0 0 102 0 0 0 0 206 88 85 89 99 
0 0 0 0 0 0 0 0 0 0 0 0 0 0 0 0 0 0 0 0 438 398 436 422 394 
0 0 39 0 0 74 81 97 79 90 0 0 32 0 0 80 78 88 61 84 20 25 63 23 27 
8 15 16 17 52 0 0 0 0 36 80 79 71 69 99 0 0 0 0 33 68 98 78 76 105 
0 0 0 127 0 0 0 0 111 0 0 0 0 135 0 0 0 0 139 0 72 71 76 190 79 
1 56 0 34 61 3 40 0 38 67 1 33 0 36 79 0 42 0 30 61 19 54 25 55 105 
71 0 0 0 37 60 0 0 0 25 78 0 0 0 34 62 0 0 0 29 161 83 72 84 114 
0 112 0 0 0 0 108 0 0 0 0 106 0 0 0 0 96 0 0 0 97 185 99 105 92 
25 58 37 52 38 45 61 44 39 49 48 46 41 45 46 0 9 0 9 0 86 109 77 81 78 
0 0 123 58 0 45 48 160 109 51 0 0 106 40 0 0 0 91 39 0 0 0 136 37 0 
17 58 18 8 45 12 66 17 6 36 6 51 0 0 23 40 75 53 46 80 0 37 10 0 38 
59 0 0 0 0 126 62 61 76 69 98 20 18 20 14 131 47 46 52 41 57 0 0 0 0 
195 0 0 0 0 197 13 18 17 20 178 0 0 0 0 196 0 0 0 0 166 0 0 0 0 
83 35 33 111 37 39 0 0 91 0 48 0 0 85 0 83 35 30 120 32 55 0 0 83 0 
0 0 0 28 0 39 28 34 74 30 24 23 35 39 31 0 0 0 23 0 50 53 55 95 59 
0 0 62 43 0 0 0 54 42 0 101 99 149 132 97 0 0 61 47 0 0 0 65 42 0 
81 12 64 134 106 32 7 46 126 113 74 30 50 149 121 31 1 36 94 86 139 89 131 211 221 
0 7 59 115 10 0 0 62 90 0 53 34 120 150 56 32 48 88 134 42 0 0 56 103 0 
50 5 48 40 10 39 7 35 39 19 113 69 112 105 78 64 14 41 49 14 44 0 43 40 0 
46 0 60 0 66 40 0 63 0 58 26 0 72 0 76 100 59 118 69 123 33 0 62 0 57 
106 48 166 81 57 81 20 145 82 35 45 0 105 4 1 160 76 207 116 85 119 52 192 78 63 
13 115 159 30 165 170 273 340 157 303 38 153 198 66 222 0 79 164 2 142 117 211 253 123 274 
24 23 24 76 59 46 50 38 94 84 1 0 0 39 34 0 0 0 28 19 109 118 109 166 120 
22 38 0 104 0 37 59 0 139 0 100 92 49 157 62 29 46 0 128 0 46 47 0 98 0 
0 0 54 0 0 152 134 196 138 163 0 0 56 0 0 0 0 68 0 0 0 0 64 0 0 
54 86 62 75 40 16 26 0 28 0 81 104 63 116 42 14 49 10 44 5 61 74 70 115 36 
10 7 0 0 63 12 2 0 0 50 54 54 42 37 109 19 20 14 11 64 79 99 81 77 111 
64 12 14 6 20 93 64 68 67 70 100 80 86 98 87 42 0 5 0 15 36 13 15 8 22 
24 116 79 21 39 0 98 72 10 7 0 84 48 0 21 0 85 62 7 14 53 141 123 44 91 
124 160 84 85 85 60 57 37 18 18 36 50 15 0 0 35 42 13 0 0 28 39 13 0 0 
0 69 55 0 67 0 71 63 0 72 0 79 53 0 55 0 66 64 0 70 0 84 67 0 66 
95 0 0 72 0 82 0 0 74 0 98 0 0 76 0 100 0 0 57 0 122 15 23 93 29 
67 128 76 75 80 0 63 0 0 0 39 103 44 39 36 0 55 0 0 0 30 77 27 30 30 
65 75 13 21 21 45 40 0 0 0 49 68 16 5 13 63 67 36 39 44 78 71 44 27 41 
39 77 43 75 29 0 62 12 43 16 3 51 11 46 19 0 46 15 32 14 41 108 65 99 79 
0 0 56 34 11 0 0 54 35 3 0 0 49 50 6 52 57 134 107 64 61 56 110 101 74 
27 37 23 22 31 0 0 0 0 0 71 57 55 62 55 0 0 0 0 0 119 105 99 112 110 
44 33 40 35 42 0 0 16 0 0 0 0 21 0 0 49 48 97 59 51 140 110 140 144 128 
37 47 99 48 49 7 8 59 21 13 61 55 127 53 49 0 0 47 2 0 0 0 49 21 5 
0 0 168 32 0 0 0 136 23 0 19 20 148 37 18 0 0 160 23 0 0 0 157 23 0 
43 70 0 0 0 66 92 38 30 29 67 108 17 14 9 78 119 37 37 41 37 66 0 0 0 
69 0 78 77 92 135 60 165 156 162 151 78 166 187 203 137 47 102 106 150 96 2 86 126 107 
105 149 85 66 74 16 55 0 0 0 92 154 76 54 64 45 80 37 19 17 27 61 0 0 0 
0 133 123 175 0 0 138 134 176 0 0 120 133 188 0 0 128 121 167 0 0 132 131 178 0 
0 0 0 140 35 0 0 0 158 28 26 29 16 157 51 0 0 0 149 34 0 0 0 138 38 
26 0 0 157 0 11 0 0 122 0 113 78 118 234 103 24 0 0 112 0 27 0 0 116 0 
50 71 45 45 59 8 54 4 0 24 48 83 43 40 61 4 36 0 0 33 0 56 0 0 26 
127 155 24 48 98 182 208 94 85 189 157 166 50 63 123 88 71 0 26 56 214 259 94 140 168 
88 215 164 116 117 8 58 79 14 3 35 94 136 40 46 33 90 77 12 30 0 64 64 0 0 
9 26 18 11 81 17 35 27 15 118 8 23 18 11 51 62 88 76 56 160 36 42 41 33 106 
0 0 213 0 43 0 0 231 0 31 0 0 219 0 26 0 0 201 0 24 0 0 195 0 26 
732 524 670 406 578 514 174 313 157 245 523 304 376 203 340 425 155 178 32 185 591 377 508 366 432 
110 86 3 2 1 188 198 97 84 87 133 104 0 0 0 118 110 31 20 19 93 73 0 0 0 
172 300 124 160 143 262 374 167 270 186 137 283 99 167 78 43 183 1 60 0 91 210 53 98 38 
19 0 29 88 0 23 0 16 49 0 81 52 74 85 24 93 62 84 116 69 33 1 26 49 0 
0 0 0 0 59 0 0 0 0 71 0 0 0 0 83 0 0 0 0 72 169 201 180 195 241 
79 4 46 0 15 141 14 54 19 35 138 70 104 48 60 146 93 139 69 88 136 26 59 16 30 
48 37 112 112 34 0 0 78 109 0 49 43 132 124 46 0 0 95 100 0 0 0 82 81 0 
150 0 0 54 0 156 0 0 55 0 141 0 0 40 0 168 0 0 46 0 149 0 0 41 0 
0 0 0 0 0 0 0 3 1 0 0 0 0 0 0 0 0 0 0 0 0 0 33 0 32 
158 112 148 241 129 32 0 66 129 4 62 42 103 187 58 34 5 85 97 21 31 0 64 87 0 
59 27 30 68 75 39 0 0 30 53 51 0 0 20 37 50 0 0 30 34 85 38 45 75 74 
0 0 53 62 0 78 59 122 115 73 0 0 43 34 0 62 53 112 92 54 45 35 81 81 30 
0 0 0 35 0 75 63 49 101 56 0 0 0 26 0 43 47 61 88 51 42 46 44 93 39 
58 92 74 152 129 0 8 4 89 39 0 14 4 57 46 1 11 8 73 46 30 39 28 87 46 
136 125 91 101 36 210 165 161 166 139 95 64 67 83 11 266 193 204 183 159 184 164 160 113 91 
52 75 123 110 75 0 0 43 1 0 0 0 59 0 0 0 0 46 0 0 167 175 192 190 164 
0 0 0 1137 0 0 0 0 1143 0 0 0 0 1175 0 0 2 4 1249 3 0 0 0 1185 0 
0 0 1451 0 0 0 0 1469 0 0 0 0 1351 0 0 0 0 1476 0 0 0 0 1442 0 0 
