971 808 774 837 901 1178 1159 1102 1054 1198 774 658 679 710 847 1059 930 949 1034 1080 609 543 522 574 725 
140 120 137 140 125 0 0 0 0 0 107 73 104 86 82 0 0 0 0 0 0 0 0 0 0 
148 60 43 225 265 102 0 0 173 207 182 59 55 292 316 61 0 0 123 168 103 1 0 164 169 
250 41 116 71 66 201 0 47 7 0 363 87 166 112 110 400 180 284 207 206 258 58 104 61 64 
0 0 2 53 0 96 76 60 151 80 0 3 0 36 0 57 57 87 126 65 60 64 62 132 57 
197 45 135 156 46 126 13 100 130 0 140 31 90 130 23 122 5 58 140 0 275 177 276 320 170 
121 9 21 0 117 106 9 16 0 115 193 93 114 90 190 168 78 92 60 170 233 109 139 116 248 
0 0 0 0 0 0 0 0 0 0 1040 1061 1017 1028 1073 0 0 0 0 0 0 0 0 0 0 
0 0 0 280 0 0 0 1 276 1 122 115 99 385 115 126 127 108 450 151 0 0 0 255 0 
13 11 16 180 9 0 0 0 184 0 36 45 37 182 33 0 0 0 167 0 1 6 1 186 5 
0 0 0 0 0 0 0 0 0 0 0 0 0 0 0 58 65 70 65 79 181 154 148 183 149 
62 76 54 44 135 0 10 0 0 83 0 3 0 0 88 0 5 0 0 89 67 66 65 59 133 
153 172 160 168 180 0 0 0 0 0 0 0 0 0 0 0 0 0 0 0 94 91 72 81 94 
0 0 0 0 0 0 0 0 0 0 0 0 0 0 0 434 438 423 405 421 193 178 186 192 207 
0 204 0 0 81 0 168 0 0 98 129 331 155 138 221 0 184 0 0 95 0 214 0 0 75 
808 0 0 0 0 798 0 0 0 0 792 0 0 0 0 822 0 0 0 0 826 0 0 0 0 
17 0 186 130 141 45 25 196 169 178 127 114 272 232 212 220 221 401 365 346 147 89 234 207 275 
68 110 70 138 62 52 72 52 101 60 0 37 0 41 0 40 85 45 81 37 0 46 0 32 0 
42 7 13 3 20 123 96 108 110 112 33 0 0 0 18 26 0 0 0 23 117 106 90 99 137 
0 0 121 0 0 0 0 117 0 0 0 0 131 0 0 133 105 231 106 112 0 0 136 0 0 
0 73 50 55 0 0 93 56 52 0 37 117 113 118 40 0 92 61 59 0 0 91 69 51 0 
6 1 0 4 139 156 98 118 152 239 148 120 102 110 208 4 1 0 0 122 87 96 97 95 186 
0 0 0 0 0 0 0 0 0 0 0 0 0 0 0 1019 1115 1108 1069 1008 0 0 0 0 0 
0 19 50 145 0 0 20 56 126 0 1 17 51 156 0 0 19 54 151 0 0 15 52 151 0 
63 47 0 0 0 79 68 15 14 13 128 81 34 34 27 84 60 0 0 0 93 88 22 23 28 
70 112 68 141 139 8 35 16 70 69 13 45 25 79 89 0 41 0 55 65 0 35 0 65 62 
93 115 110 91 11 93 127 153 78 0 262 281 297 276 180 122 121 128 75 0 257 211 289 219 136 
89 17 17 102 27 79 0 0 112 0 215 149 140 233 134 73 0 0 103 0 121 42 46 177 42 
121 98 43 50 33 151 109 49 58 33 55 54 18 0 0 101 82 19 15 12 88 49 11 0 0 
0 0 135 56 0 0 0 148 52 0 0 0 180 51 0 0 0 159 43 0 0 0 135 41 0 
122 163 168 117 101 0 45 71 0 0 0 48 64 0 0 38 65 102 33 31 0 38 95 0 0 
63 51 67 67 60 97 119 104 112 98 24 39 44 36 38 0 0 0 0 0 0 0 0 0 0 
0 0 0 164 0 0 0 0 173 0 230 233 220 409 242 0 0 0 169 0 0 0 0 151 0 
0 0 0 0 0 164 154 193 159 163 0 0 0 0 0 0 0 0 0 0 75 69 79 73 88 
101 0 0 66 40 138 31 50 117 99 195 72 86 158 145 79 0 0 66 34 182 77 79 159 123 
0 88 0 0 0 0 83 0 0 0 0 68 0 0 0 125 159 92 131 88 53 134 54 53 55 
0 0 108 0 0 91 98 194 115 112 0 0 102 0 0 7 9 111 5 9 16 14 89 7 16 
278 206 220 289 125 127 88 84 137 0 101 92 50 126 0 292 255 177 317 133 155 125 83 167 10 
0 0 0 0 0 39 48 31 25 23 0 0 0 0 0 73 76 82 79 111 122 111 119 109 155 
0 231 0 206 0 0 181 0 199 0 8 212 5 203 6 0 192 0 195 0 0 210 0 210 0 
0 44 0 116 0 0 51 0 139 0 0 52 0 140 0 61 142 73 196 69 0 60 0 138 0 
0 0 0 0 80 88 79 89 67 150 89 86 78 98 143 0 0 0 0 74 0 0 0 0 87 
66 317 366 49 255 16 220 282 6 169 49 306 361 60 250 106 334 370 126 290 221 397 460 180 350 
0 46 35 0 83 20 63 55 12 92 30 83 92 39 81 0 65 28 0 70 0 65 30 0 73 
106 83 103 114 117 14 0 0 33 0 15 0 0 36 0 16 0 0 41 0 83 67 56 108 79 
67 0 68 0 0 57 0 80 0 0 111 56 108 44 51 99 18 84 14 12 63 0 77 0 0 
0 20 91 0 105 0 13 72 0 113 0 17 74 0 106 0 15 94 0 141 0 14 71 0 106 
26 68 159 93 26 62 85 170 126 57 0 42 121 43 0 42 84 172 122 46 0 30 110 66 0 
0 58 0 0 0 0 66 0 0 0 104 206 97 124 111 0 82 0 0 0 14 75 17 22 24 
0 0 0 85 0 68 74 62 139 90 0 0 0 75 0 0 0 0 94 0 83 76 64 166 71 
54 0 103 50 0 67 0 123 61 0 68 0 103 58 0 51 0 118 56 0 46 0 114 51 0 
95 58 0 39 0 135 99 14 53 26 120 105 0 30 0 137 72 0 44 0 112 69 0 37 0 
0 0 0 0 29 205 201 205 213 237 0 0 0 0 40 0 0 0 0 34 0 0 0 0 36 
102 55 66 127 97 63 43 71 114 79 25 0 0 67 10 33 0 0 56 14 39 14 10 67 35 
30 61 8 6 13 18 62 0 0 0 21 88 0 0 0 159 200 146 142 131 28 85 0 0 0 
0 0 0 21 0 186 170 196 198 164 0 0 0 23 0 0 0 0 22 0 0 0 0 19 0 
71 79 133 138 89 0 0 51 63 0 0 0 74 60 0 0 0 67 53 0 0 0 59 62 0 
66 60 61 53 76 45 0 0 0 11 79 66 53 48 83 32 0 0 0 21 93 50 43 52 62 
0 0 25 0 69 9 6 36 12 89 0 0 34 0 70 10 7 43 8 95 81 75 114 64 151 
587 589 607 643 593 0 0 0 0 0 0 0 0 0 0 0 0 0 0 0 0 0 0 0 0 
76 139 172 94 96 32 99 115 31 33 0 35 83 0 0 0 45 90 0 0 0 52 80 0 0 
0 0 110 0 0 0 0 91 0 0 76 114 207 112 101 0 0 85 0 0 0 0 104 0 0 
114 129 54 67 155 45 47 0 0 98 51 70 0 0 78 47 47 0 0 78 63 51 0 0 105 
0 51 0 26 41 63 124 59 83 104 0 62 0 28 41 0 62 0 41 42 28 65 24 57 67 
9 7 99 5 12 0 0 87 0 0 0 0 83 0 0 36 39 120 27 29 75 76 150 58 85 
0 0 0 51 75 87 81 63 116 163 0 0 0 48 73 0 0 0 35 83 0 0 0 46 73 
107 183 86 77 90 28 129 0 0 0 33 128 8 9 6 26 82 0 0 0 29 88 3 1 0 
74 30 98 43 102 19 0 39 11 66 17 0 46 0 78 16 0 50 0 64 9 0 37 12 71 
85 14 12 1 2 92 0 2 0 0 124 60 54 63 79 128 54 50 31 30 190 116 110 131 112 
55 31 114 43 43 24 0 79 0 0 19 0 76 0 0 23 0 68 0 0 60 19 101 26 24 
89 79 100 51 60 35 28 34 0 11 57 68 59 28 45 46 29 37 0 12 36 32 38 0 10 
0 62 60 0 0 0 68 47 0 0 21 104 77 21 21 32 109 66 40 42 0 62 52 0 0 
36 46 34 0 26 17 65 22 15 5 2 40 0 0 8 11 9 0 0 0 0 31 0 0 0 
30 0 91 0 43 63 43 124 38 79 25 0 84 0 29 36 10 98 4 36 31 0 99 0 28 
0 2098 0 0 0 0 2160 0 0 0 0 2020 0 0 0 0 2119 0 0 0 0 2041 0 0 0 
17 190 144 11 16 84 211 219 100 71 6 173 106 7 0 37 233 165 80 54 13 148 124 0 0 
47 85 74 0 0 38 107 93 0 0 64 99 102 0 0 51 100 80 0 0 53 95 91 0 0 
0 99 0 132 0 107 188 79 236 106 89 192 58 239 70 0 109 0 161 0 0 135 0 133 0 
84 107 138 151 95 0 0 52 0 0 0 0 78 0 0 0 0 65 0 0 198 247 287 253 258 
0 0 0 0 0 1264 1223 1214 1177 1246 0 0 0 0 0 0 0 0 0 0 0 0 0 0 0 
0 0 80 125 0 0 0 75 106 0 0 0 81 127 0 0 0 81 126 0 0 0 72 129 0 
152 48 52 100 39 145 50 49 108 59 90 0 0 40 0 81 0 0 35 0 87 0 1 41 0 
0 121 0 0 82 0 146 0 0 74 0 158 0 0 87 0 141 0 0 65 0 152 0 0 105 
193 304 176 272 113 99 169 53 140 5 322 428 273 414 166 179 312 186 255 100 229 359 310 361 175 
101 85 306 302 96 0 1 204 212 9 119 102 296 320 133 0 0 175 203 11 20 20 203 201 27 
140 118 113 157 252 2 23 0 12 162 16 22 7 13 153 209 217 152 190 359 219 266 247 232 390 
0 70 0 0 0 0 59 0 0 0 0 64 0 0 0 8 70 7 11 5 180 221 185 174 177 
89 46 48 28 78 58 14 23 0 68 66 12 18 0 36 111 15 21 0 58 179 135 113 106 184 
203 74 0 102 0 199 65 0 101 0 207 59 0 107 0 190 71 0 109 0 197 64 0 120 0 
55 0 0 0 0 62 0 0 0 0 64 0 0 0 0 202 133 145 146 141 52 0 0 0 0 
141 328 340 215 100 177 298 366 196 75 172 318 349 215 128 80 232 282 160 18 101 255 285 149 38 
64 0 10 46 31 99 61 47 96 67 92 67 63 80 76 65 28 25 70 38 59 0 0 26 11 
110 114 135 89 188 0 0 6 0 55 66 82 83 60 112 0 0 17 0 52 0 0 14 0 65 
51 99 0 127 0 162 200 110 252 96 132 157 84 243 99 59 95 0 115 0 45 87 0 123 0 
95 103 108 101 132 90 89 96 71 118 0 24 0 0 51 0 24 0 0 29 64 87 66 48 103 
0 78 0 0 0 29 139 38 33 33 34 136 33 34 32 27 124 22 27 34 41 126 42 39 50 
33 11 41 34 0 103 71 112 112 61 43 21 47 37 0 47 9 44 35 0 40 20 37 38 0 
1 10 0 64 200 113 123 103 190 325 0 18 0 70 236 0 12 0 85 241 113 136 112 171 290 
14 12 85 9 218 7 0 69 11 179 110 88 176 119 274 137 135 215 169 332 6 1 65 4 188 
161 0 0 0 0 143 0 0 0 0 234 89 115 110 114 135 0 0 0 0 141 0 0 0 0 
0 0 0 0 841 0 0 0 0 811 0 0 0 0 860 0 0 0 0 845 0 0 0 0 799 
134 105 0 161 65 135 122 1 194 102 178 164 51 237 109 104 99 4 157 87 138 156 0 201 67 
139 0 0 0 0 263 96 90 84 73 170 0 0 0 0 144 0 0 0 0 152 0 0 0 0 
0 0 0 0 0 79 58 76 67 73 0 0 0 0 0 156 124 148 155 144 0 0 0 0 0 
0 25 0 159 0 36 59 47 208 36 0 20 0 147 0 0 16 0 150 0 0 23 0 174 0 
77 67 85 116 122 32 0 40 52 37 15 0 60 60 56 76 38 97 107 95 14 0 54 46 46 
43 48 55 128 106 28 21 31 81 74 0 0 0 77 54 0 0 0 48 50 7 9 9 75 53 
0 12 66 0 0 81 110 191 89 94 0 11 74 0 0 54 73 169 52 59 0 5 66 0 0 
213 17 200 0 0 223 11 185 0 0 215 11 200 2 0 190 10 199 0 0 224 26 197 10 13 
296 99 329 124 205 357 151 391 178 243 336 188 417 210 288 198 25 196 45 135 235 70 273 58 108 
67 154 70 83 67 0 88 0 27 0 18 129 28 34 27 0 106 0 18 0 0 76 0 22 0 
0 0 37 0 63 43 51 93 51 133 64 84 100 59 134 0 0 37 0 72 0 0 53 0 72 
0 0 21 0 222 0 0 17 0 200 0 0 30 0 181 0 0 33 0 202 0 0 26 0 196 
0 0 0 63 0 0 0 0 75 0 62 65 50 162 53 0 0 0 69 0 108 94 100 188 98 
88 0 0 95 0 111 0 0 111 0 100 0 0 95 0 97 0 0 118 0 98 0 0 110 0 
0 21 66 60 0 106 174 189 175 113 157 199 220 197 137 27 65 106 99 24 75 128 118 127 56 
119 169 144 120 261 0 0 0 0 86 0 0 0 0 82 28 27 31 24 144 0 0 0 0 98 
142 252 157 142 158 0 132 0 0 0 99 213 96 100 89 2 109 0 0 7 111 216 86 86 99 
147 133 78 87 83 79 48 0 0 0 91 50 3 4 8 70 53 0 0 0 72 65 0 0 0 
0 115 0 0 0 34 157 44 48 55 0 119 0 0 0 63 174 72 73 56 0 106 0 0 0 
0 0 0 0 0 0 0 0 0 0 0 0 0 0 0 0 0 0 0 0 482 438 503 472 437 
0 0 37 0 0 73 77 91 75 87 0 0 31 0 0 77 75 85 59 79 19 25 59 22 26 
8 15 16 17 52 0 0 0 0 36 75 74 65 68 95 0 0 0 0 33 67 98 78 76 105 
0 0 0 146 0 0 0 0 115 0 0 0 0 150 0 0 0 0 153 0 86 83 88 222 94 
0 66 0 32 71 0 62 0 34 76 0 55 0 29 90 0 58 0 28 72 19 77 25 55 112 
0 112 0 0 0 0 108 0 0 0 0 106 0 0 0 0 96 0 0 0 97 184 99 105 92 
0 0 0 44 0 76 56 79 80 75 43 6 52 48 55 0 0 0 18 0 97 101 109 141 113 
0 0 118 56 0 44 47 159 107 50 0 0 106 40 0 0 0 91 39 0 0 0 128 35 0 
6 20 0 0 0 0 57 7 0 17 0 49 0 0 17 0 10 0 0 0 0 36 9 0 14 
59 0 0 0 0 125 62 61 76 68 99 20 17 19 15 129 47 46 52 41 57 0 0 0 0 
83 35 33 111 37 39 0 0 91 0 48 0 0 85 0 82 35 30 120 32 55 0 0 83 0 
0 0 61 43 0 0 0 53 43 0 101 99 145 132 96 0 0 58 47 0 0 0 65 42 0 
29 0 1 74 97 93 67 76 120 176 20 1 6 77 105 55 21 25 86 93 31 28 46 89 99 
3 7 49 100 10 0 0 57 98 0 53 32 128 142 61 28 42 83 138 38 0 0 45 88 0 
55 1 50 88 0 56 0 38 46 12 170 104 164 150 107 128 39 85 77 51 71 0 59 61 0 
41 0 54 0 58 39 0 60 0 53 27 0 67 0 72 93 51 105 66 104 30 0 57 0 54 
84 23 202 110 67 81 13 201 111 39 62 1 160 40 18 184 78 271 181 147 122 22 221 87 75 
6 71 126 18 122 149 202 281 135 239 34 119 181 53 168 0 40 132 1 119 97 132 209 105 210 
19 22 25 63 50 42 42 41 81 76 0 0 0 33 30 0 0 0 22 17 83 93 102 137 106 
19 31 1 83 1 29 48 0 104 0 78 74 40 131 55 25 38 0 106 0 40 34 0 79 0 
0 0 59 0 0 165 146 214 153 179 0 0 61 0 0 0 0 68 0 0 0 0 70 0 0 
11 7 0 0 68 14 2 0 0 58 62 63 53 46 119 24 21 15 12 74 87 117 90 82 130 
57 11 10 3 18 85 60 62 64 61 92 72 78 86 81 38 0 5 0 8 34 11 14 7 20 
17 103 76 17 32 0 93 68 5 6 0 76 52 0 20 0 84 54 4 12 54 140 112 47 95 
177 219 109 112 114 83 70 56 21 18 42 55 17 0 0 48 53 12 0 0 32 49 22 0 0 
95 0 0 6 0 83 0 0 26 0 99 0 0 28 0 100 0 0 0 0 122 15 23 46 29 
65 78 9 19 17 48 44 0 0 0 49 67 17 2 16 64 70 35 38 46 74 73 46 23 39 
38 74 43 71 29 0 59 11 42 16 2 48 11 46 19 0 42 12 31 13 39 103 64 97 78 
0 0 56 26 11 0 0 44 34 3 0 0 44 38 6 43 51 122 87 61 53 50 100 93 63 
29 40 28 22 33 0 0 0 0 0 72 61 58 62 61 0 0 0 0 0 125 108 104 119 112 
47 34 39 34 40 0 0 14 0 0 0 0 22 0 0 49 43 99 56 48 131 101 140 146 125 
34 41 109 53 57 3 7 60 18 20 59 53 128 55 57 0 0 45 0 0 0 4 60 21 17 
0 0 180 32 0 0 0 141 23 0 19 20 156 37 18 0 0 166 22 0 0 0 162 23 0 
46 120 0 0 0 100 169 68 54 65 103 197 30 27 15 103 196 55 67 58 40 109 0 0 0 
79 0 82 81 96 144 61 172 163 169 168 89 182 202 207 150 51 117 121 154 96 0 87 125 120 
104 140 81 70 83 16 60 3 0 0 88 170 75 56 63 47 96 36 19 21 26 80 0 0 0 
0 116 108 163 0 0 127 117 163 1 0 109 118 169 2 0 117 115 156 0 0 125 118 165 1 
14 0 0 133 0 9 0 0 96 0 91 69 87 189 84 10 0 0 98 0 21 0 1 106 1 
41 76 45 43 70 0 56 0 0 23 49 85 45 40 65 4 37 0 0 35 0 58 0 0 27 
107 109 19 65 69 147 192 64 78 155 107 131 62 68 106 70 69 1 22 53 196 231 89 117 139 
83 232 175 127 133 10 52 84 17 3 48 94 139 43 40 30 94 91 17 32 0 80 66 0 0 
5 27 10 4 74 3 29 23 0 105 0 14 16 8 55 58 87 79 47 169 27 35 35 31 101 
659 524 490 417 505 431 293 252 201 241 509 347 300 211 330 366 176 145 81 180 556 385 388 352 361 
92 64 2 3 0 169 155 70 73 83 75 85 0 0 0 103 87 20 16 19 65 57 0 0 0 
163 290 128 134 121 259 388 146 245 186 150 300 94 153 65 44 195 0 38 0 89 205 49 88 20 
0 0 0 0 53 0 0 0 0 59 0 0 0 0 73 0 0 0 0 61 141 171 154 168 196 
78 6 34 0 18 138 19 61 29 46 147 61 108 44 71 176 90 137 67 109 145 33 47 18 34 
150 0 0 54 0 159 0 0 56 0 142 0 0 40 0 176 0 0 46 0 156 0 0 41 0 
168 120 147 246 120 39 0 78 125 0 91 40 114 191 64 59 10 101 105 25 60 0 86 86 2 
0 0 50 62 0 80 57 106 104 62 0 0 44 42 0 65 54 103 90 54 47 29 96 83 34 
70 109 80 164 149 0 10 6 99 44 0 16 6 60 51 0 13 10 80 53 30 40 26 109 63 
111 118 88 24 11 165 164 149 98 116 101 88 70 25 13 222 190 190 115 109 132 143 122 25 48 
58 129 50 56 52 0 55 0 0 0 6 78 4 5 4 0 64 0 0 0 74 152 62 76 64 
0 0 0 21 0 0 0 0 23 0 0 0 0 18 0 0 0 0 21 0 184 199 222 236 221 
46 5 0 29 39 115 90 77 98 104 49 1 0 29 39 34 1 0 19 43 43 0 0 23 34 
57 6 57 127 108 27 1 27 117 99 90 24 54 147 126 37 0 44 109 107 138 104 146 231 220 
0 73 53 0 63 0 73 65 0 76 0 72 49 0 56 0 61 65 0 71 0 81 69 0 63 
46 22 56 39 33 73 53 92 57 54 20 16 36 19 13 55 45 103 71 49 7 0 32 0 0 
82 0 0 0 60 71 0 0 0 51 89 0 0 0 62 67 0 0 0 52 184 89 84 103 152 
79 110 16 122 99 75 139 19 129 113 47 82 0 121 72 209 260 162 239 187 117 176 76 150 141 
78 100 109 85 69 10 38 41 15 9 0 15 47 0 0 61 80 90 54 51 23 30 62 22 14 
0 0 0 141 36 0 0 0 159 28 27 29 17 157 51 0 0 0 153 34 0 0 0 138 38 
0 0 223 0 35 0 0 245 0 32 0 0 236 0 27 0 0 211 0 28 0 0 204 0 26 
0 0 0 138 12 136 121 113 303 157 0 0 0 157 12 98 109 100 229 99 0 0 0 126 7 
48 99 135 165 62 36 78 91 147 14 76 121 115 175 69 51 137 111 189 56 60 103 105 167 61 
0 0 0 1250 0 0 0 0 1223 0 0 0 0 1244 0 0 3 1 1329 0 0 0 0 1256 0 
195 0 0 0 0 197 13 18 17 20 178 0 0 0 0 196 0 0 0 0 166 0 0 0 0 
92 0 0 0 0 117 0 0 0 0 122 0 0 0 0 102 0 0 0 0 206 88 85 89 99 
0 0 1451 0 0 0 0 1466 0 0 0 0 1359 0 0 0 0 1473 0 0 0 0 1443 0 0 
