725 683 627 564 706 996 1065 943 946 963 650 661 545 648 748 1030 1002 932 944 1026 559 511 434 378 566 
209 164 193 183 166 0 0 0 0 0 124 90 132 104 121 0 0 0 0 0 0 0 0 0 0 
143 93 55 261 270 90 0 0 140 154 173 51 25 238 264 64 0 0 94 144 71 0 1 132 146 
159 0 138 172 166 259 47 231 241 261 330 143 304 331 354 256 58 175 231 232 159 0 145 209 184 
191 48 121 159 45 162 6 82 131 0 149 20 76 123 19 139 2 52 126 0 315 204 277 329 199 
116 8 22 0 92 92 5 11 0 107 200 97 105 84 172 161 69 98 56 152 223 106 128 100 235 
0 0 0 0 0 0 0 0 0 0 1047 1062 1013 1038 1078 0 0 0 0 0 0 0 0 0 0 
0 0 0 288 0 0 0 2 265 0 116 106 111 382 118 115 110 100 416 127 0 0 0 247 0 
16 13 15 185 6 0 0 0 181 0 36 50 37 195 31 0 0 0 162 0 4 6 3 182 3 
0 0 0 0 0 0 0 0 0 0 0 0 0 0 0 54 58 62 62 74 153 142 141 163 139 
77 92 73 61 161 0 14 0 0 110 0 6 0 0 106 0 4 0 0 110 82 77 81 71 174 
163 173 189 184 179 0 0 0 0 0 0 0 0 0 0 0 0 0 0 0 87 90 74 73 94 
0 0 0 0 0 0 0 0 0 0 0 0 0 0 0 433 437 426 412 422 194 178 181 189 204 
0 204 0 0 81 0 170 0 0 99 102 301 120 97 177 0 188 0 0 97 0 214 0 0 79 
802 0 0 0 0 800 0 0 0 0 795 0 0 0 0 826 0 0 0 0 840 0 0 0 0 
10 5 190 152 177 46 23 204 151 169 136 107 274 240 227 173 154 355 293 317 132 88 265 247 299 
74 113 66 129 66 51 65 62 108 67 0 38 0 43 0 37 81 39 72 38 0 39 0 38 0 
34 7 13 6 19 129 96 107 96 115 30 0 0 0 17 23 0 0 0 17 119 100 94 99 149 
0 0 145 0 0 0 0 134 0 0 0 0 146 0 0 152 138 254 118 133 0 0 140 0 0 
0 66 45 46 0 0 78 44 45 0 35 97 91 98 33 0 71 49 41 0 0 72 55 41 0 
0 0 0 1 164 151 114 131 143 243 129 119 121 113 241 0 1 0 0 131 64 92 119 82 206 
0 0 0 0 0 0 0 0 0 0 0 0 0 0 0 1040 1097 1109 1086 995 0 0 0 0 0 
0 19 52 149 0 0 20 57 131 0 0 19 56 149 0 0 18 54 161 0 0 17 58 170 0 
74 49 0 0 0 93 74 16 15 13 150 99 36 38 30 99 71 0 0 0 108 104 29 29 29 
84 146 90 173 165 12 51 25 84 82 11 63 24 91 95 0 50 0 67 73 0 38 0 63 72 
130 112 152 61 8 131 150 223 77 2 312 311 378 323 224 128 117 171 75 0 315 228 358 225 154 
79 17 23 99 18 72 0 0 107 0 198 149 135 213 122 64 0 0 99 0 105 51 48 168 32 
134 108 52 45 42 160 127 62 67 43 74 61 14 0 0 116 90 23 13 15 106 79 10 0 0 
0 0 174 67 0 0 0 201 68 0 0 0 252 73 0 0 0 206 62 0 0 0 189 53 0 
128 168 173 121 120 0 57 77 0 0 0 50 72 1 0 38 64 95 32 38 0 51 99 0 0 
75 57 83 84 72 113 136 126 131 115 30 46 57 43 44 0 0 0 0 0 0 0 0 0 0 
0 0 0 165 0 0 0 0 176 0 232 235 220 413 244 0 0 0 171 0 0 0 0 158 0 
0 0 0 0 0 143 136 173 129 135 0 0 0 0 0 0 0 0 0 0 77 55 63 62 81 
131 2 6 88 54 149 45 60 128 110 239 87 105 178 160 99 0 0 88 47 219 83 98 179 129 
0 98 0 0 0 0 88 0 0 0 0 69 0 0 0 114 154 81 132 86 49 137 45 47 52 
0 0 94 0 0 85 85 176 104 104 0 0 92 0 0 7 9 97 2 8 14 12 82 9 15 
300 270 201 297 140 132 108 77 117 1 102 95 76 108 0 308 297 198 316 137 182 148 107 165 7 
0 0 0 0 0 35 39 34 22 26 0 0 0 0 0 80 77 83 79 120 126 111 113 122 151 
0 230 0 203 0 0 187 0 203 0 7 205 5 202 5 0 192 0 198 0 0 207 0 212 0 
0 43 0 121 0 0 48 0 128 0 0 49 0 144 0 67 144 74 204 73 0 54 0 126 0 
0 0 0 0 72 80 70 76 59 131 83 71 73 77 123 0 0 0 0 80 0 0 0 0 74 
107 288 343 71 205 25 201 248 20 145 94 279 358 64 215 133 332 341 125 247 207 357 389 173 277 
0 45 33 0 80 19 60 45 13 86 28 79 87 38 79 0 59 26 0 64 0 60 27 0 69 
114 99 111 123 123 15 0 0 38 0 13 0 0 38 0 19 0 0 47 0 87 65 57 112 78 
90 0 75 0 0 86 0 81 0 0 151 63 128 63 67 125 19 92 18 13 87 0 99 0 0 
0 18 81 0 96 0 12 69 0 107 0 16 74 0 106 0 13 91 0 133 0 13 69 0 101 
15 56 155 81 21 58 74 152 99 43 0 40 122 38 0 49 73 166 119 47 0 25 110 61 0 
0 74 0 0 0 0 72 0 0 0 142 254 126 145 132 0 102 0 0 0 17 88 20 28 26 
0 0 0 87 0 76 83 58 151 101 0 0 0 80 0 0 0 0 98 0 94 77 69 176 76 
65 0 117 54 0 69 0 124 61 0 70 1 106 59 0 56 0 121 64 0 57 0 116 45 0 
87 54 0 34 0 112 82 17 62 24 106 92 0 30 0 130 57 0 46 0 97 68 0 41 0 
0 0 0 0 24 207 196 192 206 222 0 0 0 0 34 0 0 0 0 31 0 0 0 0 38 
115 56 75 135 96 74 45 61 132 87 29 0 0 64 14 39 0 0 58 13 49 11 13 75 32 
32 55 10 7 11 17 48 0 0 0 24 84 0 0 0 136 188 144 136 128 30 75 0 0 0 
0 0 0 21 0 192 179 206 204 170 0 0 0 23 0 0 0 0 24 0 0 0 0 21 0 
75 85 147 144 94 0 0 53 65 0 0 0 79 62 0 0 0 71 56 0 0 0 65 63 0 
62 56 58 48 68 41 0 0 0 11 76 62 48 48 72 30 0 0 0 22 92 49 45 49 60 
0 0 25 0 69 9 6 36 12 89 0 0 34 0 70 10 7 43 8 95 81 75 114 64 153 
55 102 137 64 70 28 74 94 26 25 0 30 70 0 0 0 35 71 0 0 0 36 66 0 0 
0 0 116 0 0 0 0 95 0 0 84 122 223 121 113 0 0 91 0 0 0 0 112 0 0 
95 108 35 55 126 35 42 0 0 79 39 56 0 0 63 41 45 0 0 67 56 42 0 0 72 
0 48 0 22 36 59 115 57 79 94 0 59 0 27 38 0 55 0 38 40 26 65 22 53 63 
8 5 93 1 8 0 0 83 0 0 0 0 79 0 0 35 39 117 27 29 69 64 135 53 79 
0 0 0 51 75 88 81 63 117 163 0 0 0 49 73 0 0 0 36 84 0 0 0 46 73 
109 201 96 89 108 25 133 0 0 0 31 144 6 11 9 22 91 0 0 0 25 97 2 3 0 
50 25 95 34 97 19 0 34 6 65 10 0 39 0 79 17 0 44 0 65 8 0 42 0 71 
50 0 10 0 3 53 0 3 0 0 75 36 51 41 60 85 42 44 27 21 160 114 96 140 114 
56 34 117 48 46 25 0 81 0 0 20 0 77 0 0 23 0 70 0 0 59 36 110 33 35 
0 62 65 0 0 0 66 48 0 0 21 104 70 21 21 32 109 56 40 41 0 62 55 0 0 
27 0 84 0 36 63 43 116 39 74 21 0 81 0 14 25 0 82 0 19 30 0 92 0 21 
0 2116 0 0 0 0 2188 0 0 0 0 2062 0 0 0 0 2125 0 0 0 0 2058 0 0 0 
40 190 130 28 16 105 280 235 116 83 0 192 125 2 0 41 246 177 89 64 5 203 92 3 0 
83 133 116 0 0 72 152 136 0 0 85 154 138 0 0 99 156 146 0 0 69 155 149 0 0 
0 70 0 82 0 74 146 56 164 77 53 129 39 148 41 0 71 0 104 0 0 95 0 97 0 
0 0 0 0 0 1280 1251 1239 1205 1272 0 0 0 0 0 0 0 0 0 0 0 0 0 0 0 
0 0 81 126 0 0 0 77 108 0 0 0 82 130 0 0 0 83 128 0 0 0 74 133 0 
174 73 65 105 53 187 68 59 121 85 114 0 0 58 0 95 0 0 42 0 101 0 0 56 0 
0 131 0 0 86 0 146 0 0 79 0 165 0 0 101 0 139 0 0 74 0 158 0 0 112 
148 243 173 236 101 75 145 25 106 0 285 375 231 369 143 98 232 86 180 27 187 303 250 265 132 
100 79 290 293 89 0 0 196 192 0 103 106 282 298 94 0 0 159 197 7 13 8 211 198 29 
143 120 113 148 279 6 27 3 13 180 12 15 11 10 180 228 243 186 198 397 252 277 248 257 420 
0 68 0 0 0 0 49 0 0 0 0 66 0 0 0 7 63 4 7 4 162 203 162 135 160 
80 30 53 30 69 68 6 22 0 60 66 9 35 0 47 127 11 32 0 53 190 140 145 120 195 
201 63 0 101 0 205 68 0 96 0 205 50 0 101 0 189 63 0 108 0 197 52 0 110 0 
63 0 0 0 0 69 0 0 0 0 69 0 0 0 0 217 140 154 148 148 52 0 0 0 0 
0 0 1465 0 0 0 0 1479 0 0 0 0 1364 0 0 0 0 1480 0 0 0 0 1454 0 0 
74 6 11 46 21 97 60 56 87 74 92 67 65 67 71 53 26 18 59 31 54 0 0 26 11 
127 139 141 90 194 0 0 9 0 49 62 77 73 66 117 0 0 21 0 55 0 0 18 0 62 
43 87 0 115 0 146 190 102 225 94 116 133 85 216 95 60 80 0 105 0 41 74 0 113 0 
86 94 100 95 143 94 98 74 88 105 0 25 0 0 44 0 20 0 0 30 53 75 58 52 93 
0 74 0 0 0 27 144 34 34 29 34 157 39 45 39 24 136 26 28 38 42 132 46 40 52 
33 11 41 34 0 101 67 111 110 61 42 20 47 37 0 46 8 44 33 0 41 19 37 39 0 
138 0 0 0 0 126 0 0 0 0 203 81 99 100 98 119 0 0 0 0 136 0 1 0 0 
0 0 0 0 839 0 0 0 0 801 0 0 0 0 853 0 0 0 0 847 0 0 0 0 780 
137 153 0 178 50 140 152 0 192 90 182 209 38 274 135 120 144 0 216 88 126 163 8 234 58 
128 0 0 0 0 263 100 91 80 78 163 0 0 0 0 145 0 0 0 0 151 0 0 0 0 
0 0 0 0 0 72 55 70 66 70 0 0 0 0 0 144 120 139 142 140 0 0 0 0 0 
0 22 0 148 0 33 58 49 193 33 0 20 0 136 0 0 16 0 148 0 0 20 0 166 0 
154 63 148 103 172 95 0 93 46 64 83 0 115 50 79 199 103 188 142 152 65 1 60 52 68 
51 57 60 151 121 30 25 33 90 78 0 0 0 83 62 0 0 0 54 53 7 12 11 84 63 
0 11 70 0 0 88 113 200 94 100 0 14 71 1 0 62 83 190 63 70 0 6 68 0 0 
203 9 195 0 0 200 0 176 0 0 200 5 187 4 1 174 1 182 0 0 208 21 176 7 9 
295 108 313 106 172 324 154 383 166 222 330 157 362 199 259 194 16 213 39 116 206 45 242 20 120 
67 156 74 90 69 0 95 0 29 0 19 135 28 34 28 0 107 0 17 0 0 81 0 22 0 
0 0 33 0 58 35 46 78 43 113 55 74 89 53 121 0 0 33 0 61 0 0 49 0 58 
0 0 24 0 219 0 0 21 0 220 0 0 33 0 209 0 1 31 0 220 0 0 29 0 226 
0 0 0 55 0 0 0 0 65 0 60 61 48 151 46 0 0 0 63 0 90 85 91 167 94 
100 0 0 110 0 130 1 0 132 0 117 0 0 108 0 111 0 0 132 0 114 0 0 130 0 
2 41 64 78 1 101 160 168 199 107 160 214 220 222 146 15 60 87 95 6 38 89 98 125 30 
117 132 127 117 240 0 0 0 0 82 0 0 0 0 74 25 27 28 25 109 0 0 0 0 84 
145 267 156 143 151 0 143 0 0 0 92 220 97 105 82 3 131 0 0 2 109 240 94 91 99 
136 127 76 78 79 77 45 0 0 0 85 49 4 4 8 63 47 0 0 0 71 57 0 0 0 
0 125 0 0 0 45 179 62 57 76 0 141 0 0 0 67 214 93 101 73 0 126 0 0 0 
0 0 0 0 0 0 0 0 0 0 0 0 0 0 0 0 0 0 0 0 434 421 451 429 398 
0 0 37 0 0 73 79 92 74 87 0 0 31 0 0 77 75 84 59 79 19 25 58 22 27 
8 15 16 17 52 0 0 0 0 36 80 79 71 69 99 0 0 0 0 33 68 98 78 76 105 
0 0 0 136 0 0 0 0 124 0 0 0 0 148 0 0 0 0 151 0 80 75 82 215 89 
1 68 0 32 70 0 64 0 37 74 1 55 0 35 87 0 60 0 31 71 19 78 24 55 107 
0 116 0 0 0 0 112 0 0 0 0 107 0 0 0 0 96 0 0 0 97 194 104 105 93 
0 13 1 21 0 80 73 91 73 84 69 45 64 53 70 0 0 0 0 0 115 123 118 128 111 
0 0 117 55 0 43 45 155 106 50 0 0 102 39 0 0 0 89 38 0 0 0 126 35 0 
59 0 0 0 0 126 62 61 76 69 99 20 18 19 15 131 46 46 52 41 58 0 0 0 0 
83 34 33 111 37 39 0 0 91 0 48 0 0 85 0 83 35 30 120 32 55 0 0 83 0 
0 0 27 40 0 0 0 4 33 0 120 116 91 125 112 0 0 23 30 0 1 0 19 33 0 
29 0 0 65 78 92 55 60 123 166 18 0 0 74 85 37 13 15 56 69 23 31 41 74 84 
3 6 52 104 7 0 0 46 73 0 47 29 103 119 45 28 38 69 115 38 0 0 50 77 0 
45 5 39 38 10 36 5 33 36 17 103 63 99 93 72 58 17 38 43 15 44 0 40 39 3 
44 0 62 0 68 39 0 65 0 58 30 0 71 0 87 103 59 124 69 120 32 0 66 0 66 
102 19 170 111 46 88 18 157 117 42 86 0 158 36 15 217 77 261 160 148 105 32 194 102 53 
13 94 199 41 141 160 200 321 124 296 35 119 241 51 190 0 49 169 1 136 99 153 271 141 260 
22 23 26 68 61 46 45 48 92 94 0 0 0 35 33 0 0 0 25 22 86 106 110 146 120 
23 39 0 114 0 38 56 0 128 0 102 87 50 159 64 36 46 0 121 1 53 34 0 99 0 
0 0 55 0 0 172 150 226 157 185 0 0 70 0 0 0 0 79 0 0 0 0 67 0 0 
13 5 0 0 88 17 0 0 0 84 86 80 69 51 160 29 18 22 12 117 122 166 130 137 196 
86 19 15 11 29 132 74 80 82 88 149 108 106 113 114 65 0 7 0 20 44 12 16 9 34 
19 103 78 15 38 0 89 71 7 8 0 72 44 0 19 0 86 54 5 15 47 130 106 42 86 
145 188 98 94 99 76 63 43 20 19 36 51 16 0 0 43 49 14 0 0 34 46 14 0 0 
64 88 15 22 19 52 47 0 0 0 54 73 15 8 18 71 71 39 41 55 88 78 49 31 48 
37 74 41 71 29 0 62 11 42 14 0 51 11 45 19 0 42 13 30 13 36 104 63 97 78 
0 0 56 27 11 0 0 44 35 3 0 0 44 40 6 43 53 122 94 61 54 50 100 93 63 
28 38 25 21 31 0 0 0 0 0 71 59 56 62 55 0 0 0 0 0 119 106 98 113 107 
39 27 33 31 38 0 0 14 0 0 0 0 18 0 0 46 40 74 51 45 108 86 121 120 107 
37 45 109 51 52 2 0 56 4 0 62 54 131 56 40 0 0 53 0 0 0 5 61 17 0 
0 0 180 32 0 0 0 141 23 0 19 20 156 37 18 0 0 166 23 0 0 0 162 23 0 
52 92 0 0 0 80 110 52 36 33 82 139 21 17 10 91 156 48 42 48 50 86 0 0 0 
98 132 74 60 67 13 49 2 0 0 87 147 73 55 69 45 76 31 17 15 29 61 0 0 0 
0 117 110 168 0 0 130 123 171 0 0 113 126 169 0 0 119 118 161 1 0 128 121 169 2 
16 0 0 183 0 11 0 0 125 0 135 95 120 254 105 16 0 0 157 0 28 1 0 137 1 
145 166 14 86 128 162 247 76 77 179 158 198 77 82 126 98 125 9 25 85 256 314 131 171 203 
81 196 151 100 115 7 55 79 15 4 43 95 112 33 33 32 83 65 16 25 0 69 59 0 0 
6 39 13 0 88 15 37 29 0 111 0 22 13 4 65 70 91 87 58 184 38 48 40 22 114 
627 479 479 405 440 472 259 288 202 248 449 284 330 190 248 391 155 169 90 133 522 314 378 310 321 
88 67 1 3 0 178 179 83 86 98 71 88 0 0 0 102 98 27 19 21 75 72 0 0 0 
163 296 124 119 130 228 386 149 246 191 96 263 61 108 65 21 202 0 29 0 89 246 62 86 51 
0 0 0 0 54 0 0 0 0 66 0 0 0 0 76 0 0 0 0 63 155 180 157 172 205 
69 2 45 0 14 146 16 54 35 36 144 69 121 64 65 170 89 136 66 100 138 31 51 20 27 
150 0 0 54 0 156 0 0 55 0 141 0 0 40 0 168 0 0 46 0 149 0 0 41 0 
170 136 141 243 136 38 3 97 129 5 82 28 122 186 55 44 6 102 105 31 49 0 76 106 2 
71 131 89 208 192 0 10 5 102 52 0 14 4 74 73 0 16 15 100 80 28 47 38 121 64 
84 84 69 90 20 128 136 131 123 95 56 57 52 65 1 164 151 171 151 96 126 125 146 102 76 
60 134 54 57 59 0 57 0 0 0 3 82 1 1 3 0 64 0 0 0 78 158 68 83 68 
0 0 0 16 0 0 0 0 20 0 0 0 0 19 0 0 0 0 19 0 171 191 218 218 216 
30 0 0 7 35 93 86 77 74 100 20 1 0 0 31 13 0 0 0 38 27 0 0 0 32 
48 5 39 112 97 25 2 37 96 81 68 26 54 135 116 25 0 38 100 82 140 90 117 198 214 
0 91 73 0 80 0 90 80 0 94 0 115 59 0 79 0 96 86 0 99 0 114 79 0 96 
47 23 61 40 37 74 54 99 58 60 22 17 36 20 14 58 43 107 73 50 9 0 38 0 0 
82 0 0 0 54 66 0 0 0 50 87 0 0 0 59 65 0 0 0 52 183 91 84 97 150 
110 168 41 144 141 79 165 22 164 137 44 122 4 143 85 213 274 166 273 226 126 213 117 207 163 
79 89 100 80 65 9 38 44 13 9 0 14 45 0 0 59 70 88 53 46 22 29 56 20 13 
0 0 0 159 43 0 0 0 177 29 31 33 18 171 58 0 0 0 175 37 0 0 0 150 42 
0 0 0 154 14 167 155 142 368 182 1 0 0 179 18 132 129 125 285 121 0 0 0 150 9 
32 131 126 145 49 17 93 115 160 28 73 120 150 162 51 38 179 158 205 91 70 106 135 206 48 
0 0 0 1273 0 0 1 0 1281 0 0 0 0 1304 0 0 1 3 1370 1 0 0 0 1316 0 
204 0 0 0 0 218 14 20 17 21 196 0 0 0 0 209 0 0 0 0 182 0 0 0 0 
92 0 0 0 0 117 0 0 0 0 122 0 0 0 0 102 0 0 0 0 206 88 85 89 99 
233 39 78 34 54 146 0 14 3 4 293 95 109 91 98 274 159 202 176 150 273 83 112 61 93 
4 19 0 0 0 1 40 1 0 0 0 0 0 0 0 0 0 0 0 16 0 0 0 0 0 
75 108 190 149 118 0 0 84 0 0 0 0 89 0 0 0 0 66 0 0 207 220 299 254 237 
3 4 0 86 209 123 136 136 220 357 2 26 0 84 251 0 7 0 80 241 110 135 117 175 315 
14 11 87 5 217 7 0 58 5 176 119 91 170 112 281 147 142 222 165 335 3 1 67 2 185 
159 302 314 270 99 191 272 351 248 114 186 299 337 261 152 84 199 281 149 59 88 232 234 168 40 
95 0 0 21 0 81 0 0 0 0 98 0 0 0 0 100 0 0 0 0 121 15 21 30 27 
0 0 198 0 36 0 0 226 0 31 0 0 193 0 26 0 0 183 0 21 0 0 176 0 29 
0 0 57 59 0 68 59 110 105 65 0 0 38 39 0 73 57 119 100 45 46 35 90 82 32 
64 82 46 47 72 6 63 0 0 35 55 95 54 46 81 6 40 0 0 36 10 75 8 11 41 
0 0 0 33 0 74 63 45 92 54 0 0 0 20 0 45 41 62 88 47 43 48 44 92 40 
0 0 4 0 8 0 0 0 0 0 11 0 0 0 0 0 0 0 0 0 0 0 0 0 0 
0 0 2 0 0 0 0 0 0 0 0 0 2 1 0 0 0 0 17 0 0 0 0 1 0 
605 596 624 659 609 0 0 0 0 0 0 0 0 0 0 0 0 0 0 0 0 0 0 0 0 
