812 814 710 683 760 1042 1109 1059 989 1093 678 686 592 614 752 1013 1043 948 1024 1008 619 615 489 453 671 
187 154 191 159 158 0 0 0 0 0 128 77 122 100 117 0 0 0 0 0 0 3 0 0 0 
127 40 42 174 219 91 0 0 174 177 188 83 65 301 294 87 0 0 119 157 83 0 0 140 123 
0 0 64 78 1 89 56 116 135 85 4 4 50 51 2 69 63 122 127 65 61 32 110 113 45 
125 28 69 106 28 120 14 64 82 0 105 20 71 98 15 112 2 43 85 0 237 160 230 252 151 
114 8 28 0 107 108 11 22 0 132 210 91 116 92 197 179 78 110 65 181 238 129 147 130 272 
0 0 0 0 0 0 0 0 0 0 1033 1042 994 1023 1082 0 0 0 0 0 0 0 0 0 0 
0 0 0 324 0 0 0 0 286 0 121 136 127 441 130 135 127 117 475 148 0 0 0 283 0 
16 8 14 188 5 0 0 0 204 0 38 48 41 199 33 0 0 0 165 0 5 7 3 192 3 
0 0 0 0 0 0 0 0 0 0 0 0 0 0 0 67 69 65 75 86 183 163 156 197 175 
80 87 64 57 178 0 12 0 0 102 0 3 0 0 118 0 7 0 0 110 72 83 84 61 170 
137 141 146 151 157 0 0 0 0 0 0 0 0 0 0 0 0 0 0 0 83 80 64 67 80 
0 0 0 0 0 0 0 0 0 0 0 0 0 0 0 430 432 422 408 422 191 180 179 189 201 
0 211 0 0 84 0 181 0 0 94 129 340 158 137 219 0 193 0 0 107 0 228 0 0 78 
815 0 0 0 0 808 0 0 0 0 795 0 0 0 0 831 0 0 0 0 831 0 0 0 0 
9 4 192 111 156 30 9 193 121 167 110 109 284 213 223 161 177 366 336 295 110 75 262 195 273 
68 108 71 119 66 51 73 61 102 58 0 39 0 43 0 35 82 43 75 32 0 35 0 32 0 
44 10 18 7 21 152 115 124 115 137 32 0 0 0 17 23 0 0 0 21 138 118 112 124 166 
0 0 128 0 0 0 0 123 0 0 0 0 131 0 0 140 118 244 109 116 0 0 153 0 0 
0 64 43 46 0 0 81 43 45 0 35 96 89 95 33 0 70 47 48 0 0 69 55 42 0 
1 3 4 5 139 142 120 110 155 242 141 136 128 120 219 0 9 0 0 108 82 84 96 91 196 
0 0 0 0 0 0 0 0 0 0 0 0 0 0 0 1025 1088 1107 1061 1011 0 0 0 0 0 
0 18 52 136 0 0 17 52 115 0 0 18 46 144 0 0 17 50 141 0 0 15 54 139 0 
80 50 0 0 0 105 80 19 15 14 159 93 42 38 35 114 66 0 0 0 110 97 23 25 35 
69 110 82 158 146 6 48 17 60 74 13 42 21 70 85 0 34 0 55 68 0 32 0 61 68 
143 138 138 100 1 130 173 191 120 1 358 361 400 339 216 144 154 162 101 0 340 280 352 280 160 
68 6 11 99 12 70 0 0 115 0 217 150 142 236 138 64 0 0 109 0 100 45 41 179 35 
124 111 50 52 33 167 115 50 69 40 70 65 14 0 0 93 82 17 13 16 94 57 14 0 0 
0 0 149 59 0 0 0 156 57 0 0 0 198 56 0 0 0 186 49 0 0 0 144 45 0 
123 155 166 127 108 0 49 66 0 0 0 49 63 0 0 37 67 89 31 31 0 44 102 0 0 
74 61 76 78 66 111 130 120 145 122 27 46 50 46 41 0 0 0 0 0 0 0 0 0 0 
0 0 0 174 0 0 0 0 183 0 224 224 212 405 209 0 0 0 177 0 0 0 0 163 0 
0 0 1 0 0 155 159 191 142 150 0 0 0 0 0 0 0 0 0 0 77 63 71 74 91 
99 8 0 49 46 118 29 37 85 82 180 64 75 112 131 73 0 0 51 33 162 58 68 115 101 
0 80 0 0 0 0 82 0 0 0 0 72 0 0 1 130 165 92 130 103 59 146 53 63 61 
0 0 103 0 0 95 92 206 114 117 0 0 95 0 0 7 9 104 4 8 15 12 91 11 17 
274 250 197 276 114 132 101 69 105 0 92 96 66 98 0 294 259 181 289 128 163 139 81 148 0 
0 0 0 0 0 31 36 30 19 22 0 0 0 0 0 59 67 68 65 92 102 94 97 97 127 
0 229 0 211 0 0 185 0 198 0 9 210 7 211 5 0 192 0 201 0 0 207 0 215 0 
0 45 0 132 0 0 53 0 157 0 0 48 0 148 0 79 162 82 237 88 0 66 0 147 0 
0 0 0 0 79 81 76 83 64 145 96 79 81 87 140 0 0 0 0 80 0 0 0 0 88 
110 275 318 51 220 38 194 237 0 166 100 292 349 90 241 132 321 336 122 275 226 342 392 154 283 
0 51 33 0 83 20 66 48 17 98 34 89 102 39 82 0 59 31 0 72 0 68 29 0 70 
119 108 124 149 135 17 0 0 38 0 13 0 0 45 0 15 0 0 48 0 97 78 66 127 92 
72 0 66 0 0 65 0 77 0 0 118 54 113 51 53 103 19 82 13 12 70 0 74 0 0 
0 18 81 0 96 0 12 69 0 107 0 16 74 0 106 0 14 91 0 133 0 13 69 0 101 
33 72 169 105 36 78 98 175 130 67 0 53 123 40 0 55 92 180 127 56 0 31 112 72 0 
0 69 0 0 0 0 78 0 0 0 122 239 113 148 134 0 98 0 0 0 15 78 18 26 30 
0 0 0 71 0 61 64 51 123 81 0 0 0 70 0 0 0 0 80 0 71 63 57 147 61 
51 0 92 49 0 57 0 112 54 0 60 0 96 50 0 46 0 106 54 0 44 0 100 46 0 
86 61 0 35 0 114 90 18 55 29 106 96 0 30 0 124 59 0 43 0 97 68 0 37 0 
0 0 0 0 26 206 195 206 214 231 0 0 0 0 38 0 0 0 0 33 0 0 0 0 36 
89 46 56 109 77 57 37 49 96 67 24 0 0 52 10 27 0 0 48 11 37 12 8 56 27 
29 68 9 6 11 20 53 0 0 0 21 86 0 0 0 162 195 143 141 131 30 87 0 0 0 
0 0 0 21 0 186 170 197 198 164 0 0 0 23 0 0 0 0 22 0 0 0 0 19 0 
89 107 166 189 111 0 0 69 78 0 0 0 89 70 0 0 0 79 70 0 0 0 69 71 0 
70 61 63 50 73 44 0 0 0 11 79 67 54 51 83 30 0 0 0 21 100 51 47 53 62 
0 0 25 0 69 9 6 36 12 89 0 0 34 0 70 10 7 43 8 95 81 75 114 64 153 
588 592 608 640 591 0 0 0 0 0 0 0 0 0 0 0 0 0 0 0 0 0 0 0 0 
60 131 158 89 78 35 90 108 32 31 0 35 79 0 0 0 43 86 0 0 0 49 72 0 0 
0 0 123 0 0 0 0 105 0 0 85 132 236 129 125 0 0 98 0 0 0 0 118 0 0 
114 136 44 58 158 47 50 0 0 96 48 67 0 0 75 51 44 0 0 85 81 47 0 0 103 
0 56 0 30 47 69 140 65 94 105 0 63 0 36 43 0 61 0 48 45 30 74 26 67 77 
8 6 98 5 11 0 0 87 0 0 0 0 81 0 0 36 39 119 27 29 75 78 150 59 83 
0 0 0 55 80 104 87 69 127 180 0 0 0 54 78 0 0 0 39 86 0 0 0 53 78 
93 165 76 71 83 21 105 0 0 0 29 111 6 7 8 21 72 0 0 0 24 79 1 0 0 
68 31 97 42 103 17 0 40 5 66 16 0 41 0 78 16 0 47 0 64 12 0 39 9 71 
43 18 17 0 6 48 0 0 0 0 57 47 52 41 54 91 63 55 38 47 135 104 101 126 107 
54 30 112 48 44 26 0 79 0 0 20 0 73 0 1 21 0 67 0 0 59 21 95 25 18 
11 0 18 0 4 3 0 0 0 0 0 3 0 12 0 10 0 0 0 0 8 0 0 0 0 
0 62 65 0 0 0 70 43 0 0 17 103 78 20 21 32 109 55 40 42 0 61 49 0 0 
9 0 0 17 0 0 36 0 10 0 1 14 0 0 0 0 0 0 0 0 0 0 0 0 0 
30 0 91 0 45 64 43 124 39 80 25 0 85 0 29 37 10 99 5 36 31 0 99 0 28 
0 2145 0 0 0 0 2175 0 0 0 0 2074 0 0 0 0 2121 0 0 0 0 2076 0 0 0 
30 148 158 10 12 88 240 233 87 73 7 140 154 4 0 42 225 173 91 59 0 156 119 0 0 
64 113 103 0 0 52 138 126 0 0 95 130 124 0 0 70 137 110 0 0 72 122 120 0 0 
0 122 0 125 0 89 189 75 195 110 66 167 31 173 55 0 103 0 124 0 0 128 0 96 0 
0 0 0 0 0 1285 1229 1230 1186 1266 0 0 0 0 0 0 0 0 0 0 0 0 0 0 0 
0 0 102 147 0 0 0 90 121 0 0 0 93 145 0 0 0 95 142 0 0 0 84 144 0 
171 54 49 106 44 167 55 78 123 79 103 0 0 50 0 98 0 0 48 0 98 0 0 53 0 
0 116 0 0 80 0 146 0 0 74 0 155 0 0 90 0 133 0 0 64 0 146 0 0 101 
141 223 126 196 87 91 140 35 113 0 261 350 215 329 156 96 204 106 166 44 159 278 193 253 134 
107 80 281 286 100 0 0 175 185 0 121 108 250 276 97 0 0 125 158 1 27 19 192 174 39 
146 111 109 139 245 6 24 4 5 160 5 12 7 6 152 214 214 167 184 355 216 251 238 207 372 
0 64 0 0 0 0 54 0 0 0 0 69 0 0 0 7 64 5 8 3 168 215 177 140 165 
52 28 37 11 47 43 14 26 0 38 39 10 33 0 31 69 14 29 0 43 111 102 89 82 122 
207 73 0 102 0 210 71 0 107 0 209 55 0 108 0 197 67 2 114 1 202 51 0 116 0 
55 0 0 0 0 62 0 0 0 0 64 0 0 0 0 202 133 145 145 141 52 0 0 0 0 
152 300 324 224 73 192 284 353 216 90 194 306 338 241 160 94 214 279 117 2 101 196 292 178 23 
78 5 11 51 26 109 69 60 109 70 96 77 61 83 84 66 27 23 74 33 63 0 0 27 16 
134 147 151 119 219 0 0 8 0 51 63 96 86 66 138 0 0 20 0 56 0 0 16 0 61 
40 87 0 90 0 144 186 97 186 83 101 122 69 162 75 51 83 0 86 0 37 74 0 92 0 
96 106 113 104 143 107 96 92 96 116 0 23 0 0 53 0 23 0 0 31 58 75 72 60 102 
0 84 0 0 0 32 149 37 34 33 38 151 40 34 38 33 134 25 30 37 43 136 47 38 56 
19 9 41 25 0 91 70 112 96 63 30 20 47 23 0 29 9 44 17 0 32 19 37 28 0 
155 0 0 0 0 142 0 0 0 0 238 91 113 116 121 135 0 0 0 0 151 0 0 0 0 
0 0 0 0 825 0 0 0 0 781 0 0 0 0 843 0 0 0 0 831 0 0 0 0 768 
122 95 0 168 62 118 104 0 173 76 176 170 52 233 112 111 92 0 171 70 135 132 0 198 66 
125 0 0 0 0 259 103 89 82 69 152 0 0 0 0 149 0 0 0 0 149 0 0 0 0 
0 0 0 0 0 73 58 73 68 70 0 0 0 0 0 145 117 139 148 138 0 0 0 0 0 
0 22 0 145 0 40 63 51 188 34 0 19 0 128 0 0 16 0 138 0 0 20 0 160 0 
74 55 89 106 121 41 0 59 58 41 25 0 61 57 49 82 50 96 111 106 14 1 51 55 40 
43 48 55 128 107 29 23 32 83 77 0 0 0 77 55 0 0 0 49 50 7 10 9 76 53 
0 9 62 0 0 78 95 172 80 92 0 9 64 1 0 55 81 169 50 59 0 6 57 0 0 
204 16 191 0 0 207 10 178 0 0 206 10 191 4 1 181 7 191 0 0 216 26 189 10 9 
303 92 307 121 204 279 121 316 140 209 320 159 370 189 259 199 26 197 47 124 218 63 247 41 134 
78 171 80 97 84 0 94 0 26 0 22 146 29 40 34 0 119 0 20 0 0 87 0 25 0 
0 0 33 0 58 35 46 78 44 113 54 74 89 53 120 0 0 33 0 61 0 0 49 0 58 
0 0 18 0 226 0 0 20 0 222 0 0 34 0 185 0 0 29 0 206 0 0 25 0 211 
0 0 0 46 0 0 0 0 52 0 54 59 45 140 45 0 0 0 59 0 85 78 82 154 86 
102 0 0 106 0 123 0 0 127 0 112 0 0 104 0 111 0 0 134 0 108 0 0 123 0 
8 25 73 84 0 108 171 181 192 113 167 194 226 224 141 0 55 95 98 20 63 93 106 121 50 
120 156 146 124 266 0 0 0 0 101 0 0 0 0 86 24 30 34 28 138 0 0 0 0 99 
155 270 167 152 170 0 135 0 0 0 90 223 111 101 100 1 114 2 0 2 119 243 100 90 112 
153 145 80 79 83 81 48 0 0 0 91 50 5 4 8 68 52 0 0 0 80 63 0 0 0 
0 115 0 0 0 39 171 57 59 61 0 131 0 0 0 64 202 88 93 75 0 122 0 0 0 
0 0 0 0 0 0 0 0 0 0 0 0 0 0 0 0 0 0 0 0 441 424 453 435 415 
0 0 37 0 0 73 79 92 75 87 0 0 31 0 0 77 75 85 59 79 19 25 59 22 26 
8 16 16 19 55 0 0 0 0 38 88 89 84 76 108 0 0 0 0 35 71 106 80 81 116 
0 0 0 143 0 0 0 0 137 0 0 0 0 173 0 0 0 0 167 0 92 83 93 233 96 
0 68 0 34 72 3 64 0 39 74 0 56 0 36 91 0 58 0 31 73 19 78 25 56 113 
0 112 0 0 0 0 107 0 0 0 0 106 0 0 0 0 96 0 0 0 97 185 99 105 92 
0 0 0 26 0 81 60 82 79 72 54 11 40 40 37 0 0 0 19 0 94 83 104 137 96 
0 0 117 55 0 43 45 155 106 50 0 0 102 39 0 0 0 89 38 0 0 0 126 35 0 
59 0 0 0 0 126 62 61 76 69 99 20 18 20 15 131 47 46 51 41 58 0 0 0 0 
83 35 33 111 37 39 0 0 91 0 48 0 0 85 0 83 35 30 120 32 55 0 0 83 0 
0 0 63 43 0 0 0 55 43 0 101 99 149 132 97 0 0 62 47 0 0 0 66 42 0 
38 0 1 83 104 96 76 68 138 194 26 0 0 102 106 45 11 27 76 96 40 28 50 94 118 
4 6 50 100 8 0 0 52 86 0 53 34 108 121 48 28 43 72 132 39 0 0 45 84 0 
55 2 44 50 12 44 0 37 46 19 144 81 135 126 89 81 17 50 59 17 70 0 56 66 0 
42 0 62 0 59 44 0 62 0 60 29 0 73 0 80 101 53 116 71 121 32 0 56 0 59 
85 23 149 99 49 64 4 143 86 35 60 0 109 26 9 159 57 202 109 108 106 18 189 66 57 
12 75 140 22 98 127 159 273 123 213 33 97 177 50 131 0 25 145 0 102 86 116 204 98 184 
24 22 29 69 57 48 43 36 90 92 0 0 0 36 33 0 0 0 25 19 91 110 98 153 118 
16 30 0 84 0 29 49 0 106 0 79 72 39 132 57 25 36 0 107 0 41 34 0 84 0 
0 0 56 0 0 177 158 242 165 202 0 0 66 0 0 0 0 83 0 0 0 0 76 0 0 
11 9 0 0 77 14 1 0 0 63 65 65 48 44 131 21 21 17 12 76 92 112 98 100 126 
73 10 4 5 24 110 72 79 76 89 119 84 89 109 102 42 0 2 0 16 32 8 16 0 22 
24 133 85 27 44 0 102 82 5 8 0 87 53 0 24 0 97 63 0 15 51 147 118 51 96 
165 208 115 119 124 88 66 47 22 26 44 51 20 0 0 44 56 17 0 0 42 48 14 0 0 
95 0 0 6 0 83 0 0 0 0 99 0 0 14 0 100 0 0 0 0 122 14 23 30 29 
64 78 14 21 22 47 42 0 0 0 50 68 17 8 16 63 68 37 38 47 80 74 48 29 45 
32 76 43 70 28 0 61 8 42 12 0 51 10 42 18 0 40 14 28 11 37 104 63 94 77 
0 0 56 27 11 0 0 45 35 3 0 0 44 40 6 43 53 122 94 61 54 50 100 93 63 
29 38 26 22 31 0 0 0 0 0 71 59 57 62 55 0 0 0 0 0 120 107 98 113 109 
43 34 36 32 46 0 0 18 0 0 0 0 21 0 0 54 47 92 60 52 132 103 144 144 128 
37 45 105 50 55 1 6 60 0 0 62 50 134 57 50 0 0 53 1 1 0 4 62 23 0 
0 0 180 32 0 0 0 141 23 0 19 20 156 37 18 0 0 166 23 0 0 0 162 22 0 
45 81 0 0 0 73 112 41 37 39 78 128 19 18 8 94 135 43 48 45 39 75 0 0 0 
93 2 106 85 109 179 82 209 199 184 158 73 181 155 198 168 47 109 104 153 87 7 99 123 121 
94 124 74 60 71 16 45 3 0 0 78 149 68 55 58 39 70 29 21 15 26 59 0 0 0 
0 115 108 163 0 0 126 119 164 0 0 108 120 167 1 0 117 115 156 0 0 127 117 165 0 
20 0 0 165 0 13 0 0 135 0 131 87 119 260 120 14 0 0 133 0 23 1 2 130 1 
49 65 38 42 68 0 59 0 0 33 44 80 37 37 65 0 36 0 0 32 3 60 0 0 35 
131 163 35 87 112 170 248 100 102 193 143 189 93 105 126 75 110 4 30 55 265 315 165 190 217 
69 183 134 94 113 9 48 74 17 4 32 84 99 35 30 21 82 66 18 29 0 60 47 0 0 
0 27 0 0 71 5 30 11 0 102 1 15 6 4 50 70 94 74 45 167 22 56 39 36 111 
744 501 506 432 509 514 214 274 199 215 521 333 346 245 314 436 142 179 58 176 618 380 449 392 388 
85 69 1 3 1 149 141 68 70 70 71 72 0 0 0 92 80 21 19 18 64 55 0 0 0 
171 309 141 144 133 245 360 147 242 174 131 263 76 137 58 31 179 1 55 0 64 185 35 77 23 
0 0 0 0 55 0 0 0 0 60 0 0 0 0 72 0 0 0 0 61 146 167 154 170 193 
66 1 38 0 14 132 13 60 29 36 143 57 95 43 54 159 79 128 72 86 109 30 50 17 27 
150 0 0 54 0 156 0 0 54 0 141 0 0 40 0 168 0 0 46 0 149 0 0 41 0 
172 118 155 239 119 44 0 95 135 2 84 44 121 170 69 57 5 105 106 30 47 0 83 92 0 
73 123 114 193 175 0 8 5 96 61 0 22 7 73 70 0 20 14 110 55 41 48 33 102 75 
136 133 106 81 20 225 217 193 135 121 138 127 92 58 23 302 239 239 166 155 177 182 145 74 63 
58 130 51 57 53 0 53 0 0 0 6 79 4 5 4 0 63 0 0 0 75 153 61 75 64 
0 0 0 17 0 0 0 0 24 0 0 0 0 21 0 0 0 0 18 0 186 191 216 225 217 
16 0 0 10 30 96 83 58 77 93 21 0 0 18 30 27 0 0 0 40 37 0 0 14 31 
45 3 56 116 108 12 3 32 102 86 63 27 52 144 113 13 0 38 85 93 122 84 116 204 208 
0 84 65 0 78 0 90 67 0 85 0 94 62 0 69 0 87 73 0 83 0 106 76 0 73 
57 26 64 55 36 89 69 116 70 63 29 12 47 25 14 57 51 115 80 55 9 0 40 1 0 
82 0 0 0 53 66 0 0 0 50 87 0 0 0 59 67 0 0 0 52 181 94 84 100 157 
90 133 16 141 114 84 155 3 133 112 61 109 0 147 90 226 268 138 270 204 129 240 118 212 168 
81 115 118 85 72 12 39 47 14 9 0 15 48 0 0 67 81 95 60 54 22 37 57 21 14 
0 0 0 161 42 0 0 0 178 41 36 38 20 187 61 0 0 0 174 52 0 0 0 173 52 
0 0 0 147 13 153 133 124 318 168 0 0 0 168 15 119 123 116 264 120 0 0 0 133 8 
59 167 212 221 78 26 139 174 223 46 65 136 178 214 62 63 206 221 258 124 95 185 242 277 108 
0 0 0 1262 0 0 0 0 1270 0 0 0 0 1270 0 0 0 2 1330 0 0 0 0 1291 0 
195 0 0 0 0 197 13 17 17 20 178 0 0 0 0 196 0 0 0 0 166 0 0 0 0 
110 0 0 0 0 135 0 0 0 0 147 0 0 0 0 118 0 0 0 0 239 104 106 99 115 
288 48 136 120 100 208 0 45 19 5 436 112 194 158 158 450 230 315 255 264 294 62 113 88 85 
6 7 1 0 0 0 36 12 0 0 0 28 0 0 16 0 0 0 0 0 0 2 0 0 9 
0 0 212 0 36 0 0 230 0 28 0 0 218 0 27 0 0 195 0 26 0 0 192 0 26 
78 88 128 103 86 0 0 41 1 0 0 0 60 0 0 0 0 69 0 0 176 214 239 221 207 
5 9 0 74 240 121 132 122 210 354 0 23 0 85 254 0 11 4 87 262 120 154 119 189 316 
12 8 91 15 239 6 0 65 7 174 112 98 182 113 287 136 140 223 166 342 2 2 75 2 193 
62 25 26 68 73 42 0 0 30 58 57 0 0 26 37 55 0 0 35 39 91 40 46 78 83 
0 0 1460 0 0 0 0 1491 0 0 0 0 1366 0 0 0 0 1490 0 0 0 0 1461 0 0 
0 0 0 33 0 74 66 51 100 57 0 0 0 25 0 47 53 64 95 57 41 51 45 94 39 
