985 887 855 850 903 1180 1119 1058 1120 1112 783 762 699 748 835 1092 1006 1064 1113 1117 683 652 589 570 720 
166 131 159 157 157 0 0 0 0 0 118 79 127 98 99 0 0 0 0 0 0 0 0 0 0 
122 52 58 217 220 67 0 0 125 133 185 68 50 258 262 53 0 0 106 133 91 0 0 132 122 
265 41 100 69 70 210 0 20 5 13 393 97 170 115 123 398 213 297 210 222 265 59 119 92 75 
0 0 2 157 14 159 127 131 349 178 0 4 0 190 18 112 112 100 275 118 0 0 0 137 7 
206 45 111 193 18 188 7 110 157 1 177 29 93 130 15 185 5 72 164 0 392 234 329 404 219 
104 8 24 0 94 90 5 17 0 116 199 91 104 90 192 164 74 93 65 168 230 117 122 110 233 
0 0 0 0 0 0 0 0 0 0 1031 1046 989 1015 1062 0 0 0 0 0 0 0 0 0 0 
0 0 0 256 0 1 0 4 245 0 106 105 98 373 120 105 100 83 365 120 0 0 0 226 0 
14 8 14 203 6 0 0 0 204 0 44 45 36 197 32 0 0 0 183 0 3 6 3 203 5 
82 154 198 265 80 68 176 247 273 52 162 211 313 351 143 96 211 274 280 110 100 152 197 288 73 
0 0 0 0 0 0 0 0 0 0 0 0 0 0 0 56 65 66 61 71 166 159 151 170 147 
77 91 68 60 186 0 10 0 0 120 0 3 0 0 105 0 4 0 0 115 93 85 76 73 179 
133 143 146 147 148 0 0 0 0 0 0 0 0 0 0 0 0 0 0 0 76 82 65 66 87 
0 0 0 0 0 0 0 0 0 0 0 0 0 0 0 442 441 421 405 436 186 169 179 183 202 
0 199 0 0 81 0 169 0 0 93 126 324 149 132 208 0 177 0 0 96 0 211 0 0 76 
980 0 0 0 0 940 0 0 0 0 950 0 0 0 0 986 0 0 0 0 976 0 0 0 0 
5 2 178 127 129 20 3 171 115 126 103 100 256 211 192 154 181 345 314 271 129 92 239 224 245 
73 127 82 138 68 62 83 71 116 77 0 39 0 47 0 42 93 51 97 39 1 40 0 41 0 
56 10 19 8 21 156 129 146 122 166 26 0 0 0 22 25 0 0 0 22 162 137 127 141 176 
0 0 137 0 0 0 0 121 0 0 0 0 136 0 0 130 120 250 115 119 0 0 145 0 0 
0 64 43 46 0 0 78 41 45 0 34 96 90 97 33 0 69 46 47 0 0 69 54 42 0 
2 5 0 1 181 195 155 158 175 318 155 154 144 151 283 3 5 0 0 143 114 99 115 100 223 
0 0 0 0 0 0 0 0 0 0 0 0 0 0 0 1005 1079 1079 1045 980 0 0 0 0 0 
0 18 54 143 0 0 18 54 119 0 0 18 50 151 0 0 18 57 144 0 0 18 57 144 0 
66 52 0 0 0 87 76 17 15 14 148 90 41 39 34 95 76 0 0 0 106 99 27 26 33 
65 101 65 141 138 7 38 15 59 62 11 41 22 74 87 0 36 0 58 57 0 34 0 60 65 
61 105 101 47 11 66 121 157 63 1 238 269 303 240 182 73 128 125 61 3 198 178 236 177 95 
81 13 26 107 21 72 0 0 115 0 214 151 143 231 133 72 0 0 108 7 115 41 50 181 39 
112 87 49 49 34 136 98 47 58 36 60 60 13 0 0 87 79 20 14 15 80 55 9 0 0 
0 0 157 70 0 0 0 163 54 0 0 0 196 60 0 0 0 176 52 0 0 0 158 46 0 
123 153 180 125 102 0 49 81 0 0 0 47 61 0 0 38 67 100 34 37 0 47 98 0 0 
82 69 99 81 73 133 136 137 129 129 31 55 56 47 49 0 0 0 0 0 0 0 0 0 0 
0 0 0 165 0 0 0 0 174 0 230 234 220 409 242 0 0 0 171 0 0 0 0 155 0 
0 0 0 0 0 161 158 192 139 153 0 0 1 0 0 0 0 0 0 0 78 69 77 71 88 
122 2 0 71 47 139 43 43 124 108 233 77 83 162 169 94 1 0 67 43 202 77 87 166 128 
0 75 0 0 0 0 74 0 0 0 0 57 0 0 0 102 138 75 112 74 48 119 42 46 46 
0 0 107 0 0 99 99 203 118 117 0 0 106 0 0 9 11 118 5 13 16 16 106 9 16 
238 213 188 266 111 107 90 66 120 0 84 85 59 101 0 262 232 158 270 109 134 111 81 133 0 
0 0 0 0 0 35 41 30 21 22 0 0 0 0 0 68 79 75 79 100 121 113 114 108 146 
0 222 0 199 0 0 178 0 193 0 3 198 4 190 0 0 184 0 189 0 0 197 0 202 0 
0 42 0 115 0 0 53 0 126 0 0 46 0 121 0 60 136 63 187 60 0 55 0 113 0 
0 0 0 0 68 74 64 71 56 123 78 67 66 75 116 0 0 0 0 67 0 0 0 0 71 
65 302 278 9 236 15 211 223 4 165 64 279 293 40 256 125 334 294 96 283 209 380 376 172 341 
0 51 35 0 85 21 69 49 14 100 33 94 96 40 87 0 65 29 0 68 0 64 28 0 76 
115 96 118 126 125 15 0 0 36 0 12 0 0 41 0 18 0 0 55 0 92 70 62 119 91 
96 0 77 0 0 80 0 82 0 0 164 64 141 70 71 133 22 107 19 12 84 0 97 0 0 
0 18 82 0 98 0 12 71 0 109 0 16 77 0 106 0 14 93 0 133 0 13 69 0 102 
16 50 142 69 19 63 71 154 96 41 0 34 120 34 0 44 70 159 97 44 0 26 110 59 0 
0 64 0 0 0 0 82 0 0 0 119 233 108 143 124 0 93 0 0 0 16 89 20 26 27 
0 0 0 78 0 65 71 58 135 87 0 0 0 75 0 0 0 0 88 0 75 69 62 155 66 
62 0 118 63 0 81 0 123 71 0 73 0 127 62 0 57 0 131 66 0 54 0 118 57 0 
97 63 0 38 0 138 93 26 60 31 115 106 0 38 0 140 71 0 48 0 103 78 0 41 0 
0 0 0 0 26 195 193 199 205 229 0 0 0 0 39 0 0 0 0 40 0 0 0 0 35 
112 55 65 137 104 76 43 57 115 82 26 0 0 65 11 37 0 0 60 11 53 13 8 71 29 
33 72 11 6 16 22 61 0 0 2 22 98 0 0 0 170 207 158 146 144 29 88 0 0 0 
0 0 0 21 0 193 178 202 204 168 0 0 0 23 0 0 0 0 24 0 0 0 0 18 0 
71 79 133 138 89 0 0 52 63 0 0 0 74 61 0 0 0 67 53 0 0 0 59 62 0 
66 59 60 48 72 43 0 0 0 10 85 64 49 48 72 31 0 0 0 21 94 50 46 47 62 
0 0 28 0 76 11 6 39 15 97 0 0 35 0 82 11 6 48 9 109 88 89 120 68 171 
603 599 626 651 604 0 0 0 0 0 0 0 0 0 0 0 0 0 0 0 0 0 0 0 0 
55 105 137 64 70 28 79 95 26 26 0 32 70 0 0 0 37 71 0 0 0 39 66 0 0 
0 0 119 0 0 0 0 96 0 0 80 119 222 122 108 0 0 98 0 0 0 0 120 0 0 
127 149 44 65 179 43 53 0 0 100 52 73 0 0 89 51 55 0 0 84 71 48 0 0 90 
0 48 0 11 8 46 99 36 53 32 0 56 0 18 12 0 53 0 33 11 5 49 5 22 23 
9 5 99 4 11 0 0 87 0 0 0 0 83 0 0 35 37 119 25 26 73 77 148 59 82 
0 0 0 51 75 88 81 63 117 163 0 0 0 49 73 0 0 0 35 84 0 0 0 47 73 
108 183 87 82 93 21 119 0 0 0 33 125 8 8 10 25 86 0 0 0 32 92 0 2 0 
69 30 95 48 93 16 0 31 7 66 17 0 42 0 75 17 0 51 0 65 9 0 34 7 71 
62 2 2 0 2 78 0 0 0 0 87 53 17 46 68 106 29 0 22 32 178 99 83 132 93 
67 34 118 48 53 32 0 81 0 0 29 0 77 0 0 26 0 70 0 0 83 45 121 48 40 
81 78 98 50 61 32 28 31 0 10 46 65 52 22 41 36 26 31 0 13 33 31 31 0 8 
0 62 67 0 0 0 63 48 0 0 19 104 76 21 21 32 109 65 40 42 0 62 53 0 0 
58 98 57 52 49 38 103 36 41 33 18 78 18 19 27 28 61 28 30 27 0 61 0 0 0 
25 0 87 0 42 61 40 118 39 76 22 0 77 0 18 28 2 93 0 29 29 0 94 0 25 
0 2078 0 0 0 0 2127 0 0 0 0 2024 0 0 0 0 2090 0 0 0 0 2009 0 0 0 
15 135 126 14 0 83 231 220 80 85 2 129 137 3 0 21 222 141 91 45 4 157 84 0 0 
55 92 73 0 0 49 111 93 0 0 73 104 114 0 0 60 112 95 0 0 55 105 92 0 0 
0 128 0 175 0 144 260 136 372 140 146 271 151 369 137 0 126 0 198 0 0 149 0 191 0 
70 104 143 147 110 0 0 61 0 0 0 0 77 0 0 0 0 70 0 0 201 238 279 267 242 
0 0 0 0 0 1245 1207 1209 1166 1244 0 0 0 0 0 0 0 0 0 0 0 0 0 0 0 
0 0 80 125 0 0 0 74 106 0 0 0 80 127 0 0 0 81 125 0 0 0 72 127 0 
163 61 59 102 47 154 53 61 119 61 95 0 0 47 0 87 0 0 40 0 96 0 0 50 0 
0 121 0 0 73 0 142 0 0 71 0 145 0 0 85 0 132 0 0 68 0 137 0 0 98 
177 240 143 196 79 93 203 85 97 19 231 345 198 252 120 220 328 205 206 130 210 355 256 212 143 
101 88 300 298 99 0 0 201 191 11 126 120 305 323 102 0 0 173 203 7 22 26 230 217 47 
167 138 123 177 298 4 19 3 4 165 6 15 11 8 175 239 246 186 215 384 236 278 277 261 432 
0 70 0 0 0 0 59 0 0 0 0 78 0 0 0 8 76 4 8 2 184 234 191 171 195 
64 34 55 18 59 57 17 32 0 50 63 19 53 0 37 78 16 41 0 55 142 114 123 94 171 
207 79 0 103 0 212 70 0 103 0 213 62 0 104 0 197 67 0 105 0 199 59 0 126 0 
55 0 0 0 0 62 0 0 0 0 64 0 0 0 0 202 133 145 146 141 52 0 0 0 0 
96 257 251 174 65 76 222 203 120 19 97 215 231 92 70 51 172 207 90 0 58 219 231 101 29 
72 6 12 58 32 111 79 57 119 74 106 66 56 85 69 71 27 22 68 44 58 1 0 29 20 
113 121 145 102 200 0 0 6 0 51 66 76 91 69 120 0 0 23 0 59 0 0 19 0 73 
27 49 0 55 0 101 121 65 108 51 60 65 26 78 33 37 40 0 54 0 29 48 0 57 0 
90 122 110 102 166 101 97 92 78 134 0 24 0 0 55 0 25 0 0 35 72 81 74 66 111 
0 64 0 0 0 29 116 32 33 27 32 121 32 30 29 22 105 22 23 28 36 109 38 33 42 
33 11 41 34 0 100 67 107 108 62 43 21 47 37 0 47 9 44 35 0 41 20 37 39 0 
1 17 0 97 246 135 160 154 263 424 2 31 0 103 290 0 24 1 96 284 134 143 125 216 344 
8 14 91 2 218 3 4 83 8 165 102 91 163 95 252 142 132 219 163 317 2 0 66 0 180 
150 0 0 0 0 136 0 0 0 0 225 90 102 105 103 129 0 0 0 0 134 0 0 0 0 
0 0 0 0 835 0 0 0 0 789 0 0 0 0 849 0 0 0 0 843 0 0 0 0 788 
119 126 2 184 67 114 97 2 198 68 164 159 48 265 114 110 123 12 212 86 99 135 6 208 61 
167 0 0 0 0 316 104 107 101 101 189 0 0 0 0 200 0 0 0 0 181 0 0 0 0 
0 0 0 0 0 77 63 72 68 74 0 0 0 0 0 153 135 158 156 143 0 0 0 0 0 
0 23 0 148 0 35 57 46 191 32 0 19 0 136 0 0 18 0 140 0 0 20 0 163 0 
117 88 113 142 181 56 0 77 64 76 22 0 73 77 68 113 75 140 126 152 11 0 67 59 56 
49 62 58 148 119 33 25 34 93 82 0 0 0 85 62 0 0 0 58 54 7 10 9 83 62 
0 9 59 0 0 76 85 163 73 85 0 10 63 0 0 49 71 151 44 54 0 5 55 0 0 
111 0 110 0 0 101 0 84 0 0 92 0 99 3 0 69 0 100 0 0 108 11 87 9 10 
308 94 320 102 223 356 173 415 189 256 318 150 386 199 270 217 22 194 61 150 206 68 284 51 134 
70 161 75 88 75 0 90 0 27 0 19 132 29 36 30 0 111 0 18 0 0 81 0 25 0 
0 0 35 0 61 36 48 87 44 118 65 81 97 56 127 0 0 36 0 67 0 0 53 0 63 
0 0 16 0 187 0 0 16 0 178 0 0 28 0 166 0 0 25 0 179 0 0 23 0 182 
0 0 0 50 0 0 0 0 59 0 54 59 45 140 45 0 0 0 59 0 84 78 82 158 86 
100 0 0 112 0 129 0 0 127 0 114 0 0 97 0 106 0 0 139 0 106 0 0 130 0 
3 38 86 50 0 120 201 205 200 128 193 232 248 252 145 9 52 98 121 0 73 127 123 123 58 
115 154 147 116 265 0 0 0 0 97 0 0 0 0 89 25 28 40 24 144 0 0 0 0 97 
133 237 148 130 152 0 128 0 0 0 90 211 89 94 89 1 115 2 1 2 109 216 94 87 97 
150 142 83 81 89 89 47 0 0 0 91 50 4 4 8 68 56 0 0 0 80 63 0 0 0 
0 113 0 0 0 30 147 49 50 56 0 113 0 0 0 60 172 69 74 62 0 110 0 0 0 
0 0 0 0 0 0 0 0 0 0 0 0 0 0 0 0 0 0 0 0 448 420 452 439 400 
0 0 37 0 0 73 79 92 75 87 0 0 31 0 0 77 75 85 59 79 19 25 59 22 26 
8 15 16 17 52 0 0 0 0 36 80 79 71 69 99 0 0 0 0 33 68 98 78 76 105 
0 0 0 127 0 0 0 0 114 0 0 0 0 135 0 0 0 0 141 0 72 71 76 194 81 
0 74 0 36 77 0 75 0 41 84 0 65 0 38 100 0 71 0 36 75 20 89 24 59 116 
0 113 0 0 0 0 108 0 0 0 0 107 0 0 0 0 98 0 0 0 93 183 99 106 91 
0 0 0 41 0 76 64 71 62 77 57 1 48 48 47 0 0 0 18 0 93 93 104 130 107 
0 0 117 54 0 41 44 154 106 50 0 0 102 37 0 0 0 89 37 0 0 0 126 32 0 
2 44 2 0 0 0 58 18 0 18 0 47 1 0 9 4 23 0 0 7 0 35 10 0 24 
59 0 0 0 0 125 62 61 76 69 99 20 18 20 15 131 47 46 52 41 58 0 0 0 0 
81 35 33 110 37 39 0 0 90 0 47 0 0 85 0 83 35 29 118 31 55 0 0 83 0 
0 0 63 43 0 0 0 55 43 0 101 99 149 132 97 0 0 62 47 0 0 0 67 42 0 
31 0 0 69 103 102 72 83 135 194 31 2 5 84 102 63 20 45 77 109 31 28 49 85 121 
3 6 57 115 8 0 0 59 88 0 59 34 134 138 55 30 50 80 143 43 0 0 51 103 0 
68 6 55 58 11 47 4 33 48 23 134 87 124 119 103 90 25 60 59 23 58 0 49 44 4 
44 0 57 0 58 40 0 62 0 54 29 0 74 0 81 97 55 109 69 110 32 0 60 0 55 
85 30 174 79 48 64 6 149 70 28 50 0 107 22 1 158 57 225 109 108 111 39 201 74 73 
13 97 176 33 155 145 229 330 150 303 31 136 212 47 202 0 54 174 2 132 106 160 247 122 250 
19 20 21 57 48 40 38 34 75 73 0 0 0 31 29 0 0 0 22 17 75 89 90 123 100 
20 33 0 87 0 34 55 0 113 0 90 88 41 140 56 28 43 0 112 0 49 42 0 82 0 
0 0 51 0 0 165 148 210 152 172 0 0 60 0 0 0 0 69 0 0 0 0 68 0 0 
58 107 61 83 46 14 28 0 36 0 75 115 65 117 54 18 72 8 57 12 81 79 77 127 46 
12 6 0 0 71 15 2 0 0 56 55 57 47 40 117 21 21 15 13 71 84 117 85 83 121 
63 12 8 4 20 88 61 62 67 65 99 75 77 88 88 39 0 2 0 11 35 11 12 6 21 
25 111 87 18 37 0 107 81 6 8 0 84 53 0 21 0 89 56 11 17 57 143 130 50 94 
146 186 92 96 97 71 61 43 19 23 37 51 17 0 0 40 54 14 0 0 34 41 13 0 0 
95 0 0 27 0 83 0 0 15 0 99 0 0 26 0 100 0 0 0 0 122 15 23 58 29 
73 86 14 29 25 45 46 0 0 0 60 76 17 9 16 69 79 38 41 51 84 78 51 28 49 
36 64 29 69 24 0 51 4 42 14 2 41 5 46 15 0 33 10 29 7 30 84 50 92 67 
0 0 55 26 11 0 0 45 34 3 0 0 44 41 6 44 53 125 94 61 54 51 100 93 63 
29 38 26 22 31 0 0 0 0 0 71 59 57 62 55 0 0 0 0 0 120 107 99 114 110 
42 37 41 35 42 0 0 16 0 0 0 0 19 0 0 51 45 97 59 52 137 94 146 143 135 
36 45 100 52 50 5 5 54 2 9 52 48 126 46 48 0 0 44 0 0 0 2 54 3 0 
0 0 180 31 0 0 0 141 23 0 19 20 156 37 18 0 0 166 21 0 0 0 162 19 0 
45 107 0 0 0 88 138 56 43 43 100 171 27 16 15 105 184 69 68 62 38 93 0 0 0 
79 0 79 81 95 147 67 178 175 180 173 85 178 201 221 153 55 117 132 172 108 6 96 144 124 
98 146 89 61 73 13 65 3 0 0 88 168 81 61 60 52 79 31 23 21 26 72 0 0 1 
0 116 107 162 0 0 125 118 162 0 0 107 119 167 2 0 115 113 153 0 0 125 117 166 0 
12 0 0 130 0 8 0 0 95 0 89 65 87 185 83 10 0 0 99 0 19 1 0 103 0 
52 57 40 39 55 0 54 0 0 19 51 84 45 39 60 5 35 0 0 26 0 62 0 0 27 
127 139 12 62 89 177 205 67 90 174 139 158 55 76 113 75 89 0 23 57 189 230 92 111 144 
80 200 160 124 108 9 49 82 19 2 41 91 127 48 41 24 78 71 17 27 0 65 57 0 0 
0 26 13 5 67 0 25 20 0 107 0 15 13 6 45 54 81 60 35 143 26 30 34 28 96 
586 442 471 372 422 441 243 258 193 215 400 284 295 201 250 362 155 145 81 140 496 309 359 316 342 
95 60 2 3 0 155 143 69 72 76 72 81 0 0 0 103 85 21 17 21 67 56 0 0 0 
161 294 127 130 129 249 390 161 263 189 114 270 97 154 86 31 185 0 22 0 71 204 48 62 16 
9 0 3 60 0 0 0 0 25 0 58 42 30 65 25 63 40 41 88 57 19 0 0 36 0 
0 0 0 0 58 0 0 0 0 66 0 0 0 0 81 0 0 0 0 70 159 183 167 182 225 
78 3 33 0 17 135 10 53 20 32 134 46 83 40 56 149 80 115 69 85 124 38 43 22 26 
150 0 0 54 0 156 0 0 54 0 141 0 0 40 0 168 0 0 45 0 149 0 0 41 0 
174 118 163 229 125 47 1 91 126 0 88 43 119 186 72 53 2 92 108 26 58 0 91 90 0 
0 0 53 56 0 76 60 103 112 67 0 0 44 38 0 64 57 117 87 65 52 40 86 83 35 
60 99 69 157 137 0 6 4 84 45 0 17 7 61 63 0 8 7 76 51 32 37 25 91 50 
128 104 64 64 35 176 140 117 123 108 99 68 44 58 4 223 145 154 123 103 156 139 139 89 67 
102 18 92 0 0 109 14 105 0 0 121 9 100 0 0 112 11 96 0 0 114 15 103 0 0 
65 149 52 68 59 0 59 0 0 0 6 93 4 5 4 0 65 0 0 0 89 172 66 84 71 
0 0 0 16 0 0 0 0 19 0 0 0 0 19 0 0 0 0 19 0 178 183 221 216 218 
37 0 0 33 39 112 84 77 104 104 44 0 0 35 39 32 0 0 25 43 40 0 0 29 34 
45 0 51 93 75 10 2 34 85 84 70 26 55 128 104 15 0 39 73 89 113 79 121 185 197 
0 69 55 0 67 0 69 63 0 72 0 79 53 0 56 0 64 64 0 68 0 84 66 0 65 
0 0 0 141 35 0 0 0 159 28 27 29 16 158 52 0 0 0 150 34 0 0 0 143 39 
52 26 61 46 36 83 60 107 61 60 24 19 41 23 12 66 51 113 82 51 8 0 35 0 0 
72 0 0 0 49 63 0 0 0 47 79 0 0 0 53 64 0 0 0 46 162 84 73 85 142 
0 0 174 0 33 0 0 193 0 27 0 0 171 0 23 0 0 160 0 21 0 0 159 0 25 
68 114 14 132 78 62 138 0 133 95 43 86 1 117 63 198 232 146 245 181 104 177 77 169 125 
91 0 0 0 0 117 0 0 0 0 122 0 0 0 0 102 0 0 0 0 206 88 85 89 99 
0 0 1 38 0 87 73 57 110 60 0 0 0 25 0 53 55 71 98 57 50 52 47 106 45 
53 66 72 59 42 0 26 19 0 0 0 0 36 0 0 49 56 65 45 36 18 22 47 15 13 
0 0 0 1221 0 0 0 0 1217 0 0 0 0 1233 0 0 3 5 1309 2 0 0 0 1233 0 
0 0 1461 0 0 0 0 1484 0 0 0 0 1375 0 0 0 0 1494 0 0 0 0 1451 0 0 
