993 880 763 829 905 1109 1161 1057 1040 1193 792 725 657 687 839 1024 988 896 1001 1020 644 559 443 454 688 
176 134 199 169 172 0 0 0 0 0 124 86 119 99 108 0 0 0 0 0 0 0 0 0 0 
117 41 31 136 177 52 0 0 117 110 136 47 49 190 225 55 0 0 92 115 58 0 0 111 103 
0 0 59 78 0 91 77 130 129 82 0 3 59 47 0 86 64 133 120 67 59 39 113 124 34 
152 47 99 119 46 122 7 71 93 0 120 28 88 104 27 103 0 43 109 0 246 150 215 263 158 
102 5 27 0 88 88 6 18 0 102 197 105 106 86 186 169 72 94 59 155 220 116 128 107 246 
0 0 0 0 0 0 0 0 0 0 1054 1044 1001 1032 1078 0 0 0 0 0 0 0 0 0 0 
0 0 0 316 0 0 0 0 287 0 132 135 136 421 134 149 129 110 479 157 0 0 0 272 0 
12 8 15 171 5 0 0 0 177 0 35 42 36 177 30 0 0 0 154 0 3 6 4 176 3 
0 0 0 0 0 0 0 0 0 0 0 0 0 0 0 68 85 76 73 92 218 173 180 219 176 
67 92 68 57 182 0 12 1 0 103 0 2 0 0 109 0 4 0 0 112 81 86 74 68 158 
135 140 149 157 151 0 0 0 0 0 0 0 0 0 0 0 0 0 0 0 78 81 64 67 81 
0 0 0 0 0 0 0 0 0 0 0 0 0 0 0 431 436 435 415 426 193 180 188 190 209 
0 209 0 0 88 0 173 0 0 97 131 334 153 137 219 0 193 0 0 96 0 222 0 0 76 
800 0 0 0 0 794 0 0 0 0 791 0 0 0 0 817 0 0 0 0 829 0 0 0 0 
11 4 229 134 172 48 14 223 132 165 110 108 279 223 260 204 183 414 357 356 108 91 296 233 327 
60 99 61 119 53 48 62 47 90 54 0 31 0 40 1 36 77 36 67 32 0 35 0 32 0 
49 12 17 13 19 180 135 159 137 175 31 0 0 0 19 29 1 0 0 26 186 165 136 144 197 
0 0 143 0 0 0 0 119 0 0 0 0 145 0 0 149 110 243 123 136 0 0 147 0 0 
1 70 60 61 0 0 94 51 61 0 42 119 114 121 41 0 88 63 60 0 0 81 68 51 0 
1 1 0 2 138 149 131 130 146 275 146 128 120 138 244 2 9 1 0 125 99 102 109 99 213 
0 0 0 0 0 0 0 0 0 0 0 0 0 0 0 1032 1095 1119 1080 1019 0 0 0 0 0 
0 18 51 132 0 0 17 52 116 0 0 18 46 143 0 0 17 51 140 0 0 15 52 141 0 
77 59 0 0 0 89 78 20 14 17 158 99 38 41 34 111 77 0 0 0 103 94 25 26 31 
84 115 79 171 159 9 34 17 60 72 16 56 24 98 76 0 37 0 53 70 0 44 0 69 79 
121 123 116 80 7 116 134 180 82 3 298 304 348 306 209 117 120 139 85 0 294 243 327 247 138 
95 14 18 118 23 77 0 0 135 0 239 168 152 265 137 82 1 0 117 1 135 55 54 210 54 
116 95 45 53 37 157 99 53 63 32 58 62 14 0 0 87 76 17 13 13 87 53 12 0 0 
0 0 146 58 0 0 0 157 58 0 0 0 202 56 0 0 0 171 45 0 0 0 143 44 0 
120 158 166 114 105 0 54 74 0 0 0 45 62 0 0 39 64 96 32 31 0 38 93 0 0 
63 51 67 65 58 96 114 100 111 98 21 39 42 35 37 0 0 0 0 0 0 0 0 0 0 
0 0 0 175 0 0 0 0 178 0 207 229 205 390 216 0 0 0 173 0 0 0 0 161 0 
0 0 0 0 0 153 153 190 147 156 0 0 0 0 0 0 0 0 0 0 73 62 68 71 86 
85 5 0 47 34 121 28 44 89 99 191 61 82 126 137 75 0 0 57 43 175 55 67 123 100 
0 79 0 0 0 0 81 0 0 0 0 58 0 0 0 120 153 80 127 86 52 124 46 56 52 
0 0 110 0 0 96 110 212 116 123 0 0 100 0 0 8 9 114 4 10 16 16 98 9 20 
269 246 196 271 124 125 122 82 119 0 87 119 70 101 0 279 287 185 294 132 142 144 78 130 0 
0 0 0 0 0 31 35 30 19 22 0 0 0 0 0 59 67 67 65 90 100 94 96 97 127 
0 225 0 201 0 0 181 0 194 0 8 203 7 197 7 0 187 0 192 0 0 198 0 203 0 
0 45 0 145 0 1 51 0 162 0 0 53 0 157 0 75 157 76 243 83 0 61 0 168 0 
0 0 0 0 84 95 85 88 73 158 107 90 90 90 139 0 0 0 0 80 0 0 0 0 91 
76 284 324 42 202 24 156 239 1 76 69 266 347 45 222 75 284 303 93 183 208 327 381 158 286 
0 53 35 0 87 22 70 52 17 107 39 105 100 48 98 0 70 31 0 76 0 71 29 0 79 
130 113 119 138 129 14 0 0 40 0 14 0 0 45 0 16 0 0 46 0 94 73 69 124 97 
81 0 71 0 0 69 0 88 0 0 127 56 126 53 58 118 20 89 15 14 80 0 81 0 0 
0 18 81 0 96 0 11 69 0 107 0 16 74 0 106 0 13 91 0 133 0 12 69 0 101 
14 63 151 98 25 60 73 156 116 64 0 40 120 41 0 47 82 164 125 49 0 30 104 66 0 
0 59 0 0 0 0 66 0 0 0 105 215 97 129 112 0 87 0 0 0 14 77 17 23 24 
0 0 0 71 0 61 64 51 123 81 0 0 0 70 0 0 0 0 80 0 71 63 57 147 61 
50 0 95 50 0 60 0 114 53 0 62 0 99 51 0 47 0 111 55 0 46 0 102 46 0 
87 54 0 31 0 115 91 17 53 28 99 97 0 30 0 131 64 0 51 0 96 66 0 37 0 
0 0 0 0 26 199 184 194 201 226 0 0 0 0 35 0 0 0 0 36 0 0 0 0 38 
89 47 57 109 77 58 37 49 96 68 24 0 0 52 10 28 0 0 48 11 37 12 8 56 27 
29 62 8 7 10 19 50 0 0 0 18 81 0 0 0 145 184 137 127 125 25 82 0 0 0 
0 0 0 21 0 186 170 197 198 164 0 0 0 23 0 0 0 0 22 0 0 0 0 19 0 
93 102 169 182 113 0 0 63 79 0 0 0 88 77 0 0 0 80 64 0 0 0 70 75 0 
63 57 59 48 68 40 0 0 0 11 74 62 48 48 71 29 0 0 0 21 89 49 45 49 60 
0 0 26 0 70 9 6 37 12 90 0 0 34 0 72 11 7 43 8 97 81 76 116 64 154 
585 593 608 641 588 0 0 0 0 0 0 0 0 0 0 0 0 0 0 0 0 0 0 0 0 
82 153 179 96 94 37 110 135 44 36 0 39 84 0 0 0 47 95 0 0 0 56 86 0 0 
0 0 112 0 0 0 0 91 0 0 78 114 209 112 101 0 0 87 0 0 0 0 104 0 0 
121 136 51 72 159 48 47 0 0 99 48 68 0 0 70 46 49 0 0 87 69 50 0 0 99 
0 50 0 23 37 60 115 58 81 99 0 64 0 29 41 0 56 0 40 41 28 65 23 53 63 
8 7 99 5 12 0 0 87 0 0 0 0 83 0 0 36 39 120 27 29 75 78 150 59 85 
0 0 0 51 77 99 87 67 133 179 0 0 0 57 78 0 0 0 44 91 0 0 0 51 75 
93 164 78 73 84 20 104 0 0 0 29 115 7 7 8 21 74 0 0 0 24 79 3 2 0 
70 30 94 35 98 16 0 41 1 66 20 0 41 0 73 15 0 45 2 60 10 0 38 7 71 
34 9 18 0 5 33 0 0 0 0 39 44 40 37 65 90 53 42 26 42 147 103 105 131 111 
60 34 118 48 45 28 0 81 0 0 18 0 77 0 0 20 0 70 0 0 69 33 113 33 30 
39 2 28 11 0 18 8 0 1 0 3 11 2 0 0 35 0 0 0 0 19 0 2 0 0 
0 62 69 0 0 0 65 48 0 0 21 104 74 19 21 32 109 63 39 42 0 62 48 0 0 
20 0 1 7 0 0 36 0 0 0 0 2 0 3 0 0 0 1 0 0 0 0 0 0 0 
30 0 91 0 44 64 43 124 39 80 25 0 85 0 29 37 10 99 5 36 30 0 98 0 28 
0 2114 0 0 0 0 2150 0 0 0 0 2032 0 0 0 0 2097 0 0 0 0 2029 0 0 0 
14 132 120 7 17 75 186 205 73 58 0 111 107 2 0 39 213 161 83 33 4 129 91 0 0 
70 119 104 0 0 66 134 129 0 0 107 136 131 0 0 61 150 127 0 0 70 129 136 0 0 
0 94 0 107 0 85 162 78 187 108 69 174 44 162 53 0 91 0 109 0 0 113 0 108 0 
0 0 0 0 0 1269 1223 1235 1193 1257 0 0 0 0 0 0 0 0 0 0 0 0 0 0 0 
0 0 101 148 0 0 0 86 117 0 0 0 90 138 0 0 0 92 143 0 0 0 82 144 0 
159 49 55 98 46 149 59 55 111 66 91 0 0 36 0 79 0 0 37 0 86 0 0 52 0 
0 118 0 0 77 0 140 0 0 71 0 146 0 0 83 0 126 0 0 64 0 141 0 0 96 
153 249 152 218 86 65 157 55 110 2 295 399 230 333 173 162 246 147 170 64 185 323 258 252 116 
86 76 253 263 87 0 0 168 172 11 115 104 252 289 94 0 0 144 169 0 18 5 168 182 9 
167 135 126 181 294 13 26 1 24 169 16 13 8 28 173 242 229 181 223 403 232 268 255 249 442 
0 66 0 0 0 0 50 0 0 0 0 65 0 0 0 7 65 4 6 2 158 207 163 135 161 
47 22 36 11 40 39 14 28 0 39 39 13 31 0 29 64 13 29 0 42 108 101 88 74 112 
219 74 0 106 0 233 73 0 113 0 218 58 0 111 0 217 70 2 123 5 222 56 0 135 0 
55 0 0 0 0 62 0 0 0 0 64 0 0 0 0 202 133 145 146 141 52 0 0 0 0 
157 309 296 234 93 234 331 366 237 112 202 325 389 264 169 113 227 264 140 39 88 253 276 164 30 
78 7 13 54 19 105 65 47 102 69 95 68 75 94 87 65 23 16 61 24 61 0 0 28 9 
125 148 141 106 211 0 0 7 0 46 73 87 87 78 133 0 0 20 0 55 0 0 11 0 61 
38 85 0 78 0 133 175 94 181 82 94 109 62 162 71 50 78 0 88 0 35 68 0 90 0 
74 87 70 80 118 78 80 62 55 86 0 23 0 0 41 0 22 0 0 26 47 68 47 46 81 
0 102 0 0 0 38 182 53 37 32 48 186 44 44 41 33 153 32 32 44 55 163 47 45 60 
19 11 40 14 0 75 71 110 89 63 28 21 43 14 0 25 8 43 14 0 25 19 34 12 0 
10 16 88 7 228 2 0 67 6 169 111 102 164 104 260 140 131 223 162 316 1 0 75 3 176 
152 0 0 0 0 140 0 0 0 0 236 86 111 119 110 127 0 0 0 0 145 0 0 0 0 
0 0 0 0 848 0 0 0 0 804 0 0 0 0 853 0 0 0 0 838 0 0 0 0 788 
137 100 0 167 55 122 138 0 218 87 162 156 44 257 110 119 108 4 173 89 123 139 2 205 62 
127 0 0 0 0 255 101 93 83 84 164 0 0 0 0 156 0 0 0 0 146 0 0 0 0 
0 0 0 0 0 73 55 69 63 70 0 0 0 0 0 141 115 136 140 135 0 0 0 0 0 
0 22 0 156 0 40 63 53 196 32 0 19 0 144 0 0 16 0 148 0 0 20 0 173 0 
76 59 106 131 141 46 0 64 61 58 25 2 67 78 62 97 58 107 135 122 20 1 53 68 31 
43 48 55 128 106 28 22 31 81 74 0 0 0 77 55 0 0 0 48 50 6 10 8 74 52 
0 9 62 0 0 81 95 171 84 91 0 9 65 1 0 58 73 169 46 58 0 6 60 0 0 
208 17 207 0 0 213 11 181 0 0 208 10 191 3 0 186 8 189 0 0 214 28 192 10 9 
273 103 306 92 193 285 104 307 118 200 343 160 365 178 251 176 5 169 27 131 192 35 230 18 106 
70 163 74 85 69 0 96 0 27 0 18 140 28 36 27 0 111 0 18 0 0 85 0 21 0 
0 0 33 0 58 35 47 79 44 114 55 74 89 54 121 0 0 33 0 61 0 0 49 0 58 
0 0 25 0 238 0 0 21 0 218 0 0 37 0 197 0 0 33 0 204 0 0 26 0 215 
0 0 0 51 0 0 0 0 65 0 55 61 46 143 45 0 0 0 59 0 88 80 84 159 87 
101 0 0 113 0 137 0 0 135 0 114 0 0 113 0 115 0 0 136 0 115 0 0 136 0 
3 28 81 86 0 118 170 192 214 125 170 214 221 251 148 6 56 124 126 39 79 104 122 141 57 
121 146 145 116 250 0 0 0 0 96 0 0 1 0 85 24 28 37 26 136 0 0 1 0 96 
143 262 163 154 158 0 137 0 0 0 95 221 101 102 88 6 112 0 0 4 89 237 77 74 100 
154 140 84 86 86 87 48 0 0 0 97 50 4 5 9 70 50 0 0 0 76 67 0 0 0 
1 122 0 0 0 41 187 57 62 66 0 148 0 0 0 71 203 97 89 64 0 124 0 0 0 
0 0 0 0 0 0 0 0 0 0 0 0 0 0 0 0 0 0 0 0 440 429 453 436 406 
0 0 46 0 0 80 90 107 88 104 0 0 41 0 0 94 98 105 74 102 24 29 68 32 36 
8 15 16 16 55 0 0 0 0 40 83 82 73 73 104 0 0 0 0 33 69 100 79 77 107 
0 0 0 148 0 0 0 0 142 0 0 0 0 172 0 0 0 0 174 0 82 78 97 235 91 
0 68 0 34 72 0 64 0 38 76 0 56 0 34 90 0 60 0 32 73 17 78 25 55 113 
0 112 0 0 0 0 108 0 0 0 0 106 0 0 0 0 96 0 0 0 97 185 99 105 92 
0 0 0 19 0 82 63 80 79 76 50 6 38 54 53 0 0 0 18 0 106 88 116 137 103 
0 0 116 55 0 43 45 155 105 50 0 0 102 39 0 0 0 89 37 0 0 0 126 35 0 
59 0 0 0 0 126 62 61 76 69 99 20 18 20 15 131 47 46 52 41 58 0 0 0 0 
83 35 33 111 37 39 0 0 91 0 48 0 0 85 0 83 34 30 120 32 55 0 0 83 0 
0 0 63 43 0 0 0 55 43 0 101 99 149 132 97 0 0 62 47 0 0 0 67 42 0 
31 0 0 75 93 86 62 73 115 171 25 2 6 77 84 49 18 23 71 77 34 26 45 76 96 
3 10 59 121 9 0 0 58 98 0 64 40 133 161 63 37 54 78 152 43 0 0 52 107 0 
67 5 65 56 13 53 4 40 51 20 153 86 137 129 98 82 20 57 61 24 57 0 55 51 0 
44 0 66 0 66 41 0 61 0 58 30 0 79 0 90 96 56 121 76 120 32 0 58 0 65 
99 30 229 131 75 91 17 155 105 35 53 0 122 47 1 164 46 229 133 111 89 34 201 75 72 
8 74 133 25 122 146 189 289 126 250 31 104 188 55 169 0 48 154 1 116 106 153 227 116 219 
22 21 25 67 60 48 44 42 90 81 0 0 0 36 30 0 0 0 27 20 84 102 100 136 117 
18 31 0 83 1 29 47 0 103 0 77 72 39 128 53 25 36 0 102 0 40 33 0 80 0 
0 0 51 0 0 165 148 212 153 178 0 0 64 0 0 0 0 71 0 0 0 0 73 0 0 
15 9 0 0 91 23 2 0 0 76 68 76 62 45 157 23 22 19 14 79 113 130 128 109 164 
67 10 11 0 22 106 76 73 82 72 107 88 101 113 93 47 0 4 0 7 33 2 8 0 22 
22 113 76 19 36 0 95 73 5 6 0 80 45 0 18 0 93 56 4 14 50 131 108 43 86 
155 206 101 103 110 77 64 46 19 24 44 51 19 0 0 40 50 16 0 0 43 42 20 0 0 
95 0 0 7 0 84 0 0 0 0 100 0 0 5 0 102 0 0 0 0 123 15 23 47 29 
61 77 7 17 18 45 43 0 0 0 41 53 12 0 9 63 61 33 36 41 73 71 40 22 41 
34 74 40 69 29 0 61 11 42 15 0 50 10 46 18 0 41 10 31 13 39 103 64 97 78 
0 0 54 27 11 0 0 43 35 3 0 0 41 40 6 38 49 120 93 58 54 50 95 93 63 
29 38 26 22 31 0 0 0 0 0 70 59 57 62 55 0 0 0 0 0 120 107 99 114 110 
42 32 41 38 41 0 0 18 0 0 0 0 22 0 0 53 49 94 61 49 133 102 144 145 127 
28 37 103 48 49 5 0 57 16 14 54 49 127 54 52 0 0 49 0 0 0 0 58 22 0 
0 0 180 32 0 0 0 141 23 0 19 20 156 37 18 0 0 166 23 0 0 0 161 23 0 
46 85 0 0 0 79 106 47 36 34 87 123 23 14 10 91 140 41 48 45 42 73 0 0 0 
94 1 100 92 128 181 72 200 201 183 177 88 202 222 228 164 50 138 147 175 108 8 117 132 140 
111 145 88 65 74 17 61 3 0 0 91 169 84 62 67 47 87 27 20 17 24 73 0 0 0 
0 119 113 165 0 0 128 123 163 0 0 107 120 168 3 0 118 117 159 0 0 129 121 167 3 
17 0 0 166 0 9 0 0 118 0 108 85 111 232 103 11 0 0 115 0 22 1 0 120 0 
46 66 37 40 69 0 55 0 1 28 39 78 40 34 64 0 34 0 0 31 0 54 0 0 30 
150 178 46 119 109 225 276 98 147 210 197 228 108 143 156 102 148 22 62 79 301 346 170 217 210 
63 168 127 91 96 9 41 59 11 1 29 73 95 39 28 19 76 59 7 26 0 60 45 0 0 
0 28 0 4 81 12 35 27 0 124 0 17 4 2 65 87 100 90 69 205 44 58 52 44 122 
619 435 482 363 440 431 217 228 202 222 440 275 290 189 258 348 136 116 52 124 512 359 388 354 315 
109 71 0 3 0 169 152 81 84 76 74 82 0 0 0 105 92 24 19 27 67 58 0 0 0 
185 316 122 154 142 244 367 149 267 163 135 278 86 163 92 30 183 0 57 0 106 221 63 98 44 
0 0 0 0 58 0 0 0 0 64 0 0 0 0 73 0 0 0 0 64 149 171 160 170 207 
54 3 35 0 14 112 7 51 23 32 126 46 92 41 54 129 64 115 60 90 115 22 45 17 18 
149 0 0 53 0 156 0 0 55 0 141 0 0 40 0 168 0 0 44 0 149 0 0 41 0 
177 126 159 245 123 40 3 92 123 5 81 38 112 173 68 53 0 96 95 25 53 0 73 79 2 
65 105 86 180 144 0 5 3 96 44 0 14 1 64 55 0 15 5 76 48 28 48 35 95 59 
138 140 89 56 17 216 218 174 142 121 130 118 73 49 3 282 247 231 154 147 172 176 145 64 70 
58 130 51 57 53 0 55 0 0 0 6 80 3 5 4 0 62 0 0 0 76 154 62 76 64 
0 0 0 19 0 0 0 0 21 0 0 0 0 20 0 0 0 0 21 0 184 201 225 223 223 
36 0 0 21 33 110 81 77 83 98 40 0 0 13 30 34 0 0 13 39 40 0 0 19 31 
53 7 60 121 113 24 2 41 118 90 64 26 55 139 119 32 0 43 101 95 145 89 130 223 219 
0 81 68 0 82 0 85 71 0 80 0 91 60 0 65 0 82 72 0 82 0 98 76 0 73 
70 28 83 54 42 92 70 124 98 68 39 25 50 31 17 68 56 129 97 68 9 0 38 1 0 
80 0 0 0 56 64 0 0 0 50 89 0 0 0 58 68 0 0 0 52 176 95 82 100 156 
100 142 14 127 107 83 161 6 115 117 37 97 0 122 59 203 260 142 228 210 121 211 104 189 158 
77 101 105 82 69 9 38 43 15 10 0 14 43 0 0 59 75 92 56 45 21 31 62 19 13 
0 0 0 156 36 0 0 0 173 32 34 36 18 173 59 0 0 0 159 41 0 0 0 154 45 
0 0 0 139 13 145 126 119 305 161 0 0 0 159 16 113 118 108 244 107 1 0 0 126 8 
48 169 162 199 87 34 139 159 191 43 67 155 150 197 89 68 195 203 243 113 113 167 200 255 114 
0 0 0 1276 0 0 0 0 1279 0 0 0 0 1282 0 0 1 3 1343 2 0 0 0 1276 0 
195 0 0 0 0 197 13 18 17 20 178 0 0 0 0 196 0 0 0 0 166 0 0 0 0 
105 0 0 0 0 140 0 0 0 0 147 0 0 0 0 114 0 0 0 0 232 102 95 103 110 
274 41 105 91 54 231 0 41 4 0 422 115 167 112 118 428 232 307 221 223 269 53 98 59 51 
1 35 0 0 0 4 58 8 0 2 0 48 0 0 14 0 19 0 0 0 0 41 0 0 23 
0 0 190 0 36 0 0 213 0 29 0 0 198 0 21 0 0 186 0 22 0 0 185 0 25 
78 98 141 112 97 0 0 45 0 0 0 0 68 0 0 0 0 54 0 0 213 219 272 238 238 
1 15 0 68 208 121 125 119 189 335 2 29 0 75 246 0 16 0 80 243 107 134 115 172 289 
61 26 27 67 74 40 0 0 26 57 54 0 0 25 37 49 0 0 32 39 90 42 47 75 82 
0 0 1455 0 0 0 0 1498 0 2 0 0 1386 0 0 0 0 1501 0 0 0 0 1468 0 0 
0 0 0 38 0 57 58 41 101 41 0 0 0 26 0 46 50 67 95 50 24 34 37 92 27 
