771 723 607 684 685 1035 1018 857 900 1015 593 655 493 568 669 824 866 794 896 864 564 488 394 401 547 
242 165 254 237 204 0 3 0 0 0 143 96 154 131 150 0 0 0 0 0 0 0 0 0 0 
113 44 27 190 183 84 0 0 167 158 145 33 25 185 211 76 0 0 95 142 96 0 0 116 127 
170 0 156 190 207 248 60 229 260 284 348 150 318 360 401 266 62 183 243 254 166 1 145 199 162 
206 45 105 135 35 134 16 78 103 0 118 37 62 97 17 127 6 57 106 0 313 193 276 315 198 
91 8 15 0 98 80 0 15 0 103 178 98 100 83 181 163 73 94 63 156 202 117 112 91 226 
0 0 0 0 0 0 0 0 0 0 1021 1037 977 1003 1046 0 0 0 0 0 0 0 0 0 0 
0 0 0 259 0 0 0 4 256 0 107 105 101 371 121 117 103 98 372 123 0 0 0 245 0 
13 7 13 168 5 0 0 1 173 0 35 42 34 167 28 0 0 0 144 0 3 6 3 169 3 
0 0 0 0 0 0 0 0 0 0 0 0 0 0 0 66 73 76 81 99 206 199 191 223 193 
79 110 71 53 184 0 10 0 0 112 0 3 0 0 113 0 5 0 0 121 96 83 84 71 197 
142 143 149 158 160 0 0 0 0 0 0 0 0 0 0 0 0 0 0 0 83 84 67 66 84 
0 0 0 0 0 0 0 0 0 0 0 0 0 0 0 416 415 411 397 399 169 158 156 168 174 
0 221 0 0 102 0 197 0 0 102 140 361 165 142 231 0 199 0 0 114 0 229 0 0 84 
807 0 0 0 0 800 0 0 0 0 793 0 0 0 0 828 0 0 0 0 840 0 0 0 0 
14 11 220 144 204 60 46 267 188 256 126 117 305 263 268 193 190 432 360 374 104 114 307 229 349 
89 141 73 146 74 57 78 57 117 72 0 45 0 46 0 46 100 49 93 45 0 38 0 43 0 
30 10 12 6 20 135 97 119 101 122 28 0 0 0 19 24 0 0 0 27 136 123 95 106 143 
0 0 145 0 0 0 0 147 0 0 0 0 170 0 0 190 182 283 148 152 0 0 151 0 0 
0 86 55 72 0 0 106 57 70 0 58 148 126 142 49 0 90 64 57 0 0 107 76 58 0 
0 1 0 7 135 132 104 121 141 229 136 123 105 98 198 0 5 0 0 121 88 84 87 89 181 
0 0 0 0 0 0 0 0 0 0 0 0 0 0 0 1006 1057 1071 1038 974 0 0 0 0 0 
0 19 52 134 0 0 17 56 121 0 0 18 46 144 0 0 17 51 147 0 0 13 52 146 0 
67 111 77 136 137 0 39 19 55 55 12 37 19 69 77 0 40 0 40 60 0 33 0 55 59 
86 131 135 95 0 114 145 201 104 1 282 289 355 315 211 101 131 140 90 0 256 234 337 252 129 
72 10 17 103 24 73 0 0 120 0 211 151 144 234 140 67 1 0 110 0 104 36 42 174 36 
143 131 63 63 41 164 137 57 62 31 56 71 15 0 0 107 104 22 18 32 105 65 9 0 0 
0 0 274 97 0 0 0 279 100 0 0 1 311 93 0 0 0 299 90 0 0 0 282 79 0 
110 142 149 105 97 0 51 58 0 0 0 48 59 0 0 34 68 92 30 31 0 36 80 0 0 
70 60 72 71 65 104 122 105 118 107 25 44 45 37 39 0 0 0 0 0 0 0 0 0 0 
0 0 0 172 0 0 0 0 181 0 230 238 226 418 241 0 0 0 180 0 0 0 0 158 0 
0 0 0 0 0 142 131 167 131 140 0 0 0 0 0 0 0 0 0 0 69 52 64 62 75 
112 0 2 72 47 144 48 51 128 114 242 86 108 163 178 98 0 0 71 52 222 82 92 164 138 
0 87 0 0 0 0 84 0 0 0 0 65 0 0 0 114 153 82 129 77 55 140 44 51 52 
0 0 97 0 0 85 87 178 106 107 0 0 95 0 0 7 9 99 4 8 14 14 83 9 15 
260 219 191 286 117 118 93 75 129 0 82 75 67 107 0 258 231 162 287 105 127 111 90 141 1 
0 233 0 219 0 0 205 0 208 0 8 222 8 202 7 0 197 0 202 0 0 222 0 214 0 
0 40 0 125 0 0 50 0 137 0 0 48 0 136 0 63 140 68 209 70 0 57 0 122 0 
0 0 0 0 93 118 91 98 73 191 117 98 97 125 178 1 0 0 0 89 0 0 0 0 106 
62 246 293 32 187 26 187 245 6 124 71 255 298 57 174 93 278 295 81 217 194 318 366 167 259 
0 54 39 0 94 21 76 51 14 114 32 87 100 46 92 0 65 29 0 79 0 67 31 0 82 
122 89 117 125 126 22 0 0 38 0 14 0 0 37 0 18 0 0 47 0 102 69 65 116 92 
70 0 67 0 0 65 0 76 0 0 119 53 109 48 54 103 16 80 13 14 68 0 77 0 0 
0 22 106 0 112 0 15 73 0 126 0 22 94 0 120 0 23 116 0 165 0 13 76 0 127 
17 51 139 71 18 56 68 143 86 44 0 45 111 35 0 44 69 143 104 33 0 29 102 57 0 
0 73 0 0 0 0 84 0 0 0 141 256 130 148 145 0 96 0 0 0 15 94 21 26 32 
0 0 0 90 0 78 84 74 153 105 0 0 0 98 0 0 0 0 104 0 88 82 81 177 76 
49 0 92 49 0 58 0 109 53 0 60 0 93 50 0 47 0 102 55 0 46 0 99 47 0 
90 61 0 34 0 134 90 25 55 30 124 96 0 35 0 143 73 0 44 0 102 73 0 49 0 
0 0 0 0 33 256 246 255 249 278 0 0 0 0 42 0 1 0 0 45 0 0 0 0 48 
102 51 67 129 88 66 46 57 113 81 28 0 0 59 13 32 0 0 54 14 40 14 8 65 29 
31 59 8 6 12 18 56 0 0 0 26 81 0 0 0 135 171 134 128 126 28 77 0 0 0 
0 0 0 21 0 186 170 197 198 164 0 0 0 23 0 0 0 0 22 0 0 0 0 19 0 
84 93 156 166 113 0 0 66 74 0 0 0 82 76 0 0 0 84 67 0 0 0 75 73 0 
63 57 59 48 68 41 0 0 0 11 75 62 48 48 72 30 0 0 0 22 92 49 45 49 60 
0 0 25 0 69 9 5 36 12 90 0 0 34 0 70 10 7 44 8 95 81 76 114 65 155 
59 108 143 69 74 29 83 100 26 25 0 32 72 0 0 0 38 77 0 0 0 41 67 0 0 
0 0 127 0 0 0 0 100 0 0 85 120 230 124 107 0 0 91 0 0 0 0 108 0 0 
100 114 34 59 138 39 43 0 0 88 42 63 0 0 71 45 44 0 0 80 66 49 0 0 84 
0 49 0 17 20 54 106 47 67 62 0 58 0 24 23 0 51 0 35 25 20 55 17 44 41 
12 7 124 6 13 0 0 101 0 0 0 0 100 0 0 44 43 147 37 32 89 101 189 71 104 
0 0 0 50 75 88 81 63 117 163 0 0 0 48 73 0 0 0 36 84 0 0 0 47 72 
104 188 88 77 94 24 114 0 0 0 33 122 7 10 11 22 78 0 0 0 23 89 2 0 0 
73 35 100 34 101 18 0 42 7 56 20 0 48 0 71 18 0 56 0 60 0 0 34 0 51 
40 0 1 0 5 68 0 0 0 0 102 51 47 48 71 73 3 0 13 0 145 76 87 98 79 
30 34 118 47 49 10 0 80 0 0 0 0 77 0 0 6 0 70 0 4 38 36 104 26 23 
0 62 59 0 0 6 60 48 0 0 21 104 77 21 21 32 109 57 40 42 0 62 51 0 0 
25 0 84 0 41 51 38 119 35 71 15 0 74 0 23 12 8 90 0 22 26 0 95 0 25 
0 2168 0 0 0 0 2252 0 0 0 0 2110 0 0 0 0 2171 0 0 0 0 2126 0 0 0 
25 109 104 20 17 78 146 172 80 58 6 112 105 5 0 33 134 129 66 42 7 104 70 3 0 
66 110 88 0 0 58 122 117 0 0 73 138 108 0 0 75 123 107 0 0 67 112 117 0 0 
0 121 1 122 0 111 180 93 208 103 76 166 40 171 55 0 94 0 139 0 0 118 0 110 0 
0 0 0 0 0 1288 1244 1239 1207 1269 0 0 0 0 0 0 0 0 0 0 0 0 0 0 0 
0 0 81 125 0 0 0 76 107 0 0 0 82 127 0 0 0 82 126 0 0 0 74 130 0 
143 47 47 89 45 146 54 51 117 66 81 0 0 37 0 82 0 0 40 0 83 0 0 40 0 
0 124 0 0 74 0 144 0 0 72 0 148 0 0 83 0 128 0 0 65 0 140 0 0 92 
171 205 179 206 82 117 225 83 122 35 260 332 221 268 112 271 364 266 253 153 175 312 255 215 133 
115 88 297 282 91 0 0 185 193 0 102 82 265 305 100 0 0 163 181 6 13 9 202 182 10 
146 115 105 151 252 10 20 4 12 152 13 11 9 5 160 216 208 174 189 357 203 246 230 228 376 
0 133 0 0 0 0 115 0 0 0 0 133 0 0 0 8 116 3 7 3 264 344 276 258 262 
50 27 46 14 55 39 13 28 0 53 41 13 43 0 35 72 13 35 0 52 113 109 100 82 125 
199 66 0 101 0 207 61 0 105 0 204 47 0 102 0 190 67 1 107 0 198 44 0 115 0 
0 0 1448 0 0 0 0 1469 0 0 0 0 1358 0 0 0 0 1469 0 0 0 0 1432 0 0 
76 5 9 51 31 121 77 50 110 71 114 82 66 92 89 87 39 25 81 40 72 0 0 37 13 
111 124 128 79 192 0 0 8 0 46 58 70 68 64 105 0 0 18 0 54 0 0 10 0 60 
48 87 0 119 0 142 169 88 215 87 130 130 92 229 98 61 88 0 110 1 49 71 0 115 0 
84 81 68 97 138 77 89 58 60 96 0 22 0 0 51 0 23 0 0 28 56 69 53 48 95 
0 63 0 0 0 28 112 31 31 27 31 120 32 30 28 23 106 21 24 30 36 108 39 32 43 
30 8 41 34 0 94 65 112 108 60 33 15 47 32 0 36 0 44 33 0 34 15 37 32 0 
150 0 0 0 0 135 0 0 0 0 239 87 108 109 103 120 0 0 0 0 143 0 0 0 0 
0 0 0 0 828 0 0 0 0 783 0 0 0 0 835 0 0 0 0 829 0 0 0 0 777 
61 112 78 187 176 0 10 3 85 58 0 12 0 56 63 0 10 8 98 65 32 44 24 115 66 
139 0 0 0 0 269 97 92 87 79 168 0 0 0 0 156 0 0 0 0 155 0 0 0 0 
0 0 0 0 0 77 56 74 66 73 0 0 0 0 0 148 129 145 153 143 0 0 0 0 0 
0 22 0 150 0 37 62 49 200 34 0 18 0 145 0 0 16 0 145 0 0 20 0 174 0 
142 40 105 78 139 98 0 74 27 60 110 14 101 69 77 198 110 159 109 161 81 0 45 42 58 
53 64 67 166 134 34 27 43 99 87 0 0 0 86 72 0 0 0 62 55 7 8 15 95 68 
0 14 79 0 0 98 134 214 110 107 0 10 89 2 0 68 102 204 71 83 0 7 77 0 0 
201 5 192 0 0 199 0 174 0 0 204 0 184 3 0 175 1 189 0 0 205 20 180 8 10 
358 122 325 139 229 379 201 425 198 243 396 160 401 226 263 233 20 195 73 111 233 60 272 71 99 
72 164 76 92 70 0 90 0 27 0 17 137 30 37 29 0 114 0 19 0 0 77 0 24 0 
0 0 33 0 57 35 46 78 44 113 55 74 89 53 121 0 0 33 0 61 0 0 49 0 58 
0 0 16 0 208 0 0 17 0 194 0 0 31 0 176 0 0 28 0 191 0 0 25 0 207 
0 0 0 56 0 0 0 0 72 0 62 68 53 158 48 0 0 0 71 0 98 84 101 187 107 
113 0 0 109 0 132 0 0 145 0 133 0 0 119 0 121 0 0 136 0 117 0 0 135 0 
0 22 70 69 0 101 162 171 189 118 158 196 222 223 145 18 63 93 102 29 88 109 125 135 64 
100 125 115 108 204 0 0 0 0 70 0 0 0 0 72 22 21 28 23 108 0 0 0 0 73 
117 209 128 113 124 0 109 0 0 0 75 183 83 83 73 7 107 3 0 6 94 193 80 76 93 
178 162 98 100 94 93 53 0 0 0 95 55 8 5 12 85 52 0 0 0 87 62 0 0 0 
0 125 0 0 0 39 184 63 60 67 0 145 0 0 0 69 217 88 98 72 0 121 0 0 0 
0 0 0 0 0 0 0 0 0 0 0 0 0 0 0 0 0 0 0 0 458 416 462 450 403 
0 0 37 0 0 73 79 92 75 87 0 0 31 0 0 77 75 85 59 79 19 25 59 22 26 
9 16 19 16 58 0 0 0 0 38 91 84 77 78 104 0 0 0 0 36 74 101 86 82 120 
0 0 0 135 0 0 0 0 116 0 0 0 0 143 0 0 0 0 148 0 81 74 78 205 86 
0 71 0 35 80 0 66 0 39 87 0 55 0 44 103 0 65 0 38 82 19 83 25 60 126 
0 29 0 28 0 85 98 90 95 88 87 86 82 93 82 0 23 0 18 0 124 164 130 165 126 
0 0 117 55 0 43 45 154 106 50 0 0 102 39 0 0 0 89 38 0 0 0 126 35 0 
59 0 0 0 0 126 62 61 76 69 97 16 15 18 14 131 47 46 52 41 58 0 0 0 0 
83 35 33 111 37 39 0 0 91 0 48 0 0 85 0 83 35 30 120 32 55 0 0 83 0 
0 0 7 32 0 0 0 7 18 0 101 98 103 118 97 0 0 1 23 0 0 0 9 27 0 
3 6 48 95 6 0 0 45 71 0 45 29 99 113 45 27 37 66 108 34 0 0 45 75 0 
47 2 42 41 9 37 3 33 34 17 109 70 109 101 77 65 17 40 43 19 44 0 36 41 0 
41 0 61 0 59 43 1 58 0 58 27 0 76 0 74 103 51 112 69 116 30 0 59 0 55 
97 31 175 70 45 68 8 173 84 28 57 0 127 25 7 166 77 222 118 103 98 31 198 80 60 
15 95 161 28 134 127 201 293 128 264 39 130 212 50 194 0 54 174 0 127 79 153 239 92 223 
19 23 24 62 52 43 41 41 80 79 0 0 0 34 33 0 0 0 28 19 85 109 99 149 117 
20 33 0 92 0 32 55 0 113 0 83 80 43 146 59 27 38 0 113 0 47 38 0 90 0 
0 0 61 0 0 162 155 215 153 180 0 0 61 0 0 0 0 78 0 0 0 0 70 0 0 
71 11 11 7 25 96 71 73 70 71 106 87 87 98 93 43 0 5 0 12 42 11 14 9 23 
18 143 94 18 45 0 105 77 5 7 0 107 47 0 31 0 104 64 5 16 49 168 115 41 91 
141 185 93 98 107 77 66 40 20 20 37 51 18 0 0 38 48 16 0 0 35 43 14 0 0 
68 82 0 6 14 58 53 0 0 0 56 68 19 0 13 74 70 40 36 42 85 80 47 29 48 
38 76 42 71 28 0 62 11 42 15 2 51 11 46 19 0 43 14 31 12 39 104 64 96 78 
0 0 51 27 12 0 0 41 39 4 0 0 41 43 7 45 57 138 100 66 54 52 108 98 66 
29 38 26 21 30 0 0 0 0 0 71 59 57 62 55 0 0 0 0 0 120 107 99 114 110 
54 35 9 37 40 0 0 0 0 0 0 0 1 0 0 51 46 64 48 57 128 82 112 149 125 
38 40 105 55 49 0 8 61 15 11 48 45 124 52 50 0 0 52 5 2 1 1 55 21 0 
0 0 93 2 0 0 0 55 0 0 18 18 61 4 16 0 0 85 0 0 0 0 73 0 0 
26 72 0 0 0 34 60 31 17 3 47 117 17 15 9 66 120 33 29 45 22 61 0 0 0 
93 119 69 53 62 19 42 1 0 0 78 130 63 55 61 39 64 29 16 17 26 51 0 0 0 
0 115 108 163 0 0 125 119 165 0 0 109 120 167 3 0 117 114 157 0 0 128 118 165 3 
15 0 0 217 0 11 0 0 156 0 136 126 139 277 120 16 0 0 152 0 34 1 0 177 2 
114 165 23 71 106 165 235 91 89 189 126 181 71 99 126 90 112 6 36 85 234 283 129 160 218 
59 159 120 74 88 6 40 60 12 3 35 73 97 27 29 21 77 57 10 24 0 59 44 0 0 
2 22 14 5 56 4 25 16 0 82 0 19 9 4 38 59 79 70 47 123 24 36 33 21 81 
769 590 640 472 602 512 235 379 223 251 541 395 378 251 340 458 184 223 80 191 640 462 525 414 449 
99 85 0 3 0 207 204 79 90 111 110 106 0 0 0 130 108 34 31 32 81 78 0 0 0 
156 308 121 125 127 263 384 153 251 174 140 282 83 131 69 52 188 0 36 0 82 212 53 88 42 
0 0 0 0 52 0 0 0 0 58 0 0 0 0 65 0 0 0 0 58 136 157 141 157 191 
149 0 0 54 0 156 0 0 55 0 141 0 0 40 0 168 0 0 46 0 149 0 0 41 0 
170 138 185 273 133 34 1 92 131 1 73 46 137 199 64 45 6 106 111 26 35 5 103 94 0 
113 93 85 58 4 172 142 150 108 97 92 70 78 49 24 220 198 204 142 120 132 112 121 55 45 
63 137 53 59 55 0 58 0 0 0 6 81 4 5 4 0 71 0 0 0 78 160 63 80 67 
0 0 0 16 0 0 0 0 22 0 0 0 0 20 0 0 0 0 16 0 181 199 226 217 221 
60 10 61 115 78 14 1 35 82 80 61 23 50 129 95 24 0 37 87 70 125 79 116 189 197 
0 101 87 0 117 0 110 84 0 117 0 131 63 0 87 0 108 103 0 110 0 120 86 0 114 
59 35 74 44 42 94 75 123 89 70 28 20 40 22 14 59 54 110 78 56 9 0 37 0 0 
83 0 0 0 51 65 0 0 0 50 87 0 0 0 60 65 0 0 0 48 177 87 82 99 156 
65 85 0 80 56 44 73 0 102 59 76 56 0 127 80 147 176 87 203 140 95 120 25 125 87 
70 84 94 75 59 10 35 37 13 9 0 12 42 0 0 55 68 82 51 45 18 26 53 18 13 
0 0 0 140 35 0 0 0 158 28 27 29 16 157 51 0 0 0 149 34 0 0 0 138 38 
0 0 0 189 11 234 191 176 457 248 0 0 0 211 15 173 155 173 361 160 0 0 0 190 12 
54 170 191 191 71 34 135 171 215 28 89 150 205 219 79 81 210 218 265 102 138 157 206 253 110 
0 0 0 1291 0 0 0 0 1283 0 0 0 0 1304 0 0 2 0 1367 0 0 0 0 1299 0 
209 0 0 0 0 213 13 19 18 21 190 0 0 0 0 216 0 0 0 0 180 0 0 0 0 
92 0 0 0 0 117 0 0 0 0 122 0 0 0 0 102 0 0 0 0 206 88 85 89 99 
170 97 64 127 99 79 0 0 13 6 156 42 51 59 47 146 48 50 104 75 204 132 112 161 138 
8 31 0 2 0 0 27 0 0 1 0 0 0 0 0 28 36 17 44 58 0 0 0 0 0 
79 80 131 109 74 0 0 42 0 0 0 0 65 0 0 0 0 58 0 0 196 205 239 201 207 
1 3 0 82 222 121 140 118 214 362 2 22 0 81 251 0 15 0 77 268 121 146 121 193 316 
14 21 99 15 268 2 7 52 12 207 134 118 185 147 335 163 176 258 197 403 2 6 64 8 219 
131 255 268 199 72 149 262 300 198 81 138 231 275 168 128 38 177 215 86 16 44 212 221 132 16 
120 0 0 10 1 100 0 0 0 0 119 0 0 0 0 117 0 0 0 0 150 19 30 32 35 
39 69 41 25 41 0 39 0 0 18 42 77 41 36 53 6 32 0 0 27 0 53 0 0 7 
611 625 640 677 625 0 0 0 0 0 0 0 0 0 0 0 0 0 0 0 0 0 0 0 0 
77 67 0 0 0 109 86 15 19 17 153 102 42 40 31 102 81 0 0 0 124 111 27 33 33 
36 0 0 64 80 80 45 46 96 125 21 0 1 66 64 38 10 13 61 63 29 25 31 74 70 
12 8 0 0 81 17 3 1 1 69 67 70 60 45 154 19 23 17 14 90 102 145 120 111 162 
55 0 0 0 0 62 0 0 0 0 64 0 0 0 0 203 133 145 146 141 52 0 0 0 0 
82 149 90 125 155 94 264 142 174 199 20 130 34 82 62 142 199 153 197 184 128 250 188 216 199 
0 0 0 0 0 31 35 30 19 22 0 0 0 0 0 59 67 68 65 90 100 94 96 97 127 
150 6 84 0 19 197 2 62 0 7 264 72 151 86 91 302 154 263 138 145 221 46 84 29 35 
18 0 29 0 0 23 0 14 0 0 38 0 28 5 0 80 53 79 64 65 21 3 26 0 1 
0 0 192 0 35 0 0 234 0 31 0 0 199 0 25 0 0 185 0 23 0 0 183 0 31 
96 67 0 106 46 87 74 0 107 65 108 86 36 111 68 76 59 0 84 53 86 76 0 109 62 
53 80 56 99 47 15 26 0 36 0 72 118 70 126 56 16 66 7 51 5 60 74 67 107 38 
0 0 48 52 0 73 52 99 89 62 0 0 37 34 0 53 47 91 77 42 44 29 78 68 25 
