856 788 678 727 822 1112 1108 1026 1126 1162 749 667 637 761 855 1041 953 922 1063 1070 643 515 550 530 736 
153 116 138 137 125 0 0 0 0 0 101 67 102 86 80 0 0 0 0 0 0 0 0 0 0 
154 36 37 236 283 85 0 0 157 194 206 53 62 256 304 69 0 0 121 168 75 0 0 142 160 
283 44 140 86 85 217 0 44 6 0 380 98 179 123 124 422 200 308 225 219 285 60 120 82 67 
3 0 2 56 1 107 81 66 138 78 1 4 0 37 0 63 62 76 126 69 52 71 64 137 57 
174 45 128 164 42 140 14 100 124 4 158 31 107 126 25 117 5 64 132 1 313 181 275 339 182 
116 17 7 0 99 85 5 11 0 102 183 91 101 86 177 150 72 88 58 147 224 109 142 112 259 
0 0 0 0 0 0 0 0 0 0 1040 1048 993 1020 1064 0 0 0 0 0 0 0 0 0 0 
0 0 0 271 0 0 0 4 247 0 112 105 92 386 115 115 115 95 412 127 0 0 0 231 0 
15 9 14 176 5 0 0 0 182 0 40 44 36 177 30 0 0 0 162 0 2 6 4 179 2 
0 0 0 0 0 0 0 0 0 0 0 0 0 0 0 57 74 61 64 81 178 150 159 182 153 
64 78 60 50 149 0 11 0 0 85 0 2 0 0 98 0 4 0 0 94 74 74 75 63 143 
138 149 148 156 158 0 0 0 0 0 0 0 0 0 0 0 0 0 0 0 82 83 65 68 88 
0 0 0 0 0 0 0 0 0 0 0 0 0 0 0 425 428 417 402 413 190 177 181 185 202 
0 200 0 0 86 0 176 0 0 95 131 329 158 140 221 0 189 0 0 98 0 226 0 0 75 
794 0 0 0 0 789 0 0 0 0 783 0 0 0 0 814 0 0 0 0 827 0 0 0 0 
15 6 199 119 141 46 15 210 144 166 117 107 278 233 220 186 197 389 347 325 125 79 250 202 262 
68 124 71 149 77 59 79 59 112 66 0 38 0 41 0 35 89 52 82 38 0 47 0 33 0 
42 10 13 9 21 131 102 104 97 112 33 0 0 0 23 25 0 0 0 23 122 117 82 96 146 
0 0 140 0 0 0 0 125 0 0 0 0 138 0 0 139 109 235 108 118 0 0 136 0 0 
0 73 49 53 0 0 90 49 53 0 42 108 108 107 37 0 87 64 57 0 0 85 65 47 0 
3 1 0 2 135 149 102 133 133 260 124 120 112 135 222 3 1 0 0 132 82 95 100 97 186 
0 0 0 0 0 0 0 0 0 0 0 0 0 0 0 1026 1103 1110 1075 1007 0 0 0 0 0 
0 18 51 134 0 0 17 52 118 0 0 18 45 142 0 0 17 50 140 0 0 16 53 143 0 
63 47 0 0 0 83 68 16 13 13 133 85 34 35 27 88 62 0 0 0 98 92 23 25 28 
65 99 64 137 138 7 36 14 59 61 11 40 19 75 79 0 37 0 60 59 0 34 0 61 61 
111 123 112 84 5 107 136 154 99 1 267 297 299 285 186 118 143 131 84 0 253 224 289 230 136 
78 12 13 100 20 73 0 0 112 0 213 147 141 224 126 66 0 0 102 0 113 44 50 179 43 
138 103 52 51 38 152 123 59 59 33 60 66 16 0 0 101 93 25 11 18 90 57 10 0 0 
0 0 139 57 0 0 0 151 55 0 0 0 183 51 0 0 0 163 45 0 0 0 138 41 0 
127 148 165 110 112 0 53 75 0 0 0 43 61 0 0 41 64 98 31 33 0 44 96 0 0 
65 52 67 66 59 97 116 105 112 98 21 39 43 35 37 0 0 0 0 0 0 0 0 0 0 
0 0 0 171 0 0 0 0 180 0 237 238 229 419 247 0 0 0 172 0 0 0 0 157 0 
0 0 0 0 0 177 158 191 170 173 0 0 0 0 0 0 2 0 0 0 82 73 77 75 97 
100 5 1 70 41 112 36 50 109 89 203 81 88 162 146 73 0 0 77 41 186 64 74 151 120 
0 77 0 0 0 0 77 0 0 0 0 58 0 0 0 111 142 86 117 81 50 128 48 47 47 
0 0 108 0 0 93 88 195 111 109 0 0 96 0 0 9 9 101 4 8 15 14 87 9 16 
270 214 203 281 126 117 94 82 123 0 95 92 60 119 0 274 247 172 304 128 147 121 94 162 0 
0 0 0 0 0 33 43 29 20 22 0 0 0 0 0 63 75 78 75 101 116 108 114 106 146 
0 233 0 211 0 0 187 0 197 0 7 213 7 203 8 0 188 0 194 0 0 208 0 210 0 
0 40 0 117 0 0 51 0 143 0 0 52 0 146 0 64 144 74 220 75 0 64 0 133 0 
0 0 0 0 86 94 85 98 74 158 100 90 82 96 147 0 0 0 0 74 0 0 0 0 94 
64 324 374 46 281 19 214 278 22 192 44 288 383 51 261 105 349 357 124 302 226 398 456 180 361 
0 45 32 0 75 12 59 42 12 84 25 78 88 37 76 0 59 27 0 64 0 61 27 0 69 
115 88 112 120 124 13 0 0 38 0 13 0 0 42 0 17 0 0 41 0 90 69 62 115 88 
70 0 66 0 0 65 0 76 0 0 116 56 108 47 52 99 16 83 14 12 67 0 73 0 0 
0 19 87 0 109 0 14 80 0 114 0 16 79 0 110 0 17 97 0 148 0 13 77 0 111 
32 86 172 102 38 79 103 183 138 76 0 41 127 46 0 60 93 175 134 59 0 35 114 69 0 
0 58 0 0 0 0 66 0 0 0 104 208 98 124 112 0 82 0 0 0 14 75 17 22 24 
0 0 0 83 0 68 72 61 138 93 0 0 0 83 0 0 0 0 95 1 80 71 68 167 67 
53 0 101 52 0 62 0 120 56 0 62 0 103 53 0 55 0 116 56 0 47 0 106 56 0 
105 65 0 45 0 147 97 28 61 30 119 112 0 35 0 146 63 0 49 0 114 79 0 41 0 
0 0 0 0 32 204 197 205 207 235 0 0 0 0 47 0 0 0 0 35 0 0 0 0 40 
104 51 65 132 85 72 42 65 119 75 27 0 0 57 12 32 0 0 58 11 48 12 9 66 32 
31 65 9 7 11 18 55 0 0 0 21 90 0 0 0 155 192 150 134 124 27 83 0 0 0 
0 0 0 20 0 186 170 197 198 164 0 0 0 23 0 0 0 0 22 0 0 0 0 19 0 
71 79 133 138 89 0 0 52 63 0 0 0 74 60 0 0 0 67 53 0 0 0 59 62 0 
67 62 64 56 77 41 0 0 0 11 79 67 49 55 78 37 0 0 0 22 97 53 51 54 66 
0 0 25 0 69 9 5 36 12 87 0 0 34 0 69 8 7 43 7 95 80 75 114 64 152 
597 597 613 646 597 0 0 0 0 0 0 0 0 0 0 0 0 0 0 0 0 0 0 0 0 
76 142 170 89 93 34 96 108 32 33 0 37 86 0 0 0 46 95 0 0 0 56 81 0 0 
0 0 110 0 0 0 0 91 0 0 76 115 207 113 101 0 0 86 0 0 0 0 106 0 0 
111 143 54 78 150 50 48 0 0 103 53 72 0 0 78 46 50 0 0 89 67 52 0 0 106 
0 49 0 23 36 59 114 57 80 94 0 59 0 27 38 0 55 0 39 40 25 65 22 53 62 
9 7 99 4 12 0 0 87 0 0 0 0 83 0 0 36 39 120 27 29 75 78 150 59 85 
0 0 0 51 76 88 80 62 118 164 0 0 0 46 74 0 0 0 36 84 0 0 0 47 71 
108 182 90 83 95 23 119 0 0 0 32 127 6 7 9 24 83 0 0 0 28 87 0 0 0 
59 29 101 34 102 16 0 41 3 66 21 0 38 0 80 15 0 54 0 63 10 0 37 11 71 
78 12 10 0 2 84 0 0 0 0 108 59 67 64 82 112 45 29 27 27 182 106 105 136 110 
62 32 113 45 49 30 0 80 0 0 21 0 75 0 0 25 0 68 0 0 65 30 110 44 28 
88 76 100 51 59 32 27 34 0 10 52 68 60 27 44 44 29 39 0 13 35 30 39 0 7 
0 62 66 0 0 0 64 45 0 0 21 104 79 21 21 32 109 58 40 42 0 62 49 0 0 
35 49 35 3 13 19 69 26 10 13 7 53 0 0 11 18 18 0 0 2 0 23 0 0 0 
29 0 91 0 45 63 43 124 39 80 24 0 85 0 29 36 10 99 5 36 31 0 97 0 28 
0 2083 0 0 0 0 2138 0 0 0 0 2020 0 0 0 0 2115 0 0 0 0 2023 0 0 0 
26 166 156 18 21 77 205 218 83 63 6 134 102 5 0 41 196 177 80 60 10 142 111 0 0 
51 81 66 0 0 46 103 88 0 0 74 94 91 0 0 58 102 82 0 0 55 96 93 0 0 
25 150 0 221 0 127 270 139 365 145 162 278 131 394 132 19 146 0 222 0 23 156 0 207 0 
78 114 169 136 90 0 0 53 0 0 0 1 82 0 0 0 0 62 0 0 232 256 285 251 284 
0 0 0 0 0 1256 1213 1207 1177 1246 0 0 0 0 0 0 0 0 0 0 0 0 0 0 0 
0 0 80 125 0 0 0 75 106 0 0 0 81 127 0 0 0 81 124 0 0 0 72 128 0 
164 56 63 98 51 165 57 53 123 70 95 0 0 43 0 90 0 0 41 0 96 0 0 56 0 
0 119 0 0 76 0 146 0 0 72 0 153 0 0 84 0 131 0 0 67 0 144 0 0 97 
201 321 210 300 139 90 166 61 150 2 323 436 298 432 172 187 296 195 254 64 249 391 339 371 191 
85 69 266 276 102 0 0 188 199 4 106 109 280 310 120 0 0 161 191 11 14 11 186 198 19 
143 125 104 162 259 0 21 1 16 161 7 15 1 18 158 205 218 157 180 360 209 279 247 227 383 
0 66 0 0 0 0 54 0 0 0 0 64 0 0 0 7 69 5 8 3 173 221 176 148 169 
80 41 57 14 68 63 12 31 0 50 57 9 34 0 40 110 11 32 0 48 184 129 126 114 169 
202 75 0 100 0 203 66 0 103 0 205 58 0 103 0 194 67 0 107 0 198 65 0 120 0 
55 0 0 0 0 62 0 0 0 0 64 0 0 0 0 203 133 145 146 140 52 0 0 0 0 
137 278 269 200 74 135 261 292 174 68 132 261 286 146 106 71 208 247 127 17 85 228 268 141 31 
74 0 0 45 23 91 66 48 106 74 92 63 61 84 84 66 23 16 68 33 60 0 0 28 8 
110 118 133 93 188 0 0 6 0 52 71 79 87 67 115 0 0 16 0 52 0 0 15 0 73 
22 52 0 49 0 111 120 59 105 49 64 64 27 74 31 34 39 0 51 0 29 41 0 52 0 
105 99 121 103 140 99 104 82 82 117 0 29 2 0 57 0 23 0 0 34 62 89 65 56 111 
0 87 0 0 0 42 165 46 36 40 41 170 40 33 45 33 145 28 36 38 47 166 58 48 55 
35 11 42 35 0 106 80 119 121 66 45 21 50 39 0 51 9 46 38 0 42 21 40 44 0 
2 12 0 70 201 113 119 105 194 320 1 23 0 69 231 0 9 0 82 239 110 138 112 161 285 
6 7 70 9 221 5 0 65 5 175 109 96 170 114 278 138 138 207 171 326 1 2 66 0 177 
158 0 0 0 0 138 0 0 0 0 236 85 97 107 101 127 0 0 0 0 139 0 0 0 0 
0 0 0 0 841 0 0 0 0 807 0 0 0 0 851 0 0 0 0 838 0 0 0 0 790 
123 101 0 155 62 135 127 0 164 96 192 159 42 209 120 115 109 2 152 80 123 132 0 205 66 
140 0 0 0 0 267 100 96 81 77 172 0 0 0 0 154 0 0 0 0 151 0 0 0 0 
0 0 0 0 0 88 65 78 74 70 0 0 0 0 0 151 128 160 161 151 0 0 0 0 0 
0 25 0 163 0 37 61 49 211 33 0 20 0 151 0 0 17 0 149 0 0 22 0 182 0 
74 66 90 107 126 43 0 50 47 39 17 0 53 54 51 82 54 98 116 101 9 0 48 46 37 
43 48 55 128 106 28 22 31 80 74 0 0 0 77 55 0 0 0 48 50 7 10 9 75 53 
0 11 68 0 0 92 105 195 96 102 0 10 82 0 0 59 83 191 54 65 0 6 71 0 0 
215 16 202 0 0 220 14 189 0 0 214 11 194 2 0 188 10 200 0 0 225 25 194 10 11 
327 130 352 148 229 360 183 437 225 245 361 196 466 238 307 206 34 239 57 167 237 70 272 46 129 
66 153 69 83 66 0 89 0 26 0 17 128 28 35 27 0 105 0 17 0 0 75 0 21 0 
0 0 42 0 69 48 55 91 52 147 67 92 108 55 143 0 0 37 0 72 0 0 52 0 75 
0 0 17 0 216 0 0 20 0 199 0 0 31 0 180 0 0 27 0 200 0 0 24 0 190 
0 0 0 58 0 0 0 0 68 0 62 67 52 160 49 0 0 1 68 0 109 92 101 187 104 
96 0 0 108 0 116 0 0 119 0 104 0 0 97 0 109 0 0 122 0 101 0 0 120 0 
0 44 73 73 0 120 198 198 203 133 163 223 226 227 149 31 81 117 116 39 87 133 125 157 64 
115 153 129 115 249 0 0 0 0 83 0 0 0 0 84 24 25 28 23 132 0 0 0 0 92 
142 254 161 135 157 0 135 0 0 0 101 220 92 105 91 3 114 0 0 4 95 210 77 80 102 
156 145 89 91 85 83 47 0 0 0 100 52 6 4 8 71 50 0 0 0 75 62 0 0 0 
0 112 0 0 0 36 150 44 49 58 0 116 0 0 0 59 171 75 71 56 0 107 0 1 0 
0 0 0 0 0 0 0 0 0 0 0 1 0 0 0 0 0 0 0 0 462 447 490 473 428 
0 0 37 0 0 70 77 91 75 87 0 0 30 0 0 76 73 83 59 78 18 25 59 22 24 
8 15 16 17 52 0 0 0 0 36 80 79 71 68 99 0 0 0 0 33 68 97 78 76 104 
0 0 0 145 0 0 0 0 118 0 0 0 0 154 0 0 0 0 152 0 79 78 87 224 91 
0 64 0 32 69 0 63 0 37 76 0 55 0 33 86 0 59 0 30 72 19 77 25 53 112 
0 110 0 0 0 0 107 0 0 0 0 106 0 0 0 0 95 0 0 0 97 184 98 105 92 
0 0 0 49 0 85 43 77 60 75 35 12 52 33 51 0 0 0 16 0 102 115 111 142 100 
0 0 117 55 0 43 45 155 105 50 0 0 102 39 0 0 0 89 37 0 0 0 126 34 0 
1 21 0 0 0 0 65 9 0 21 0 50 0 0 10 0 9 0 0 1 0 31 7 0 15 
59 0 0 0 0 126 62 61 76 69 99 20 18 20 15 131 47 46 51 40 58 0 0 0 0 
83 35 33 111 37 39 0 0 91 0 48 0 0 85 0 83 35 30 120 32 55 0 0 83 0 
0 0 63 43 0 0 0 55 43 0 101 99 149 132 97 0 0 62 47 0 0 0 67 42 0 
29 0 0 73 88 89 75 78 115 176 27 1 3 77 92 59 25 31 81 95 29 37 37 89 99 
3 7 48 103 10 0 0 57 102 0 55 35 119 134 65 33 45 79 133 48 0 0 47 90 0 
73 0 70 96 7 50 2 47 67 13 212 121 188 156 117 157 61 101 115 61 77 0 64 70 1 
39 0 54 0 55 38 0 56 0 50 26 0 66 0 70 88 49 102 64 103 30 0 55 0 53 
95 34 192 105 55 81 13 175 92 43 60 0 149 32 19 172 67 240 131 113 102 37 188 73 63 
6 81 143 26 132 147 196 295 125 231 42 115 183 40 181 0 34 150 3 99 90 135 227 106 220 
24 23 24 69 59 41 45 45 84 81 0 0 0 32 31 0 0 0 24 17 83 102 99 142 112 
18 31 1 83 1 29 47 0 103 0 77 72 39 128 53 25 37 0 103 0 40 33 0 80 0 
0 0 54 0 0 165 150 216 153 180 0 0 59 0 0 0 0 76 0 0 0 0 73 0 0 
12 7 0 0 71 13 2 0 0 58 66 60 47 38 124 24 22 17 12 78 89 110 86 85 134 
58 9 8 5 20 83 56 59 63 63 90 72 76 87 81 39 0 5 0 10 33 9 12 5 21 
18 100 77 20 33 0 101 67 5 5 0 74 45 0 20 0 86 50 5 13 48 135 119 42 89 
167 208 104 102 114 83 71 50 19 19 49 56 17 0 0 44 50 15 0 0 37 43 17 0 0 
95 0 0 9 0 83 0 0 41 0 99 0 0 25 0 100 0 0 0 0 122 15 23 51 29 
58 70 10 13 17 46 43 0 0 0 44 66 11 6 11 62 68 31 38 41 71 66 35 17 29 
37 74 43 70 29 0 62 11 41 16 0 50 9 46 17 0 43 14 29 12 38 103 62 96 78 
0 0 56 27 10 0 0 44 34 3 0 0 44 40 6 42 52 122 94 61 54 50 100 92 63 
29 37 26 22 31 0 0 0 0 0 71 59 57 60 55 0 0 0 0 0 120 107 99 114 110 
42 38 39 33 42 0 0 14 0 0 0 0 20 0 0 50 48 89 59 53 125 100 140 134 129 
37 43 105 50 52 4 8 61 19 21 61 53 128 55 57 0 0 47 2 0 0 6 63 20 15 
0 0 180 32 0 0 0 141 23 0 19 19 156 36 18 0 0 165 23 0 0 0 160 22 0 
45 119 0 0 0 101 165 61 56 65 101 194 36 28 15 104 196 66 74 63 40 108 0 0 0 
86 3 90 88 104 161 70 183 174 196 180 97 200 212 224 158 58 125 129 181 106 2 93 140 117 
107 142 84 60 79 12 62 3 0 0 87 152 67 62 64 46 87 30 19 21 27 65 0 0 0 
0 116 108 161 0 0 127 119 158 0 0 107 120 166 3 0 117 114 155 0 0 126 115 161 1 
13 0 0 131 0 8 0 0 95 0 91 65 87 188 84 11 0 0 99 0 19 1 0 105 0 
52 82 48 48 75 0 55 0 0 29 51 83 45 40 66 5 39 0 0 35 0 56 0 0 27 
104 112 19 56 72 158 176 78 73 159 99 153 59 70 98 70 74 3 20 45 183 226 88 110 140 
85 206 164 116 126 12 47 107 15 2 45 98 131 45 37 23 90 79 17 32 0 66 52 0 0 
3 26 9 8 73 7 34 24 0 98 0 17 9 6 35 56 80 72 49 161 26 34 29 20 92 
665 548 530 449 533 474 268 235 216 257 496 336 323 222 319 402 198 175 111 217 580 403 426 411 400 
97 64 0 3 0 172 152 72 68 71 77 87 0 0 0 97 89 23 18 18 67 58 0 0 0 
155 297 116 144 106 257 380 152 253 162 134 278 76 151 70 47 186 0 43 0 94 209 47 74 15 
0 0 0 0 57 0 0 0 0 66 0 0 0 0 75 0 0 0 0 69 160 176 170 179 213 
62 4 43 0 15 122 15 53 36 35 126 56 102 52 63 140 78 130 59 90 116 34 44 15 28 
150 0 0 54 0 156 0 0 54 0 141 0 0 39 0 168 0 0 46 0 149 0 0 41 0 
174 123 146 237 113 42 4 83 121 0 87 41 129 184 53 61 6 90 99 25 55 0 89 81 0 
0 0 55 71 0 85 57 109 114 67 1 0 48 48 0 72 77 125 104 64 57 34 90 88 33 
64 106 86 173 147 0 10 4 91 44 0 20 6 59 47 0 10 10 76 46 31 41 24 104 59 
119 117 83 20 9 170 171 146 96 100 99 97 68 33 9 219 181 189 105 111 134 144 120 25 44 
58 130 48 57 52 0 54 0 0 0 6 76 4 5 3 0 62 0 0 0 73 153 61 75 64 
0 0 0 19 0 0 0 0 20 0 0 0 0 19 0 0 0 0 20 0 173 197 215 229 220 
46 3 0 23 39 118 86 77 101 104 50 1 0 29 38 42 2 0 23 43 50 2 0 23 34 
58 7 53 117 108 19 2 25 97 101 63 25 51 140 116 35 0 34 97 103 131 101 137 214 218 
0 69 51 0 67 0 71 60 0 72 0 79 50 0 55 0 66 63 0 69 0 84 65 0 66 
47 22 55 40 31 72 51 89 56 53 23 16 35 19 12 55 43 102 70 50 8 0 31 0 0 
75 0 0 0 48 62 0 0 0 50 86 0 0 0 56 63 0 1 0 50 175 88 78 86 145 
90 123 17 125 95 70 159 10 117 110 50 86 1 136 61 222 283 166 272 219 123 168 78 180 141 
92 0 0 0 0 117 0 0 0 0 122 0 0 0 0 102 0 0 0 0 206 88 85 89 99 
82 97 105 85 72 8 38 43 16 10 0 14 48 0 0 71 78 97 66 49 22 38 62 21 15 
0 0 0 140 35 0 0 0 158 28 27 29 16 157 51 0 0 0 149 34 0 0 0 138 38 
0 0 204 0 35 0 0 224 0 28 0 0 200 0 26 0 0 180 0 22 0 0 175 0 29 
0 0 0 139 13 131 117 112 295 159 0 0 0 157 15 102 107 86 223 91 0 0 0 125 8 
60 115 155 206 67 42 91 111 170 35 88 137 135 196 81 43 141 138 181 61 64 105 117 192 50 
0 0 0 1250 0 0 1 0 1204 0 0 0 0 1239 0 0 1 0 1316 0 0 0 0 1247 0 
195 0 0 0 0 197 13 18 16 20 178 0 0 0 0 195 0 0 0 0 165 0 0 0 0 
0 0 1464 0 0 0 0 1479 0 0 0 0 1367 0 0 0 0 1482 0 0 0 0 1449 0 0 
