964 952 840 803 935 1078 1142 1122 1013 1102 774 737 784 743 799 1063 1048 1102 1049 1063 730 586 597 523 695 
148 117 147 133 138 0 0 0 0 0 107 73 111 90 92 0 0 0 0 0 0 0 0 0 0 
141 38 50 253 237 125 0 0 155 181 209 54 45 249 303 65 0 0 125 164 80 0 10 195 144 
294 32 116 88 99 230 0 40 2 7 399 124 200 135 153 442 214 298 251 236 264 58 105 43 104 
0 0 0 43 0 95 70 69 131 68 1 2 0 35 0 62 53 81 115 67 59 55 55 118 46 
179 51 86 146 19 128 4 78 106 0 145 26 81 116 25 135 0 45 125 0 316 191 280 304 186 
90 7 15 0 88 81 8 8 0 105 172 86 92 79 182 156 70 91 68 153 224 111 137 111 234 
0 0 0 0 0 0 0 0 0 0 1018 1031 988 1022 1050 0 0 0 0 0 0 0 0 0 0 
0 0 0 262 0 1 0 3 256 2 113 109 98 383 118 124 104 98 403 134 0 0 0 245 0 
18 9 18 204 8 0 0 0 211 0 43 53 47 208 36 0 0 0 190 0 3 6 2 210 1 
58 136 169 221 57 21 115 141 211 34 103 129 168 212 65 76 173 190 233 83 74 126 159 269 45 
0 0 0 0 0 0 0 0 0 0 0 0 0 0 0 63 66 66 64 79 168 148 157 184 154 
78 100 69 69 195 0 10 0 0 125 0 3 0 0 120 0 4 0 0 145 99 98 104 78 210 
143 147 146 158 156 0 0 0 0 0 0 0 0 0 0 0 0 0 0 0 78 82 65 73 84 
0 0 0 0 0 0 0 0 0 0 0 0 0 0 0 443 432 424 412 428 195 181 187 190 210 
0 202 0 0 84 0 173 0 0 96 137 333 150 143 217 0 190 0 0 96 0 216 0 0 74 
946 0 0 0 0 913 0 0 0 0 905 0 0 0 0 946 0 0 0 0 947 0 0 0 0 
22 8 237 148 161 54 9 187 154 169 123 111 299 228 208 218 207 384 342 325 135 98 278 236 278 
107 168 105 167 91 79 96 72 141 81 0 60 0 49 0 60 118 57 108 56 0 45 0 42 0 
37 8 13 12 23 139 103 119 108 125 35 0 0 0 17 29 0 0 0 22 136 114 106 125 152 
0 0 150 0 0 0 0 141 0 0 0 0 149 0 0 139 146 262 131 124 0 0 156 0 0 
0 64 43 45 0 0 78 43 45 0 35 96 90 97 33 0 70 47 46 0 0 69 55 42 0 
0 6 0 0 138 142 124 127 150 257 149 130 114 129 230 0 6 0 0 123 86 100 99 106 204 
0 0 0 0 0 0 0 0 0 0 0 0 0 0 0 1020 1081 1091 1072 997 0 0 0 0 0 
0 20 58 146 0 0 21 60 126 0 0 21 53 156 0 0 18 54 153 0 0 15 56 160 0 
84 57 0 0 0 112 84 16 15 14 169 102 37 47 35 108 72 0 0 0 122 110 28 29 32 
100 141 96 166 178 9 46 18 93 87 23 52 29 122 123 0 44 0 58 81 0 45 0 65 74 
73 98 110 57 10 83 106 147 54 2 231 273 291 257 186 79 125 116 52 0 218 171 239 171 102 
70 12 12 93 9 73 0 0 102 0 210 146 135 218 130 76 0 0 97 0 110 43 49 162 38 
108 79 40 42 28 134 94 44 56 28 52 44 15 0 0 81 66 17 11 14 73 51 11 0 0 
0 0 145 66 0 0 0 177 56 0 0 0 215 60 0 0 0 191 46 0 0 0 160 47 0 
125 158 165 117 109 0 52 71 0 0 0 55 70 0 0 31 63 97 32 33 0 43 98 0 0 
112 96 105 105 97 158 164 159 159 152 32 68 61 46 66 0 0 0 0 0 0 0 0 0 0 
0 0 0 165 0 0 0 0 175 0 230 236 222 410 242 0 0 0 170 0 0 0 0 156 0 
0 0 0 0 0 165 161 187 133 150 0 0 0 0 0 0 0 0 0 0 83 59 80 70 76 
114 2 0 66 56 148 34 55 125 107 222 78 88 177 169 98 0 0 75 37 200 89 85 159 117 
0 83 0 0 0 0 84 0 0 0 0 65 0 0 0 107 149 87 120 80 50 126 46 53 50 
0 0 133 0 0 115 107 239 145 130 0 0 111 0 0 15 14 161 3 12 16 20 115 14 26 
239 200 167 245 109 113 84 67 115 0 91 98 59 97 0 265 223 161 276 118 125 110 81 125 0 
0 0 0 0 0 37 38 30 20 22 0 0 0 0 0 62 76 78 69 101 115 112 117 107 147 
0 224 0 201 0 0 181 0 196 0 8 203 7 198 6 0 188 0 193 0 0 198 0 203 0 
0 39 0 128 0 0 50 0 135 0 0 50 0 139 0 73 142 69 207 81 0 55 0 121 0 
0 0 0 0 68 76 68 73 56 128 82 69 69 78 117 0 0 0 0 70 0 0 0 0 72 
72 336 356 51 261 12 229 244 6 184 61 301 327 50 218 112 328 319 104 276 205 386 407 160 327 
0 45 33 0 80 19 60 45 13 90 28 83 89 38 79 0 61 26 0 64 0 64 27 0 68 
113 99 113 123 126 13 0 0 38 0 11 0 0 41 0 18 0 0 40 0 97 75 65 115 87 
74 0 69 0 0 67 0 75 0 0 130 60 120 49 54 107 19 86 12 13 70 0 79 0 0 
0 18 81 0 96 0 12 69 0 107 0 16 74 0 106 0 14 91 0 133 0 13 69 0 101 
30 57 148 83 19 67 81 159 109 67 0 39 114 42 0 43 71 154 101 41 0 25 105 60 0 
0 66 0 0 0 0 79 0 0 0 117 239 112 138 120 0 94 0 0 0 14 91 20 27 33 
0 0 0 79 0 71 74 57 149 87 0 0 0 78 0 0 0 0 92 0 78 70 62 171 69 
62 0 120 65 0 79 0 124 63 0 80 0 113 64 0 58 0 149 70 0 48 0 116 63 0 
88 61 0 34 0 130 101 19 58 31 110 106 0 32 0 133 71 0 49 0 113 69 0 41 0 
0 0 0 0 30 195 200 203 202 237 0 0 0 0 39 0 0 1 0 32 0 0 0 0 38 
111 57 63 146 97 75 43 60 114 78 31 0 0 70 13 36 0 0 57 11 49 13 11 63 34 
29 67 9 6 13 18 52 0 0 0 21 88 0 0 0 158 194 142 134 129 29 87 0 0 0 
0 0 0 21 0 186 170 197 198 164 0 0 0 23 0 0 0 0 22 0 0 0 0 19 0 
71 79 133 138 89 0 0 52 63 0 0 0 74 60 0 0 0 67 53 0 0 0 58 62 0 
64 57 60 48 66 43 0 0 0 10 76 62 51 47 70 30 0 0 0 21 92 49 45 50 60 
0 0 25 0 69 9 6 36 12 89 0 0 34 0 70 10 7 43 8 95 81 75 114 64 153 
592 595 608 649 599 0 0 0 0 0 0 0 0 0 0 0 0 0 0 0 0 0 0 0 0 
68 135 159 81 88 31 94 101 30 37 0 36 77 0 0 0 40 89 0 0 0 46 77 0 0 
0 0 113 0 0 0 0 95 0 0 78 121 216 117 105 0 0 92 0 0 0 0 104 0 0 
114 131 49 67 166 52 41 0 0 95 48 65 0 0 82 46 44 0 0 91 69 51 0 0 96 
0 49 0 23 36 57 112 56 78 94 0 59 0 27 38 0 54 0 39 40 26 65 22 53 63 
9 8 102 5 15 0 0 91 0 0 0 0 90 0 0 39 40 129 28 29 75 79 153 61 86 
0 0 0 50 75 88 81 62 117 163 0 0 0 49 73 0 0 0 36 84 0 0 0 46 73 
110 184 83 84 93 27 126 0 0 0 32 127 7 9 9 25 87 0 0 0 30 86 3 5 0 
62 26 86 18 96 19 0 29 3 66 13 0 28 0 74 14 0 36 0 64 9 0 25 0 71 
69 1 1 0 5 76 0 2 0 0 99 47 32 58 80 117 42 18 37 35 189 114 97 142 114 
67 34 118 48 52 32 0 81 0 0 29 0 77 0 0 26 0 70 0 0 83 45 122 48 45 
83 76 96 47 57 31 28 23 0 9 56 66 52 26 41 43 27 28 0 9 32 31 23 0 7 
0 62 65 0 0 0 50 37 0 0 21 104 69 21 20 32 109 57 40 42 0 62 47 0 0 
46 65 38 36 33 29 88 27 19 15 6 56 16 0 18 17 41 16 10 13 0 56 0 0 0 
30 0 91 0 45 64 43 124 39 80 25 0 85 0 29 37 10 99 5 36 31 0 99 0 28 
0 2105 0 0 0 0 2154 0 0 0 0 2018 0 0 0 0 2103 0 0 0 0 2036 0 0 0 
40 109 99 23 14 105 190 179 84 74 12 128 98 8 0 50 163 120 67 36 7 122 81 4 0 
53 86 69 0 0 50 101 89 0 0 68 95 96 0 0 51 104 83 0 0 49 91 95 0 0 
17 159 0 190 0 151 253 126 377 155 156 280 137 354 161 7 159 0 239 0 7 150 0 182 0 
94 113 215 138 100 0 0 72 0 0 0 0 94 0 0 0 0 77 0 0 242 261 285 262 264 
0 0 0 0 0 1251 1201 1207 1168 1236 0 0 0 0 0 0 0 0 0 0 0 0 0 0 0 
0 0 81 125 0 0 0 75 106 0 0 0 81 127 0 0 0 81 126 0 0 0 74 128 0 
163 47 53 97 60 167 56 67 117 62 95 0 0 45 0 89 0 0 40 0 104 0 0 52 0 
0 118 0 0 79 0 135 0 0 69 0 143 0 0 80 0 125 0 0 66 0 137 0 0 93 
138 222 106 167 57 128 216 83 127 31 246 393 237 302 147 204 335 180 217 71 189 364 257 226 147 
97 89 288 296 94 0 0 202 215 5 124 119 289 317 119 0 1 169 196 14 21 5 189 209 19 
144 130 119 177 275 9 19 5 8 178 21 16 9 20 172 233 223 173 204 380 234 275 267 243 428 
0 60 0 0 0 0 47 0 0 0 0 60 0 0 0 7 59 4 7 2 152 191 151 128 145 
83 41 61 26 67 52 15 30 0 67 68 12 33 0 40 122 14 29 0 54 191 140 148 120 193 
207 78 0 102 0 200 71 0 105 0 208 60 0 106 0 195 67 0 118 0 201 63 0 120 0 
55 0 0 0 0 62 0 0 0 0 64 0 0 0 0 201 133 144 146 140 52 0 0 0 0 
101 248 258 163 59 135 240 254 158 53 126 232 247 139 79 55 159 206 90 10 56 228 206 117 24 
77 1 10 50 26 99 63 52 106 68 105 71 63 89 84 67 26 26 69 39 60 0 0 26 13 
117 124 143 93 193 0 0 8 0 49 63 81 84 71 117 0 0 16 0 50 0 0 13 0 66 
20 45 0 49 0 95 113 59 101 46 52 57 23 73 32 33 38 0 47 0 24 41 0 51 0 
89 91 104 99 144 91 82 75 68 102 0 24 0 0 52 0 23 0 0 31 63 68 61 54 96 
0 80 0 0 0 36 134 39 45 38 38 150 34 34 30 31 139 28 29 37 40 152 49 41 52 
33 11 40 34 0 103 71 112 112 63 43 21 46 37 0 47 9 43 35 0 38 20 37 37 0 
3 8 0 75 210 120 132 130 203 348 0 21 0 75 255 0 5 0 80 266 124 140 112 179 316 
11 16 82 12 235 0 0 51 10 167 107 100 163 103 274 133 134 199 158 333 2 2 65 0 190 
153 0 0 0 0 132 0 0 0 0 221 89 100 102 105 130 0 0 0 0 130 0 0 0 0 
0 0 0 0 833 0 0 0 0 791 0 0 0 0 842 0 0 0 0 845 0 0 0 0 778 
100 84 0 134 46 103 115 2 157 75 130 122 41 200 91 88 83 4 134 73 97 93 3 167 54 
202 0 0 0 0 361 117 112 99 90 240 0 0 0 0 230 0 0 0 0 218 0 0 0 0 
0 0 0 0 0 87 64 81 73 84 0 0 0 0 0 167 149 177 162 164 0 0 0 0 0 
0 24 0 183 0 39 63 59 219 43 0 19 0 154 0 0 18 0 167 0 0 23 0 187 0 
107 71 100 129 148 53 0 65 61 40 28 0 67 80 66 90 52 112 135 113 12 6 61 77 49 
50 50 55 137 114 28 22 33 90 79 0 0 0 88 60 0 0 0 51 53 7 10 10 84 65 
0 10 67 0 0 78 104 194 90 99 0 9 76 0 0 54 83 179 60 60 0 7 71 0 0 
206 13 201 0 0 219 5 186 0 0 207 3 187 3 0 190 3 193 0 0 221 23 193 8 10 
285 106 315 138 186 312 158 398 172 213 318 161 412 215 242 187 38 223 54 120 234 65 269 54 101 
65 153 69 83 66 0 86 0 27 0 17 128 28 34 27 0 104 0 17 0 0 75 0 22 0 
0 0 46 0 71 45 56 90 51 132 72 89 106 62 140 0 0 37 0 71 0 0 52 0 72 
0 0 16 0 191 0 0 16 0 178 0 0 28 0 167 0 0 25 0 182 0 0 23 0 182 
0 0 0 55 0 0 0 0 66 0 60 67 48 151 49 0 0 0 63 0 95 86 93 177 92 
111 0 0 118 0 140 0 0 147 0 131 0 0 125 0 124 0 0 141 0 124 0 0 137 0 
4 25 74 68 0 98 194 204 191 144 172 225 234 232 153 12 80 115 101 11 90 124 121 132 55 
120 177 146 120 258 0 0 0 0 90 0 0 0 0 88 25 26 35 26 137 0 0 0 0 102 
126 226 138 127 132 0 116 0 0 0 77 189 83 90 77 5 112 2 0 6 87 201 89 80 92 
146 131 78 77 82 81 46 0 0 0 87 49 2 4 8 63 51 0 0 0 78 61 0 0 0 
0 112 0 0 0 30 152 44 52 63 0 121 0 0 0 58 175 75 79 62 0 109 0 0 0 
0 0 0 0 0 0 0 0 0 0 0 0 0 0 0 0 0 0 0 0 442 425 470 442 413 
0 0 36 0 0 73 79 92 75 87 0 0 31 0 0 77 75 83 59 79 19 25 59 21 26 
8 14 16 17 52 0 0 0 0 36 79 79 71 69 99 0 0 0 0 33 68 98 78 76 105 
0 0 0 135 0 0 0 0 119 0 0 0 0 143 0 0 0 0 149 0 78 75 82 203 82 
0 68 0 34 78 2 66 0 42 78 0 55 0 36 93 0 61 0 32 76 17 75 23 60 116 
0 99 0 0 0 0 94 0 0 0 0 96 0 0 0 0 88 0 0 0 97 176 99 105 92 
0 0 0 48 0 78 83 78 70 79 53 24 44 51 41 0 0 0 18 0 100 104 107 136 104 
0 0 117 55 0 43 45 155 105 50 0 0 102 39 0 0 0 89 37 0 0 0 126 35 0 
1 11 0 0 0 0 80 31 2 35 0 85 0 0 22 1 59 8 0 0 0 47 18 0 12 
61 0 0 0 0 128 63 63 72 67 100 19 19 23 15 134 48 45 52 41 59 0 0 0 0 
83 35 33 111 37 39 0 0 91 0 47 0 0 85 0 83 34 30 120 32 55 0 0 83 0 
0 0 63 43 0 0 0 55 42 0 101 99 149 132 97 0 0 62 47 0 0 0 67 42 0 
35 0 0 75 110 113 91 88 157 214 29 2 3 93 131 58 16 43 90 99 32 32 46 101 133 
0 8 52 96 6 0 0 59 88 0 52 33 122 130 57 30 45 70 129 43 0 0 50 86 0 
78 6 67 58 15 56 1 58 48 22 162 97 173 153 115 96 19 73 58 22 62 0 55 48 0 
43 0 61 0 57 41 0 57 0 53 28 0 70 0 77 91 55 112 67 111 32 0 59 0 62 
85 30 172 85 59 58 13 166 90 37 63 0 139 34 16 153 58 225 129 100 98 29 191 81 66 
8 73 144 21 127 141 199 281 137 232 36 112 193 39 188 0 43 139 1 122 110 161 238 121 242 
21 22 28 65 55 45 50 42 88 88 0 0 0 34 32 0 0 0 29 21 87 98 112 141 120 
18 32 1 85 1 29 49 0 107 0 82 79 41 135 53 25 39 0 106 0 41 36 0 85 0 
0 0 55 0 0 165 164 224 153 179 0 0 69 0 0 0 0 76 0 0 0 0 73 0 0 
61 110 66 94 50 16 39 0 36 0 80 117 85 131 59 23 89 7 81 19 106 79 99 132 53 
10 6 0 0 74 16 2 0 0 65 65 66 52 49 126 23 21 19 13 79 94 127 101 100 145 
55 7 7 5 14 79 57 57 63 61 85 72 75 83 81 39 0 5 0 10 29 7 12 3 19 
24 112 75 17 38 0 102 72 6 7 0 80 44 0 21 0 84 57 6 15 46 146 117 50 92 
161 195 100 106 110 88 65 51 22 22 40 50 19 0 0 40 61 15 0 0 37 44 14 0 0 
95 0 0 29 0 83 0 0 16 0 99 0 0 18 0 100 0 0 0 0 122 15 23 47 29 
78 83 17 24 23 57 40 4 0 4 60 74 18 11 17 67 70 33 36 52 83 81 47 31 51 
33 65 39 70 21 0 47 2 40 16 1 41 6 44 17 0 39 9 31 10 35 85 50 89 65 
0 0 54 27 11 0 0 42 35 3 0 0 40 40 6 40 53 120 94 61 54 49 100 93 63 
29 38 27 25 31 0 0 0 0 0 71 59 57 63 57 0 0 0 0 0 120 109 100 118 111 
42 33 37 31 38 0 0 15 0 0 0 0 17 0 0 52 46 82 55 52 126 103 140 138 120 
34 44 98 48 53 2 7 54 8 10 59 51 124 54 50 0 0 48 2 0 0 0 59 16 0 
0 0 180 31 0 0 0 140 23 0 18 20 156 37 18 0 0 166 23 0 0 0 162 23 0 
35 114 0 0 0 80 154 59 48 56 92 184 27 23 19 92 181 67 65 62 28 97 0 0 0 
82 2 79 89 95 153 73 168 159 178 160 81 175 189 198 152 40 96 114 150 103 3 84 125 104 
101 143 76 67 73 16 72 5 0 0 86 160 71 62 66 44 85 32 20 16 27 69 0 0 0 
0 116 107 163 0 0 126 119 164 0 0 107 120 167 2 0 115 116 156 0 0 123 118 164 3 
13 0 0 131 0 9 0 0 89 0 91 65 87 184 84 11 0 0 96 0 20 0 1 105 0 
48 74 40 36 59 0 53 0 0 32 48 81 41 40 61 6 34 0 0 32 0 62 1 0 31 
126 150 43 74 128 160 243 110 93 199 148 157 55 64 103 82 69 3 18 74 211 252 114 144 170 
70 171 132 81 97 6 43 64 12 3 34 72 96 32 32 20 72 64 11 23 0 57 52 0 0 
2 14 9 0 70 6 21 16 0 90 0 10 19 3 50 65 80 65 33 149 20 39 26 23 103 
599 439 446 379 408 456 210 260 200 187 470 287 275 194 258 336 151 107 64 135 499 341 352 325 308 
67 53 0 3 0 134 126 60 64 58 70 69 0 0 0 78 76 18 13 15 58 49 0 0 0 
167 313 129 149 130 269 400 160 262 193 137 285 87 155 73 34 187 0 31 0 95 230 74 92 54 
7 0 0 65 0 0 0 0 41 0 60 50 50 71 33 76 57 32 102 67 26 0 3 32 0 
0 0 0 0 52 0 0 0 0 56 0 0 0 0 65 0 0 0 0 58 134 157 141 152 184 
55 0 26 0 12 111 12 48 21 29 119 44 79 43 62 121 55 107 56 76 109 29 36 18 31 
145 0 0 45 0 147 0 0 39 0 131 0 0 31 0 159 0 0 35 0 138 0 0 29 0 
161 116 151 246 114 36 0 77 125 4 85 45 132 175 70 56 10 104 107 25 50 0 87 91 2 
0 0 49 57 0 78 51 116 100 71 0 0 47 41 0 65 54 99 89 54 49 32 96 79 32 
83 116 106 182 179 0 9 6 94 47 0 23 5 59 60 0 14 14 89 61 40 47 29 117 66 
125 137 88 62 14 208 189 137 110 104 97 104 55 38 13 250 221 232 156 151 127 173 118 57 61 
63 153 61 66 65 0 62 0 0 0 7 91 4 9 5 0 67 0 0 0 91 186 73 91 74 
0 0 0 18 0 0 0 0 21 0 0 0 0 21 0 0 0 0 22 0 177 188 219 223 211 
46 0 0 33 39 118 83 76 104 102 47 0 0 34 39 41 0 0 24 43 50 0 0 29 33 
47 2 45 84 74 8 6 22 106 85 66 20 44 114 112 20 0 37 82 98 116 84 121 199 210 
0 73 58 0 68 0 76 63 0 75 0 82 60 0 60 0 68 65 0 74 0 90 71 0 68 
46 21 56 39 32 69 50 90 55 53 22 14 36 19 12 54 44 100 67 46 7 0 31 0 0 
73 0 0 0 50 61 0 0 0 47 86 0 0 0 58 65 0 0 0 49 169 85 74 88 144 
67 100 7 99 79 56 109 4 105 100 40 68 0 111 73 177 225 131 231 186 105 165 64 150 151 
92 0 0 0 0 117 0 0 0 0 122 0 0 0 0 102 0 0 0 0 206 88 85 89 99 
76 92 100 79 64 10 37 42 16 10 0 14 47 0 0 63 73 94 54 53 22 32 64 17 14 
0 0 0 140 35 0 0 0 158 28 27 29 16 157 51 0 0 0 149 34 0 0 0 138 38 
0 0 180 0 35 0 0 201 0 27 0 0 179 0 23 0 0 166 0 21 0 0 163 0 22 
0 0 0 122 13 129 123 110 302 145 0 0 0 150 15 91 95 75 222 85 0 0 0 114 6 
0 0 0 9 3 0 0 0 8 5 0 0 0 0 0 0 0 1 0 0 0 14 1 19 10 
0 0 0 1227 0 0 0 0 1229 0 0 0 0 1247 0 0 2 5 1318 2 0 0 0 1248 0 
0 0 1457 0 0 0 0 1476 0 0 0 0 1379 0 0 0 0 1498 0 0 0 0 1459 0 0 
