974 887 854 853 952 1143 1159 1105 1007 1101 740 725 759 781 848 1046 1035 1102 1039 1067 715 625 610 523 689 
147 121 144 138 149 0 0 0 0 0 112 75 109 100 91 0 0 0 0 0 0 0 0 0 0 
122 42 41 211 212 95 0 0 141 158 193 62 43 231 256 67 0 0 110 162 80 0 4 152 131 
284 35 109 96 91 209 0 34 3 3 379 92 182 115 122 404 183 291 214 214 257 53 101 51 81 
0 0 0 43 0 91 64 62 124 71 0 3 0 31 0 68 57 79 114 64 57 58 52 109 48 
183 40 87 146 17 141 6 87 87 0 152 34 78 122 23 141 0 55 125 0 302 179 280 315 188 
101 10 26 0 86 89 11 18 0 103 202 95 101 87 201 170 66 106 62 171 226 112 140 113 263 
0 0 0 0 0 0 0 0 0 0 1021 1031 984 1010 1048 0 0 0 0 0 0 0 0 0 0 
0 0 0 265 0 0 0 4 258 1 110 104 99 375 117 118 102 98 413 137 0 0 0 250 0 
16 9 16 226 6 0 0 0 220 0 46 52 40 213 32 0 0 0 190 0 2 6 0 208 2 
57 135 183 242 74 28 125 177 220 33 116 164 197 217 57 80 172 202 251 94 88 145 172 280 48 
0 0 0 0 0 0 0 0 0 0 0 0 0 0 0 56 66 69 63 76 171 150 152 183 157 
74 95 60 62 188 0 13 0 0 106 0 3 0 0 114 0 5 0 0 140 92 86 86 79 203 
139 148 139 148 152 0 0 0 0 0 0 0 0 0 0 0 0 0 0 0 81 78 65 69 84 
0 0 0 0 0 0 0 0 0 0 0 0 0 0 0 439 441 433 424 427 195 185 188 201 212 
0 196 0 0 82 0 169 0 0 94 130 330 152 138 207 0 184 0 0 92 0 214 0 0 73 
945 0 0 0 0 914 0 0 0 0 925 0 0 0 0 967 0 0 0 0 964 0 0 0 0 
20 3 206 117 144 43 15 184 140 167 122 115 275 235 206 199 195 383 342 322 139 95 254 220 300 
121 157 99 189 100 89 98 82 131 85 0 49 0 56 0 60 131 66 110 62 0 48 0 47 0 
43 7 14 8 22 136 104 132 97 123 34 0 0 0 22 29 0 0 0 24 138 121 110 122 158 
0 0 148 0 0 0 0 135 0 0 0 0 146 0 0 139 139 253 135 140 0 0 146 0 0 
0 67 42 47 0 0 79 42 47 0 36 102 95 98 34 0 76 48 49 0 0 73 56 43 0 
0 2 0 1 137 152 130 125 160 273 141 130 104 138 231 0 9 0 0 117 77 101 107 104 215 
0 0 0 0 0 0 0 0 0 0 0 0 0 0 0 1026 1086 1098 1067 999 0 0 0 0 0 
0 19 52 137 0 0 18 54 116 0 0 20 48 147 0 0 17 53 149 0 0 15 53 154 0 
87 56 0 0 0 117 91 18 20 15 177 107 40 50 31 122 79 0 0 0 136 124 36 23 32 
106 158 80 184 169 9 39 17 91 87 22 59 26 122 123 0 44 0 73 79 0 46 0 71 92 
63 108 97 47 10 73 113 151 69 2 230 261 286 245 186 86 119 129 52 1 196 163 233 177 103 
69 7 11 83 11 75 0 0 108 0 212 145 138 219 128 75 0 0 99 0 110 46 50 170 41 
99 75 40 38 26 127 85 41 52 28 45 43 11 0 0 78 64 16 12 12 69 46 7 0 0 
0 0 149 69 0 0 0 183 58 0 0 0 221 59 0 0 0 187 51 0 0 0 160 46 0 
124 157 168 115 114 0 52 71 0 0 0 54 70 0 0 36 70 94 32 35 0 44 93 0 0 
105 96 107 99 82 146 160 155 156 147 33 53 64 47 67 0 0 0 0 0 0 0 0 0 0 
0 0 0 165 0 0 0 0 174 0 230 234 220 408 242 0 0 0 171 0 0 0 0 155 0 
0 0 0 0 0 167 152 184 142 153 0 0 0 0 0 0 0 0 0 0 78 69 76 73 80 
108 1 0 68 56 139 43 53 129 128 211 90 89 185 177 91 0 0 80 39 200 85 87 160 132 
0 84 0 0 0 0 83 0 0 0 0 63 0 0 0 118 156 91 122 85 50 133 46 51 49 
0 0 121 0 0 109 108 234 134 129 0 0 102 0 0 9 12 167 4 12 19 24 108 14 22 
237 193 168 244 106 112 73 71 113 0 92 90 55 100 0 260 231 147 279 121 113 112 77 124 0 
0 0 0 0 0 37 39 30 20 22 0 0 0 0 0 63 80 78 74 101 108 109 114 104 146 
0 224 0 202 0 0 180 0 195 0 8 201 7 197 6 0 187 0 192 0 0 199 0 205 0 
0 38 0 129 0 0 51 0 140 0 0 49 0 142 0 70 148 66 200 72 0 59 0 120 0 
0 0 0 0 71 76 69 74 60 128 85 70 70 77 122 0 0 0 0 70 0 0 0 0 75 
87 333 348 45 262 10 224 233 7 194 52 309 329 51 242 113 323 325 99 264 216 398 418 178 329 
0 45 33 0 79 19 60 45 13 88 28 80 86 38 79 0 59 26 0 64 0 61 27 0 68 
113 94 114 133 127 16 0 0 41 0 13 0 0 42 0 25 0 0 42 0 98 73 63 110 84 
80 0 69 0 0 72 0 77 0 0 134 59 124 54 57 114 18 93 13 13 80 0 78 0 0 
0 18 81 0 96 0 12 69 0 107 0 16 73 0 106 0 14 91 0 133 0 12 68 0 101 
19 59 135 76 21 58 74 158 113 58 0 42 115 40 0 42 66 145 96 35 0 29 104 58 0 
0 62 0 0 0 0 77 0 0 0 115 229 107 136 123 0 88 0 0 0 14 84 18 26 31 
0 0 0 81 0 74 74 61 146 94 0 0 0 81 0 0 0 0 95 0 82 74 65 173 70 
59 0 121 65 0 81 0 124 63 0 79 0 108 57 0 62 0 132 69 0 53 0 116 59 0 
96 65 0 37 0 131 103 22 56 28 123 106 0 34 0 133 70 0 49 0 116 70 0 41 0 
0 0 0 0 28 198 195 198 203 240 0 0 0 0 41 0 0 0 0 34 0 0 0 0 35 
108 55 71 141 100 71 42 58 119 85 31 0 0 67 9 38 0 0 58 14 47 12 8 73 38 
31 68 9 6 13 18 56 0 0 0 21 83 0 0 0 154 188 141 129 123 29 84 0 0 0 
0 0 0 21 0 187 172 198 200 167 0 0 0 23 0 0 0 0 22 0 0 0 0 19 0 
71 79 133 138 89 0 0 52 63 0 0 0 74 60 0 0 0 67 52 0 0 0 59 62 0 
63 57 58 48 68 41 0 0 0 11 75 62 48 47 72 30 0 0 0 22 92 47 45 49 60 
0 0 25 0 69 9 6 36 12 89 0 0 33 0 70 10 7 43 8 95 81 75 114 64 153 
593 593 619 649 603 0 0 0 0 0 0 0 0 0 0 0 0 0 0 0 0 0 0 0 0 
66 140 160 83 87 36 95 107 29 36 0 36 86 0 0 0 42 91 0 0 0 44 76 0 0 
0 0 119 0 0 0 0 94 0 0 78 120 217 114 108 0 0 91 0 0 0 0 107 0 0 
110 129 42 67 163 49 44 0 0 100 49 68 1 0 74 48 45 0 0 89 64 48 0 0 88 
0 49 0 23 35 58 115 57 80 94 0 59 0 27 38 0 55 0 39 40 26 65 22 53 63 
9 6 99 4 12 0 0 87 0 0 0 0 83 0 0 36 39 120 27 29 73 77 150 57 85 
0 0 0 51 75 88 81 63 117 163 0 0 0 49 72 0 0 0 36 84 0 0 0 47 73 
111 182 83 84 94 25 129 0 0 0 33 127 8 9 9 28 90 0 0 0 29 92 2 3 1 
69 25 86 20 95 18 0 39 4 66 10 0 32 0 74 18 0 41 0 63 10 0 30 0 71 
68 3 1 0 4 79 0 5 2 0 99 53 30 57 77 116 51 16 35 37 186 114 108 139 115 
67 34 118 48 54 32 0 81 0 0 29 0 77 0 0 26 0 70 0 0 83 45 122 48 44 
84 76 91 45 59 31 29 20 0 8 56 65 49 27 43 45 27 26 0 9 29 26 25 0 2 
0 62 58 0 0 0 51 31 0 0 21 104 73 21 21 32 108 55 40 42 0 62 51 0 0 
39 82 46 34 35 29 93 24 18 19 13 58 15 0 26 16 40 17 16 16 0 54 0 0 0 
28 0 90 0 45 64 42 123 39 80 25 0 84 0 28 37 10 99 4 36 31 0 98 0 28 
0 2113 0 0 0 0 2159 0 0 0 0 2037 0 0 0 0 2084 0 0 0 0 2036 0 0 0 
49 108 104 19 12 92 215 173 93 77 12 139 100 3 0 51 179 117 67 35 7 105 86 0 0 
51 93 74 0 0 49 107 88 0 0 67 95 97 0 0 55 101 78 0 0 48 92 88 0 0 
21 153 0 201 0 147 264 133 368 162 141 284 134 382 152 5 154 0 230 0 9 150 0 186 0 
108 116 185 123 100 0 0 65 0 0 1 0 105 0 0 0 0 71 0 0 237 236 303 242 254 
0 0 0 0 0 1251 1209 1213 1170 1234 0 0 0 0 0 0 0 0 0 0 0 0 0 0 0 
0 0 85 132 0 0 0 83 108 0 0 0 83 128 0 0 0 82 131 0 0 0 73 131 0 
165 56 53 92 50 175 60 62 110 62 90 0 0 47 0 90 0 0 40 0 102 0 0 51 0 
0 118 0 0 75 0 145 0 0 71 0 151 0 0 81 0 132 0 0 67 0 135 0 0 95 
128 207 125 172 47 130 214 78 131 25 269 369 239 325 146 186 317 159 210 62 194 344 249 247 150 
97 87 294 296 98 0 0 199 212 3 138 115 296 312 127 0 0 172 203 16 22 7 204 210 19 
153 122 130 159 284 12 23 3 6 166 21 21 9 22 177 225 216 173 206 378 228 276 259 254 409 
0 60 0 0 0 0 47 0 0 0 0 60 0 0 0 7 59 4 7 3 149 184 149 127 144 
94 39 60 21 85 68 16 27 0 74 78 13 35 0 54 117 16 34 0 56 205 140 145 125 191 
202 76 0 101 0 199 70 0 103 0 205 59 0 104 0 194 63 0 109 0 206 62 0 122 0 
55 0 0 0 0 62 0 0 0 0 64 0 0 0 0 202 133 145 146 141 52 0 0 0 0 
106 254 238 141 57 109 227 243 151 51 121 251 232 125 81 63 161 204 80 5 51 214 209 95 20 
78 3 9 54 30 104 72 52 106 73 108 66 67 93 83 75 27 24 67 45 65 0 0 29 15 
110 124 134 100 196 0 0 7 0 59 65 78 83 66 122 0 0 23 0 52 0 0 14 0 63 
20 51 0 50 0 105 121 64 106 46 56 59 20 71 36 33 41 0 47 0 27 44 0 51 0 
97 101 105 104 152 92 89 80 72 114 0 24 0 0 54 0 26 0 0 30 65 82 59 53 100 
0 74 0 0 0 33 142 35 38 31 34 142 38 35 32 28 127 25 27 36 49 135 52 36 54 
33 11 41 34 0 102 70 112 109 61 42 19 47 37 0 47 7 42 34 0 41 18 37 39 0 
4 14 0 69 213 119 134 122 202 349 0 22 0 77 250 0 4 0 79 259 123 148 110 178 310 
9 19 94 7 243 1 0 58 7 176 110 97 165 110 276 140 136 210 167 337 3 3 63 1 186 
149 0 0 0 0 134 0 0 0 0 226 87 100 98 106 126 0 0 0 0 129 0 0 0 0 
0 0 0 0 831 0 0 0 0 786 0 0 0 0 838 0 0 0 0 845 0 0 0 0 774 
92 83 0 139 48 105 114 0 170 64 135 121 35 176 81 94 90 3 130 74 86 115 2 164 66 
208 0 0 0 0 362 111 109 100 93 234 0 0 0 0 214 0 0 0 0 207 0 0 0 0 
0 0 0 0 0 93 74 81 78 86 0 0 0 0 0 169 146 184 165 167 0 0 0 0 0 
0 22 0 150 0 35 62 49 200 34 0 19 0 141 0 0 20 0 145 0 0 20 0 168 0 
100 71 106 137 150 42 0 67 64 51 26 0 66 71 54 89 52 111 125 120 10 4 51 77 54 
48 53 57 144 120 30 22 35 93 79 0 0 0 86 62 0 0 0 55 53 7 10 9 79 57 
0 11 62 0 0 80 97 191 85 91 0 8 76 0 0 63 82 176 57 59 0 6 71 0 0 
211 17 199 0 0 208 9 183 0 0 204 4 191 2 0 188 4 203 0 0 221 28 190 10 10 
292 119 341 137 177 325 156 408 175 196 328 160 420 231 240 201 34 208 63 129 245 75 275 53 111 
65 154 69 83 65 0 86 0 26 0 18 129 28 34 27 0 103 0 17 0 0 75 0 22 0 
0 0 38 0 69 45 52 86 50 135 73 91 103 63 138 0 0 37 0 69 0 0 53 0 72 
0 0 16 0 187 0 0 16 0 178 0 0 28 0 166 0 0 25 0 179 0 0 23 0 182 
0 0 0 56 0 0 0 0 71 0 58 67 47 151 48 0 0 0 64 0 106 91 90 174 95 
123 0 0 120 0 149 0 0 143 0 135 0 0 115 0 125 0 0 144 0 121 0 0 136 0 
3 28 87 78 0 118 194 205 184 141 181 207 249 236 156 10 67 107 105 19 81 113 130 162 62 
120 176 142 119 251 0 0 0 0 92 0 0 0 0 85 27 24 31 27 133 0 0 0 0 103 
126 225 142 124 130 0 118 0 0 0 78 194 87 86 79 3 114 0 0 0 100 206 82 78 95 
150 130 83 86 79 78 46 0 0 0 89 48 5 5 9 68 52 1 0 0 80 58 0 0 0 
0 115 0 0 0 31 148 45 59 61 0 131 0 0 0 62 184 80 84 61 0 111 0 0 0 
0 0 0 0 0 0 0 0 0 0 0 0 0 0 0 0 0 0 0 0 438 416 455 438 413 
0 0 40 0 0 78 88 106 78 94 0 0 34 0 0 81 79 92 63 86 20 25 66 24 31 
8 15 16 17 52 0 0 0 0 36 80 79 71 69 99 0 0 0 0 32 68 98 78 76 105 
0 0 0 134 0 0 0 0 114 0 0 0 0 142 0 0 0 0 150 0 77 73 87 210 80 
0 68 0 34 75 2 67 0 42 78 1 57 0 35 93 0 61 0 32 76 18 82 24 59 113 
0 95 0 0 0 0 99 0 0 0 0 94 0 0 0 0 90 0 0 0 97 173 99 105 92 
0 0 0 39 0 74 68 78 81 76 54 19 43 44 51 0 0 0 14 0 91 90 106 151 101 
0 0 117 55 0 43 45 155 106 50 0 0 102 39 0 0 0 89 38 0 0 0 126 35 0 
0 10 0 0 0 0 84 25 1 23 0 79 0 0 23 0 47 8 0 0 0 47 12 0 9 
59 0 0 0 0 126 62 61 76 69 99 19 18 20 15 131 47 46 52 41 58 0 0 0 0 
83 35 33 111 37 38 0 0 91 0 48 0 0 85 0 83 35 30 120 32 55 0 0 83 0 
0 0 63 43 0 0 0 55 43 0 101 99 149 132 97 0 0 62 47 0 0 0 67 42 0 
34 0 0 79 121 114 85 107 163 218 41 0 3 99 141 55 21 37 94 106 37 36 57 98 132 
3 6 54 98 9 0 0 49 81 0 56 31 114 126 51 28 41 75 120 39 0 0 50 82 0 
72 8 58 62 15 61 1 51 45 22 154 88 156 148 112 91 21 65 59 18 58 0 53 41 0 
40 0 60 0 61 39 0 56 0 51 28 0 67 0 73 92 51 108 65 112 31 0 56 0 57 
87 32 181 85 56 60 12 166 81 38 58 0 145 31 19 159 59 224 138 113 100 32 197 89 63 
8 66 149 19 131 143 190 282 129 246 32 114 185 38 190 0 52 147 2 112 103 155 239 126 247 
23 25 30 67 56 44 43 43 87 90 0 0 0 32 30 0 0 0 28 18 90 100 112 146 116 
18 31 0 85 0 32 50 0 111 0 82 78 43 136 55 25 38 0 108 0 43 34 0 82 0 
0 0 62 0 0 165 163 230 153 179 0 0 65 0 0 0 0 79 0 0 0 0 71 0 0 
61 119 68 101 48 18 44 0 45 0 90 126 91 133 67 25 87 7 81 21 105 91 108 141 53 
12 7 0 0 71 15 2 0 0 65 60 71 45 49 123 25 21 17 13 78 93 121 103 90 141 
57 8 10 6 17 83 55 61 60 59 94 70 76 87 81 38 0 5 0 10 29 7 10 4 18 
22 106 73 17 29 0 96 76 5 7 0 76 49 0 20 0 84 56 5 15 49 136 115 43 93 
154 192 103 102 111 86 66 46 24 21 41 51 15 0 0 47 53 15 0 0 40 44 14 0 0 
95 0 0 30 0 83 0 0 22 0 99 0 0 21 0 100 0 0 0 0 122 15 23 43 29 
73 81 17 24 24 54 43 0 0 3 54 67 16 10 17 58 70 28 38 47 82 70 52 28 43 
33 65 41 71 29 0 51 2 42 15 2 44 5 46 16 0 35 6 31 10 33 86 49 92 65 
0 0 56 27 11 0 0 45 35 3 0 0 44 40 6 43 53 122 94 61 53 50 100 93 63 
29 37 26 22 31 0 0 0 0 0 71 59 57 62 55 0 0 0 0 0 120 107 99 114 110 
46 35 33 34 44 0 0 17 0 0 0 0 21 0 0 54 46 79 56 50 125 108 132 134 119 
30 45 99 45 53 1 7 56 6 11 56 51 126 51 50 0 0 46 3 0 0 0 56 12 0 
0 0 180 32 0 0 0 141 23 0 19 20 156 37 18 0 0 166 23 0 0 0 162 23 0 
35 112 0 0 0 90 158 59 49 53 89 184 38 21 18 101 183 65 72 70 29 100 0 0 0 
75 3 78 79 95 153 67 164 158 162 166 84 163 178 202 136 39 87 101 148 94 3 81 119 94 
101 141 75 62 65 15 64 3 0 0 81 170 74 61 59 40 89 33 23 19 25 71 0 0 0 
0 115 108 165 0 0 125 115 161 0 0 105 121 163 0 0 117 117 156 0 0 129 119 163 3 
13 0 0 137 0 9 0 0 95 0 94 68 89 188 85 10 0 0 99 0 21 1 1 107 0 
42 72 42 38 57 0 55 0 0 25 50 83 44 40 57 6 35 0 0 31 0 65 0 0 29 
118 153 39 67 107 154 215 94 101 199 116 153 61 52 111 54 80 5 16 67 200 263 117 151 144 
73 182 134 83 106 7 44 63 14 3 30 72 99 32 34 20 72 64 14 27 0 63 50 0 0 
1 15 6 0 66 4 16 15 0 103 0 12 12 4 52 55 84 63 34 148 19 30 27 30 93 
596 461 469 371 415 450 203 256 200 185 465 303 303 183 260 348 142 112 73 138 520 343 365 328 314 
70 52 0 3 0 130 124 58 62 59 69 69 0 0 0 80 74 18 14 15 60 49 0 0 0 
160 315 128 146 119 249 388 155 251 184 123 270 97 154 76 32 192 0 34 0 91 224 71 93 49 
12 0 0 68 0 0 0 0 47 0 67 54 61 76 29 71 58 52 107 67 27 0 4 32 0 
0 0 0 0 51 0 0 0 0 56 0 0 0 0 65 0 0 0 0 57 134 157 141 152 185 
59 0 34 0 16 121 13 53 21 29 116 47 84 36 63 135 73 111 54 75 117 23 40 18 32 
142 0 0 45 0 144 0 0 49 0 129 0 0 33 0 162 0 0 34 0 138 0 0 32 0 
154 114 151 244 116 36 0 71 117 5 85 31 121 184 68 48 8 96 102 26 52 0 81 90 2 
0 0 51 57 0 78 59 105 108 65 0 0 49 39 0 64 48 100 90 50 49 35 84 79 37 
83 119 103 194 179 0 10 3 101 56 0 21 3 64 56 0 18 15 89 71 30 43 34 100 66 
136 146 82 48 18 191 167 161 111 107 82 107 66 42 6 253 240 218 151 152 130 160 125 47 62 
64 149 56 67 60 0 61 0 0 0 8 88 4 4 4 0 66 0 0 0 90 178 74 82 73 
0 0 0 16 0 0 0 0 23 0 0 0 0 19 0 0 0 0 19 0 176 190 219 218 216 
46 0 0 33 39 117 82 76 102 104 49 0 0 34 39 41 0 0 24 42 50 0 0 28 34 
50 0 42 93 79 8 5 30 103 81 64 22 42 122 104 17 0 34 85 87 118 86 124 193 201 
0 73 58 0 67 0 79 66 0 77 0 82 57 0 58 0 73 65 0 73 0 90 70 0 69 
47 22 56 40 33 72 50 92 55 55 23 12 36 21 13 55 42 103 71 49 8 0 32 2 0 
71 0 0 0 51 63 0 0 0 47 82 0 0 0 56 67 0 0 0 46 170 90 78 90 148 
69 105 12 110 90 48 101 8 108 95 49 76 0 119 78 195 241 139 230 188 115 171 78 160 158 
92 0 0 0 0 117 0 0 0 0 122 0 0 0 0 102 0 0 0 0 204 87 85 89 98 
72 91 99 77 66 10 37 39 13 10 0 14 44 0 0 63 74 88 55 49 21 33 60 19 13 
0 0 0 140 35 0 0 0 159 28 27 29 16 157 51 0 0 0 149 34 0 0 0 138 38 
0 0 181 0 36 0 0 203 0 29 0 0 177 0 23 0 0 172 0 21 0 0 164 0 26 
0 0 0 144 12 127 111 107 317 155 0 0 0 170 13 90 95 67 234 84 0 0 0 129 5 
0 0 0 8 9 0 0 0 6 5 0 0 0 0 0 0 0 0 0 0 0 18 5 30 20 
0 0 1461 0 0 0 0 1474 0 0 0 0 1381 0 0 0 0 1511 0 0 0 0 1456 0 0 
0 0 0 1223 0 0 0 0 1218 0 0 0 0 1242 0 0 3 5 1317 4 0 0 0 1256 0 
