830 787 773 820 884 1064 1034 1046 1017 1129 737 689 645 700 837 1008 934 966 1002 1035 640 551 538 548 688 
170 141 162 163 156 0 0 0 0 0 130 80 129 121 109 1 0 0 0 0 0 0 0 0 0 
111 32 41 214 233 87 0 0 126 147 186 53 52 270 272 52 0 0 98 136 90 0 0 122 139 
292 51 102 67 87 248 0 26 1 7 390 97 171 105 138 441 202 290 225 225 291 56 118 77 91 
0 0 1 154 14 149 127 128 336 172 0 1 0 174 16 110 111 105 274 111 0 0 0 138 8 
200 41 127 175 16 188 14 88 171 0 173 33 72 137 17 189 0 67 172 0 406 244 306 421 230 
112 8 23 0 97 87 4 9 0 120 195 102 109 89 176 168 67 94 73 163 212 108 111 106 234 
0 0 0 0 0 0 0 0 0 0 1022 1036 979 997 1050 0 0 0 0 0 0 0 0 0 0 
0 0 0 240 0 0 0 3 236 0 101 101 98 353 118 98 99 87 366 111 0 0 0 226 0 
14 8 14 190 6 0 0 0 207 0 41 49 39 193 32 0 0 0 187 0 3 7 5 204 3 
78 162 195 257 70 80 153 227 242 51 151 199 259 332 131 78 203 223 250 94 115 165 174 291 73 
0 0 0 0 0 0 0 0 0 0 0 0 0 0 0 53 60 64 60 78 161 152 143 169 143 
92 93 62 62 185 0 9 0 0 122 0 3 0 0 107 0 4 0 0 112 97 85 91 75 185 
130 134 133 141 140 0 0 0 0 0 0 0 0 0 0 0 0 0 0 0 75 74 60 63 75 
0 0 0 0 0 0 0 0 0 0 0 0 0 0 0 430 431 412 408 421 187 170 180 182 200 
0 197 0 0 81 0 169 0 0 94 128 321 150 131 208 0 186 0 0 93 0 209 0 0 73 
977 0 0 0 0 937 0 0 0 0 934 0 0 0 0 999 0 0 0 0 975 0 0 0 0 
21 10 190 105 114 33 7 179 138 131 110 99 266 216 167 171 183 356 327 255 142 108 271 227 274 
79 125 77 126 65 59 75 56 109 74 0 39 0 41 0 46 88 43 89 42 0 40 0 40 0 
53 9 24 8 28 144 127 135 124 155 30 0 0 1 23 26 0 0 0 23 169 128 121 134 178 
0 0 146 0 0 0 0 126 0 0 0 0 141 0 0 145 115 244 110 123 0 0 152 0 0 
0 64 43 46 0 0 79 43 45 0 35 96 91 97 33 0 71 47 47 0 0 69 55 42 0 
3 2 0 5 165 196 154 154 168 294 163 140 124 144 264 4 5 0 0 141 103 96 100 107 229 
0 0 0 0 0 0 0 0 0 0 0 0 0 0 0 1008 1074 1079 1046 984 0 0 0 0 0 
0 18 54 141 0 0 19 56 122 0 0 19 51 157 0 0 18 58 143 0 0 17 57 147 0 
75 57 0 0 0 92 81 20 16 15 151 97 42 36 32 96 73 0 0 0 109 101 25 27 35 
67 109 64 138 127 7 41 15 58 60 12 36 18 72 83 0 37 0 49 56 0 32 0 58 63 
59 100 94 56 4 80 107 157 66 1 236 254 274 250 177 92 122 118 68 0 192 183 241 181 99 
87 21 21 107 23 72 0 0 117 0 207 150 144 229 128 71 0 0 105 0 111 44 49 175 43 
122 97 53 56 36 144 121 49 62 39 54 58 18 0 0 99 82 22 12 17 85 56 13 0 0 
0 0 149 72 0 0 0 167 54 0 0 0 205 57 0 0 0 183 50 0 0 0 154 56 0 
141 169 203 144 114 0 66 93 0 0 0 54 91 0 0 49 77 127 44 37 0 45 107 0 0 
83 72 90 81 72 126 135 126 135 124 31 51 49 42 48 0 0 0 0 0 0 1 0 0 0 
0 0 0 165 0 0 0 0 174 0 230 234 220 409 242 0 0 0 171 0 0 0 0 155 0 
0 0 0 0 1 157 164 188 140 157 0 0 0 0 0 0 0 0 0 0 81 68 79 64 90 
99 1 0 56 44 130 34 47 103 102 216 81 81 136 150 84 0 0 73 43 189 70 78 151 118 
0 76 0 0 0 0 72 0 0 0 0 58 0 0 0 103 140 74 111 75 48 117 42 46 46 
0 0 120 0 0 103 103 229 128 122 0 0 119 0 0 11 12 136 7 10 21 16 107 12 19 
250 202 206 271 113 125 91 68 116 0 89 73 63 103 0 251 217 154 270 108 127 113 77 157 0 
0 0 0 0 0 38 39 30 21 22 0 0 0 0 0 65 75 78 76 101 115 116 113 109 146 
0 222 0 202 0 0 177 0 191 0 6 204 3 194 5 0 187 0 190 0 0 197 0 204 0 
0 42 0 114 0 0 49 0 136 0 0 49 0 132 0 54 134 65 207 62 0 57 0 113 0 
0 0 0 0 68 74 64 71 56 121 78 66 67 75 116 0 0 0 0 67 0 0 0 0 72 
79 304 314 11 249 6 206 225 3 171 55 298 321 50 237 124 346 294 106 289 204 402 386 169 327 
0 53 39 0 92 21 78 59 15 108 31 106 106 48 95 0 73 37 0 76 0 71 35 0 84 
115 102 111 133 126 15 0 0 34 0 14 0 0 35 0 17 0 0 51 0 97 69 63 119 81 
95 0 79 0 0 89 0 91 0 0 155 71 143 65 72 133 20 119 15 13 86 0 99 0 0 
0 18 81 0 96 0 12 69 0 107 0 16 74 0 106 0 14 91 0 133 0 13 69 0 101 
19 48 140 82 22 58 70 166 97 43 0 40 119 38 0 45 66 159 102 43 0 21 107 60 0 
0 64 0 0 0 0 86 0 0 0 127 243 115 147 131 0 102 0 0 0 17 93 21 24 27 
0 0 0 86 0 67 76 65 137 93 0 0 0 82 0 0 0 0 89 0 90 78 69 172 69 
61 0 119 68 0 81 0 124 67 0 79 0 111 70 0 59 0 133 64 0 59 0 120 62 0 
89 61 0 38 0 137 93 21 63 28 111 105 0 31 0 133 70 0 49 0 110 75 0 37 1 
0 0 0 0 28 195 195 201 200 225 0 0 0 0 38 0 0 0 0 32 0 0 0 0 36 
110 55 65 128 91 71 43 61 112 87 27 0 0 66 10 39 0 0 56 12 47 12 10 71 37 
30 74 12 7 12 18 57 0 0 0 21 90 0 0 0 150 203 157 150 139 30 87 0 0 0 
0 0 0 22 0 193 178 202 207 167 0 0 0 25 0 0 0 0 23 0 0 0 0 19 0 
71 79 133 138 89 0 0 52 63 0 0 0 74 60 0 0 0 67 52 0 0 0 59 62 0 
62 56 58 48 67 41 0 0 0 11 76 62 47 48 72 30 0 0 0 22 91 49 44 48 60 
0 0 27 0 79 10 7 36 13 105 0 0 34 0 80 10 7 47 9 104 84 83 118 65 170 
604 603 624 659 610 0 0 0 0 0 0 0 0 0 0 0 0 0 0 0 0 0 0 0 0 
54 104 136 64 70 28 79 93 26 26 0 31 70 0 0 0 37 70 0 0 0 38 66 0 0 
0 0 119 0 0 0 0 98 0 0 77 125 230 115 108 0 0 97 0 0 0 0 125 0 0 
126 144 42 67 163 44 50 0 0 101 57 71 0 0 90 43 55 0 0 85 74 44 0 0 101 
0 49 0 14 14 41 90 35 50 30 0 53 0 14 9 0 54 0 29 3 4 42 4 26 23 
9 7 94 5 12 0 0 81 0 0 0 0 78 0 0 36 39 113 27 29 75 78 147 59 85 
0 0 0 51 75 88 81 63 117 163 0 0 0 49 73 0 0 0 36 84 0 0 0 47 73 
109 179 81 85 92 22 122 0 0 0 34 130 5 8 9 24 92 0 0 0 28 92 0 0 0 
66 18 96 40 99 16 0 37 8 66 10 0 40 0 79 17 0 51 0 59 12 0 38 9 71 
59 0 0 0 3 75 0 0 0 0 91 52 22 54 69 99 43 0 29 31 189 107 82 140 113 
67 34 118 48 51 32 0 81 0 0 29 0 77 0 0 26 0 70 0 0 83 45 122 48 40 
87 75 98 49 58 30 27 30 0 10 57 68 54 26 42 43 28 32 0 13 35 31 35 0 10 
0 62 67 0 0 0 65 49 0 0 21 103 73 20 21 32 109 61 40 42 0 62 56 0 0 
58 101 56 51 49 37 109 34 40 32 17 84 20 20 27 28 61 27 29 28 0 66 0 0 0 
28 0 85 0 38 61 43 120 37 75 22 0 80 0 21 34 2 90 2 28 30 0 97 0 25 
0 2094 0 0 0 0 2140 0 0 0 0 2040 0 0 0 0 2106 0 0 0 0 2019 0 0 0 
22 145 115 10 0 88 234 207 89 71 0 130 140 1 0 40 213 149 79 41 5 138 82 0 0 
60 94 81 1 0 47 112 90 0 0 76 107 111 0 0 55 113 91 0 0 57 109 109 0 0 
0 159 0 193 0 122 277 147 416 147 171 302 165 433 180 0 160 0 230 0 3 159 0 205 0 
83 106 160 144 128 0 0 51 0 0 1 0 78 0 0 0 0 79 0 0 222 252 288 256 251 
0 0 0 0 0 1243 1197 1198 1157 1233 0 0 0 0 0 0 0 0 0 0 0 0 0 0 0 
0 0 80 125 0 0 0 75 106 0 0 0 81 127 0 0 0 80 125 0 0 0 72 128 0 
131 46 49 87 38 143 48 53 100 57 81 0 0 36 0 76 0 0 33 0 81 0 0 41 0 
0 123 0 0 79 0 145 0 0 76 0 150 0 0 84 0 130 0 0 69 0 143 0 0 100 
171 256 143 184 96 130 222 90 112 23 224 343 226 244 116 223 357 243 229 152 191 348 249 212 158 
105 87 293 286 97 0 0 200 196 5 115 121 301 329 109 0 0 175 203 6 19 14 218 215 31 
188 147 143 187 303 5 21 3 20 174 7 17 13 5 168 254 260 199 232 393 236 279 278 244 428 
0 76 0 0 0 0 58 0 0 0 0 79 0 0 0 7 72 4 6 2 174 224 179 173 172 
61 31 52 16 67 59 16 35 0 54 59 20 46 0 39 80 15 42 0 59 142 120 129 91 163 
200 76 0 101 0 196 69 0 102 0 201 59 0 102 0 189 66 0 106 0 199 57 0 115 0 
52 0 0 0 0 63 0 0 0 0 58 0 0 0 0 203 135 151 155 149 51 0 0 0 0 
109 252 252 171 55 85 207 213 110 31 114 207 200 104 87 60 172 195 86 4 42 224 235 106 15 
73 3 10 53 27 114 68 55 107 73 110 74 67 85 83 73 30 27 68 44 60 0 0 28 13 
126 128 140 104 207 0 0 6 0 50 64 78 80 66 122 0 0 16 0 57 0 0 12 0 75 
30 58 0 64 0 114 132 78 121 57 60 69 35 101 35 48 48 0 54 0 31 52 0 70 0 
125 106 123 122 175 112 104 85 86 136 0 28 0 0 70 0 24 0 0 40 71 89 91 63 118 
0 63 0 0 1 27 111 31 30 26 31 119 32 27 29 23 106 21 19 29 36 108 39 31 42 
32 11 41 33 0 98 68 110 111 57 43 20 47 36 0 47 9 43 32 0 39 20 37 38 0 
2 20 0 90 236 142 159 148 251 402 0 40 0 108 270 0 15 1 109 291 119 151 108 185 324 
10 15 93 4 222 4 1 79 6 163 105 84 165 94 270 147 146 228 174 340 1 0 55 0 172 
153 0 0 0 0 134 0 0 0 0 224 83 105 102 103 135 0 0 0 0 129 0 0 0 0 
0 0 0 0 829 0 0 0 0 788 0 0 0 0 840 0 0 0 0 837 0 0 0 0 778 
107 93 0 163 62 103 118 3 180 71 155 160 52 232 103 113 109 19 177 78 112 129 0 197 64 
173 0 0 0 0 338 111 106 100 93 215 0 0 0 0 182 0 0 0 0 183 0 0 0 0 
0 0 0 0 0 80 61 74 69 77 0 0 0 0 0 156 128 156 152 144 0 0 0 0 0 
0 26 0 146 0 34 57 48 193 34 0 19 0 142 0 0 17 0 141 0 0 22 0 171 0 
122 80 126 153 185 67 3 84 91 82 31 7 73 98 79 120 78 143 143 160 25 4 67 67 71 
51 54 66 149 126 33 28 33 96 82 0 0 0 90 64 0 0 0 55 53 8 10 11 85 57 
0 11 59 0 0 72 91 161 77 81 0 9 69 0 0 47 70 152 46 57 0 5 56 0 0 
111 0 110 0 0 101 0 84 0 0 92 0 100 4 0 69 0 100 0 0 108 11 88 10 10 
314 112 328 113 213 334 172 421 187 245 338 157 389 210 233 200 26 218 49 130 171 57 293 43 136 
65 152 69 83 66 0 86 0 27 0 17 128 28 34 28 0 104 0 17 0 0 75 0 22 0 
0 0 33 0 59 35 47 82 47 118 58 78 93 56 127 0 0 36 0 61 0 0 50 0 59 
0 0 16 0 187 0 0 16 0 178 0 0 28 0 166 0 0 25 0 179 0 0 23 0 182 
0 0 0 50 0 0 0 0 59 0 54 59 45 140 45 0 0 0 59 0 85 78 82 158 85 
109 0 0 110 0 134 0 0 131 0 112 0 0 103 0 106 0 0 132 0 108 0 0 128 0 
2 48 80 61 0 106 187 194 174 140 188 216 257 236 156 11 42 85 103 3 67 83 122 113 60 
113 154 135 115 251 0 0 0 0 86 0 0 0 0 81 25 25 30 25 135 0 0 0 0 92 
128 241 150 126 143 0 125 0 0 0 85 200 88 88 86 1 109 0 0 0 100 215 85 83 97 
140 134 84 82 84 80 46 0 0 0 93 50 4 3 10 68 50 0 0 0 76 60 0 0 0 
0 101 0 0 0 32 145 46 50 55 0 109 0 0 0 58 169 67 69 59 0 103 0 0 0 
0 0 0 0 0 0 0 0 0 0 0 0 0 0 0 0 0 0 0 0 441 413 447 427 394 
0 0 37 0 0 73 79 92 75 87 0 0 31 0 0 77 75 85 59 78 19 25 59 20 26 
8 15 16 17 52 0 0 0 0 36 80 79 71 69 99 0 0 0 0 33 68 98 78 76 105 
0 0 0 129 0 0 0 0 113 0 0 0 0 136 0 0 0 0 141 0 72 73 78 192 81 
0 74 0 34 80 4 70 0 42 81 0 64 0 36 103 0 63 0 32 78 19 84 25 62 117 
0 112 0 0 0 0 108 0 0 0 0 106 0 0 0 0 96 0 0 0 97 185 99 105 92 
0 0 1 46 0 82 68 72 76 83 61 15 50 58 45 0 0 0 25 0 103 101 105 142 109 
0 0 117 55 0 43 45 155 106 50 0 0 102 39 0 0 0 89 38 0 0 0 126 33 0 
7 28 0 0 0 0 65 18 0 18 0 46 0 0 18 4 32 0 0 1 0 32 10 0 18 
59 0 0 0 0 126 62 61 76 69 99 20 18 20 15 131 47 46 52 41 58 0 0 0 0 
83 35 33 111 37 39 0 0 91 0 48 0 0 85 0 83 35 30 120 32 55 0 0 83 0 
0 0 63 43 0 0 0 55 43 0 101 99 148 132 97 0 0 62 47 0 0 0 67 42 0 
37 0 0 72 112 102 71 90 120 204 34 3 16 94 113 61 31 43 85 125 37 33 49 98 119 
2 6 53 106 8 0 0 53 82 0 54 31 133 134 54 31 46 73 124 34 0 0 55 87 0 
68 6 56 53 17 55 2 39 46 29 143 83 138 133 103 86 24 54 57 21 53 0 56 49 0 
41 0 58 0 62 41 0 60 0 56 29 0 71 0 78 91 56 112 67 111 31 0 57 0 56 
92 35 177 86 46 69 11 167 71 31 44 0 108 9 4 168 80 223 110 117 115 32 200 87 69 
15 120 181 43 152 161 261 332 145 297 40 132 218 51 204 0 60 175 13 139 106 179 267 111 267 
19 21 21 57 48 40 38 34 75 72 0 0 0 31 29 0 0 0 22 17 75 89 89 123 99 
20 32 0 99 0 33 51 0 125 0 94 86 44 154 60 31 43 0 115 0 48 41 0 97 0 
0 0 54 0 0 170 151 216 157 185 0 0 66 0 0 0 0 76 0 0 0 0 67 0 0 
58 99 60 85 46 16 28 0 36 0 76 106 71 118 56 20 64 13 62 14 86 74 91 118 41 
11 7 0 0 63 12 2 0 1 54 57 60 41 36 123 23 20 12 11 73 80 112 85 82 121 
58 11 10 5 20 84 60 61 65 63 96 75 80 86 84 37 0 2 0 11 34 11 14 7 22 
22 101 77 21 32 0 101 76 5 10 0 75 47 0 19 0 87 52 7 15 50 132 126 51 95 
139 183 94 90 96 65 61 39 18 19 43 51 16 0 0 38 47 13 0 0 29 40 15 0 0 
95 0 0 28 0 83 0 0 27 0 99 0 0 30 0 100 0 0 0 0 122 15 23 59 29 
74 86 16 23 26 55 50 0 0 0 59 81 18 9 15 65 78 39 43 61 88 84 50 36 51 
38 75 43 71 28 0 62 11 42 17 2 51 11 45 17 0 41 14 30 12 39 104 65 97 79 
0 0 56 27 11 0 0 45 35 3 0 0 44 39 6 43 53 122 94 61 54 50 99 92 62 
29 38 26 22 30 0 0 0 0 0 71 59 57 62 55 0 0 0 0 0 120 107 99 114 110 
40 35 40 37 44 0 0 14 0 0 0 0 20 0 0 49 42 94 57 52 137 107 147 145 116 
36 43 100 45 51 0 4 57 0 11 53 47 121 47 48 0 0 47 0 0 0 3 55 4 0 
0 0 180 31 0 0 0 141 19 0 19 20 156 35 18 0 0 165 21 0 0 0 162 20 0 
42 110 0 0 0 91 155 62 49 51 97 173 33 19 23 94 181 61 57 61 34 90 0 0 0 
81 0 83 84 96 144 65 174 163 152 173 89 178 201 211 151 49 112 125 164 102 4 95 133 117 
102 164 84 74 72 13 67 4 0 0 83 162 73 58 59 43 83 37 18 15 28 72 0 0 0 
0 117 108 160 0 0 130 118 162 0 0 108 120 166 1 0 116 117 157 0 0 128 121 165 1 
13 0 0 129 0 9 0 0 91 0 91 65 86 184 82 11 0 0 98 0 19 1 0 105 1 
44 73 34 32 53 0 52 0 0 18 51 83 45 40 54 7 41 0 0 28 0 60 0 0 22 
133 137 26 74 99 178 191 55 103 154 144 170 53 86 122 94 91 0 27 61 212 247 91 133 140 
75 204 155 120 113 3 49 77 16 3 39 85 125 45 33 24 76 79 14 26 0 59 59 0 0 
8 19 10 2 66 0 16 16 0 97 0 20 11 7 47 59 79 66 40 154 26 34 41 24 93 
655 468 469 363 441 434 238 257 195 216 426 295 309 185 246 351 151 167 80 165 526 363 372 331 327 
79 64 2 3 1 171 148 67 76 79 79 78 0 0 0 92 90 23 18 19 72 61 0 0 0 
135 298 128 140 128 255 393 164 252 203 136 272 90 142 79 31 189 0 28 0 75 208 45 46 25 
10 0 2 56 0 0 0 0 34 0 52 43 47 59 25 71 51 46 91 58 15 0 0 30 0 
0 0 0 0 61 0 0 0 0 79 0 0 0 0 80 0 0 0 0 76 169 197 189 193 249 
79 0 36 0 9 136 17 62 33 35 136 59 82 45 56 167 84 116 83 104 145 30 47 17 33 
150 0 0 54 0 156 0 0 55 0 141 0 0 40 0 168 0 0 46 0 149 0 0 41 0 
176 143 155 245 126 46 0 82 133 4 98 48 128 197 76 61 1 96 120 33 46 0 84 90 1 
0 0 53 62 0 75 62 106 114 60 0 0 43 40 0 70 61 115 100 70 55 46 81 87 30 
66 110 91 166 160 0 9 6 97 49 0 16 8 70 79 0 20 14 87 53 27 43 31 96 68 
127 100 64 89 29 179 147 128 135 103 100 69 50 46 5 230 152 170 129 127 165 138 127 91 75 
98 17 90 0 0 104 11 101 0 0 117 12 94 0 0 121 10 97 0 0 113 15 102 0 0 
68 141 57 66 65 0 58 0 0 0 7 88 3 6 5 0 65 0 0 0 85 173 73 82 68 
0 0 0 18 0 0 0 0 19 0 0 0 0 18 0 0 0 0 19 0 175 181 206 216 213 
38 0 0 33 39 108 82 75 103 103 42 0 0 35 39 36 0 0 25 43 39 0 0 28 34 
55 4 51 104 89 26 6 34 102 82 68 26 49 120 110 22 0 38 83 88 118 80 119 187 191 
0 69 55 0 67 0 71 63 0 72 0 79 53 0 55 0 66 64 0 68 0 83 67 0 66 
0 0 0 144 35 0 0 0 162 29 28 30 17 159 51 0 0 0 150 35 0 0 0 144 40 
58 31 73 47 37 89 69 117 59 66 30 20 42 23 15 64 50 130 80 55 7 0 37 3 0 
71 0 0 0 48 60 0 0 0 46 80 0 0 0 54 62 0 0 0 44 164 83 72 84 138 
0 0 171 0 33 0 0 197 0 27 0 0 171 0 23 0 0 163 0 23 0 0 158 0 25 
51 104 13 114 62 53 125 0 128 95 30 85 0 115 58 184 232 131 234 173 86 177 71 169 127 
92 0 0 0 0 117 0 0 0 0 122 0 0 0 0 102 0 0 0 0 206 88 85 89 99 
0 0 0 38 0 77 69 52 107 57 0 0 0 25 0 49 53 68 98 57 50 51 47 101 41 
0 0 0 1233 0 0 0 0 1232 0 0 0 0 1242 0 2 2 5 1331 4 0 0 0 1250 0 
0 0 1469 0 0 0 0 1495 0 0 0 0 1396 0 0 0 0 1507 0 0 0 0 1463 0 0 
22 38 37 34 33 0 3 0 4 9 0 0 3 0 0 33 41 33 33 32 17 23 31 18 13 
