739 647 611 553 740 957 1064 916 910 942 631 653 563 582 720 1012 965 913 902 997 537 473 413 377 592 
172 133 185 172 138 0 0 1 0 0 119 82 113 106 114 0 0 0 0 0 0 0 0 0 0 
165 92 50 265 303 97 0 0 174 183 192 56 34 241 290 83 0 0 136 171 89 0 0 159 144 
151 0 118 147 157 251 55 224 223 230 289 124 286 316 334 223 49 184 224 230 158 0 129 187 164 
178 59 114 169 38 131 10 86 108 0 143 32 81 111 20 124 1 52 127 2 284 203 258 283 173 
105 10 23 1 87 101 5 18 0 107 194 97 101 80 172 154 72 90 55 142 225 104 126 101 229 
0 0 0 0 0 0 0 0 0 0 1044 1064 1023 1022 1086 0 0 0 0 0 0 0 0 0 0 
0 0 0 271 0 0 0 2 263 0 117 111 104 384 117 116 117 94 416 125 0 0 0 250 0 
14 10 16 194 7 0 0 0 194 0 42 55 38 222 33 0 0 0 174 0 3 6 4 189 3 
0 0 0 0 0 0 0 0 0 0 0 0 0 0 0 51 59 63 63 76 162 144 137 175 144 
75 98 65 64 179 0 12 0 0 102 0 5 0 0 103 0 5 0 0 107 79 80 77 65 174 
165 156 164 176 170 0 0 0 0 0 0 0 0 0 0 0 0 0 0 0 90 87 69 77 98 
0 0 0 0 0 0 0 0 0 0 0 0 0 0 0 431 433 423 413 421 194 177 183 190 206 
0 190 0 0 80 0 165 0 0 93 95 280 110 105 162 0 178 0 0 91 0 208 0 0 74 
805 0 0 0 0 803 0 0 0 0 791 0 0 0 0 830 0 0 0 0 837 0 0 0 0 
16 12 199 146 189 70 21 224 170 207 128 120 290 262 245 191 200 400 327 346 156 103 283 257 321 
77 121 79 133 69 55 66 55 115 71 0 38 0 41 0 44 89 43 80 34 0 41 0 40 0 
35 8 14 7 22 121 94 120 97 125 34 0 0 0 16 24 0 0 0 18 136 107 99 115 153 
0 0 144 0 0 0 1 132 0 0 0 0 153 0 0 153 136 247 119 138 0 0 150 0 0 
0 64 43 46 0 0 78 43 45 0 35 96 90 97 33 0 70 47 47 0 0 69 55 42 0 
0 1 0 0 160 150 119 137 147 271 148 137 124 118 236 0 1 0 0 140 76 96 125 87 212 
0 0 0 0 0 0 0 0 0 0 0 0 0 0 0 1031 1105 1112 1085 1011 0 0 0 0 0 
0 21 59 144 0 0 20 59 128 0 0 20 51 162 0 0 17 53 165 0 0 15 54 168 0 
75 54 0 0 0 90 74 14 17 16 145 99 40 42 32 99 70 0 0 0 104 101 24 25 30 
93 155 104 179 179 14 58 32 83 85 11 53 20 86 101 0 60 0 72 77 0 49 0 62 82 
116 121 138 66 0 118 148 226 79 3 328 308 374 291 224 132 128 153 65 0 309 222 337 237 155 
83 23 20 100 23 72 0 0 111 0 203 149 139 220 127 69 0 0 98 0 106 47 44 171 36 
138 114 48 51 39 161 123 65 67 42 77 63 14 0 0 105 99 26 18 20 93 60 12 0 0 
0 0 177 70 0 0 0 195 63 0 0 0 230 68 0 0 0 206 57 0 0 0 183 53 0 
131 168 173 118 109 0 59 71 0 0 0 55 66 0 0 41 68 102 33 33 0 44 100 0 0 
77 60 82 82 81 119 146 122 146 120 34 48 54 48 47 0 0 0 0 0 0 0 0 0 0 
0 0 0 165 0 0 0 0 174 0 230 235 221 409 242 0 0 0 171 0 0 0 0 155 0 
0 0 0 0 0 140 133 163 127 133 0 0 0 0 0 0 0 0 0 0 71 55 65 63 77 
125 1 6 82 53 138 43 51 125 111 240 79 107 170 169 97 0 0 85 39 214 87 84 183 136 
0 91 0 0 0 0 79 0 0 0 0 65 0 0 0 119 156 88 129 83 50 135 44 50 50 
0 0 95 0 0 88 86 181 111 104 0 0 93 0 0 7 8 98 3 8 14 13 82 10 15 
260 219 172 262 114 110 83 56 106 0 84 77 58 98 0 266 227 154 262 110 148 128 90 142 0 
0 0 0 0 0 39 45 38 21 28 0 0 0 0 1 82 74 91 83 129 126 115 115 129 159 
0 233 0 208 0 0 188 0 199 0 4 205 6 204 5 0 190 0 198 0 0 202 0 205 0 
0 47 0 126 0 0 52 0 141 0 0 49 0 136 0 61 136 69 207 68 0 57 0 122 0 
0 0 0 0 74 80 67 78 59 132 88 71 71 77 127 0 0 0 0 72 0 0 0 0 77 
122 299 356 72 217 40 203 255 12 139 87 289 342 63 218 141 352 351 125 239 222 352 391 161 280 
0 45 33 0 79 19 60 45 13 88 28 79 87 38 79 0 59 26 0 64 0 61 27 0 68 
104 87 102 114 114 13 0 0 33 0 14 0 0 37 0 15 0 0 38 0 82 61 60 98 74 
90 0 76 0 0 88 0 82 0 0 163 68 130 62 69 128 18 88 15 13 83 0 88 0 0 
0 18 81 0 96 0 12 69 0 107 0 16 74 0 106 0 14 91 0 133 0 12 69 0 100 
16 55 147 84 20 61 72 159 103 45 0 39 121 37 0 48 65 161 115 51 0 27 107 56 0 
0 76 0 0 0 0 77 0 0 0 137 251 129 145 134 0 99 0 0 0 15 90 21 29 30 
0 0 0 96 0 76 92 63 163 104 0 0 0 87 0 0 0 0 100 0 97 83 72 188 69 
65 0 112 53 0 77 0 132 58 0 74 0 116 65 0 57 0 123 62 0 60 0 120 55 0 
85 53 0 35 0 125 91 19 58 28 107 100 0 29 0 135 58 0 46 0 97 68 0 37 0 
0 0 0 0 24 212 203 206 214 230 0 0 0 0 42 0 0 0 0 31 0 0 0 0 37 
113 57 74 129 94 68 49 66 123 82 32 0 0 60 12 41 0 0 57 12 45 17 8 68 32 
38 55 8 8 10 17 48 0 0 0 26 89 0 0 0 145 191 155 134 134 31 73 0 0 0 
0 0 0 22 0 194 177 207 209 173 0 0 0 24 0 0 0 0 22 0 0 0 0 19 0 
74 84 140 145 92 0 0 53 64 0 0 0 77 64 0 0 0 68 55 0 0 0 63 63 0 
63 57 59 48 68 41 0 0 0 11 76 62 48 48 72 30 0 0 0 22 92 49 45 49 60 
0 0 25 0 69 9 6 36 12 89 0 0 34 0 70 10 7 43 8 95 81 75 114 64 153 
58 106 143 65 78 29 74 96 27 26 0 32 78 0 0 0 36 71 0 0 0 32 67 0 0 
0 0 117 0 0 0 0 100 0 0 78 122 221 120 111 0 0 88 0 0 0 0 110 0 0 
93 107 34 52 119 33 40 0 0 78 39 53 0 0 62 39 41 0 0 67 51 40 0 0 72 
0 49 0 23 36 59 113 54 79 92 0 59 0 25 38 0 55 0 40 40 26 65 23 51 63 
9 6 91 3 6 0 0 84 0 0 0 0 82 0 0 34 39 116 27 28 72 72 140 50 77 
0 0 0 51 75 88 81 63 117 163 0 0 0 49 73 0 0 0 36 84 0 0 0 47 73 
116 197 88 85 113 27 134 0 0 0 31 147 10 9 11 25 82 0 0 0 25 100 3 3 0 
63 26 95 32 94 19 0 40 5 66 14 0 42 0 76 20 0 47 0 61 0 0 37 0 71 
44 0 11 0 4 51 0 1 0 0 63 41 58 37 61 95 45 47 34 25 160 102 110 145 118 
61 34 118 46 41 19 0 81 0 0 22 0 77 0 0 20 0 70 0 0 60 36 112 37 36 
0 62 66 0 0 0 62 53 0 0 19 104 76 20 21 31 109 53 39 42 0 62 52 0 0 
23 0 79 0 32 56 43 118 39 74 20 0 79 0 15 19 0 78 0 20 24 0 92 0 22 
0 2115 0 0 0 0 2154 0 0 0 0 2036 0 0 0 0 2129 0 0 0 0 2047 0 0 0 
37 167 120 14 11 97 276 224 88 71 0 193 114 4 0 34 221 165 90 50 3 164 90 0 0 
80 130 110 0 0 59 148 137 0 0 79 149 135 0 0 90 161 139 0 0 65 157 147 0 0 
0 83 0 105 0 82 177 73 193 98 69 149 59 164 49 0 87 0 125 0 0 108 0 114 0 
0 0 0 0 0 1277 1244 1236 1202 1262 0 0 0 0 0 0 0 0 0 0 0 0 0 0 0 
0 0 80 125 0 0 0 75 106 0 0 0 81 126 0 0 0 80 125 0 0 0 72 128 0 
160 63 59 97 54 185 71 64 121 74 115 0 0 49 0 101 0 0 43 0 100 0 0 52 0 
0 129 0 0 91 0 145 0 0 70 0 157 0 0 89 0 133 0 0 73 0 143 0 0 95 
174 252 156 227 104 72 146 26 109 1 287 381 234 375 147 131 252 110 192 35 198 305 272 297 114 
99 78 306 293 94 0 0 209 204 0 114 95 277 320 104 0 0 167 197 6 9 13 223 214 29 
157 146 128 151 276 10 27 3 17 176 10 18 8 14 187 226 223 189 198 413 242 278 254 259 425 
0 71 0 0 0 0 56 0 0 0 0 67 0 0 0 8 66 4 9 4 159 203 168 146 163 
81 30 57 25 67 62 3 21 0 63 64 5 29 0 39 107 8 26 0 63 188 136 138 127 185 
202 58 0 96 0 206 57 0 99 0 207 45 0 100 0 195 61 0 102 0 202 55 0 109 0 
54 0 0 0 0 64 0 0 0 0 65 0 0 0 0 209 134 147 147 145 52 0 0 0 0 
0 0 1460 0 0 0 0 1479 0 0 0 0 1363 0 0 0 0 1493 0 0 0 0 1464 0 0 
70 3 14 50 21 93 66 48 92 68 88 55 57 68 70 60 27 23 63 29 50 0 0 24 11 
139 137 169 113 211 0 0 12 0 50 68 81 80 68 124 0 0 24 0 56 0 0 15 0 62 
45 88 0 106 0 142 190 100 220 90 113 127 90 200 89 53 79 0 99 0 40 72 0 107 0 
91 96 119 107 151 91 97 94 76 126 0 29 0 0 52 0 23 0 0 35 51 73 57 45 90 
0 76 0 0 2 33 142 36 40 39 39 162 40 36 39 27 137 31 30 38 41 135 51 37 62 
33 11 40 33 0 103 71 112 112 63 43 21 47 37 0 47 9 44 35 0 41 20 37 39 0 
148 0 0 0 0 129 0 0 0 0 208 80 102 104 103 125 0 0 0 0 139 0 0 0 0 
0 0 0 0 846 0 0 0 0 799 0 0 0 0 849 0 0 0 0 849 0 0 0 0 788 
137 145 0 229 64 167 147 1 203 93 205 222 42 267 139 130 142 0 204 111 147 195 8 243 79 
126 0 0 0 0 265 96 95 85 80 167 0 0 0 0 152 0 0 0 0 150 0 0 0 0 
0 0 0 0 0 72 55 70 64 70 0 0 0 0 0 140 116 137 141 135 0 0 0 0 0 
0 22 0 149 0 34 57 48 189 33 0 19 0 138 0 0 18 0 141 0 0 23 0 164 0 
152 63 133 105 173 85 0 88 37 58 77 0 111 44 84 180 93 168 132 161 59 0 61 49 56 
49 53 56 145 112 31 22 33 85 82 0 0 0 81 57 0 0 0 53 51 7 13 8 81 58 
0 9 71 0 0 88 107 195 88 97 0 11 73 1 0 70 81 187 57 67 0 11 70 0 0 
200 9 189 0 0 200 1 171 0 0 199 6 183 4 1 174 1 175 0 0 207 19 178 10 10 
309 114 328 126 183 344 149 396 161 227 332 156 390 209 229 197 11 222 27 118 196 48 262 20 111 
69 163 73 89 72 0 90 0 28 0 17 139 31 35 27 0 109 0 17 0 0 79 0 22 0 
0 0 33 0 58 35 46 78 44 112 55 74 89 53 121 0 0 33 0 61 0 0 49 0 58 
0 0 20 0 222 0 0 19 0 213 0 0 35 0 204 0 0 30 0 217 0 0 27 0 218 
0 0 0 52 0 0 0 0 62 0 61 64 47 149 49 0 0 0 63 0 81 81 78 161 84 
100 0 0 111 0 130 0 0 127 0 122 0 0 112 0 106 0 0 130 0 113 0 0 129 0 
0 25 75 69 0 86 165 162 174 106 155 187 221 198 136 10 60 88 82 4 39 84 93 92 26 
112 135 128 118 238 0 0 0 0 85 0 0 0 0 85 25 30 38 24 115 0 0 0 0 89 
145 272 157 143 155 0 144 0 0 0 94 222 107 104 93 7 131 3 0 3 117 240 105 104 107 
136 126 76 78 78 76 45 0 0 0 85 47 4 4 8 63 47 0 0 0 71 56 0 0 0 
0 123 0 0 0 43 185 60 64 77 0 144 0 0 0 69 212 88 96 71 0 125 0 0 0 
0 0 0 0 0 0 0 0 0 0 0 0 0 0 0 0 0 0 0 0 436 407 436 424 386 
0 0 37 0 0 73 79 92 75 87 0 0 30 0 0 77 75 85 59 79 18 25 59 22 26 
8 15 16 17 52 0 0 0 0 36 80 79 71 69 99 0 0 0 0 33 68 98 78 75 105 
0 0 0 136 0 0 0 0 124 0 0 0 0 147 0 0 0 0 150 0 79 78 83 206 89 
0 63 0 33 72 0 62 0 38 76 0 56 0 36 91 0 60 0 32 72 19 76 25 54 109 
0 117 0 0 0 0 110 0 0 0 0 108 0 0 0 0 97 0 0 0 99 192 99 105 92 
0 14 0 18 0 78 58 85 63 80 66 40 53 40 61 0 0 0 0 0 104 125 111 118 113 
0 0 117 55 0 43 45 155 106 50 0 0 102 38 0 0 0 89 38 0 0 0 126 35 0 
59 0 0 0 0 126 62 61 75 69 99 20 18 20 15 130 47 46 52 41 58 0 0 0 0 
83 35 33 110 37 39 0 0 91 0 48 0 0 85 0 82 35 30 120 32 55 0 0 81 0 
0 0 25 35 0 0 0 10 37 0 112 112 110 127 108 0 0 17 36 0 0 0 22 32 0 
32 0 0 74 75 104 68 70 119 160 18 1 1 75 81 38 18 22 86 77 30 31 39 89 85 
0 6 60 112 8 0 0 54 79 0 54 32 113 127 51 30 44 71 124 40 0 0 56 89 0 
52 6 46 42 12 48 8 41 45 21 118 78 113 112 84 70 22 44 46 20 53 0 43 42 4 
46 0 66 0 67 45 0 62 0 57 31 0 72 0 84 106 58 124 68 119 37 0 62 0 59 
101 19 184 101 58 93 16 173 111 42 83 0 167 52 21 222 91 259 160 163 104 32 200 89 58 
8 90 199 28 153 145 215 327 140 296 36 130 216 41 182 0 43 177 0 129 104 162 270 137 251 
22 23 25 65 64 52 42 44 88 90 0 0 0 34 33 0 0 0 28 22 88 105 112 145 111 
27 37 1 105 1 48 68 0 125 0 91 97 52 164 71 36 58 0 126 0 55 34 0 97 0 
0 0 54 0 0 165 152 208 153 179 0 0 62 0 0 0 0 81 0 0 0 0 70 0 0 
14 8 0 0 82 17 2 0 0 85 82 88 67 57 162 24 19 27 12 103 136 172 125 133 201 
94 16 15 9 34 133 83 86 84 87 144 115 111 117 119 63 0 6 0 18 47 13 20 8 35 
19 107 78 15 42 0 94 70 5 8 0 82 49 0 20 0 85 58 4 14 52 140 106 43 86 
143 191 101 93 101 69 66 42 19 19 43 52 18 0 0 35 46 14 0 0 34 45 14 0 0 
76 90 17 22 22 61 56 0 0 1 57 74 11 9 18 74 79 36 37 54 90 93 57 29 49 
37 75 43 69 29 0 60 8 42 14 0 51 11 46 17 0 42 13 26 13 39 104 64 97 78 
0 0 55 25 11 0 0 45 34 3 0 0 44 40 5 43 52 122 94 61 54 49 99 93 63 
29 38 26 22 31 0 0 0 0 0 71 58 57 62 54 0 0 0 0 0 120 107 99 113 110 
39 29 33 31 38 0 0 14 0 0 0 0 18 0 0 46 39 74 51 45 108 86 120 120 106 
40 44 110 49 51 2 0 57 6 0 60 50 132 58 42 0 0 53 0 0 0 4 59 16 0 
0 0 180 32 0 0 0 141 23 0 19 20 156 37 17 0 0 166 23 0 0 0 162 23 0 
46 91 0 0 0 86 113 44 33 37 78 140 22 16 11 97 145 45 43 51 46 80 0 0 0 
96 119 74 55 64 11 49 3 0 0 88 144 67 56 65 47 73 29 17 15 25 61 0 0 0 
0 121 116 170 0 0 135 129 172 1 0 112 127 172 0 0 118 117 165 1 0 132 130 175 0 
14 0 0 188 0 10 0 0 128 0 136 95 125 266 115 13 0 0 156 0 28 1 0 135 0 
127 164 14 78 102 162 221 82 80 166 130 170 66 79 117 85 94 20 26 80 239 267 119 157 204 
65 188 132 88 97 2 54 72 11 5 37 82 110 36 34 19 81 56 14 27 0 67 49 0 0 
2 31 8 0 73 9 34 27 0 124 0 20 11 1 57 56 93 86 56 195 31 34 37 24 122 
664 508 488 419 422 447 274 262 197 193 460 304 343 211 221 349 155 150 93 91 532 362 383 302 306 
91 64 2 3 0 179 179 103 81 94 72 91 0 0 0 98 108 27 14 21 76 60 0 0 0 
159 318 131 132 136 227 356 148 239 182 124 272 68 121 66 30 196 0 27 0 86 252 72 98 49 
0 0 0 0 52 0 0 0 0 61 0 0 0 0 75 0 0 0 0 63 146 175 155 167 204 
85 0 45 0 12 179 15 67 36 34 178 72 120 57 71 224 119 165 92 110 161 38 68 18 24 
150 0 0 54 0 156 0 0 55 0 141 0 0 40 0 168 0 0 46 0 149 0 0 41 0 
157 129 146 259 136 31 1 76 132 5 80 29 116 185 56 37 3 102 108 28 52 0 86 93 3 
64 118 89 208 156 0 10 4 106 55 0 12 6 71 58 0 15 17 93 55 36 48 41 124 69 
115 123 94 117 30 148 134 130 143 109 65 59 52 73 1 203 164 178 163 105 150 160 152 114 91 
56 130 51 57 52 0 54 0 0 0 3 79 2 0 0 0 64 0 0 0 76 153 61 76 65 
0 0 0 19 0 0 0 0 23 0 0 0 0 22 0 0 0 0 20 0 197 201 245 229 230 
26 0 0 5 34 90 82 76 78 91 18 0 0 0 30 16 0 0 0 36 30 0 0 0 30 
53 7 44 107 94 26 2 31 99 86 67 23 49 126 107 21 1 39 95 87 144 82 123 200 219 
0 95 74 0 85 0 88 83 0 92 0 129 62 0 76 0 103 76 0 90 0 126 83 0 96 
50 24 61 42 34 75 53 96 60 58 24 18 36 18 13 57 47 105 72 50 8 0 34 2 0 
76 0 0 0 61 72 0 0 0 50 84 0 0 0 59 68 0 0 0 50 182 92 80 92 147 
101 154 32 148 121 70 170 12 150 130 48 94 0 133 87 212 256 162 256 222 118 216 120 204 170 
78 96 102 84 71 8 37 38 13 9 0 14 45 0 0 62 75 86 51 48 21 30 58 24 13 
0 0 0 150 41 0 0 0 164 30 31 31 17 171 57 0 0 0 167 37 0 0 0 144 42 
0 0 0 150 16 169 148 137 349 185 0 0 0 174 19 128 129 130 278 123 0 0 0 139 8 
33 138 147 170 58 21 100 120 180 37 72 149 157 188 80 45 191 160 233 88 65 129 144 216 66 
0 0 0 1286 0 0 2 0 1294 0 0 0 0 1309 0 0 2 4 1370 3 0 0 0 1319 0 
202 0 0 0 0 202 14 18 17 20 183 0 0 0 0 204 0 0 0 0 175 0 0 0 0 
92 0 0 0 0 117 0 0 0 0 122 0 0 0 0 102 0 0 0 0 206 88 85 89 99 
217 34 75 44 47 145 0 14 2 0 291 95 103 103 96 297 162 211 163 146 246 109 100 88 98 
6 19 0 0 0 0 46 0 0 3 0 0 0 0 0 0 0 0 0 9 0 0 0 0 0 
67 114 201 122 110 1 0 80 0 0 0 0 75 0 0 0 0 69 0 0 199 219 293 238 233 
2 20 0 78 211 125 143 131 218 363 0 38 0 76 259 0 14 0 97 241 120 143 119 190 312 
11 13 73 5 218 3 0 55 8 171 109 95 165 114 271 133 147 220 169 329 1 0 56 2 184 
164 320 307 256 110 217 279 326 242 114 183 274 319 267 162 100 201 264 160 61 98 202 224 179 30 
95 0 0 8 0 83 0 0 0 0 98 0 0 0 0 100 0 0 0 0 122 15 23 17 29 
0 0 200 0 34 0 0 218 0 32 0 0 194 0 26 0 0 182 0 25 0 0 187 0 34 
0 0 55 54 0 71 54 104 102 68 0 0 44 37 0 62 49 106 83 46 41 38 81 74 28 
605 595 626 658 605 0 0 0 0 0 0 0 0 0 0 0 0 0 0 0 0 0 0 0 0 
55 83 46 50 78 4 64 0 0 31 53 94 47 39 78 7 38 0 0 44 14 76 8 11 37 
0 3 12 3 12 0 1 0 0 0 0 0 0 0 0 0 2 0 0 0 0 0 0 0 0 
0 0 0 35 0 74 63 48 104 57 0 0 0 26 0 47 47 63 91 51 43 48 44 96 39 
