889 884 737 764 917 1094 1164 1102 1014 1069 748 734 534 637 716 1035 945 898 991 1011 568 575 480 452 612 
150 121 145 139 128 0 0 0 0 0 106 67 106 88 83 0 0 0 0 0 0 0 0 0 0 
119 47 26 156 203 87 0 0 154 136 173 73 58 263 288 65 0 0 87 124 67 0 0 100 106 
0 0 77 90 0 98 70 140 166 90 0 4 60 51 0 74 72 140 149 90 71 56 129 129 50 
124 26 92 126 31 123 14 77 89 5 118 29 59 92 18 113 7 51 104 0 250 159 214 259 158 
109 9 25 0 101 93 5 20 0 128 209 105 112 85 192 154 76 102 56 164 249 118 129 110 247 
0 0 0 0 0 0 0 0 0 0 1038 1054 1015 1030 1082 0 0 0 0 0 0 0 0 0 0 
0 0 0 297 0 0 0 4 285 1 136 127 116 437 128 126 136 113 459 156 0 0 0 257 0 
14 10 13 172 6 0 0 0 174 0 35 44 33 172 29 0 0 0 146 0 3 6 4 173 3 
0 0 0 0 0 0 0 0 0 0 0 0 0 0 0 63 86 84 78 98 215 177 177 217 180 
73 86 61 56 160 0 10 0 0 95 0 2 0 1 108 0 4 0 0 95 71 84 67 62 145 
150 148 156 172 172 0 0 0 0 0 0 0 0 0 0 0 0 0 0 0 87 87 64 71 89 
0 0 0 0 0 0 0 0 0 0 0 0 0 0 0 429 430 417 407 421 171 167 171 169 199 
0 186 0 0 84 0 155 0 0 96 134 317 156 135 225 0 173 0 0 93 0 198 0 0 75 
808 0 0 0 0 800 0 0 0 0 797 0 0 0 0 829 0 0 0 0 831 0 0 0 0 
16 20 202 126 170 34 11 205 116 151 87 97 291 229 223 183 173 383 316 312 124 105 284 209 290 
86 123 79 150 71 48 70 68 105 67 0 38 0 50 0 41 88 48 92 43 0 45 0 34 0 
43 8 14 4 17 137 129 133 128 149 34 0 0 0 19 27 0 0 0 21 162 130 108 120 181 
0 0 134 0 0 0 0 131 0 0 0 0 144 0 0 139 117 237 125 124 0 0 148 0 0 
0 64 43 46 0 0 78 43 45 0 35 96 90 97 33 0 70 47 47 0 0 69 55 42 0 
0 1 0 1 141 125 102 106 140 228 132 117 105 117 221 2 9 0 0 116 89 82 96 94 203 
0 0 0 0 0 0 0 0 0 0 0 0 0 0 0 1020 1086 1114 1068 1021 0 0 0 0 0 
0 19 56 149 0 0 18 57 134 0 0 19 52 165 0 0 16 51 164 0 0 16 58 174 0 
81 52 0 0 0 101 87 19 14 13 162 88 44 47 34 115 69 0 0 0 116 106 24 27 32 
82 138 90 173 166 9 49 24 69 90 12 46 29 78 88 0 44 0 54 80 0 45 0 58 71 
168 155 165 121 0 146 165 210 114 1 367 344 414 352 243 135 173 184 97 7 353 272 370 281 157 
77 13 21 101 12 74 0 0 119 0 228 155 143 239 135 69 0 0 94 0 112 47 43 173 39 
119 92 49 50 36 152 98 52 56 35 57 59 15 0 0 88 73 15 12 13 95 54 13 0 0 
0 0 142 60 0 0 0 149 57 0 0 0 191 56 0 0 0 163 46 0 0 0 143 42 0 
128 174 174 121 121 0 52 68 0 0 0 57 63 0 0 41 73 94 31 33 0 46 105 0 0 
64 53 67 67 57 96 119 101 112 98 22 40 43 38 37 0 0 0 0 0 0 0 0 0 0 
0 0 0 180 0 0 0 0 195 0 234 255 231 437 237 0 0 0 190 0 0 0 0 177 0 
0 0 0 0 0 163 153 191 141 154 0 0 0 0 0 0 0 0 0 0 76 61 76 71 87 
106 2 0 58 47 131 35 52 112 96 213 76 92 145 141 92 0 0 68 41 196 68 77 136 112 
0 77 0 0 0 0 82 0 0 0 0 63 0 0 0 120 155 83 126 86 58 135 48 55 54 
0 0 100 0 1 97 94 203 117 117 0 0 101 0 0 8 9 103 3 8 15 16 94 11 16 
298 246 221 308 147 147 99 71 132 0 96 81 67 123 0 311 273 194 331 145 163 123 101 157 2 
0 0 0 0 0 36 45 35 20 31 0 0 0 0 0 82 80 83 78 109 129 120 112 116 153 
0 230 0 209 0 0 189 0 202 0 8 205 5 202 5 0 191 0 200 0 0 201 0 211 0 
0 45 0 125 0 0 54 0 148 0 0 48 1 134 0 70 158 76 219 81 0 57 0 142 0 
0 0 0 0 82 93 72 88 69 150 106 92 80 87 137 0 0 0 0 79 0 0 0 0 88 
104 279 345 56 235 18 191 253 6 164 79 290 332 63 255 119 318 329 102 271 193 336 346 127 259 
0 48 34 0 85 19 61 50 14 98 33 88 92 43 83 0 61 28 0 76 0 66 26 0 74 
114 107 115 128 130 15 0 0 36 0 15 0 0 37 1 19 0 0 51 0 90 68 61 120 82 
80 0 76 0 0 72 0 87 0 0 131 59 118 50 54 118 17 85 15 16 78 0 83 0 0 
0 18 81 0 96 0 12 69 0 107 0 16 74 0 106 0 14 91 0 133 0 13 69 0 101 
24 72 170 93 36 74 82 172 124 62 0 46 125 41 0 58 85 181 120 56 0 23 113 70 0 
0 70 0 0 0 0 75 0 0 0 118 234 122 135 132 0 94 0 0 0 16 84 19 23 24 
0 0 0 71 0 61 64 51 122 81 0 0 0 69 0 0 0 0 80 0 71 62 57 147 61 
49 0 92 48 0 57 0 109 53 0 59 0 91 50 0 46 0 102 54 0 44 0 98 43 0 
82 54 0 31 0 119 84 19 53 26 111 94 0 26 0 125 62 0 45 0 94 62 0 35 0 
0 0 0 0 27 207 199 205 208 228 0 1 0 0 43 0 0 0 0 35 0 0 0 0 40 
115 56 67 146 93 75 47 64 121 91 26 0 0 65 14 36 0 0 65 10 47 16 11 71 28 
31 84 10 7 14 18 57 0 0 0 22 86 0 0 0 157 210 161 144 142 30 94 0 0 0 
0 0 0 21 0 186 170 198 199 164 0 0 0 23 0 0 0 0 22 0 0 0 0 19 0 
92 99 157 179 114 0 0 64 78 0 0 0 97 80 0 0 0 80 64 0 0 0 75 78 0 
81 65 68 53 74 46 0 0 0 6 81 68 57 51 81 26 0 0 0 21 102 54 49 54 61 
0 0 25 0 69 9 6 36 12 89 0 0 34 0 70 10 7 42 7 95 81 74 114 64 153 
606 596 616 650 604 0 0 0 0 0 0 0 0 0 0 0 0 0 0 0 0 0 0 0 0 
58 118 153 72 79 34 91 104 31 26 0 34 78 0 0 0 40 86 0 0 0 42 73 0 0 
0 0 138 0 0 0 0 120 0 0 95 148 256 132 130 0 0 110 0 0 0 0 135 0 0 
109 122 40 63 139 45 49 0 0 91 47 60 0 0 71 43 43 0 0 75 64 45 0 0 93 
0 57 0 33 45 70 131 68 98 108 0 64 0 34 41 0 63 0 51 46 33 76 25 72 84 
8 6 95 4 12 0 0 85 0 0 0 0 83 0 0 37 39 117 27 30 76 81 151 61 85 
0 0 0 52 80 101 89 65 129 177 0 0 0 51 82 0 0 0 39 89 0 0 0 51 78 
101 175 92 73 86 27 107 0 0 0 32 124 5 7 13 29 78 0 0 0 25 76 1 0 0 
68 23 89 37 105 21 0 33 5 65 20 0 39 0 81 17 0 51 0 65 11 0 31 9 70 
50 13 20 0 6 40 0 16 0 0 55 51 67 43 64 84 49 67 33 38 151 112 112 138 115 
48 25 96 36 36 30 0 77 0 0 19 0 66 0 0 22 0 57 0 0 50 6 91 0 4 
0 0 29 0 11 0 0 0 2 0 0 9 0 13 0 11 0 0 0 0 13 0 0 0 0 
0 62 58 0 0 0 59 39 0 0 21 104 75 21 21 32 109 51 40 42 0 62 47 0 0 
30 0 91 0 45 64 43 124 39 80 25 0 85 0 29 37 10 99 5 36 31 0 99 0 28 
0 2132 0 0 0 0 2221 0 0 0 0 2080 0 0 0 0 2149 0 0 0 0 2094 0 0 0 
14 132 105 0 0 68 199 168 69 47 2 114 108 2 0 45 182 140 54 24 0 99 90 0 0 
59 112 99 0 0 63 122 121 0 0 80 122 133 0 0 69 122 111 0 0 61 118 119 0 0 
0 85 0 104 0 78 154 65 158 76 64 135 33 136 45 0 88 0 108 0 0 93 0 77 0 
0 0 0 0 0 1278 1228 1235 1194 1261 0 0 0 0 0 0 0 0 0 0 0 0 0 0 0 
0 0 95 137 0 0 0 80 111 0 0 0 87 139 0 0 0 88 140 0 0 0 80 144 0 
128 45 45 81 40 141 50 49 100 58 78 0 0 35 0 74 0 0 32 0 83 0 0 43 0 
0 114 0 0 74 0 137 0 0 68 0 143 0 0 79 0 129 0 0 65 0 131 0 0 93 
163 265 156 273 100 79 156 8 132 0 293 432 259 391 157 127 275 68 179 26 225 386 279 330 152 
95 99 270 264 89 0 0 170 184 0 110 95 262 276 88 0 0 154 185 2 22 18 183 189 30 
139 105 115 149 262 10 22 0 8 174 7 13 6 4 160 211 211 169 185 367 203 234 233 212 375 
0 66 0 0 0 0 56 0 0 0 0 70 0 0 0 9 65 5 7 3 164 208 162 136 159 
57 25 40 16 51 51 13 33 0 43 43 12 39 0 39 76 12 33 0 52 118 114 101 95 143 
207 70 0 105 0 212 70 0 108 0 214 52 0 108 0 202 66 0 113 0 209 57 0 122 0 
55 0 0 0 0 62 0 0 0 0 64 0 0 0 0 202 133 145 146 141 52 0 0 0 0 
0 0 1468 0 0 0 0 1500 0 0 0 0 1380 0 0 0 0 1485 0 0 0 0 1479 0 0 
76 6 9 54 27 102 72 55 106 67 100 74 75 83 91 58 26 21 69 30 54 0 1 23 13 
151 143 138 116 205 0 0 6 0 50 69 93 79 65 136 0 0 20 0 56 0 0 10 0 62 
69 119 0 139 0 192 219 125 238 104 125 134 76 210 105 63 112 0 139 0 44 81 0 116 0 
82 101 106 101 145 92 89 73 79 104 0 27 0 0 50 0 21 1 0 30 57 72 56 52 93 
0 74 0 0 1 34 147 38 33 30 39 154 39 38 30 32 135 27 26 37 46 124 47 40 61 
29 11 41 32 0 101 74 115 108 64 33 21 46 30 0 35 9 46 27 0 36 20 37 34 0 
152 0 0 0 0 150 0 0 0 0 237 83 103 106 113 136 0 0 0 0 153 0 0 0 0 
0 0 0 0 840 0 0 0 0 787 0 0 0 0 840 0 0 0 0 837 0 0 0 0 774 
114 109 0 177 50 127 120 1 185 76 195 179 38 241 121 125 104 3 175 96 123 163 0 215 71 
128 0 0 0 0 261 99 86 82 69 158 0 0 0 0 142 0 0 0 0 145 0 0 0 0 
0 0 0 0 0 75 57 70 70 73 0 0 0 0 0 145 125 145 148 148 0 0 0 0 0 
0 22 0 143 0 33 55 46 186 32 0 19 0 132 0 0 16 0 136 0 0 20 0 160 0 
106 51 124 131 170 57 0 85 72 64 31 2 81 88 73 105 61 127 115 131 12 2 60 53 52 
43 46 55 128 106 26 21 31 81 74 0 0 0 77 55 0 0 0 46 50 7 8 9 75 53 
0 8 69 0 0 92 108 192 95 99 0 13 74 0 0 55 86 180 51 69 0 6 72 0 0 
214 9 197 0 0 216 4 189 0 0 219 4 195 4 0 177 3 196 0 0 219 24 192 9 9 
293 116 305 114 197 294 142 339 143 208 318 154 347 169 231 198 17 181 36 101 193 38 230 16 90 
72 168 74 93 73 0 99 0 26 0 18 137 29 35 26 0 111 0 17 0 0 85 0 24 0 
0 0 32 0 58 35 46 77 44 110 54 71 89 53 121 0 0 32 0 61 0 0 47 0 58 
0 0 17 0 226 0 0 20 0 225 0 0 32 0 193 0 0 30 0 219 0 0 28 0 230 
0 0 0 50 0 0 0 0 58 0 54 59 45 139 45 0 0 0 59 0 85 78 82 158 86 
91 0 0 97 0 113 0 0 117 0 109 0 0 96 0 104 0 0 123 0 102 0 0 114 0 
5 33 81 79 7 109 166 192 208 130 167 203 226 233 138 16 66 115 114 40 79 98 125 140 54 
120 140 137 114 252 0 0 0 0 82 0 0 0 0 84 26 40 28 22 124 0 0 0 0 77 
140 264 156 155 162 0 138 0 0 0 87 195 81 88 80 0 106 0 0 8 95 232 90 84 106 
144 138 80 84 81 78 46 0 0 0 93 50 4 4 8 66 49 0 0 0 75 56 0 0 0 
0 126 0 0 0 42 189 62 69 74 0 150 0 0 0 70 210 95 91 74 0 123 0 0 0 
0 0 0 0 0 0 0 0 0 0 0 0 0 0 0 0 0 0 0 0 452 427 460 442 424 
0 0 39 0 0 73 79 92 76 87 0 0 31 0 0 78 79 85 59 81 19 25 60 23 26 
8 16 16 18 52 0 0 0 0 38 86 85 73 73 113 0 0 0 0 34 73 103 84 85 115 
0 0 0 139 0 0 0 0 135 0 0 0 0 160 0 0 0 0 169 0 81 85 89 231 103 
0 67 0 34 72 1 63 0 38 77 0 56 0 36 91 0 60 0 32 73 17 78 25 56 113 
0 112 0 0 0 0 108 0 0 0 0 106 0 0 0 0 96 0 0 0 97 185 99 105 92 
0 6 0 23 0 84 68 86 83 82 53 35 61 52 64 0 0 0 20 0 107 96 108 133 104 
0 0 117 55 0 43 45 154 105 50 0 0 102 39 0 0 0 89 38 0 0 0 126 35 0 
57 0 0 0 0 126 62 61 75 69 98 20 18 19 15 130 47 45 52 41 58 0 0 0 0 
83 35 33 111 37 37 0 0 91 0 47 0 0 85 0 80 35 30 120 32 55 0 0 83 0 
0 0 63 43 0 0 0 55 43 0 101 99 149 132 97 0 0 62 47 0 0 0 67 42 0 
33 0 0 76 92 104 69 81 143 190 42 1 4 75 104 53 23 31 97 96 35 30 40 93 111 
0 4 57 131 9 0 0 55 92 0 59 35 123 154 60 30 46 79 166 39 0 0 53 98 0 
62 4 54 61 15 45 5 46 43 31 142 99 139 146 113 94 26 64 63 26 60 0 54 60 7 
39 0 54 0 54 38 0 56 0 51 26 0 66 0 68 87 48 103 65 103 30 0 55 0 53 
86 17 156 122 45 69 8 121 85 31 73 2 116 43 11 190 50 213 142 100 105 26 171 69 60 
16 106 173 38 146 165 254 335 157 303 39 168 218 59 206 0 62 177 6 139 98 145 276 121 261 
20 23 26 70 53 44 41 39 86 82 0 0 0 33 32 0 0 0 24 16 82 98 103 139 112 
18 31 0 84 1 29 46 0 104 0 76 71 39 128 53 25 35 0 103 0 40 32 0 81 0 
0 0 62 0 0 165 156 223 153 179 0 0 63 0 0 0 0 83 0 0 0 0 75 0 0 
15 9 0 0 78 19 2 0 2 69 64 70 51 50 145 23 24 18 14 85 97 123 106 105 138 
72 14 16 8 25 119 79 89 79 97 120 89 106 120 108 48 0 2 0 14 35 13 14 4 28 
20 118 80 17 32 0 96 72 6 6 0 78 48 0 19 0 87 55 5 14 54 135 112 46 85 
167 208 122 103 123 85 65 57 23 28 41 49 19 0 0 39 48 13 0 0 38 49 16 0 0 
95 0 0 12 0 83 0 0 0 0 99 0 0 14 0 100 0 0 0 0 122 15 23 53 29 
78 86 16 17 21 59 54 0 0 0 64 71 18 12 15 76 85 39 42 50 81 82 51 28 53 
38 75 43 71 29 0 62 10 42 16 0 51 11 46 19 0 40 14 29 13 38 104 64 97 76 
0 0 56 27 11 0 0 45 35 2 0 0 44 40 6 43 53 122 94 61 54 50 100 93 63 
27 38 25 22 31 0 0 0 0 0 71 58 57 63 54 0 0 0 0 0 118 106 99 114 110 
41 37 38 34 41 0 0 16 0 0 0 0 20 0 0 49 47 91 53 54 127 100 140 143 125 
33 43 103 44 48 1 0 49 0 0 60 54 129 59 46 0 0 53 5 0 0 1 57 25 8 
0 0 180 32 0 0 0 141 23 0 19 20 156 37 18 0 0 166 23 0 0 0 162 23 0 
44 77 0 0 0 75 102 41 38 35 86 123 18 18 11 91 136 44 42 43 38 71 0 0 0 
100 0 119 109 114 189 75 217 220 202 189 74 208 231 228 169 51 134 146 188 114 4 117 164 149 
105 147 82 69 70 14 48 4 0 0 88 164 81 62 67 37 76 29 19 16 25 75 0 0 0 
0 115 107 159 1 0 127 119 163 0 0 107 120 167 2 0 116 115 155 0 0 127 117 165 1 
13 0 0 131 0 9 0 0 95 0 91 65 87 187 84 11 0 0 99 0 20 1 1 105 1 
52 71 47 45 72 0 61 6 0 32 41 77 35 30 65 4 39 0 0 32 0 60 0 4 33 
128 143 31 75 112 159 250 71 91 196 133 165 69 89 138 83 95 7 32 60 246 282 104 157 203 
82 189 145 94 105 8 44 69 11 5 42 81 119 36 36 30 86 65 17 29 0 82 55 0 0 
2 12 0 0 58 0 20 15 3 91 0 7 16 8 47 64 85 70 39 148 20 29 41 29 85 
631 456 457 354 412 438 197 233 176 211 433 308 306 195 275 316 161 120 60 117 522 344 393 340 336 
90 75 2 3 1 162 164 75 88 74 74 78 0 0 0 96 87 20 17 21 71 66 0 0 0 
171 301 146 145 138 226 366 133 234 176 121 267 90 135 68 26 173 0 24 0 97 214 70 85 41 
0 0 0 0 54 0 0 0 0 61 0 0 0 0 65 0 0 0 0 61 142 170 149 163 190 
63 0 37 0 14 110 13 52 23 32 110 53 81 44 47 123 59 107 52 81 106 26 36 18 28 
153 0 0 54 0 157 0 0 57 0 142 0 0 39 0 168 0 0 47 0 152 0 0 42 0 
158 125 145 230 107 34 0 71 119 6 62 39 107 168 54 45 8 91 103 21 36 0 62 78 3 
69 110 83 161 156 0 9 7 94 47 0 17 5 62 60 0 11 12 89 51 32 36 29 113 57 
142 155 89 61 9 212 229 184 141 122 121 119 101 47 6 270 245 225 163 117 169 182 137 77 60 
57 130 51 57 53 0 54 0 0 0 6 80 4 4 3 0 64 0 0 0 75 154 62 76 65 
0 0 0 16 0 0 0 0 20 0 0 0 0 21 0 0 0 0 18 0 169 182 210 216 199 
35 0 0 12 32 99 80 73 81 93 32 0 0 12 34 26 0 0 4 35 37 0 0 0 27 
57 4 73 117 129 26 3 36 108 100 85 25 54 162 130 33 0 40 100 105 152 95 145 235 250 
0 69 55 0 67 0 71 63 0 72 0 79 53 0 55 0 66 64 0 69 0 84 67 0 66 
51 19 56 46 36 76 48 97 61 56 22 11 36 18 9 57 50 111 76 57 5 0 30 0 0 
80 0 0 0 54 61 0 0 0 50 88 0 0 0 60 66 0 0 0 52 175 88 79 92 149 
81 131 16 108 82 77 150 3 122 113 47 92 3 127 71 222 246 144 225 181 129 212 97 170 160 
70 87 96 75 62 10 36 40 13 9 0 14 44 0 0 58 69 84 51 45 21 29 55 19 12 
0 0 0 179 47 0 0 0 190 45 33 31 20 205 63 0 0 0 187 43 0 0 0 171 54 
0 0 0 142 13 146 127 119 311 161 0 0 0 158 15 112 120 109 244 108 0 0 0 127 9 
55 165 177 194 72 34 128 163 186 42 57 168 187 210 74 66 243 233 246 141 120 199 224 263 95 
0 0 0 1273 0 0 0 0 1273 0 0 0 0 1299 0 0 0 1 1356 1 0 0 0 1287 0 
198 0 0 0 0 198 13 18 17 20 180 0 0 0 0 195 0 0 0 0 171 0 0 0 0 
98 0 0 0 0 126 0 0 0 0 133 0 0 0 0 114 0 0 0 0 220 94 94 93 101 
315 44 119 99 65 247 0 29 8 3 470 120 219 147 150 510 247 393 296 266 338 75 128 116 109 
4 33 0 0 0 0 58 4 0 19 0 41 0 0 17 0 3 0 0 0 0 29 0 0 30 
0 0 187 0 35 0 0 225 0 28 0 0 202 1 31 0 0 174 0 17 0 0 177 0 27 
72 89 155 119 78 0 0 44 1 0 0 0 79 0 0 1 0 72 0 0 185 234 285 255 230 
2 7 0 77 233 120 140 123 219 353 0 24 0 80 249 0 6 0 84 265 121 152 123 188 324 
9 13 86 15 231 3 0 61 7 179 112 102 169 114 275 137 135 222 174 329 3 4 67 1 185 
64 26 28 71 75 43 0 0 30 64 55 0 0 27 39 63 0 0 35 42 92 46 50 81 87 
131 261 299 188 78 163 238 320 181 83 131 250 300 155 116 68 159 233 75 22 50 209 251 131 27 
0 0 0 36 0 74 63 49 99 56 0 0 0 25 0 46 45 63 91 50 42 48 44 94 37 
