825 805 807 679 818 1052 1085 1033 963 998 659 714 652 640 765 993 1000 929 957 985 603 540 484 472 630 
194 146 186 171 173 0 0 0 0 0 130 81 130 107 107 0 0 0 0 0 0 0 0 0 0 
109 44 34 197 241 77 0 0 138 127 178 66 59 238 294 55 0 0 111 141 81 0 0 165 138 
309 64 141 77 94 225 0 33 5 16 421 101 212 134 138 475 234 359 251 250 321 86 149 111 113 
0 0 0 150 14 157 122 123 319 179 0 1 0 177 16 105 112 106 254 99 0 0 0 140 11 
121 18 64 127 12 137 10 86 104 0 124 26 53 89 22 122 2 64 116 0 312 186 265 314 172 
97 8 11 0 81 79 0 14 0 103 174 81 95 90 166 150 57 85 57 143 199 97 110 98 220 
0 0 0 0 0 0 0 0 0 0 1033 1033 995 1010 1059 0 0 0 0 0 0 0 0 0 0 
0 0 0 219 0 0 0 3 216 1 97 94 90 330 111 102 92 79 330 110 0 0 0 205 0 
13 10 15 240 6 0 0 0 236 0 45 54 38 237 35 0 0 0 201 0 3 8 0 241 5 
39 124 172 240 59 22 136 188 254 51 136 176 237 310 109 93 193 222 271 96 74 123 168 245 54 
0 0 0 0 0 0 0 0 0 0 0 0 0 0 0 66 66 68 71 87 168 159 166 182 156 
80 84 63 54 169 0 10 0 0 106 0 3 0 0 106 0 4 0 0 121 89 82 84 76 161 
148 152 165 152 153 0 0 0 0 0 0 0 0 0 0 0 0 0 0 0 88 90 64 71 86 
0 0 0 0 0 0 0 0 0 0 0 0 0 0 0 436 449 428 416 420 199 186 188 190 213 
0 219 0 0 89 0 185 0 0 100 138 354 160 140 233 0 202 0 0 103 0 235 0 0 81 
944 0 0 0 0 930 0 0 0 0 930 0 0 0 0 977 0 0 0 0 964 0 0 0 0 
11 3 197 139 141 39 7 163 115 153 89 104 256 187 181 164 173 321 300 271 115 90 244 203 248 
101 140 83 177 80 62 97 71 139 72 0 46 0 52 0 46 104 62 95 49 0 43 0 43 0 
41 15 22 8 27 141 123 131 115 151 42 0 0 0 21 29 0 0 0 20 158 134 124 126 179 
0 0 146 0 0 0 0 132 0 0 0 0 161 0 0 151 124 262 143 138 0 0 153 0 0 
0 66 44 48 0 0 82 44 42 0 35 97 93 98 34 0 71 47 50 0 0 73 56 41 0 
1 1 0 6 144 151 116 122 148 257 155 133 107 123 223 2 3 1 0 113 86 97 98 102 200 
0 0 0 0 0 0 0 0 0 0 0 0 0 0 0 1017 1080 1094 1057 996 0 0 0 0 0 
0 18 51 132 0 0 17 52 114 0 0 18 46 141 0 0 17 50 139 0 0 15 51 139 0 
74 56 0 0 0 91 76 15 22 16 150 97 42 41 31 93 69 0 0 0 107 108 25 27 29 
84 110 79 154 158 8 38 17 58 70 16 44 23 86 90 0 42 0 66 62 0 36 0 59 68 
104 114 114 72 10 106 117 162 69 1 273 288 309 253 192 104 136 138 77 4 255 216 279 195 128 
84 13 11 112 10 76 0 0 123 0 222 161 155 238 149 84 0 0 111 0 123 45 49 190 44 
160 117 57 67 42 171 125 61 67 32 81 73 19 0 0 104 99 25 21 23 94 68 12 0 0 
0 0 156 66 0 0 0 160 61 0 0 0 213 61 0 0 0 196 57 0 0 0 160 55 0 
112 157 172 123 99 0 47 69 0 0 0 58 62 1 0 41 69 96 33 36 0 48 98 0 2 
98 88 105 102 89 153 154 150 149 151 33 57 57 54 57 0 0 0 0 0 0 0 0 0 0 
0 0 0 165 0 0 0 0 174 0 230 233 220 409 242 0 0 0 171 0 0 0 0 155 0 
0 0 0 0 0 167 167 191 136 158 0 0 0 0 0 0 0 0 0 0 86 73 70 76 80 
107 2 0 61 39 141 35 48 114 105 244 70 91 143 167 96 0 0 60 41 201 75 85 155 126 
0 99 0 0 0 0 88 0 0 0 0 73 0 0 0 117 179 85 129 94 60 132 44 48 51 
0 0 113 0 0 98 104 223 119 117 0 0 105 0 0 11 11 127 4 10 14 15 117 14 20 
250 207 196 256 112 106 89 66 106 0 85 73 66 95 0 268 235 155 259 111 128 95 81 143 5 
0 0 0 0 0 38 39 33 24 24 0 0 0 0 0 72 75 83 75 105 109 119 121 120 150 
0 227 0 205 0 0 182 0 199 0 8 207 7 202 7 0 189 0 196 0 0 201 0 211 0 
0 39 0 126 0 0 52 1 134 0 0 50 0 145 0 68 146 76 224 80 0 58 0 133 0 
0 0 0 0 67 74 65 71 56 123 78 67 67 75 116 0 0 0 0 67 0 0 0 0 73 
78 298 301 32 235 41 222 243 4 165 75 285 285 58 247 110 338 278 105 290 210 378 371 153 327 
0 47 35 0 84 21 65 51 13 104 30 94 94 44 81 0 63 32 0 71 0 65 29 0 77 
119 105 122 135 124 16 0 0 36 0 10 0 0 43 0 22 0 0 52 0 92 71 68 115 90 
75 0 69 0 0 79 0 79 0 0 126 59 128 59 59 111 19 99 15 12 78 0 81 0 0 
0 18 80 0 96 0 12 68 0 106 0 16 74 0 105 0 14 91 0 133 0 13 69 0 101 
15 45 139 75 22 60 60 155 104 51 0 33 113 39 0 36 58 143 95 38 0 24 107 57 0 
0 65 0 0 0 0 81 0 0 0 116 226 112 142 117 0 91 0 0 0 15 84 18 25 25 
0 0 0 79 0 64 68 58 138 93 0 0 0 70 0 0 0 0 88 0 74 68 62 162 65 
60 0 120 59 0 82 0 126 70 0 75 0 122 61 0 61 0 119 67 0 51 0 113 64 0 
109 72 0 38 0 141 98 25 61 30 125 115 0 42 0 148 77 0 48 0 117 77 0 43 0 
0 0 0 0 29 195 197 206 205 237 0 0 0 0 37 0 0 0 0 32 0 0 0 0 35 
114 57 62 135 107 78 46 58 123 81 26 0 0 61 13 41 0 0 67 15 51 13 10 79 31 
31 65 9 7 11 27 57 0 0 0 23 89 0 0 0 161 201 150 125 129 32 89 0 0 0 
0 0 0 22 0 193 178 202 208 167 0 0 0 26 0 0 0 0 22 0 0 0 0 19 0 
76 83 146 145 93 0 0 55 66 0 0 0 77 63 0 0 0 71 58 0 0 0 65 68 0 
63 56 58 48 68 39 0 0 0 10 75 62 48 47 71 29 0 0 0 20 91 49 45 49 59 
0 0 24 0 69 9 6 35 11 89 0 0 34 0 70 10 7 43 8 95 82 75 114 64 153 
595 593 616 649 597 0 0 0 0 0 0 0 0 0 0 0 0 0 0 0 0 0 0 0 0 
70 122 162 77 90 35 94 110 30 28 0 38 77 0 0 0 43 85 0 0 0 49 75 0 0 
0 0 119 0 0 0 0 108 0 0 82 130 231 117 114 0 0 95 0 0 0 0 117 0 0 
122 138 44 65 166 47 49 0 0 100 52 67 0 0 75 49 50 0 0 86 64 47 0 0 89 
0 49 0 23 36 59 115 57 80 94 0 59 0 26 38 0 55 0 39 39 25 65 22 53 62 
9 7 99 5 12 0 0 86 0 0 0 0 83 0 0 36 39 120 27 29 75 78 150 58 85 
0 0 0 51 74 85 72 56 111 150 0 0 0 49 72 0 0 0 36 81 0 0 0 47 71 
109 173 79 80 87 28 125 0 0 0 33 132 6 10 10 27 85 0 0 0 26 89 0 0 0 
63 28 92 31 101 17 0 39 2 63 17 0 35 0 76 17 0 48 7 61 10 0 37 0 68 
67 0 5 0 2 75 0 1 0 0 112 55 30 50 71 109 39 0 22 33 166 98 62 117 95 
67 33 118 48 52 32 0 81 0 0 29 0 77 0 0 26 0 69 0 0 83 45 122 48 41 
90 78 95 49 59 35 29 26 0 8 56 67 59 25 43 45 27 31 0 12 36 32 31 0 4 
0 62 60 0 0 0 70 51 0 0 20 104 73 21 21 32 108 62 39 42 0 62 43 0 0 
58 99 57 51 49 38 104 36 41 32 17 72 18 18 24 27 58 28 30 28 0 57 0 0 0 
29 0 90 0 45 61 43 123 37 78 25 0 81 0 28 31 6 97 0 30 31 0 95 0 27 
0 2064 0 0 0 0 2128 0 0 0 0 2015 0 0 0 0 2100 0 0 0 0 2031 0 0 0 
23 103 107 15 11 88 174 184 72 73 7 108 120 4 0 32 167 125 56 48 2 100 75 1 0 
56 86 69 0 0 43 106 83 0 0 61 98 95 0 0 48 103 80 0 0 50 90 96 0 0 
5 127 0 168 1 117 226 116 303 123 128 217 110 327 103 0 124 0 204 0 3 123 0 153 0 
66 88 144 110 93 0 0 51 0 0 0 0 65 0 0 0 0 48 0 0 179 219 246 212 217 
0 0 0 0 0 1243 1198 1204 1163 1240 0 0 0 0 0 0 0 0 0 0 0 0 0 0 0 
0 0 80 125 0 0 0 75 106 0 0 0 81 127 0 0 0 80 125 0 0 0 72 128 0 
165 61 59 109 48 163 54 64 130 69 92 0 0 41 0 88 0 0 46 0 102 0 0 47 0 
0 115 0 0 76 0 140 0 0 71 0 148 0 0 78 0 129 0 0 67 0 136 0 0 94 
205 300 173 274 96 149 266 101 199 28 304 431 273 368 151 220 331 222 247 82 215 437 306 273 176 
96 80 289 303 100 0 0 203 218 3 119 119 319 339 127 0 0 182 208 5 14 6 181 203 20 
172 157 122 201 322 8 22 3 14 188 18 21 7 32 191 247 255 174 236 411 270 297 283 296 494 
0 61 0 0 0 0 48 0 0 0 0 63 0 0 0 7 59 4 7 3 152 185 150 130 144 
72 22 53 14 68 55 19 34 0 57 62 14 47 0 47 86 14 41 0 49 166 116 126 105 183 
202 76 0 101 0 202 70 0 98 0 205 59 0 104 0 191 72 0 109 0 206 63 0 114 0 
55 0 0 0 0 61 0 0 0 0 64 0 0 0 0 202 133 145 146 141 51 0 0 0 0 
104 254 250 171 50 91 219 230 139 46 84 191 200 85 65 36 154 203 61 1 68 206 237 116 20 
88 7 11 67 32 128 95 65 122 83 126 99 82 100 101 80 37 28 95 55 69 0 0 45 13 
122 129 146 94 195 0 0 6 0 60 70 75 80 65 118 0 0 23 0 54 0 0 12 0 75 
20 45 0 49 0 96 112 58 102 47 52 57 22 73 32 33 38 0 47 0 24 42 0 51 0 
83 89 87 98 142 88 93 76 69 105 0 26 0 0 58 0 22 0 0 31 50 81 66 57 95 
0 67 0 0 0 28 118 33 35 27 33 130 33 33 30 24 109 20 25 33 38 115 40 32 44 
33 11 39 33 0 103 71 112 112 63 43 21 47 37 0 47 9 44 35 0 39 19 37 38 0 
2 12 0 84 213 123 134 133 202 349 2 35 2 76 250 0 15 0 86 255 112 148 113 173 300 
5 16 80 5 227 5 1 66 11 179 92 91 152 110 262 143 141 228 177 332 3 6 66 2 184 
150 0 0 0 0 143 1 0 0 0 225 80 105 106 104 129 0 0 0 0 131 0 0 0 0 
0 0 0 0 830 0 0 0 0 790 0 0 0 0 838 0 0 0 0 833 0 0 0 0 777 
124 100 0 163 50 144 113 1 186 65 156 162 44 236 99 124 96 3 179 89 119 118 0 183 47 
188 0 0 0 0 324 102 100 102 94 208 0 0 0 0 202 0 0 0 0 190 0 0 0 0 
0 0 0 0 0 79 60 72 67 71 0 0 0 0 0 152 127 147 153 148 0 0 0 0 0 
0 27 0 153 0 35 58 47 202 36 0 19 0 142 0 0 15 0 149 0 0 24 0 168 0 
81 57 97 129 159 50 1 75 68 62 24 5 81 79 68 91 50 126 125 134 10 0 47 56 40 
49 60 62 149 121 31 24 35 93 77 0 0 0 83 66 0 0 0 51 55 9 11 12 82 64 
0 9 66 0 0 87 98 183 91 98 0 10 73 1 0 60 78 176 53 67 0 6 69 0 0 
112 0 112 0 0 101 0 85 0 0 92 1 101 4 1 69 0 102 0 0 108 11 88 10 10 
327 111 317 169 215 367 194 446 218 216 337 171 405 245 265 189 19 233 73 140 194 69 296 55 119 
69 155 73 85 67 0 88 0 29 0 18 138 29 34 28 0 107 0 17 0 0 80 0 23 0 
0 0 36 0 65 38 54 91 49 130 65 86 101 58 137 0 0 36 0 73 1 0 55 0 68 
0 0 15 0 188 0 0 14 0 178 0 0 27 0 166 0 0 25 0 179 0 0 23 0 182 
0 0 0 52 0 0 0 0 60 0 56 59 45 143 45 0 0 0 60 0 91 84 86 166 89 
96 0 0 113 0 130 0 0 131 0 108 0 0 101 0 97 0 0 132 0 100 0 0 123 0 
8 48 95 63 3 108 187 179 193 111 181 207 250 230 155 3 54 96 84 6 76 99 122 151 53 
117 164 141 118 254 0 0 0 0 93 0 0 0 0 89 27 29 36 28 131 0 0 0 0 103 
127 225 135 125 136 0 122 0 0 0 79 195 88 95 77 3 105 5 0 2 99 205 86 81 91 
155 146 94 86 99 81 46 0 0 0 93 50 4 5 8 69 52 0 0 0 78 61 0 0 0 
0 110 0 0 0 31 136 42 56 56 0 110 0 0 0 59 169 72 72 59 0 103 0 0 0 
0 0 0 0 0 0 0 0 0 0 0 0 0 0 0 0 0 0 0 0 457 427 474 448 415 
0 0 37 0 0 73 79 92 75 87 0 0 31 0 0 77 75 85 59 79 18 25 59 22 26 
6 14 16 17 52 0 0 0 0 36 80 79 71 69 99 0 0 0 0 33 69 97 78 76 106 
0 0 0 126 0 0 0 0 109 0 0 0 0 135 0 0 0 0 138 0 72 71 76 190 79 
0 74 0 36 74 3 71 0 38 84 0 58 0 40 97 0 67 0 35 75 19 87 25 58 122 
0 112 0 0 0 0 108 0 0 0 0 106 0 0 0 0 96 0 0 0 97 185 99 105 92 
0 0 0 35 0 74 60 79 76 73 49 25 49 46 45 0 0 0 14 0 100 100 105 149 102 
0 0 117 55 0 43 46 155 106 50 0 0 102 39 0 0 0 89 37 0 0 0 127 34 0 
3 19 0 0 0 0 82 19 1 21 0 65 0 0 16 0 28 0 0 0 0 39 19 0 15 
59 0 0 0 0 126 62 61 76 69 99 20 18 20 15 130 47 46 52 41 58 0 0 0 0 
83 35 33 111 37 39 0 0 91 0 48 0 0 85 0 82 35 30 119 30 55 0 0 83 0 
0 0 63 43 0 0 0 55 43 0 101 99 149 132 97 0 0 62 47 0 0 0 67 42 0 
35 0 0 77 135 116 100 110 163 261 38 5 15 122 151 68 33 73 119 151 47 43 74 117 155 
0 6 53 104 7 0 0 51 81 0 53 29 123 128 53 31 48 79 133 40 0 0 49 89 0 
69 1 47 45 8 35 6 37 36 16 123 83 127 109 99 82 16 54 45 17 48 0 45 37 0 
40 0 54 0 55 41 0 57 0 53 26 0 68 0 71 94 52 105 69 109 30 0 59 0 54 
86 32 184 86 60 67 9 155 88 30 52 0 141 21 10 157 69 227 105 104 110 29 216 91 65 
7 108 147 29 149 149 221 318 135 317 35 132 226 46 203 0 52 168 4 159 117 175 258 140 267 
26 25 28 70 59 50 45 48 99 97 0 0 0 38 37 0 0 0 26 20 99 110 131 161 120 
23 30 0 91 0 36 52 0 119 0 82 80 44 150 58 28 45 0 122 0 48 42 0 90 0 
0 0 60 0 0 165 143 209 153 179 0 0 65 0 0 0 1 72 0 0 0 0 79 0 0 
52 106 66 90 41 16 30 0 37 0 72 118 81 122 53 2 72 0 78 5 81 74 82 124 41 
11 8 0 0 74 15 0 0 0 70 62 67 46 46 131 22 19 7 12 85 91 132 107 106 147 
59 11 9 5 20 86 60 61 64 64 94 73 77 86 83 39 0 5 0 12 32 7 14 4 21 
21 105 82 18 44 0 92 71 5 8 0 84 43 0 27 0 90 56 8 16 49 133 105 48 87 
147 200 95 100 100 74 63 47 20 26 41 47 16 0 0 46 42 11 0 0 38 52 15 0 0 
94 0 0 28 0 87 0 0 14 0 103 0 0 33 0 103 0 0 0 0 127 15 23 45 31 
72 87 14 25 26 50 48 0 0 2 54 75 12 8 15 69 76 39 41 51 76 77 48 31 45 
33 63 24 68 10 0 45 0 37 7 0 33 7 41 8 0 23 0 22 3 33 85 51 83 62 
0 0 55 29 12 0 0 47 38 3 0 0 44 43 6 43 54 128 98 65 57 49 101 98 65 
29 38 26 22 31 0 0 0 0 0 71 59 57 62 55 0 0 0 0 0 120 107 99 114 110 
39 34 39 33 42 0 0 17 0 0 0 0 19 0 0 48 44 86 54 52 118 95 138 129 118 
36 44 106 48 54 3 7 59 8 11 58 53 125 55 48 0 0 47 1 0 0 6 58 19 0 
0 0 180 32 0 0 0 141 21 0 18 19 156 36 18 0 0 166 22 0 0 0 162 22 0 
46 113 0 0 0 101 155 67 62 62 97 191 37 26 17 110 190 61 57 62 39 106 0 0 0 
91 0 97 98 117 167 81 200 204 190 188 92 197 219 221 178 52 134 143 167 117 3 105 150 135 
101 134 78 60 72 14 65 8 0 0 89 163 75 58 67 50 83 35 20 23 24 69 0 0 0 
0 119 113 166 0 0 132 125 174 0 0 114 124 167 2 0 121 123 162 2 0 132 123 172 2 
13 0 0 131 0 9 0 0 96 0 91 65 86 187 84 11 0 0 99 0 21 1 0 105 1 
50 73 40 45 61 0 50 0 1 24 51 82 45 40 60 7 39 0 0 30 4 57 0 0 27 
148 157 43 63 124 174 234 98 92 228 155 161 66 77 130 87 98 6 17 100 240 268 109 140 190 
69 171 131 80 95 10 42 70 11 3 37 82 104 43 29 25 73 56 13 24 0 65 49 0 0 
6 27 13 7 73 6 31 24 2 104 0 20 12 6 47 59 80 66 41 141 16 30 23 26 93 
632 471 466 380 442 423 170 221 175 213 459 220 267 183 257 328 112 110 63 144 544 340 394 354 371 
73 59 0 3 0 149 144 60 66 64 70 76 0 0 0 88 79 19 14 15 66 52 0 0 0 
155 309 123 110 130 232 379 149 227 181 117 263 71 133 79 34 185 0 29 0 75 222 63 74 41 
11 0 5 72 0 0 0 0 38 0 62 52 36 84 34 84 60 64 107 77 30 0 10 33 0 
0 0 0 0 52 0 0 0 0 56 0 0 0 0 65 0 0 0 0 58 134 157 141 152 185 
72 2 23 1 8 131 18 68 27 34 138 61 89 46 57 149 64 126 69 89 153 34 54 12 24 
150 0 0 54 0 156 0 0 55 0 141 0 0 40 0 168 0 0 46 0 149 0 0 41 0 
176 121 170 255 106 42 3 89 138 6 88 38 144 193 68 55 6 111 98 27 56 0 91 95 3 
0 0 52 63 0 84 58 113 118 87 0 0 44 47 0 67 65 114 103 61 43 50 94 83 37 
64 97 78 157 149 0 9 4 88 41 0 17 6 56 52 0 11 8 81 42 32 36 28 90 55 
104 99 81 70 24 176 141 124 115 87 75 73 59 44 11 229 164 194 157 124 151 128 134 87 78 
64 154 63 67 70 0 65 0 0 0 10 90 0 4 5 0 69 0 0 0 87 184 73 84 76 
0 0 0 18 0 0 0 0 22 0 0 0 0 22 0 0 0 0 20 0 177 191 215 231 217 
35 0 0 29 39 108 87 75 101 102 43 0 0 33 37 32 1 0 24 40 44 0 0 26 34 
50 0 56 104 69 19 3 40 98 89 70 26 52 134 110 21 0 43 75 93 121 81 122 183 210 
0 104 80 0 84 0 98 85 0 92 0 96 61 0 63 0 101 76 0 81 0 111 81 0 79 
47 23 56 40 33 72 52 92 56 55 23 17 36 20 13 55 45 103 71 49 8 0 32 2 0 
71 0 0 0 48 60 0 0 0 46 78 0 0 0 53 62 0 0 0 44 160 83 72 84 138 
68 106 3 102 76 57 129 4 130 97 54 90 0 133 69 204 249 159 272 187 101 171 72 162 147 
92 0 0 0 0 117 0 0 0 0 122 0 0 0 0 102 0 0 0 0 206 88 85 89 99 
72 86 99 78 63 7 40 41 13 10 0 12 47 0 0 59 72 90 52 50 21 29 54 16 14 
0 0 0 140 35 0 0 0 158 28 27 29 16 157 51 0 0 0 149 34 0 0 0 138 38 
0 0 0 38 0 78 66 49 107 60 0 0 0 25 0 49 48 63 93 54 45 52 45 104 42 
98 17 89 0 0 110 13 99 0 1 123 10 93 0 0 116 8 97 0 0 106 16 104 0 0 
0 0 174 0 31 0 0 201 0 27 0 0 171 0 24 0 0 165 0 21 0 0 155 0 25 
0 0 0 1207 0 0 0 0 1214 0 0 0 0 1212 0 0 3 4 1306 2 0 0 0 1226 0 
0 0 1452 0 0 0 0 1476 0 0 0 0 1371 0 0 0 0 1493 0 0 0 0 1464 0 0 
