825 762 566 599 720 1030 996 829 852 975 654 614 460 566 711 980 924 889 900 947 669 563 464 439 653 
158 143 153 158 152 0 0 0 0 0 117 81 130 104 109 0 0 0 0 0 0 0 0 1 0 
110 49 29 210 222 75 0 0 143 145 153 46 28 241 220 52 0 0 115 117 74 0 0 111 127 
152 0 120 150 162 213 63 216 237 239 294 131 273 305 326 241 56 157 213 237 151 0 128 199 168 
192 59 128 170 45 137 10 95 120 0 150 39 93 113 21 149 9 52 121 0 284 191 247 324 190 
111 8 18 0 97 121 4 20 0 124 225 101 114 85 203 188 70 102 68 155 262 108 133 113 268 
0 0 0 0 0 0 0 0 0 0 1048 1040 994 1004 1066 0 0 0 0 0 0 0 0 0 0 
0 0 0 270 0 1 0 4 245 1 112 120 113 363 121 116 112 96 399 126 0 0 0 246 0 
17 9 13 196 5 0 0 0 195 0 43 48 34 203 32 0 0 0 174 0 3 7 6 197 3 
0 0 0 0 0 0 0 0 0 0 0 0 0 0 0 55 59 63 65 76 154 146 145 167 145 
74 93 70 55 165 0 12 0 0 98 0 5 0 0 97 0 4 0 0 102 83 80 83 67 171 
137 140 149 149 149 0 0 0 0 0 0 0 0 0 0 0 0 0 0 0 85 78 65 64 80 
0 0 0 0 0 0 0 0 0 0 0 0 0 0 0 428 437 425 414 425 193 177 183 188 207 
0 195 0 0 81 0 164 0 0 93 100 305 129 119 191 0 179 0 0 92 0 208 0 0 75 
815 0 0 0 0 802 0 0 0 0 792 0 0 0 0 826 0 0 0 0 841 0 0 0 0 
16 1 231 152 172 59 9 201 166 168 107 109 294 248 206 203 185 422 355 316 145 85 278 259 297 
83 113 70 125 69 49 74 54 102 65 0 38 0 37 0 45 82 39 73 36 0 36 0 36 0 
41 8 12 7 23 139 116 122 114 131 32 0 0 0 15 28 0 0 0 25 136 121 109 110 164 
0 0 144 0 0 0 0 132 0 0 0 0 152 0 0 148 139 255 119 133 0 0 150 0 0 
0 65 45 47 0 0 80 43 46 0 37 97 94 99 34 0 75 49 49 0 0 72 58 42 0 
4 2 0 0 157 148 117 134 149 243 153 133 120 124 223 0 1 0 0 116 86 88 98 86 203 
0 0 0 0 0 0 0 0 0 0 0 0 0 0 0 1029 1076 1104 1078 1002 0 0 0 0 0 
0 19 55 150 0 0 17 59 132 0 0 19 51 153 0 0 17 53 154 0 0 16 55 163 0 
72 53 0 0 0 87 76 16 15 15 143 90 38 40 33 95 67 0 0 0 105 93 22 25 28 
72 119 68 148 151 11 41 26 67 75 11 45 16 74 83 0 50 0 57 60 0 34 1 58 65 
114 141 126 100 2 109 134 200 98 1 297 295 362 306 221 126 133 160 98 0 268 242 323 260 134 
77 18 20 107 23 79 0 0 115 0 215 147 134 231 134 69 0 0 99 0 112 53 48 185 44 
127 96 46 44 38 145 109 52 59 33 56 56 15 0 0 91 71 18 12 13 85 57 11 0 0 
0 0 188 74 0 0 0 193 68 0 0 0 249 66 0 0 0 209 54 0 0 0 172 52 0 
132 173 174 130 118 0 62 80 0 2 0 55 63 0 0 42 78 95 37 40 0 49 98 0 0 
80 65 71 82 77 113 140 117 141 126 26 46 54 45 45 0 0 0 0 0 0 0 0 0 0 
0 0 0 166 0 0 0 0 176 0 231 239 221 413 245 0 0 0 173 0 0 0 0 156 0 
0 0 0 0 0 140 128 166 126 136 0 0 0 0 0 0 0 0 0 0 71 52 63 63 77 
110 4 0 88 46 133 33 49 116 87 236 95 98 159 157 89 0 0 84 39 200 81 85 179 122 
0 110 0 0 0 0 113 0 0 0 0 82 0 0 0 153 194 99 151 123 53 168 58 64 62 
0 0 114 0 0 97 104 215 122 136 0 0 101 0 0 8 12 117 4 9 14 18 105 10 18 
294 270 214 270 122 137 145 83 126 0 97 135 65 94 0 293 289 186 305 135 137 138 100 147 0 
0 0 0 0 0 40 37 37 22 26 0 0 0 0 0 77 72 81 79 120 108 106 103 109 141 
0 228 0 204 0 0 180 0 194 0 8 203 7 197 6 0 186 0 195 0 0 198 0 208 0 
0 46 0 127 0 0 52 0 143 0 0 50 0 140 0 64 137 72 206 78 0 62 0 124 0 
0 0 0 0 72 84 68 79 61 131 84 71 75 82 121 0 0 0 0 76 0 0 0 0 78 
97 280 366 44 236 22 194 280 7 165 65 290 355 34 232 102 329 338 96 266 202 377 420 156 292 
0 54 39 0 105 21 86 60 15 111 29 112 103 50 99 0 72 26 0 82 0 78 30 0 89 
122 101 119 134 143 18 0 0 38 0 12 0 0 40 0 17 0 0 48 0 88 72 69 129 81 
91 0 78 0 0 78 0 83 0 0 153 60 134 60 66 128 18 94 14 12 85 0 99 0 0 
0 18 81 0 96 0 12 69 0 107 0 16 74 0 106 0 14 91 0 133 0 13 69 0 101 
18 54 151 83 19 64 68 154 110 57 0 40 122 43 0 39 74 171 119 46 0 25 111 64 0 
0 77 0 0 0 0 82 0 0 0 140 255 131 147 145 0 93 0 0 0 17 95 22 27 29 
0 0 0 87 0 68 78 57 147 100 0 0 0 84 0 0 0 0 91 0 89 74 70 185 79 
60 0 114 57 0 76 0 135 63 0 75 0 113 61 0 53 0 120 65 0 58 0 117 51 0 
86 47 0 32 0 114 79 17 44 27 101 93 0 25 0 124 54 0 43 0 97 64 0 34 0 
0 0 0 0 23 201 197 199 209 218 0 0 0 0 33 0 0 0 0 32 0 0 0 0 36 
118 62 72 140 102 78 46 69 127 87 33 0 0 71 12 37 0 0 65 17 50 17 12 76 37 
31 55 8 6 10 17 48 0 0 0 20 76 0 0 0 126 163 127 123 118 27 72 0 0 0 
0 0 0 21 0 194 182 204 207 169 0 0 0 25 0 0 0 0 26 0 0 0 0 19 0 
71 79 133 138 89 0 0 52 63 0 0 0 74 60 0 0 0 67 53 0 0 0 59 62 0 
63 57 59 48 68 41 0 0 0 11 76 62 48 48 72 30 0 0 0 22 92 49 44 49 60 
0 0 25 0 69 9 6 36 12 89 0 0 34 0 69 10 7 43 8 95 81 75 114 64 153 
55 105 137 64 70 28 79 95 26 26 0 32 70 0 0 0 37 71 0 0 0 39 66 0 0 
0 0 123 0 0 0 0 97 0 0 81 121 221 120 111 0 0 93 0 0 0 0 110 0 0 
97 127 40 66 144 37 45 0 0 98 49 66 0 0 76 46 48 0 0 88 64 50 0 0 80 
0 48 0 23 36 59 115 56 80 93 0 59 0 27 38 0 55 0 39 40 26 65 22 53 62 
9 7 99 5 12 0 0 87 0 0 0 0 83 0 0 36 39 120 27 29 75 78 150 59 85 
0 0 0 51 75 88 81 63 117 163 0 0 0 49 73 0 0 0 36 84 0 0 0 47 73 
130 206 100 95 100 27 137 0 0 0 36 155 8 11 14 26 98 0 0 0 25 107 3 3 0 
63 30 86 37 91 18 0 39 6 66 16 0 39 0 75 16 0 47 0 61 10 0 39 3 71 
21 0 2 1 3 43 0 6 0 0 37 43 43 34 52 92 51 40 33 39 143 114 97 134 116 
58 34 118 48 50 22 0 81 0 0 21 0 77 0 0 20 0 70 0 0 65 35 110 33 30 
0 0 19 0 0 0 7 0 0 0 0 18 0 0 0 0 2 4 0 0 0 0 15 0 0 
0 62 62 0 0 0 58 36 0 0 15 101 70 17 17 30 109 62 38 40 0 62 49 0 0 
26 0 84 0 37 54 42 112 39 69 23 0 74 0 18 24 0 82 0 20 29 0 88 0 16 
0 2094 0 0 0 0 2141 0 0 0 0 2027 0 0 0 0 2101 0 0 0 0 2032 0 0 0 
25 150 141 18 13 89 275 227 138 93 0 168 173 2 0 30 249 216 96 61 1 153 117 0 0 
84 126 104 0 0 59 140 131 0 0 89 134 134 0 0 97 140 120 0 0 77 147 123 0 0 
0 92 0 126 0 89 173 82 208 86 66 151 44 172 56 0 84 0 123 0 0 106 0 100 0 
0 0 0 0 0 1269 1235 1234 1197 1259 0 0 0 0 0 0 0 0 0 0 0 0 0 0 0 
0 0 80 125 0 0 0 75 106 0 0 0 81 127 0 0 0 81 125 0 0 0 72 128 0 
155 56 59 108 45 182 64 64 112 64 104 0 0 42 0 100 0 0 40 0 92 0 0 43 0 
0 114 0 0 74 0 135 0 0 67 0 138 0 0 80 0 123 0 0 64 0 130 0 0 92 
170 243 161 223 98 72 156 37 97 0 273 381 235 338 131 94 225 78 164 44 186 278 228 233 124 
93 73 275 277 85 0 0 188 188 0 102 87 253 292 83 0 0 152 170 2 2 5 179 189 15 
132 108 112 136 238 7 21 2 9 148 9 16 8 6 147 201 209 159 180 341 205 226 226 223 344 
0 67 0 0 0 0 51 0 0 0 0 66 0 0 0 7 69 4 8 2 180 207 169 147 164 
93 27 53 28 77 70 1 25 0 63 67 0 22 0 46 112 6 21 0 65 176 137 130 134 179 
207 60 0 101 0 206 64 0 105 0 207 49 0 103 0 198 57 0 109 0 206 59 0 115 0 
54 0 0 0 0 64 0 0 0 0 65 0 0 0 0 205 132 145 146 141 52 0 0 0 0 
0 0 1444 0 0 0 0 1466 0 0 0 0 1356 0 0 0 0 1477 0 0 0 0 1449 0 0 
81 8 15 59 33 91 69 68 106 81 105 60 83 85 92 63 26 26 64 36 59 0 0 28 10 
128 147 159 112 210 0 0 7 0 45 70 85 91 77 130 0 0 24 0 50 0 0 13 0 59 
45 97 0 120 0 147 198 104 229 91 130 146 99 231 96 57 83 0 110 0 39 75 0 115 0 
74 88 80 77 126 75 77 64 61 87 0 24 0 0 43 0 18 0 0 28 50 65 53 47 75 
1 86 0 0 1 33 183 37 37 34 50 189 45 46 50 29 161 30 31 44 48 173 56 39 77 
33 11 41 34 0 103 71 112 112 63 43 21 45 37 0 47 9 44 35 0 41 20 37 39 0 
162 0 0 0 0 138 0 0 0 0 230 83 103 111 108 121 0 0 0 0 146 0 0 0 0 
0 0 0 0 833 0 0 0 0 793 0 0 0 0 840 0 0 0 0 835 0 0 0 0 775 
135 129 0 195 80 129 115 2 159 91 207 206 64 270 152 118 115 3 193 79 152 180 10 214 84 
131 0 0 0 0 269 105 94 87 79 167 0 0 0 0 154 0 0 0 0 151 0 0 0 0 
0 0 0 0 0 72 55 70 64 70 0 0 0 0 0 140 116 137 141 135 0 0 0 0 0 
0 22 0 150 0 36 58 50 197 37 0 19 0 141 0 0 18 0 145 0 0 22 0 166 0 
143 65 108 123 159 88 0 61 44 67 82 0 107 68 90 185 92 166 131 176 54 0 42 30 60 
60 61 73 164 140 34 33 40 100 99 0 0 0 100 76 0 0 0 62 64 15 15 11 104 78 
0 11 66 0 0 86 106 176 85 96 0 10 69 0 0 61 80 186 52 63 0 6 68 0 0 
200 7 187 0 0 201 1 173 0 0 191 4 183 4 0 174 4 180 0 0 207 20 180 10 7 
341 111 348 141 182 387 182 419 187 243 360 161 386 196 264 223 28 234 67 133 220 49 273 36 108 
65 151 69 81 66 0 85 0 26 0 16 128 28 33 27 0 104 0 15 0 0 74 0 21 0 
0 0 41 0 62 35 48 88 45 121 63 82 97 68 133 0 0 34 0 65 0 0 53 0 61 
0 0 22 0 223 0 0 18 0 215 0 0 32 0 209 0 0 28 0 218 0 0 30 0 221 
0 0 0 56 0 0 0 0 62 0 55 63 49 151 47 0 0 0 62 0 89 83 89 171 87 
86 0 0 94 0 109 0 0 111 0 99 0 0 89 0 90 0 0 113 0 97 0 0 109 0 
0 39 82 67 3 93 151 167 172 99 162 202 228 205 139 15 59 109 95 7 68 88 110 101 30 
121 141 130 126 239 0 0 0 0 80 0 0 0 0 81 27 29 30 23 126 0 0 0 0 94 
153 280 168 166 163 0 142 0 0 0 99 222 99 101 89 1 118 1 0 1 114 256 104 95 101 
137 126 76 78 79 76 45 0 0 0 86 48 4 3 8 63 47 0 0 0 71 56 0 0 0 
0 126 0 0 0 37 187 57 65 82 0 141 0 0 0 72 226 98 95 72 0 120 0 0 0 
0 0 0 0 0 0 0 0 0 0 0 0 0 0 0 0 0 0 0 0 416 388 420 405 374 
0 0 37 0 0 73 79 92 75 87 0 0 31 0 0 77 75 85 59 79 19 25 59 22 26 
8 15 16 17 52 0 0 0 0 36 80 79 71 69 99 0 0 0 0 33 68 98 78 76 105 
0 0 0 135 0 0 0 0 122 0 0 0 0 149 0 0 0 0 153 0 80 82 87 211 86 
0 67 0 34 71 0 64 0 39 76 1 55 0 35 90 0 60 0 32 72 17 76 23 56 111 
0 127 0 0 0 0 118 0 0 0 0 116 0 0 0 0 108 0 0 1 106 204 112 116 105 
0 2 0 11 0 82 71 85 64 85 62 38 59 42 60 0 0 0 0 0 100 95 102 122 105 
0 0 117 55 0 43 45 155 106 50 0 0 102 39 0 0 0 89 38 0 0 0 126 35 0 
62 0 0 0 0 133 63 65 80 73 103 20 20 20 16 139 48 51 55 43 60 0 0 0 0 
83 35 33 110 37 39 0 0 91 0 48 0 0 83 0 83 35 30 119 32 55 0 0 81 0 
0 0 18 29 0 0 0 17 28 0 101 98 87 118 97 0 0 21 35 0 0 0 36 32 0 
40 0 0 77 98 113 95 88 156 205 32 3 2 87 129 53 17 24 92 104 34 28 48 81 116 
2 6 53 111 7 0 0 47 78 0 46 32 105 128 48 26 42 72 115 34 0 0 47 82 0 
73 6 61 56 12 59 6 44 54 34 160 82 140 148 102 83 21 55 66 26 61 0 52 54 3 
43 0 64 0 67 48 0 67 0 63 28 0 77 0 82 102 64 123 73 122 31 0 65 0 66 
98 31 191 88 56 81 3 185 86 35 55 0 159 37 12 178 93 258 158 117 102 24 219 91 61 
9 87 157 28 131 145 198 300 137 252 34 108 209 56 179 0 40 168 5 110 84 130 231 96 190 
25 26 27 69 81 53 51 39 100 103 0 0 0 37 30 0 0 0 39 29 99 108 119 156 136 
22 35 0 93 0 34 52 0 116 0 97 79 44 146 62 27 41 0 124 0 41 35 0 85 0 
0 0 65 0 0 172 157 234 157 181 0 0 67 0 0 0 0 72 0 0 0 0 77 0 0 
11 9 0 0 77 17 0 0 0 81 76 90 76 58 156 26 24 28 21 89 118 153 148 128 184 
85 15 19 6 28 131 77 84 89 97 145 117 113 108 115 67 0 7 0 18 42 13 16 8 39 
21 116 79 24 37 0 92 70 9 6 0 77 46 0 21 0 83 53 6 15 48 138 106 42 91 
141 180 90 99 98 70 65 43 22 19 39 50 17 0 0 37 50 14 0 0 28 47 14 0 0 
75 94 14 19 20 56 58 0 0 0 62 71 15 0 14 65 80 31 33 52 94 87 54 37 48 
30 59 33 61 15 0 60 10 41 13 0 47 8 46 17 0 25 13 31 14 19 77 42 88 68 
0 0 48 23 11 0 0 39 34 3 0 0 37 40 6 43 53 116 94 61 54 49 95 91 63 
29 38 26 22 31 0 0 0 0 0 71 59 57 62 55 0 0 0 0 0 120 107 98 114 110 
42 34 34 32 43 0 0 15 0 0 0 0 21 0 0 49 40 81 54 45 113 89 126 133 116 
38 45 108 52 45 4 0 52 4 0 59 47 127 53 42 0 0 53 2 0 0 3 59 21 0 
0 0 180 31 0 0 0 140 23 0 19 20 156 36 18 0 0 166 19 0 0 0 162 23 0 
63 90 0 0 0 80 113 44 40 31 82 130 20 16 10 95 142 44 47 52 43 82 0 0 0 
85 113 64 52 58 12 41 0 0 0 74 131 56 49 55 35 66 27 16 14 21 50 0 0 0 
0 114 113 172 0 0 137 126 174 0 0 110 128 175 0 0 123 113 168 0 0 132 128 174 0 
15 0 0 164 0 10 0 0 119 0 112 76 109 223 92 17 0 0 121 0 24 0 0 128 0 
149 190 28 98 115 203 272 107 121 210 153 220 92 119 153 114 139 28 44 116 251 336 159 183 247 
92 232 152 106 130 5 51 70 12 5 35 98 126 38 33 25 98 74 15 29 0 73 51 0 0 
3 25 11 0 62 9 32 23 5 106 5 15 19 8 56 56 90 71 53 176 30 35 41 27 97 
612 456 507 398 457 417 224 289 171 205 460 263 315 226 284 362 164 155 76 137 518 350 378 333 334 
88 76 2 7 0 199 201 89 97 98 91 91 0 0 0 111 103 32 17 30 78 76 0 0 0 
159 334 125 140 132 241 389 144 236 162 133 261 70 128 77 37 205 0 24 1 115 239 72 108 48 
0 0 0 0 58 0 0 0 0 58 0 0 0 0 74 0 0 0 0 64 147 185 158 183 207 
59 0 35 0 10 124 4 57 25 31 131 47 96 46 48 132 73 124 60 85 132 15 40 20 20 
165 0 0 63 0 170 0 0 60 0 153 0 0 46 0 176 0 0 49 0 160 0 0 45 0 
194 162 221 304 184 28 0 87 147 0 70 36 147 219 81 46 6 122 108 35 39 0 92 115 0 
66 98 73 157 142 0 5 5 90 46 0 12 4 61 53 0 10 9 78 52 28 35 30 96 58 
103 91 73 91 25 180 150 133 138 131 89 69 64 75 19 217 187 173 158 126 162 160 150 110 101 
61 142 58 65 67 0 61 0 0 0 0 84 3 0 1 0 87 0 0 0 92 179 70 88 77 
0 0 0 17 0 0 0 0 20 0 0 0 0 19 0 0 0 0 21 0 180 184 210 219 212 
21 0 0 8 23 98 86 76 88 93 22 0 0 6 23 25 0 0 0 39 27 0 0 7 25 
43 0 40 92 74 17 3 24 85 77 59 24 45 116 100 27 0 33 72 80 114 74 107 167 181 
0 108 75 0 95 0 104 80 0 107 0 132 59 0 80 0 98 77 0 93 0 123 80 0 88 
52 27 65 45 35 77 61 105 66 60 25 18 37 22 13 64 48 121 77 54 9 0 34 2 0 
83 0 0 0 59 76 0 0 0 52 91 0 0 0 62 73 0 0 0 52 185 99 86 102 161 
100 158 25 138 137 73 160 38 157 138 40 108 1 145 76 230 283 162 276 234 139 234 140 211 189 
70 87 96 76 62 10 34 39 13 9 0 14 43 0 0 57 68 84 51 44 21 29 55 18 13 
0 0 0 156 43 0 0 0 175 29 29 31 22 171 58 0 0 0 168 37 0 0 0 149 44 
0 0 0 146 13 165 136 137 343 177 1 0 0 169 15 121 125 119 272 117 0 0 0 138 8 
34 138 207 200 54 17 100 159 184 25 81 167 184 195 71 56 188 171 244 84 74 146 201 250 87 
0 0 0 1296 0 0 0 0 1280 0 0 0 0 1316 0 0 0 1 1376 0 0 0 0 1309 0 
195 0 0 0 0 197 13 18 17 20 178 0 0 0 0 196 0 0 0 0 166 0 0 0 0 
92 0 0 0 0 117 0 0 0 0 122 0 0 0 0 102 0 0 0 0 207 88 85 89 99 
226 32 89 37 29 152 0 17 1 0 325 111 124 119 98 379 184 290 207 205 247 68 100 61 55 
6 15 0 0 9 0 28 0 0 0 0 0 1 0 0 0 0 1 0 13 0 0 0 0 0 
78 104 164 120 122 0 0 45 0 0 0 0 70 0 0 0 0 62 0 0 251 260 270 240 270 
0 13 2 77 212 109 126 120 212 333 1 37 0 86 244 0 9 0 88 241 120 150 117 191 305 
13 28 73 10 240 4 0 45 8 173 117 105 164 123 283 149 143 203 177 339 3 1 54 5 189 
150 274 294 238 111 197 273 353 249 121 164 291 299 238 155 81 215 245 152 44 63 184 221 152 19 
95 0 0 12 0 83 0 0 9 0 99 0 0 0 0 100 0 0 0 0 122 15 23 40 29 
0 0 192 0 35 0 0 231 0 34 0 1 197 0 27 0 0 184 0 25 0 0 183 0 36 
0 0 43 49 0 62 44 87 82 54 0 0 34 31 0 48 43 86 72 41 36 27 70 62 24 
586 588 610 640 588 0 0 0 0 0 0 0 0 0 0 0 0 0 0 0 0 0 0 0 0 
57 77 50 47 72 12 62 12 6 32 41 80 43 38 66 6 36 0 0 33 3 60 7 1 34 
0 0 0 39 0 79 74 57 110 60 0 0 0 26 0 50 49 64 99 60 45 55 45 108 41 
0 8 87 31 42 0 0 0 0 1 0 1 0 0 0 0 0 1 0 0 0 0 0 0 0 
