889 886 767 797 829 1084 1047 1020 1024 1104 679 806 626 699 770 1032 1018 907 1068 1086 666 599 466 501 609 
179 151 190 168 170 0 0 0 0 0 134 79 132 109 123 0 0 0 0 0 0 0 0 1 0 
124 38 32 174 200 75 0 0 160 153 177 71 57 300 266 81 0 0 103 134 68 1 0 131 127 
0 0 67 68 0 83 54 132 109 92 0 3 56 45 0 61 47 104 110 54 50 36 103 82 32 
117 25 68 102 26 109 7 62 70 1 109 16 68 85 17 114 9 43 78 0 249 152 205 250 147 
111 9 27 1 101 101 7 19 0 109 215 94 110 85 192 170 70 99 61 161 235 107 134 119 256 
0 0 0 0 0 0 0 0 0 0 1033 1053 993 1020 1066 0 0 0 0 0 0 0 0 0 0 
0 0 0 304 0 0 0 3 290 1 128 123 121 433 132 126 128 110 443 143 0 0 0 271 0 
12 8 15 170 7 0 0 0 182 0 35 45 34 172 28 0 0 0 155 0 3 6 3 171 3 
0 0 0 0 0 0 0 0 0 0 0 0 0 0 0 67 66 78 73 90 194 168 169 202 168 
71 84 61 54 176 0 11 0 0 98 0 3 0 0 103 0 3 0 0 101 74 76 66 59 156 
140 145 147 148 156 0 0 0 0 0 0 0 0 0 0 0 0 0 0 0 80 78 67 65 88 
0 0 0 0 0 0 0 0 0 0 0 0 0 0 0 439 432 432 420 428 193 181 183 188 209 
0 204 0 0 83 0 174 0 0 96 126 322 143 129 209 0 182 0 0 97 0 211 0 0 75 
819 0 0 0 0 811 0 0 0 0 802 0 0 0 0 835 0 0 0 0 840 0 0 0 0 
20 8 222 136 178 54 4 196 134 155 101 121 329 217 211 205 191 409 326 335 131 111 303 213 344 
68 126 74 125 69 59 66 59 101 59 0 33 0 42 0 36 86 45 80 37 0 39 0 33 0 
40 12 15 9 22 149 113 138 127 127 36 0 0 0 20 26 0 0 0 19 140 119 109 126 177 
0 0 132 0 0 0 0 118 0 0 0 0 133 0 0 141 114 243 112 125 0 0 145 0 0 
0 64 43 46 0 0 78 43 45 0 35 96 89 96 33 0 70 47 47 0 0 69 55 42 0 
0 2 0 1 145 149 120 110 145 250 141 107 106 106 226 0 9 0 0 121 77 84 93 94 208 
0 0 0 0 0 0 0 0 0 0 0 0 0 0 0 1025 1082 1108 1058 1007 0 0 0 0 0 
0 18 57 145 0 0 19 58 125 0 0 19 49 148 0 0 17 53 154 0 0 16 59 163 0 
77 48 0 0 0 90 78 16 15 13 154 94 39 36 28 107 68 0 0 0 107 93 24 25 32 
67 107 62 135 131 3 43 18 57 69 9 33 23 65 85 1 33 0 54 74 0 31 0 51 63 
145 154 151 93 0 136 172 240 93 1 357 360 419 343 216 138 154 178 88 6 340 266 391 290 178 
74 9 14 117 14 69 0 0 114 0 207 161 141 241 135 72 0 0 109 6 112 42 49 167 42 
136 111 47 51 32 159 104 61 64 36 59 59 13 0 0 100 85 14 13 15 97 58 7 0 0 
0 0 163 62 0 0 0 179 69 0 0 0 221 67 0 0 0 195 53 0 0 0 159 52 0 
121 152 157 116 100 0 49 68 0 0 0 53 59 0 0 41 69 93 32 36 0 42 105 0 0 
85 61 82 80 76 123 135 128 146 114 27 46 50 39 45 0 0 0 0 0 0 0 0 0 0 
0 0 0 171 0 0 0 0 178 0 222 228 211 414 231 0 0 0 173 0 0 0 0 159 0 
0 0 0 0 0 163 154 190 146 155 0 0 0 0 0 0 0 0 0 0 75 62 72 71 86 
94 1 0 49 40 114 25 37 90 78 177 59 78 121 128 69 0 0 55 31 159 55 74 116 102 
0 82 0 0 0 0 79 0 0 0 0 63 0 0 0 130 165 93 131 94 55 138 54 57 56 
0 0 104 0 0 97 94 195 119 118 0 0 100 0 0 7 9 106 4 11 15 14 91 9 15 
250 234 184 269 117 114 100 76 116 0 90 99 61 101 0 272 237 158 279 111 135 130 85 149 0 
0 0 0 0 0 32 37 30 19 27 0 0 0 0 0 64 76 75 72 97 111 107 101 103 137 
0 232 0 219 0 0 189 0 204 0 4 214 6 208 2 0 195 0 204 0 0 213 0 214 0 
0 44 0 133 0 0 53 0 151 1 0 50 0 145 0 74 160 84 226 88 0 62 0 143 0 
0 0 0 0 85 86 77 91 67 151 103 78 87 88 144 0 0 0 0 79 0 0 0 0 89 
78 312 337 48 245 28 215 257 7 162 78 286 352 74 254 126 347 327 109 278 192 366 366 147 279 
0 49 34 0 83 20 66 48 16 91 29 88 95 40 80 0 63 27 0 70 0 64 29 0 73 
113 103 105 125 126 13 0 0 43 0 12 0 0 40 0 19 0 0 43 0 92 68 66 111 87 
70 0 67 0 0 68 0 78 0 0 118 57 111 50 54 105 17 81 15 14 68 0 79 0 0 
0 18 81 0 101 0 12 72 0 107 0 15 76 0 107 0 13 93 0 136 0 13 69 0 103 
30 80 172 98 39 64 87 180 128 62 0 53 126 39 0 50 94 176 121 54 0 26 115 68 0 
0 69 0 0 0 0 73 0 0 0 125 244 115 147 133 0 94 0 0 0 14 80 19 25 29 
0 0 0 71 0 61 64 51 123 81 0 0 0 70 0 0 0 0 80 0 71 63 57 147 61 
49 0 92 48 0 57 0 109 53 0 59 0 93 50 0 46 0 102 55 0 44 0 98 46 0 
87 57 0 36 0 126 87 20 62 30 103 107 0 29 0 136 60 0 42 0 103 69 0 42 0 
0 0 0 0 27 203 195 197 207 225 0 0 0 0 35 0 0 0 0 33 0 0 0 0 37 
114 55 63 126 92 69 44 64 122 82 29 0 0 66 12 45 0 0 65 15 45 14 9 69 33 
29 75 10 7 10 19 54 0 0 0 21 83 0 0 0 151 186 143 137 123 28 86 0 0 0 
0 0 0 21 0 191 175 203 205 166 0 0 0 27 0 0 0 0 24 0 0 0 0 19 0 
92 110 178 178 105 0 0 64 79 0 0 0 94 77 0 0 0 82 66 0 0 0 71 81 0 
77 61 64 52 78 46 0 0 0 10 85 68 55 52 80 31 0 0 0 21 102 55 51 51 64 
0 0 24 0 68 10 6 37 12 89 0 0 34 0 70 10 7 43 8 99 81 74 113 63 154 
584 586 604 638 586 0 0 0 0 0 0 0 0 0 0 0 0 0 0 0 0 0 0 0 0 
65 126 156 83 82 34 89 107 31 34 0 34 83 0 0 0 43 87 0 0 0 49 82 0 0 
0 0 135 0 0 0 0 117 0 0 85 132 259 133 123 0 0 105 0 0 0 0 119 0 0 
114 136 45 65 159 45 47 0 0 99 41 65 0 0 72 46 46 0 0 77 66 47 0 0 104 
0 65 0 34 41 65 133 70 102 113 0 65 0 29 44 0 64 0 46 45 31 75 26 62 79 
9 7 99 5 12 0 0 87 0 0 0 0 83 0 0 36 39 120 26 29 75 78 150 59 85 
0 0 0 54 83 99 88 71 134 183 0 0 0 55 82 0 0 0 42 95 0 0 0 54 80 
99 169 79 73 86 24 105 0 0 0 29 121 4 6 6 25 79 0 0 0 22 82 0 0 0 
67 27 91 35 98 18 0 38 7 66 20 0 42 0 76 20 0 48 0 63 11 0 37 1 71 
40 11 9 0 5 42 0 2 0 0 48 46 48 39 53 90 53 43 40 45 137 101 129 137 122 
53 29 106 44 46 24 0 77 0 0 23 0 72 0 0 19 0 64 0 0 42 14 97 16 13 
3 0 26 0 8 0 0 0 2 0 0 2 3 13 0 8 0 0 0 0 3 0 0 0 0 
0 59 66 0 0 0 64 46 0 0 21 104 80 21 21 32 109 52 40 42 0 61 56 0 0 
22 0 0 9 2 0 35 0 0 0 0 19 0 0 0 3 0 0 0 0 0 0 0 0 0 
30 0 91 0 45 63 42 123 39 79 25 0 84 0 29 37 9 98 5 36 31 0 99 0 28 
0 2118 0 0 0 0 2170 0 0 0 0 2062 0 0 0 0 2135 0 0 0 0 2077 0 0 0 
8 120 138 1 12 83 237 221 62 56 7 138 111 1 0 33 206 171 77 44 0 146 110 0 0 
75 132 112 0 0 67 155 141 0 0 104 144 131 0 0 76 142 126 0 0 74 144 135 0 0 
0 104 0 123 0 90 204 76 222 110 78 171 45 170 71 0 107 1 140 0 0 111 0 122 0 
0 0 0 0 0 1264 1210 1227 1188 1254 0 0 0 0 0 0 0 0 0 0 0 0 0 0 0 
0 0 96 142 0 0 0 87 114 0 0 0 87 138 0 0 0 85 131 0 0 0 75 137 0 
149 45 45 86 44 142 49 55 101 61 86 0 0 36 0 81 0 0 38 0 89 0 0 45 0 
0 121 0 0 79 0 142 0 0 71 0 152 0 0 83 0 133 0 0 68 0 140 0 0 95 
163 208 134 194 85 75 151 28 120 1 266 348 226 335 139 122 217 67 171 32 158 252 213 250 120 
102 97 253 275 99 2 0 147 154 0 126 103 220 261 98 0 0 128 179 0 19 15 190 162 32 
151 113 113 142 244 8 25 1 0 154 6 15 11 2 151 207 202 172 180 335 209 250 237 211 354 
0 67 0 0 0 0 54 0 0 0 0 73 0 0 0 10 66 5 7 3 169 207 171 144 166 
49 28 47 16 50 42 17 31 0 43 44 12 36 0 33 66 13 31 0 44 120 106 94 81 117 
212 70 0 104 0 210 70 0 106 0 209 50 0 107 0 195 70 0 111 0 204 54 0 113 0 
55 0 0 0 0 62 0 0 0 0 64 0 0 0 0 202 137 145 147 142 52 0 0 0 0 
135 255 314 206 84 178 262 321 226 91 152 247 304 170 109 94 182 241 123 4 62 208 232 160 7 
67 2 9 40 20 95 63 47 89 72 87 57 64 70 75 60 23 21 64 30 52 0 1 29 12 
133 146 151 120 209 0 0 6 0 50 66 95 90 66 135 0 0 22 0 56 0 0 13 0 62 
42 93 0 107 0 149 188 107 207 88 106 118 78 184 88 57 83 0 109 0 42 72 0 101 0 
85 89 94 99 145 86 79 84 69 110 0 22 0 0 45 0 19 0 0 25 51 75 58 47 96 
0 80 0 0 1 33 151 33 34 33 46 146 46 38 39 29 137 28 29 35 56 146 51 40 58 
23 10 41 15 0 82 70 112 90 63 26 21 47 25 0 34 8 43 20 0 19 20 37 18 0 
159 0 0 0 0 150 0 0 0 0 254 85 112 115 122 146 0 0 0 0 164 0 0 0 0 
0 0 0 0 824 0 0 0 0 786 0 0 0 0 843 0 0 0 0 823 0 0 0 0 767 
119 80 0 162 58 111 96 1 188 90 161 158 37 214 111 113 91 5 169 78 116 153 0 184 62 
133 0 0 0 0 261 94 88 83 73 160 0 0 0 0 146 0 0 0 0 148 0 0 0 0 
0 0 0 0 0 75 54 74 65 71 0 0 0 0 0 144 119 144 144 144 0 0 0 0 0 
0 22 0 143 0 33 55 46 186 32 0 19 0 132 0 0 16 0 135 0 0 20 0 160 0 
81 44 101 104 122 46 0 57 41 49 28 0 67 66 56 86 53 103 123 112 11 0 45 54 37 
43 48 55 128 106 28 22 31 81 74 0 0 0 77 55 0 0 0 48 50 7 10 9 75 53 
0 10 62 0 0 78 87 169 75 89 0 10 66 0 0 54 73 160 45 56 0 5 58 0 0 
211 17 198 0 0 217 13 182 0 0 212 8 192 5 0 187 8 194 0 0 221 25 193 9 10 
308 106 279 129 205 311 115 308 143 216 357 182 387 231 276 200 23 188 44 129 209 66 229 56 124 
79 186 83 97 82 0 104 0 31 0 19 158 30 37 32 0 123 0 18 0 0 86 0 25 1 
0 0 33 0 58 35 46 78 44 113 55 74 89 53 121 0 0 33 0 61 0 0 49 0 58 
0 0 18 0 225 0 0 20 0 220 0 0 34 0 181 0 0 26 0 195 0 0 27 0 215 
0 0 0 48 0 0 0 0 58 0 54 59 45 139 45 0 0 0 59 0 85 78 82 158 86 
100 0 0 119 0 137 0 0 140 0 125 0 0 110 0 107 0 0 132 0 124 0 0 130 0 
6 31 68 77 0 111 172 186 202 128 166 207 226 228 153 6 52 105 108 33 81 96 114 122 62 
120 164 144 125 261 0 0 0 0 102 0 0 0 0 88 25 27 32 26 126 0 0 0 0 80 
144 255 160 150 158 0 142 0 0 0 92 209 98 95 99 1 104 0 0 1 116 250 99 98 107 
147 143 81 79 85 87 49 0 0 0 94 53 1 4 8 68 54 0 0 0 83 65 0 0 0 
0 124 0 0 0 42 185 58 69 80 0 136 0 0 0 77 211 94 109 72 0 124 0 0 0 
0 0 0 0 0 0 0 0 0 0 0 0 0 0 0 0 0 0 0 0 451 433 467 450 423 
0 0 35 0 0 73 77 91 75 87 0 0 28 0 0 77 74 85 59 79 18 24 59 21 23 
8 15 15 18 54 0 0 0 0 38 82 86 74 73 109 0 0 0 0 35 70 103 81 79 112 
0 0 0 150 0 0 0 0 139 0 0 0 0 163 0 0 0 0 163 0 82 82 93 228 98 
0 68 0 31 72 0 64 0 39 75 0 54 0 34 91 0 59 0 32 73 17 78 25 55 112 
0 112 0 0 0 0 109 0 0 0 0 106 0 0 0 0 96 0 0 0 97 187 99 106 93 
0 3 0 23 0 85 51 80 70 82 51 24 48 53 43 0 0 0 19 0 96 76 106 126 103 
0 0 117 55 0 43 45 155 106 50 0 0 102 39 0 0 0 89 38 0 0 0 126 35 0 
59 0 0 0 0 126 62 61 76 69 99 19 18 20 14 131 47 46 52 40 58 0 0 0 0 
83 35 33 111 37 39 0 0 90 0 48 0 0 85 0 83 35 30 120 32 55 0 0 83 0 
0 0 63 43 0 0 0 55 43 0 101 99 149 132 97 0 0 62 47 0 0 0 67 42 0 
43 0 0 80 106 97 89 91 142 223 43 1 1 97 119 57 27 31 86 105 39 36 44 84 100 
3 6 50 101 8 0 0 51 79 0 52 32 111 122 50 31 42 70 121 37 0 0 45 88 0 
49 3 40 43 10 45 4 32 45 17 120 72 111 113 80 66 13 45 46 16 43 0 46 48 0 
45 0 61 0 64 42 0 58 0 54 28 0 69 0 73 94 55 115 72 113 31 0 58 0 53 
102 30 178 110 57 62 12 149 98 39 68 0 142 47 16 177 68 229 151 115 113 28 218 89 81 
9 62 150 25 91 144 183 272 122 225 37 106 185 65 169 0 20 154 6 106 87 117 220 118 197 
23 23 24 65 54 44 41 40 99 85 0 0 0 36 35 0 0 0 27 24 82 110 98 133 112 
18 31 1 83 0 29 47 0 103 0 74 72 39 125 51 24 36 0 102 0 39 33 0 79 0 
0 0 54 0 0 173 162 226 161 191 0 0 62 0 0 0 0 91 0 0 0 0 72 0 0 
13 7 0 0 75 16 2 0 1 66 60 63 48 42 124 20 22 14 12 72 86 103 89 83 126 
70 12 8 7 22 110 78 84 74 90 122 100 97 120 100 45 0 5 0 14 40 7 15 0 18 
29 123 72 18 34 0 96 72 5 7 0 86 45 0 20 0 93 57 5 12 58 138 113 45 92 
173 211 116 116 126 96 72 52 25 29 48 50 22 0 0 46 58 15 0 0 50 53 16 0 0 
95 0 0 17 0 83 0 0 0 0 99 0 0 7 0 100 0 0 0 0 122 15 23 28 29 
66 82 10 21 20 44 48 2 0 1 51 68 13 6 16 64 71 36 36 47 78 76 46 27 43 
37 74 39 70 28 0 63 9 41 15 0 52 9 42 19 0 42 14 29 12 37 104 64 94 78 
0 0 56 27 9 0 0 44 35 3 0 0 44 40 6 43 52 120 93 60 53 50 100 92 63 
29 38 26 22 31 0 0 0 0 0 71 58 57 63 55 0 0 0 0 0 120 107 99 114 110 
44 34 37 33 42 0 0 15 0 0 0 0 18 0 0 48 45 96 63 53 134 103 147 144 125 
35 43 106 49 47 4 4 55 0 0 61 50 127 51 50 0 0 53 3 0 0 1 52 19 3 
0 0 180 32 0 0 0 141 23 0 19 20 155 37 17 0 0 166 23 0 0 0 162 23 0 
45 77 0 0 0 81 106 45 34 32 83 121 20 17 10 84 132 43 42 43 39 74 0 0 0 
105 1 102 109 108 203 78 231 203 204 202 88 214 230 241 182 57 134 149 184 116 2 122 153 166 
91 125 74 58 75 15 50 4 0 0 84 153 62 58 58 38 71 29 17 14 23 62 0 0 0 
0 116 112 171 0 0 136 124 176 0 0 110 125 172 0 0 121 115 163 0 0 133 121 179 0 
15 0 0 152 0 9 0 0 111 0 110 87 110 235 95 12 0 0 112 0 23 1 0 120 0 
47 75 43 40 68 0 55 0 0 32 39 79 40 35 62 0 35 0 0 31 0 57 0 0 28 
137 164 44 111 125 171 297 94 102 194 160 204 100 101 139 89 109 8 42 77 302 342 188 227 260 
79 205 151 107 124 7 54 79 12 4 40 95 113 38 38 29 108 72 18 42 0 70 58 0 0 
0 29 0 0 75 0 33 17 0 102 0 4 9 5 49 55 88 79 50 167 28 42 41 26 99 
709 510 518 413 524 503 296 261 216 208 527 329 320 218 351 416 196 163 77 161 606 433 415 410 378 
88 59 3 3 1 160 144 69 70 77 70 73 0 0 0 96 86 21 18 19 63 57 0 0 0 
185 305 146 140 122 260 353 141 266 162 134 272 90 165 74 38 185 0 39 0 89 198 67 88 13 
0 0 0 0 54 0 0 0 0 64 0 0 0 0 73 0 0 0 0 60 144 172 151 169 214 
67 3 32 0 14 124 15 52 29 28 124 50 87 50 54 130 67 127 70 88 122 27 53 20 28 
150 0 0 54 0 156 0 0 55 0 141 0 0 40 0 168 0 0 46 0 149 0 0 40 0 
171 128 157 229 119 36 0 79 116 0 72 33 111 171 60 46 3 96 97 27 46 0 70 90 0 
69 124 94 184 168 0 9 5 103 57 0 17 7 74 69 0 21 14 98 57 31 44 33 93 63 
135 129 101 74 3 206 210 156 146 125 123 100 84 57 22 278 218 227 166 139 164 168 144 61 60 
58 130 51 57 53 0 55 0 0 0 6 80 4 3 4 0 64 0 0 0 76 154 62 76 65 
0 0 0 16 0 0 0 0 19 0 0 0 0 18 0 0 0 0 20 0 170 183 206 210 198 
18 1 0 13 26 92 78 67 75 93 23 0 0 22 25 22 0 0 0 35 26 0 0 9 31 
64 4 57 138 109 28 4 38 96 107 82 26 58 151 128 17 0 40 86 97 125 92 138 211 234 
0 72 59 0 69 0 76 64 0 74 0 83 59 0 57 0 70 68 0 75 0 88 71 0 69 
61 29 76 58 38 83 79 124 75 66 28 19 47 25 9 67 57 132 95 59 12 0 42 0 0 
83 0 0 0 51 68 0 0 0 50 84 0 0 0 60 69 0 0 0 52 184 96 78 100 159 
85 135 25 135 110 63 149 3 138 110 48 97 0 128 71 211 285 152 259 196 121 215 107 222 170 
70 87 96 74 62 10 36 39 11 9 0 12 44 0 0 58 69 84 51 45 21 25 54 18 13 
0 0 0 176 43 0 0 0 188 37 31 37 22 197 66 0 0 0 183 53 0 0 0 177 50 
0 0 0 144 12 153 126 120 311 167 0 0 0 166 13 115 120 110 248 110 0 0 0 128 7 
51 164 176 197 93 41 127 176 214 35 66 136 150 200 65 59 209 218 223 108 86 170 217 259 97 
0 0 0 1252 0 0 0 0 1260 0 0 0 0 1266 0 0 0 1 1325 0 0 0 0 1276 0 
195 0 0 0 0 197 13 18 17 20 178 0 0 0 0 196 0 0 0 0 166 0 0 0 0 
103 0 0 0 0 129 0 0 0 0 126 0 0 0 0 110 0 0 0 0 223 100 86 94 102 
262 47 121 111 83 216 0 44 8 5 461 117 188 145 167 447 231 348 256 288 300 62 107 99 79 
4 18 0 0 0 0 49 14 0 4 0 35 0 0 15 0 2 1 2 0 0 19 0 0 31 
0 0 191 0 31 0 0 215 0 29 0 0 197 0 20 0 0 177 0 19 0 0 175 0 22 
77 79 146 123 89 0 0 46 0 0 0 0 64 0 0 0 0 64 0 0 221 224 260 259 231 
0 9 0 85 210 117 120 127 199 330 0 14 0 73 245 0 2 0 81 251 124 146 113 172 300 
7 6 82 12 226 2 0 70 8 177 112 98 176 117 273 137 142 228 169 328 2 1 73 2 183 
63 25 26 67 75 40 0 0 29 59 52 0 0 25 38 55 0 0 35 32 88 43 46 78 85 
0 0 0 39 0 84 73 56 122 62 0 0 0 27 0 53 51 75 106 61 50 54 49 109 45 
0 0 1479 0 0 0 0 1495 0 0 0 0 1368 0 0 0 0 1494 0 0 0 0 1448 0 0 
