910 787 750 795 864 1134 1108 1079 1137 1160 767 676 669 799 869 1085 954 990 1067 1099 622 518 556 532 714 
160 124 148 157 140 0 0 0 0 0 113 77 113 91 100 0 0 0 0 0 0 0 0 0 0 
143 48 31 225 269 76 0 0 160 178 201 53 64 268 292 66 0 0 109 154 88 0 0 170 167 
298 43 129 94 67 225 0 46 12 0 376 109 172 131 121 424 204 294 232 217 290 55 106 76 78 
0 0 0 53 0 105 85 67 138 83 0 3 0 34 0 64 66 86 122 69 57 72 65 147 54 
174 42 128 158 46 138 14 97 119 5 139 34 94 118 30 117 5 66 124 1 280 185 256 327 185 
112 10 6 1 96 81 1 12 0 100 189 86 95 81 166 146 71 91 57 141 218 110 127 107 236 
0 0 0 0 0 0 0 0 0 0 1034 1048 1009 1025 1070 0 0 0 0 0 0 0 0 0 0 
0 0 0 267 0 0 0 3 253 0 114 112 90 373 108 106 109 101 409 138 0 0 0 240 0 
13 8 14 178 6 0 0 0 188 0 37 45 38 176 30 0 0 0 161 0 3 6 4 179 3 
0 0 0 0 0 0 0 0 0 0 0 0 0 0 0 57 66 66 61 76 179 153 147 186 152 
62 76 52 44 137 0 9 0 0 82 0 3 0 0 90 0 4 0 0 91 68 68 70 60 131 
145 153 150 158 164 0 0 0 0 0 0 0 0 0 0 0 0 0 0 0 86 84 70 67 90 
0 0 0 0 0 0 0 0 0 0 0 0 0 0 0 427 430 418 408 415 192 176 179 186 203 
0 202 0 0 85 0 177 0 0 98 128 335 154 142 224 0 191 0 0 92 0 226 0 0 75 
795 0 0 0 0 788 0 0 0 0 783 0 0 0 0 813 0 0 0 0 825 0 0 0 0 
19 0 195 131 145 45 22 211 172 171 129 122 282 247 235 197 198 415 374 315 133 90 263 208 285 
68 120 72 136 65 55 71 56 104 64 0 40 0 42 0 33 83 49 83 40 0 47 0 32 0 
41 10 11 7 23 134 91 103 101 114 34 0 0 0 18 27 0 0 0 25 123 111 89 100 142 
0 0 132 0 0 0 0 127 0 0 0 0 139 0 0 133 118 227 113 122 0 0 133 0 0 
0 72 45 49 0 0 86 50 50 0 38 111 101 106 43 0 86 63 57 0 0 80 64 43 0 
7 1 0 3 153 174 117 138 154 294 143 127 130 135 229 6 4 0 0 123 93 94 114 104 194 
0 0 0 0 0 0 0 0 0 0 0 0 0 0 0 1024 1108 1113 1063 1010 0 0 0 0 0 
0 19 54 142 0 0 23 58 116 0 0 21 50 149 0 0 18 52 145 0 0 18 54 150 0 
62 47 0 0 0 79 67 15 14 13 128 81 34 34 27 84 59 0 0 0 93 87 22 23 28 
64 103 64 131 132 8 34 17 59 61 12 41 17 76 77 0 39 0 48 55 0 37 0 60 63 
97 117 118 82 5 104 143 160 79 0 283 295 315 270 188 115 134 116 82 0 260 232 292 226 143 
79 15 13 102 22 79 0 0 113 0 213 148 139 232 133 64 0 0 99 0 113 43 46 172 39 
136 104 52 54 38 151 126 56 59 33 57 64 16 0 0 108 98 27 14 21 98 54 12 0 0 
0 0 135 55 0 0 0 148 52 0 0 0 179 51 0 0 0 159 43 0 0 0 136 41 0 
116 148 170 115 102 0 51 72 0 0 0 44 65 0 0 38 65 92 32 29 0 39 97 0 0 
63 52 67 66 60 101 121 102 112 100 22 38 45 36 37 0 0 0 0 0 0 0 0 0 0 
0 0 0 167 0 0 0 0 175 0 233 237 221 415 245 0 0 0 176 0 0 0 0 160 0 
0 0 0 0 0 169 152 190 160 171 0 0 0 0 0 0 0 0 0 0 81 72 78 76 97 
101 4 1 78 43 135 35 46 116 99 221 81 98 161 150 91 0 0 82 45 185 72 90 170 122 
0 78 0 0 0 0 78 0 0 0 0 63 0 0 0 113 151 86 116 82 54 126 50 49 51 
0 0 106 0 0 89 87 187 110 109 0 0 93 0 0 8 9 103 4 8 15 14 87 11 16 
271 212 211 287 122 127 84 74 132 0 97 87 64 120 0 283 244 171 303 131 148 124 89 169 8 
0 0 0 0 0 35 46 31 24 22 0 0 0 0 0 65 75 79 75 103 121 112 120 109 156 
0 233 0 205 0 0 186 0 199 0 8 212 7 206 7 0 189 0 198 0 0 207 0 210 0 
0 41 0 116 0 0 52 0 139 0 0 51 0 142 0 70 154 75 211 82 0 60 0 128 0 
0 0 0 0 73 82 75 80 62 138 89 74 73 88 128 0 0 0 0 73 0 0 0 0 86 
53 306 373 59 270 19 205 265 21 199 43 276 359 47 247 96 341 352 112 290 224 383 443 182 373 
0 45 34 0 81 16 61 46 12 89 27 85 86 39 81 0 64 27 0 65 0 64 28 0 69 
111 89 104 122 121 14 0 0 36 0 14 0 0 36 0 19 0 0 39 0 88 71 57 109 85 
71 0 66 0 0 65 0 76 0 0 113 55 108 48 50 102 16 79 14 12 68 0 75 0 0 
0 18 87 0 108 0 12 71 0 112 0 16 74 0 112 0 16 97 0 148 0 14 72 0 106 
28 71 160 96 35 64 68 160 121 65 0 35 116 38 0 49 85 169 112 53 0 22 106 62 0 
0 58 0 0 0 0 66 0 0 0 104 206 97 124 111 0 82 0 0 0 14 75 17 22 24 
0 0 0 81 0 69 70 62 144 93 0 0 0 83 0 0 0 1 94 0 83 77 68 166 69 
54 0 107 50 0 63 0 123 62 0 61 0 106 55 0 51 0 119 58 0 47 0 116 55 0 
93 68 0 37 0 132 89 18 59 24 118 105 0 37 0 143 66 0 45 0 113 76 0 43 0 
0 0 0 0 28 211 203 205 209 236 0 0 0 0 47 0 0 0 0 32 0 0 0 0 41 
101 53 68 125 88 65 41 57 117 74 25 0 0 54 12 33 0 0 53 11 49 12 9 64 28 
30 66 11 7 12 20 59 0 0 0 21 91 0 0 0 162 185 148 135 134 27 88 0 0 0 
0 0 0 21 0 185 169 197 198 164 0 0 0 23 0 0 0 0 21 0 0 0 0 19 0 
70 79 133 138 88 0 0 52 63 0 0 0 72 60 0 0 0 67 53 0 0 0 58 62 0 
73 63 66 53 75 42 0 0 0 11 82 70 55 55 75 32 0 0 0 22 100 51 50 52 62 
0 0 25 0 69 9 6 36 11 90 0 0 35 0 71 10 7 44 8 95 82 75 115 64 154 
597 593 613 651 597 0 1 0 0 0 0 0 0 0 0 0 0 0 0 0 0 0 0 0 0 
71 144 169 94 95 35 98 117 35 33 0 36 84 0 0 0 44 85 0 0 0 51 84 0 0 
0 0 110 0 0 0 0 91 0 0 76 114 207 112 101 0 0 85 0 0 0 0 104 0 0 
120 146 48 71 165 52 45 0 0 112 54 71 0 0 84 50 45 0 0 86 73 46 0 0 107 
0 51 0 24 36 60 116 57 81 96 0 63 0 27 38 0 55 0 40 40 26 65 21 53 63 
8 7 99 5 12 0 0 87 0 0 0 0 83 0 0 36 39 120 27 29 74 78 150 59 85 
0 0 0 50 75 88 81 63 116 163 0 0 0 49 72 0 0 0 36 84 0 0 0 47 73 
109 185 90 79 94 22 124 0 0 0 35 126 4 6 11 21 87 0 0 0 34 99 0 0 0 
66 25 99 34 99 16 0 44 4 66 18 0 33 1 80 19 0 51 0 61 9 0 38 10 71 
78 13 11 0 1 85 0 0 0 0 113 59 66 63 81 117 40 37 32 24 194 106 118 133 115 
56 30 109 45 41 28 0 78 0 0 20 0 72 0 0 20 0 66 0 0 62 21 107 33 21 
87 78 101 51 61 34 30 34 1 11 58 69 60 28 45 45 29 38 0 13 35 32 38 0 10 
0 62 64 0 0 0 67 42 0 0 21 104 79 21 21 32 109 64 39 40 0 61 48 0 0 
32 49 29 1 15 21 74 22 11 7 5 43 0 0 4 17 17 0 0 2 0 28 0 0 0 
30 0 91 0 45 63 42 124 37 79 25 0 85 0 29 37 10 99 5 36 31 0 99 0 27 
0 2082 0 0 0 0 2146 0 0 0 0 2031 0 0 0 0 2105 0 0 0 0 2020 0 0 0 
24 182 148 15 13 81 235 237 101 60 3 160 110 4 0 32 225 180 80 64 10 166 124 0 1 
53 77 67 0 0 43 102 88 0 0 64 94 92 0 0 52 100 76 0 0 46 90 83 0 0 
32 142 0 225 0 138 280 132 385 134 176 291 145 401 129 21 151 0 246 0 27 155 0 204 0 
81 111 171 132 118 0 0 49 0 0 0 0 83 0 0 1 0 71 0 0 211 268 315 249 277 
0 0 0 0 0 1260 1212 1218 1175 1247 0 0 0 0 0 0 0 0 0 0 0 0 0 0 0 
0 0 80 125 0 0 0 75 106 0 0 0 81 127 0 0 0 81 125 0 0 0 72 128 0 
169 51 55 103 45 162 61 56 110 67 93 0 0 37 0 86 0 0 37 0 91 0 0 51 0 
0 118 0 0 76 0 142 0 0 70 0 149 0 0 82 0 134 0 0 66 0 141 0 0 95 
192 313 207 298 144 99 162 54 146 3 324 418 283 431 176 180 301 190 247 93 252 394 342 370 181 
85 78 271 278 92 0 0 194 186 7 115 100 277 307 115 0 0 159 193 9 21 7 172 187 21 
142 124 102 160 259 0 22 0 9 155 8 21 2 14 154 213 212 149 183 348 207 270 242 228 366 
0 64 0 0 0 0 59 0 0 0 0 62 0 0 0 7 72 5 7 3 175 216 181 150 172 
78 39 55 14 60 62 14 29 0 46 58 12 31 0 31 97 13 31 0 49 185 130 117 104 159 
202 75 0 101 0 201 64 0 101 0 205 58 0 104 0 196 70 0 113 0 198 63 0 122 0 
54 0 0 0 0 62 0 0 0 0 64 0 0 0 0 202 133 145 146 140 51 0 0 0 0 
130 279 284 199 75 158 266 299 163 62 131 268 278 147 110 72 188 253 106 12 89 243 273 157 42 
71 0 4 47 26 92 67 47 106 72 89 66 67 81 81 67 26 23 73 29 50 0 0 22 10 
109 118 129 85 183 0 0 6 0 51 67 75 83 65 119 0 0 15 0 54 0 0 14 0 65 
25 53 0 52 0 107 123 59 108 52 58 64 25 80 37 35 42 0 51 0 25 47 0 56 0 
95 93 112 102 135 97 86 80 75 111 0 23 0 0 50 0 21 0 0 28 58 90 61 55 100 
0 89 0 0 4 44 170 49 41 40 39 160 42 36 39 37 150 29 37 41 48 161 55 42 54 
36 11 42 35 0 102 68 118 115 61 40 21 47 41 0 48 7 43 34 0 43 19 37 42 0 
2 10 0 71 202 117 124 111 188 331 2 25 1 78 239 0 15 3 88 242 113 136 113 170 289 
8 7 73 14 225 6 0 67 7 181 107 91 175 114 267 138 143 218 170 330 3 4 63 1 181 
150 0 0 0 0 130 0 0 0 0 222 78 98 105 102 126 0 0 0 0 131 0 0 0 0 
0 0 0 0 839 0 0 0 0 808 0 0 0 0 855 0 0 0 0 838 0 0 0 0 794 
126 88 0 150 60 135 133 6 190 100 186 164 52 221 105 115 92 2 152 85 140 137 0 199 82 
136 0 0 0 0 256 102 92 81 68 170 0 0 0 0 149 0 0 0 0 148 0 0 0 0 
0 0 0 0 0 80 59 77 74 73 0 0 0 0 0 158 122 159 168 155 0 0 0 0 0 
0 23 0 160 0 36 61 50 207 33 0 20 0 146 0 0 17 0 152 0 0 20 0 175 0 
79 65 101 110 132 36 0 58 47 40 19 0 57 62 51 81 49 103 121 103 10 0 57 61 40 
43 48 54 128 106 28 22 31 81 75 0 0 0 77 54 0 0 0 48 50 7 10 9 76 53 
0 12 74 0 0 79 104 193 87 92 0 10 70 0 0 60 82 171 49 63 0 8 66 0 0 
215 20 198 0 0 219 12 191 0 0 216 9 203 5 1 192 10 206 0 0 229 29 194 12 10 
313 126 335 136 232 375 196 428 207 270 363 199 459 224 299 213 42 226 60 145 237 77 276 53 124 
65 152 69 83 66 0 86 0 27 0 17 126 28 33 27 0 104 0 17 0 0 75 0 21 0 
0 0 39 0 73 47 53 95 54 141 71 94 112 58 148 0 0 36 0 73 0 0 53 0 79 
0 0 21 0 221 0 0 22 0 200 0 0 29 0 179 0 0 31 0 200 0 0 25 0 191 
0 0 0 56 0 0 0 0 69 0 65 63 50 152 52 0 0 0 70 0 97 88 95 194 96 
88 0 0 96 0 113 0 0 115 0 100 0 0 92 0 97 0 0 118 0 99 0 0 113 0 
0 35 62 75 2 120 179 193 194 127 156 200 217 221 138 32 75 111 116 34 86 131 127 142 62 
120 157 132 115 257 0 0 0 1 94 0 0 0 0 80 29 31 30 22 135 0 0 0 0 94 
143 256 158 138 157 0 125 1 0 0 108 208 97 107 93 1 110 0 0 6 90 222 77 78 102 
161 140 87 88 85 79 49 0 0 0 95 53 6 4 10 74 52 0 0 0 75 64 0 0 0 
0 114 0 0 0 30 150 45 49 57 0 113 0 0 0 60 175 77 73 60 0 106 0 0 0 
0 0 0 0 0 0 0 0 0 0 0 2 0 0 0 0 0 0 0 0 468 450 509 478 440 
0 0 37 0 0 73 79 93 75 87 0 0 31 0 0 77 75 87 57 80 19 25 60 22 27 
8 15 16 17 52 0 0 0 0 36 80 79 70 69 99 0 0 0 0 33 68 98 77 76 105 
0 0 0 147 0 0 0 0 121 0 0 0 0 160 0 0 0 0 156 0 87 86 92 226 96 
0 67 0 33 71 0 61 0 37 77 0 54 0 32 90 0 59 0 31 73 18 78 25 55 112 
0 112 0 0 0 0 108 0 0 0 0 105 0 0 0 0 96 0 0 0 97 185 99 105 91 
0 0 0 42 0 81 51 71 62 81 28 10 40 33 53 0 0 0 14 0 106 97 116 148 97 
0 0 117 55 0 43 45 154 106 50 0 0 104 39 0 0 0 89 38 0 0 0 126 35 0 
2 22 0 0 0 0 57 13 0 9 1 51 0 0 15 0 8 0 0 0 0 36 8 0 15 
59 0 0 0 0 125 61 61 74 68 99 20 18 19 15 131 47 46 52 41 58 0 0 0 0 
83 35 33 111 36 39 0 0 91 0 48 0 0 84 0 83 35 30 120 32 55 0 0 83 0 
0 0 63 43 0 0 0 55 43 0 101 99 149 132 97 0 0 62 47 0 0 0 67 42 0 
30 0 2 72 99 85 69 80 120 182 33 2 5 71 107 55 24 23 81 108 27 33 43 85 110 
3 7 49 101 8 0 0 56 98 0 59 37 125 135 61 29 46 84 130 41 0 0 44 88 0 
68 1 64 110 7 57 0 46 56 12 204 114 180 168 116 150 62 103 117 64 83 0 70 65 0 
45 0 57 0 57 42 0 63 0 54 29 0 69 0 73 94 52 111 70 116 34 0 58 0 58 
97 26 186 111 59 71 11 177 93 46 58 0 147 32 21 169 63 236 137 109 96 28 194 85 61 
17 88 142 23 127 147 205 292 128 249 43 115 188 49 177 0 34 156 2 103 90 150 221 117 218 
19 23 25 60 51 44 44 40 82 77 0 0 0 33 31 0 0 0 26 17 83 95 104 145 106 
17 31 1 83 0 29 47 0 101 0 77 72 38 128 53 25 37 0 101 0 40 31 0 79 0 
0 0 56 0 0 165 147 218 153 179 0 0 59 0 0 0 0 70 0 0 0 0 73 0 0 
11 6 0 0 69 15 1 0 0 53 65 64 45 39 126 22 21 15 13 81 89 109 92 87 128 
59 10 9 6 20 84 59 62 62 63 94 72 78 87 82 39 0 5 0 12 34 11 12 7 21 
19 99 76 16 33 0 94 67 6 4 0 76 41 0 18 0 83 48 3 12 48 136 112 40 93 
167 209 111 103 111 87 71 49 19 20 49 56 18 0 0 47 50 14 0 0 33 48 19 0 0 
95 0 0 10 0 83 0 0 38 0 99 0 0 28 0 100 0 0 0 0 122 15 23 45 29 
64 76 9 14 18 45 44 0 0 0 49 67 13 5 16 60 70 34 38 43 71 68 38 22 30 
39 77 42 72 29 0 65 11 42 16 2 51 11 46 19 0 43 14 33 13 40 105 65 99 78 
0 0 56 27 11 0 0 45 34 3 0 0 43 40 4 43 52 122 91 61 54 50 100 93 63 
29 38 25 22 31 0 0 0 0 0 71 59 57 62 55 0 0 0 0 0 120 107 98 114 110 
47 37 36 33 41 0 0 19 0 0 0 0 19 0 0 52 46 86 56 52 124 94 141 139 122 
39 41 105 52 54 3 7 63 16 21 61 54 130 51 55 0 0 48 2 0 0 4 55 23 14 
0 0 180 32 0 0 0 141 23 0 19 19 156 37 18 0 0 164 23 0 0 0 162 23 0 
45 118 0 0 0 105 169 65 55 62 94 188 35 27 12 106 191 61 72 67 40 107 0 0 0 
83 2 84 84 100 155 67 187 169 181 169 93 184 202 220 156 52 115 125 164 98 1 93 127 120 
101 136 75 54 77 11 58 1 0 0 83 165 66 62 67 39 90 24 18 16 26 69 0 0 0 
0 117 109 166 0 0 131 122 166 0 0 112 123 170 2 0 118 111 166 0 0 132 121 168 0 
13 0 0 131 0 8 0 0 94 0 90 65 87 187 84 11 0 0 99 0 20 1 0 105 0 
48 78 42 46 74 0 59 0 0 29 50 85 45 40 66 5 38 0 0 35 0 56 0 0 31 
111 132 24 61 78 148 200 76 67 150 115 141 55 62 97 65 74 0 22 49 204 236 84 104 138 
76 248 172 121 139 8 67 85 15 3 52 107 133 43 32 33 94 79 16 36 0 64 58 0 0 
3 23 12 7 69 9 33 24 0 102 0 17 14 9 52 49 83 74 47 162 29 32 28 24 100 
687 525 527 388 485 443 250 245 213 235 442 328 305 198 311 371 173 139 87 189 566 378 393 386 381 
89 68 1 5 0 173 170 73 74 71 76 87 0 0 0 103 83 21 20 19 65 63 0 0 0 
155 302 116 142 108 262 386 145 256 177 136 298 86 153 73 45 200 0 42 0 93 212 53 85 18 
0 0 0 0 55 0 0 0 0 59 0 0 0 0 72 0 0 0 0 67 155 168 159 173 207 
81 4 34 0 16 132 20 63 23 43 143 63 97 45 70 163 94 136 73 103 141 33 48 17 35 
150 0 0 55 0 156 0 0 55 0 142 1 0 42 0 168 0 0 45 0 150 0 0 41 0 
178 140 155 258 128 46 2 85 140 0 102 46 143 187 65 53 8 109 115 27 61 0 85 91 0 
0 0 63 61 0 78 51 101 115 63 2 0 48 45 0 70 60 116 104 60 42 33 84 80 30 
64 110 91 190 153 0 13 4 100 46 0 18 4 62 49 0 10 11 83 50 36 47 24 102 67 
113 115 80 21 14 172 169 152 90 108 96 93 68 27 4 214 201 194 108 115 127 144 117 24 48 
58 130 51 57 53 0 55 0 0 0 6 80 4 5 4 0 64 0 0 0 76 154 62 76 65 
0 0 0 18 0 0 0 0 20 0 0 0 0 20 0 0 0 0 21 0 181 188 222 230 222 
45 2 0 29 39 117 86 76 98 104 50 0 0 23 38 42 2 0 17 43 49 1 0 23 34 
54 5 54 124 99 23 2 32 106 105 72 24 48 147 117 36 0 34 106 109 120 102 137 213 222 
0 68 53 0 67 0 70 63 0 72 0 79 52 0 55 0 66 61 0 69 0 84 65 0 66 
47 23 55 40 32 72 52 93 56 55 22 16 35 19 13 56 44 102 71 49 8 0 32 0 0 
77 0 0 0 53 64 0 0 0 47 86 0 0 0 55 67 0 0 0 48 170 86 73 91 142 
74 121 17 122 82 65 149 11 130 112 41 71 1 132 71 215 270 157 269 196 112 166 59 158 137 
92 0 0 0 0 117 0 0 0 0 121 0 0 0 0 102 0 0 0 0 206 88 85 89 99 
76 95 108 94 75 11 40 42 15 15 0 14 54 0 0 65 77 104 70 52 25 40 63 21 18 
0 0 0 140 35 0 0 0 157 28 26 27 16 154 50 0 0 0 147 34 0 0 0 135 38 
0 0 211 0 34 0 0 215 0 29 0 0 208 0 23 0 0 177 0 21 0 0 187 0 26 
0 0 0 139 13 138 123 113 296 157 0 0 0 157 14 97 113 93 222 90 0 0 0 123 6 
55 113 139 181 70 33 68 90 150 29 85 132 135 195 73 45 139 127 167 71 58 92 113 174 41 
0 0 0 1246 0 0 0 0 1211 0 0 0 0 1241 0 0 1 1 1316 1 0 0 0 1253 0 
197 0 0 0 0 198 13 18 17 20 179 0 0 0 0 199 0 0 0 0 169 0 0 0 0 
0 0 1456 0 0 0 0 1476 0 0 0 0 1359 0 0 0 0 1475 0 0 0 0 1448 0 0 
