908 864 835 781 876 1141 1103 1200 1061 1107 687 776 718 646 758 1043 974 1003 1049 1079 642 560 602 553 684 
162 136 164 155 168 0 0 0 0 0 115 72 117 105 96 0 0 0 0 0 0 0 0 0 0 
140 50 40 237 264 97 0 0 167 166 204 55 39 265 299 63 0 0 125 152 87 0 0 172 169 
322 47 117 99 136 204 0 27 3 10 428 91 190 139 168 472 228 312 258 246 274 46 122 63 103 
0 0 0 42 0 87 68 55 119 72 0 2 0 30 0 56 53 69 111 59 45 55 48 117 46 
154 26 97 124 28 131 7 70 118 0 151 24 72 128 20 139 2 56 114 0 291 198 270 299 170 
126 8 28 0 110 133 8 17 0 162 246 120 125 100 230 194 87 110 68 198 290 129 166 137 316 
0 0 0 0 0 0 0 0 0 0 1031 1047 998 1023 1066 0 0 0 0 0 0 0 0 0 0 
0 0 0 246 0 0 0 2 237 0 108 99 97 357 114 110 103 85 387 124 0 0 0 230 0 
14 8 17 190 6 0 0 0 192 0 39 52 40 187 35 0 0 0 181 0 3 7 3 206 3 
0 0 0 0 0 0 0 0 0 0 0 0 0 0 0 67 77 67 68 96 212 175 163 221 174 
75 93 72 63 206 0 10 0 0 93 0 5 0 0 108 0 6 0 0 104 72 81 84 74 175 
129 144 141 148 151 0 0 0 0 0 0 0 0 0 0 0 0 0 0 0 77 75 66 65 80 
0 0 0 1 0 0 0 0 0 0 0 0 0 0 0 448 442 419 434 427 192 183 185 193 210 
0 206 0 0 87 0 169 0 0 98 118 318 141 119 193 0 190 0 0 93 0 222 0 0 76 
912 0 0 0 0 886 0 0 0 0 878 0 0 0 0 917 0 0 0 0 921 0 0 0 0 
17 14 226 167 152 48 13 236 177 175 123 132 341 270 224 212 204 459 388 332 129 105 302 282 322 
97 137 81 171 95 67 91 63 129 71 0 50 0 58 0 46 108 58 100 48 0 45 0 40 0 
42 13 20 11 22 156 126 125 123 150 38 0 0 0 22 35 0 0 0 26 148 131 112 133 171 
0 0 131 0 0 0 0 123 0 0 0 0 134 0 0 138 121 237 107 116 0 0 144 0 0 
0 64 43 46 0 0 78 43 45 0 34 96 89 97 33 0 70 47 47 0 0 69 55 42 0 
0 1 0 4 152 153 102 117 139 259 155 117 115 143 234 0 1 0 0 115 91 89 105 94 197 
0 0 0 0 0 0 0 0 0 0 0 0 0 0 0 1015 1090 1102 1070 1004 0 0 0 0 0 
0 18 51 132 0 0 17 51 114 0 0 18 46 139 0 0 17 50 139 0 0 15 51 140 0 
66 47 0 0 0 82 67 15 15 13 133 82 36 37 28 87 63 0 0 0 95 90 22 23 29 
69 102 66 131 144 7 36 14 64 70 11 42 19 71 84 0 35 0 48 63 0 34 0 54 72 
91 115 104 72 0 97 134 175 79 0 265 293 302 280 197 102 126 140 76 1 250 211 280 212 108 
71 11 10 92 7 75 0 0 107 0 206 153 140 224 129 63 2 0 94 0 104 48 50 173 37 
98 62 26 39 26 114 71 28 42 24 46 33 5 0 0 70 54 13 6 9 68 33 2 0 0 
0 0 140 60 0 0 0 155 53 0 0 0 189 52 0 0 0 168 44 0 0 0 138 43 0 
118 163 173 114 117 0 52 73 0 0 0 46 65 0 0 40 67 97 33 34 0 42 98 0 0 
90 65 89 96 70 131 151 138 147 134 35 48 58 53 57 0 0 0 0 0 0 0 0 0 0 
0 0 0 166 0 0 0 0 175 0 230 234 221 409 242 0 0 0 172 0 1 0 0 155 0 
0 0 0 0 0 159 150 182 133 157 0 0 0 0 0 0 0 0 0 0 73 58 71 67 89 
112 0 0 74 40 140 33 50 128 96 207 71 82 155 144 85 0 0 85 36 191 59 88 156 108 
0 78 0 0 0 0 75 0 0 0 0 57 0 0 0 107 145 78 117 77 51 123 43 48 48 
0 0 112 0 0 98 101 219 119 116 0 0 105 0 0 7 9 112 5 9 15 14 95 11 22 
277 214 184 250 129 125 83 77 112 0 91 85 68 103 0 299 247 177 284 110 162 103 89 131 0 
0 0 0 0 0 33 41 30 23 22 0 0 0 0 0 66 72 78 71 103 113 112 116 109 147 
0 224 0 201 0 0 180 0 194 0 8 203 7 195 7 0 186 0 192 0 0 197 0 204 0 
0 43 0 122 0 0 50 0 134 0 0 49 0 136 0 65 133 72 212 65 0 60 0 129 0 
0 0 0 0 74 83 72 78 61 131 81 74 70 82 121 0 0 0 0 74 0 0 0 0 78 
67 306 351 49 245 9 226 278 7 146 53 305 361 53 220 93 332 347 102 274 203 381 394 165 293 
0 60 42 0 94 24 75 60 15 118 32 105 96 48 90 0 73 32 0 73 0 74 32 0 90 
118 100 111 132 138 14 0 0 37 0 16 0 0 39 0 16 0 0 52 0 95 72 65 120 86 
71 0 68 0 0 66 0 75 0 0 122 54 110 49 51 101 16 82 14 12 68 0 76 0 0 
0 21 89 0 103 0 14 70 0 113 0 18 76 0 114 0 14 94 0 143 0 13 74 0 111 
32 62 149 95 31 69 66 162 120 58 0 41 114 40 0 54 67 154 110 49 0 19 104 66 0 
0 74 0 0 0 0 85 0 0 0 126 240 111 142 122 0 92 0 0 0 16 87 20 25 29 
0 0 0 79 0 67 79 55 140 92 0 0 0 82 0 0 0 0 93 0 77 70 60 160 73 
59 0 120 59 0 81 0 127 67 0 74 0 114 63 0 54 0 122 69 0 53 0 121 49 0 
98 68 0 40 0 136 100 22 60 28 117 110 0 32 0 136 66 0 48 0 114 66 0 43 0 
0 0 0 0 26 203 199 194 213 227 0 0 0 0 38 0 0 0 0 34 0 0 0 0 34 
105 53 66 132 95 77 42 57 108 78 26 0 0 63 13 37 0 0 55 13 40 16 10 72 33 
31 68 10 7 10 17 55 0 0 0 21 87 0 0 0 153 199 142 144 134 28 84 0 0 0 
0 0 0 21 0 186 170 197 198 164 0 0 0 23 0 0 0 0 22 0 0 0 0 19 0 
71 79 133 138 89 0 0 52 62 0 0 0 74 57 0 0 0 67 52 0 0 0 59 62 0 
63 57 59 48 68 41 0 0 0 11 76 62 48 48 72 29 0 0 0 22 92 49 45 49 60 
0 0 25 0 69 9 6 36 10 89 0 0 34 0 70 10 7 43 7 95 81 75 114 64 153 
594 597 617 657 595 0 0 0 0 0 0 0 0 0 0 0 0 0 0 0 0 0 0 0 0 
72 125 164 88 89 32 94 106 30 34 0 41 76 0 0 0 47 82 0 0 0 43 78 0 0 
0 0 118 0 0 0 0 94 0 0 77 121 221 115 105 0 0 87 0 0 0 0 107 0 0 
120 131 46 72 145 47 48 0 0 96 53 61 0 0 72 43 46 0 0 75 68 54 0 0 96 
0 49 0 23 36 59 115 57 80 94 0 58 0 27 38 0 55 0 39 40 24 65 21 53 63 
9 7 99 5 12 0 0 87 0 0 0 0 83 0 0 36 39 120 27 29 75 78 150 59 85 
0 0 0 51 75 88 81 63 117 163 0 0 0 49 73 0 0 0 36 84 0 0 0 47 73 
119 188 90 88 100 27 133 0 0 0 37 139 8 8 10 28 96 0 0 0 31 100 0 5 0 
59 21 91 35 98 18 0 32 1 66 9 0 32 0 75 17 0 39 0 62 10 0 36 2 71 
65 11 11 0 2 81 0 0 0 0 90 59 55 57 75 107 33 10 21 25 191 110 104 125 111 
67 34 118 48 50 32 0 81 0 0 29 0 77 0 0 26 0 70 0 2 83 45 122 48 42 
90 79 100 48 60 35 27 32 1 12 57 67 59 25 45 45 29 36 0 13 35 31 36 0 9 
0 62 67 0 0 0 65 42 0 0 21 104 77 21 21 32 109 64 40 41 0 62 46 0 0 
35 67 36 20 11 28 87 26 18 22 0 50 0 0 9 20 21 4 0 13 0 37 0 0 0 
30 0 91 0 45 63 43 123 39 80 25 0 85 0 29 36 8 99 4 34 31 0 99 0 28 
0 2087 0 0 0 0 2151 0 0 0 0 2021 0 0 0 0 2082 0 0 0 0 2016 0 0 0 
28 148 131 18 12 88 235 214 82 80 0 133 105 5 0 54 198 141 68 56 1 141 96 0 0 
57 85 74 0 0 46 110 91 0 0 71 99 97 0 0 55 112 97 0 0 47 99 91 0 0 
16 150 0 191 0 129 253 134 357 139 144 256 133 410 129 9 143 0 231 0 5 134 0 160 0 
72 103 148 138 82 0 0 46 0 0 0 0 70 0 0 0 1 45 0 1 200 251 259 239 242 
0 0 0 0 0 1256 1210 1217 1169 1238 0 0 0 0 0 0 0 0 0 0 0 0 0 0 0 
0 0 83 131 0 0 0 78 108 0 0 0 90 129 0 0 0 85 123 0 0 0 75 130 0 
150 56 58 90 39 144 58 43 108 59 81 0 0 37 0 81 0 0 34 0 89 0 0 44 0 
0 120 0 0 78 0 138 0 0 74 0 150 0 0 79 0 126 0 0 64 0 137 0 0 92 
206 330 156 285 139 91 227 19 150 4 317 460 271 436 165 183 382 152 256 81 274 438 315 359 192 
101 74 290 288 93 0 0 203 209 5 109 112 286 294 113 0 0 167 199 10 6 6 200 199 14 
156 114 113 166 263 4 16 3 12 168 16 13 7 5 174 224 232 171 211 382 229 282 265 257 422 
0 60 0 0 0 0 47 0 0 0 0 60 0 0 0 7 58 4 7 3 149 184 149 127 144 
70 30 48 15 60 54 13 29 0 53 47 12 35 0 34 94 14 29 0 54 161 127 128 109 169 
202 76 0 101 0 204 69 0 100 0 205 58 0 104 0 191 70 0 112 0 202 61 0 118 0 
55 0 0 0 0 62 0 0 0 0 64 0 0 0 0 202 133 145 146 141 52 0 0 0 0 
96 248 232 149 53 127 234 253 152 64 132 228 238 142 96 59 169 188 95 3 53 198 219 119 22 
84 0 7 65 25 109 79 51 131 77 116 86 89 98 102 83 33 27 77 43 71 0 2 27 21 
119 126 136 100 205 0 0 8 0 56 71 79 82 67 129 0 0 19 0 62 0 0 17 0 64 
21 47 0 57 0 105 124 59 117 51 62 60 25 81 35 36 41 0 52 0 24 47 0 56 0 
98 117 97 122 156 100 88 97 78 115 0 27 0 0 48 0 19 0 0 30 72 85 60 61 104 
0 80 0 0 0 43 139 40 35 35 34 144 34 31 27 28 138 28 27 37 48 148 49 35 55 
33 11 41 32 0 103 71 112 108 62 42 21 47 36 0 47 9 44 34 0 41 19 37 38 0 
3 13 0 82 208 124 126 112 211 336 2 31 0 79 253 0 8 0 82 250 116 139 113 172 307 
12 13 85 6 215 6 0 55 6 158 114 96 161 113 274 137 143 204 172 332 2 4 72 2 177 
154 0 0 0 0 136 0 0 0 0 224 85 107 105 108 134 0 0 0 0 131 0 0 0 0 
0 0 0 0 846 0 0 0 0 798 0 0 0 0 860 0 0 0 0 850 0 0 0 0 790 
106 96 0 167 54 113 140 3 177 69 160 158 61 213 95 107 100 10 169 76 119 139 1 197 68 
222 0 0 0 0 374 114 110 100 95 257 0 0 0 0 252 0 0 0 0 218 0 0 0 0 
0 0 0 0 0 84 71 82 71 76 0 0 0 0 0 172 144 163 168 151 0 0 0 0 0 
0 24 0 160 0 35 62 46 207 34 0 19 0 145 0 0 17 0 148 0 0 23 0 168 0 
79 61 101 109 124 44 2 65 48 49 24 0 66 77 64 89 50 110 117 113 13 0 49 59 43 
43 47 54 128 106 27 22 31 80 74 0 0 0 77 56 0 0 0 47 50 7 10 9 75 53 
0 11 71 0 0 85 118 212 90 105 0 10 82 0 0 64 90 215 59 67 0 5 76 0 0 
215 16 200 0 0 216 11 183 0 0 219 9 192 0 0 189 8 194 0 0 218 27 187 4 7 
282 111 331 125 178 332 153 421 204 218 340 166 411 211 254 212 31 238 65 130 252 66 311 74 106 
65 152 69 83 66 0 86 0 27 0 17 128 28 34 27 0 104 0 17 0 0 75 0 22 0 
0 0 38 0 62 45 52 92 49 135 67 89 105 61 136 0 0 33 0 72 0 0 50 0 79 
0 0 17 0 194 0 0 16 0 192 0 0 28 0 176 0 0 25 0 187 0 0 23 0 191 
0 0 0 58 0 0 0 0 71 0 66 67 48 168 58 0 0 0 71 0 119 96 99 200 103 
102 0 0 93 0 119 0 0 118 0 104 0 0 95 0 107 0 0 111 0 109 0 0 116 0 
3 42 82 82 0 129 202 214 227 153 175 222 254 222 155 31 66 128 127 49 78 131 136 143 65 
123 163 140 112 254 0 0 0 0 93 0 0 0 0 82 31 26 36 26 130 0 0 0 0 100 
134 244 149 127 130 0 143 0 0 0 99 209 85 94 80 0 109 0 0 3 92 199 88 80 100 
138 126 79 78 81 78 45 0 0 0 87 48 4 4 8 67 50 0 0 0 77 57 0 0 0 
0 105 0 0 0 30 146 43 46 54 0 111 0 0 0 62 168 72 70 57 0 102 0 0 0 
0 0 0 0 0 0 0 0 0 0 0 0 0 0 0 0 0 0 0 0 454 433 457 435 407 
0 0 37 0 0 73 79 92 75 87 0 0 31 0 0 77 75 85 58 79 18 25 59 21 26 
7 15 16 17 52 0 0 0 0 36 80 79 71 69 99 0 0 0 0 33 68 98 78 76 105 
0 0 0 136 0 0 0 0 121 0 0 0 0 142 0 0 0 0 151 0 83 79 90 205 84 
0 67 0 27 72 0 60 0 31 77 0 52 0 21 89 0 56 0 24 72 16 77 23 50 111 
0 112 0 0 0 0 108 0 0 0 0 105 0 0 0 0 96 0 0 0 97 185 99 105 92 
0 0 0 33 0 76 37 74 64 76 39 22 47 21 53 0 0 0 18 0 109 123 100 152 104 
0 0 117 55 0 42 45 155 106 50 0 0 102 38 0 0 0 89 38 0 0 0 125 34 0 
0 29 0 0 0 14 86 19 0 23 0 65 0 0 24 0 47 0 0 0 0 54 20 0 20 
59 0 0 0 0 126 61 61 76 69 99 19 18 19 15 131 47 46 52 41 58 0 0 0 0 
83 35 33 111 36 39 0 0 91 0 48 0 0 85 0 83 35 30 120 31 55 0 0 83 0 
0 0 63 43 0 0 0 55 43 0 101 99 149 132 97 0 0 62 47 0 0 0 67 42 0 
30 0 0 66 99 102 82 79 127 203 29 2 4 89 114 58 19 25 76 106 31 32 38 82 120 
2 8 52 102 10 0 0 55 93 0 57 33 131 130 58 30 47 78 135 43 0 0 47 89 0 
61 4 57 42 8 50 0 41 41 29 156 84 152 136 114 80 15 64 55 17 52 0 46 45 0 
40 0 54 0 55 38 0 57 0 53 26 0 68 0 72 89 49 104 65 106 30 0 55 0 53 
82 13 172 82 46 58 4 160 76 31 43 0 147 25 12 151 67 224 123 113 83 16 201 64 55 
5 85 137 22 120 140 166 282 128 240 36 90 188 46 180 0 36 158 3 121 106 156 223 135 232 
24 24 30 69 56 44 48 44 93 80 0 0 0 38 31 0 0 0 25 21 85 104 118 145 126 
24 34 0 108 0 38 56 0 124 0 95 90 42 167 62 37 44 0 128 0 47 33 0 93 0 
0 0 54 0 0 165 152 220 155 181 0 0 62 0 0 0 0 70 0 0 0 0 76 0 0 
11 6 0 0 71 16 2 0 0 67 69 64 51 56 130 24 18 17 13 81 94 119 103 98 151 
59 11 10 6 20 88 62 63 65 64 95 74 79 88 84 40 0 5 0 12 35 11 14 7 24 
19 101 72 16 39 0 100 67 4 6 0 76 45 0 20 0 83 54 5 12 47 130 120 43 83 
156 202 106 107 117 82 65 47 20 23 45 51 16 0 0 42 50 18 0 0 38 49 13 0 0 
97 0 0 6 0 84 0 0 19 0 100 0 0 18 0 103 0 0 0 0 125 17 24 54 30 
76 81 15 23 24 46 46 0 0 0 52 70 14 9 15 66 72 37 39 49 87 78 46 29 46 
35 70 35 70 25 0 53 7 41 9 0 46 6 45 14 0 32 5 31 6 35 95 54 95 69 
0 0 54 27 8 0 0 44 34 0 0 0 44 39 5 41 52 119 94 58 51 49 99 87 61 
28 38 26 22 31 0 0 0 0 0 71 59 57 63 55 0 0 0 0 0 120 107 99 114 110 
46 43 39 35 42 0 0 18 0 0 0 0 20 0 0 49 47 96 61 52 131 94 139 146 127 
32 40 104 54 54 4 8 62 16 18 56 50 128 56 51 0 0 52 5 0 4 5 63 27 13 
0 0 182 33 0 0 0 148 24 0 21 21 163 39 20 0 0 174 23 0 0 0 175 24 0 
35 115 0 0 0 86 160 59 51 53 94 184 27 23 13 89 182 66 65 64 37 100 0 0 0 
82 1 72 73 94 148 74 165 159 162 160 77 151 177 205 136 38 88 98 143 98 0 80 115 82 
107 142 88 71 81 13 71 4 0 0 94 160 80 61 66 45 95 35 20 21 31 73 0 0 0 
0 116 108 163 0 0 126 119 165 0 0 106 120 165 0 0 117 114 153 0 0 125 118 163 2 
13 0 0 131 0 9 0 0 95 0 91 65 87 187 84 11 0 0 99 0 20 1 1 105 1 
47 66 40 35 61 0 57 0 0 26 50 84 45 39 66 6 38 0 0 34 0 59 1 0 24 
124 130 29 51 86 162 208 88 90 190 125 149 44 74 102 83 79 2 12 70 209 257 95 127 175 
88 197 159 114 119 3 41 74 12 2 39 74 121 51 32 27 67 69 13 25 0 63 44 0 0 
7 30 16 6 74 16 32 27 6 106 9 23 12 15 58 59 93 76 54 164 33 42 33 28 96 
682 530 550 451 520 461 264 260 201 253 507 320 335 248 308 356 175 153 77 150 565 401 392 379 342 
101 67 2 4 1 174 165 69 78 77 77 81 0 0 0 107 100 21 19 19 78 72 0 0 0 
168 308 129 128 134 254 393 154 252 185 139 271 80 151 82 35 194 11 34 0 87 214 60 84 30 
15 0 0 68 0 2 0 0 37 0 64 48 53 75 27 80 54 65 82 67 25 0 7 42 0 
0 1 0 0 57 0 0 0 0 56 0 0 0 0 69 0 0 0 0 62 145 168 150 160 192 
61 0 36 0 10 133 13 57 26 28 134 64 101 47 64 138 73 127 72 100 120 43 60 26 32 
149 0 0 54 0 156 0 0 55 0 141 0 0 40 0 168 0 0 46 0 149 0 0 41 0 
153 118 147 225 105 30 0 84 122 0 86 40 127 169 64 40 7 102 97 25 40 0 74 85 0 
0 0 53 63 0 72 52 105 98 69 0 0 42 42 0 59 53 111 83 47 43 30 85 79 31 
79 108 102 176 148 0 10 4 96 42 0 15 6 72 50 0 12 11 83 59 34 46 28 92 59 
102 122 77 50 9 166 145 116 91 92 65 91 41 12 1 207 202 179 121 114 106 131 103 30 44 
59 130 51 57 53 0 55 0 0 0 6 80 3 5 4 0 66 0 0 0 76 154 62 76 66 
0 0 0 20 0 0 0 0 19 0 0 0 0 19 0 0 0 0 19 0 178 203 219 222 227 
45 4 0 33 39 118 86 77 104 104 50 0 0 35 39 42 3 0 24 41 50 0 0 28 34 
54 4 45 97 78 18 6 34 104 76 66 25 50 125 102 17 0 33 83 80 119 70 110 176 185 
0 69 55 0 66 0 71 63 0 72 0 79 53 0 55 0 66 64 0 69 0 84 67 0 66 
52 26 61 42 37 89 63 109 70 64 25 19 51 23 15 60 56 125 84 62 10 0 36 3 0 
76 0 0 0 53 63 0 0 0 49 80 0 0 0 62 66 0 0 0 45 176 89 75 90 153 
99 140 17 138 97 70 126 0 150 120 67 104 1 150 77 234 265 138 254 187 122 189 88 203 131 
92 0 0 0 0 117 0 0 0 0 122 0 0 0 0 102 0 0 0 0 206 88 85 89 99 
84 94 126 85 70 12 39 44 17 11 0 15 52 0 0 64 81 98 64 55 23 37 65 24 14 
0 0 0 140 35 0 0 0 159 28 27 29 17 157 51 0 0 0 149 34 0 0 0 138 38 
0 0 190 0 34 0 0 211 0 29 0 0 193 0 24 0 0 180 0 23 0 0 172 0 26 
0 0 0 139 14 131 112 106 303 158 0 0 0 159 15 81 88 83 218 91 0 0 0 130 8 
30 121 147 192 58 22 89 116 157 26 70 109 120 182 85 38 160 150 191 67 75 116 123 169 46 
0 0 0 1271 0 0 0 0 1255 0 0 0 0 1270 0 0 0 3 1335 0 0 0 0 1271 0 
0 0 1444 0 0 0 0 1467 0 0 0 0 1358 0 0 0 0 1489 0 0 0 0 1453 0 0 
