836 812 692 657 724 1010 1094 974 992 1096 660 661 577 649 697 948 922 876 953 956 550 526 421 406 561 
187 132 165 172 154 0 0 0 0 0 119 82 117 98 100 0 0 0 0 0 0 0 0 0 0 
147 54 32 186 198 102 0 0 164 180 213 88 36 259 276 57 0 0 104 151 79 0 0 132 138 
0 0 55 111 0 163 119 162 211 137 0 5 52 66 0 118 101 175 195 110 87 80 139 188 77 
182 43 102 148 35 145 16 89 125 0 140 31 85 108 14 140 5 52 136 0 286 175 270 335 180 
121 10 23 1 110 96 6 9 0 122 223 99 117 100 210 177 81 116 64 167 258 125 165 128 293 
0 0 0 0 0 0 0 0 0 0 1008 1028 970 1016 1038 0 0 0 0 0 0 0 0 0 0 
0 0 0 259 0 2 0 3 251 1 114 106 96 372 116 113 106 92 392 121 0 0 0 235 0 
13 8 13 167 6 0 0 0 171 0 35 44 33 169 28 0 0 0 146 0 2 6 3 170 3 
0 0 0 0 0 0 0 0 0 0 0 0 0 0 0 62 77 65 72 82 202 166 156 207 174 
73 92 62 60 184 0 10 0 0 98 0 3 0 0 113 0 5 0 0 97 79 85 86 74 165 
132 140 142 154 143 0 0 0 0 0 0 0 0 0 0 0 0 0 0 0 82 77 61 65 82 
0 0 0 0 0 0 0 0 0 0 0 0 0 0 0 431 431 426 410 424 196 178 183 188 205 
0 205 0 0 87 0 180 0 0 102 133 341 154 134 225 0 190 0 0 100 0 224 1 0 75 
815 0 0 0 0 807 0 0 0 0 808 0 0 0 0 839 0 0 0 0 836 0 0 0 0 
15 6 192 133 167 49 8 188 145 148 122 117 267 214 224 198 204 394 341 318 116 92 266 209 277 
67 106 64 122 55 49 66 52 89 54 0 36 0 42 0 32 75 42 69 31 0 39 0 32 0 
39 9 17 8 20 140 117 130 122 124 40 0 0 0 20 27 0 0 0 23 143 130 117 125 153 
0 0 144 0 0 0 0 137 0 0 0 0 145 0 0 153 120 247 126 133 0 0 153 0 0 
0 67 43 46 0 0 81 43 47 0 38 102 94 100 35 0 73 48 48 0 0 74 60 42 0 
0 0 0 0 146 137 126 123 164 234 155 130 118 110 244 1 1 0 0 131 96 93 102 104 222 
0 0 0 0 0 0 0 0 0 0 0 0 0 0 0 1033 1107 1097 1077 1019 0 0 0 0 0 
0 18 53 136 0 0 19 53 121 0 0 18 49 149 0 0 17 52 144 0 0 13 58 153 0 
65 47 0 0 0 83 68 15 15 13 134 83 35 35 30 88 63 0 0 0 96 87 22 23 28 
80 154 92 182 180 6 50 21 68 74 12 58 31 79 104 0 50 0 64 85 0 39 0 62 79 
108 134 124 93 1 113 145 211 85 2 313 342 390 347 245 113 136 150 93 2 307 259 346 257 159 
79 13 15 99 20 73 0 0 109 0 202 139 123 213 120 63 0 0 99 7 108 40 42 167 37 
130 97 45 57 39 169 122 48 57 33 56 55 16 0 0 98 92 22 12 20 100 57 12 0 0 
0 0 135 56 0 0 0 148 52 0 0 0 180 51 0 0 0 162 44 0 0 0 136 41 0 
117 163 173 119 100 0 46 67 0 0 0 53 58 0 0 35 67 93 32 32 0 37 91 0 0 
63 51 67 66 58 96 114 101 111 98 22 39 42 35 37 0 0 0 0 0 0 0 0 0 0 
0 0 0 171 0 0 0 0 186 0 238 239 232 432 252 0 0 0 178 0 0 0 0 162 0 
0 0 0 0 0 182 180 206 158 167 0 0 0 0 0 0 0 0 0 0 86 65 86 70 93 
118 3 0 65 48 136 40 57 112 107 227 79 92 153 161 89 0 0 58 47 198 81 80 163 124 
0 89 0 0 0 0 90 0 0 0 0 69 0 0 0 126 169 87 133 96 61 144 48 59 57 
0 0 109 0 0 95 103 205 128 118 0 0 110 0 0 6 8 107 3 11 14 17 98 10 20 
253 227 185 268 113 118 90 73 112 0 91 97 68 99 0 276 242 170 286 116 137 106 87 136 7 
0 0 0 0 0 39 39 32 19 27 0 0 0 0 0 72 83 86 78 111 123 119 110 119 154 
0 233 0 214 0 0 195 0 211 0 8 211 7 210 7 0 200 0 200 0 0 203 0 212 0 
0 46 0 124 0 0 54 0 148 0 0 48 0 146 0 75 149 72 228 80 0 64 0 142 0 
0 0 0 0 76 86 74 79 60 149 94 79 85 82 139 0 0 0 0 74 0 0 0 0 80 
101 314 359 68 257 30 212 279 6 161 111 284 366 79 248 131 307 333 104 279 215 352 417 147 291 
0 46 35 0 82 19 62 50 11 95 28 81 93 37 81 0 59 27 0 65 0 61 27 0 71 
119 95 110 128 125 17 0 0 35 0 8 0 0 40 0 18 0 0 43 0 89 70 65 116 81 
69 0 64 0 0 69 0 79 0 0 116 53 113 48 50 103 17 79 14 12 67 0 77 0 0 
0 18 83 0 101 0 12 73 0 110 0 18 75 0 106 0 14 93 0 137 0 14 69 0 101 
36 84 172 104 34 62 92 169 121 63 0 44 135 50 0 53 96 183 124 56 0 25 120 77 0 
0 63 0 0 0 0 74 0 0 0 130 236 117 142 128 0 98 0 0 0 15 88 19 24 26 
0 0 0 80 0 64 77 57 141 87 0 0 0 77 0 0 0 0 91 0 75 65 64 167 63 
53 0 98 48 0 57 0 115 55 0 60 0 97 52 0 52 0 104 56 0 46 0 103 47 0 
88 59 0 34 0 134 90 22 52 33 122 110 0 33 0 140 69 0 48 0 106 70 0 40 0 
0 0 0 0 25 196 192 201 205 224 0 0 0 0 35 0 0 0 0 35 0 0 0 0 34 
112 54 66 145 96 73 43 62 114 87 31 0 0 63 11 37 0 0 65 13 53 16 9 71 33 
32 67 10 8 12 19 56 0 0 0 21 80 0 0 0 159 212 156 143 132 28 91 0 0 0 
0 0 0 21 0 188 172 202 199 165 0 0 0 23 0 0 0 0 22 0 0 0 0 19 0 
77 87 147 150 96 0 0 56 69 0 0 0 77 65 0 0 0 71 59 0 0 0 65 67 0 
69 63 63 52 78 49 0 0 0 11 85 66 56 57 79 36 0 0 0 22 98 56 46 53 69 
0 0 25 0 69 9 5 35 12 89 0 0 34 0 70 10 6 42 8 95 81 75 114 64 155 
602 605 623 650 599 0 0 0 0 0 0 0 0 0 0 0 0 0 0 0 0 0 0 0 0 
61 120 153 74 79 31 89 106 28 30 0 34 78 0 0 0 38 87 0 0 0 43 69 0 0 
1 0 132 0 0 0 0 113 0 0 86 130 260 125 121 0 0 108 0 0 0 0 125 0 0 
106 126 40 62 149 40 49 0 0 97 45 60 0 0 73 44 42 0 0 76 63 45 0 0 95 
0 58 0 25 37 71 125 65 90 106 0 65 0 30 43 0 62 0 44 46 29 70 25 62 74 
9 7 99 5 12 0 0 87 0 0 0 0 83 0 0 36 39 120 27 29 75 78 150 59 85 
0 0 0 57 82 99 92 74 137 179 0 0 0 58 86 0 0 0 42 93 0 0 0 53 83 
107 185 93 83 94 27 127 0 0 0 34 139 8 8 11 27 83 0 0 0 24 94 0 3 0 
64 30 92 39 99 17 0 30 1 66 19 0 43 0 75 8 0 51 5 59 10 0 34 5 71 
38 5 22 0 7 36 0 17 0 0 49 44 68 34 55 86 48 63 25 38 136 103 116 123 99 
44 25 89 30 33 27 0 72 0 0 22 0 68 0 0 24 0 57 0 0 40 0 76 0 0 
0 0 32 0 3 0 4 0 2 0 0 11 0 0 0 0 0 0 0 0 7 0 0 0 0 
0 62 63 0 0 0 61 48 0 0 21 103 73 20 21 32 109 53 40 42 0 62 47 0 0 
29 0 91 0 45 64 41 124 38 80 25 0 85 0 29 36 10 99 5 35 31 0 98 0 28 
0 2120 0 0 0 0 2194 0 0 0 0 2050 0 0 0 0 2142 0 0 0 0 2063 0 0 0 
20 86 97 18 18 69 151 184 61 61 7 96 86 5 0 31 143 117 59 35 3 80 80 0 0 
64 124 124 0 0 64 137 134 0 0 82 144 156 0 0 80 153 138 0 0 76 141 132 0 0 
0 102 0 123 0 108 178 69 210 106 74 166 44 186 56 0 81 0 142 0 0 111 0 112 0 
0 0 0 0 0 1271 1225 1231 1194 1248 0 0 0 0 0 0 0 0 0 0 0 0 0 0 0 
0 0 98 141 0 0 0 80 113 0 0 0 94 152 0 2 0 98 148 0 0 1 80 141 0 
131 47 48 85 39 137 50 49 104 60 83 0 0 34 0 77 0 0 35 0 80 0 0 45 0 
0 116 0 0 76 0 136 0 0 69 0 144 0 0 77 0 124 0 0 64 0 131 0 0 93 
144 270 203 263 118 80 166 25 159 1 297 437 275 412 209 127 244 86 195 23 207 353 264 295 161 
94 87 281 290 88 0 2 180 167 0 101 99 267 283 103 0 0 150 178 1 7 10 172 177 24 
124 105 101 124 233 6 19 2 4 152 9 15 7 5 149 193 206 149 163 318 193 228 211 201 356 
0 71 0 0 0 0 58 0 0 0 0 65 0 0 0 8 70 5 9 3 179 218 177 141 166 
59 24 43 15 56 54 16 39 0 47 48 13 43 0 30 75 14 40 0 59 122 119 112 94 140 
217 78 0 103 0 220 74 0 112 0 213 60 0 106 0 199 71 0 109 0 206 57 0 121 0 
55 0 0 0 0 62 0 0 0 0 64 0 0 0 0 206 133 146 147 143 54 0 0 0 0 
0 0 1469 0 0 0 0 1493 0 0 0 0 1365 0 0 0 0 1493 0 0 0 0 1464 0 0 
79 7 14 47 29 102 58 51 104 76 94 66 66 88 78 60 27 26 59 34 51 0 1 31 11 
127 138 132 99 204 0 0 8 0 48 63 82 77 74 131 0 0 19 0 56 0 0 12 0 61 
45 83 0 100 0 140 174 103 207 83 107 121 74 187 77 55 75 0 98 0 38 69 0 101 0 
76 84 94 93 143 83 78 69 66 113 0 21 0 0 43 0 18 0 0 27 52 77 59 45 89 
0 79 0 0 0 33 146 37 34 33 38 156 38 37 30 29 144 27 28 37 39 142 47 39 53 
33 10 41 34 0 102 70 112 112 63 43 20 47 37 0 47 9 43 35 0 41 20 37 39 0 
162 0 0 0 0 153 0 0 0 0 247 88 114 117 124 136 0 0 0 0 147 0 0 0 0 
0 0 0 0 836 0 0 0 0 791 0 0 0 0 841 0 0 0 0 838 0 0 0 0 780 
121 103 0 167 61 137 125 0 168 95 165 163 51 240 112 123 110 7 169 97 132 143 0 206 67 
131 0 0 0 0 257 93 93 83 75 150 0 0 0 0 145 0 0 0 0 149 0 0 0 0 
0 0 0 0 0 72 56 70 66 73 0 0 0 0 0 146 119 142 150 135 0 0 0 0 0 
0 22 0 143 0 33 55 46 186 32 0 19 0 132 0 0 16 0 136 0 0 20 0 160 0 
78 64 120 138 169 39 0 69 53 61 27 0 75 63 65 93 44 100 116 111 15 0 52 67 56 
43 48 55 126 106 26 20 25 74 72 0 0 0 76 55 0 0 0 44 50 5 9 5 68 52 
0 9 59 0 0 82 94 172 82 84 0 11 70 1 0 50 73 156 47 58 0 5 67 0 0 
199 10 187 0 0 198 9 172 0 0 201 7 185 3 0 176 4 183 0 0 208 24 181 10 8 
350 111 344 138 202 333 151 368 163 209 384 177 385 209 277 238 31 237 58 120 215 53 241 32 103 
66 154 69 83 66 0 87 0 27 0 18 128 28 34 27 0 104 0 17 0 0 75 0 22 0 
0 0 33 0 58 35 46 78 44 113 55 74 88 53 121 0 0 33 0 61 0 0 49 0 58 
0 0 18 0 216 0 0 16 0 198 0 0 31 0 186 0 0 27 0 198 0 0 31 0 211 
0 0 0 50 0 0 0 0 59 0 54 58 45 140 45 0 0 0 57 0 85 77 82 158 86 
92 0 0 103 0 114 0 0 121 0 103 0 0 93 0 96 0 0 121 0 103 0 0 119 0 
0 18 93 76 4 116 169 187 205 122 161 202 234 227 163 13 54 116 119 42 72 105 125 146 55 
110 138 131 115 253 0 0 0 0 87 0 0 0 0 79 25 31 27 24 128 0 0 0 0 97 
131 239 156 148 149 0 127 0 0 0 84 198 91 90 77 2 107 1 0 14 107 218 82 80 93 
147 140 78 83 84 78 49 0 0 0 91 50 4 3 8 71 53 0 0 0 77 64 0 0 0 
0 131 0 0 0 48 192 60 82 87 0 148 0 0 0 72 213 103 104 74 0 123 0 0 0 
0 0 0 0 0 0 0 0 0 0 0 0 0 0 0 0 0 0 0 0 435 406 439 425 393 
0 0 37 0 0 73 79 92 75 87 0 0 31 0 0 76 75 82 58 79 18 25 58 22 26 
10 15 16 17 54 0 0 0 0 37 90 82 79 73 105 0 0 1 0 34 70 105 83 80 108 
0 0 0 135 0 0 0 0 123 0 0 0 0 151 0 0 0 0 149 0 83 77 87 217 89 
0 66 0 32 70 0 64 0 39 76 1 55 0 35 91 0 59 0 31 73 18 76 24 55 111 
0 112 0 0 0 0 108 0 0 0 0 107 0 0 0 0 96 0 0 0 97 185 99 106 92 
0 7 0 14 0 76 64 84 76 73 51 31 53 53 64 0 0 0 17 0 104 102 108 138 104 
0 0 117 55 0 43 45 155 106 50 0 0 102 39 0 0 0 89 38 0 0 0 126 35 0 
60 0 0 0 0 127 62 64 76 72 101 20 18 20 15 130 47 46 52 41 59 0 0 0 0 
83 35 33 103 35 39 0 0 79 0 48 0 0 78 0 83 35 30 108 32 54 0 0 70 0 
0 0 63 43 0 0 0 55 43 0 101 99 149 132 97 0 0 62 47 0 0 0 67 41 0 
31 0 0 70 95 88 69 76 110 179 28 1 5 75 91 53 24 28 81 92 32 30 49 83 104 
3 5 67 155 6 0 0 63 118 0 80 55 160 196 59 42 67 99 197 56 0 0 58 125 0 
63 8 41 46 13 37 7 44 45 20 128 82 123 114 83 72 19 52 53 15 62 0 41 42 3 
40 0 54 0 56 38 0 56 0 52 26 0 66 0 70 91 50 104 64 105 30 0 55 0 54 
77 17 144 95 50 80 6 116 89 28 65 0 105 37 13 167 55 195 124 100 85 25 174 77 60 
13 90 156 24 119 156 226 307 141 275 41 123 210 48 177 0 57 146 1 112 89 159 244 94 211 
20 21 25 59 51 40 41 35 76 74 0 0 0 32 28 0 0 0 24 17 77 93 93 125 101 
18 30 0 79 0 29 47 0 103 0 74 72 38 123 53 23 36 0 101 0 39 33 0 77 0 
0 0 59 0 0 168 157 215 155 182 0 0 65 0 0 0 0 84 0 0 0 0 75 0 0 
13 9 2 0 74 16 0 0 0 67 61 69 48 41 134 25 22 16 13 73 96 113 100 91 125 
71 16 12 11 28 113 72 69 79 91 107 90 88 113 98 46 0 5 0 14 40 11 14 8 26 
22 106 73 16 35 0 91 68 7 6 0 72 43 0 20 0 88 55 6 12 46 127 104 43 86 
173 210 105 109 117 83 65 49 17 26 41 51 17 0 0 46 52 15 0 0 37 46 15 0 0 
95 0 0 15 0 83 0 0 0 0 98 0 0 11 0 100 0 0 0 0 122 15 23 45 28 
71 90 18 21 19 59 53 0 0 0 52 73 16 10 13 74 86 44 45 48 91 84 56 31 51 
36 75 41 69 27 0 62 10 39 14 0 51 9 43 16 0 42 14 29 13 38 104 64 96 77 
0 0 60 29 9 0 0 47 36 1 0 0 43 38 6 41 54 123 96 61 53 48 102 92 62 
29 38 26 22 31 0 0 0 0 0 71 59 57 62 55 0 0 0 0 0 120 107 99 114 110 
42 39 37 32 43 0 0 18 0 0 0 0 23 0 0 49 46 95 59 51 134 105 141 133 126 
39 43 109 47 48 4 0 54 0 9 62 53 132 60 54 0 0 52 4 0 0 2 61 26 7 
0 0 180 32 0 0 0 141 23 0 19 20 156 37 18 0 0 166 23 0 0 0 162 23 0 
45 78 0 0 0 75 104 44 33 30 76 123 19 17 10 88 131 45 43 47 38 71 0 0 0 
69 0 88 95 101 155 70 194 189 170 163 79 199 201 205 145 39 120 122 163 82 0 94 130 113 
98 130 76 52 68 12 51 4 0 0 89 147 70 60 66 39 75 34 19 17 25 68 0 0 0 
0 114 106 163 0 0 127 117 162 0 0 108 119 164 0 0 116 115 156 0 0 127 117 165 0 
13 0 0 131 0 8 0 0 95 0 90 63 87 189 82 11 0 0 97 0 19 0 0 103 1 
59 79 52 49 77 9 56 1 0 33 43 82 38 39 65 7 38 0 0 32 3 62 0 0 35 
154 168 45 97 113 167 267 92 92 178 153 198 84 112 132 89 120 3 28 54 256 319 156 174 191 
75 192 137 93 95 7 39 67 13 5 31 78 115 35 31 27 85 61 15 31 0 73 61 0 0 
5 27 14 11 73 13 40 32 7 120 12 24 17 11 59 66 104 76 55 173 30 46 40 34 119 
771 570 609 483 626 542 287 360 243 261 503 349 351 250 333 447 246 186 144 227 644 410 478 410 431 
95 62 3 4 1 189 160 82 89 87 83 87 0 0 0 112 92 28 22 20 69 64 0 0 0 
186 320 140 179 142 269 391 165 288 175 146 291 83 158 78 35 196 0 54 0 115 243 74 113 57 
0 0 0 0 54 0 0 0 0 62 0 0 0 0 74 0 0 0 0 61 148 169 157 174 204 
69 3 35 0 13 120 15 60 20 27 144 50 84 41 64 163 76 134 83 94 132 33 55 19 32 
154 0 0 54 0 156 0 0 55 0 142 0 0 39 0 171 0 0 47 0 151 0 0 42 0 
196 136 162 258 136 43 1 93 143 2 95 43 116 191 79 57 5 98 98 34 52 1 78 91 0 
61 96 72 158 136 0 10 5 89 44 0 15 5 59 56 0 10 10 81 49 34 35 26 86 53 
111 139 90 75 9 182 199 144 145 106 103 103 81 55 6 236 224 223 161 130 133 167 126 48 40 
58 130 51 57 53 0 55 0 0 0 6 80 4 5 4 0 64 0 0 0 76 154 62 76 65 
0 0 0 18 0 0 0 0 24 0 0 0 0 23 0 0 0 0 25 0 190 214 234 247 223 
39 0 0 18 29 107 72 77 88 90 29 0 0 10 28 32 0 0 0 28 32 0 0 0 27 
51 5 60 110 104 23 1 35 97 96 69 27 66 151 126 22 1 36 89 103 133 89 129 222 242 
0 90 68 0 80 0 83 81 0 84 0 97 68 0 68 0 82 86 0 80 0 107 80 0 74 
47 21 55 42 33 74 51 94 59 59 20 15 38 15 12 53 45 108 70 52 8 0 28 2 0 
82 0 0 0 53 64 0 0 0 47 83 0 0 0 60 63 0 0 0 52 180 89 81 91 151 
75 122 25 130 92 51 130 14 122 110 44 95 0 120 69 191 253 154 247 187 96 189 85 176 148 
81 89 106 77 65 11 37 42 15 10 0 16 45 0 0 61 71 94 53 48 21 29 58 22 14 
0 0 0 183 47 0 0 0 194 39 29 36 30 213 66 0 0 0 191 44 0 0 0 174 49 
0 0 0 153 15 145 134 121 328 157 0 0 0 175 12 115 121 113 256 113 0 0 0 130 6 
64 168 171 197 85 46 119 203 203 35 66 152 175 196 65 91 238 243 251 152 110 153 182 279 82 
0 0 0 1262 0 0 4 0 1271 1 0 0 0 1278 0 0 1 1 1339 0 0 0 0 1279 0 
195 0 0 0 0 196 13 18 17 20 178 0 0 0 0 196 0 0 0 0 166 0 0 0 0 
109 0 0 0 0 136 0 0 0 0 139 0 0 0 0 117 0 0 0 0 230 101 102 100 115 
268 36 91 97 60 221 0 38 10 2 430 131 210 144 160 473 220 367 289 290 305 42 113 77 67 
6 44 0 0 0 0 51 1 0 25 0 48 0 0 29 0 0 16 0 0 0 34 0 0 22 
106 96 182 141 125 0 0 60 0 0 0 0 78 0 0 0 0 76 0 0 225 285 305 302 275 
3 11 0 88 221 131 160 134 249 385 3 38 0 94 254 1 13 0 99 277 127 160 119 203 330 
14 21 81 11 223 2 0 61 5 161 113 93 174 113 275 139 134 216 166 325 2 7 69 1 185 
110 262 252 193 83 154 254 267 181 78 139 245 242 160 92 79 180 214 106 15 57 192 220 135 18 
57 24 27 65 71 42 0 0 30 59 54 0 0 26 36 56 0 0 36 40 90 44 46 72 80 
0 0 211 0 38 0 0 227 0 33 0 0 204 0 26 0 0 192 0 22 0 0 183 0 31 
