761 810 556 644 784 1042 1108 910 974 1022 686 646 518 631 772 1026 996 903 1064 1093 586 550 446 452 673 
188 155 199 175 163 0 0 0 0 0 123 101 137 111 120 0 0 0 0 0 0 0 0 0 0 
124 47 46 189 211 81 0 1 142 151 143 64 34 282 326 62 0 0 129 158 83 1 0 160 153 
155 0 133 160 168 208 68 223 269 259 315 149 315 363 359 252 73 205 241 251 165 0 144 227 173 
149 50 99 137 52 117 8 68 104 0 123 26 63 91 25 118 0 38 110 0 268 178 242 285 163 
115 8 27 0 127 116 7 19 0 128 246 105 121 91 204 190 79 112 64 163 266 118 158 115 305 
0 0 0 0 0 0 0 0 0 0 1038 1045 1006 1021 1058 0 0 0 0 0 0 0 0 0 0 
0 0 0 289 0 0 0 3 261 1 127 118 111 401 119 121 128 97 423 148 0 0 0 261 0 
14 8 16 198 5 0 0 0 198 0 36 46 36 193 29 0 0 0 155 0 4 6 3 188 4 
0 0 0 0 0 0 0 0 0 0 0 0 0 0 0 62 67 68 69 90 195 163 168 207 165 
70 83 58 51 152 0 12 0 0 91 0 1 0 0 97 0 4 0 0 100 73 74 71 60 144 
138 138 143 149 159 0 0 0 0 0 0 0 0 0 0 0 0 0 0 0 83 81 64 62 84 
0 0 0 0 0 0 0 0 0 0 0 0 0 0 0 427 433 421 405 419 193 180 183 186 208 
0 197 0 0 84 0 164 0 0 95 127 328 141 128 209 0 184 0 0 93 0 207 0 0 76 
812 0 0 0 0 810 0 0 0 0 801 0 0 0 0 837 0 0 0 0 847 0 0 0 0 
39 4 186 141 140 31 6 163 119 154 126 110 256 218 182 192 178 350 306 266 132 73 236 207 272 
76 127 85 161 67 58 81 58 114 72 0 41 0 46 0 43 95 55 92 43 0 44 0 45 0 
36 9 12 6 21 115 93 119 109 118 31 0 0 0 15 27 0 0 0 18 123 108 102 110 144 
0 0 150 0 0 0 0 138 0 0 0 0 149 0 0 146 124 249 123 128 0 0 151 0 0 
0 87 53 56 0 0 97 52 52 0 44 125 105 128 39 0 84 62 56 0 0 87 63 56 0 
4 1 0 1 149 151 99 117 159 259 145 125 115 121 217 6 1 0 0 111 93 86 95 104 202 
0 0 0 0 0 0 0 0 0 0 0 0 0 0 0 1049 1105 1115 1084 1035 0 0 0 0 0 
0 22 58 152 0 0 22 55 128 0 0 20 49 161 0 0 18 64 157 0 0 16 56 163 0 
78 49 0 0 0 100 77 17 13 16 153 94 38 33 27 100 67 0 0 0 107 94 28 22 33 
85 133 78 165 170 11 56 17 61 83 15 56 24 72 94 0 44 0 59 84 0 47 0 66 74 
127 134 133 73 0 150 158 230 78 5 351 353 406 338 241 142 147 171 81 0 331 261 359 270 159 
76 16 21 106 11 79 0 0 116 0 232 161 148 241 130 78 0 0 103 0 111 47 43 183 36 
130 106 58 59 38 176 117 66 66 39 73 70 14 0 0 113 91 21 11 13 98 62 14 0 0 
0 0 153 63 0 0 0 164 58 0 0 0 196 55 0 0 0 173 46 0 0 0 149 42 0 
149 198 202 143 135 0 61 82 0 0 0 61 73 0 0 45 75 105 41 39 0 48 109 0 0 
86 61 88 88 69 123 150 127 137 121 37 49 51 45 40 0 0 0 0 0 0 0 0 0 0 
0 0 0 180 0 0 0 0 180 0 244 246 237 443 255 2 0 0 186 0 0 0 0 167 0 
0 0 0 0 0 148 132 172 134 144 0 0 0 0 0 0 0 0 0 0 75 56 66 67 79 
134 0 23 82 46 153 48 63 138 108 242 111 100 176 168 93 0 1 81 44 208 75 91 167 123 
0 105 0 0 0 0 104 0 0 0 0 83 0 0 0 144 187 106 149 107 71 158 47 69 71 
0 0 116 0 0 109 103 216 127 125 0 0 108 0 0 9 11 112 7 9 17 14 89 10 16 
257 240 204 272 123 116 105 71 114 0 81 104 75 99 0 271 270 172 287 120 155 125 95 159 14 
0 0 0 0 0 36 38 34 24 29 0 0 0 0 0 77 78 77 78 104 113 105 100 118 140 
0 231 0 212 0 0 190 0 200 0 8 211 7 202 7 0 192 0 200 0 0 204 0 210 0 
0 45 0 133 0 0 51 0 143 0 0 47 0 141 0 64 156 83 220 89 0 64 0 137 0 
0 0 0 0 85 85 75 77 65 144 93 75 85 88 140 0 0 0 0 82 0 0 0 0 82 
109 266 355 75 255 36 191 259 6 158 100 261 351 73 259 98 290 331 103 260 218 347 418 167 309 
0 48 36 0 89 22 65 55 14 101 30 88 99 37 86 0 63 30 0 70 0 69 31 0 76 
111 93 116 123 127 13 0 0 37 0 15 0 0 41 0 14 0 0 44 0 90 67 65 108 82 
86 0 84 0 0 85 0 93 0 0 160 69 136 69 63 130 21 105 20 19 85 0 101 0 0 
0 18 83 0 97 0 14 72 0 114 0 16 75 0 109 0 17 92 0 138 0 14 73 0 110 
34 77 177 98 31 75 102 192 132 72 0 49 135 45 0 57 87 179 135 52 0 36 129 79 0 
0 64 0 0 0 0 73 0 0 0 122 241 115 154 129 0 92 0 0 0 14 81 20 22 26 
0 0 0 71 0 61 64 51 122 81 0 0 0 69 0 0 0 0 80 0 71 63 57 146 61 
53 0 102 62 0 61 0 133 68 0 64 0 110 53 0 50 0 117 64 0 50 0 116 55 0 
84 50 0 32 0 116 84 18 55 24 104 99 0 25 0 122 64 0 46 0 95 67 0 35 0 
0 0 0 0 27 199 191 198 209 233 0 0 0 0 40 0 0 0 0 36 0 0 0 0 37 
105 54 68 128 90 74 44 60 112 85 29 0 0 58 12 33 0 0 53 14 45 15 13 66 29 
33 97 8 5 16 21 70 0 0 0 22 105 0 0 0 161 226 165 142 144 28 109 0 0 0 
0 0 0 21 0 186 170 197 198 164 0 0 0 23 0 0 0 0 22 0 0 0 0 19 0 
71 79 133 137 89 0 0 51 63 0 0 0 73 59 0 0 0 67 52 0 0 0 59 62 0 
64 57 59 48 68 41 0 0 0 11 76 60 47 48 72 28 0 0 0 22 92 49 45 49 60 
0 0 26 0 76 9 7 40 13 95 0 0 36 0 77 13 8 45 9 98 88 81 121 70 164 
595 602 616 655 610 0 0 0 0 0 0 0 0 0 0 0 0 0 0 0 0 0 0 0 0 
63 135 152 82 81 32 88 113 29 27 0 34 79 0 0 0 46 79 0 0 0 47 75 0 0 
0 0 117 0 0 0 0 102 0 0 85 122 223 119 112 0 0 100 0 0 0 0 111 0 0 
94 112 36 51 124 35 41 0 0 76 38 52 0 0 61 42 43 0 0 70 50 41 0 0 74 
0 49 0 23 36 59 115 57 80 94 0 59 0 27 38 0 55 0 39 40 26 65 22 53 63 
9 6 99 5 12 0 0 87 0 0 0 0 83 0 0 36 39 120 27 29 74 78 150 59 85 
0 0 0 55 77 97 90 69 129 178 0 0 0 54 79 0 0 0 41 88 0 0 0 52 80 
111 195 91 87 98 28 136 0 0 0 32 141 5 7 10 21 86 0 0 0 25 106 2 2 0 
71 31 99 45 104 19 0 40 4 66 18 0 42 0 79 19 0 51 8 60 12 0 38 11 69 
44 0 34 5 5 44 0 36 0 0 63 47 79 36 53 102 57 78 37 39 156 101 144 143 123 
43 20 96 29 23 24 0 76 0 0 18 0 67 0 0 19 0 56 0 0 27 0 63 0 4 
0 1 35 13 3 0 3 0 0 1 2 15 12 0 1 0 0 0 0 0 6 0 0 0 0 
0 62 63 0 0 0 59 38 0 0 21 103 73 21 21 31 109 59 39 42 0 61 50 0 0 
25 0 84 0 41 62 40 118 38 73 20 0 77 0 20 30 1 93 0 32 29 0 93 0 19 
0 2110 0 0 0 0 2168 0 0 0 0 2039 0 0 0 0 2130 0 0 0 0 2037 0 0 0 
30 122 129 18 10 73 181 204 83 69 0 119 122 2 0 29 187 132 72 30 2 103 83 0 0 
78 122 96 0 0 66 131 131 0 0 77 130 124 0 0 74 133 117 0 0 55 124 125 0 0 
0 90 0 130 0 86 181 79 195 87 61 159 41 173 49 0 75 0 122 0 0 121 0 100 0 
0 0 0 0 0 1279 1237 1242 1205 1267 0 0 0 0 0 0 0 0 0 0 0 0 0 0 0 
0 0 87 135 0 0 0 80 116 0 0 0 93 136 1 0 0 90 145 0 0 0 79 137 0 
144 47 52 87 42 137 53 52 102 61 83 0 0 36 1 76 0 0 40 0 89 0 0 41 0 
0 112 0 0 74 0 132 0 0 67 0 140 0 0 80 0 121 0 0 64 0 132 0 0 90 
141 215 157 225 90 99 146 45 136 6 252 369 237 351 126 121 218 90 177 51 186 287 227 259 119 
97 86 287 283 91 0 0 203 209 0 109 104 282 304 98 0 0 163 198 7 0 9 195 203 6 
152 140 124 156 285 8 28 3 31 198 13 17 9 14 183 228 233 203 219 400 233 295 272 273 402 
0 70 0 0 0 0 54 0 0 0 0 69 0 0 0 7 79 4 7 4 174 215 182 149 170 
46 23 36 11 41 40 14 27 0 38 40 12 34 0 29 68 13 29 0 41 107 100 87 75 115 
202 68 0 100 0 204 68 0 102 0 204 53 0 102 0 193 55 0 112 0 198 59 0 114 0 
54 0 0 0 0 60 0 0 0 0 61 0 0 0 0 202 133 145 146 141 51 0 0 0 0 
0 0 1434 0 0 0 0 1455 0 0 0 0 1338 0 0 0 0 1457 0 0 0 0 1428 0 0 
75 2 8 45 24 106 71 43 107 72 106 71 57 76 83 57 21 22 73 36 55 0 0 27 11 
141 142 144 106 214 0 0 7 0 49 73 89 83 79 136 0 0 24 0 56 0 0 15 0 62 
46 86 0 98 0 140 185 95 203 90 106 122 72 177 78 53 79 0 96 0 37 68 0 102 0 
77 90 77 80 132 81 84 77 63 105 0 24 0 0 42 0 22 0 0 35 49 75 60 49 85 
0 82 0 0 0 36 147 37 35 32 40 161 43 46 36 28 131 27 29 34 46 139 49 37 52 
32 11 41 34 0 103 71 109 112 63 42 21 45 35 0 46 9 42 35 0 40 20 37 38 0 
159 0 0 0 0 154 0 0 0 0 242 82 107 120 121 133 0 0 0 1 151 0 0 0 0 
0 0 0 0 820 0 0 0 0 775 0 0 0 0 826 0 0 0 0 819 0 0 0 0 762 
130 118 0 177 57 149 126 2 170 89 184 166 45 234 123 126 110 1 176 89 141 155 0 199 72 
127 0 0 0 0 259 96 88 84 71 156 0 0 0 0 154 0 0 0 0 152 0 0 0 0 
0 0 0 0 0 72 55 70 64 70 0 0 0 0 0 140 116 137 141 135 0 0 0 0 0 
0 24 0 153 0 36 58 46 195 33 0 21 0 142 0 0 17 0 145 0 0 21 0 174 0 
117 88 119 142 177 72 0 90 59 70 41 1 92 77 80 146 97 148 142 157 27 5 51 66 58 
43 48 55 128 106 28 22 31 81 74 0 0 0 77 55 0 0 0 48 50 7 10 9 75 53 
0 8 59 0 0 77 91 165 80 83 1 9 65 2 0 53 74 158 50 56 0 5 56 0 0 
199 14 190 0 0 198 10 170 0 0 201 6 184 4 0 176 5 186 0 0 208 23 182 10 10 
268 61 277 101 175 291 112 328 147 182 295 127 321 164 204 173 10 148 18 83 211 23 211 21 95 
67 166 74 87 69 0 87 0 26 0 19 132 30 36 28 0 112 0 17 0 0 77 0 23 0 
0 0 33 0 58 31 46 76 42 114 56 74 94 54 122 0 0 33 0 63 0 0 50 0 58 
0 0 21 0 220 0 0 18 0 208 0 0 32 0 191 0 0 33 0 204 0 0 24 0 218 
0 0 0 50 0 0 0 0 59 0 54 59 45 140 45 0 0 0 59 0 85 78 82 158 86 
87 0 0 94 0 109 0 0 111 0 99 0 0 89 0 92 0 0 113 0 97 0 0 109 0 
8 49 97 80 8 110 191 202 198 128 163 233 249 227 154 13 79 116 112 32 73 123 142 119 41 
110 139 137 119 246 0 0 0 0 80 0 0 0 0 76 26 24 31 22 120 0 0 0 0 87 
128 249 157 147 152 0 146 0 0 0 88 212 94 94 93 1 106 0 0 0 89 217 73 88 95 
143 129 80 84 81 80 45 0 0 0 92 49 4 5 8 66 48 0 0 0 74 57 0 0 0 
0 135 0 0 0 48 192 71 75 81 0 154 0 0 0 79 223 101 114 84 0 135 0 0 0 
0 0 0 0 0 0 0 0 0 0 0 0 0 0 0 0 0 0 0 0 420 389 424 403 379 
0 0 37 0 0 72 79 92 75 87 0 0 31 0 0 77 75 85 59 79 19 25 59 22 26 
8 15 16 20 53 0 0 0 0 37 83 81 76 76 100 0 0 0 0 34 72 103 83 78 111 
0 0 0 139 0 0 0 0 133 0 0 0 0 149 0 0 0 0 157 0 84 85 95 216 97 
0 68 0 34 71 0 64 0 38 77 1 56 0 36 91 0 60 0 32 73 17 78 25 56 113 
0 112 0 0 0 0 108 0 0 0 0 106 0 0 0 0 96 0 0 0 97 185 99 105 92 
0 0 0 24 0 82 52 83 84 79 61 22 58 67 57 0 0 0 23 0 108 107 112 154 106 
0 0 117 55 0 43 44 155 106 50 0 0 102 39 0 0 0 89 38 0 0 0 126 35 0 
59 0 0 0 0 126 62 61 76 69 99 20 18 20 15 131 47 46 52 41 57 0 0 0 0 
83 35 33 111 37 39 0 0 91 0 48 0 0 85 0 83 35 30 120 32 55 0 0 83 0 
0 0 46 36 0 0 0 39 37 0 89 88 124 123 89 0 0 49 44 0 0 0 56 41 0 
38 0 0 88 135 115 87 98 161 213 21 4 2 84 122 46 22 47 97 118 32 45 61 104 132 
4 6 60 118 6 0 0 50 89 0 71 36 131 141 59 39 44 82 140 41 0 0 56 96 0 
58 4 47 50 13 47 2 38 46 28 124 75 121 134 101 77 13 45 58 22 56 0 46 47 3 
43 0 61 0 59 39 0 61 0 55 31 0 74 0 79 94 54 106 68 107 32 0 59 0 62 
88 21 194 101 25 76 0 192 89 28 62 0 141 33 0 177 58 255 128 89 119 14 207 68 59 
18 91 170 33 123 131 219 309 130 265 26 120 209 50 179 0 40 172 2 124 107 162 239 116 222 
23 21 26 62 52 52 49 40 86 78 0 0 0 35 31 0 0 0 26 18 82 98 98 138 113 
18 31 1 82 1 29 46 0 102 0 77 72 39 128 53 25 37 0 103 0 40 33 0 80 0 
0 0 58 0 0 169 161 229 158 183 0 0 68 0 0 0 0 78 0 0 0 0 75 0 0 
11 7 0 0 76 16 2 0 0 72 55 75 63 47 150 23 20 10 10 83 112 141 124 115 170 
62 11 10 7 20 98 66 69 67 67 108 80 82 94 91 42 0 3 0 12 35 10 14 7 20 
18 91 62 15 28 0 85 59 5 6 0 68 36 0 17 0 73 43 6 12 43 116 95 38 79 
167 207 120 115 124 75 71 51 20 18 43 50 20 0 0 48 56 18 0 0 36 53 18 0 0 
72 97 19 15 16 57 59 0 0 0 50 71 14 0 9 68 75 35 32 44 84 102 57 27 46 
35 73 41 66 27 0 56 7 41 14 0 47 10 44 18 0 41 11 30 11 35 101 59 94 76 
0 0 56 27 11 0 0 45 35 3 0 0 44 38 6 43 53 122 94 61 54 50 100 92 63 
29 38 26 21 31 0 0 0 0 0 70 57 56 61 55 0 0 0 0 0 120 107 99 114 110 
45 37 35 33 39 0 0 17 0 0 0 0 22 0 0 53 49 89 58 56 129 108 141 146 126 
40 42 105 51 55 3 4 58 10 13 62 52 131 58 50 0 0 50 2 0 0 5 60 25 12 
0 0 178 32 0 0 0 140 23 0 19 20 156 36 16 0 0 164 23 0 0 0 161 23 0 
43 72 0 0 0 64 90 37 29 29 67 109 17 14 9 79 120 36 36 39 38 66 0 0 0 
95 115 66 60 66 12 45 3 0 0 82 129 64 52 51 36 79 27 19 17 24 56 0 0 0 
0 118 107 164 0 0 126 120 166 0 0 109 125 166 0 0 121 114 157 0 0 131 120 169 3 
13 0 0 131 0 9 0 0 95 0 91 65 87 187 84 11 0 0 99 0 16 0 1 105 0 
62 84 52 53 80 15 66 13 9 38 51 86 45 39 71 7 41 0 0 36 15 70 11 9 39 
159 217 46 101 155 195 289 99 118 214 169 215 88 116 162 108 122 13 41 102 266 351 140 173 240 
78 205 193 106 106 7 41 71 18 5 40 88 120 38 34 29 96 65 15 36 0 82 70 1 0 
10 31 8 11 72 16 36 26 13 118 8 23 13 8 59 63 94 79 52 167 35 41 39 31 104 
758 551 552 427 534 527 300 323 202 244 515 344 380 243 285 389 186 170 68 151 554 381 419 309 362 
89 66 2 3 2 165 143 68 77 79 70 78 0 0 0 92 95 22 14 19 63 53 0 0 0 
173 309 111 138 106 257 375 141 256 182 143 283 92 148 86 36 196 0 46 0 90 212 47 94 8 
0 0 0 0 59 0 0 0 0 60 0 0 0 0 76 0 0 0 0 60 143 172 158 170 211 
57 0 32 0 10 119 11 59 31 26 125 53 87 52 52 132 71 123 63 90 107 34 46 16 30 
150 0 0 54 0 156 0 0 55 0 141 0 0 39 0 168 0 0 46 0 149 0 0 41 0 
177 136 183 261 121 44 3 93 130 0 104 45 154 197 67 53 10 115 92 20 44 0 82 90 0 
64 99 83 161 145 0 10 4 81 46 0 20 7 60 52 0 14 8 77 47 33 41 24 94 53 
137 112 68 76 13 193 189 140 134 95 90 69 54 51 5 232 172 190 127 118 183 170 154 89 73 
55 124 43 53 45 0 50 0 0 0 3 77 0 0 0 0 60 0 0 0 72 148 58 71 60 
0 0 0 16 0 0 0 0 19 0 0 0 0 18 0 0 0 0 18 0 164 173 198 200 194 
40 3 0 27 37 110 88 76 95 97 39 1 0 21 32 39 0 0 16 35 43 0 0 17 29 
55 6 43 100 80 17 0 30 89 72 61 21 44 123 99 24 0 33 83 79 115 77 108 182 188 
0 81 66 0 84 0 85 85 0 86 0 103 61 0 65 0 89 79 0 86 0 103 82 0 98 
48 21 59 45 36 74 53 93 64 59 26 16 38 21 14 56 43 107 74 48 8 0 33 0 0 
87 0 0 0 65 68 0 0 0 51 91 0 0 0 61 68 0 0 0 52 186 99 90 97 156 
68 110 16 121 91 79 162 36 147 131 43 98 0 121 63 201 241 149 250 182 137 223 122 215 186 
83 99 106 86 81 12 36 39 14 9 0 15 48 0 0 66 78 91 56 53 23 33 60 19 14 
0 0 0 157 45 0 0 0 176 33 29 32 18 188 56 0 0 0 169 36 0 0 0 155 41 
0 0 0 149 12 153 136 137 326 167 0 0 0 168 14 120 132 119 268 113 0 0 0 141 7 
54 135 179 174 46 25 112 181 200 38 67 158 192 192 56 55 223 223 224 101 89 161 215 251 94 
0 0 0 1274 0 0 2 0 1254 0 0 0 0 1260 0 0 2 3 1334 2 0 0 0 1260 0 
195 0 0 0 0 197 13 18 17 20 178 0 0 0 0 196 0 0 0 0 166 0 0 0 0 
92 0 0 0 0 117 0 0 0 0 122 0 0 0 0 102 0 0 0 0 206 88 85 89 99 
216 19 83 53 35 165 0 15 5 0 336 104 121 108 123 349 169 255 175 191 258 65 93 68 58 
10 38 0 0 0 0 52 1 0 21 0 34 0 0 18 1 0 0 0 0 0 25 0 0 0 
87 108 153 138 117 0 0 47 0 0 0 0 71 0 0 0 0 67 0 0 228 266 292 264 272 
0 18 0 80 204 121 129 110 204 337 0 25 0 85 252 0 14 0 91 239 120 138 112 176 295 
9 9 78 8 219 1 0 64 9 166 105 93 168 103 250 136 137 228 161 333 0 2 72 0 183 
136 275 273 189 88 152 252 305 170 92 136 247 256 150 105 81 190 240 96 14 84 219 230 130 34 
0 0 197 0 39 0 0 208 0 31 0 0 199 0 28 0 0 179 0 24 0 0 182 0 30 
95 0 0 4 0 82 0 0 8 0 98 0 0 22 0 100 0 0 0 0 122 15 22 59 28 
13 0 53 20 22 0 0 0 15 8 0 0 0 0 0 5 0 0 0 0 0 0 17 0 0 
0 0 45 47 0 67 50 88 86 55 0 0 32 31 0 54 43 87 73 42 36 22 68 62 21 
0 0 0 36 0 75 66 49 103 56 0 0 0 24 0 46 49 63 92 51 43 51 44 98 40 
54 21 25 53 60 39 0 0 21 50 54 0 0 5 23 55 0 0 29 30 81 43 47 67 78 
