1110 1074 966 1008 1025 1347 1346 1343 1246 1276 905 899 896 829 1017 1257 1096 1199 1139 1185 804 643 641 600 786 
166 138 176 151 151 0 0 0 0 0 128 78 120 96 98 0 0 0 0 0 0 0 0 0 0 
127 42 45 153 171 77 0 0 120 99 185 58 62 212 238 76 0 0 87 139 69 1 0 109 105 
176 46 39 73 71 61 0 0 7 7 157 71 53 57 71 128 49 64 91 105 189 112 94 114 99 
0 0 2 157 15 157 135 135 352 184 4 2 0 177 18 140 128 146 284 124 0 0 0 146 8 
176 67 127 151 55 140 10 86 115 0 131 32 109 112 22 137 0 75 112 0 304 198 297 332 182 
106 4 27 0 92 79 0 16 0 115 177 92 103 90 173 142 65 84 69 139 215 97 119 97 225 
0 0 0 0 0 0 0 0 0 0 1034 1047 999 1021 1058 0 0 0 0 0 0 0 0 0 0 
0 0 0 252 0 0 0 4 253 0 113 108 94 384 122 109 109 86 372 126 0 0 0 247 0 
21 8 19 195 6 0 0 0 200 0 42 46 41 181 31 0 0 0 169 0 4 6 6 192 3 
220 188 247 316 138 39 8 118 148 0 78 37 154 238 75 36 6 120 125 28 28 0 88 110 0 
0 0 0 0 0 0 0 0 0 0 0 0 0 0 0 54 62 65 61 77 165 149 157 177 160 
60 76 55 49 137 0 9 0 0 87 0 3 0 0 86 0 4 0 0 92 67 66 68 60 138 
167 168 159 190 192 0 0 0 0 0 0 0 0 0 0 0 0 0 0 1 101 92 83 74 91 
0 0 0 0 0 0 0 0 0 0 0 0 0 0 0 431 434 417 410 417 195 181 183 195 207 
0 193 0 0 82 0 168 0 0 94 109 308 131 120 197 0 179 0 0 93 0 208 0 0 73 
794 0 0 0 0 788 0 0 0 0 782 0 0 0 0 812 0 0 0 0 823 0 0 0 0 
26 7 194 138 174 61 10 187 149 179 124 92 272 261 235 175 191 387 339 318 130 92 279 214 265 
93 144 93 169 81 74 92 75 122 85 0 53 0 59 0 57 110 55 105 63 0 41 0 43 0 
34 12 21 11 24 133 105 126 96 136 25 0 0 0 15 21 0 0 0 21 108 126 102 120 140 
0 0 161 0 0 0 0 141 0 0 0 0 161 0 0 181 171 317 155 168 0 0 162 0 0 
0 71 45 51 0 0 81 47 48 0 37 102 98 106 34 0 78 53 54 0 0 73 62 50 0 
0 0 0 5 150 160 142 142 152 278 150 145 133 126 240 1 1 0 0 140 96 97 118 95 229 
0 0 0 0 0 0 0 0 0 0 0 0 0 0 0 976 1036 1045 1011 941 0 0 0 0 0 
0 19 55 152 0 0 19 73 128 0 0 24 56 160 0 0 18 67 162 0 0 19 59 172 0 
75 56 0 0 0 99 79 15 18 15 148 95 46 37 32 99 68 0 0 0 102 98 25 24 33 
151 211 149 314 313 0 51 14 156 113 5 56 21 130 132 0 41 1 128 106 23 68 8 152 113 
92 93 101 81 0 84 104 152 81 1 243 262 253 271 166 97 118 106 77 0 243 195 281 219 120 
81 17 17 93 18 74 0 0 110 0 208 146 129 217 127 72 0 0 102 0 115 48 42 166 37 
131 112 49 61 35 159 114 54 64 34 65 60 18 0 0 103 88 18 16 14 100 61 10 0 0 
0 0 140 59 0 0 0 152 54 0 0 0 184 54 0 0 0 172 47 0 0 0 137 41 0 
152 191 204 147 122 3 68 77 0 0 0 47 85 0 0 67 100 147 68 42 0 49 105 1 0 
67 54 74 67 61 104 119 108 116 104 26 40 46 36 38 0 0 0 0 0 0 0 0 0 0 
0 0 0 167 0 0 0 0 182 0 234 238 222 424 246 0 0 0 176 0 0 0 0 159 0 
0 0 0 0 0 138 128 163 125 135 0 0 0 0 0 0 0 0 0 0 70 52 62 62 75 
94 2 0 61 37 128 32 53 99 88 200 71 80 132 144 76 0 0 63 31 179 54 78 144 118 
0 76 0 0 0 0 75 0 0 0 0 57 0 0 0 103 144 74 113 78 48 119 42 46 50 
0 0 95 0 0 85 85 176 105 105 0 0 92 0 0 7 9 97 4 8 13 12 82 9 14 
246 237 177 236 112 113 112 67 114 0 86 104 50 89 0 248 266 161 251 112 133 141 69 122 0 
0 0 0 0 0 31 35 30 19 22 0 0 0 0 0 59 67 68 65 90 100 94 96 97 127 
0 239 0 222 0 0 196 0 208 0 10 213 7 211 9 0 200 0 204 0 0 203 0 229 0 
0 34 0 103 0 0 44 0 109 0 0 41 0 107 0 52 106 55 168 54 0 48 0 95 0 
0 0 0 0 85 82 71 82 58 144 86 74 80 88 135 0 0 0 0 79 0 0 0 0 75 
69 275 311 40 229 30 194 179 0 140 88 279 315 33 249 131 298 286 91 250 225 363 361 145 287 
0 45 33 0 79 19 59 44 13 87 28 81 87 38 79 0 59 26 0 64 0 61 27 0 68 
82 60 80 75 83 13 0 0 32 0 12 0 0 35 0 16 0 0 38 0 64 48 40 92 65 
28 0 0 52 65 71 43 38 84 119 16 0 0 56 61 35 10 14 51 56 28 26 30 67 73 
73 0 67 0 0 65 0 82 0 0 120 60 111 51 55 103 16 85 13 13 68 0 75 0 0 
0 18 81 0 96 0 12 69 0 107 0 16 74 0 106 0 13 91 0 133 0 13 69 0 101 
18 61 158 92 22 71 89 172 127 57 0 47 131 35 0 64 83 173 122 43 1 35 131 70 0 
0 58 0 0 0 0 65 0 0 0 104 206 97 124 111 0 82 0 0 0 14 75 17 22 24 
0 0 0 71 0 61 64 51 128 81 0 0 0 70 0 0 0 0 81 0 72 63 57 149 61 
49 0 92 48 0 57 0 109 51 0 59 0 93 48 0 46 0 101 54 0 44 0 98 46 0 
75 45 0 29 0 101 72 16 48 24 93 86 0 25 0 110 54 0 41 0 85 57 0 33 0 
0 0 0 0 23 180 165 177 184 195 0 0 0 0 30 0 0 0 0 30 0 0 0 0 34 
89 47 57 109 77 58 37 49 95 68 24 0 0 52 10 28 0 0 48 11 37 12 8 56 26 
29 57 8 6 10 18 50 0 0 0 23 74 0 0 0 127 167 124 118 113 28 74 0 0 0 
0 0 0 21 0 186 170 197 198 164 0 0 0 23 0 0 0 0 21 0 0 0 0 19 0 
70 79 133 138 89 0 0 52 63 0 0 0 74 60 0 0 0 67 52 0 0 0 59 62 0 
61 56 59 47 69 40 0 0 0 10 77 62 52 48 74 29 0 0 0 24 95 47 45 47 60 
0 0 23 0 69 10 6 36 11 92 0 0 35 0 70 10 6 45 8 96 82 76 116 64 153 
587 588 605 641 590 0 0 0 0 0 0 0 0 0 0 0 0 0 0 0 0 0 0 0 0 
55 105 137 63 70 28 79 95 26 26 0 32 70 0 0 0 37 69 0 0 0 39 64 0 0 
0 0 110 0 0 0 0 91 0 0 76 114 206 112 101 0 0 85 0 0 0 0 104 0 0 
87 99 32 48 115 33 38 0 0 76 35 52 0 0 60 39 41 0 0 65 47 40 0 0 70 
0 49 0 6 12 43 103 48 55 65 0 55 0 20 20 0 55 0 26 18 12 47 15 43 34 
8 7 99 4 10 0 0 86 0 0 0 0 83 0 0 34 39 118 26 29 75 78 150 58 85 
0 0 0 51 75 87 80 62 116 161 0 0 0 49 73 0 0 0 36 84 0 0 0 47 73 
93 165 78 73 84 22 106 0 0 0 30 114 7 8 8 21 75 0 0 0 25 80 2 1 0 
78 38 101 54 107 20 0 41 13 65 23 0 46 10 80 21 0 57 8 62 15 0 42 14 66 
32 8 30 0 6 23 0 34 0 0 23 34 57 17 29 51 27 52 0 18 93 61 92 88 77 
64 34 118 48 54 32 0 80 0 4 24 0 75 0 7 26 0 68 0 7 83 45 116 48 47 
59 16 16 0 0 72 15 8 0 0 103 35 47 39 51 88 35 31 19 15 111 67 69 57 45 
0 47 0 5 1 41 66 38 59 46 36 74 34 38 32 28 73 43 62 31 0 38 0 17 9 
88 78 99 50 60 33 30 33 0 9 56 69 61 26 45 44 27 39 0 12 36 32 39 0 10 
0 62 70 0 0 16 81 71 20 19 21 104 81 21 21 32 109 67 40 41 0 62 59 0 0 
57 99 54 46 49 35 108 34 40 31 19 81 21 20 29 24 62 25 24 28 0 64 0 0 0 
28 0 90 0 44 63 43 123 39 76 25 0 84 0 26 36 9 99 2 34 30 0 97 0 23 
0 2059 0 0 0 0 2111 0 0 0 0 1985 0 0 0 0 2076 0 0 0 0 1998 0 0 0 
19 138 95 0 0 72 215 191 73 76 0 131 121 2 0 44 201 144 87 63 4 138 98 0 0 
51 90 71 0 0 37 103 99 0 0 59 103 90 0 0 58 108 84 0 0 52 100 96 0 0 
0 112 0 132 0 97 179 95 239 96 113 181 82 268 83 0 98 0 126 0 3 103 0 112 0 
122 140 14 227 86 94 186 1 238 161 89 121 11 226 115 349 388 249 499 344 220 319 179 332 277 
0 0 0 0 0 1248 1208 1209 1172 1236 0 0 0 0 0 0 0 0 0 0 0 0 0 0 0 
0 0 80 126 0 0 0 75 106 0 0 0 81 128 0 0 0 81 126 0 0 0 72 128 0 
126 42 47 77 38 130 46 46 94 55 77 0 0 34 0 72 0 0 32 0 78 0 0 40 0 
0 125 0 0 90 0 155 0 0 74 0 164 0 0 96 0 143 0 0 75 0 147 0 0 106 
194 274 144 247 115 129 276 98 145 42 284 425 265 371 182 200 345 225 262 162 197 401 262 271 189 
10 7 127 126 56 1 0 107 74 33 63 78 145 154 69 0 0 69 75 32 53 78 163 141 94 
153 116 132 149 274 2 19 4 9 181 11 13 6 6 169 199 209 169 163 371 226 247 251 214 400 
147 0 54 2 50 203 17 83 31 54 244 66 144 74 86 297 165 219 126 181 199 34 62 29 42 
0 65 0 0 0 0 50 0 0 0 0 66 0 0 0 8 68 4 7 3 164 208 164 137 167 
49 24 36 10 44 40 14 27 0 37 40 13 32 0 29 65 13 27 0 43 108 99 85 74 118 
56 148 176 231 38 6 67 166 212 19 129 157 224 320 91 3 152 148 200 30 41 110 159 250 20 
203 72 0 100 0 207 70 0 104 0 204 59 0 105 0 197 65 1 114 1 209 69 7 119 0 
54 11 1 35 42 127 103 91 108 109 57 15 0 35 45 44 11 1 26 48 56 10 1 33 38 
55 0 0 0 0 62 0 0 0 0 64 0 0 0 0 202 133 145 146 141 52 0 0 0 0 
92 218 234 117 49 107 196 225 115 37 102 209 215 92 78 57 152 181 71 7 67 247 228 108 42 
82 3 3 53 14 107 74 55 104 71 101 86 80 74 96 90 39 22 81 17 62 0 0 25 8 
91 100 93 69 156 0 0 4 0 38 50 64 54 51 90 0 0 9 0 42 0 0 0 0 52 
25 54 0 72 0 117 122 75 121 58 68 68 31 90 39 41 45 0 64 0 27 48 0 59 0 
98 106 93 117 166 104 86 90 79 124 0 27 0 0 54 0 27 0 0 35 65 87 72 59 109 
0 74 0 0 0 35 127 38 36 29 34 126 33 33 31 20 114 25 26 33 38 122 41 34 44 
33 11 41 34 0 103 70 112 111 63 43 21 47 37 0 47 9 43 35 0 41 20 37 39 0 
1 11 0 108 240 156 167 130 267 398 5 54 0 111 289 0 16 0 113 285 137 178 123 202 349 
14 13 98 7 227 2 0 74 4 169 110 101 174 103 265 141 143 222 160 316 3 4 76 0 175 
150 0 0 54 0 159 0 0 56 0 142 0 0 41 0 170 0 0 46 0 152 0 0 41 0 
0 0 0 0 829 0 0 0 0 783 0 0 0 0 838 0 0 0 0 825 0 0 0 0 768 
130 91 1 165 50 151 129 8 198 86 165 164 50 224 104 111 93 4 148 69 137 132 2 203 61 
111 0 0 0 0 215 82 72 73 63 132 0 0 0 0 127 0 0 0 0 122 0 0 0 0 
65 30 64 48 41 82 65 108 72 69 27 19 47 21 14 67 56 119 84 61 11 0 32 0 0 
0 22 0 142 0 33 54 46 183 29 0 19 0 131 0 0 16 0 136 0 0 20 0 160 0 
0 0 44 48 0 63 45 88 82 53 0 0 34 31 0 49 43 85 71 41 36 27 71 62 24 
136 99 156 149 180 59 0 80 58 80 35 0 79 89 72 121 60 122 152 153 29 0 70 76 52 
43 48 55 128 105 27 22 31 81 74 0 0 0 77 55 0 0 0 48 50 6 9 9 75 53 
147 137 88 104 14 226 194 161 157 112 113 102 55 56 4 233 201 157 138 81 188 176 140 97 75 
132 0 0 0 0 112 0 0 0 0 187 72 90 92 91 104 0 0 0 0 117 0 0 0 0 
0 8 57 0 0 72 81 151 73 80 0 9 61 0 0 47 66 142 43 52 0 5 53 0 0 
209 4 193 0 0 210 0 177 0 0 207 3 193 4 1 180 1 191 0 0 210 19 187 9 9 
0 0 0 0 0 72 52 69 62 68 0 0 0 0 0 138 116 135 140 134 0 0 0 0 0 
286 112 337 140 221 334 190 432 191 262 320 187 393 208 283 162 18 203 65 130 209 70 294 47 140 
68 161 76 87 68 0 95 0 27 0 17 139 29 35 28 0 110 0 20 0 0 79 0 21 0 
0 0 0 16 0 0 0 0 19 0 0 0 0 18 0 0 0 0 18 0 164 173 198 200 193 
0 0 32 0 58 35 46 78 44 113 55 74 88 52 121 0 0 31 0 61 0 0 48 0 57 
0 0 16 0 187 0 0 16 0 178 0 0 28 0 166 0 0 25 0 179 0 0 23 0 182 
0 0 0 50 0 0 0 0 59 0 54 59 45 141 45 0 0 0 59 0 85 78 82 158 87 
87 0 0 94 0 109 0 0 111 0 99 0 0 89 0 92 0 0 113 0 97 0 0 109 0 
0 19 104 76 0 117 201 211 219 130 190 242 269 271 164 16 90 143 148 53 109 133 146 176 84 
102 122 118 108 211 0 0 0 0 77 0 0 0 0 71 20 24 28 23 109 0 0 0 0 73 
91 210 88 83 81 0 99 0 0 0 13 131 14 17 16 0 113 3 0 0 120 255 105 109 125 
136 126 76 78 78 76 45 0 0 0 85 45 2 0 4 63 47 0 0 0 71 56 0 0 0 
0 113 0 0 0 32 167 50 50 62 0 122 0 0 0 57 192 74 72 61 0 106 0 0 0 
92 0 0 0 0 117 0 0 0 0 122 0 0 0 0 102 0 0 0 0 206 87 85 89 99 
0 0 0 0 0 0 0 0 0 0 0 0 0 0 0 0 0 0 0 0 434 404 453 433 402 
0 0 37 0 0 73 79 92 75 87 0 0 31 0 0 77 75 85 59 79 19 25 59 22 25 
8 15 16 17 52 0 0 0 0 36 80 79 71 69 99 0 0 0 0 33 68 98 78 76 105 
0 0 0 127 0 0 0 0 112 0 0 0 0 135 0 0 0 0 139 0 72 71 76 191 79 
0 68 0 34 72 1 61 0 38 77 1 56 0 36 91 2 60 0 32 73 19 78 25 54 113 
71 0 0 0 42 60 0 0 0 44 78 0 0 0 46 62 0 0 0 39 161 83 72 84 134 
0 112 0 0 0 0 108 0 0 0 0 106 0 0 0 0 96 0 0 0 97 185 99 105 92 
26 57 45 52 46 42 53 45 34 54 45 35 43 38 43 0 0 0 7 0 81 100 84 84 72 
0 0 117 55 0 43 45 155 106 50 0 0 102 39 0 0 0 89 38 0 0 0 126 35 0 
26 67 28 8 51 7 72 22 9 34 5 53 4 0 36 47 79 54 47 86 0 42 13 0 46 
59 0 0 0 0 126 62 61 76 69 99 20 18 20 15 131 47 46 52 41 57 0 0 0 0 
195 0 0 0 0 196 13 17 17 20 178 0 0 0 0 196 0 0 0 0 166 0 0 0 0 
83 35 33 111 37 39 0 0 91 0 48 0 0 85 0 83 35 30 120 32 55 0 0 83 0 
0 12 0 37 0 53 59 53 91 48 40 43 43 76 40 0 14 0 39 0 50 64 54 110 59 
0 0 63 42 0 0 0 55 43 0 101 98 149 132 97 0 0 62 47 0 0 0 67 42 0 
78 13 71 157 142 46 14 63 136 118 97 37 50 189 133 42 2 50 119 106 155 101 157 246 254 
0 6 47 94 7 0 0 45 71 0 44 28 98 111 43 29 39 66 109 34 0 0 45 75 0 
75 8 58 70 15 59 7 44 61 22 165 98 153 137 110 101 29 61 76 20 94 0 74 49 0 
55 0 75 0 81 49 0 66 0 63 32 0 85 0 93 113 54 135 95 128 42 0 70 0 77 
136 88 208 136 112 97 26 173 85 33 58 0 134 37 7 194 87 244 150 122 168 73 246 134 116 
11 124 166 28 124 145 237 292 128 283 32 145 201 45 173 0 79 161 0 123 102 206 246 136 266 
19 20 22 57 47 36 38 33 74 66 0 0 0 28 25 0 0 0 21 13 73 83 88 121 93 
20 39 0 100 0 31 54 0 124 0 93 80 44 149 58 35 42 0 116 0 49 36 0 112 0 
0 0 50 0 0 149 133 190 133 159 0 0 56 0 0 0 0 67 0 0 0 0 63 0 0 
46 75 56 73 42 12 27 0 23 0 80 107 73 116 52 15 51 4 37 7 72 72 65 94 36 
13 7 0 0 66 14 0 0 0 54 57 54 47 38 117 22 18 15 11 67 82 104 87 87 121 
77 16 11 7 35 105 73 77 82 90 130 98 90 104 111 50 0 0 0 18 41 13 10 4 37 
24 117 78 19 34 0 94 78 5 6 0 78 47 0 21 0 90 60 6 15 47 127 105 44 86 
156 196 105 111 114 71 71 46 21 21 54 64 21 0 0 37 50 17 0 0 38 51 15 1 0 
0 69 55 0 67 0 71 63 0 72 0 78 53 0 55 0 66 64 0 69 0 84 67 0 66 
95 0 0 76 0 83 0 0 81 0 99 0 0 78 0 100 0 0 68 0 122 15 23 107 29 
67 128 76 75 80 0 63 0 0 0 39 103 44 39 37 0 55 0 0 0 30 77 27 30 30 
57 62 0 11 6 43 36 0 0 0 36 44 9 1 2 55 50 28 33 41 76 69 47 29 45 
42 27 88 81 24 0 0 62 84 0 41 36 102 98 32 0 0 72 73 0 0 0 64 64 0 
38 76 43 71 29 0 62 11 42 16 2 51 11 46 18 0 43 14 31 13 39 104 64 97 78 
0 0 56 27 11 0 0 45 35 3 0 0 44 40 6 43 53 122 94 61 54 50 100 93 63 
29 40 27 22 31 0 0 0 0 0 72 60 57 66 58 0 0 0 0 0 125 107 100 119 116 
39 29 33 30 35 0 0 14 0 0 0 0 18 0 0 46 40 74 51 45 108 86 121 120 107 
39 40 104 51 51 2 6 58 17 19 57 52 126 57 44 0 0 53 4 0 0 8 65 22 13 
0 0 180 32 0 0 0 141 23 0 19 20 156 37 18 0 0 166 23 0 0 0 162 23 0 
43 70 0 0 0 65 93 38 30 29 67 108 17 14 7 79 119 37 37 41 37 66 0 0 0 
63 0 62 62 91 131 52 157 139 160 132 71 157 159 190 121 41 98 84 150 70 0 66 113 109 
87 120 74 56 73 15 48 0 0 0 84 137 65 52 58 41 79 34 20 17 24 53 0 0 0 
0 117 107 164 0 0 126 119 164 0 0 106 120 167 0 0 117 115 157 0 0 125 118 165 0 
0 0 0 140 35 0 0 0 158 28 27 29 16 157 51 0 0 0 149 34 0 0 0 138 38 
14 0 0 149 0 9 0 0 112 0 111 70 96 210 103 11 0 0 122 0 20 1 0 116 1 
53 78 44 46 58 2 61 0 0 20 49 82 45 36 61 7 37 0 0 28 0 57 0 0 19 
110 103 8 54 66 172 212 84 100 178 134 131 52 71 94 77 53 0 11 40 182 222 95 109 133 
63 164 122 85 102 5 40 69 11 2 32 76 101 31 32 20 72 55 8 18 0 61 52 0 0 
0 20 11 0 74 2 25 20 0 116 0 5 3 2 56 50 84 60 49 160 27 42 33 28 104 
0 0 200 0 35 0 0 223 0 29 0 0 199 0 26 0 0 183 0 22 0 0 180 0 27 
602 483 543 345 538 447 153 247 162 218 501 282 333 194 278 361 137 142 22 139 556 314 411 348 387 
85 69 0 4 0 177 189 80 72 76 92 95 0 0 0 92 100 20 14 19 77 74 0 0 0 
144 273 124 122 129 218 355 132 220 161 86 251 69 135 59 30 167 1 29 0 89 201 58 93 37 
18 0 32 60 0 23 0 15 23 0 63 34 63 50 15 75 43 80 85 57 28 0 26 22 0 
0 0 0 36 0 75 64 49 101 55 0 0 0 24 0 46 46 63 92 51 43 49 43 96 39 
0 0 0 0 52 0 0 0 0 56 0 0 0 0 66 0 0 0 0 59 135 160 142 153 190 
0 0 0 196 0 7 8 5 197 3 0 0 0 194 0 0 0 0 207 0 0 0 0 182 0 
11 0 18 0 0 45 0 0 0 0 69 0 34 21 17 78 50 83 45 25 14 0 2 0 0 
63 27 29 66 75 42 0 0 28 59 55 0 0 21 39 57 0 0 35 40 92 45 48 74 85 
46 55 109 83 63 0 0 38 0 0 0 0 58 0 0 0 0 52 0 0 146 146 208 183 151 
0 0 0 979 0 0 0 0 973 0 0 0 0 983 0 0 0 2 1045 1 0 0 0 1012 0 
0 0 1424 0 0 0 0 1434 0 0 0 0 1330 0 0 0 0 1440 0 0 0 0 1419 0 0 
