1002 894 735 818 886 1152 1147 1047 1026 1189 783 711 618 683 849 985 983 853 963 1060 661 580 467 429 697 
181 139 195 173 171 0 0 0 0 0 117 93 123 102 109 0 0 0 0 0 0 0 0 0 1 
105 38 29 127 188 57 0 0 117 117 144 72 52 212 213 52 0 2 93 123 62 0 0 125 118 
0 0 62 71 1 85 63 118 114 85 0 2 61 44 0 61 59 119 115 56 54 27 107 100 28 
140 53 98 124 46 125 7 83 98 0 123 31 89 101 29 108 0 37 103 0 235 142 215 247 142 
114 7 27 0 96 99 6 20 0 111 190 87 106 94 174 164 73 94 57 145 240 106 147 106 234 
0 0 0 0 0 0 0 0 0 0 1047 1060 1008 1030 1075 0 0 0 0 0 0 0 0 0 0 
0 1 0 299 0 0 0 3 287 0 132 135 129 417 126 132 125 101 463 154 0 0 0 270 0 
15 7 14 182 5 0 0 0 181 1 36 42 34 182 28 0 0 0 152 0 2 6 2 177 2 
0 0 0 0 0 0 0 0 0 0 0 0 0 0 0 70 77 78 67 93 212 175 177 219 173 
71 92 76 55 181 0 11 0 0 113 0 3 0 0 111 0 5 0 0 114 79 85 67 61 163 
137 143 153 154 154 0 0 0 0 0 0 0 0 0 0 0 0 0 0 0 84 80 66 66 82 
0 0 0 0 0 0 0 0 0 0 0 0 0 0 0 438 433 436 419 430 193 183 186 193 206 
0 208 0 0 83 0 174 0 0 97 133 338 150 138 221 0 193 0 0 97 0 218 0 0 75 
798 0 0 0 0 793 0 0 0 0 790 0 0 0 0 819 0 0 0 0 831 0 0 0 0 
12 5 244 167 206 37 13 239 146 180 112 115 300 246 274 217 192 456 355 387 123 92 315 231 355 
61 105 69 115 57 48 65 48 94 56 0 37 0 44 0 34 79 37 66 32 0 33 0 32 0 
43 10 15 8 20 164 127 163 129 173 28 0 0 0 19 22 1 0 0 23 165 154 126 122 186 
0 0 148 0 0 0 0 127 0 0 0 0 139 0 0 142 106 252 121 125 0 0 148 0 0 
2 84 55 65 0 0 95 55 58 0 42 119 105 129 40 0 93 66 65 0 0 92 69 57 0 
2 1 0 3 148 151 140 136 160 280 142 138 128 145 255 1 7 0 0 132 98 108 109 102 212 
0 0 0 0 0 0 0 0 0 0 0 0 0 0 0 1038 1092 1112 1084 1033 0 0 0 0 0 
0 18 51 131 0 0 17 52 114 0 0 18 46 141 0 0 16 50 138 0 0 15 51 139 0 
83 58 0 0 0 89 77 19 15 15 157 99 44 43 35 106 71 0 0 0 104 97 24 24 33 
67 101 77 151 155 8 32 16 58 67 14 42 22 97 83 0 30 0 61 65 0 33 0 59 70 
117 121 133 81 3 108 129 201 95 1 314 296 364 312 219 118 120 154 97 0 292 237 341 264 142 
94 15 17 106 24 84 0 0 130 0 241 169 150 259 141 73 4 0 111 2 129 56 52 201 45 
129 99 43 64 42 159 102 55 58 41 64 59 14 0 0 88 82 17 11 14 94 57 10 0 0 
0 0 146 60 0 0 0 161 55 0 0 0 204 59 0 0 0 176 52 0 0 0 151 42 0 
117 153 167 114 111 0 54 74 0 0 0 44 65 0 0 42 63 95 32 32 0 43 91 0 0 
63 51 67 66 58 96 114 101 111 98 22 39 42 35 37 0 0 0 0 0 0 0 0 0 0 
0 0 0 171 0 0 0 0 178 0 208 217 192 391 215 0 0 0 173 0 0 0 0 162 0 
0 0 0 0 0 166 161 190 149 164 0 0 0 0 0 0 0 0 0 1 77 65 73 73 87 
91 2 0 61 47 132 30 45 98 100 204 70 86 128 143 76 0 0 68 47 194 59 74 134 117 
0 80 0 0 0 0 79 0 0 0 0 59 0 0 0 124 154 82 130 94 57 132 46 55 53 
0 0 109 0 0 96 111 200 114 117 0 0 102 0 0 8 9 114 4 11 16 14 94 9 20 
267 233 185 263 119 130 107 76 110 0 88 95 56 90 0 282 270 181 288 131 138 147 75 136 0 
0 0 0 0 0 31 35 30 19 22 0 0 0 0 0 59 67 68 65 90 100 94 96 97 127 
0 225 0 201 0 0 181 0 194 0 8 203 6 198 7 0 186 0 192 0 0 197 0 205 0 
0 43 0 145 0 0 57 0 163 0 0 56 0 164 0 77 160 87 252 80 0 65 0 176 0 
0 0 0 0 84 92 76 90 66 156 103 87 87 88 139 0 0 0 0 80 0 0 0 0 86 
99 263 312 40 189 29 151 237 3 88 74 259 325 54 218 79 265 287 85 208 203 320 369 150 287 
0 52 35 0 88 22 76 51 17 105 32 100 99 41 100 0 68 29 0 75 0 71 29 0 80 
127 104 119 146 131 15 0 0 34 0 14 1 0 41 0 21 0 0 50 0 90 72 62 116 88 
79 0 73 0 0 66 0 82 0 0 124 54 123 51 57 111 18 87 15 15 74 0 82 0 0 
0 18 81 0 96 0 12 69 0 107 0 15 74 0 106 0 14 91 0 133 0 11 69 0 101 
16 67 155 88 22 64 81 161 115 54 0 39 116 44 0 42 76 167 118 50 0 23 105 67 0 
0 60 0 0 0 0 69 0 0 0 107 215 98 129 119 0 84 0 0 0 14 79 18 24 27 
0 0 0 71 0 61 64 51 123 81 0 0 0 70 0 0 0 0 80 0 71 62 57 147 61 
54 0 96 49 0 60 0 114 53 0 63 0 98 53 0 48 0 108 57 0 46 0 102 49 0 
90 59 0 35 0 114 89 16 53 25 107 102 0 26 0 127 62 0 46 0 99 66 0 38 0 
0 0 0 0 25 193 187 198 201 228 0 0 0 0 31 0 0 0 0 35 0 0 0 0 38 
89 47 57 109 77 58 37 49 96 68 24 0 0 52 10 28 0 0 48 11 36 12 8 55 27 
29 64 9 7 10 18 56 0 0 0 21 85 0 0 0 153 201 144 137 132 31 82 0 0 0 
0 0 0 20 0 187 174 199 200 170 0 0 0 22 0 0 0 0 22 0 0 0 0 19 0 
93 106 176 191 113 0 0 58 77 0 0 0 87 77 0 0 0 81 64 0 0 0 69 79 0 
63 57 58 48 66 41 0 0 0 11 76 62 48 48 72 30 0 0 0 22 91 49 43 49 58 
0 0 25 0 69 9 6 36 12 89 0 0 34 0 70 10 7 43 8 95 82 75 114 64 155 
589 589 605 640 587 0 0 0 0 0 0 0 0 0 0 0 0 0 0 0 0 0 0 0 0 
81 147 166 99 98 35 104 127 42 38 0 37 89 0 0 0 53 86 0 0 0 48 85 0 0 
0 0 110 0 0 0 0 92 0 0 76 115 208 113 102 0 0 89 0 0 0 0 105 0 0 
118 141 49 72 148 44 47 0 0 98 49 66 0 0 71 45 44 0 0 82 62 45 0 0 98 
0 48 0 23 39 60 113 58 83 98 0 60 0 27 38 0 53 0 40 41 25 65 20 54 62 
9 7 99 5 12 0 0 88 0 0 0 0 82 0 0 36 39 120 27 30 76 78 150 59 85 
0 0 0 53 75 97 81 66 124 171 0 0 0 55 78 0 0 0 39 92 0 0 0 49 74 
94 165 78 73 84 21 106 0 0 0 30 114 7 8 9 22 75 0 0 0 24 80 3 2 1 
71 28 99 44 100 18 0 40 3 66 20 0 41 0 78 18 0 53 1 59 10 0 40 2 71 
36 6 11 0 5 32 0 0 0 0 37 49 37 33 58 80 52 44 28 41 138 96 103 120 117 
61 33 117 48 51 26 0 81 0 0 18 0 77 0 0 12 0 70 0 0 61 32 112 30 35 
46 4 30 10 0 20 3 0 2 0 11 17 5 0 0 34 0 0 0 0 14 0 3 0 0 
0 61 68 0 0 0 64 45 0 0 20 103 74 20 21 32 109 59 40 42 0 62 49 0 0 
18 0 1 9 0 0 41 0 0 0 0 3 0 3 0 0 0 2 0 0 0 0 0 0 0 
30 0 91 0 45 64 43 124 39 78 25 0 85 0 29 37 10 99 5 36 31 0 98 0 28 
0 2097 0 0 0 0 2138 0 0 0 0 2034 0 0 0 0 2112 0 0 0 0 2044 0 0 0 
12 128 110 7 16 71 193 191 70 66 0 118 106 3 0 46 188 144 76 35 2 125 100 0 0 
73 123 100 0 0 61 141 135 0 0 106 123 146 0 0 69 148 120 0 0 76 133 140 0 0 
0 88 0 97 0 74 174 69 177 105 64 157 44 145 45 0 79 0 114 0 0 108 0 101 0 
0 0 0 0 0 1278 1227 1238 1195 1262 0 0 0 0 0 0 0 0 0 0 0 0 0 0 0 
0 0 101 152 0 0 0 89 115 0 0 0 94 146 0 0 0 90 144 0 0 0 82 151 0 
151 46 49 89 44 150 54 52 109 58 85 0 0 37 0 81 0 0 34 0 85 0 0 44 0 
0 119 0 0 77 0 139 0 0 74 0 153 0 0 82 0 132 0 0 64 0 140 0 0 95 
157 258 149 230 86 72 169 48 120 0 271 404 229 333 152 141 261 145 170 57 185 318 256 259 109 
88 76 265 262 82 0 0 172 180 9 113 109 259 305 99 0 0 149 160 4 11 6 185 179 18 
155 138 123 174 274 14 30 0 25 177 20 15 8 22 174 231 240 175 221 396 231 271 255 245 413 
1 64 0 0 0 0 49 0 0 0 0 66 0 0 0 7 65 5 8 3 166 205 168 136 163 
47 23 36 11 41 39 14 27 0 37 38 12 33 0 30 64 13 29 0 40 104 97 85 74 112 
217 76 0 107 0 217 78 0 111 0 217 59 0 117 0 203 70 0 122 2 213 54 1 129 0 
55 0 0 0 0 62 0 0 0 0 64 0 0 0 0 202 133 145 146 141 52 0 0 0 0 
173 312 320 225 98 227 325 366 254 129 194 323 379 241 187 115 258 295 163 45 85 255 266 179 23 
70 8 9 50 22 98 72 50 120 83 103 70 72 90 91 72 26 18 64 34 62 0 0 27 14 
120 143 152 110 214 0 0 8 0 48 67 95 82 78 134 0 0 20 0 56 0 0 11 0 61 
38 86 0 84 0 136 182 94 189 84 102 119 66 181 66 50 77 0 89 0 29 71 0 89 0 
69 79 72 81 119 80 73 58 62 86 0 22 0 0 39 0 20 0 0 24 48 68 46 45 74 
0 87 0 0 0 54 192 46 33 30 57 172 46 47 44 34 161 33 30 34 57 165 50 40 75 
16 10 41 21 0 81 71 112 83 62 30 20 45 14 0 21 7 43 14 0 22 19 36 12 0 
11 17 86 6 223 2 0 70 8 166 109 100 168 101 261 131 127 225 161 322 1 0 69 1 174 
157 0 0 0 0 147 0 0 0 0 244 79 109 124 118 131 0 0 0 0 147 0 0 0 0 
0 0 0 0 841 0 0 0 0 814 0 0 0 0 857 0 0 0 0 840 0 0 0 0 787 
138 98 0 167 64 132 127 2 212 82 181 162 47 251 116 117 111 8 178 85 114 129 2 230 64 
125 0 0 0 0 255 110 96 84 82 162 0 0 0 0 153 0 0 0 0 143 0 0 0 0 
0 0 0 0 0 73 55 71 66 70 0 0 0 0 0 142 120 138 141 136 0 0 0 0 0 
0 23 0 151 0 40 65 51 203 36 0 19 0 145 0 0 17 0 154 0 0 20 0 181 0 
82 59 99 113 131 44 0 58 67 56 30 2 68 72 64 96 60 106 127 110 20 2 52 69 38 
42 48 55 128 105 28 21 31 81 73 0 0 0 77 55 0 0 0 48 48 6 9 9 73 53 
0 8 61 0 0 81 96 169 84 90 0 9 68 1 0 61 72 174 46 59 0 5 61 0 0 
209 14 202 0 0 211 8 178 0 0 206 10 192 4 0 184 4 186 0 0 216 25 187 10 10 
283 91 282 109 199 272 114 314 127 196 331 144 360 197 254 177 4 159 17 125 186 40 236 16 116 
70 167 77 85 69 0 95 0 30 0 17 146 28 37 27 0 113 0 18 0 0 84 0 23 0 
0 0 33 0 58 35 46 78 44 113 55 74 89 53 121 0 0 33 0 61 0 0 49 0 58 
0 0 18 0 234 0 0 20 0 216 0 0 37 0 189 0 0 33 0 213 0 0 27 0 211 
0 0 0 51 0 0 0 0 60 0 55 59 45 141 45 0 0 0 59 0 87 78 83 161 88 
105 0 0 109 0 130 0 0 142 0 113 0 0 114 0 118 0 0 137 0 119 0 0 136 0 
1 29 75 84 0 103 161 170 203 106 160 192 205 223 137 3 51 104 105 25 82 98 117 141 61 
116 138 144 109 249 0 0 0 0 90 0 0 0 0 81 23 31 28 20 119 0 0 0 0 95 
143 261 160 154 160 0 134 0 0 0 106 218 102 103 85 4 113 1 0 2 94 228 79 75 100 
151 138 79 82 85 81 51 0 0 0 95 50 4 3 8 68 50 0 0 0 78 62 0 0 0 
0 119 0 0 0 32 172 56 66 63 0 149 0 0 0 68 198 91 95 67 0 116 0 0 0 
0 0 0 0 0 0 0 0 0 0 0 0 0 0 0 0 0 0 0 0 443 421 450 439 410 
0 0 40 0 0 81 83 109 83 101 0 0 37 0 0 95 93 99 69 98 24 29 71 29 31 
7 14 17 17 58 0 0 0 0 41 86 85 74 69 110 0 0 0 0 35 73 104 81 80 113 
0 0 0 149 0 0 0 0 139 0 0 0 0 161 0 0 0 0 170 0 85 80 100 233 96 
0 67 0 34 72 1 62 0 38 75 0 55 0 33 91 0 60 0 32 72 17 78 25 54 112 
0 112 0 0 0 0 108 0 0 0 0 106 0 0 0 0 96 0 0 0 97 185 99 105 92 
0 0 0 22 0 84 60 84 76 76 38 5 38 42 51 0 0 0 17 0 104 99 112 138 98 
0 0 117 55 0 42 45 155 106 50 0 0 102 39 0 0 0 89 38 0 0 0 126 35 0 
59 0 0 0 0 126 62 61 76 69 99 20 18 20 15 131 47 46 52 41 58 0 0 0 0 
82 35 33 111 36 39 0 0 91 0 48 0 0 85 0 82 35 30 118 32 55 0 0 82 0 
0 0 63 43 0 0 0 55 43 0 101 99 149 132 97 0 0 62 47 0 0 0 67 42 0 
31 0 0 66 87 85 61 69 112 170 24 0 6 69 90 50 18 21 77 73 23 30 45 82 92 
3 9 62 119 9 0 0 60 98 0 71 42 144 170 62 36 48 76 154 41 0 0 55 114 0 
63 5 50 59 12 45 7 44 45 17 141 82 131 126 88 73 21 51 60 24 54 0 56 56 0 
46 0 68 0 62 42 0 61 0 65 30 0 73 0 88 96 58 112 74 115 30 0 62 0 62 
104 36 218 138 83 86 17 162 110 28 59 0 124 34 4 192 49 214 137 120 80 23 199 72 70 
6 85 143 25 122 146 198 290 123 220 37 100 184 52 169 0 32 149 0 107 97 162 225 127 213 
22 23 26 64 60 54 41 37 86 86 0 0 0 38 32 0 0 0 25 19 92 105 106 144 124 
18 31 0 83 1 29 47 0 103 0 76 71 39 128 53 25 37 0 103 0 40 33 0 80 0 
0 0 53 0 0 165 148 216 152 178 0 0 64 0 0 0 0 75 0 0 0 0 73 0 0 
13 10 0 0 86 22 2 0 0 75 68 72 55 41 149 25 23 16 15 88 109 135 110 110 156 
68 10 12 0 24 102 72 74 72 73 116 90 92 106 97 44 0 7 0 14 34 7 12 0 22 
23 131 85 20 44 0 101 77 5 8 0 87 58 0 18 0 96 64 5 13 53 144 117 51 86 
164 210 96 110 105 81 64 49 24 21 43 51 17 0 0 44 55 18 0 0 41 44 15 0 0 
95 0 0 5 0 83 0 0 0 0 99 0 0 12 0 100 0 0 0 0 121 15 18 40 29 
66 75 13 17 17 48 41 0 0 0 47 58 12 0 8 61 68 33 38 46 78 71 45 26 43 
36 75 40 70 25 0 62 10 42 16 0 49 11 46 18 0 41 14 31 12 38 103 63 97 77 
0 0 55 27 11 0 0 44 34 3 0 0 43 39 5 40 52 120 93 58 54 50 99 91 63 
29 38 26 22 31 0 0 0 0 0 71 59 57 62 55 0 0 0 0 0 120 107 99 114 110 
44 35 39 31 42 0 0 18 0 0 0 0 21 0 0 53 45 93 57 49 128 99 137 146 119 
31 37 107 52 43 3 1 58 16 13 56 52 123 54 53 0 0 50 0 0 0 0 55 23 0 
0 0 180 32 0 0 0 141 22 0 19 20 156 37 18 0 0 166 22 0 0 0 162 23 0 
45 85 0 0 0 85 113 38 33 34 89 127 21 17 10 92 142 45 45 43 40 77 0 0 0 
92 0 109 88 111 177 86 202 204 194 181 90 210 214 227 173 47 141 143 174 83 8 110 143 136 
116 170 93 77 103 12 66 4 0 0 105 181 92 68 72 48 94 37 22 22 26 79 0 0 0 
0 118 109 167 0 0 130 120 169 0 0 109 123 169 3 0 119 115 163 0 0 129 121 167 3 
17 0 0 162 0 12 0 0 117 0 102 78 106 226 110 14 0 0 120 0 24 1 0 120 1 
46 68 38 40 62 0 55 0 0 25 40 80 40 38 64 0 33 0 0 32 0 54 1 0 36 
129 135 28 86 74 195 256 79 119 171 156 210 82 104 116 97 106 11 39 50 253 310 129 160 184 
59 167 117 78 93 8 40 62 15 2 28 76 91 29 28 21 73 62 11 23 0 55 46 0 0 
3 32 0 1 99 24 44 24 0 127 1 18 7 4 69 92 101 91 61 200 50 56 43 41 120 
601 428 463 340 433 406 206 224 187 207 414 276 286 173 238 330 126 110 52 106 492 359 365 338 307 
102 70 0 3 0 168 147 69 83 82 73 84 0 0 0 109 94 20 27 24 66 63 0 0 0 
173 304 118 159 137 259 372 143 284 171 144 275 84 155 90 43 182 8 63 0 99 208 59 103 33 
0 0 0 0 56 0 0 0 0 63 0 0 0 0 73 0 0 0 0 62 149 171 157 172 200 
62 1 40 0 19 121 13 52 26 36 127 50 99 46 55 143 75 117 62 92 122 28 46 25 27 
150 0 0 53 0 156 0 0 55 0 141 0 0 40 0 168 0 0 46 0 149 0 0 41 0 
187 132 162 250 139 53 2 92 123 6 87 43 124 190 69 51 4 103 89 23 72 0 85 82 2 
65 119 84 185 147 0 9 2 93 44 0 16 3 65 52 0 11 9 86 55 31 45 31 107 59 
126 134 95 54 12 231 216 178 139 131 123 115 87 60 2 277 222 212 151 124 178 181 141 76 75 
58 128 51 57 52 0 55 0 0 0 6 79 4 5 4 0 64 0 0 0 75 154 62 76 65 
0 0 0 19 0 0 0 0 19 0 0 0 0 19 1 0 0 0 22 0 179 193 222 217 218 
39 0 0 23 37 109 85 77 87 96 37 0 0 21 31 33 0 0 16 40 43 0 0 21 29 
57 9 59 130 110 17 1 38 119 95 68 25 49 139 110 26 1 39 103 90 141 87 126 223 220 
0 90 72 0 79 0 85 72 0 85 0 95 63 0 68 0 88 77 0 81 0 106 72 0 75 
53 21 70 45 35 84 59 115 60 63 26 20 50 25 14 65 51 116 85 59 12 0 32 0 0 
76 0 0 0 50 65 0 0 0 50 89 0 0 0 58 73 0 0 0 49 183 96 82 101 149 
103 156 24 122 105 62 148 13 100 98 35 97 0 121 61 210 277 136 239 198 137 210 87 181 158 
75 93 104 81 64 10 38 41 17 10 0 15 44 0 0 60 75 90 53 47 22 29 59 19 12 
0 0 0 144 37 0 0 0 167 30 33 32 16 162 57 0 0 0 155 38 0 0 0 142 42 
0 0 0 139 13 147 126 120 305 161 1 0 0 159 15 113 117 108 243 106 0 0 0 126 8 
51 198 215 259 119 39 158 199 237 61 83 197 182 221 113 104 242 235 268 132 138 207 261 295 162 
0 0 0 1293 0 0 0 0 1286 0 0 0 0 1286 0 0 1 1 1348 3 0 0 0 1277 0 
195 0 0 0 0 197 13 17 17 20 179 0 0 0 0 196 0 0 0 0 166 0 0 0 0 
101 0 0 0 0 140 0 0 0 0 144 0 0 0 0 120 0 0 0 0 238 102 99 110 107 
283 51 118 90 50 242 0 41 7 0 436 114 159 129 123 457 242 343 252 235 286 56 91 57 52 
2 43 0 0 0 4 63 15 0 5 0 47 0 0 23 0 16 0 0 0 0 38 1 0 22 
0 0 198 0 39 0 0 227 0 31 0 0 213 0 23 0 0 203 0 24 0 0 180 0 27 
74 100 143 125 98 0 0 52 0 0 0 0 81 0 0 0 0 58 0 0 225 232 292 234 244 
2 15 0 70 204 116 110 110 190 330 2 28 0 85 243 0 15 0 81 240 114 133 116 177 289 
60 27 29 67 74 41 0 0 26 58 57 0 0 25 39 56 0 0 34 39 92 45 48 77 81 
0 0 0 35 0 68 63 40 106 44 0 0 0 27 0 46 53 64 98 57 29 39 41 101 36 
0 0 1462 0 0 0 0 1485 0 0 0 0 1382 0 0 0 0 1499 0 0 0 0 1461 0 0 
