783 616 470 602 599 989 973 894 988 1027 729 602 524 727 794 995 871 831 928 949 611 421 398 460 559 
275 213 283 260 242 0 3 0 0 0 160 114 168 149 169 0 0 0 0 0 0 0 0 0 0 
99 49 23 164 192 77 0 0 117 127 132 55 24 227 213 45 0 0 76 140 61 0 0 99 118 
131 0 110 139 148 194 25 170 199 193 274 112 239 280 269 200 46 131 184 175 139 4 108 188 124 
169 53 112 154 46 149 12 65 106 0 144 26 75 114 17 151 2 49 122 0 299 189 255 318 182 
91 13 7 0 86 91 7 16 0 106 193 102 104 76 186 166 77 99 75 161 223 122 124 104 258 
0 0 0 0 0 0 0 0 0 0 1022 1034 979 1013 1038 0 0 0 0 0 0 0 0 0 0 
0 0 0 255 0 0 0 4 246 1 105 98 98 363 116 115 102 97 384 122 0 0 0 239 0 
16 10 17 214 5 0 0 0 212 0 38 57 43 211 37 0 0 0 184 0 5 6 6 230 3 
0 0 0 0 0 0 0 0 0 0 0 0 0 0 0 74 79 84 82 99 197 186 194 203 182 
91 109 78 65 181 0 9 0 0 125 0 4 0 0 116 0 4 0 0 112 88 92 90 77 183 
159 163 160 169 172 0 0 0 0 0 0 0 0 0 0 0 0 0 0 0 89 87 77 82 87 
0 0 0 0 0 0 0 0 0 0 0 0 0 0 0 428 427 413 406 413 189 178 179 186 201 
0 222 0 0 95 0 188 0 0 105 138 373 161 149 229 0 215 0 0 111 0 237 0 0 89 
819 0 0 0 0 807 0 0 0 0 804 0 0 0 0 844 0 0 0 0 858 0 0 0 0 
20 1 226 158 204 63 61 258 210 272 112 139 306 256 287 211 190 452 370 410 108 107 262 215 336 
111 146 113 169 84 84 89 79 151 88 0 54 0 54 0 50 135 68 126 55 0 49 0 62 0 
28 7 19 8 22 165 121 134 121 145 28 0 0 0 17 24 0 0 0 27 132 128 109 126 158 
0 0 158 0 0 0 0 148 0 0 0 0 167 0 0 184 152 284 150 153 0 0 158 0 0 
0 89 52 61 0 0 112 59 75 0 57 144 132 155 50 0 104 68 66 0 0 106 76 70 0 
0 0 0 1 134 141 108 94 131 222 126 112 101 112 209 1 1 0 0 107 92 95 99 86 199 
0 0 0 0 0 0 0 0 0 0 0 0 0 0 0 1008 1050 1074 1044 978 0 0 0 0 0 
0 19 58 154 0 0 19 61 127 0 0 18 51 170 0 0 18 60 168 0 0 16 64 159 0 
102 174 85 192 197 17 65 21 97 83 22 58 25 95 118 0 54 0 93 91 0 53 0 68 83 
101 135 146 74 0 89 152 198 79 1 289 302 368 291 206 101 147 139 87 3 249 243 323 233 126 
75 17 24 102 17 73 0 0 111 0 205 143 134 220 122 68 1 1 102 0 97 40 46 167 38 
112 83 44 45 32 142 88 48 58 33 52 43 15 0 0 80 75 18 11 13 85 51 12 0 0 
0 0 212 70 0 0 0 219 76 0 0 0 263 90 0 0 0 245 64 0 0 0 199 65 0 
112 156 143 99 101 0 52 66 0 0 0 54 61 0 0 44 74 105 37 34 0 41 89 0 0 
68 57 74 78 69 116 142 128 143 116 22 43 47 40 43 0 0 0 0 0 0 0 0 0 0 
0 0 0 168 0 0 0 0 177 0 219 221 211 395 240 0 0 0 171 0 0 0 0 157 0 
0 0 0 0 0 158 148 203 158 159 0 0 0 0 0 0 0 0 1 0 81 61 83 68 84 
135 0 9 84 48 155 38 76 136 116 250 94 111 189 175 112 0 0 91 48 220 98 104 168 133 
0 89 0 0 0 0 85 0 0 0 0 64 0 0 0 122 150 79 129 85 53 135 44 48 50 
0 0 95 0 0 85 85 176 105 104 0 0 92 0 0 7 8 97 4 8 14 13 82 9 15 
258 230 194 256 129 125 103 79 112 0 79 106 65 87 0 262 247 175 267 107 141 127 95 142 0 
0 230 0 205 0 0 183 0 201 0 7 213 6 199 7 0 190 0 196 0 0 203 0 210 0 
0 44 0 128 0 0 52 0 144 0 0 45 0 145 0 72 149 68 218 81 0 56 0 143 0 
0 0 0 0 82 96 77 98 68 147 98 84 77 99 139 0 0 0 0 75 0 0 0 0 83 
67 241 314 58 187 23 186 256 7 153 72 252 329 62 172 85 274 301 90 214 204 329 377 179 271 
0 65 41 0 104 21 85 60 16 136 38 117 105 48 105 0 72 36 0 83 0 77 32 0 90 
113 92 105 120 118 13 0 0 32 0 14 0 0 41 0 20 0 0 44 0 96 63 63 111 83 
68 0 65 0 0 63 0 75 0 0 113 53 107 48 51 98 16 78 13 12 66 0 73 0 0 
0 18 86 0 104 0 13 74 0 110 0 18 81 0 110 0 16 95 0 140 0 13 71 0 102 
14 41 130 67 18 44 70 130 88 47 0 24 97 26 0 42 58 138 85 31 0 25 87 53 0 
0 71 0 0 0 0 80 0 0 1 139 261 129 149 141 0 95 0 0 0 14 85 20 25 33 
0 0 0 75 0 70 73 61 141 89 0 0 0 77 0 0 0 0 91 0 80 75 68 167 66 
49 0 93 48 0 57 0 112 53 0 59 0 94 50 0 46 0 102 53 0 44 0 98 46 0 
77 46 0 29 0 103 73 16 47 24 91 86 0 25 0 110 53 0 41 0 87 58 0 34 0 
0 0 0 0 33 250 251 253 263 283 0 0 0 0 57 0 0 0 0 56 0 0 0 0 55 
100 56 70 126 89 67 48 62 110 84 24 0 0 59 12 32 0 0 58 14 40 16 10 67 33 
33 64 8 6 10 18 59 0 0 0 22 77 0 0 0 133 164 130 123 118 28 78 0 0 0 
0 0 0 21 0 186 170 197 198 164 0 0 0 23 0 0 0 0 22 0 0 0 0 19 0 
78 98 154 161 115 0 0 61 74 0 0 0 80 65 0 0 0 76 67 0 0 0 69 72 0 
88 84 86 65 92 60 0 0 0 14 104 81 64 67 93 45 0 0 0 26 126 65 71 57 91 
0 0 28 0 80 9 6 49 14 105 0 0 47 0 92 12 9 60 9 115 103 106 143 88 211 
76 151 180 74 89 45 113 147 36 36 0 48 97 0 0 0 54 97 0 0 0 50 84 0 0 
0 0 121 0 0 0 0 99 0 0 80 122 224 124 114 0 0 91 0 0 0 0 113 0 0 
111 117 34 59 148 37 38 0 0 86 42 63 0 0 69 45 45 0 0 81 62 51 0 0 81 
0 48 0 13 5 52 103 47 63 65 0 57 0 21 15 0 53 0 28 0 14 50 11 36 40 
14 12 120 5 17 0 0 101 0 0 0 0 101 0 0 42 42 151 33 31 89 94 184 77 105 
0 0 0 51 75 88 81 63 117 163 0 0 0 49 73 0 0 0 36 84 0 0 0 47 73 
94 165 78 73 84 21 106 0 0 0 30 114 7 8 9 21 75 0 0 0 25 80 2 3 0 
74 38 100 50 101 21 0 44 7 57 19 0 41 0 72 21 0 56 1 57 0 0 34 0 58 
53 0 12 0 1 75 1 21 0 0 96 64 64 55 77 88 20 6 7 0 136 86 85 87 74 
32 34 118 44 52 5 0 81 0 0 0 0 77 0 0 1 0 70 0 4 38 32 108 43 29 
0 62 64 0 0 0 65 50 0 0 21 104 75 21 21 32 109 56 40 42 0 62 53 0 0 
9 0 68 0 37 39 29 117 27 63 9 0 68 0 21 0 0 84 0 12 9 0 87 0 18 
0 2164 0 0 0 0 2248 0 0 0 0 2099 0 0 0 0 2165 0 0 0 0 2118 0 0 0 
18 108 87 19 18 80 174 159 73 54 10 128 96 6 1 38 162 116 76 29 4 110 71 0 0 
59 119 109 0 0 74 134 130 0 0 80 154 124 0 0 85 142 127 0 0 63 142 142 0 0 
0 96 0 98 0 79 148 65 180 80 58 135 33 157 50 0 88 0 106 0 0 95 0 91 0 
0 0 0 1 0 1285 1242 1241 1204 1272 0 0 0 0 0 0 0 0 0 0 0 0 0 0 0 
0 0 80 125 0 0 0 75 105 0 0 0 81 127 0 0 0 81 125 0 0 0 72 128 0 
134 45 49 81 37 142 52 49 101 61 77 0 0 36 0 76 0 0 36 0 83 0 0 39 0 
0 135 0 0 85 0 148 0 0 82 0 165 0 0 90 0 139 0 0 72 0 149 0 0 97 
168 244 164 173 76 101 229 79 104 14 217 328 198 194 78 222 305 234 239 111 159 301 219 179 117 
94 82 270 262 87 0 0 186 174 8 126 104 278 289 102 0 0 149 172 7 18 29 212 189 30 
154 133 130 162 280 4 19 1 11 162 16 18 9 25 157 212 231 190 205 379 223 256 250 255 414 
0 128 0 0 0 0 95 0 0 0 0 118 0 0 0 6 122 4 7 2 256 348 274 246 248 
45 23 36 11 41 40 12 27 0 37 38 12 33 0 29 61 13 29 0 40 103 96 84 72 111 
198 67 0 102 0 204 63 0 105 0 205 55 0 104 0 185 68 0 107 0 202 58 1 124 0 
0 0 1481 0 0 0 0 1475 0 0 0 0 1382 0 0 0 0 1489 0 0 0 0 1470 0 0 
75 4 7 44 22 100 62 45 98 76 99 73 56 83 84 63 30 20 65 32 55 0 0 28 14 
108 114 114 78 180 0 0 6 0 45 53 72 66 54 102 0 0 19 0 49 0 0 12 0 60 
38 76 0 80 0 123 164 95 185 81 94 103 65 152 69 48 63 0 73 0 29 59 0 83 0 
81 91 83 83 128 82 97 68 62 120 0 23 0 0 46 0 22 0 0 36 59 77 56 53 105 
0 73 0 0 1 32 147 41 41 34 38 154 38 38 37 28 130 25 30 36 44 136 54 41 70 
33 11 41 34 0 103 71 111 112 63 43 21 46 37 0 47 9 43 35 0 41 20 37 39 0 
144 0 0 0 0 129 0 0 0 0 219 85 102 99 107 124 0 0 0 0 131 0 0 0 0 
0 0 0 0 821 0 0 0 0 780 0 0 0 0 833 0 0 0 0 822 0 0 0 0 767 
83 105 81 176 166 0 10 4 96 56 0 12 8 61 60 0 14 7 116 69 30 39 31 119 62 
144 0 0 0 0 277 110 84 94 78 180 0 1 0 0 159 0 0 0 0 162 0 0 0 0 
0 0 0 0 0 79 58 74 71 72 0 0 0 0 0 145 122 146 151 147 0 0 0 0 0 
0 22 0 150 0 39 63 51 197 34 0 18 0 139 0 0 16 0 139 0 0 20 0 171 0 
122 45 104 87 133 98 0 57 24 39 106 17 94 55 75 182 100 136 84 145 76 0 37 31 53 
54 55 62 148 122 34 27 34 90 93 0 0 0 87 65 0 0 0 53 57 7 13 10 94 60 
0 7 58 0 0 110 111 199 102 99 0 12 73 0 0 58 85 178 62 75 0 6 69 0 0 
202 0 190 0 0 198 0 170 0 0 194 2 181 3 0 172 1 175 0 0 209 17 174 9 10 
340 125 332 149 223 382 192 421 212 236 341 144 373 198 225 241 16 233 77 129 202 60 264 67 121 
65 152 69 83 65 0 86 0 27 0 17 128 28 34 27 0 104 0 17 0 0 75 0 22 0 
0 0 37 0 63 36 47 79 44 118 57 74 90 55 129 0 0 34 0 64 0 0 49 0 60 
0 0 18 0 223 0 0 20 0 205 0 0 30 0 183 0 0 29 0 207 0 0 27 0 219 
0 0 0 54 0 0 0 0 62 0 59 64 49 155 45 0 0 0 64 0 94 80 91 174 89 
112 0 0 118 0 147 0 0 133 0 143 0 0 123 0 128 0 0 135 0 135 0 0 136 0 
4 42 83 72 3 114 180 198 197 117 179 206 251 226 145 16 73 118 101 7 87 122 134 143 53 
96 117 107 100 195 0 0 0 0 69 0 0 0 0 65 20 22 25 20 94 0 0 0 0 70 
113 204 117 110 115 0 109 0 0 0 64 177 79 76 71 2 103 0 0 0 65 183 68 60 82 
212 184 102 112 102 110 56 0 0 0 115 60 6 3 12 98 73 0 0 0 100 69 0 0 0 
0 128 0 0 0 45 185 66 58 80 0 135 0 0 0 74 208 94 98 74 0 127 0 0 0 
0 0 0 0 0 0 0 0 0 0 0 0 0 0 0 0 0 0 0 0 462 421 454 445 403 
0 0 34 0 0 73 79 91 75 87 0 0 29 0 0 76 75 84 58 79 19 25 59 22 25 
8 15 17 17 51 0 0 0 0 36 80 79 69 70 99 0 0 0 0 33 67 98 78 76 104 
0 0 0 129 0 0 0 0 118 0 0 0 0 142 0 0 0 0 146 0 75 75 79 197 82 
0 67 0 33 69 1 64 0 39 77 0 56 0 34 90 0 60 0 31 72 17 78 25 56 112 
0 25 0 26 0 75 96 76 83 80 84 82 76 75 79 0 15 0 15 0 123 156 125 147 120 
0 0 117 55 0 43 45 155 106 50 0 0 102 39 0 0 0 89 38 0 0 0 126 34 0 
59 0 0 0 0 126 62 61 73 68 99 20 18 20 15 130 47 46 52 41 58 0 0 0 0 
78 35 33 103 37 38 0 0 85 0 44 0 0 79 0 77 35 30 115 32 52 0 0 75 0 
0 0 63 43 0 0 0 55 43 0 101 99 149 132 97 0 0 62 47 0 0 0 67 42 0 
5 7 53 107 8 0 0 54 78 0 52 30 119 125 50 33 42 77 123 36 0 0 49 83 0 
75 7 48 52 11 56 10 51 60 22 150 89 146 136 105 100 24 49 64 21 74 2 57 51 0 
50 0 77 0 63 48 0 61 0 62 28 0 82 0 78 115 59 118 69 127 37 0 67 0 63 
88 29 158 87 64 66 10 152 71 32 59 0 124 29 14 153 50 199 115 99 94 41 186 78 65 
16 99 166 34 139 135 193 285 133 255 32 113 198 58 185 0 49 161 0 112 84 140 210 109 226 
19 21 22 57 48 40 38 34 75 72 0 0 0 31 29 0 0 0 22 17 75 89 89 123 99 
21 39 0 121 0 41 64 0 132 0 97 104 65 190 77 31 54 1 141 0 50 44 0 106 0 
0 0 59 0 0 167 154 216 156 183 0 0 67 0 0 0 0 79 0 0 0 0 73 0 0 
61 11 10 6 20 86 60 64 65 64 94 73 78 87 83 39 0 5 0 12 34 11 14 7 21 
19 139 97 21 40 5 117 75 12 12 0 93 49 0 23 0 114 69 7 14 51 158 120 43 89 
133 171 85 92 86 63 58 38 19 16 39 54 15 0 0 34 43 12 0 0 27 39 12 0 0 
62 85 7 9 13 49 57 1 0 1 39 57 9 1 10 55 69 28 33 30 60 63 34 21 27 
41 91 51 91 33 0 67 10 49 19 0 54 10 50 18 0 47 15 37 14 40 113 73 114 82 
0 0 62 32 11 0 0 50 38 3 0 0 47 48 8 49 57 148 104 68 58 57 115 103 71 
30 40 28 23 33 0 0 0 0 0 77 61 58 65 57 0 0 0 0 0 125 111 104 122 114 
47 32 11 39 41 0 0 0 0 0 0 0 0 0 0 56 57 72 63 74 136 103 120 157 134 
24 33 99 35 40 0 3 59 10 0 55 50 131 48 42 0 0 52 0 0 0 0 59 0 8 
0 0 109 19 0 0 0 83 0 0 17 19 82 0 18 0 0 84 4 0 0 0 103 0 0 
43 70 0 0 0 66 93 38 30 29 67 108 17 14 9 79 119 37 37 41 37 66 0 0 0 
83 109 66 48 62 12 42 1 0 0 71 123 61 47 51 33 70 27 16 13 21 53 0 0 0 
0 127 115 179 0 0 139 127 180 0 0 116 128 188 0 0 128 121 167 0 0 135 128 177 3 
17 0 0 207 0 15 0 0 145 0 138 108 132 258 110 21 0 0 145 0 26 1 1 146 1 
172 192 38 121 117 218 328 116 152 195 166 234 90 128 118 101 143 7 46 34 284 356 153 206 236 
59 157 111 72 84 5 39 55 14 2 29 78 96 28 26 21 78 59 10 26 0 55 48 0 1 
0 18 9 0 57 0 16 13 0 105 0 11 5 3 58 48 74 59 34 146 22 38 37 25 88 
715 564 671 484 585 527 290 334 209 283 468 342 390 197 310 383 196 207 79 202 596 413 480 371 434 
77 71 1 3 0 163 151 68 71 72 81 78 0 0 0 91 92 25 15 17 68 62 0 0 0 
166 292 127 160 124 271 396 156 276 188 154 297 99 168 82 39 179 3 60 0 97 201 59 88 35 
0 0 0 0 52 0 0 0 0 56 0 0 0 0 65 0 0 0 0 58 134 157 141 152 185 
150 0 0 54 0 156 0 0 55 0 141 0 0 40 0 167 0 0 46 0 149 0 0 41 0 
193 156 193 277 135 46 0 86 133 5 103 60 139 205 64 47 9 119 95 36 52 0 96 102 0 
115 111 94 65 14 185 180 156 128 121 91 88 73 32 14 247 209 213 140 140 136 146 130 36 66 
58 130 51 57 53 0 55 0 0 0 6 80 4 5 4 0 64 0 0 0 76 154 61 76 65 
0 0 0 16 0 0 0 0 19 0 0 0 0 18 0 0 0 0 18 0 173 192 220 221 217 
83 13 78 124 129 19 1 36 132 113 96 23 57 163 136 33 0 38 117 86 181 77 126 238 236 
0 106 82 0 106 0 101 83 0 111 0 129 58 0 86 0 98 105 0 98 0 117 81 0 106 
47 22 57 41 33 71 52 91 55 55 23 17 35 20 13 55 45 103 72 48 8 0 32 1 0 
73 0 0 0 50 70 0 0 0 50 81 0 0 0 60 65 0 0 0 48 169 90 79 88 151 
67 85 0 90 50 45 75 0 91 67 70 75 0 109 76 153 176 86 191 148 90 138 28 113 91 
77 107 101 80 65 10 35 42 11 7 0 14 46 0 0 66 79 97 51 46 22 30 56 21 13 
0 0 0 137 35 0 0 0 158 28 27 29 16 156 51 0 0 0 149 34 0 0 0 138 38 
0 0 0 179 14 211 184 161 434 216 0 0 0 199 15 151 162 160 342 147 0 0 0 169 8 
38 148 159 178 60 36 108 147 174 22 79 134 174 191 103 62 215 191 222 101 90 126 176 223 85 
0 0 0 1285 0 0 0 0 1283 0 0 0 0 1309 0 0 1 2 1373 2 0 0 0 1341 0 
195 0 0 0 0 197 13 18 15 19 178 0 0 0 0 196 0 0 0 0 166 0 0 0 0 
92 0 0 0 0 117 0 0 0 0 122 0 0 0 0 102 0 0 0 0 206 88 85 89 99 
151 65 59 100 99 60 0 0 12 13 181 57 45 58 57 175 54 74 100 125 258 153 122 171 151 
20 17 0 0 15 0 37 0 0 0 0 0 0 0 0 29 42 12 46 62 0 2 0 0 0 
54 62 120 86 68 0 0 45 0 0 0 0 53 0 0 0 0 50 0 0 154 144 182 158 156 
1 9 0 87 235 118 131 120 209 353 2 23 0 77 260 0 17 0 85 288 127 153 125 189 322 
8 13 81 12 270 2 3 66 9 192 130 120 186 131 330 165 167 241 187 403 2 4 69 4 224 
123 243 253 200 108 145 223 285 185 82 150 224 253 178 137 54 119 198 83 14 73 178 216 152 20 
128 0 0 15 0 100 0 0 0 0 125 0 0 0 0 122 0 0 0 0 159 20 29 5 33 
45 65 35 37 57 0 35 0 0 0 51 83 45 40 62 6 37 0 0 26 0 52 0 0 11 
612 630 643 685 629 0 0 0 0 0 0 0 0 0 0 0 0 0 0 0 0 0 0 0 0 
73 58 0 0 0 88 71 15 15 14 142 92 40 38 27 98 67 0 0 0 108 96 24 31 32 
36 0 0 72 71 92 52 48 103 142 20 0 0 58 73 40 9 18 62 70 32 35 38 85 78 
16 9 0 0 92 24 1 0 0 69 70 75 55 60 141 23 22 22 17 87 106 133 113 109 153 
55 0 0 0 0 62 0 0 0 0 63 0 0 0 0 201 133 144 146 141 52 0 0 0 0 
74 146 112 128 144 105 244 149 153 193 3 112 56 51 53 118 195 114 163 145 116 236 179 164 156 
0 0 0 0 0 31 35 30 19 22 0 0 0 0 0 59 67 68 64 90 100 94 96 97 127 
159 16 90 7 16 236 3 52 0 2 306 85 159 103 111 314 177 259 147 164 252 53 96 27 45 
17 0 30 0 0 19 0 16 0 0 31 0 19 12 0 79 55 83 71 67 29 3 25 9 0 
0 0 194 0 35 0 0 226 0 36 0 1 193 0 27 0 0 185 0 25 0 0 180 0 33 
101 51 0 125 39 101 53 0 108 58 113 94 30 124 64 86 49 0 107 56 73 59 0 130 31 
60 80 56 85 47 14 28 0 24 0 70 102 63 119 44 16 47 8 43 5 69 64 64 95 36 
0 0 47 58 0 69 54 104 95 62 0 0 42 35 0 57 46 98 79 42 41 28 76 69 29 
