1071 974 895 937 970 1270 1186 1188 1096 1110 730 788 770 732 905 1071 970 1042 1066 1079 767 616 671 629 746 
152 120 156 150 143 0 0 0 0 0 104 78 114 99 92 0 0 0 0 0 0 0 0 0 0 
108 42 38 216 230 95 0 0 151 166 177 52 42 245 273 70 0 0 120 151 92 0 0 144 158 
276 43 85 62 122 192 0 25 0 0 400 118 178 132 180 403 194 263 230 213 289 48 108 68 96 
0 0 1 171 14 177 160 156 397 200 0 2 0 207 15 148 144 145 333 135 0 0 0 157 9 
164 38 86 145 19 148 13 63 96 3 151 26 67 91 26 163 9 45 115 1 302 188 254 304 177 
106 8 21 1 92 83 6 19 0 106 191 87 105 79 165 168 72 95 64 141 210 103 117 101 219 
0 0 0 0 0 0 0 0 0 0 1011 1023 981 1000 1038 0 0 0 0 0 0 0 0 0 0 
0 0 0 243 0 0 0 2 239 0 105 104 95 353 126 113 97 93 370 129 0 0 0 215 0 
13 8 14 206 5 0 0 0 198 0 42 44 38 208 29 0 0 0 189 0 4 6 3 215 4 
109 177 220 218 84 133 202 298 266 105 233 239 324 319 155 112 184 234 236 92 97 115 177 216 36 
0 0 0 0 0 0 0 0 0 0 0 0 0 0 0 70 72 86 81 88 200 184 178 198 171 
85 94 65 60 178 0 9 0 0 115 0 2 0 0 100 0 5 0 0 110 87 82 85 74 172 
150 153 163 166 172 0 0 0 0 0 0 0 0 0 0 0 0 0 0 0 83 82 68 71 85 
0 0 0 0 0 0 0 0 0 0 0 0 0 0 0 418 425 409 398 409 175 161 170 174 195 
0 205 0 0 82 0 170 0 0 98 133 331 156 138 206 0 188 0 0 95 0 216 0 0 79 
976 0 0 0 0 941 0 0 0 0 935 0 0 0 0 996 0 0 0 0 977 0 0 0 0 
6 2 216 128 152 39 12 175 135 157 97 81 261 220 205 170 183 361 319 299 128 101 266 214 267 
87 126 71 127 66 66 89 71 103 66 0 47 0 40 0 46 92 39 84 48 0 41 0 44 0 
31 6 11 8 19 123 95 101 90 108 28 0 0 0 18 22 0 0 0 22 117 105 87 98 133 
0 0 112 0 0 0 0 115 0 0 0 0 123 0 0 126 103 214 101 114 0 0 139 0 0 
0 65 45 50 0 0 86 45 45 0 36 101 97 101 33 0 72 49 49 0 0 76 57 43 0 
1 0 0 1 163 156 137 148 163 279 151 145 131 153 250 2 5 0 0 131 78 100 108 96 220 
0 0 0 0 0 0 0 0 0 0 0 0 0 0 0 1017 1077 1092 1067 985 0 0 0 0 0 
0 18 52 133 0 0 16 52 114 0 0 19 46 145 0 0 18 50 139 0 0 15 51 140 0 
63 47 0 0 0 79 68 15 14 13 128 81 34 33 27 84 60 0 0 0 93 88 22 23 28 
69 104 66 148 146 7 35 19 61 66 15 44 18 81 80 0 38 0 47 63 0 34 0 63 71 
85 100 114 75 12 89 110 143 61 0 237 267 278 246 166 83 126 125 62 2 210 178 245 178 108 
71 11 19 107 16 69 0 0 120 0 205 151 136 237 131 61 0 0 103 0 106 44 43 190 38 
108 86 49 42 33 128 90 48 60 28 49 48 13 0 0 85 79 19 12 13 83 51 10 0 0 
0 0 153 71 0 0 0 172 56 0 0 0 207 59 0 0 0 186 49 0 0 0 161 52 0 
157 208 229 171 127 0 78 103 0 0 0 56 105 0 0 57 99 167 58 36 0 51 122 0 0 
71 56 71 74 69 106 135 109 129 101 23 42 44 39 44 0 0 0 0 0 0 0 0 0 0 
0 0 0 167 0 0 0 0 176 0 233 236 224 416 250 0 0 0 172 0 0 0 0 158 0 
0 0 0 0 0 148 145 183 135 152 0 0 0 0 0 0 0 0 0 0 87 55 76 73 89 
94 0 5 47 34 114 25 45 88 72 185 61 85 116 131 75 0 0 57 27 166 50 65 112 99 
0 76 0 0 0 0 72 0 0 0 0 57 0 0 0 101 137 74 111 74 48 117 42 46 45 
0 0 108 0 0 89 93 188 115 115 0 0 100 0 0 6 8 102 3 9 14 14 89 8 18 
246 191 196 268 112 109 80 69 116 0 79 71 61 97 0 244 219 153 269 99 126 110 83 157 0 
0 0 0 0 0 38 37 30 19 22 0 0 0 0 0 64 75 78 72 101 109 110 113 109 143 
0 226 0 206 0 0 183 0 193 0 8 204 4 199 0 0 193 0 196 0 0 208 0 204 0 
0 38 0 125 0 0 51 0 138 0 0 45 0 131 0 56 136 68 200 61 0 52 0 114 0 
0 0 0 0 74 82 75 77 68 141 94 81 84 86 139 0 0 0 0 81 0 0 0 0 79 
90 307 337 30 238 31 179 233 0 152 85 274 296 46 245 135 335 310 121 288 229 360 389 176 327 
0 60 43 0 95 22 77 58 17 113 34 111 106 44 102 0 78 29 0 87 0 70 33 0 94 
117 106 121 125 130 15 0 0 37 0 14 0 0 43 0 20 0 0 43 0 90 65 64 113 87 
98 0 86 0 0 109 0 87 0 0 181 68 143 72 73 141 22 113 19 19 104 0 98 0 0 
0 18 81 0 96 0 12 69 0 107 0 16 74 0 106 0 14 91 0 133 0 13 69 0 101 
12 45 142 77 17 57 64 140 97 52 0 36 116 31 0 45 67 162 100 39 0 24 106 54 0 
0 67 0 0 0 0 76 0 0 0 126 235 108 143 121 0 94 0 0 0 16 93 19 25 25 
0 0 0 71 0 60 63 51 123 81 0 0 0 69 0 0 0 0 79 0 71 62 57 147 61 
63 0 116 58 0 72 0 122 69 0 74 0 110 62 0 57 0 128 63 0 48 0 119 53 0 
80 46 0 30 0 107 74 16 48 23 95 87 0 28 0 117 54 0 42 0 93 58 0 33 0 
0 0 0 0 25 202 191 191 196 224 0 0 0 0 33 0 0 0 0 33 0 0 0 0 42 
97 49 59 113 80 60 41 50 97 68 24 0 0 53 10 30 0 0 51 12 37 12 9 57 28 
30 68 7 6 10 19 57 0 0 0 21 84 0 0 0 154 199 160 133 139 28 87 0 0 0 
0 0 0 21 0 193 178 202 203 167 0 0 0 23 0 0 0 0 24 0 0 0 0 19 0 
75 84 137 147 92 0 0 55 63 0 0 0 77 64 0 0 0 70 54 0 0 0 62 63 0 
64 57 59 48 68 41 0 0 0 11 76 62 48 48 72 30 0 0 0 22 92 50 45 49 60 
0 0 27 0 72 11 6 37 13 102 0 0 34 0 82 15 10 44 8 105 89 84 124 71 168 
609 599 619 659 611 0 0 0 0 0 0 0 0 0 0 0 0 0 0 0 0 0 0 0 0 
64 113 144 67 77 28 83 107 28 29 0 37 73 0 0 0 39 78 0 0 0 40 70 0 0 
0 0 117 0 0 0 0 96 0 0 80 119 224 113 106 0 0 92 0 0 0 0 113 0 0 
126 139 48 68 165 46 48 0 0 101 50 72 0 0 81 49 55 0 0 96 64 50 0 0 92 
0 45 0 0 0 33 93 40 22 32 0 55 0 9 0 0 52 0 21 0 7 39 5 17 0 
8 7 99 5 12 0 0 86 0 0 0 0 83 0 0 35 39 120 27 29 75 78 150 58 85 
0 0 0 51 75 87 81 63 117 163 0 0 0 49 73 0 0 0 36 84 0 0 0 47 73 
105 179 89 83 93 27 122 0 0 0 33 131 9 11 10 28 90 0 0 0 27 88 4 5 0 
69 28 89 38 96 15 0 32 9 66 12 0 41 0 77 16 0 52 0 64 13 0 38 0 70 
64 12 0 0 1 53 4 1 0 0 72 54 34 40 70 96 53 7 33 35 174 117 89 140 122 
67 34 117 48 47 32 0 79 0 0 29 0 77 0 5 26 0 69 0 0 83 45 121 48 38 
73 70 90 46 48 33 27 23 0 6 58 63 55 25 41 44 26 31 0 6 36 31 35 0 6 
0 62 68 0 0 0 71 56 0 0 21 104 72 21 21 32 109 60 40 42 0 62 51 0 0 
54 102 56 52 48 37 110 36 40 32 19 84 20 21 29 28 62 28 28 31 0 65 0 0 0 
25 0 83 0 39 60 43 119 39 77 19 0 78 0 19 22 0 86 0 21 29 0 90 0 21 
0 2108 0 0 0 0 2155 0 0 0 0 2041 0 0 0 0 2112 0 0 0 0 2037 0 0 0 
24 129 145 20 8 76 212 189 94 80 3 120 148 7 0 51 224 174 97 58 0 132 97 0 0 
65 90 75 0 1 48 123 98 0 0 81 102 101 0 0 65 119 88 0 0 59 112 96 1 0 
6 116 0 166 0 112 211 111 316 127 131 221 118 332 109 6 109 0 173 0 1 126 0 145 0 
63 80 125 109 71 0 0 37 0 0 0 0 64 2 0 0 0 63 0 2 198 199 222 207 188 
0 0 0 0 0 1255 1204 1220 1172 1240 0 0 0 0 0 0 0 0 0 0 0 0 0 0 0 
0 0 80 125 0 0 0 74 106 0 0 0 81 127 0 0 0 81 125 0 0 0 72 128 0 
163 55 59 95 47 190 58 58 122 78 120 0 0 45 0 108 1 0 39 0 101 0 0 53 0 
0 119 0 0 76 0 141 0 0 73 0 147 0 0 81 0 129 0 0 67 0 137 0 0 97 
149 250 134 216 102 105 241 90 135 33 218 355 227 276 134 229 373 247 273 166 190 331 253 233 149 
119 97 324 315 107 0 2 217 224 0 135 136 337 356 113 0 0 185 223 6 20 24 247 223 16 
183 157 152 204 304 12 35 6 26 189 14 24 10 13 163 274 252 210 225 424 262 299 284 270 456 
0 61 0 0 0 0 49 0 0 0 0 66 0 0 0 7 61 1 7 3 154 200 159 134 152 
75 46 58 19 83 60 20 37 0 62 61 19 49 0 45 87 17 42 0 62 168 162 146 116 220 
197 73 0 99 0 195 67 0 103 0 204 59 0 103 0 185 67 0 111 0 199 58 0 115 0 
54 0 0 0 0 62 0 0 0 0 64 0 0 0 0 202 133 145 146 141 52 0 0 0 0 
86 211 210 133 42 87 182 198 120 34 90 207 189 88 53 54 156 186 69 0 61 216 206 102 22 
69 7 8 50 25 102 73 58 108 70 100 72 59 85 77 72 30 31 74 43 70 0 1 31 18 
115 123 137 84 196 0 0 7 0 47 69 79 82 65 110 0 0 19 0 51 0 0 11 0 64 
35 64 0 73 0 125 155 75 121 62 65 82 28 102 37 40 59 0 78 0 31 49 0 64 0 
91 104 96 99 139 81 91 72 66 113 0 27 0 0 51 0 29 0 0 27 64 92 57 62 116 
0 67 0 0 0 28 121 31 30 25 33 124 29 33 30 23 112 26 25 30 39 112 41 37 44 
33 11 41 34 0 103 71 112 112 63 43 21 47 37 0 47 8 44 35 0 41 20 37 39 0 
0 27 0 112 257 146 160 140 297 424 0 49 0 107 303 0 21 0 103 314 134 188 140 233 387 
6 18 74 8 228 2 0 72 5 163 104 97 162 105 276 139 141 229 170 330 1 2 64 2 175 
156 0 0 1 0 128 0 0 0 0 231 82 107 105 108 125 0 0 0 0 135 0 0 0 0 
0 0 0 0 817 0 0 0 0 776 0 0 0 0 827 0 0 0 0 820 0 0 0 0 763 
135 110 0 177 75 135 137 1 224 76 184 186 55 259 130 117 117 1 173 78 146 175 2 241 82 
161 0 0 0 0 301 104 96 98 92 194 0 0 0 0 166 0 0 0 0 169 0 0 0 0 
0 0 0 0 0 76 60 75 69 78 0 0 0 0 0 152 128 145 151 144 0 0 0 0 0 
0 22 0 143 0 33 55 45 186 32 0 19 0 132 0 0 16 0 136 0 0 20 0 158 0 
72 44 78 106 122 34 0 53 53 52 29 4 55 65 55 83 53 100 119 104 10 9 48 57 38 
51 61 65 152 121 34 30 34 95 89 0 0 0 96 57 0 0 0 58 59 7 12 10 90 59 
0 8 57 0 0 72 81 151 73 80 0 9 61 0 0 47 66 142 43 52 0 5 53 0 0 
111 0 113 0 0 104 0 87 0 0 92 0 102 4 1 69 0 105 0 0 115 11 88 12 9 
313 79 315 127 165 345 145 419 197 218 342 128 388 184 242 217 0 224 57 110 230 46 255 39 76 
68 157 72 87 69 0 85 0 28 0 17 125 29 35 27 0 106 0 17 0 0 75 0 22 0 
0 0 31 0 58 35 46 77 44 113 55 74 89 53 121 0 0 32 0 61 0 0 48 0 58 
0 0 17 0 195 0 0 18 0 182 0 0 28 0 173 0 0 26 0 188 0 0 24 0 190 
0 0 0 51 0 0 0 0 60 0 55 63 47 147 50 0 0 0 60 0 91 81 88 169 89 
92 0 0 96 0 113 0 0 115 0 101 0 0 90 0 93 0 0 119 0 98 0 0 110 0 
6 51 82 66 0 129 201 209 186 139 188 219 262 243 140 0 74 111 80 20 99 145 149 172 82 
130 150 142 120 257 0 0 0 0 89 0 0 0 0 83 29 26 31 20 128 0 0 0 0 95 
127 218 132 125 128 0 112 0 0 0 78 183 87 93 86 6 100 1 0 6 77 188 68 76 89 
156 147 89 85 86 85 47 0 0 0 95 54 6 4 11 66 52 0 0 0 82 60 0 0 0 
0 97 0 0 0 30 161 48 48 54 0 116 0 0 0 57 170 75 70 56 0 103 0 0 0 
0 0 0 0 0 0 0 0 0 0 0 0 0 0 0 0 0 0 0 0 435 404 442 414 390 
0 0 37 0 0 73 79 92 75 87 0 0 31 0 0 77 75 85 59 79 19 24 59 22 26 
6 16 18 18 51 0 0 0 0 41 82 81 71 71 98 0 0 0 0 33 67 105 82 79 113 
0 0 0 127 0 0 0 0 111 0 0 0 0 135 0 0 0 0 139 0 72 71 76 190 79 
0 64 0 32 67 0 61 0 36 73 0 56 0 34 91 0 59 0 31 72 16 76 21 53 112 
0 112 0 0 0 0 108 0 0 0 0 106 0 0 0 0 96 0 0 0 97 185 99 105 92 
0 18 2 29 0 81 72 76 74 81 56 22 43 54 57 0 0 0 21 0 112 117 116 161 108 
0 0 116 55 0 43 43 154 106 50 0 0 102 39 0 0 0 89 38 0 0 0 126 35 0 
3 41 0 0 0 0 70 10 0 32 0 51 0 0 19 0 42 3 0 34 0 41 6 0 26 
59 0 0 0 0 125 62 61 76 69 98 20 18 19 15 131 47 46 52 41 58 0 0 0 0 
83 35 33 111 37 39 0 0 91 0 48 0 0 85 0 83 35 30 120 32 55 0 0 83 0 
0 0 63 43 0 0 0 55 43 0 101 99 149 132 97 0 0 62 47 0 0 0 67 42 0 
35 0 0 82 111 94 71 81 133 204 28 0 4 83 112 57 19 34 92 114 37 31 48 97 126 
2 7 55 105 8 0 0 54 81 0 53 33 119 135 56 29 51 75 124 43 0 0 50 88 0 
46 3 49 47 10 40 3 40 44 20 127 76 108 110 83 69 18 41 57 21 61 0 51 44 0 
42 0 61 0 61 41 0 61 0 53 30 0 73 0 80 101 59 116 69 118 32 0 63 0 60 
85 36 182 75 49 70 13 160 72 39 54 0 119 15 5 170 68 224 127 115 104 34 205 86 73 
9 103 164 28 150 161 254 339 157 296 32 115 209 46 215 0 47 171 0 122 109 156 247 129 253 
22 21 22 60 49 41 40 34 89 80 0 0 0 32 29 0 0 0 24 18 82 97 98 127 107 
21 38 0 107 0 43 68 0 143 0 111 102 47 179 69 30 48 0 139 0 49 47 0 115 0 
0 0 52 0 0 158 141 199 148 176 0 0 65 0 0 0 0 73 0 0 0 0 71 0 0 
56 90 70 105 45 17 41 0 42 1 85 122 83 142 57 19 73 22 70 11 91 100 89 152 58 
11 7 0 0 63 12 2 0 0 50 53 53 41 35 107 19 19 14 10 63 79 97 79 75 109 
56 7 4 0 16 81 52 58 62 54 92 72 75 85 77 34 0 0 0 3 35 5 7 0 18 
21 106 80 17 33 0 98 70 6 6 0 73 48 0 20 0 88 54 5 12 57 137 113 44 89 
153 193 91 101 107 76 66 47 21 20 41 51 19 0 0 41 57 15 0 0 35 49 16 0 0 
99 0 0 24 0 83 0 0 14 0 98 0 0 37 0 104 0 0 0 0 123 15 23 50 30 
64 76 9 18 17 48 37 0 0 0 50 66 13 9 15 61 67 32 35 39 79 73 45 29 42 
37 74 42 70 29 0 62 11 42 15 0 49 10 44 17 0 44 14 31 11 40 103 64 97 79 
0 0 56 27 11 0 0 45 34 2 0 0 44 40 6 43 53 121 94 60 54 49 99 93 63 
29 38 26 22 31 0 0 0 0 0 71 59 57 60 55 0 0 0 0 0 120 107 98 113 110 
47 37 35 33 36 0 0 17 0 0 0 0 18 0 0 56 44 97 60 51 131 103 144 149 132 
39 41 106 36 53 5 10 61 0 20 56 47 128 44 47 0 0 53 0 0 0 2 58 15 3 
0 0 180 32 0 0 0 141 23 0 19 19 156 37 17 0 0 166 23 0 0 0 161 22 0 
44 112 0 0 0 94 146 64 52 59 87 172 30 22 13 104 186 66 67 60 38 101 0 0 0 
67 0 78 74 94 130 70 167 174 179 124 73 160 186 211 142 51 115 106 159 61 5 92 136 125 
105 152 83 67 78 13 79 2 0 0 100 182 81 64 72 49 99 36 26 23 27 77 0 0 0 
0 127 117 172 0 0 135 125 180 0 0 114 125 179 3 0 123 121 163 0 0 136 125 173 0 
13 0 0 130 0 8 0 0 95 0 91 65 87 186 82 11 0 0 99 0 19 1 1 105 1 
45 64 34 34 58 0 47 0 0 23 51 76 43 36 62 7 32 0 0 34 0 51 0 0 22 
102 106 9 41 60 180 209 79 76 144 115 135 43 76 75 68 64 1 19 56 159 240 101 98 108 
97 231 181 110 125 8 53 90 18 3 38 85 123 45 41 25 92 88 15 39 0 73 56 0 0 
0 22 5 0 63 4 15 18 0 99 0 5 4 0 50 54 77 62 36 141 16 41 31 22 86 
641 429 473 345 469 462 253 257 181 252 515 325 311 200 291 352 147 91 29 117 565 395 441 360 398 
78 62 2 3 0 159 153 78 74 65 91 85 0 0 0 97 87 21 15 17 67 57 0 0 0 
134 301 136 143 129 235 346 146 250 182 128 289 71 146 67 40 183 0 30 0 94 227 70 96 54 
8 0 3 66 0 9 0 0 32 0 57 43 48 67 25 74 50 44 94 63 27 0 1 41 0 
0 0 0 0 57 0 0 0 0 63 0 0 0 0 85 0 0 0 0 69 159 189 160 185 237 
73 0 36 0 16 156 4 57 37 38 170 62 116 67 70 194 85 150 95 107 146 32 51 13 34 
150 0 0 54 0 156 0 0 55 0 141 0 0 40 0 168 0 0 46 0 149 0 0 41 0 
154 120 146 221 115 40 1 77 118 5 80 41 106 167 62 51 6 83 98 22 44 0 76 93 1 
0 0 43 49 0 63 45 87 83 54 0 0 34 31 0 50 43 86 72 41 36 27 70 62 24 
76 115 83 192 165 0 11 3 93 54 0 16 6 75 65 0 14 9 92 54 32 40 24 90 58 
117 106 84 93 36 170 152 139 132 127 85 71 51 71 5 221 160 157 159 122 152 146 155 113 91 
95 16 87 0 0 105 13 101 0 0 117 9 94 0 0 119 8 93 0 0 118 14 101 0 0 
63 144 56 60 61 0 53 0 0 0 0 83 1 0 3 0 61 0 0 0 82 163 69 83 72 
0 0 0 16 0 0 0 0 19 0 0 0 0 19 0 0 0 0 18 0 171 176 206 205 201 
44 3 0 32 38 118 85 77 104 101 49 7 0 35 38 41 0 0 24 43 50 3 0 29 34 
63 8 55 121 95 26 3 36 116 102 70 28 51 144 107 24 0 32 95 80 128 94 117 207 203 
0 0 0 194 0 0 0 0 185 0 0 0 0 177 0 4 6 5 224 6 0 0 0 199 0 
0 78 59 0 77 0 76 70 0 80 0 86 57 0 60 0 84 71 0 77 0 96 72 0 79 
0 0 0 155 36 0 0 0 172 28 30 29 19 169 60 0 0 0 156 38 0 0 0 150 43 
0 0 0 28 0 60 45 38 66 39 0 0 0 10 0 32 35 53 66 41 42 48 43 85 39 
60 33 71 55 50 97 50 119 70 72 31 16 52 25 14 76 57 132 83 65 8 0 35 0 1 
4 0 0 0 46 0 0 0 0 34 0 0 0 0 41 0 0 0 0 34 29 0 0 20 44 
0 0 201 0 39 0 0 232 0 29 1 0 205 0 21 0 0 192 0 20 0 0 178 0 25 
73 147 17 152 96 73 141 8 167 141 45 94 0 153 70 222 288 160 312 249 138 220 126 227 166 
159 0 0 0 2 177 0 0 0 12 200 0 0 0 12 161 0 0 0 10 338 170 157 153 193 
0 0 0 1042 0 0 0 0 1055 0 1 0 0 1059 0 0 0 0 1103 0 0 0 0 1055 0 
0 0 1459 0 0 0 0 1476 0 0 0 0 1372 0 0 0 0 1490 0 0 0 0 1459 0 0 
