878 777 644 794 811 1079 1113 979 1035 1131 656 702 564 702 802 989 974 821 1001 1020 637 543 425 524 613 
173 132 172 156 153 0 0 0 0 0 123 79 118 98 109 0 0 0 0 0 0 0 0 0 0 
137 39 42 207 217 88 0 0 141 146 190 72 54 303 291 77 0 0 111 133 66 0 0 110 130 
0 0 69 74 0 90 59 133 119 100 0 4 78 46 0 79 55 133 126 49 51 39 125 113 37 
166 44 112 147 38 147 12 85 101 4 127 36 89 111 30 118 7 61 108 0 267 180 243 278 176 
104 6 16 0 104 96 6 9 0 130 197 95 101 79 199 158 75 104 56 160 227 108 125 104 252 
0 0 0 0 0 0 0 0 0 0 1039 1046 993 1016 1053 0 0 0 0 0 0 0 0 0 0 
0 0 0 315 0 0 0 3 284 0 137 137 133 428 135 140 125 108 456 144 0 0 0 290 0 
13 8 11 186 5 0 0 0 196 0 41 47 36 188 35 0 0 0 162 0 1 4 4 180 0 
0 0 0 1 0 0 0 0 0 0 0 0 0 0 0 73 86 85 75 103 215 173 172 231 179 
66 89 60 56 164 0 9 0 0 100 0 3 0 0 97 0 4 0 0 106 74 77 73 63 158 
138 150 153 159 158 0 0 0 0 0 0 0 0 0 0 0 0 0 0 0 88 80 65 68 90 
0 0 0 0 0 0 0 0 0 0 0 0 0 0 0 423 423 413 401 408 189 175 180 184 200 
0 202 0 0 85 0 177 0 0 95 126 338 155 137 218 0 185 0 0 102 0 221 0 0 75 
795 0 0 0 0 788 0 0 0 0 784 0 0 0 0 812 0 0 0 0 823 0 0 0 0 
15 3 240 156 160 82 10 231 200 191 133 128 343 292 267 212 197 441 362 376 144 104 310 277 339 
76 148 110 178 90 74 88 75 133 83 0 52 0 54 0 37 113 68 110 52 0 51 0 44 0 
41 8 19 11 22 144 112 138 121 144 46 0 0 0 20 24 0 0 0 18 150 147 114 137 162 
0 0 131 0 0 0 0 117 0 0 0 0 134 0 0 134 114 248 111 124 0 0 144 0 0 
0 63 43 46 0 0 80 43 46 0 36 97 90 97 33 0 70 47 48 0 0 71 55 42 0 
0 1 1 5 135 123 102 111 141 233 117 109 108 107 205 4 1 0 0 121 78 82 92 86 187 
0 0 0 0 0 0 0 0 0 0 0 0 0 0 0 1019 1092 1107 1065 1005 0 0 0 0 0 
0 18 54 140 0 0 17 52 121 0 0 18 48 145 0 0 19 54 146 0 0 15 51 147 0 
77 60 0 0 0 93 85 17 18 16 161 95 38 35 34 105 72 0 0 0 107 97 23 25 36 
68 103 63 139 133 6 37 16 60 61 10 39 18 72 76 0 39 0 51 64 0 32 0 53 60 
86 125 123 72 6 89 124 165 67 0 291 295 343 280 198 105 121 133 71 0 249 206 282 206 121 
69 21 12 102 25 65 0 0 112 0 210 152 133 218 129 72 0 0 100 1 109 51 47 167 43 
123 115 51 56 37 158 99 52 64 36 71 58 15 0 0 96 75 15 15 17 86 51 10 0 0 
0 0 135 56 0 0 0 148 52 0 0 0 179 51 0 0 0 159 43 0 0 0 136 41 0 
122 165 186 134 124 0 53 82 0 0 0 57 65 0 0 44 72 116 34 38 0 44 104 0 0 
63 51 67 66 58 96 114 101 111 98 22 39 42 35 36 0 0 0 0 0 0 0 0 0 0 
0 0 0 182 0 0 0 0 194 0 244 252 234 443 257 0 0 0 181 0 0 0 0 169 0 
0 0 0 0 0 143 130 169 133 135 0 0 0 0 0 0 0 0 0 0 73 54 65 63 80 
110 2 0 59 48 134 34 49 104 98 202 77 87 140 151 85 0 0 61 44 193 65 82 137 120 
0 78 0 0 0 0 73 0 0 0 0 59 0 0 0 112 147 92 121 82 52 123 46 51 46 
0 0 107 0 0 98 102 208 116 121 0 0 109 0 0 7 10 108 4 9 17 16 91 9 15 
277 245 185 267 123 127 106 77 126 0 87 110 60 95 0 288 289 166 300 133 135 140 77 149 0 
0 0 0 0 0 31 35 30 17 21 0 0 0 0 0 58 66 68 65 89 100 94 96 97 127 
0 230 0 204 0 0 183 0 199 0 3 200 5 196 5 0 187 0 199 0 0 206 0 207 0 
0 43 0 133 0 0 51 0 148 0 0 50 0 148 0 66 151 80 222 84 0 60 0 134 0 
0 0 0 0 83 88 76 85 71 147 97 78 82 90 134 0 0 0 0 79 0 0 0 0 84 
81 315 349 59 249 13 209 279 12 146 66 281 343 47 194 105 319 312 92 236 202 369 397 167 301 
0 50 42 0 90 21 63 48 14 95 27 89 96 40 89 0 62 31 0 72 0 67 28 0 74 
101 98 102 113 120 16 0 0 37 0 13 0 0 38 0 17 0 0 43 0 88 68 63 113 77 
69 0 65 0 0 63 0 75 0 0 113 53 107 48 50 99 16 78 12 10 66 0 73 0 0 
0 18 81 0 96 0 12 69 0 107 0 16 74 0 106 0 14 91 0 133 0 13 69 0 101 
14 61 147 86 20 41 64 149 109 45 0 34 120 43 0 38 68 151 117 46 0 29 105 64 0 
0 64 0 0 0 0 72 0 0 0 115 224 101 128 123 0 89 0 0 0 15 82 17 23 25 
0 0 0 75 0 63 70 52 135 89 0 0 0 75 0 0 0 0 84 0 78 66 63 162 70 
62 0 103 56 0 67 0 130 67 0 68 0 112 56 0 50 0 115 62 0 53 0 117 56 0 
90 52 0 35 0 115 86 16 56 28 104 103 0 30 0 130 63 0 50 0 98 60 0 37 0 
0 0 0 0 29 200 187 203 211 233 0 0 0 0 42 0 0 0 0 34 0 0 0 0 39 
89 47 57 110 77 58 37 49 96 68 24 0 0 52 10 28 0 0 48 11 37 12 7 56 27 
30 60 9 6 14 18 57 0 0 0 21 86 0 0 0 154 203 137 137 125 28 84 0 0 0 
0 0 0 22 0 194 178 204 209 179 0 0 0 23 0 0 0 0 25 0 0 0 0 21 0 
92 102 175 174 119 0 0 67 85 0 0 0 95 76 0 0 0 75 72 0 0 0 74 83 0 
62 57 59 48 68 40 0 0 0 11 76 61 48 48 72 30 0 0 0 22 92 49 45 48 60 
0 0 24 0 69 9 6 37 11 89 0 0 34 0 70 10 7 43 8 95 81 74 114 64 153 
587 592 609 641 592 0 0 0 0 0 0 0 0 0 0 0 0 0 0 0 0 0 0 0 0 
68 146 165 86 98 36 108 120 36 40 0 39 87 0 0 0 49 93 0 0 0 55 85 0 0 
0 0 110 0 0 0 0 91 0 0 76 114 206 112 101 0 0 85 0 0 0 0 104 0 0 
111 131 43 57 153 42 47 0 0 93 46 67 0 0 66 47 47 0 0 82 64 50 0 0 95 
0 49 0 23 36 59 115 57 80 94 0 59 0 27 38 0 55 0 39 40 26 65 22 52 63 
9 7 99 5 12 0 0 87 0 0 0 0 83 0 0 36 39 120 27 29 75 78 150 59 85 
0 0 0 54 80 93 92 72 130 184 0 0 0 52 82 0 0 0 38 93 0 0 0 54 82 
113 189 86 83 94 24 128 0 0 0 35 124 9 10 11 29 80 0 0 0 30 105 3 3 0 
73 34 100 39 103 16 0 37 8 64 22 0 41 0 78 20 0 48 12 62 14 0 40 15 71 
49 10 0 0 3 45 0 5 0 0 56 24 41 43 60 96 47 48 30 41 157 102 115 132 109 
58 34 118 48 48 25 0 81 0 0 10 0 77 0 0 18 0 70 0 0 65 26 110 43 16 
33 19 38 5 4 19 2 0 0 0 0 11 6 0 10 27 0 0 0 0 23 0 0 0 0 
0 62 61 0 0 0 71 47 0 0 21 104 78 21 21 32 109 59 40 42 0 62 49 0 0 
16 0 0 0 1 0 27 0 0 0 0 0 0 0 0 14 0 0 0 0 0 0 0 0 0 
30 0 91 0 45 64 41 124 38 79 25 0 85 0 29 35 9 99 5 36 29 0 98 0 27 
0 2122 0 0 0 0 2168 0 0 0 0 2043 0 0 0 0 2107 0 0 0 0 2062 0 0 0 
27 141 119 18 19 99 219 225 76 67 7 128 102 5 0 41 177 161 90 48 9 128 114 0 0 
66 135 101 0 0 60 151 143 0 0 104 160 135 0 0 97 147 128 0 0 75 140 133 0 0 
0 96 0 114 0 82 155 79 165 80 74 143 31 146 51 2 98 0 118 0 0 112 0 85 0 
0 0 0 0 0 1265 1219 1218 1171 1245 0 0 0 0 0 0 0 0 0 0 0 0 0 0 0 
0 0 92 141 0 0 0 83 117 0 0 0 89 140 0 0 0 92 139 0 0 0 74 143 0 
140 52 49 91 47 151 55 52 113 63 83 0 0 43 0 93 0 0 42 0 89 0 0 50 0 
0 119 0 0 76 0 158 1 0 75 0 154 0 0 89 0 140 0 0 67 0 147 0 0 103 
178 276 159 259 96 77 182 39 130 1 324 405 258 390 160 148 288 147 205 83 226 378 285 293 164 
99 86 298 293 108 0 1 196 188 4 118 124 300 312 126 1 0 161 186 11 27 27 214 202 41 
137 124 108 165 277 8 23 0 12 183 13 12 5 4 177 226 233 186 205 388 254 252 259 253 420 
0 70 0 0 0 0 55 0 0 0 0 66 0 0 0 9 66 4 8 3 171 211 180 147 174 
56 25 43 13 46 48 14 28 0 41 49 11 40 0 33 65 14 31 0 43 120 105 104 81 123 
219 71 1 109 0 225 74 0 112 0 217 56 0 111 0 205 72 0 123 0 221 61 0 125 0 
55 0 0 0 0 62 0 0 0 0 64 0 0 0 0 202 133 145 146 141 52 0 0 0 0 
156 294 312 210 92 162 282 317 209 68 150 290 332 207 134 83 210 260 119 13 72 232 240 129 26 
64 0 8 48 20 93 73 48 108 69 90 61 60 80 73 59 21 20 62 31 45 0 0 25 13 
134 134 145 113 211 0 0 9 0 48 79 89 85 78 125 0 0 23 0 55 0 0 21 0 60 
37 82 0 85 0 134 176 95 167 80 87 113 60 146 55 51 78 0 78 0 36 68 0 82 0 
88 97 85 84 136 89 84 75 60 112 0 27 0 0 51 0 20 0 0 37 55 69 57 48 101 
0 71 0 0 0 32 150 33 34 32 39 157 42 44 35 24 130 27 33 46 43 144 46 43 56 
18 11 39 22 0 89 71 110 96 63 38 21 45 26 0 27 9 44 0 0 24 20 37 24 0 
1 7 2 72 207 131 122 110 209 349 2 38 5 87 248 0 6 0 81 254 116 141 122 193 313 
12 28 92 4 245 8 6 81 12 183 122 108 186 107 300 151 152 238 172 345 4 4 72 5 196 
152 0 0 0 0 135 0 0 0 0 229 86 106 107 112 119 0 0 0 0 136 0 0 0 0 
0 0 0 0 834 0 0 0 0 791 0 0 0 0 848 0 0 0 0 825 0 0 0 0 780 
120 95 0 168 56 130 119 1 170 74 160 151 49 213 103 113 98 4 141 75 122 140 0 170 53 
156 0 0 0 0 290 112 92 99 81 192 0 0 0 0 174 0 0 0 0 179 0 0 0 0 
0 0 0 0 0 74 55 70 64 69 0 0 0 0 0 142 117 138 141 137 0 0 0 0 0 
0 22 0 142 0 33 55 46 186 32 0 19 0 132 0 0 16 0 136 0 0 19 0 160 0 
118 70 115 149 160 57 0 81 64 47 25 1 71 74 63 102 58 118 146 122 14 1 55 55 49 
43 48 55 128 106 28 22 31 81 74 0 0 0 77 55 0 0 0 48 50 7 10 9 75 53 
0 12 64 0 0 77 97 172 85 90 0 12 69 1 0 55 79 165 47 60 0 4 60 0 0 
128 0 123 0 0 111 0 95 0 0 105 1 111 6 1 79 0 103 0 0 117 10 94 12 12 
294 127 332 111 231 314 115 344 135 217 345 158 372 182 264 195 12 213 39 118 191 63 258 30 126 
68 161 78 95 73 0 91 0 29 0 17 144 31 36 29 0 109 0 18 0 0 81 0 23 0 
0 0 33 0 58 35 46 78 44 113 55 74 89 53 121 0 0 33 0 61 0 0 49 0 57 
0 0 18 0 212 0 0 18 0 196 0 0 32 0 177 0 0 27 0 194 0 0 23 0 196 
0 0 0 50 0 0 0 0 59 0 54 59 45 140 45 0 0 0 59 0 85 78 82 158 86 
102 0 0 106 0 123 0 0 127 0 104 0 0 100 0 112 0 0 147 0 114 0 0 123 0 
0 36 56 79 0 104 194 185 220 127 163 217 220 238 144 0 50 82 109 16 66 105 113 160 53 
120 167 135 115 252 0 0 0 0 93 0 0 0 0 96 24 28 38 24 136 0 0 0 0 92 
144 261 160 159 161 0 142 0 0 0 102 222 101 102 94 1 109 1 0 1 100 229 93 72 99 
151 152 81 82 87 88 50 0 0 0 89 50 4 4 10 74 54 0 0 0 84 72 0 0 0 
0 115 0 0 0 32 172 47 63 66 0 141 0 0 0 65 192 82 87 66 0 119 0 0 0 
0 0 0 0 0 0 0 0 0 0 0 0 0 0 1 0 0 0 0 0 462 432 467 459 425 
0 0 45 0 0 84 93 118 84 102 0 0 37 0 0 94 89 108 68 87 27 29 81 28 30 
8 15 16 17 52 0 0 0 0 36 80 79 71 69 99 0 0 0 0 33 68 98 78 76 105 
0 0 0 151 0 0 0 0 136 0 0 0 0 169 0 0 0 0 164 0 89 84 94 246 95 
1 68 0 34 70 0 64 0 39 73 0 55 0 35 87 0 59 0 32 70 17 72 24 55 107 
0 112 0 0 0 0 108 0 0 0 0 106 0 0 0 0 96 0 0 0 97 185 99 105 91 
0 0 0 11 0 80 61 81 75 80 37 0 42 39 43 0 0 0 16 0 100 86 105 144 105 
0 0 117 55 0 43 45 155 106 50 0 0 102 38 0 0 0 88 38 0 0 0 126 35 0 
58 0 0 0 0 126 62 61 76 69 98 20 18 20 15 131 47 45 52 41 57 0 0 0 0 
83 35 33 111 37 39 0 0 91 0 48 0 0 85 0 83 35 30 120 32 55 0 0 83 0 
0 0 63 43 0 0 0 55 43 0 82 89 143 122 94 0 0 62 47 0 0 0 67 42 0 
32 0 0 67 109 98 74 86 134 205 36 1 7 86 108 53 24 28 95 108 29 35 52 84 112 
3 8 52 103 13 0 0 58 92 0 61 41 133 153 67 30 43 75 139 37 0 0 51 90 0 
72 7 78 72 19 66 8 52 64 30 188 96 165 169 118 107 21 76 78 28 79 0 64 67 3 
39 0 54 0 55 38 0 56 0 51 25 0 66 0 70 88 49 103 64 103 30 0 55 0 53 
90 17 159 95 48 67 10 134 89 34 57 0 100 27 10 175 60 213 126 104 93 29 186 60 61 
0 60 130 16 103 147 182 299 129 234 35 111 193 50 170 0 30 147 2 106 95 131 235 112 200 
19 21 22 57 48 40 38 34 75 72 0 0 0 31 29 0 0 0 22 17 75 89 89 123 99 
22 33 0 99 2 34 48 0 110 0 86 84 47 149 64 29 42 0 122 0 45 40 0 91 0 
0 0 64 0 0 170 153 222 157 190 0 0 62 0 0 0 0 78 0 0 0 0 76 0 0 
15 11 0 0 73 10 3 0 0 61 74 64 53 44 140 22 24 15 12 86 96 136 111 98 172 
72 12 9 8 21 115 83 83 81 81 130 95 100 122 109 50 0 2 0 13 42 13 10 5 24 
19 106 80 15 29 0 104 67 5 7 0 72 44 0 21 0 82 51 6 13 53 131 107 43 89 
168 209 107 119 118 87 66 57 26 24 45 51 20 0 0 50 49 17 0 0 41 53 16 0 0 
95 0 0 13 0 83 0 0 0 0 99 0 0 22 0 100 0 0 2 0 122 15 23 31 29 
67 79 15 22 22 46 40 0 0 0 48 68 15 8 15 63 68 35 37 46 78 75 48 25 44 
38 76 43 70 29 0 62 11 42 16 0 51 11 46 19 0 43 14 31 11 38 104 64 97 78 
0 0 56 27 10 0 0 45 35 3 0 0 44 40 6 43 53 122 94 61 53 50 99 93 63 
29 38 26 22 30 0 0 0 0 0 71 59 57 62 55 0 0 0 0 0 120 107 98 114 110 
50 36 36 35 42 0 0 18 0 0 0 0 22 0 0 54 50 84 58 51 135 103 144 140 125 
35 45 109 47 53 4 10 61 13 15 57 52 127 58 47 0 0 46 2 0 0 4 54 15 0 
0 0 180 32 0 0 0 141 23 0 19 20 156 37 18 0 0 166 23 0 0 0 161 23 0 
45 96 0 0 0 93 125 52 39 44 92 150 26 16 14 100 166 57 51 57 42 86 0 0 0 
75 0 62 69 80 136 64 153 144 149 148 69 137 178 185 124 27 82 84 141 77 2 66 96 91 
123 160 88 79 96 16 61 2 0 0 94 164 88 67 80 55 102 38 24 21 36 71 0 0 0 
0 117 110 166 0 0 137 123 166 0 0 112 124 172 0 0 118 118 161 0 0 127 118 172 0 
18 0 0 157 0 9 0 0 135 0 114 79 113 247 118 12 0 0 127 0 21 1 0 129 1 
39 62 35 40 62 0 50 0 0 19 45 75 36 36 63 0 35 0 0 31 0 51 0 0 30 
148 168 45 112 119 188 256 98 115 209 160 202 90 126 139 95 122 11 44 87 253 292 144 185 206 
63 156 124 76 87 7 39 61 11 3 32 68 90 33 29 21 70 60 10 25 0 51 47 0 0 
10 38 18 9 86 19 47 34 14 120 10 22 18 11 61 74 99 83 58 178 35 50 50 38 115 
721 518 609 398 503 482 263 319 217 231 516 315 326 216 287 370 141 165 65 109 563 382 471 372 386 
110 80 2 4 1 199 167 82 83 84 78 101 0 0 0 112 108 24 20 24 70 60 0 0 0 
148 293 108 152 116 249 364 145 253 188 122 284 65 157 83 27 183 0 61 0 87 204 60 104 35 
0 0 0 0 53 0 0 0 0 59 0 0 0 0 67 0 0 0 0 59 139 161 157 167 199 
73 3 45 0 17 139 17 63 34 40 145 55 109 63 62 181 92 152 91 117 149 37 60 24 39 
154 0 0 55 0 159 0 0 56 0 141 0 0 40 0 172 0 0 46 0 152 0 0 42 0 
154 118 144 220 110 40 2 85 118 2 80 45 114 182 69 49 4 103 91 27 41 0 74 77 0 
72 108 96 198 152 0 7 5 98 45 0 16 6 69 51 0 12 10 89 47 32 43 27 109 65 
147 118 113 63 15 225 209 193 134 140 127 120 109 49 20 280 256 259 176 154 163 177 163 61 63 
58 128 50 57 53 0 55 0 0 0 6 80 4 4 4 0 64 0 0 0 76 152 60 76 65 
0 0 0 17 0 0 0 0 22 0 0 0 0 22 0 0 0 0 23 0 184 198 224 232 224 
42 0 0 22 37 116 78 77 89 97 43 0 0 24 37 35 1 0 18 41 42 0 0 20 33 
68 6 55 122 105 14 4 43 109 95 71 26 57 129 120 17 0 46 99 99 129 88 126 221 225 
0 69 54 0 66 0 71 63 0 72 0 77 53 0 55 0 66 64 0 69 0 84 67 0 66 
42 20 52 35 30 66 49 89 54 52 19 12 34 15 7 45 40 97 64 48 1 0 28 0 0 
80 0 0 0 54 67 0 0 0 50 97 0 0 0 60 70 0 0 0 52 174 100 80 85 168 
75 110 6 118 101 80 136 1 135 131 52 83 0 123 69 202 248 129 242 205 113 194 68 169 151 
73 90 104 79 64 10 35 42 13 6 0 14 45 0 0 61 71 88 56 50 25 31 59 19 13 
0 0 0 140 35 0 0 0 157 27 27 29 16 157 51 0 0 0 149 35 0 0 0 138 38 
0 0 0 142 13 147 127 120 313 162 1 0 0 160 15 115 126 109 250 107 0 0 0 129 5 
61 176 181 178 89 42 149 165 208 50 62 154 179 178 73 67 212 219 239 131 115 181 214 257 122 
0 0 0 1261 0 0 0 0 1275 0 0 0 0 1265 0 0 0 1 1335 1 0 0 0 1288 0 
175 0 0 0 0 165 0 11 2 8 150 0 0 0 0 177 0 0 0 0 139 0 0 0 0 
104 0 0 0 0 135 0 0 0 0 144 0 0 0 0 120 0 1 0 0 232 100 94 97 112 
246 19 121 36 33 227 0 34 2 0 419 119 188 127 131 420 220 333 232 256 295 46 105 70 36 
0 0 0 37 0 76 68 49 103 58 0 0 0 26 0 47 47 63 93 52 43 51 43 98 40 
3 11 0 0 0 0 59 14 0 7 0 48 0 0 1 0 16 0 0 0 0 33 7 0 20 
0 0 195 0 38 0 0 227 0 31 0 0 213 0 25 0 0 176 0 18 0 0 181 0 28 
89 16 81 0 0 102 11 90 0 0 109 9 86 0 0 110 8 85 0 0 104 14 97 0 0 
79 91 138 116 108 0 0 41 0 0 0 0 71 0 0 0 0 54 0 0 177 201 220 213 224 
63 26 24 66 72 37 0 0 27 57 53 0 0 22 36 56 0 0 36 38 90 44 45 78 85 
0 0 1481 0 0 0 0 1484 0 0 0 0 1382 0 0 0 0 1493 0 0 0 0 1458 0 0 
