902 934 724 654 836 1050 1110 1016 978 1025 669 705 601 631 728 1050 1049 934 992 1038 600 576 452 436 562 
200 153 188 169 164 0 0 0 0 0 135 96 133 120 115 0 0 0 0 0 0 0 0 0 0 
98 52 26 157 170 63 0 0 125 114 112 65 33 203 212 51 0 0 75 159 42 0 0 114 108 
157 1 117 156 159 222 57 193 229 232 307 127 274 284 319 234 44 157 203 207 163 0 132 192 167 
181 45 104 165 62 137 12 73 121 1 131 27 77 117 14 139 0 53 125 0 289 188 270 306 175 
103 8 18 0 89 87 3 4 0 104 185 80 94 82 168 150 64 86 49 137 212 103 123 107 230 
0 0 0 0 0 0 0 0 0 0 1016 1034 978 1014 1053 0 0 0 0 0 0 0 0 0 0 
0 0 0 300 0 0 0 4 275 1 140 129 115 409 124 129 131 103 440 137 0 0 0 264 0 
15 9 15 180 6 0 0 0 173 0 35 43 33 180 30 0 0 0 152 0 3 6 3 180 3 
0 0 0 0 0 0 0 0 0 0 0 0 0 0 0 63 68 62 68 83 190 157 145 196 158 
83 100 72 73 206 0 16 0 0 111 0 4 0 0 119 0 7 0 0 119 95 92 85 68 202 
143 152 156 157 161 0 0 0 0 0 0 0 0 0 0 0 0 0 0 0 78 82 65 61 78 
0 0 0 0 0 0 0 0 0 0 0 0 0 0 0 431 433 422 411 419 196 181 186 188 204 
0 193 0 0 80 0 163 0 0 93 125 316 146 129 203 0 178 0 0 91 0 206 0 0 73 
811 0 0 0 0 814 0 0 0 0 798 0 0 0 0 836 0 0 0 0 839 0 0 0 0 
9 6 197 182 171 45 34 223 183 183 131 136 326 280 238 203 223 439 388 357 140 112 289 264 331 
54 91 58 109 52 43 57 45 82 50 0 31 0 36 0 31 71 34 66 30 0 31 0 32 0 
37 9 12 8 19 136 115 117 101 121 30 0 0 0 18 28 0 0 0 22 126 103 90 103 153 
0 0 146 0 0 0 0 131 0 0 0 0 137 0 0 150 127 244 114 120 0 0 144 0 0 
0 64 44 48 0 0 82 43 45 0 37 98 95 103 33 0 71 52 47 0 0 72 56 42 0 
0 3 7 3 156 177 138 135 171 301 176 135 135 150 249 3 1 1 2 139 99 99 115 107 229 
0 0 0 0 0 0 0 0 0 0 0 0 0 0 0 1036 1092 1105 1073 1019 0 0 0 0 0 
0 21 57 148 0 0 18 55 125 0 0 18 48 159 0 0 18 52 153 0 0 15 58 157 0 
74 52 0 0 0 93 73 17 18 13 158 97 35 38 31 98 68 0 0 0 102 90 24 24 37 
95 134 91 198 185 11 53 24 73 83 15 56 19 83 91 0 49 0 58 78 0 41 0 67 72 
114 121 129 91 6 113 130 203 108 1 321 322 351 321 217 130 118 163 92 0 288 238 324 258 167 
88 21 22 99 30 75 0 0 111 0 213 145 139 224 131 70 1 0 98 6 114 47 48 172 44 
127 97 42 51 33 157 106 53 62 37 74 63 16 0 0 93 77 18 12 13 89 56 9 0 0 
0 0 157 62 0 0 0 161 60 0 0 0 199 58 0 0 0 178 48 0 0 0 155 43 0 
122 162 162 119 93 0 57 74 0 0 0 56 63 0 0 38 65 95 32 37 0 44 100 0 0 
66 52 69 66 60 96 117 107 116 101 21 41 44 35 38 0 0 0 0 0 0 0 0 0 0 
0 0 0 166 0 0 0 0 174 0 230 234 220 412 243 0 0 0 172 0 0 0 0 155 0 
0 0 0 0 0 154 140 175 134 143 0 0 0 0 0 0 0 0 0 0 78 58 69 62 77 
114 4 0 75 38 137 36 43 115 99 208 78 87 152 153 85 0 0 64 41 188 59 78 148 112 
0 96 0 0 0 0 92 0 0 0 0 82 0 0 0 126 190 107 141 93 64 143 46 55 54 
0 0 112 0 0 105 98 210 119 117 0 0 103 0 0 10 10 109 7 8 14 14 93 11 19 
274 234 213 278 119 132 108 71 125 0 97 97 66 97 0 286 256 182 274 125 143 113 99 155 0 
0 0 0 0 0 33 42 34 21 24 0 0 0 0 0 65 73 78 69 98 111 104 113 110 147 
0 232 0 216 0 0 201 0 206 0 8 219 9 207 7 0 199 0 201 0 0 216 0 214 0 
0 42 0 134 0 0 54 0 154 5 0 49 0 146 0 69 159 76 228 83 0 65 0 142 0 
0 0 0 0 71 82 67 76 63 134 84 74 73 78 131 0 0 0 0 76 0 0 1 0 75 
99 313 357 76 256 28 215 280 9 156 104 292 377 69 235 129 320 359 118 263 256 388 427 175 301 
0 45 33 0 80 19 60 45 13 88 27 81 87 38 79 0 58 26 0 64 0 61 27 0 68 
120 107 115 128 133 13 0 0 45 0 12 0 0 38 0 18 0 0 46 0 95 72 64 130 97 
69 0 65 0 0 63 0 75 0 0 113 53 108 48 51 100 16 79 13 12 65 0 73 0 0 
0 18 80 0 96 0 11 69 0 107 0 16 74 0 106 0 13 91 0 133 0 13 69 0 101 
25 68 160 98 34 59 83 161 126 68 0 39 122 43 0 53 83 170 119 51 0 28 110 66 0 
0 74 0 0 0 0 87 0 0 0 130 248 127 147 134 0 99 0 1 0 15 89 18 26 27 
0 0 0 71 0 61 64 51 123 81 0 0 0 70 0 0 0 0 80 0 71 63 57 147 61 
55 0 92 45 0 57 0 115 57 0 61 0 96 52 0 47 0 109 57 0 50 0 100 47 0 
84 50 0 31 0 112 80 16 54 29 101 99 0 30 0 122 58 0 43 0 97 64 0 35 0 
0 0 0 0 26 207 203 202 207 229 0 0 0 0 36 0 0 0 0 36 0 0 0 0 37 
122 57 72 143 92 83 45 67 114 87 30 0 0 63 12 48 0 0 57 14 44 15 12 71 34 
30 71 12 8 11 21 60 0 0 0 20 83 0 0 0 147 198 141 145 131 28 87 0 0 0 
0 0 0 21 0 188 173 199 204 165 0 0 0 23 0 0 0 0 22 0 0 0 0 19 0 
71 79 133 138 89 0 0 52 63 0 0 0 75 60 0 0 0 67 53 0 0 0 59 62 0 
62 57 59 48 68 41 0 0 0 11 76 62 48 48 72 30 0 0 0 22 92 49 45 49 60 
0 0 25 0 69 9 5 36 11 87 0 0 34 0 70 10 7 43 8 95 81 75 114 63 153 
585 586 605 638 586 0 0 0 0 0 0 0 0 0 0 0 0 0 0 0 0 0 0 0 0 
68 134 154 80 86 37 96 113 29 26 0 39 82 0 0 0 40 85 0 0 0 54 83 0 0 
0 0 127 0 0 0 0 100 0 0 84 122 226 121 116 0 0 99 0 0 0 0 112 0 0 
103 122 48 59 147 41 40 0 0 91 46 64 0 0 67 46 43 0 0 77 57 45 0 0 91 
0 49 0 23 36 59 115 57 80 94 0 59 0 27 38 0 55 0 39 40 26 65 22 53 62 
9 7 99 5 12 0 0 87 0 0 0 0 83 0 0 35 39 120 27 29 75 78 150 59 85 
0 0 0 54 81 108 92 64 135 193 0 0 0 52 77 0 0 0 37 96 0 0 0 52 82 
115 204 107 94 104 24 123 0 0 0 34 137 8 12 11 23 90 0 0 0 25 94 3 2 1 
74 33 101 48 101 19 0 41 6 63 17 0 42 0 76 17 0 48 10 62 11 0 38 7 70 
42 10 33 0 4 42 0 26 0 0 57 44 79 44 54 83 52 69 33 41 157 121 145 138 113 
47 21 93 27 19 16 0 69 0 0 13 0 62 0 0 9 0 62 0 0 0 0 79 0 0 
0 0 44 22 12 0 3 0 1 0 0 5 0 0 0 1 0 0 0 0 8 3 0 0 0 
0 62 64 0 0 0 66 48 6 0 21 104 78 21 21 32 109 62 40 42 0 62 52 0 0 
23 0 83 0 34 60 43 116 39 70 19 0 81 0 17 27 0 85 0 24 31 0 94 0 18 
0 2138 0 0 0 0 2213 0 0 0 0 2094 0 0 0 0 2146 0 0 0 0 2099 0 0 0 
22 115 138 14 22 103 239 245 94 89 9 148 114 7 0 38 222 176 73 68 12 147 104 3 0 
96 136 109 0 0 55 147 156 0 0 92 150 168 0 0 93 162 152 0 0 74 162 156 0 0 
0 101 0 117 0 78 182 96 214 97 90 181 41 168 51 0 92 0 113 0 0 111 0 111 0 
0 0 0 0 0 1275 1232 1233 1191 1258 0 0 0 0 0 0 0 0 0 0 0 0 0 0 0 
0 0 88 141 0 0 0 77 115 0 0 0 88 141 0 0 0 84 142 0 0 0 86 136 0 
123 40 44 77 35 125 49 45 93 54 79 0 0 33 0 70 0 0 32 0 77 0 0 39 0 
0 115 0 0 77 0 135 0 0 68 0 149 0 0 79 0 126 0 0 64 0 139 0 0 91 
159 206 155 222 89 79 126 9 95 0 268 346 208 362 141 111 203 72 161 22 165 250 233 249 107 
102 91 290 293 90 0 0 196 201 7 114 106 268 289 106 0 0 172 195 7 0 9 216 197 25 
146 105 119 151 255 6 24 2 0 152 12 11 8 6 179 208 198 176 194 343 216 265 242 230 398 
0 69 0 0 0 0 52 0 0 0 0 71 0 0 0 11 67 5 10 3 179 223 178 152 184 
52 28 41 13 50 45 17 38 0 45 43 18 39 0 39 78 14 40 0 52 119 110 111 85 146 
202 68 0 101 0 205 69 0 104 0 205 56 0 104 0 189 65 0 107 0 198 55 0 116 0 
55 0 0 0 0 62 0 0 0 0 64 0 0 0 0 202 133 145 146 141 52 0 0 0 0 
0 0 1463 0 0 0 0 1491 0 0 0 0 1366 0 0 0 0 1488 0 0 0 0 1460 0 0 
102 7 17 72 32 146 94 95 145 101 150 83 89 130 128 109 38 35 110 56 84 0 0 42 24 
137 146 136 97 204 0 0 7 0 50 74 95 84 78 135 0 0 20 0 56 0 0 13 0 62 
44 88 0 119 0 128 191 94 219 83 129 139 93 218 98 50 79 0 115 0 39 71 0 125 0 
97 104 124 122 167 117 96 83 99 125 0 23 0 0 59 0 23 0 0 38 59 77 81 63 102 
0 81 0 0 0 32 138 44 34 35 39 151 35 37 35 31 131 22 38 36 45 121 44 40 50 
32 10 41 34 0 100 67 110 110 62 43 19 46 37 0 46 6 44 34 0 41 18 37 39 0 
155 0 0 0 0 145 0 0 0 0 231 85 105 111 118 145 0 0 0 0 145 0 0 0 0 
0 0 0 0 836 0 0 0 0 787 0 0 0 0 835 0 0 0 0 836 0 0 0 0 780 
110 104 1 149 35 128 123 2 159 62 186 171 53 227 110 104 124 10 151 73 127 174 1 196 66 
133 0 0 0 0 261 104 85 83 80 160 0 0 0 0 145 0 0 0 0 141 0 0 0 0 
0 0 0 0 0 79 58 78 65 74 0 0 0 0 0 150 122 142 153 143 0 0 0 0 0 
0 22 0 143 0 32 54 46 186 32 0 19 0 132 0 0 16 0 136 0 0 20 0 160 0 
97 59 111 144 156 60 0 89 69 72 36 2 77 88 70 110 61 130 140 139 12 1 58 55 36 
43 48 53 128 106 28 22 31 81 74 0 0 0 77 55 0 0 0 47 50 7 9 9 75 53 
0 8 60 0 0 77 88 164 78 83 0 10 63 0 0 54 67 154 46 60 0 6 55 0 0 
196 11 189 0 0 201 2 170 0 0 200 7 181 3 1 167 3 181 0 0 207 22 176 8 8 
284 93 318 123 186 351 164 379 189 242 345 175 393 194 253 210 20 190 35 124 195 52 233 29 123 
71 163 72 90 70 0 89 0 29 0 19 137 28 36 28 0 114 0 18 0 0 83 0 22 0 
0 0 33 0 58 35 45 78 44 112 55 74 89 53 121 0 0 33 0 61 0 0 49 0 57 
0 0 21 0 209 0 0 18 0 207 0 0 30 0 194 0 0 29 0 203 0 0 29 0 210 
0 0 0 50 0 0 0 0 57 0 54 58 45 140 45 0 0 0 59 0 84 78 82 158 86 
88 0 0 94 0 110 0 0 112 0 100 0 0 90 1 93 0 0 115 0 97 0 0 109 0 
0 39 84 58 0 89 166 176 177 103 171 188 216 211 122 13 63 97 94 4 55 107 113 130 42 
119 146 134 118 249 0 0 0 0 78 0 0 0 0 93 25 26 32 25 119 0 0 0 0 99 
147 259 161 147 163 0 131 0 0 0 96 203 89 101 93 4 114 3 0 16 105 220 83 71 93 
135 126 76 78 77 76 44 0 0 0 85 47 4 4 8 62 47 0 0 0 71 56 0 0 0 
0 122 0 0 0 43 175 68 69 74 0 137 0 0 0 74 209 93 107 69 0 121 0 0 0 
0 0 0 0 0 0 0 0 0 0 0 0 0 0 0 0 0 0 0 0 426 399 427 410 383 
0 0 37 0 0 73 78 92 75 87 0 0 31 0 0 77 74 85 59 79 18 23 59 22 26 
10 15 18 17 54 0 0 0 0 36 82 80 73 69 101 0 0 0 0 33 69 101 79 78 108 
0 0 0 133 0 0 0 0 120 0 0 0 0 148 0 0 0 0 150 0 77 77 84 202 82 
0 68 0 34 72 0 64 0 39 77 0 56 0 35 91 0 59 0 28 71 17 77 25 56 112 
0 112 0 0 0 0 108 0 0 0 0 106 0 0 0 0 96 0 0 0 97 185 99 105 91 
0 0 0 24 0 82 68 76 77 80 51 30 59 53 57 0 0 0 15 0 94 100 108 143 105 
0 0 122 57 0 45 46 159 109 53 0 0 105 40 0 0 0 92 39 0 0 0 130 38 0 
59 0 0 0 0 126 62 61 76 68 99 19 18 20 15 131 47 46 52 41 58 0 0 0 0 
83 35 33 110 37 39 0 0 91 0 48 0 0 80 0 83 35 30 117 32 55 0 0 83 0 
0 0 47 39 0 0 0 44 36 0 101 99 133 126 97 0 0 49 42 0 0 0 50 40 0 
35 0 0 95 112 96 69 78 125 187 20 0 0 80 107 56 17 22 99 96 32 36 39 108 98 
3 7 51 103 11 0 0 54 85 0 55 35 109 128 55 28 43 76 131 41 0 0 48 86 0 
51 1 42 42 7 36 6 32 37 16 118 71 108 101 72 63 13 36 47 9 52 0 42 42 0 
49 0 63 0 67 42 0 66 0 61 32 0 72 0 83 105 61 118 71 119 31 0 60 0 65 
96 25 181 98 52 75 13 154 61 33 63 0 144 39 13 158 62 223 112 118 108 27 208 71 70 
11 81 154 26 99 137 180 289 132 238 34 99 204 57 159 0 45 148 0 112 76 107 218 101 193 
19 21 22 57 48 40 38 34 75 72 0 0 0 31 29 0 0 0 22 17 75 88 87 123 99 
18 32 1 81 0 28 48 0 98 0 77 71 39 123 53 27 37 0 106 0 38 32 0 75 0 
0 0 57 0 0 168 155 217 151 184 0 0 61 0 0 0 0 73 0 0 0 0 72 0 0 
11 7 0 0 77 17 0 0 0 71 76 78 70 64 142 28 23 19 15 89 117 150 114 129 175 
59 10 10 6 20 86 59 62 64 64 94 72 78 87 83 39 0 4 0 12 33 10 14 6 21 
18 92 65 15 29 0 80 62 5 5 0 67 39 0 18 0 73 47 5 12 43 116 93 38 76 
152 204 99 102 114 75 64 48 25 21 41 51 15 0 0 46 48 18 0 0 32 48 18 0 0 
105 0 0 1 0 94 0 0 0 0 117 0 0 21 0 110 0 0 0 0 134 20 23 56 31 
73 88 12 19 14 56 52 0 0 0 46 73 13 0 13 60 75 31 36 42 81 74 50 32 48 
36 75 40 71 29 0 61 11 40 16 0 50 11 46 19 0 43 13 31 13 37 103 62 97 78 
0 0 56 27 11 0 0 45 35 3 0 0 44 40 6 42 53 122 94 61 54 50 100 95 63 
29 38 26 22 31 0 0 0 0 0 71 59 57 61 55 0 0 0 0 0 120 107 99 114 110 
52 39 34 35 44 0 0 17 0 0 0 0 19 0 0 57 46 97 59 53 143 106 144 157 134 
34 42 97 47 48 0 0 57 0 14 60 49 125 48 52 0 0 49 0 0 0 3 55 18 0 
0 0 180 32 0 0 0 141 22 0 19 20 156 37 18 0 0 166 23 0 0 0 162 23 0 
45 77 0 0 0 75 107 41 35 32 75 121 22 17 9 90 133 45 39 46 41 72 0 0 0 
84 113 67 52 61 12 43 0 0 0 76 132 61 51 53 36 68 26 16 14 21 52 0 0 0 
0 117 110 163 0 0 132 120 168 0 0 109 121 168 1 0 117 116 155 1 0 128 119 166 1 
12 0 0 131 0 9 0 0 96 0 87 65 87 188 84 11 0 0 99 0 19 1 0 104 0 
62 84 53 53 80 14 66 12 10 38 51 86 45 39 71 7 41 0 0 36 15 69 11 13 40 
161 195 42 113 124 203 268 105 139 206 149 237 94 127 149 106 124 4 50 64 308 366 176 228 247 
75 177 146 93 114 6 42 74 15 3 39 83 121 38 37 29 83 68 13 31 0 68 55 0 0 
15 36 18 12 98 27 46 32 13 137 17 31 24 13 81 87 118 97 68 207 36 57 52 46 128 
646 455 494 378 469 447 257 272 210 222 492 305 349 210 292 366 164 166 92 176 560 376 394 357 397 
90 71 0 5 0 180 156 80 75 75 66 85 0 0 0 96 84 15 19 19 66 60 0 0 0 
154 309 122 142 126 264 402 149 259 197 124 278 87 180 81 31 202 0 37 0 98 229 64 111 46 
0 0 0 0 61 0 0 0 0 61 0 0 0 0 83 0 0 0 0 62 154 180 162 179 212 
79 6 38 0 11 139 19 82 23 48 141 65 110 60 59 161 72 144 76 101 156 33 46 20 34 
150 0 0 54 0 156 0 0 55 0 141 0 0 40 0 168 0 0 46 0 149 0 0 41 0 
152 104 143 217 107 36 3 76 121 3 88 45 128 176 66 59 12 99 92 25 57 0 78 85 0 
74 94 88 184 161 0 11 4 96 45 0 15 7 58 58 0 11 11 79 51 31 43 24 93 52 
144 144 77 66 0 220 179 153 102 112 103 87 49 42 20 250 188 171 127 113 177 170 131 51 63 
58 130 50 57 53 0 55 0 0 0 6 80 4 5 4 0 64 0 0 0 76 154 62 76 66 
0 0 0 16 0 0 0 0 19 0 0 0 0 18 0 0 0 0 18 0 164 173 198 200 194 
42 0 0 25 29 109 84 77 96 97 33 1 0 26 26 39 0 0 18 29 49 0 0 18 23 
41 0 40 91 89 12 2 23 105 78 63 13 51 129 111 12 0 38 93 89 130 73 114 192 183 
0 94 63 0 82 0 87 73 0 87 0 93 70 0 66 0 81 81 0 82 0 98 73 0 78 
46 22 55 37 32 71 51 92 53 53 21 17 36 19 13 52 45 101 69 47 7 0 32 0 0 
79 0 0 0 61 76 0 0 0 50 94 0 0 0 60 79 0 0 0 52 216 98 87 99 157 
88 155 14 137 95 67 158 1 143 132 53 120 1 154 87 209 280 137 275 184 130 238 117 205 158 
78 96 99 85 64 9 39 44 14 9 0 15 50 0 0 63 72 91 57 50 24 30 57 21 15 
0 0 0 161 46 0 0 0 183 31 33 34 18 181 63 0 0 0 182 37 0 0 0 151 44 
0 0 0 146 13 154 134 124 326 172 1 0 0 171 15 119 128 113 256 111 0 0 0 136 6 
54 142 216 211 79 33 116 174 222 34 63 139 217 204 88 63 191 233 261 124 123 164 255 294 126 
0 0 0 1280 0 0 0 0 1278 1 0 0 0 1278 0 0 2 2 1348 1 0 0 0 1269 0 
195 0 0 0 0 197 13 18 17 20 178 0 0 0 0 196 0 0 0 0 166 0 0 0 0 
92 0 0 0 0 117 0 0 0 0 125 0 0 0 0 103 0 0 0 0 206 88 86 89 99 
288 50 114 77 83 223 0 36 0 10 416 103 150 107 148 429 243 333 268 233 306 67 124 81 87 
6 36 0 0 0 0 54 0 0 28 0 45 0 0 4 0 0 0 0 0 0 34 0 0 13 
74 93 158 127 111 0 0 60 0 0 0 0 79 0 0 0 0 63 0 0 197 218 242 220 218 
2 6 0 90 232 146 137 133 240 372 2 16 0 95 256 0 9 0 100 244 127 151 134 189 339 
8 23 83 3 222 2 0 60 3 172 104 104 172 115 274 136 131 200 166 315 0 1 70 0 183 
115 268 298 238 91 133 214 278 188 72 129 230 265 200 107 35 157 232 94 16 45 172 224 139 7 
0 0 194 0 36 0 0 211 0 28 0 0 193 0 25 0 0 177 0 22 0 0 173 0 30 
0 0 0 43 0 89 81 58 121 67 0 0 0 28 0 53 57 73 102 59 46 54 50 114 51 
0 0 44 52 0 65 45 93 86 55 0 0 34 33 0 51 46 88 77 41 39 27 76 66 27 
61 23 27 68 73 42 0 0 30 59 57 0 0 26 39 58 0 0 36 40 92 44 47 79 84 
