1060 996 952 967 978 1173 1143 1179 1120 1177 818 739 713 796 935 1123 1063 1053 1108 1154 758 613 659 602 787 
186 156 182 177 176 0 0 0 0 1 135 80 122 100 108 0 0 0 0 0 0 0 0 0 0 
141 53 52 255 335 101 0 0 192 212 240 67 68 312 365 81 0 0 132 192 113 0 0 188 195 
318 57 117 119 67 229 0 44 17 4 410 110 182 136 128 448 226 317 281 234 280 52 106 85 64 
0 0 63 86 1 116 66 145 137 94 2 6 76 56 1 107 72 158 117 76 57 36 110 108 45 
205 57 160 211 48 152 18 111 149 0 155 29 140 120 26 151 5 94 151 2 341 225 302 367 202 
102 11 18 0 90 95 5 14 0 115 197 92 98 84 177 159 71 92 52 151 213 107 132 103 255 
0 0 0 0 0 0 0 0 0 0 1040 1043 995 1027 1067 0 0 0 0 0 0 0 0 0 0 
0 0 0 293 0 0 0 1 275 1 112 116 103 406 124 126 120 96 427 153 0 0 0 263 0 
17 10 16 198 9 0 0 0 211 0 49 52 36 198 34 0 0 0 177 0 3 7 3 193 3 
0 0 0 0 0 0 0 0 0 0 0 0 0 0 0 67 77 76 69 80 195 159 165 198 168 
63 80 52 47 140 0 9 0 0 84 0 1 0 0 91 0 4 0 0 90 66 69 68 60 138 
147 144 161 154 160 0 0 0 0 0 0 0 0 0 0 0 0 0 0 0 83 87 69 68 88 
0 0 0 0 0 0 0 0 0 0 0 0 0 0 0 432 429 415 409 417 192 179 180 186 204 
0 201 0 0 82 0 167 0 0 97 125 325 147 136 213 0 180 0 0 94 0 212 0 0 73 
823 0 0 0 0 815 0 0 0 0 811 0 0 0 0 839 0 0 0 0 851 0 0 0 0 
24 1 181 121 116 46 4 169 134 138 116 103 252 200 183 192 179 341 299 281 137 86 235 196 254 
84 150 96 166 88 67 79 66 122 69 0 44 0 54 1 41 104 54 101 58 0 45 0 40 0 
34 11 13 8 22 133 95 104 109 115 35 0 0 0 16 28 0 0 0 24 123 105 89 97 138 
0 0 136 0 0 0 0 125 0 0 0 0 137 0 0 131 111 231 120 118 0 0 142 0 0 
0 66 48 52 0 0 87 45 48 0 38 104 104 107 33 0 79 54 52 0 0 74 58 49 0 
0 0 0 0 140 125 97 104 142 223 136 114 115 130 213 0 0 0 0 108 83 92 106 92 177 
0 0 0 0 0 0 0 0 0 0 0 0 0 0 0 1035 1122 1114 1061 1012 0 0 0 0 0 
0 19 53 159 0 0 21 59 137 0 0 24 59 160 1 0 19 56 159 0 0 15 58 172 0 
69 52 0 0 0 90 75 19 17 14 138 84 35 35 29 84 63 0 0 0 100 99 22 27 30 
60 103 62 119 131 8 38 16 54 71 11 43 20 75 75 0 36 0 45 57 0 33 0 57 57 
97 116 116 73 3 105 123 170 80 0 287 292 302 282 177 126 135 141 83 1 260 228 297 229 129 
76 16 25 112 18 81 0 0 122 0 219 165 152 241 137 76 0 0 109 2 114 48 44 184 39 
135 114 60 49 38 165 115 59 63 36 60 63 19 0 0 98 105 29 16 22 104 58 14 0 0 
0 0 135 56 0 0 0 148 52 0 0 0 179 51 0 0 0 159 43 0 0 0 136 41 0 
123 151 172 118 99 0 43 76 0 0 0 47 67 0 0 34 66 95 32 36 0 39 93 0 0 
75 63 76 80 73 114 138 127 134 117 25 44 49 46 47 0 0 0 0 0 0 0 0 0 0 
0 0 0 165 0 0 0 0 174 0 230 234 220 409 242 0 0 0 171 0 0 0 0 155 0 
0 0 0 0 0 179 155 194 153 161 0 0 0 0 0 0 0 0 0 0 78 53 85 70 92 
108 0 0 58 39 115 35 44 116 95 218 82 75 157 152 72 0 0 61 30 188 75 85 144 113 
0 79 0 0 0 0 75 0 0 0 0 60 0 0 0 105 139 75 115 76 48 120 42 46 48 
0 0 102 0 0 95 89 195 116 113 0 0 100 0 0 7 9 101 4 9 15 13 86 13 18 
261 211 187 269 114 125 108 82 117 0 91 97 56 110 0 270 256 176 282 123 140 111 80 146 0 
0 0 0 0 0 33 44 30 21 22 0 0 0 0 0 63 77 77 72 101 111 103 113 112 145 
0 235 0 202 0 0 188 0 198 0 8 214 7 203 7 0 188 0 202 0 0 207 0 208 0 
0 43 0 129 0 0 55 0 148 0 0 52 0 141 0 67 148 69 225 69 0 56 0 137 0 
0 0 0 0 70 80 73 73 62 134 83 71 73 79 120 0 0 0 0 75 0 0 0 0 81 
61 270 329 42 222 44 216 271 7 164 50 281 336 38 211 123 311 325 96 262 221 378 405 173 318 
0 49 37 0 85 20 64 49 13 93 34 87 91 41 94 0 63 26 0 71 0 65 27 0 73 
113 98 114 126 124 16 0 0 40 0 16 0 0 42 0 16 0 0 44 0 92 70 70 117 93 
69 0 65 0 0 63 0 75 0 0 113 53 107 48 50 99 16 78 13 12 66 0 73 0 0 
0 18 80 0 96 0 12 69 0 107 0 16 74 0 106 0 14 91 0 133 0 13 68 0 101 
19 68 159 90 28 54 69 168 109 55 0 39 122 37 0 38 78 168 107 48 0 26 110 64 0 
0 56 0 0 0 0 66 0 0 0 104 209 99 126 112 0 82 0 0 1 14 76 17 22 24 
0 0 0 80 0 67 72 53 137 86 0 0 0 76 0 0 0 0 88 0 79 68 64 165 70 
58 0 101 54 0 64 0 120 64 0 67 0 109 57 0 51 0 117 58 0 51 0 110 51 0 
91 68 0 41 0 136 104 20 53 30 120 109 0 34 0 143 67 0 52 0 111 75 0 46 0 
0 0 0 0 30 200 198 205 206 232 0 0 0 0 37 0 0 0 0 33 0 0 0 0 37 
87 45 56 106 75 57 37 49 95 68 23 0 0 52 10 28 0 0 47 11 33 11 5 55 24 
31 80 9 7 10 19 66 0 0 0 21 79 0 0 0 161 211 165 142 134 26 84 0 0 0 
0 0 0 21 0 189 177 204 200 164 0 0 0 23 0 0 0 0 22 0 0 0 0 20 0 
71 83 139 145 92 0 0 52 64 0 0 0 78 63 0 0 0 70 54 0 0 0 60 61 0 
74 60 63 51 79 49 0 0 0 12 85 71 57 64 84 33 0 0 0 22 102 53 51 56 69 
0 0 25 0 69 9 6 36 12 89 0 0 34 0 70 10 7 43 8 95 81 75 114 64 152 
587 588 609 642 590 0 0 0 0 0 0 0 0 0 0 0 0 0 0 0 0 0 0 0 0 
70 138 161 84 97 38 99 119 31 33 0 34 78 0 0 0 48 87 0 0 0 50 81 0 0 
0 0 111 0 0 0 0 91 0 0 76 114 207 112 101 0 0 85 0 0 0 0 105 0 0 
119 138 50 69 166 44 54 0 0 100 43 66 0 0 75 45 47 0 0 78 72 49 0 0 93 
0 49 0 23 36 59 115 57 80 94 0 59 0 27 38 0 55 0 39 40 26 65 22 53 63 
9 7 99 5 12 0 0 87 0 0 0 0 83 0 0 36 39 120 27 29 75 78 150 59 85 
0 0 0 55 81 96 95 74 133 181 0 0 0 57 83 0 0 0 39 91 0 0 0 52 81 
110 178 86 81 94 25 118 0 0 0 32 130 7 8 9 25 88 0 0 0 25 92 0 0 0 
65 25 96 32 98 15 0 36 6 65 19 0 34 0 77 17 0 46 0 64 8 0 37 9 71 
46 0 3 0 1 58 0 4 0 0 70 43 16 37 58 108 53 45 34 42 172 114 118 135 114 
46 28 110 43 48 25 0 78 0 0 21 0 72 0 0 20 0 67 0 0 49 26 97 22 20 
89 78 100 47 53 35 26 30 0 6 55 67 59 27 40 40 25 38 0 11 31 32 35 0 8 
0 62 66 0 0 0 63 40 0 0 21 104 74 21 21 32 109 56 40 42 0 60 52 0 0 
10 12 1 0 0 13 57 8 0 8 0 25 1 0 6 6 0 0 0 1 0 34 0 0 0 
30 0 91 0 45 64 43 124 39 80 25 0 85 0 29 37 10 99 5 36 31 0 99 0 28 
0 2132 0 0 0 0 2193 0 0 0 0 2061 0 0 0 0 2145 0 0 0 0 2053 0 0 0 
22 136 114 12 16 72 237 223 96 85 0 156 126 1 0 44 178 161 78 41 0 127 99 1 0 
53 86 72 0 0 45 102 85 0 0 62 98 94 0 0 53 97 85 0 0 50 93 90 0 0 
0 89 0 110 0 96 183 92 233 97 91 181 50 199 51 0 88 0 135 0 0 124 0 112 0 
78 90 137 99 80 0 0 40 0 0 0 0 74 0 0 0 0 51 0 0 174 220 243 203 216 
0 0 0 0 0 1258 1214 1220 1186 1244 0 0 0 0 0 0 0 0 0 0 0 0 0 0 0 
0 0 80 125 0 0 0 75 106 0 0 0 81 127 0 0 0 81 125 0 0 0 72 128 0 
183 55 56 101 48 152 54 55 127 66 91 0 0 43 0 94 0 0 46 0 98 0 0 52 0 
0 132 0 0 78 0 144 0 0 73 0 155 0 0 94 0 134 0 0 77 0 140 0 0 104 
159 268 181 226 101 64 141 64 124 2 258 368 241 328 142 162 279 176 227 89 220 307 299 305 167 
108 93 300 304 103 0 0 190 199 0 122 112 300 330 119 0 0 171 189 12 11 9 198 201 13 
166 144 130 161 305 9 25 6 9 183 13 14 15 29 166 231 232 189 207 382 233 276 274 257 437 
0 69 0 0 0 0 60 0 0 0 0 67 0 0 0 10 67 4 8 3 182 228 191 158 184 
55 30 47 17 50 53 12 25 0 40 49 10 33 0 32 83 11 27 0 41 151 124 114 93 140 
202 76 0 101 0 203 65 0 102 0 205 59 0 104 0 194 66 0 110 0 203 69 0 113 1 
55 0 0 0 0 62 0 0 0 0 64 0 0 0 0 202 133 145 146 141 52 0 0 0 0 
108 260 270 165 60 120 247 294 162 48 131 238 278 157 91 78 181 246 97 7 51 215 233 111 21 
134 7 11 81 38 183 100 97 147 122 169 130 93 132 126 95 38 29 99 55 85 0 0 41 18 
119 123 133 93 196 0 0 6 0 54 60 81 85 72 125 0 0 18 0 61 0 0 13 0 68 
43 84 0 109 0 134 174 94 204 80 107 121 80 192 81 51 75 0 104 0 37 68 0 105 0 
94 119 109 110 164 103 100 78 75 127 0 28 0 0 52 0 28 0 0 36 59 85 67 56 126 
0 76 0 0 0 32 156 38 37 32 42 156 51 35 46 28 150 30 31 41 44 154 53 43 63 
26 12 41 27 0 101 72 113 108 67 39 22 47 30 0 43 8 49 27 0 37 19 36 37 0 
0 11 0 75 205 125 119 124 194 324 0 20 0 77 231 0 13 0 82 238 112 138 116 171 291 
9 15 92 11 227 5 0 62 7 172 109 92 173 113 272 144 132 217 167 325 2 2 71 2 187 
166 0 0 0 0 153 0 0 0 0 245 82 122 120 115 128 0 0 0 0 148 0 0 0 0 
0 0 0 0 842 0 0 0 0 817 0 0 0 0 864 0 0 0 0 842 0 0 0 0 794 
148 141 1 194 65 166 172 4 217 118 217 231 49 270 147 143 127 5 194 85 138 171 6 236 73 
126 0 0 0 0 249 97 91 83 71 157 0 0 0 0 148 0 0 0 0 144 0 0 0 0 
0 0 0 0 0 79 61 76 70 76 0 0 0 0 0 159 134 149 149 151 0 0 0 0 0 
0 25 0 167 0 42 66 53 218 36 0 21 0 151 0 0 19 0 156 0 0 27 0 181 0 
76 58 94 107 132 44 0 50 46 44 19 0 56 68 53 85 60 110 114 104 13 0 44 57 29 
43 48 55 128 106 26 22 30 80 73 0 0 0 77 55 0 0 0 48 50 7 10 9 75 52 
0 8 61 0 0 78 95 169 82 90 0 9 66 0 0 50 75 160 51 60 0 5 59 0 0 
116 0 118 0 0 105 0 89 0 0 98 0 105 4 0 70 0 104 0 0 114 11 92 10 10 
278 100 344 96 208 336 160 422 186 255 316 175 406 221 273 183 35 214 62 159 221 61 263 47 128 
65 152 69 83 66 0 86 0 27 0 16 128 27 33 26 0 104 0 17 0 0 75 0 22 0 
0 0 48 0 76 48 54 86 53 145 77 91 115 59 152 0 0 35 0 75 0 0 55 0 82 
0 0 19 0 222 0 0 19 0 200 0 0 28 0 181 0 0 25 0 204 0 0 23 0 200 
0 0 0 56 0 0 0 0 74 0 60 62 52 151 48 0 0 0 68 0 115 91 101 183 101 
95 0 0 100 0 113 0 0 120 0 104 0 0 96 0 96 0 0 121 0 101 0 0 112 0 
3 48 83 62 2 91 190 181 159 114 159 228 244 217 139 14 57 102 101 18 60 126 121 128 43 
109 145 138 117 257 0 0 0 0 93 0 0 0 0 76 26 29 30 29 133 0 0 0 0 92 
140 255 159 150 160 0 124 0 0 0 94 218 100 100 81 0 109 0 0 2 117 226 92 88 105 
136 125 76 78 78 76 45 0 0 0 85 47 4 4 8 63 47 0 0 0 71 56 0 0 0 
0 104 0 0 0 28 140 42 46 53 0 107 0 0 0 53 164 67 66 55 0 100 0 0 0 
0 0 0 0 0 0 0 0 0 0 0 0 0 0 0 0 0 0 0 0 473 450 493 471 439 
0 0 37 0 0 73 79 92 75 86 0 0 31 0 0 77 75 85 59 79 19 24 59 22 26 
8 14 16 17 52 0 0 0 0 35 80 79 71 70 99 0 0 0 0 33 68 99 78 76 105 
0 0 0 143 0 0 0 0 122 0 0 0 0 161 0 0 0 0 154 0 82 79 82 214 88 
0 68 0 33 73 0 63 0 38 79 0 54 0 36 89 0 60 0 31 73 16 75 25 55 114 
0 112 0 0 0 0 108 0 0 0 0 106 0 0 0 0 96 0 0 0 97 185 99 105 92 
0 1 0 43 0 80 62 73 66 74 43 0 47 52 65 0 0 0 25 0 96 98 108 146 101 
0 0 123 56 0 44 46 162 109 51 0 0 103 39 0 0 0 92 39 0 0 0 128 35 0 
20 34 0 0 4 0 64 0 0 22 0 51 0 0 21 0 0 0 1 1 0 40 9 0 22 
59 0 0 0 0 125 62 61 76 69 99 20 18 20 15 131 47 46 52 41 58 0 0 0 0 
83 35 33 111 37 39 0 0 91 0 47 0 0 84 0 77 29 24 116 28 55 0 0 83 0 
0 0 63 43 0 0 0 55 43 0 100 99 149 131 97 0 0 62 47 0 0 0 67 42 0 
33 0 0 79 106 101 78 89 128 190 28 0 17 83 108 57 14 32 98 111 39 35 52 95 112 
0 9 52 102 9 0 0 54 87 0 56 38 131 139 59 30 39 88 141 42 0 0 51 88 0 
67 2 68 56 13 60 4 45 63 26 190 108 154 153 126 112 18 72 75 26 87 0 55 62 0 
45 0 58 0 62 42 0 68 0 60 29 0 72 0 73 107 57 111 70 119 30 0 59 0 63 
77 20 200 107 53 70 12 180 87 38 64 0 171 43 18 180 75 266 143 138 100 35 236 76 64 
9 78 127 24 103 134 183 270 123 222 40 122 189 59 161 0 36 139 1 113 78 128 209 103 194 
20 23 24 61 50 42 42 39 88 81 0 0 0 39 34 0 0 0 31 19 82 98 105 141 114 
18 31 1 83 0 29 47 0 103 0 77 72 39 128 53 25 37 0 103 0 40 33 0 80 0 
0 0 55 0 0 171 151 224 159 188 0 0 65 0 0 0 0 80 0 0 0 0 74 0 0 
11 7 0 0 70 12 2 0 0 60 57 60 50 40 122 21 20 15 11 72 91 112 95 84 131 
59 10 10 5 18 85 58 60 62 62 93 72 78 87 82 39 0 5 0 12 33 9 13 6 18 
22 112 82 18 36 0 99 68 3 9 0 83 49 0 18 0 91 56 7 12 55 139 113 54 90 
166 204 106 112 119 84 57 50 23 25 46 47 18 0 0 46 51 15 0 0 43 44 12 0 0 
94 0 0 15 0 82 0 0 25 0 100 0 0 17 0 99 0 0 0 0 122 15 23 42 29 
62 80 14 17 20 42 43 0 0 1 47 68 16 7 16 64 69 33 37 45 80 74 45 29 44 
38 76 43 70 28 0 62 9 42 16 1 51 11 44 18 0 43 13 31 13 39 103 64 96 78 
0 0 56 27 11 0 0 45 35 3 0 0 44 40 6 43 53 122 94 61 54 50 100 93 63 
29 38 26 22 31 0 0 0 0 0 71 59 57 62 55 0 0 0 0 0 120 107 99 114 110 
41 32 36 33 42 0 0 14 0 0 0 0 18 0 0 49 41 80 55 48 115 89 137 132 119 
36 42 109 49 57 0 6 57 12 18 61 53 130 51 56 0 0 52 1 0 0 5 62 25 15 
0 0 175 32 0 0 0 127 23 0 18 18 144 37 18 0 0 154 23 0 0 0 149 23 0 
46 104 0 0 0 98 147 61 58 56 100 178 27 24 19 109 186 60 69 57 40 96 0 0 0 
64 2 66 73 91 145 71 172 156 167 125 71 162 172 188 124 48 106 102 157 76 7 81 119 116 
115 145 84 71 89 15 66 0 0 0 101 169 85 69 75 43 87 35 19 33 26 75 0 0 0 
0 114 108 163 0 0 126 119 165 0 0 106 120 167 0 0 116 115 156 0 0 126 118 164 0 
13 0 0 131 0 9 0 0 95 0 91 65 87 187 84 11 0 0 99 0 18 1 0 104 0 
48 66 41 32 57 0 54 0 0 22 49 76 45 38 66 6 30 0 0 31 9 63 0 5 22 
114 137 28 68 94 182 253 86 95 188 123 158 82 81 117 66 107 3 24 62 224 274 127 164 188 
61 161 115 75 85 5 35 59 12 2 30 70 95 33 28 25 78 57 11 23 0 61 52 0 0 
3 23 3 4 80 7 28 23 0 95 0 11 9 1 55 57 85 73 49 159 28 35 34 13 96 
611 441 416 357 458 421 228 211 180 195 472 350 283 207 262 336 185 117 75 150 498 408 335 357 341 
98 72 2 3 0 172 163 77 71 77 71 89 0 0 0 97 92 22 18 18 63 64 0 0 0 
152 307 99 137 122 259 397 164 235 188 129 270 73 134 75 40 199 7 42 0 85 205 44 61 17 
0 0 0 0 57 0 0 0 0 72 0 0 0 0 82 0 0 0 0 60 151 180 157 177 214 
67 0 37 0 12 114 12 45 35 31 127 51 88 42 52 145 69 111 68 80 128 25 49 22 28 
150 0 0 54 0 156 0 0 55 0 141 0 0 40 0 168 0 0 46 0 149 0 0 42 0 
151 120 140 217 110 35 0 77 113 6 69 37 117 173 57 45 4 88 97 20 40 0 84 80 0 
58 91 75 158 134 0 7 4 91 46 0 12 6 61 45 0 8 8 85 48 32 40 23 97 52 
125 118 87 57 24 178 171 149 107 115 110 93 71 38 26 226 199 192 123 135 150 162 137 52 81 
57 129 46 54 52 0 55 0 0 0 6 80 3 5 4 0 64 0 0 0 72 150 61 75 63 
0 0 0 18 0 0 0 0 22 0 0 0 0 18 0 0 0 0 26 0 192 200 232 236 222 
46 0 0 32 38 118 85 77 100 102 50 0 0 28 38 41 2 0 16 43 50 0 0 25 33 
35 4 57 117 90 10 1 34 93 85 70 23 56 136 114 25 0 35 98 93 125 94 122 202 202 
0 90 80 0 82 0 81 77 0 94 0 99 63 0 65 0 85 83 0 81 0 99 80 0 79 
54 22 57 42 36 70 53 95 59 57 25 18 40 22 13 52 44 112 73 48 8 0 34 1 0 
86 0 0 0 51 67 0 0 0 50 86 0 0 0 60 68 0 0 0 52 191 93 86 103 156 
70 123 20 124 81 55 138 16 128 97 44 83 1 107 65 194 241 146 241 177 106 183 80 156 135 
76 96 101 85 69 10 37 41 14 9 0 16 50 0 0 65 87 96 60 52 22 34 62 20 14 
0 0 0 141 36 0 0 0 164 28 27 29 16 159 54 0 0 0 154 34 0 0 0 145 39 
0 0 198 0 38 0 0 222 0 27 0 0 206 0 24 0 0 190 0 23 0 0 184 0 27 
0 0 0 152 11 150 136 122 331 169 0 0 0 171 15 127 119 110 262 109 0 0 0 132 8 
28 94 115 151 43 2 58 72 127 7 49 122 114 167 51 24 123 125 169 49 54 105 115 171 45 
0 0 0 1256 0 0 0 0 1228 0 0 0 0 1256 0 0 0 1 1320 2 0 0 0 1267 0 
195 0 0 0 0 197 13 17 17 20 178 0 0 0 0 196 0 0 0 0 166 0 0 0 0 
92 0 0 0 0 117 0 0 0 0 122 0 0 0 0 102 0 0 0 0 206 88 85 89 99 
100 19 84 0 0 113 12 107 0 0 116 9 96 0 0 122 9 97 0 0 109 16 101 0 0 
0 0 0 34 0 76 64 49 100 55 0 0 0 22 0 46 47 63 88 52 43 50 44 95 36 
0 0 1471 0 0 0 0 1506 0 0 0 0 1400 0 0 0 0 1505 0 0 0 0 1465 0 0 
