709 655 504 605 660 1035 1034 893 951 974 593 575 521 627 668 930 849 754 857 954 520 417 346 398 539 
224 171 219 200 187 0 0 0 0 0 138 99 148 124 140 0 0 0 0 0 0 0 0 0 0 
144 61 46 206 278 82 0 1 181 182 201 59 31 259 306 83 1 0 127 152 84 3 0 162 123 
139 0 110 154 148 187 45 177 226 213 292 124 248 293 311 224 36 156 208 234 159 0 130 190 151 
142 44 94 140 29 132 17 64 102 0 128 26 73 89 29 116 3 43 112 0 275 178 249 280 163 
107 8 12 0 101 85 0 11 0 105 178 90 102 76 195 167 67 94 65 153 221 102 119 103 228 
0 0 0 0 0 0 0 0 0 0 1020 1025 975 996 1038 0 0 0 0 0 0 0 0 0 0 
0 0 0 262 0 0 0 3 238 0 113 110 100 367 119 117 118 91 390 122 0 0 0 236 0 
14 8 13 181 6 0 0 0 189 0 42 46 35 187 29 0 0 0 162 0 3 6 4 177 3 
0 0 0 0 0 0 0 0 0 0 0 0 0 0 0 64 67 78 91 98 197 182 186 229 186 
65 79 57 46 146 0 12 0 0 86 0 3 0 0 88 0 5 1 0 95 71 70 69 58 145 
143 146 150 161 161 0 0 0 0 0 0 0 0 0 0 0 0 0 0 0 83 81 66 62 85 
0 0 0 0 0 0 0 0 0 0 0 0 0 0 0 433 436 423 410 415 181 170 176 177 193 
0 215 0 0 86 0 195 0 0 99 131 356 154 140 234 0 190 0 0 105 0 231 0 0 82 
828 0 0 0 0 831 0 0 0 0 821 0 0 0 0 868 0 0 0 0 863 0 0 0 0 
48 6 225 180 203 80 45 252 195 252 141 122 308 285 288 234 204 454 378 373 142 102 282 256 335 
76 122 65 128 66 67 84 59 106 80 0 43 0 43 0 47 91 49 79 43 0 39 0 37 0 
36 9 11 7 23 161 121 120 110 137 31 0 0 0 24 31 0 0 0 29 142 137 117 117 159 
0 0 160 0 0 0 0 147 0 0 0 0 157 0 0 179 147 290 146 162 0 0 157 0 0 
0 95 54 59 0 0 98 57 63 0 52 130 121 151 48 0 102 79 60 0 0 100 80 55 0 
0 1 0 2 145 137 112 124 148 252 132 132 116 120 215 7 4 0 0 127 84 95 105 102 208 
0 0 0 0 0 0 0 0 0 0 0 0 0 0 0 1038 1095 1112 1091 1027 0 0 0 0 0 
0 18 57 145 0 0 17 54 122 0 0 19 47 149 0 0 17 56 152 0 0 15 57 149 0 
89 136 91 172 166 10 49 38 87 77 21 54 28 79 102 0 45 0 63 70 0 38 1 62 76 
113 133 116 75 2 105 145 195 91 7 302 293 342 295 205 105 123 140 77 0 290 250 337 244 151 
73 9 12 100 21 72 0 0 106 0 213 160 141 232 135 68 0 0 106 0 118 46 46 179 37 
105 80 40 44 30 124 97 44 51 28 51 47 13 0 0 77 66 16 11 13 75 46 9 0 0 
0 0 192 75 0 0 0 208 69 0 0 0 256 70 0 0 0 226 62 0 0 0 187 57 0 
122 158 152 114 113 0 51 62 0 0 0 51 58 0 0 38 67 100 36 44 0 39 82 0 1 
69 54 78 71 64 106 138 113 128 112 25 41 48 37 44 0 0 0 0 0 0 0 0 0 0 
0 0 0 166 0 0 0 0 175 0 232 236 223 410 244 0 0 0 173 0 0 0 0 155 0 
0 0 0 0 0 146 138 175 138 136 0 0 0 0 0 0 0 0 0 0 74 53 67 67 79 
136 0 10 96 55 148 36 58 138 112 248 82 102 176 182 96 0 0 75 48 214 83 89 182 134 
0 75 0 0 0 0 72 0 0 0 0 57 0 0 0 101 137 74 111 74 48 117 42 46 46 
0 0 100 0 0 89 88 177 108 106 0 0 94 0 0 7 9 99 4 8 14 13 83 9 15 
295 240 242 316 136 132 99 88 130 0 98 90 75 116 0 285 266 207 319 136 168 114 100 182 3 
0 224 0 200 0 0 182 0 194 0 8 203 6 198 7 0 186 0 191 0 0 197 0 204 0 
0 41 0 126 0 0 50 0 135 0 0 51 0 146 0 65 141 70 212 76 0 58 0 138 0 
0 0 0 0 88 98 91 97 67 159 109 80 83 92 143 0 1 0 0 95 0 0 0 0 98 
102 279 304 42 205 36 205 243 1 126 84 270 320 42 191 99 304 314 90 217 217 358 375 162 302 
0 46 39 0 85 19 63 45 13 93 24 88 94 40 87 0 61 26 0 68 0 61 30 0 69 
115 93 108 112 122 15 0 0 35 0 12 0 0 36 0 18 0 0 46 0 90 66 62 104 83 
79 0 77 0 0 79 0 82 0 0 153 66 125 59 61 127 14 90 11 11 79 0 83 0 0 
0 18 80 0 95 0 12 69 0 107 0 16 74 0 106 0 14 91 0 133 0 13 69 0 101 
23 56 152 81 21 64 74 164 110 44 0 42 122 35 0 47 70 156 108 46 0 26 110 61 0 
0 73 0 0 0 0 74 0 0 0 132 248 121 139 133 0 98 0 0 0 15 90 21 25 26 
0 0 0 104 0 86 89 86 170 114 0 0 0 95 0 0 0 0 112 0 105 97 89 216 101 
50 0 92 48 0 57 0 109 53 0 59 0 94 50 0 46 0 102 54 0 44 0 98 46 0 
77 46 0 28 0 104 73 16 47 24 92 85 0 24 0 110 53 0 40 0 88 59 0 34 0 
0 0 0 0 28 246 243 254 256 279 0 0 0 3 43 0 0 0 0 49 0 0 0 0 48 
104 51 67 124 93 75 38 59 117 80 26 0 0 69 14 40 0 0 57 13 43 11 6 59 30 
31 59 8 9 10 17 54 0 0 0 21 79 0 0 0 128 165 131 122 119 28 74 0 0 0 
0 0 0 21 0 191 176 201 202 165 0 0 0 23 0 0 0 0 22 0 0 0 0 20 0 
73 80 134 138 90 0 0 53 63 0 0 0 76 60 0 0 0 68 52 0 0 0 59 63 0 
63 59 59 49 68 41 0 0 0 11 77 63 48 49 73 30 0 0 0 22 93 50 45 49 61 
0 0 28 0 74 9 6 32 12 88 0 0 32 0 68 8 7 40 7 95 81 76 120 67 156 
54 104 134 64 69 25 78 93 26 26 0 29 68 0 0 0 36 69 0 0 0 37 66 0 0 
0 0 126 0 0 0 0 106 0 0 80 124 234 126 110 0 0 95 0 0 0 0 112 0 0 
109 117 34 58 148 35 46 0 0 89 47 61 0 0 71 47 46 0 0 83 72 51 0 0 82 
0 49 0 23 36 59 115 57 80 94 0 58 0 27 38 0 55 0 39 40 25 65 22 53 62 
9 7 99 5 12 0 0 87 0 0 0 0 83 0 0 36 39 120 27 29 75 78 150 59 85 
0 0 0 51 75 88 81 63 117 163 0 0 0 49 73 0 0 0 36 84 0 0 0 47 73 
109 189 87 82 98 23 128 0 0 0 32 136 7 7 10 29 85 0 0 0 22 93 3 0 0 
70 35 106 44 98 21 0 43 4 56 19 0 45 0 73 18 0 55 0 54 0 0 30 0 60 
53 0 5 0 3 69 0 4 0 0 86 42 57 51 74 98 19 1 14 0 137 83 85 105 86 
35 34 117 46 46 6 0 81 0 0 0 0 77 0 0 1 0 69 0 0 35 32 103 29 21 
0 62 64 0 0 0 60 45 3 0 21 104 81 21 21 32 108 58 40 41 0 62 50 0 0 
24 0 85 0 37 59 43 118 38 72 19 0 74 0 27 29 0 83 0 18 29 0 94 0 24 
0 2120 0 0 0 0 2181 0 0 0 0 2059 0 0 0 0 2126 0 0 0 0 2066 0 0 0 
27 159 139 21 18 138 289 303 106 98 5 169 148 10 0 50 248 189 87 50 10 207 104 0 0 
82 135 120 0 0 63 157 142 0 0 95 166 147 0 0 77 161 130 0 0 76 152 155 0 0 
0 79 0 108 0 82 164 75 182 95 61 150 35 149 41 0 75 0 127 0 0 91 0 91 0 
0 0 0 0 0 1279 1221 1232 1195 1261 0 0 0 0 0 0 0 0 0 0 0 0 0 0 0 
0 0 87 144 0 0 0 83 117 0 0 0 90 140 0 0 0 91 140 0 0 0 83 146 0 
156 60 59 110 52 177 54 63 120 72 105 0 0 47 0 94 0 0 44 0 104 0 0 47 0 
0 124 0 0 81 0 145 0 0 73 0 154 0 0 86 0 137 0 0 68 0 136 0 0 93 
193 294 192 257 123 83 174 29 102 0 299 436 242 344 154 175 295 147 212 56 219 350 265 282 128 
94 100 299 297 103 0 0 199 196 5 107 115 295 320 112 0 0 173 188 6 19 16 208 205 25 
178 143 119 171 285 9 26 2 6 169 17 17 9 11 162 241 235 182 218 382 247 272 269 264 424 
0 73 0 0 0 0 55 0 0 0 0 89 1 0 0 9 74 7 8 7 193 228 192 171 193 
82 33 50 29 70 67 17 28 0 75 72 12 41 0 54 101 17 20 0 65 180 141 147 99 197 
199 66 0 94 0 205 63 0 103 0 204 38 0 101 0 191 62 0 106 0 190 62 0 105 0 
0 0 1443 0 0 0 0 1461 0 0 0 0 1362 0 0 0 0 1478 0 0 0 0 1436 0 0 
100 7 10 75 34 137 114 86 133 99 128 90 85 99 101 81 37 26 80 35 65 0 0 31 12 
123 122 146 95 191 0 0 9 0 48 59 83 77 60 114 0 0 23 0 56 0 0 16 0 61 
33 65 0 110 0 90 140 77 188 73 93 112 86 206 90 37 62 0 100 0 26 56 0 105 0 
109 109 95 112 183 92 105 79 76 128 0 31 0 0 68 0 35 0 0 43 63 85 66 60 121 
0 71 0 0 0 31 143 33 38 30 38 134 37 37 31 28 124 21 26 34 47 133 44 34 53 
33 7 38 30 0 102 61 106 106 61 42 15 45 33 0 47 8 41 33 0 41 20 32 38 0 
154 0 0 0 0 120 0 0 0 0 213 88 100 109 105 119 0 0 0 0 135 0 0 0 0 
0 0 0 0 836 0 0 0 0 793 0 0 0 0 836 0 0 0 0 838 0 0 0 0 777 
133 102 0 155 59 137 127 0 165 85 180 182 43 203 112 136 120 1 165 105 131 162 1 198 83 
128 0 0 0 0 260 101 90 83 77 159 0 0 0 0 150 0 0 0 0 145 0 0 0 0 
0 0 0 0 0 75 55 70 64 72 0 0 0 0 0 149 118 145 154 144 0 0 0 0 0 
0 22 0 143 0 33 55 46 186 32 0 19 0 132 0 0 16 0 136 0 0 20 0 160 0 
166 52 112 108 140 100 0 75 16 50 96 0 90 54 58 209 112 180 132 175 68 0 38 22 44 
45 50 56 137 112 31 25 32 89 80 0 0 0 81 60 0 0 0 51 53 7 11 9 78 55 
0 10 64 0 0 81 102 187 96 91 0 10 78 0 0 64 85 189 58 75 0 7 73 0 0 
196 5 185 0 0 197 0 166 0 0 196 3 181 4 1 173 0 178 0 0 207 16 178 10 10 
385 131 405 182 263 368 162 417 221 228 365 159 398 201 233 249 25 237 80 140 253 81 314 93 130 
74 164 78 89 70 0 90 0 29 0 18 130 31 42 28 0 114 0 17 0 0 83 0 22 0 
0 0 33 0 58 35 45 78 44 113 53 74 89 53 121 0 0 33 0 61 0 0 49 0 58 
0 0 17 0 202 0 0 16 0 189 0 0 29 0 180 0 0 27 0 185 0 0 23 0 192 
0 0 0 56 0 0 0 0 69 0 57 64 50 155 48 0 0 0 69 0 94 86 95 174 100 
100 0 0 111 0 138 0 0 139 0 119 0 0 112 0 110 0 0 133 0 112 0 0 135 0 
0 34 72 85 10 104 170 166 198 120 159 205 243 240 144 4 77 103 125 33 63 113 114 144 51 
109 150 128 114 230 0 0 0 0 82 0 0 0 0 75 27 25 32 26 125 0 0 0 0 84 
117 208 126 117 121 0 110 0 0 0 74 176 82 83 77 2 107 0 0 4 74 174 60 63 73 
136 126 76 78 78 76 45 0 0 0 85 47 4 4 8 63 47 0 0 0 71 56 0 0 0 
0 134 0 0 1 33 181 55 56 63 0 147 0 0 0 71 218 93 80 65 0 131 0 0 0 
0 0 0 0 0 0 0 0 0 0 0 0 0 0 0 0 0 0 0 0 444 408 443 431 398 
0 0 37 0 0 73 79 93 76 87 0 0 32 0 0 77 76 88 59 82 20 25 60 22 27 
10 15 20 21 63 0 0 0 0 48 112 103 100 101 147 0 0 0 0 44 86 129 108 103 146 
0 0 0 132 0 0 0 0 118 0 0 0 0 142 0 0 0 0 151 0 75 76 79 201 84 
0 69 0 32 76 3 64 0 38 80 1 57 0 38 97 0 59 0 33 80 20 74 28 56 115 
0 110 0 0 0 0 108 0 0 0 0 105 0 0 0 0 96 0 0 0 96 185 99 105 92 
0 27 0 7 0 91 109 90 79 89 83 79 78 71 80 0 16 0 14 0 123 156 125 148 120 
0 0 118 55 0 44 45 156 106 50 0 0 100 39 0 0 0 89 37 0 0 0 127 35 0 
58 0 0 0 0 125 62 61 76 69 99 20 18 20 14 131 47 46 51 40 56 0 0 0 0 
83 35 33 111 37 39 0 0 89 0 47 0 0 85 0 83 34 30 120 31 55 0 0 82 0 
0 0 18 25 0 0 0 0 29 0 101 98 83 116 97 0 0 0 28 0 0 0 20 29 0 
3 7 61 108 8 0 0 52 82 0 49 31 109 136 48 31 38 69 119 41 0 0 58 87 0 
45 2 37 38 8 31 3 31 36 14 98 61 98 88 68 57 16 40 42 12 43 0 39 38 0 
47 0 62 0 65 42 0 61 0 60 31 0 76 0 74 97 59 117 68 124 32 0 60 0 57 
98 27 187 89 52 83 16 178 105 40 84 0 175 34 20 201 89 257 147 128 111 26 209 65 67 
10 121 170 46 144 146 220 316 134 275 42 148 223 75 203 0 60 178 1 122 99 154 247 116 251 
20 21 24 61 50 40 39 36 78 78 0 0 0 32 33 0 0 0 23 18 81 96 95 133 109 
17 30 0 82 0 28 46 0 101 0 72 69 37 127 51 25 36 0 102 0 37 32 0 77 0 
0 0 58 0 0 165 157 219 151 181 0 0 57 0 0 0 0 79 0 0 0 0 75 0 0 
81 16 17 10 26 127 79 91 82 82 142 111 100 114 118 54 0 5 0 14 47 13 15 7 33 
21 131 88 19 45 0 102 74 10 17 0 95 59 0 26 0 113 61 7 13 51 161 115 45 92 
144 189 96 96 98 80 64 44 19 20 38 51 15 0 0 40 52 14 0 0 34 46 13 0 0 
91 91 18 18 22 58 57 0 0 0 60 78 12 8 17 75 87 49 48 57 106 95 63 36 48 
36 76 41 71 29 0 62 11 42 15 0 51 9 46 18 0 42 11 29 12 37 104 64 97 78 
0 0 63 32 14 0 0 47 38 3 0 0 51 42 6 49 60 139 113 75 59 55 108 99 70 
29 36 26 22 31 0 0 0 0 0 71 59 57 62 55 0 0 0 0 0 120 107 99 114 110 
44 36 41 40 43 0 0 20 0 0 0 1 22 2 0 55 53 99 64 63 137 108 150 151 140 
38 45 108 47 37 6 9 62 6 10 47 46 117 43 34 0 0 53 0 0 0 0 53 4 0 
0 0 180 32 0 0 0 141 21 0 19 20 156 37 18 0 0 166 23 0 0 0 160 22 0 
43 71 0 0 0 66 92 38 30 29 67 108 17 13 9 79 119 36 37 41 37 65 0 0 0 
85 124 72 58 63 14 46 3 0 0 78 137 64 51 61 37 73 27 20 15 26 56 0 0 0 
0 115 108 161 0 0 124 118 160 1 0 108 119 167 0 0 115 115 156 0 0 126 118 163 3 
22 0 0 192 0 15 0 0 130 0 137 105 123 260 108 15 0 0 142 0 31 0 0 145 1 
114 150 28 81 102 153 207 75 90 161 126 164 72 87 122 85 113 14 36 72 197 247 115 138 170 
69 219 137 98 96 8 49 75 12 4 38 83 116 34 29 29 95 77 12 27 0 67 53 0 0 
0 16 12 0 66 6 29 13 0 116 0 7 8 0 53 64 87 76 54 149 23 45 33 27 95 
670 503 629 428 553 455 182 257 219 250 497 305 330 209 309 319 154 163 62 170 570 374 458 349 421 
97 96 3 4 3 227 212 93 93 90 110 106 0 0 0 124 115 31 26 17 94 73 0 0 0 
159 293 118 139 121 235 350 128 239 168 135 276 89 147 70 43 195 0 42 0 101 236 77 118 54 
0 0 0 0 54 0 0 0 0 62 0 0 0 0 72 0 0 0 0 62 151 180 160 169 202 
73 10 32 0 16 155 21 66 27 30 157 73 102 61 65 175 92 151 82 95 149 31 62 24 30 
150 0 0 54 0 156 0 0 55 0 141 0 0 40 0 167 0 0 46 0 149 0 0 41 0 
172 144 175 268 131 47 0 90 145 1 73 43 114 198 53 49 10 111 120 30 45 0 84 101 0 
65 125 94 192 177 0 9 4 98 54 0 11 7 69 64 0 10 13 96 59 29 44 38 118 74 
145 143 66 32 9 210 199 159 109 131 121 112 75 35 19 266 217 191 122 138 157 177 108 46 63 
69 149 66 63 61 0 70 0 0 0 8 103 4 6 5 0 73 0 0 0 88 185 70 93 73 
0 0 0 18 0 0 0 0 21 0 0 0 0 24 0 0 0 0 21 0 175 194 220 224 225 
65 13 47 109 90 14 6 32 97 84 69 23 50 126 108 27 0 36 92 92 130 76 123 199 194 
0 87 74 0 98 0 104 76 0 99 0 104 58 0 78 0 79 81 0 99 0 119 80 0 93 
52 28 57 41 34 80 55 100 63 60 26 18 41 21 13 64 51 109 76 58 7 0 32 2 0 
86 0 0 0 56 69 0 0 0 49 88 0 0 0 60 67 0 0 0 52 182 92 86 98 158 
39 57 0 48 41 34 52 0 61 43 30 29 1 73 37 104 109 62 135 102 52 63 25 69 59 
70 87 97 77 62 10 35 40 14 10 0 14 45 0 0 59 69 85 51 46 21 29 55 19 14 
0 0 0 142 42 0 0 0 175 29 30 30 18 164 57 0 0 0 146 35 0 0 0 146 40 
0 0 0 183 13 215 178 169 442 219 0 0 0 205 16 156 164 176 369 155 0 0 0 186 9 
51 154 181 178 56 23 95 137 175 23 69 152 169 213 80 58 182 173 248 82 90 131 160 242 102 
0 0 0 1290 0 0 2 0 1287 0 0 0 0 1310 0 1 3 3 1369 2 0 0 0 1313 0 
195 0 0 0 0 197 13 18 17 20 178 0 0 0 0 195 0 0 0 0 166 0 0 0 0 
92 0 0 0 0 117 0 0 0 0 121 0 0 0 0 102 0 0 0 0 206 87 85 89 99 
169 38 65 50 41 116 0 15 1 0 239 63 88 76 72 231 107 167 137 119 200 92 103 82 81 
13 15 0 0 0 0 26 1 0 0 0 22 0 0 1 30 57 28 39 31 0 0 0 0 0 
77 83 153 121 96 0 0 64 0 0 0 0 63 0 0 0 0 71 0 0 214 220 254 236 221 
1 13 0 73 200 116 118 107 199 317 1 20 0 92 237 0 14 0 86 246 113 134 107 163 284 
15 13 79 8 232 5 1 63 8 188 127 114 179 116 294 146 146 226 167 337 1 4 62 0 190 
157 291 297 252 90 207 273 320 233 129 188 273 308 253 162 116 203 267 157 51 82 192 232 166 33 
113 0 0 13 0 101 0 0 0 0 118 0 0 0 0 119 0 0 0 0 152 20 28 41 38 
0 0 195 0 35 0 0 223 0 28 0 0 193 0 27 0 0 189 0 22 0 0 181 0 32 
36 74 39 31 47 0 53 0 2 22 47 75 44 39 59 6 31 0 0 28 4 55 0 0 19 
609 622 638 683 624 0 0 0 0 0 0 0 0 0 0 0 0 0 0 0 0 0 0 0 0 
66 48 0 0 0 77 68 14 14 13 128 82 34 34 26 85 58 0 0 0 93 85 22 23 28 
31 0 0 58 70 76 44 47 89 123 21 0 0 61 71 38 9 14 56 65 35 26 30 74 84 
0 0 55 60 0 75 53 108 102 64 0 0 42 36 0 59 54 104 87 49 50 29 90 80 30 
13 10 0 0 72 14 2 0 0 61 66 61 43 42 127 22 27 19 13 71 85 111 98 89 135 
55 0 0 0 0 62 0 0 0 0 64 0 0 0 0 202 133 145 146 141 52 0 0 0 0 
68 140 93 129 141 87 256 137 160 208 4 103 31 49 48 124 215 135 147 138 131 242 180 192 164 
0 0 0 0 0 31 35 30 19 22 0 0 0 0 0 59 67 67 65 90 100 94 96 97 127 
