756 729 550 764 766 1182 1118 991 1140 1087 717 674 512 767 815 978 924 763 1034 1018 615 550 379 470 615 
253 198 258 245 238 0 3 0 0 0 159 126 174 141 162 0 0 0 0 0 0 0 0 0 0 
109 48 36 184 199 83 0 0 136 136 164 49 24 204 220 78 0 0 87 152 71 0 1 111 140 
172 0 145 175 169 218 39 245 214 259 308 131 308 345 341 242 48 195 247 253 163 0 149 218 170 
166 47 98 149 51 140 10 69 92 0 127 24 61 84 23 139 5 42 114 0 295 192 242 310 173 
108 8 19 0 86 86 4 16 0 104 179 87 98 77 172 163 65 94 62 141 210 100 117 102 224 
0 0 0 0 0 0 0 0 0 0 1022 1043 989 1017 1057 0 0 0 0 0 0 0 0 0 0 
0 0 0 264 0 1 0 3 249 2 112 111 103 365 123 121 109 91 395 124 0 0 0 250 0 
12 8 13 192 5 0 0 0 205 0 40 48 37 201 33 0 0 0 166 0 3 8 4 198 3 
0 0 0 0 0 0 0 0 0 0 0 0 0 0 0 70 68 87 93 90 206 192 185 231 191 
97 112 100 67 216 0 13 0 0 150 0 4 0 0 121 0 10 0 0 142 122 100 88 75 206 
152 158 162 171 169 0 1 0 0 0 0 0 0 0 0 0 0 0 0 0 86 86 68 66 84 
0 0 0 0 0 0 0 0 0 0 0 0 0 0 0 454 441 430 424 435 195 186 192 192 208 
0 227 0 0 97 0 197 0 0 111 142 376 153 140 235 0 205 0 0 110 0 234 0 0 93 
822 0 0 0 0 807 0 0 0 0 800 0 0 0 0 833 0 0 0 0 845 0 0 0 0 
15 0 201 137 188 61 44 233 188 239 104 115 280 228 260 166 153 380 332 331 83 79 276 179 263 
72 122 89 137 64 77 73 60 108 72 0 43 0 41 0 42 93 52 86 41 0 37 0 45 0 
37 10 14 6 23 156 119 122 115 131 30 0 0 0 24 21 0 0 0 23 157 125 116 126 173 
0 0 152 0 0 0 0 152 0 0 0 0 157 0 0 179 156 285 145 145 0 0 151 0 0 
0 92 56 62 0 0 117 58 62 0 55 159 120 137 49 0 102 66 65 0 0 112 76 66 0 
1 2 0 0 135 132 94 109 124 205 125 111 108 104 197 4 5 0 0 117 85 91 99 82 196 
0 0 0 0 0 0 0 0 0 0 0 0 0 0 0 1003 1057 1072 1039 973 0 0 0 0 0 
0 17 58 145 0 0 17 56 130 0 0 19 48 154 0 0 17 49 146 0 0 17 50 148 0 
85 152 85 177 162 8 65 21 85 89 20 51 28 81 105 0 54 0 72 73 0 42 0 61 76 
145 136 152 97 1 124 131 219 105 1 300 326 370 321 214 134 144 161 94 0 299 269 377 278 158 
83 16 22 113 21 80 0 0 132 0 238 170 164 255 149 76 1 0 110 1 118 51 44 187 39 
115 80 41 40 29 138 88 45 56 29 49 43 17 0 0 80 67 16 11 14 79 49 11 0 0 
0 0 202 75 0 0 0 220 74 0 0 0 267 88 0 0 0 234 63 0 0 0 212 64 0 
129 152 151 114 95 0 55 72 0 0 0 55 60 0 0 37 71 95 34 34 0 43 94 0 1 
73 60 77 80 66 117 135 121 131 116 29 50 49 47 42 0 0 0 0 0 0 0 0 0 0 
0 0 0 181 0 0 0 0 185 0 237 241 220 423 246 0 0 0 183 0 0 0 0 170 0 
0 0 0 0 0 155 138 184 143 157 0 0 0 0 0 0 0 0 0 0 74 56 73 72 83 
138 12 21 88 74 155 46 55 145 107 250 92 104 194 172 99 0 0 80 44 221 83 108 190 137 
0 80 0 0 0 0 81 0 0 0 0 65 0 0 0 117 155 77 127 85 53 126 45 48 47 
0 0 97 0 0 94 87 197 114 112 0 0 99 0 0 8 9 106 3 8 15 12 85 10 19 
286 240 198 293 133 138 110 83 123 0 94 116 66 105 0 278 260 158 291 120 138 140 69 160 0 
0 232 0 220 0 0 200 0 206 0 8 225 5 216 7 0 203 0 205 0 0 209 0 230 0 
0 50 0 130 0 0 55 0 147 0 0 49 0 141 0 67 156 80 226 82 0 59 0 142 0 
0 0 0 0 76 88 73 83 62 137 95 78 75 84 135 1 0 0 0 74 0 0 0 0 80 
70 241 295 46 206 42 175 239 4 136 77 252 324 49 189 96 253 313 88 226 223 330 379 181 287 
0 51 36 0 101 21 85 51 14 106 35 89 100 43 104 0 67 32 0 74 0 73 31 0 82 
104 87 98 107 114 14 0 0 33 0 12 0 0 39 0 16 0 0 38 0 83 62 57 99 74 
69 0 65 0 0 63 0 75 0 0 113 53 107 48 50 99 16 77 13 12 66 0 73 0 0 
0 20 94 0 106 0 14 75 0 115 0 16 80 0 115 0 14 103 0 144 0 14 72 0 108 
8 43 106 64 14 40 62 135 87 37 0 34 110 37 0 33 62 128 85 24 0 19 89 53 0 
0 67 0 0 0 0 78 0 0 0 142 254 134 149 144 0 104 0 0 0 14 89 19 27 31 
0 0 0 73 0 61 64 53 125 83 0 0 0 74 0 0 0 0 82 0 71 65 57 151 62 
49 0 92 48 0 57 0 111 53 0 59 0 93 50 0 46 0 103 54 0 45 0 98 47 0 
79 47 0 30 0 105 74 16 52 25 93 87 0 25 0 111 55 0 42 0 89 59 0 34 0 
0 0 0 0 40 259 247 254 248 286 0 0 0 0 55 0 0 0 0 55 0 0 0 0 52 
86 47 56 108 76 58 37 49 96 68 24 0 0 52 10 27 0 0 48 11 36 12 5 54 27 
31 55 8 6 10 17 55 0 0 0 24 79 0 0 0 130 168 132 122 119 28 78 0 0 0 
0 0 0 21 0 174 165 191 195 156 0 0 0 22 0 0 0 0 21 0 0 0 0 19 0 
82 88 151 162 106 0 0 57 71 0 0 0 81 71 0 0 0 77 69 0 0 0 75 74 0 
81 76 75 66 87 53 0 0 0 16 95 77 51 55 90 35 0 0 0 23 125 67 58 61 82 
0 0 27 0 78 13 5 51 14 108 0 0 39 0 87 15 9 53 11 116 110 108 152 87 212 
71 135 167 74 87 41 98 116 34 34 0 44 86 0 0 0 50 92 0 0 0 45 80 0 0 
0 0 124 0 0 0 0 95 0 0 80 121 226 124 105 0 0 90 0 0 0 0 111 0 0 
105 117 34 58 141 37 41 0 0 86 39 62 0 0 73 45 45 0 0 80 62 52 0 0 84 
0 48 0 15 13 55 102 48 59 70 0 55 0 19 27 0 53 0 31 24 12 42 14 34 43 
13 9 120 4 11 0 0 102 0 0 0 0 102 0 0 45 42 141 32 30 89 89 169 64 101 
0 0 0 51 75 88 81 63 117 163 0 0 0 49 73 0 0 0 36 84 0 0 0 47 73 
93 158 74 69 82 22 102 0 0 0 30 111 7 8 9 21 70 0 0 0 25 76 3 3 0 
72 35 101 47 99 21 0 44 9 64 18 0 49 0 77 20 0 55 2 62 0 0 35 0 58 
65 0 9 0 1 70 0 9 0 0 98 56 71 57 80 99 15 16 7 0 153 74 82 95 77 
35 34 118 47 48 0 0 80 0 0 0 0 77 0 0 4 0 70 0 0 36 33 112 27 27 
0 62 64 0 0 0 65 42 0 0 21 104 78 21 21 31 108 60 40 42 0 61 50 0 0 
6 0 83 0 36 32 22 104 21 64 0 0 76 0 20 0 0 82 0 20 0 0 90 0 21 
0 2180 0 0 0 0 2260 0 0 0 0 2106 0 0 0 0 2152 0 0 0 0 2110 0 0 0 
14 96 102 10 5 76 161 159 69 52 0 102 90 2 0 28 135 117 51 35 2 100 83 0 1 
58 108 87 0 0 52 122 102 0 0 74 126 104 0 0 73 125 91 0 0 57 118 115 0 0 
0 66 0 92 0 54 113 54 135 73 53 108 27 111 36 0 65 0 86 0 0 86 0 68 0 
0 0 0 0 0 1299 1259 1257 1230 1278 0 0 0 0 0 0 0 0 0 0 0 0 0 0 0 
0 0 80 130 0 0 0 76 109 0 0 0 84 128 0 0 0 84 128 0 0 0 76 133 0 
129 48 47 78 37 127 46 48 96 59 80 0 0 35 0 75 0 0 34 0 82 0 0 37 0 
0 130 0 0 85 0 152 0 0 83 0 168 0 0 89 0 138 0 0 80 0 154 0 0 99 
211 306 179 213 87 140 249 102 125 17 275 370 246 287 108 278 387 274 267 138 188 384 246 229 142 
97 83 283 273 95 0 0 182 189 0 117 107 280 290 83 0 0 157 175 7 25 26 219 202 20 
150 129 118 156 271 13 21 2 14 172 10 15 8 24 168 223 218 171 188 357 223 246 238 230 407 
0 135 0 0 0 0 100 0 0 0 0 121 0 0 0 7 130 5 7 2 268 341 265 250 251 
47 20 39 11 43 41 16 28 1 35 39 13 32 0 30 63 13 30 0 38 112 102 91 76 120 
200 75 0 100 0 202 67 0 101 0 202 53 0 104 0 191 67 0 111 0 205 63 0 112 0 
0 0 1472 0 0 0 0 1491 0 0 0 0 1384 0 0 0 0 1493 0 0 0 0 1448 0 0 
66 6 8 41 22 93 62 42 86 65 83 59 50 64 74 59 22 19 69 32 51 0 0 24 12 
97 108 112 73 165 0 0 6 0 41 52 66 66 52 95 0 0 15 0 45 0 0 10 0 54 
39 74 0 85 0 131 172 95 188 82 99 107 80 172 77 47 70 0 86 0 35 65 0 94 0 
87 94 91 97 149 82 97 69 65 124 0 27 0 0 57 0 20 0 0 33 63 86 59 55 101 
0 69 0 0 0 32 131 31 33 31 30 135 41 34 29 22 120 22 23 33 37 115 38 39 48 
33 11 41 34 0 103 70 109 111 63 42 21 47 37 0 47 9 43 35 0 41 19 36 38 0 
150 0 0 0 0 132 0 0 0 0 226 77 100 106 101 127 0 0 0 0 135 0 0 0 0 
0 0 0 0 830 0 0 0 0 783 0 0 0 0 840 0 0 0 0 830 0 0 0 0 774 
87 140 103 225 211 0 9 7 111 62 0 19 9 78 83 0 24 13 110 64 35 53 30 133 81 
131 0 0 0 0 243 103 85 87 71 156 0 0 0 0 149 0 0 0 0 151 0 0 0 0 
0 0 0 0 0 75 57 73 65 72 0 0 0 0 0 149 126 148 148 141 0 0 0 0 0 
0 20 0 141 0 33 55 46 184 32 0 17 0 130 0 0 11 0 135 0 0 19 0 156 0 
144 54 108 91 145 106 0 80 30 51 111 19 107 64 76 206 114 173 116 160 92 0 47 35 68 
50 56 73 148 133 35 28 36 101 95 0 0 0 91 68 0 0 0 53 57 12 13 13 104 70 
0 10 70 0 0 98 113 198 117 103 0 12 70 0 0 74 91 196 66 74 0 10 74 0 0 
203 7 195 0 0 208 0 181 0 0 201 4 184 5 1 183 1 192 0 0 210 22 183 10 10 
310 99 330 130 183 334 204 415 188 222 333 159 395 196 224 209 9 210 37 75 173 37 244 35 76 
65 151 69 83 66 0 86 0 27 0 17 126 28 33 27 0 104 0 16 0 0 74 0 22 0 
0 0 33 0 58 35 46 78 43 113 55 74 89 53 120 0 0 33 0 61 0 0 49 0 58 
0 0 21 0 226 0 0 16 0 213 0 0 34 0 182 0 0 29 0 209 0 0 27 0 219 
0 0 0 58 0 0 0 0 68 0 61 64 51 157 47 0 0 0 66 0 97 82 95 176 98 
118 0 0 119 0 141 0 0 148 0 147 0 0 123 0 128 0 0 137 0 136 0 0 138 0 
1 36 84 71 1 113 186 197 192 129 181 205 247 239 161 12 59 122 111 21 78 114 128 145 70 
99 122 109 107 203 0 0 0 0 72 0 0 0 0 68 20 23 26 22 105 0 0 0 0 76 
120 213 128 121 125 0 111 0 0 0 74 181 82 88 78 1 106 2 0 7 88 192 82 78 92 
165 149 85 94 91 90 52 0 0 0 102 59 3 3 7 76 57 0 0 0 80 65 0 0 0 
0 129 0 0 0 41 186 58 55 76 0 145 0 0 0 72 203 94 108 72 0 122 0 0 0 
0 0 0 0 0 0 0 0 0 0 0 0 0 0 0 0 0 0 0 0 449 417 453 440 395 
0 0 37 0 0 73 79 92 75 87 0 0 31 0 0 77 75 85 59 79 19 25 59 22 26 
8 15 15 17 51 0 0 0 0 36 80 78 71 69 99 0 0 0 0 33 68 98 78 76 102 
0 0 0 130 0 0 0 0 116 0 0 0 0 143 0 0 0 0 147 0 76 73 79 202 88 
0 66 0 34 71 0 62 0 37 75 0 53 0 35 90 0 60 0 29 73 17 78 24 56 111 
0 33 0 22 0 89 106 83 80 84 81 79 79 79 78 0 20 0 22 0 123 149 126 149 117 
0 0 117 55 0 43 45 154 106 50 0 0 101 39 0 0 0 89 38 0 0 0 126 34 0 
59 0 0 0 0 126 62 60 76 68 99 20 18 20 15 131 47 46 52 41 58 0 0 0 0 
83 35 33 111 37 39 0 0 91 0 48 0 0 85 0 83 35 30 120 32 55 0 0 83 0 
0 0 63 43 0 0 0 55 43 0 101 98 148 132 97 0 0 62 47 0 0 0 66 42 0 
3 5 47 90 7 0 0 45 70 0 47 24 97 112 38 24 35 65 101 35 0 0 45 73 0 
67 7 52 50 11 54 5 45 51 19 129 84 124 116 94 78 25 51 62 17 60 5 57 48 3 
43 0 61 0 64 40 0 59 0 56 27 0 75 0 79 99 56 116 69 119 32 0 64 0 60 
93 29 140 89 66 66 16 138 77 39 67 0 104 35 12 162 54 180 106 95 106 32 191 68 80 
16 106 157 44 125 116 210 283 134 245 21 104 203 59 168 0 38 163 1 109 69 150 225 99 213 
22 23 23 62 48 42 39 37 80 76 0 0 0 34 30 0 0 0 22 19 82 92 92 130 103 
20 39 0 108 0 32 51 0 120 0 91 94 45 162 65 30 44 0 121 0 42 35 0 90 0 
0 0 56 0 0 164 149 218 153 178 0 0 59 0 0 0 0 73 0 0 0 1 72 0 0 
65 14 10 6 21 91 66 70 67 67 101 82 93 96 96 40 0 5 0 12 36 12 17 8 22 
15 131 92 15 37 3 108 75 8 10 0 85 54 0 21 0 104 65 6 14 47 148 118 43 83 
128 167 89 86 88 62 62 37 18 19 37 56 15 0 0 36 43 13 0 0 29 41 13 0 0 
40 62 0 0 0 51 49 0 0 0 50 63 7 2 14 65 68 32 37 43 51 55 38 0 27 
41 80 44 67 29 0 62 11 41 15 0 52 11 44 19 0 43 14 31 12 42 106 66 96 82 
0 0 61 28 12 0 0 53 43 4 0 0 50 44 8 48 61 136 107 71 53 56 112 106 71 
29 38 26 22 30 0 0 0 0 0 71 59 57 62 55 0 0 0 0 0 120 107 99 113 110 
45 34 23 37 43 0 0 0 0 0 0 0 0 0 0 56 63 85 61 74 129 111 148 168 131 
32 35 90 35 30 0 4 56 0 0 61 52 129 44 45 0 0 53 0 0 0 0 59 0 0 
0 0 111 9 0 0 0 69 0 0 19 20 68 0 18 0 0 90 3 0 0 0 85 0 0 
45 75 0 0 0 73 99 42 31 33 77 115 17 14 9 84 129 43 38 45 39 70 0 0 0 
83 116 66 51 59 11 43 3 0 0 72 125 60 49 53 35 69 28 16 14 22 52 0 0 0 
0 129 117 179 0 0 151 127 175 0 0 111 129 188 3 0 127 129 167 1 0 141 127 176 3 
19 0 0 182 0 12 0 0 141 0 126 105 132 257 106 14 0 0 141 2 28 2 0 148 0 
126 171 15 96 99 191 265 93 129 180 167 225 82 131 136 94 129 7 30 81 255 321 144 195 197 
69 187 127 78 99 4 50 73 12 5 27 78 108 33 26 28 99 65 14 24 0 60 64 0 0 
0 16 10 0 67 0 17 18 0 100 0 13 3 0 48 58 74 52 35 137 25 39 43 26 97 
744 521 639 408 491 446 203 269 175 229 488 302 366 155 304 380 153 203 41 149 569 392 461 364 408 
107 63 0 4 0 186 165 88 77 80 101 88 0 0 0 114 102 24 17 17 87 63 0 0 0 
179 297 134 163 130 285 392 177 288 204 166 301 121 187 111 49 196 11 71 0 97 211 58 108 49 
0 0 0 0 52 0 0 0 0 56 0 0 0 0 65 0 0 0 0 58 134 157 141 152 185 
150 0 0 54 0 156 0 0 55 0 141 0 0 40 0 168 0 0 46 0 149 0 0 41 0 
162 149 174 254 132 29 13 85 131 4 87 47 132 191 64 43 0 98 88 25 43 0 91 90 1 
118 108 86 56 3 177 142 133 113 102 81 77 69 31 6 237 190 203 140 117 125 136 114 40 46 
72 154 60 69 65 0 62 0 0 0 6 90 6 6 4 0 74 0 0 0 92 178 72 89 73 
0 0 0 18 0 0 0 0 20 0 0 0 0 21 0 0 0 0 18 0 176 200 235 230 217 
57 11 58 97 87 17 0 27 82 72 70 23 43 129 99 21 1 30 80 75 127 71 109 176 182 
0 124 98 0 106 0 103 91 0 114 0 134 64 0 92 0 98 98 0 115 0 127 87 0 122 
59 26 65 43 39 85 63 107 63 68 24 20 50 23 15 60 53 131 78 55 8 0 37 2 0 
77 0 0 0 56 67 0 0 0 50 88 0 0 0 59 68 0 0 0 51 184 91 80 92 151 
72 90 0 91 53 54 73 1 115 67 58 54 0 140 70 148 192 90 187 153 100 134 36 122 116 
82 122 129 95 72 13 37 64 15 10 0 16 56 0 0 70 91 107 64 54 28 30 69 24 16 
0 0 0 140 35 0 0 0 158 28 27 28 15 156 52 0 0 0 149 34 0 0 0 136 38 
0 0 0 183 14 236 205 186 457 233 2 0 0 197 10 154 165 158 327 157 0 0 0 178 10 
31 140 150 169 50 31 115 129 179 14 69 147 152 191 50 41 187 177 234 91 86 141 179 224 78 
0 0 0 1281 0 0 0 0 1279 0 0 0 0 1301 0 0 1 1 1360 0 0 0 0 1304 0 
195 0 0 0 0 197 13 18 17 20 178 0 0 0 0 196 0 0 0 0 166 0 0 0 0 
93 0 0 0 0 118 0 0 0 0 123 0 0 0 0 102 0 0 0 0 212 89 86 90 100 
181 85 69 92 128 65 0 0 9 15 142 46 54 50 46 128 50 78 98 92 218 130 107 183 161 
13 3 0 0 21 0 30 0 0 0 0 0 0 0 0 35 49 25 35 56 0 0 0 0 0 
64 66 134 95 74 0 0 47 0 0 0 0 66 0 0 0 0 60 0 0 155 167 200 184 155 
1 15 0 86 227 125 144 131 229 363 1 43 0 84 252 0 15 0 97 266 132 158 125 205 319 
8 14 87 6 245 3 5 58 5 195 121 116 172 131 314 153 170 232 192 364 3 7 58 0 200 
130 231 252 200 81 148 219 279 182 95 145 231 257 186 127 76 151 198 106 29 51 147 188 123 1 
120 0 0 10 0 109 0 0 1 0 119 0 0 0 0 115 0 0 0 0 147 19 25 39 36 
48 63 32 31 43 0 37 0 0 0 51 81 45 40 57 7 37 0 0 28 0 47 0 0 16 
622 635 646 692 638 0 0 0 0 0 0 0 0 0 0 0 0 0 0 0 0 0 0 0 0 
76 62 0 0 0 93 81 18 14 15 156 93 39 40 28 103 81 0 0 0 121 105 27 28 30 
35 0 0 70 82 79 52 49 106 133 16 0 0 64 66 41 10 16 66 61 28 28 33 75 90 
10 10 0 0 85 20 0 0 0 68 69 75 45 38 137 22 24 15 18 78 98 118 101 97 137 
55 0 0 0 0 62 0 0 0 0 64 0 0 0 0 202 133 145 146 141 52 0 0 0 0 
53 142 112 111 128 89 280 168 162 223 11 103 62 43 53 105 182 142 166 145 129 230 195 176 168 
0 0 0 0 0 31 35 30 20 22 0 0 0 0 0 59 67 68 65 91 100 94 96 97 127 
149 13 83 3 12 213 2 63 3 15 295 79 136 96 102 299 188 261 160 159 256 60 113 38 37 
19 0 42 26 0 23 0 17 0 0 40 1 26 11 0 102 76 114 86 84 36 2 39 4 0 
0 0 198 0 37 0 0 214 0 30 0 0 195 0 26 0 0 190 0 30 0 0 179 0 29 
101 61 0 127 49 111 65 0 105 72 119 104 31 146 74 92 56 0 109 63 88 62 0 140 54 
40 65 41 62 33 12 22 0 22 0 60 82 49 88 37 11 43 6 34 5 56 55 54 80 29 
0 0 45 51 0 74 54 93 93 63 0 0 40 34 0 52 45 104 79 45 40 31 73 75 27 
