765 640 515 610 655 1050 1059 958 1049 1008 648 602 489 687 761 1048 955 840 1023 1004 610 488 383 454 543 
214 153 200 182 176 0 2 0 0 3 134 95 135 114 136 0 0 0 0 0 0 0 0 0 0 
125 65 30 189 232 97 0 0 139 153 158 55 34 223 250 76 0 0 98 148 73 0 0 131 131 
187 0 179 210 205 263 60 267 271 305 375 149 342 376 408 281 49 219 255 278 194 1 153 224 214 
165 42 87 142 41 131 7 62 95 0 131 18 67 72 23 135 0 41 105 0 279 182 233 262 160 
102 7 13 0 86 83 6 13 0 110 172 91 99 74 181 165 61 88 63 149 206 103 109 98 220 
0 0 0 0 0 0 0 0 0 0 1019 1034 978 1002 1044 0 0 0 0 0 0 0 0 0 0 
0 0 0 256 0 1 0 4 226 1 109 101 94 359 119 106 107 94 374 116 0 0 0 238 0 
13 5 11 182 4 0 0 0 197 0 37 46 37 188 30 0 0 0 167 0 4 4 2 196 0 
0 0 0 0 0 0 0 0 0 0 0 0 0 0 0 65 72 76 80 95 207 192 194 211 195 
90 104 76 64 207 0 6 0 0 119 1 1 0 0 126 0 2 0 0 121 110 80 94 78 206 
147 152 159 169 167 0 0 0 0 0 0 0 0 0 0 0 0 0 0 0 85 84 67 63 90 
0 0 0 0 0 0 0 0 0 0 0 0 0 0 0 415 417 417 397 405 164 155 157 167 181 
0 212 0 0 97 0 186 0 0 100 138 346 165 136 222 0 198 0 0 103 0 237 0 0 79 
840 0 0 0 0 817 0 0 0 0 813 0 0 0 0 848 0 0 0 0 852 0 0 0 0 
9 2 201 161 204 69 49 257 204 236 104 105 281 239 260 187 188 378 335 347 129 103 274 236 317 
87 139 82 155 80 55 81 64 114 69 0 43 0 45 0 47 93 49 91 55 0 43 0 45 0 
31 7 13 6 20 139 101 100 100 118 32 0 0 0 18 20 0 0 0 27 120 116 87 106 149 
0 0 146 0 0 0 0 146 0 0 0 0 160 0 0 184 161 284 155 155 0 0 155 0 0 
0 88 53 59 0 0 109 54 61 0 66 147 127 146 58 0 104 66 62 0 0 119 74 64 0 
2 0 1 3 136 146 117 126 146 242 140 129 98 122 190 5 3 0 0 112 76 79 91 77 181 
0 0 0 0 0 0 0 0 0 0 0 0 0 0 0 1002 1052 1078 1041 977 0 0 0 0 0 
0 17 50 133 0 0 17 51 118 0 0 18 46 142 0 0 17 51 144 0 0 15 51 140 0 
68 115 78 137 145 9 42 19 67 62 14 43 21 70 79 0 41 0 49 53 0 34 0 56 67 
130 122 151 103 4 106 134 190 102 1 280 316 357 317 205 109 137 163 87 0 290 249 345 261 155 
66 10 27 108 19 75 0 0 127 0 227 156 146 260 131 64 0 0 103 0 105 44 51 187 37 
122 90 51 49 33 144 108 53 55 33 57 53 16 0 0 95 89 21 14 19 90 55 9 0 2 
0 0 228 89 0 0 0 239 93 0 0 0 275 79 0 0 0 260 78 0 0 0 222 69 0 
105 135 134 102 89 0 44 56 0 0 0 47 56 0 0 36 65 91 32 31 0 39 80 0 0 
63 51 66 66 58 95 114 100 111 98 22 39 42 35 37 0 0 0 0 0 0 0 0 0 0 
0 0 0 165 0 0 0 0 174 0 230 234 220 409 242 0 0 0 171 0 0 0 0 155 0 
0 0 0 0 0 137 126 162 125 131 0 0 0 0 0 0 0 0 0 0 69 51 62 60 75 
130 0 14 99 68 171 46 52 128 127 265 91 97 171 178 114 0 0 81 62 238 86 88 173 150 
0 84 0 0 0 0 79 0 0 0 0 71 0 0 0 114 157 83 124 83 51 133 45 51 51 
0 0 95 0 0 85 85 179 105 104 0 0 92 0 0 7 9 97 4 8 14 14 84 9 16 
279 222 220 304 131 121 78 72 112 0 90 69 55 110 0 287 225 181 299 116 149 118 92 169 18 
0 226 0 208 0 0 189 0 198 0 7 206 7 203 7 0 193 0 195 0 0 200 0 215 0 
0 42 0 138 0 0 50 0 145 0 0 52 0 148 0 64 163 73 216 76 0 54 0 132 0 
0 0 0 0 71 74 64 70 56 126 78 67 72 76 119 0 0 0 0 68 0 0 0 0 74 
61 263 318 66 206 23 196 249 8 141 71 237 300 45 201 77 272 286 87 218 213 314 358 162 263 
0 52 40 0 84 21 71 51 13 107 30 87 94 43 92 0 58 28 0 68 0 69 32 0 74 
108 97 117 121 128 12 0 0 37 0 13 0 0 37 0 16 0 0 41 0 92 66 60 110 83 
73 0 73 0 0 69 0 77 0 0 125 63 114 50 53 112 17 88 14 13 76 0 74 0 0 
0 24 98 0 114 0 16 87 0 134 0 18 85 0 123 0 22 108 0 156 0 17 82 0 120 
14 53 136 76 19 62 83 152 103 54 0 42 115 38 0 44 84 155 105 44 0 25 105 55 0 
0 71 0 0 0 0 92 0 0 0 140 265 135 146 144 0 94 0 0 0 14 92 19 25 29 
0 0 0 87 0 70 81 63 150 99 0 0 0 85 0 0 0 0 100 0 88 83 83 186 77 
50 0 99 46 0 58 0 113 55 0 60 0 95 51 0 45 0 107 56 0 45 0 105 52 0 
88 67 0 34 0 132 85 22 56 25 108 98 0 27 0 124 60 0 44 0 102 68 0 39 0 
0 0 0 0 33 259 249 251 250 285 0 0 0 0 55 0 0 0 0 53 0 0 0 0 53 
124 68 83 154 113 78 46 64 131 92 30 0 0 62 15 36 0 0 64 13 53 14 12 78 35 
34 60 9 8 9 22 54 0 0 0 23 82 0 0 0 146 183 127 128 121 30 77 0 0 0 
0 0 0 21 0 186 170 197 198 164 0 0 0 23 0 0 0 0 22 0 0 0 0 19 0 
77 91 144 153 95 0 0 57 69 0 0 0 80 65 0 0 0 71 65 0 0 0 71 78 0 
63 57 59 48 68 41 0 0 0 10 76 62 48 48 72 30 0 0 0 22 92 49 45 49 60 
0 0 25 0 69 9 6 36 12 89 0 0 34 0 70 10 6 43 8 95 81 75 114 64 154 
55 105 137 64 70 28 79 95 26 26 0 32 70 0 0 0 37 71 0 0 0 39 66 0 0 
0 0 124 0 0 0 0 93 0 0 76 120 217 116 107 0 0 90 0 0 0 0 113 0 0 
100 118 34 54 143 39 42 0 0 83 40 60 0 0 68 42 45 0 0 81 58 52 0 0 76 
0 49 0 23 36 59 115 57 80 94 0 59 0 27 38 0 55 0 39 40 26 65 22 53 63 
10 9 124 5 13 0 0 99 0 0 0 0 100 0 0 49 43 149 29 32 92 94 182 73 109 
0 0 0 51 75 88 81 63 117 163 0 0 0 49 73 0 0 0 36 84 0 0 0 47 73 
104 181 87 87 96 26 123 0 0 0 33 133 9 10 9 25 79 0 0 0 22 94 1 0 0 
72 36 101 41 94 18 0 44 8 58 16 0 48 0 62 16 0 58 2 60 4 0 39 0 57 
53 0 19 0 1 64 0 0 1 0 106 54 50 53 79 92 15 4 4 1 155 72 90 81 71 
46 34 118 47 49 13 0 81 0 0 0 0 77 0 0 4 0 70 0 0 29 29 111 21 24 
0 58 64 0 0 0 75 42 0 0 20 100 70 20 20 32 108 60 40 42 0 61 49 0 0 
30 0 83 0 41 58 43 121 39 77 22 0 81 0 17 27 6 86 0 27 30 0 94 0 21 
0 2127 0 0 0 0 2187 0 0 0 0 2067 0 0 0 0 2142 0 0 0 0 2084 0 0 0 
29 119 108 18 13 103 264 254 116 84 13 158 109 5 0 36 164 161 89 66 13 116 95 4 0 
66 136 126 0 0 63 147 125 0 0 83 151 123 0 0 81 141 129 0 0 71 138 130 0 0 
0 75 0 93 0 76 127 62 149 82 57 125 28 130 41 0 73 0 101 0 0 80 0 83 0 
0 0 0 0 0 1275 1240 1238 1199 1270 0 0 0 0 0 0 0 0 0 0 0 0 0 0 0 
0 0 80 125 0 0 0 75 106 0 0 0 81 127 0 0 0 81 125 0 0 0 72 128 0 
150 49 64 93 40 155 48 55 116 66 81 0 0 39 0 85 0 0 41 0 81 0 0 45 0 
0 113 0 0 73 0 133 0 0 66 0 141 0 0 78 0 122 0 0 64 0 130 0 0 94 
212 320 207 276 130 99 213 54 140 18 310 412 277 383 174 193 311 186 242 71 210 343 289 287 186 
100 88 296 290 95 0 0 205 196 0 104 113 287 303 97 0 0 171 198 1 9 19 230 209 16 
133 101 116 146 239 6 16 3 5 147 8 15 2 9 149 197 202 141 172 334 196 229 216 197 353 
0 76 0 0 0 0 64 0 0 0 0 85 0 0 0 8 69 7 11 6 210 253 199 177 192 
49 22 41 14 44 43 12 26 0 39 42 9 31 0 29 68 13 26 0 45 113 102 94 83 119 
199 63 0 100 0 202 63 0 104 0 205 43 0 104 0 183 61 0 112 2 195 52 0 118 0 
0 0 1440 0 0 0 0 1459 0 0 0 0 1352 0 0 0 0 1466 0 0 0 0 1439 0 0 
61 3 10 46 24 87 59 42 89 69 83 57 55 64 68 56 22 18 62 28 47 0 0 28 11 
109 119 129 94 189 0 0 6 0 46 57 77 80 63 113 0 0 20 0 55 0 0 13 0 62 
38 80 0 99 0 135 177 96 194 84 107 123 79 179 81 49 77 0 85 0 35 63 0 91 0 
81 94 66 76 127 75 77 62 60 95 0 25 0 0 42 0 19 0 0 32 53 71 51 50 81 
0 71 0 0 0 28 122 31 32 29 34 126 33 32 34 25 114 23 24 32 41 116 44 35 49 
33 6 40 34 0 102 62 107 110 63 42 18 45 36 0 45 9 41 30 0 38 19 37 39 0 
150 0 0 0 0 132 0 0 0 0 218 86 95 109 106 115 0 0 0 0 133 0 0 0 0 
0 0 0 0 830 0 0 0 0 780 0 0 0 0 834 0 0 0 0 827 0 0 0 0 767 
85 128 107 206 189 0 11 6 95 49 0 14 7 86 77 0 11 11 107 61 32 51 40 130 74 
127 0 0 0 0 260 99 86 83 72 158 0 0 0 0 148 0 0 0 0 139 0 0 0 0 
0 0 0 0 0 78 56 74 68 73 0 0 0 0 0 147 119 142 148 143 0 0 0 0 0 
0 22 0 147 0 36 62 49 195 34 0 19 0 140 0 0 16 0 145 0 0 20 0 171 0 
136 44 108 106 163 90 0 67 44 63 104 0 91 81 68 189 123 180 141 186 83 0 61 49 65 
57 62 67 159 136 39 27 43 107 94 0 0 0 88 76 0 0 0 63 61 7 14 12 95 69 
0 9 71 0 0 85 106 193 97 93 0 12 80 1 0 64 88 186 47 64 0 6 68 0 0 
197 0 180 0 0 198 5 166 0 0 193 1 177 4 0 170 1 178 0 0 202 18 175 10 9 
322 127 311 135 214 370 192 398 196 231 352 164 401 221 237 224 26 211 65 116 207 60 236 36 118 
65 151 70 84 68 0 83 0 27 0 17 130 27 34 27 0 107 0 16 0 0 69 0 22 0 
0 0 33 0 58 35 46 78 44 113 55 74 89 53 121 0 0 33 0 61 0 0 49 0 58 
0 0 17 0 202 0 0 17 0 191 0 0 28 0 179 0 0 26 0 195 0 0 27 0 200 
0 0 0 55 0 0 0 0 67 0 59 60 52 158 45 0 0 0 62 0 93 82 90 176 93 
106 0 0 116 0 128 0 0 142 0 125 0 0 111 0 117 0 0 134 0 129 0 0 133 0 
10 45 90 68 11 97 172 182 166 108 171 216 240 216 141 28 72 122 110 37 87 130 136 134 66 
101 125 115 110 221 0 0 0 0 77 0 0 0 0 69 21 23 26 23 100 0 0 0 0 77 
126 211 130 117 126 0 113 0 0 0 78 186 82 87 74 4 107 2 0 15 94 203 81 80 97 
177 143 90 93 96 94 52 0 0 0 100 61 5 5 9 78 57 0 1 0 76 72 0 0 0 
0 124 0 0 0 38 173 61 55 77 0 136 0 0 0 68 203 89 92 74 0 119 0 0 0 
0 0 0 0 0 0 0 0 0 0 0 0 0 0 0 0 0 0 0 0 456 425 460 436 409 
0 0 36 0 0 73 79 92 75 87 0 0 31 0 0 77 75 85 59 79 19 27 59 22 26 
10 15 16 17 61 0 0 0 0 42 87 88 79 75 110 0 0 0 0 38 73 106 84 82 124 
0 0 0 136 0 0 0 0 118 0 0 0 0 146 0 0 0 0 149 0 78 78 84 207 83 
1 75 0 36 83 0 68 0 43 84 0 56 0 39 110 0 67 0 36 84 18 83 29 65 131 
0 109 0 0 0 0 105 0 0 0 0 104 0 0 0 0 96 0 0 0 97 180 99 105 92 
0 34 0 22 0 103 122 96 90 94 93 90 92 90 88 0 24 0 20 0 133 176 149 168 130 
0 0 117 55 0 43 45 155 106 50 0 0 102 39 0 0 0 89 38 0 0 0 126 35 0 
59 0 0 0 0 126 62 61 76 69 99 19 18 20 15 130 47 45 51 40 58 0 0 0 0 
83 35 32 111 37 39 0 0 91 0 48 0 0 84 0 83 35 30 120 32 55 0 0 83 0 
0 0 10 25 0 0 0 1 19 0 101 99 97 113 97 0 0 0 25 0 0 0 14 28 0 
4 6 53 110 5 0 0 57 91 0 52 33 121 150 58 33 46 73 127 39 0 0 53 103 0 
48 5 39 41 10 38 5 34 37 20 106 64 104 93 79 62 18 40 48 15 48 1 41 40 3 
40 0 62 0 58 46 0 58 0 53 29 0 71 0 82 99 52 118 69 115 31 0 60 0 59 
93 31 183 80 53 75 11 178 90 40 56 0 134 42 12 176 70 246 155 121 79 22 205 80 70 
11 90 168 35 133 133 216 320 118 262 34 105 209 59 186 0 52 175 1 120 83 138 255 104 223 
19 21 22 57 48 40 38 34 75 72 0 0 0 31 27 0 0 0 22 17 74 89 89 123 99 
27 43 0 109 0 36 62 0 141 0 97 87 48 168 74 34 51 0 145 0 51 41 0 110 0 
0 0 55 0 0 164 137 216 153 179 0 0 67 0 0 0 0 74 0 0 0 0 72 0 0 
65 11 10 9 20 100 69 76 77 68 103 85 90 100 95 44 0 6 0 13 40 12 18 9 26 
19 146 95 15 42 4 112 78 10 13 0 108 60 0 23 0 114 67 7 16 49 171 117 45 89 
142 195 103 104 102 81 62 42 21 20 40 51 17 0 0 44 53 17 0 0 34 44 15 0 0 
68 85 3 14 17 56 50 0 0 0 59 70 16 0 14 68 74 45 34 47 83 83 55 34 43 
37 76 43 70 28 0 60 11 42 16 0 50 11 46 19 0 43 14 31 13 39 104 64 97 78 
0 0 62 31 12 0 0 49 35 4 0 0 49 40 7 46 63 131 102 69 55 54 105 98 66 
29 38 26 22 31 0 0 0 0 0 71 59 57 62 55 0 0 0 0 0 120 107 99 114 110 
46 34 9 40 44 0 0 6 0 0 0 0 1 0 0 42 56 66 62 62 118 102 110 160 128 
38 45 109 56 50 7 10 62 20 15 55 44 123 56 47 0 0 53 6 2 0 0 59 25 0 
0 0 140 17 0 0 0 103 6 0 19 19 112 28 18 0 0 127 10 0 0 0 129 9 0 
41 69 0 0 0 53 83 34 28 14 61 117 17 17 9 74 126 43 41 49 31 75 0 0 0 
81 109 65 49 59 12 37 0 0 0 70 119 59 48 51 34 64 26 15 14 21 52 0 0 0 
0 115 108 163 1 0 128 118 164 0 0 106 120 167 2 0 120 114 156 0 0 125 117 165 0 
17 0 0 216 0 18 0 0 149 0 135 108 149 272 116 22 0 0 152 0 30 2 3 159 3 
165 180 16 89 112 208 280 89 123 201 178 226 84 125 142 116 133 9 34 94 262 334 138 195 192 
79 213 169 101 121 14 49 80 12 0 40 111 125 40 36 32 87 80 15 29 0 85 52 0 0 
0 20 0 0 53 7 29 23 6 92 2 9 12 2 42 46 72 61 40 124 24 32 29 17 71 
711 597 649 487 546 507 262 304 191 267 531 354 383 200 287 362 175 184 35 147 606 397 460 368 473 
81 63 0 3 1 167 157 76 73 76 83 88 0 0 0 95 94 19 15 17 65 54 0 0 0 
168 294 116 126 123 258 381 146 248 200 157 294 94 134 81 39 176 0 19 0 96 217 68 93 53 
0 0 0 0 52 0 0 0 0 56 0 0 0 0 65 0 0 0 0 58 134 157 141 152 185 
150 0 0 54 0 156 0 0 55 0 141 0 0 40 0 168 0 0 46 0 149 0 0 41 0 
166 146 196 285 135 30 2 107 137 2 77 54 152 203 57 48 13 119 107 24 45 0 99 94 0 
115 108 79 57 2 179 163 145 111 98 104 91 86 44 24 228 189 194 136 120 144 137 126 47 68 
64 153 55 64 59 0 61 0 0 0 6 89 4 5 5 0 70 0 0 0 82 167 67 80 70 
0 0 0 18 0 0 0 0 19 0 0 0 0 20 0 0 0 0 23 0 185 209 225 233 228 
50 5 48 95 78 8 1 35 89 70 72 30 56 133 108 16 0 38 90 69 123 83 119 203 198 
0 130 95 0 126 0 133 93 0 120 0 142 62 0 92 0 122 96 0 103 0 129 83 0 109 
47 23 56 40 33 72 52 92 56 55 23 17 36 20 13 55 45 103 71 50 8 0 31 2 0 
82 0 0 0 53 69 0 0 0 50 89 0 0 0 60 72 0 0 0 52 186 97 78 103 156 
61 80 0 92 47 41 69 0 127 59 60 60 0 139 56 137 161 74 192 134 85 114 28 116 87 
69 85 96 76 62 8 36 40 13 8 0 15 44 0 0 58 69 83 51 46 19 29 56 18 12 
0 0 0 140 35 0 0 0 158 28 27 29 16 157 51 0 0 0 147 34 0 0 0 138 38 
0 0 0 204 13 250 192 177 471 250 0 0 0 208 12 169 176 179 374 167 0 0 0 204 10 
46 123 146 157 45 31 97 124 160 26 79 130 157 181 70 51 152 158 212 93 93 125 157 228 70 
0 0 0 1274 0 0 0 0 1303 0 0 0 0 1307 0 0 0 0 1367 0 0 0 0 1287 0 
196 0 0 0 0 199 14 18 17 20 180 0 0 0 0 197 0 0 0 0 167 0 0 0 0 
92 0 0 0 0 117 0 0 0 0 122 0 0 0 0 102 0 0 0 0 206 87 85 88 96 
172 94 45 81 90 54 0 0 4 6 125 46 47 46 55 124 51 60 87 69 170 112 89 133 106 
14 13 0 0 0 0 7 0 0 0 0 0 0 0 0 38 29 30 45 59 0 0 0 0 0 
70 75 143 93 87 0 0 46 0 0 0 0 65 0 0 0 0 58 0 0 177 176 240 193 179 
0 9 2 74 211 107 118 116 186 325 0 20 0 76 246 0 4 0 75 247 116 138 113 170 296 
16 29 80 11 266 6 9 64 8 220 138 128 196 148 349 178 180 268 200 411 3 9 59 2 220 
160 292 271 162 79 170 266 300 180 85 160 268 306 185 114 70 189 236 101 7 91 243 259 133 51 
105 0 0 20 0 93 0 0 0 0 117 0 0 0 0 111 0 0 0 0 150 15 25 54 32 
39 58 46 41 53 0 50 0 0 20 45 76 44 37 66 5 37 0 0 27 0 52 0 0 29 
622 638 654 689 633 0 1 0 0 0 0 0 0 0 0 0 0 0 0 0 0 0 0 0 0 
84 69 0 0 0 107 84 23 17 14 165 107 36 45 33 117 84 0 0 0 124 109 26 29 38 
45 0 0 74 88 91 56 47 114 153 22 0 1 76 81 50 11 15 66 77 42 30 46 87 103 
0 0 47 54 0 79 58 99 100 66 0 0 45 36 0 59 51 101 80 47 45 30 79 75 28 
13 10 0 0 78 15 2 2 0 65 72 73 53 50 139 23 27 15 14 79 102 128 93 102 134 
55 0 0 0 0 62 0 0 0 0 64 0 0 0 0 202 133 145 146 141 52 0 0 0 0 
74 162 111 122 142 92 256 146 162 224 0 112 50 35 51 120 215 135 146 153 134 249 209 195 187 
0 0 0 0 0 31 35 30 19 22 0 0 0 0 0 59 67 68 65 90 100 94 96 97 128 
154 13 81 12 18 211 2 67 0 5 269 97 158 88 90 306 183 280 176 177 229 72 107 32 34 
18 0 29 0 0 17 0 15 0 0 34 5 15 10 0 76 53 79 63 66 21 1 23 0 0 
0 0 197 0 37 0 0 218 0 31 0 0 190 0 26 0 0 180 0 21 0 0 187 0 26 
108 70 0 106 43 113 74 4 113 60 112 104 29 120 66 80 58 0 87 51 82 70 0 110 48 
