978 861 810 866 895 1144 1122 1068 1105 1126 742 725 651 745 853 1121 1030 1008 1023 1050 680 546 508 541 683 
190 173 215 200 194 0 0 0 0 0 141 95 135 119 125 0 0 0 0 0 0 0 0 0 0 
132 48 39 196 242 108 0 0 194 151 211 54 57 282 302 70 0 0 151 183 99 0 0 175 162 
308 37 118 94 69 231 0 43 2 0 430 126 214 148 131 421 219 315 250 243 275 48 102 50 48 
0 0 70 93 0 106 83 148 162 106 0 7 77 81 0 100 81 181 141 103 89 43 112 125 58 
187 46 129 163 34 164 14 100 139 2 129 44 109 135 19 158 6 87 137 0 303 196 333 366 198 
110 6 16 0 119 119 7 15 0 139 217 123 105 80 207 180 78 102 68 170 250 120 135 117 284 
0 0 0 0 0 0 0 0 0 0 1013 1041 987 1015 1051 0 0 0 0 0 0 0 0 0 0 
0 0 0 291 0 2 0 2 264 0 126 126 112 426 129 130 122 100 436 144 0 0 0 260 0 
16 10 16 193 6 0 0 0 197 0 43 46 39 194 32 0 0 0 168 0 3 6 3 187 3 
0 0 0 0 0 0 0 0 0 0 0 0 0 0 0 65 64 65 64 81 185 157 163 197 162 
84 97 64 60 179 0 10 0 0 102 0 5 0 0 111 0 4 0 0 116 88 75 90 76 169 
141 152 147 158 159 0 0 0 0 0 0 0 0 0 0 0 0 0 0 0 84 86 73 69 86 
0 0 0 0 0 0 0 0 0 0 0 0 0 0 0 429 432 418 404 421 189 178 180 189 201 
0 201 0 0 85 0 176 0 0 94 134 333 156 132 217 0 184 0 0 97 0 221 0 0 77 
816 0 0 0 0 808 0 0 0 0 807 0 0 0 0 836 0 0 0 0 842 0 0 0 0 
44 12 211 144 161 66 8 175 149 145 125 99 268 236 219 203 180 357 333 300 161 115 264 257 282 
87 136 94 165 98 69 89 59 128 69 0 40 0 48 0 50 106 60 102 59 0 51 0 36 0 
36 8 14 6 23 159 117 130 116 138 28 0 0 0 20 26 0 0 0 30 126 129 103 118 167 
0 0 121 0 0 0 0 115 0 0 0 0 129 0 0 131 98 225 102 119 0 0 138 0 0 
0 82 45 53 0 0 91 55 54 0 39 117 127 129 41 0 85 62 68 0 0 87 70 46 0 
0 2 0 3 145 139 128 124 156 269 160 130 138 134 227 0 1 0 0 126 80 94 109 99 211 
0 0 0 0 0 0 0 0 0 0 0 0 0 0 0 1023 1108 1109 1062 1005 0 0 0 0 0 
0 19 54 144 0 0 21 57 133 0 0 18 57 152 0 0 18 52 157 0 0 16 54 168 0 
63 47 0 0 0 79 67 15 14 13 127 81 34 35 27 84 60 0 0 0 93 88 22 22 28 
79 117 76 151 142 5 39 15 69 76 18 43 19 80 93 0 35 0 68 71 0 31 0 63 74 
57 138 114 64 0 89 134 153 76 1 285 285 322 266 181 97 125 140 66 0 234 205 266 202 106 
94 31 27 110 31 78 0 0 129 0 230 159 141 247 152 75 0 0 114 4 128 58 50 192 44 
127 110 42 54 33 156 107 49 61 29 72 53 16 0 0 82 83 22 12 16 96 59 12 0 0 
0 0 137 57 0 0 0 153 53 0 0 0 185 54 0 0 0 163 46 0 0 0 142 43 0 
135 170 178 129 113 0 53 72 0 0 0 47 64 0 0 36 64 95 34 37 0 42 90 0 0 
69 62 75 82 66 107 122 113 121 105 28 41 45 41 40 0 0 0 0 0 0 0 0 0 0 
0 0 0 166 0 0 0 0 173 0 230 234 220 409 242 0 0 0 169 0 0 0 0 155 0 
0 0 0 0 0 145 145 183 139 148 0 0 0 0 0 0 0 0 0 0 78 55 75 67 83 
100 1 0 69 41 121 41 45 111 98 212 76 93 166 146 81 0 0 75 34 189 75 91 158 117 
0 75 0 0 0 0 72 0 0 0 0 57 0 0 0 102 137 75 111 75 48 117 42 46 46 
0 0 108 1 0 94 96 203 113 124 0 0 98 0 0 7 9 104 5 8 15 15 95 10 15 
267 235 196 276 118 120 111 77 108 0 89 100 54 107 0 283 267 180 295 129 148 131 86 164 0 
0 0 0 0 0 36 46 30 20 23 0 0 0 0 0 67 78 77 71 102 106 102 116 115 147 
0 237 0 208 0 0 184 0 200 0 6 211 7 201 9 0 189 0 203 0 0 206 0 208 0 
0 42 0 118 0 0 54 0 143 0 0 51 0 141 0 71 144 66 227 78 0 59 0 136 0 
0 0 0 0 68 76 66 72 57 125 80 69 67 75 121 0 0 0 0 69 0 0 0 0 73 
72 314 360 64 220 31 196 273 6 167 56 268 343 66 231 134 346 356 117 247 194 371 387 161 288 
0 53 36 0 91 21 72 50 14 99 32 91 95 41 90 0 66 31 0 72 0 67 29 0 79 
108 92 113 119 127 14 0 0 35 0 14 0 0 40 0 19 0 0 43 0 86 68 61 109 88 
66 0 62 0 0 61 0 74 0 0 109 52 105 45 47 92 15 73 9 9 63 0 71 0 0 
0 18 81 0 96 0 12 69 0 107 0 16 74 0 106 0 14 91 0 133 0 13 69 0 101 
25 57 155 87 28 53 63 152 101 49 0 35 118 36 0 43 76 162 98 47 0 20 107 59 0 
0 57 0 0 0 0 66 0 0 0 105 206 96 125 111 0 81 0 0 0 14 74 17 22 24 
0 0 0 84 0 66 80 58 156 99 0 0 0 98 0 0 0 0 102 0 88 83 80 183 75 
50 0 96 50 0 61 0 119 55 0 66 0 103 53 0 46 0 113 55 0 49 0 104 51 0 
84 53 0 31 0 118 83 16 51 25 103 102 0 23 0 131 62 0 43 0 100 68 0 38 0 
0 0 0 0 27 202 197 198 206 233 0 0 0 0 36 0 0 0 0 38 0 0 0 0 37 
87 46 56 108 77 58 37 48 96 67 20 0 0 49 7 26 0 0 45 10 35 11 5 57 27 
31 66 12 6 12 23 67 0 0 0 21 91 0 0 0 158 216 152 144 138 31 84 0 0 0 
0 0 0 21 0 193 178 202 202 167 0 0 0 23 0 0 0 0 22 0 0 0 0 19 0 
73 81 134 139 90 0 0 51 63 0 0 0 74 61 0 0 0 68 52 0 0 0 59 61 0 
75 70 64 55 80 45 0 0 0 11 87 71 59 53 78 31 0 0 0 22 107 59 48 50 71 
0 0 24 0 69 8 6 35 12 89 0 0 34 0 70 10 7 43 6 94 81 75 114 63 153 
585 586 605 638 586 0 0 0 0 0 0 0 0 0 0 0 0 0 0 0 0 0 0 0 0 
70 149 175 84 99 38 98 121 28 32 0 37 84 0 0 0 50 98 0 0 0 51 88 0 0 
0 0 111 0 0 0 0 91 0 0 77 114 213 113 101 0 0 86 0 0 0 0 104 0 0 
107 128 41 60 146 36 47 0 0 92 46 62 0 1 71 44 47 0 0 81 62 45 0 0 84 
0 54 0 23 37 62 116 59 83 97 0 63 0 28 37 0 57 0 39 40 26 66 22 54 64 
9 7 99 4 12 0 0 87 0 0 0 0 83 0 0 34 39 120 27 29 75 78 150 59 85 
0 0 0 53 80 99 92 74 138 193 0 0 0 59 88 0 0 0 42 97 0 0 0 53 86 
111 188 91 85 97 28 142 0 0 0 33 139 10 13 10 23 91 0 0 0 28 100 2 4 0 
63 32 97 40 107 15 0 44 2 67 19 0 44 3 81 17 1 55 0 66 0 0 44 14 73 
46 0 12 0 2 57 0 3 0 0 47 35 28 34 52 99 51 29 35 40 161 111 123 137 126 
59 34 118 48 44 18 0 81 0 0 11 0 77 0 0 20 0 70 0 0 55 26 115 37 30 
82 74 89 45 35 35 29 34 2 7 54 67 54 26 38 46 29 38 0 6 36 30 38 0 0 
0 62 62 0 0 1 61 44 0 0 21 104 69 21 20 32 109 59 38 42 0 62 53 0 0 
14 0 0 0 0 13 42 14 0 7 0 32 0 0 5 10 0 0 0 0 0 18 0 0 0 
30 0 89 0 45 64 43 123 39 79 25 0 83 0 27 36 10 98 5 35 31 0 99 0 28 
0 2117 0 0 0 0 2143 0 0 0 0 2027 0 0 0 0 2107 0 0 0 0 2023 0 0 0 
36 133 119 20 16 83 259 274 101 90 0 158 127 12 0 43 231 169 100 60 8 133 114 0 0 
59 90 68 0 0 42 108 98 0 0 72 101 93 0 0 60 113 90 0 0 50 105 90 0 0 
0 101 0 141 0 78 193 88 240 98 93 216 48 192 52 0 110 0 154 0 0 145 0 136 0 
62 79 116 104 86 0 0 37 0 0 0 0 56 0 0 0 0 56 0 0 150 189 209 207 192 
0 0 0 0 0 1239 1203 1204 1164 1236 0 0 0 0 0 0 0 0 0 0 0 0 0 0 0 
0 0 80 125 0 0 0 74 105 0 0 0 80 126 0 0 0 80 124 0 0 0 72 127 0 
159 50 54 98 41 159 58 61 114 69 90 0 0 39 0 93 0 0 41 0 98 0 0 44 0 
0 116 0 0 82 0 139 0 0 75 0 158 0 0 83 0 138 0 0 65 0 152 0 0 100 
198 299 183 256 138 102 184 40 131 3 324 427 274 389 174 192 324 174 242 102 241 383 336 345 158 
102 87 308 288 94 0 0 213 201 8 122 105 292 320 120 0 3 174 191 4 22 17 207 185 26 
126 100 94 131 232 5 19 0 4 159 12 8 6 4 144 186 197 149 167 336 180 233 221 196 374 
0 70 0 0 0 0 71 0 0 0 0 69 0 0 0 7 65 6 9 3 180 226 187 159 189 
41 21 36 10 41 39 13 27 0 37 37 9 32 0 29 61 10 29 0 40 102 96 84 72 110 
209 76 0 104 0 203 62 0 106 0 208 58 0 103 0 197 66 1 111 0 209 70 0 114 0 
55 0 0 0 0 62 0 0 0 0 64 0 0 0 0 202 132 145 146 141 52 0 0 0 0 
136 291 330 209 68 198 270 357 228 89 175 296 328 190 145 85 221 259 116 20 101 229 290 161 34 
117 7 10 65 37 146 102 78 140 112 159 91 81 104 123 90 43 35 99 50 94 3 0 33 17 
103 111 127 83 197 0 0 6 0 46 59 67 76 57 112 0 0 16 0 53 0 0 11 0 64 
43 83 0 111 0 133 176 95 205 82 113 129 87 206 90 52 76 0 105 0 36 68 0 106 0 
100 97 97 104 155 85 86 75 78 115 0 27 0 0 51 0 26 0 2 33 67 74 65 57 95 
0 77 0 0 2 37 159 39 33 36 35 139 37 41 39 30 123 25 34 36 36 133 56 42 64 
24 10 41 28 0 91 72 112 94 63 24 20 47 23 0 39 9 44 25 0 26 20 37 22 0 
1 16 0 78 203 122 124 111 206 333 4 31 1 87 247 0 11 0 91 239 114 140 114 178 291 
11 9 75 5 224 3 0 65 9 168 116 98 157 113 270 133 132 210 163 331 1 3 54 2 176 
159 0 0 0 0 149 0 0 0 0 253 87 112 118 121 129 0 0 0 0 157 0 0 0 0 
0 0 0 0 832 0 0 0 0 790 0 0 0 0 846 0 0 0 0 833 0 0 0 0 790 
131 93 0 165 51 116 105 12 181 81 162 140 34 215 87 126 91 3 143 72 125 134 0 191 64 
133 0 0 0 0 258 102 87 85 73 162 0 0 0 0 146 0 0 0 0 152 0 0 0 0 
0 0 0 0 0 74 63 79 67 75 0 0 0 0 0 150 123 149 147 143 0 0 0 0 0 
0 24 0 150 0 36 57 47 202 32 0 22 0 140 0 0 16 0 146 0 0 20 0 169 0 
73 50 86 108 104 41 2 62 61 34 23 0 64 69 44 80 55 107 120 94 5 0 41 52 18 
43 48 53 128 105 28 20 31 78 74 0 0 0 77 54 0 0 0 48 49 7 10 8 75 53 
0 8 64 0 0 79 101 173 88 86 0 11 70 0 0 57 78 169 46 62 0 7 63 0 0 
128 0 113 0 0 110 0 99 0 0 106 0 106 5 0 78 0 110 0 0 119 14 100 11 10 
310 111 360 109 220 328 166 427 169 238 338 173 425 188 255 195 14 223 52 140 210 66 271 18 144 
65 152 69 83 66 0 86 0 27 0 17 128 28 34 27 0 104 0 17 0 0 75 0 22 0 
0 0 47 0 69 41 54 97 51 137 71 97 115 64 145 0 0 37 0 73 0 0 53 0 78 
0 0 17 0 214 0 0 18 0 190 0 0 29 0 176 0 0 28 0 194 0 0 24 0 195 
0 0 0 60 0 0 0 0 67 0 60 65 51 157 51 0 0 0 67 0 101 93 89 183 98 
97 0 0 102 0 124 0 0 130 0 119 0 0 104 0 103 0 0 127 0 116 0 0 128 0 
12 38 77 62 11 101 152 183 172 134 164 208 218 210 151 17 62 98 108 14 63 107 110 105 38 
119 157 138 115 250 0 0 0 0 89 0 0 0 0 82 21 29 30 24 128 0 0 0 0 87 
131 251 154 140 148 0 126 0 0 0 83 204 89 87 81 0 106 3 0 4 109 227 80 80 99 
136 124 74 78 78 76 45 0 0 0 82 46 4 3 8 63 44 0 0 0 71 56 0 0 0 
0 97 0 0 0 28 142 41 48 53 0 112 0 0 0 62 173 70 70 58 0 100 0 0 0 
0 0 0 0 0 0 0 0 0 0 0 0 0 0 0 0 0 0 0 0 478 444 496 463 431 
0 0 39 0 0 72 80 94 75 89 0 0 32 0 0 78 77 90 59 79 19 25 59 22 28 
7 15 16 17 52 0 0 0 0 36 78 79 71 68 99 0 0 0 0 33 68 98 78 76 105 
0 0 0 153 0 0 0 0 130 0 0 0 0 153 0 0 0 0 160 0 80 79 86 216 97 
0 68 0 32 72 0 64 0 38 77 0 56 0 35 91 0 60 0 28 73 14 78 25 54 113 
0 112 0 0 0 0 108 0 0 0 0 106 0 0 0 0 96 0 0 0 97 185 99 105 92 
0 0 0 35 0 85 56 75 65 73 44 0 58 63 58 0 0 0 20 0 104 94 110 149 102 
0 0 116 55 0 43 45 155 106 50 0 0 102 38 0 0 0 89 38 0 0 0 125 35 0 
6 27 0 0 1 0 56 12 0 21 0 46 0 0 18 0 0 0 0 0 0 36 9 0 28 
59 0 0 0 0 126 62 61 76 69 99 20 18 20 15 131 47 46 52 41 58 0 0 0 0 
83 34 33 111 37 39 0 0 91 0 48 0 0 85 0 79 34 21 117 29 55 0 0 83 0 
0 0 63 43 0 0 0 55 43 0 101 99 149 132 97 0 0 62 47 0 0 0 67 42 0 
29 0 0 71 98 76 61 62 114 166 26 2 7 81 95 49 15 21 82 105 27 25 45 80 113 
0 6 51 114 11 0 0 57 83 0 54 39 135 136 61 28 52 82 140 41 0 0 52 92 0 
74 4 52 72 14 50 6 44 59 21 167 95 146 138 102 104 22 49 71 24 75 0 54 56 4 
39 0 57 0 56 38 0 56 0 53 26 0 70 0 71 91 50 107 65 104 30 0 58 0 56 
87 26 202 127 54 75 3 172 88 35 64 0 165 41 21 177 89 261 131 108 115 31 219 82 75 
8 68 141 33 113 150 227 326 131 265 39 126 210 58 197 0 21 161 0 134 86 125 257 109 218 
28 24 35 84 60 50 54 44 109 97 0 0 0 44 39 0 1 0 37 25 115 131 117 174 138 
18 31 0 83 1 28 47 0 103 0 77 72 39 128 53 25 37 0 102 0 40 33 0 80 0 
0 0 58 0 0 164 152 217 154 179 0 0 69 0 0 0 0 76 0 0 0 0 70 0 0 
10 8 0 0 75 16 2 0 0 65 63 73 52 45 133 25 20 16 18 86 89 122 96 109 143 
59 11 10 6 20 86 60 62 64 64 94 73 78 87 83 39 0 5 0 12 34 11 14 7 21 
20 103 75 15 30 0 102 72 4 5 0 74 44 0 19 0 82 50 5 12 50 135 109 50 88 
170 203 106 100 113 83 63 56 25 24 46 51 19 0 0 48 49 23 0 0 40 46 19 0 0 
96 0 0 18 0 84 0 0 24 0 100 0 0 19 0 101 0 0 1 0 123 15 23 54 29 
71 89 11 23 20 54 40 0 0 0 54 66 17 0 16 64 73 33 39 47 86 77 49 26 48 
37 74 40 69 27 0 61 10 38 15 0 51 7 45 15 0 41 11 29 8 36 104 64 96 75 
0 0 56 28 12 0 0 48 36 3 0 0 46 42 6 44 54 126 94 64 55 52 104 95 65 
29 38 25 22 31 0 0 0 0 0 73 61 57 62 55 0 0 0 0 0 122 108 99 114 113 
42 37 38 31 39 0 0 15 0 0 0 0 21 0 0 45 47 85 52 48 125 96 130 131 115 
34 41 108 46 57 0 0 60 6 10 57 50 126 55 55 0 0 52 0 5 0 3 61 23 4 
0 0 180 32 0 0 0 141 23 0 18 20 156 36 17 0 0 166 23 0 0 0 162 23 0 
35 115 0 0 0 81 159 55 61 53 102 190 30 25 22 104 186 64 75 68 34 104 0 0 0 
39 0 68 50 92 110 47 143 134 151 104 47 135 160 170 105 35 97 95 148 56 0 84 122 107 
115 154 91 71 91 14 57 5 0 0 98 173 84 65 74 48 94 39 24 24 33 72 0 0 0 
0 119 111 166 0 0 129 120 168 0 0 109 120 168 0 0 123 116 158 0 0 129 118 171 0 
13 0 0 133 0 9 0 0 93 0 90 66 87 193 83 11 0 0 101 0 20 0 1 106 1 
46 68 33 34 61 0 57 1 0 20 50 79 44 40 61 6 34 0 0 29 0 64 0 0 31 
102 103 3 44 66 138 199 69 69 166 104 131 56 75 82 56 73 2 17 58 169 202 95 104 155 
60 164 111 76 83 7 43 58 12 0 32 72 95 33 25 21 80 54 11 22 0 59 49 0 0 
0 24 10 3 69 9 25 24 0 106 0 11 11 0 45 52 69 71 43 144 20 40 32 26 96 
660 557 552 417 518 455 279 255 211 247 441 361 321 206 328 364 189 164 95 196 584 419 398 350 402 
105 75 2 3 0 186 166 81 85 77 80 86 0 0 0 105 96 20 19 19 68 72 0 0 0 
155 305 112 141 133 270 395 151 251 188 142 287 84 140 75 43 200 0 43 0 87 215 63 87 35 
0 0 0 0 58 0 0 0 0 66 0 0 0 0 79 0 0 0 0 62 157 177 160 174 213 
77 0 53 0 22 148 17 79 32 31 164 69 111 58 64 180 90 159 90 102 141 34 63 19 27 
150 0 0 54 0 156 0 0 55 0 141 0 0 40 0 168 0 0 46 0 149 0 0 41 0 
134 113 147 223 107 29 0 65 117 5 68 42 106 168 64 34 2 80 96 21 41 0 68 79 0 
59 103 73 161 130 0 8 6 91 41 0 15 4 58 48 0 11 9 73 48 28 40 23 85 52 
117 88 82 38 17 168 145 112 89 90 104 85 52 25 3 241 182 166 113 122 134 147 114 48 52 
58 130 51 57 52 0 55 0 0 0 5 80 4 5 4 0 64 0 0 0 76 154 62 76 65 
0 0 0 16 0 0 0 0 21 0 0 0 0 20 0 0 0 0 22 0 178 190 216 226 216 
45 0 0 24 37 118 87 75 91 102 50 0 0 28 34 40 0 0 13 42 48 0 0 22 32 
57 4 62 128 118 11 4 39 101 99 66 31 61 160 127 20 0 41 105 97 115 98 141 199 224 
0 80 63 0 71 0 76 76 0 77 0 86 60 0 57 0 72 72 0 74 0 92 74 0 72 
49 21 61 47 35 79 62 113 60 60 29 18 37 23 14 63 58 122 81 54 1 0 34 0 0 
79 0 0 0 58 74 0 0 0 50 96 0 0 0 60 68 0 0 0 51 189 102 79 95 155 
85 143 12 139 117 101 145 0 144 119 55 85 0 124 74 213 242 134 237 191 139 224 88 213 162 
88 122 120 98 70 11 35 49 15 14 0 16 61 0 0 68 102 104 69 60 22 35 69 23 15 
0 0 0 140 35 0 0 0 159 28 26 30 17 158 51 0 0 0 149 34 0 0 0 138 37 
0 0 184 0 36 0 0 214 0 31 0 0 191 0 21 0 0 177 0 21 0 0 176 0 28 
0 0 0 149 13 153 142 128 331 177 0 0 0 171 14 119 126 111 266 116 0 0 0 138 8 
38 102 125 151 70 25 75 86 146 28 69 111 124 174 86 46 134 116 187 73 67 106 108 172 62 
0 0 0 1236 0 0 0 0 1233 0 0 0 0 1250 0 0 0 0 1325 0 0 0 0 1246 0 
201 0 0 0 0 202 13 18 19 21 180 0 0 0 0 201 0 0 0 0 178 0 0 0 0 
91 0 0 0 0 116 0 0 0 0 121 0 0 0 0 101 0 0 0 0 205 88 85 89 99 
90 16 80 0 0 100 11 91 0 0 111 9 87 0 0 107 8 85 0 0 101 14 94 0 0 
0 0 0 32 0 72 59 46 87 53 0 0 0 16 0 38 43 60 84 46 41 50 43 90 38 
50 21 23 47 43 30 0 0 0 44 30 0 0 1 13 51 0 0 13 29 86 48 49 61 64 
0 0 1448 0 0 0 0 1481 0 0 0 0 1371 0 0 0 0 1489 0 0 0 0 1435 0 0 
