796 728 582 590 691 962 1096 905 947 1016 634 656 503 571 740 1013 891 912 909 1027 579 489 394 347 575 
181 137 168 171 152 0 0 0 0 0 121 77 123 113 116 0 0 0 0 0 0 0 0 0 0 
141 66 45 225 267 100 0 0 154 165 166 44 28 242 249 51 0 0 110 129 78 0 2 117 139 
153 4 122 142 150 224 47 220 232 226 294 126 287 296 304 216 46 182 205 220 152 0 136 203 153 
159 34 115 155 44 123 10 67 96 2 130 31 77 100 23 130 0 49 117 0 270 165 233 279 148 
109 7 23 0 108 109 3 18 0 131 225 108 124 90 207 179 77 105 63 166 250 120 134 117 264 
0 0 0 0 0 0 0 0 0 0 1057 1071 1022 1034 1085 0 0 0 0 0 0 0 0 0 0 
0 0 0 274 0 0 0 3 261 0 124 111 102 388 128 117 111 104 424 133 0 0 0 251 0 
13 11 18 187 5 0 0 0 191 0 41 51 38 190 30 0 0 0 164 0 3 7 3 182 3 
0 0 0 0 0 0 0 0 0 0 0 0 0 0 0 52 60 64 60 78 159 139 139 165 142 
80 94 64 64 170 0 13 0 0 108 0 0 0 0 101 0 4 0 0 109 87 80 85 68 179 
140 152 154 156 160 0 0 0 0 0 0 0 0 0 0 0 0 0 0 0 85 82 71 70 90 
0 0 0 0 0 0 0 0 0 0 0 0 0 0 0 429 434 421 408 417 191 175 186 189 200 
0 196 0 0 81 0 166 0 0 94 90 294 110 106 167 0 179 0 0 92 0 207 0 0 75 
803 0 0 0 0 812 0 0 0 0 800 0 0 0 0 817 0 0 0 0 840 0 0 0 0 
10 17 203 148 156 52 20 224 157 169 111 100 279 231 240 185 186 397 327 339 125 98 274 220 295 
68 109 63 122 58 50 66 57 103 58 0 35 0 41 0 36 83 39 75 34 0 35 0 35 0 
37 9 14 10 21 138 96 118 107 135 28 0 0 0 19 27 0 0 0 23 132 113 118 120 151 
0 0 140 0 0 0 0 123 0 0 0 0 140 0 0 155 123 256 124 130 0 0 150 0 0 
0 66 43 46 0 0 78 43 44 0 35 96 90 98 33 0 70 49 48 0 0 69 55 44 0 
0 3 0 2 142 153 120 122 141 252 147 128 121 133 234 0 2 0 0 122 90 101 108 93 206 
0 0 0 0 0 0 0 0 0 0 0 0 0 0 0 1036 1096 1105 1090 1008 0 0 0 0 0 
0 20 56 149 0 0 18 59 125 0 0 19 54 154 0 0 17 53 154 0 1 14 55 168 0 
69 50 0 0 0 87 71 15 14 13 130 84 35 34 30 89 64 0 0 0 97 91 24 26 28 
84 143 101 179 170 13 64 24 83 77 12 54 21 81 98 0 51 0 60 67 0 35 1 66 76 
110 109 135 84 0 100 131 193 84 1 324 304 373 309 228 127 127 150 93 0 296 210 334 242 120 
87 23 24 106 27 73 0 0 116 0 214 146 133 229 123 71 0 0 101 1 116 51 47 175 47 
125 101 43 43 37 144 107 50 55 37 68 57 13 0 0 99 83 20 14 17 87 58 12 0 0 
0 0 166 70 0 0 0 197 70 0 0 0 216 64 0 0 0 193 53 0 0 0 176 48 0 
131 178 177 120 118 0 59 75 0 0 0 57 68 0 0 44 68 93 32 34 0 43 95 0 0 
89 69 87 83 76 124 144 127 146 131 36 48 54 41 52 0 0 0 0 0 0 0 0 0 0 
0 0 0 175 0 0 0 0 182 0 244 253 239 444 257 0 0 0 178 0 0 0 0 162 0 
0 0 0 0 0 140 129 163 127 133 0 0 0 0 0 0 0 0 0 0 69 51 64 60 75 
119 0 2 86 55 153 54 53 149 114 249 103 111 185 173 98 0 0 85 46 221 96 107 203 143 
0 89 0 0 0 0 78 0 0 0 0 65 0 0 0 118 160 81 126 81 49 133 43 50 51 
0 0 95 0 0 85 85 176 104 103 0 0 91 0 0 7 9 96 4 8 14 13 82 8 15 
295 259 194 302 133 103 90 65 118 0 65 73 70 100 0 275 256 170 285 130 132 120 103 161 0 
0 0 1 0 0 38 46 39 22 29 0 0 0 0 0 82 83 89 82 121 115 118 113 115 148 
0 230 0 210 0 0 195 0 197 0 8 211 4 203 6 0 192 0 200 0 0 202 0 210 0 
0 40 0 115 0 0 50 0 132 0 0 48 0 139 0 60 140 71 205 73 0 52 0 125 0 
0 0 0 0 73 82 68 78 59 134 89 73 72 79 128 0 0 0 0 76 0 0 0 0 78 
119 312 374 67 246 25 223 260 16 141 79 294 353 60 235 129 376 377 117 286 207 376 406 175 302 
0 58 39 0 93 20 75 50 16 100 32 94 94 43 96 0 61 32 0 73 0 69 29 0 78 
101 86 96 107 112 13 0 0 33 0 12 0 0 35 0 16 0 0 40 0 86 60 54 98 74 
93 0 79 0 0 78 0 83 0 0 171 68 129 69 68 132 23 98 18 16 86 0 89 0 0 
0 18 81 0 96 0 12 69 0 107 0 16 74 0 106 0 14 92 0 133 0 13 69 0 101 
24 59 158 84 29 61 75 158 102 56 0 39 123 36 0 44 74 166 114 55 0 28 111 61 0 
0 73 0 0 0 0 84 0 0 0 136 255 134 147 134 0 108 0 0 0 16 96 21 27 31 
0 0 0 93 0 69 90 59 163 106 0 0 0 81 0 0 0 0 95 0 98 82 70 187 78 
80 0 116 59 0 70 0 132 70 0 72 0 118 59 0 61 0 124 76 0 57 0 133 55 0 
88 49 0 30 0 118 89 19 52 25 108 97 0 27 0 128 56 0 46 0 101 67 0 36 0 
0 0 0 0 26 206 202 206 214 237 0 0 0 0 35 0 0 0 0 33 0 0 0 0 38 
111 57 68 134 94 76 47 65 123 84 32 0 0 66 15 37 0 0 58 14 48 11 8 76 32 
30 54 10 6 10 18 48 0 0 0 24 83 0 0 0 140 176 137 124 117 27 72 0 0 0 
0 0 0 22 0 187 170 200 201 164 0 0 0 24 0 0 0 0 22 0 0 0 0 19 0 
76 82 140 141 90 0 0 52 63 0 0 0 78 65 0 0 0 68 54 0 0 0 62 64 0 
62 57 59 48 68 41 0 0 0 11 76 62 48 48 72 30 0 0 0 22 92 49 45 49 60 
0 0 25 0 69 9 6 36 12 89 0 0 34 0 70 10 7 43 8 95 81 75 114 64 153 
55 105 137 64 70 28 78 95 26 26 0 32 70 0 0 0 37 71 0 0 0 39 66 0 0 
0 0 119 0 0 0 0 97 0 0 82 119 226 120 110 0 0 89 0 0 0 0 109 0 0 
90 104 33 50 119 33 38 0 0 76 37 52 0 0 60 39 40 0 0 65 51 40 0 0 70 
0 48 0 24 38 61 120 60 85 94 0 60 0 26 39 0 55 0 39 41 26 64 22 53 65 
9 7 99 5 12 0 0 87 0 0 0 0 83 0 0 36 39 120 27 29 75 78 150 59 85 
0 0 0 51 73 88 80 63 117 163 0 0 0 49 73 0 0 0 36 84 0 0 0 47 73 
117 195 102 93 102 28 135 0 0 0 33 144 7 9 9 26 87 0 0 0 25 108 2 2 0 
58 29 92 29 92 16 0 34 2 66 16 0 30 0 76 21 0 47 0 61 0 0 39 0 71 
27 2 3 0 1 58 0 0 0 1 47 41 52 42 58 93 43 35 29 37 156 99 118 147 125 
61 34 118 48 49 23 0 81 0 0 24 0 77 0 0 23 0 70 0 0 67 36 120 38 35 
0 0 8 0 0 0 1 0 0 0 0 11 0 0 0 0 0 0 0 0 0 0 3 0 0 
0 62 64 0 0 0 65 49 0 0 21 104 75 21 20 31 108 62 40 40 0 62 47 0 0 
28 0 88 0 42 57 42 119 39 70 25 0 72 0 10 28 0 80 0 23 25 0 92 0 23 
0 2098 0 0 0 0 2165 0 0 0 0 2049 0 0 0 0 2138 0 0 0 0 2033 0 0 0 
21 161 122 14 15 103 265 213 77 79 0 197 136 4 0 39 215 158 72 37 0 154 104 0 0 
64 128 130 0 0 55 141 136 0 0 84 145 136 0 0 85 144 149 0 0 76 145 143 0 0 
0 66 0 90 0 66 136 63 152 78 57 110 32 152 46 0 73 0 102 0 0 93 0 89 0 
0 0 0 0 0 1275 1238 1236 1201 1262 0 0 0 0 0 0 0 0 0 0 0 0 0 0 0 
0 0 80 125 0 0 0 75 106 0 0 0 81 127 0 0 0 81 125 0 0 0 72 128 0 
135 53 52 87 46 145 55 55 107 65 88 0 0 40 0 75 0 0 35 0 92 0 0 43 0 
0 119 0 0 83 0 141 0 0 68 0 154 0 0 83 0 135 0 0 68 0 139 0 0 102 
178 287 155 241 106 88 144 28 123 4 297 386 230 358 125 94 279 90 188 27 198 335 248 307 157 
97 81 282 297 79 0 0 207 199 0 112 99 286 305 98 0 0 167 192 2 3 6 208 198 11 
143 122 117 144 260 9 24 4 12 168 12 16 10 5 156 219 233 184 161 359 232 271 258 232 396 
0 72 0 0 0 0 52 0 0 0 0 66 0 0 0 8 66 4 7 6 170 210 164 142 167 
84 35 67 31 67 74 5 21 0 61 68 2 31 0 46 128 5 26 0 61 200 148 142 145 202 
216 62 0 99 0 226 64 0 104 0 225 50 0 104 0 208 55 0 105 0 216 53 0 109 0 
58 0 0 0 0 63 0 0 0 0 68 0 0 0 0 219 141 149 151 146 52 0 0 0 0 
0 0 1467 0 0 0 0 1488 0 0 0 0 1373 0 0 0 0 1493 0 0 0 0 1443 0 0 
68 5 12 56 26 104 62 54 91 78 95 69 59 71 75 63 26 18 57 27 55 0 0 28 13 
142 151 159 115 213 0 0 15 0 47 75 85 85 67 117 0 0 24 0 55 0 0 16 0 61 
47 97 0 116 0 147 194 107 243 88 114 121 76 201 92 58 85 0 107 0 34 70 0 115 0 
86 100 104 96 146 81 90 92 69 104 0 23 0 0 45 0 28 0 0 29 53 86 62 56 94 
0 72 0 0 0 30 143 34 33 34 41 156 37 42 39 32 134 25 31 38 42 133 45 34 69 
32 11 41 34 0 103 71 112 112 63 43 19 46 35 0 47 8 44 34 0 41 16 37 39 0 
148 0 0 0 0 127 0 0 0 0 200 76 100 103 107 119 0 0 0 0 131 0 0 0 0 
0 0 0 0 844 0 0 0 0 796 0 0 0 0 856 0 0 0 0 859 0 0 0 0 778 
133 131 2 191 68 144 148 3 179 92 194 198 43 265 126 131 130 4 201 93 131 190 6 219 78 
137 0 0 0 0 273 106 90 85 84 168 0 0 0 0 165 0 0 0 0 172 0 0 0 0 
0 0 0 0 0 79 58 75 66 81 0 0 0 0 0 147 120 140 147 145 0 0 0 0 0 
0 23 0 147 0 38 61 49 205 36 0 21 0 147 0 0 16 0 150 0 0 20 0 171 0 
159 70 134 98 152 104 0 100 39 66 99 0 105 66 90 181 106 182 158 163 82 2 61 45 68 
51 55 63 152 124 37 23 35 89 91 0 0 0 88 62 0 0 0 56 55 7 13 9 87 60 
0 10 68 0 0 87 111 200 90 95 0 11 72 1 0 63 86 173 55 77 0 6 65 0 0 
206 7 189 0 0 200 3 173 0 0 203 5 180 4 1 178 3 183 0 0 211 22 178 10 10 
303 87 312 108 187 321 157 378 161 223 324 132 365 179 230 197 9 197 38 113 186 38 235 31 97 
66 157 70 86 68 0 85 0 28 0 17 133 29 36 30 0 106 0 17 0 0 78 0 22 0 
0 0 33 0 58 35 46 78 44 112 55 74 89 53 121 0 0 33 0 61 0 0 49 0 58 
0 0 22 0 238 0 0 17 0 220 0 0 34 0 203 0 0 33 0 207 0 0 28 0 222 
0 0 0 54 0 0 0 0 63 0 56 60 46 150 51 0 0 0 65 0 88 85 89 168 92 
101 0 0 105 0 137 0 0 135 0 120 0 0 115 0 107 0 0 126 0 114 0 0 129 0 
0 32 78 74 0 96 157 170 165 103 152 199 214 214 134 4 60 91 94 8 59 82 102 103 25 
112 135 123 116 224 0 0 0 0 76 0 0 0 0 77 21 28 29 22 109 0 0 0 0 85 
152 260 155 143 154 0 143 0 0 0 98 225 101 104 88 4 125 2 0 5 110 244 94 90 97 
136 126 76 78 78 75 45 0 0 0 85 47 4 4 8 63 47 0 0 0 71 56 0 0 0 
0 128 0 0 0 41 185 66 60 80 0 141 0 0 0 69 204 95 110 76 0 120 0 0 0 
0 0 0 0 0 0 0 0 0 0 0 0 0 0 0 0 0 0 0 0 435 411 444 423 396 
0 0 37 0 0 73 79 92 75 86 0 0 31 0 0 77 75 85 59 79 19 25 59 22 26 
8 15 16 17 52 0 0 0 0 36 80 79 71 69 99 0 0 0 0 33 68 98 78 76 105 
0 0 0 140 0 0 0 0 127 0 0 0 0 149 0 0 0 0 152 0 81 80 79 217 93 
0 66 0 32 71 0 62 0 38 76 0 53 0 36 90 0 60 0 28 73 18 75 24 51 111 
0 112 0 0 0 0 108 0 0 0 0 106 0 0 0 0 96 0 0 0 97 185 99 105 92 
0 15 0 24 0 85 74 85 67 82 64 51 65 54 56 0 0 0 0 0 112 124 114 127 107 
0 0 117 55 0 43 45 155 106 50 0 0 102 39 0 0 0 89 38 0 0 0 126 35 0 
58 0 0 0 0 126 62 61 76 69 97 19 18 20 14 131 47 46 51 41 58 0 0 0 0 
83 35 33 111 37 39 0 0 91 0 48 0 0 85 0 83 35 29 120 32 55 0 0 83 0 
0 0 33 30 0 0 0 6 27 0 109 106 114 125 105 0 0 28 38 0 0 0 29 36 0 
32 0 0 74 102 93 60 65 128 176 26 3 0 76 87 38 14 22 79 78 31 29 45 88 104 
3 6 57 109 7 0 0 51 79 0 50 33 111 126 50 30 40 70 125 37 0 0 50 89 0 
53 4 53 46 14 42 4 34 41 19 124 73 124 105 90 74 13 46 48 17 56 0 47 44 0 
41 0 57 0 58 45 0 60 0 60 26 0 79 0 89 97 59 123 69 115 37 0 62 0 58 
98 27 192 109 58 74 13 176 97 40 58 0 150 31 9 205 92 258 149 130 106 40 213 84 62 
10 89 160 22 121 138 197 326 120 253 39 123 216 49 176 3 41 176 6 125 92 149 244 123 220 
28 23 30 68 74 56 56 51 107 99 0 0 0 40 37 0 0 0 30 21 93 115 118 149 132 
23 37 0 104 0 48 55 0 124 0 95 86 48 161 70 30 49 0 123 0 48 38 1 93 0 
0 0 56 0 0 165 149 211 153 178 0 0 62 0 0 0 0 71 0 0 0 0 74 0 0 
11 7 0 0 86 22 2 0 0 78 80 96 74 54 158 29 22 22 18 102 131 164 127 136 198 
77 17 17 7 31 126 83 84 88 102 154 115 110 111 117 54 0 7 0 21 44 13 18 5 34 
17 102 70 14 33 0 89 70 7 7 0 70 44 0 18 0 77 52 5 12 50 127 105 40 90 
154 199 100 103 108 73 67 46 20 20 43 52 17 0 0 43 46 14 0 0 37 45 15 0 0 
84 93 16 21 22 55 59 0 0 2 61 72 21 8 21 71 81 36 42 51 93 103 55 30 48 
37 76 41 69 27 0 60 9 38 11 0 50 8 45 16 0 42 11 31 10 38 103 64 95 77 
0 0 56 27 10 0 0 45 35 3 0 0 44 40 6 43 53 122 94 61 54 50 102 92 63 
29 38 26 22 31 0 0 0 0 0 71 59 57 62 54 0 0 0 0 0 120 107 99 114 110 
39 28 33 31 38 0 0 14 0 0 0 0 18 0 0 46 40 74 51 45 108 86 121 120 107 
40 45 110 53 50 3 0 60 7 0 62 54 132 61 46 0 0 53 4 0 0 3 60 19 0 
0 0 180 32 0 0 0 141 23 0 19 20 156 36 18 0 0 166 23 0 0 0 160 23 0 
56 97 0 0 0 88 122 52 33 32 87 136 21 16 13 101 153 44 42 46 49 82 0 0 0 
109 126 76 60 71 14 50 3 0 0 93 146 71 60 69 48 78 28 19 14 33 60 0 0 0 
0 118 126 172 0 0 140 130 176 0 0 115 136 178 0 0 124 126 169 0 0 135 135 182 0 
17 0 0 177 0 10 0 0 122 0 126 80 115 244 103 14 1 0 143 0 24 0 0 131 0 
133 162 10 64 86 179 245 111 99 187 143 194 74 71 123 99 111 19 22 87 217 293 121 162 203 
60 185 141 85 101 3 53 60 16 0 30 86 109 34 32 26 85 66 14 26 0 68 51 0 0 
3 29 16 2 89 11 37 32 0 111 0 26 9 2 55 71 98 80 54 177 37 51 45 28 99 
710 565 548 441 495 532 263 302 213 232 471 349 380 237 300 390 210 171 121 148 542 370 397 338 353 
85 67 0 4 0 185 188 88 81 95 78 106 0 0 0 111 93 24 17 17 77 78 0 0 0 
162 304 126 134 128 228 369 139 227 161 98 256 71 116 53 47 194 6 28 0 106 234 64 90 41 
0 0 0 0 56 0 0 0 0 61 0 0 0 0 73 0 0 0 0 61 153 181 163 175 202 
90 0 44 0 9 173 7 66 38 31 186 84 115 60 62 209 113 162 103 127 169 29 49 17 26 
150 0 0 54 0 156 0 0 55 0 141 0 0 40 0 168 0 0 46 0 149 0 0 41 0 
139 139 142 267 143 46 0 77 130 7 65 33 114 176 55 35 5 101 99 36 54 0 70 97 2 
75 113 85 191 173 0 8 6 98 44 0 13 9 72 62 0 19 15 89 59 29 44 34 119 64 
98 92 108 103 31 174 140 147 149 118 79 62 49 83 7 202 163 182 166 120 155 167 161 120 106 
58 129 52 56 53 0 55 0 0 0 5 75 1 3 0 0 64 0 0 0 76 154 62 76 61 
0 0 0 16 0 0 0 0 20 0 0 0 0 19 0 0 0 0 18 0 180 192 213 218 219 
30 0 0 12 34 81 86 74 73 98 25 2 0 0 31 23 0 0 0 38 28 0 0 0 31 
53 5 52 104 92 20 2 29 102 84 60 26 51 126 105 28 0 39 90 93 131 81 122 194 198 
0 89 78 0 99 0 95 80 0 103 0 120 57 0 79 0 92 84 0 96 0 111 79 0 98 
49 24 57 41 33 80 58 95 58 56 24 17 38 21 17 57 49 117 75 51 8 0 35 0 0 
75 0 0 0 53 64 0 0 0 50 77 0 0 0 60 63 0 0 0 51 176 92 74 94 150 
94 148 32 144 125 69 145 14 146 136 43 90 0 122 77 209 258 152 264 210 128 207 138 208 171 
71 88 95 74 63 10 35 39 11 9 0 14 46 0 0 59 69 85 51 44 21 29 56 16 13 
0 0 0 155 40 0 0 0 165 30 29 29 17 170 64 0 0 0 165 39 0 0 0 144 42 
0 0 0 147 15 165 137 133 351 177 0 0 0 175 16 126 126 122 270 115 0 0 0 140 8 
42 136 153 177 51 18 117 127 168 29 66 146 154 177 62 42 189 173 225 90 80 124 153 214 77 
0 0 0 1289 0 0 0 0 1298 0 0 0 0 1317 0 0 0 2 1373 1 1 0 0 1326 0 
197 0 0 0 0 203 13 18 17 20 184 0 0 0 0 198 0 0 0 0 168 0 0 0 0 
92 0 0 0 0 116 0 0 0 0 122 0 0 0 0 102 0 0 0 0 206 88 85 89 99 
191 40 83 46 59 136 0 17 3 0 272 91 108 99 103 283 150 215 180 160 205 86 118 76 53 
8 25 0 0 0 2 35 0 0 0 0 0 1 0 0 0 7 0 0 19 0 5 0 0 0 
92 120 169 129 103 0 0 55 0 0 0 0 79 0 0 0 0 61 0 0 232 244 269 251 266 
1 14 0 90 214 125 142 134 230 362 0 27 2 87 253 0 14 0 89 251 121 143 118 194 318 
9 14 83 11 244 0 0 55 13 167 115 91 171 116 281 142 150 206 177 334 3 0 69 3 190 
164 297 318 278 114 206 290 374 270 118 203 307 363 295 157 102 229 264 163 43 56 238 252 180 34 
95 0 0 3 0 83 0 0 1 0 99 0 0 0 0 100 0 0 0 0 122 15 23 30 29 
0 0 189 0 35 0 0 222 0 32 0 0 190 0 26 0 0 187 0 21 0 0 174 0 30 
0 0 48 53 0 71 48 103 94 56 0 0 37 35 0 56 51 100 86 46 39 33 82 68 28 
595 597 626 656 599 0 0 0 0 0 0 0 0 0 0 0 0 0 0 0 0 0 0 0 0 
59 80 47 46 68 10 64 0 0 30 55 92 47 48 75 7 40 0 0 34 14 77 7 4 37 
0 0 0 35 0 73 61 49 101 55 0 0 0 18 0 44 48 63 93 52 43 50 44 94 38 
0 2 27 14 20 0 0 0 0 0 0 0 4 0 0 0 0 0 0 2 0 0 0 0 0 
