959 793 701 775 862 1152 1140 1110 1119 1271 748 718 668 764 924 1051 944 968 1054 1132 649 554 510 546 714 
147 112 137 132 126 0 0 0 0 0 100 65 108 88 82 0 0 0 0 0 0 0 0 0 0 
166 57 34 234 290 104 0 0 140 199 171 51 46 259 303 68 0 0 118 163 85 0 0 167 186 
283 45 128 82 94 226 0 51 7 0 398 102 189 139 131 458 208 328 229 222 260 55 115 74 63 
0 0 5 58 1 110 87 70 146 79 2 3 0 38 0 72 68 84 139 72 61 63 62 141 62 
166 38 129 166 27 137 10 99 119 0 150 36 87 110 22 124 6 55 120 0 332 180 284 326 184 
104 3 2 0 89 83 0 5 0 105 189 88 88 81 181 157 71 90 56 136 216 108 122 106 249 
0 0 0 0 0 0 0 0 0 0 1043 1057 1009 1043 1076 0 0 0 0 0 0 0 0 0 0 
0 0 0 271 0 1 0 3 248 1 108 98 87 375 115 122 118 98 419 138 0 0 0 244 0 
14 9 14 187 6 0 0 0 185 1 38 47 36 186 34 0 0 0 173 0 3 7 3 189 4 
0 0 0 0 0 0 0 0 0 0 0 0 0 0 0 56 62 65 60 78 187 152 153 189 161 
66 77 53 46 139 0 9 0 0 86 0 4 0 0 92 0 4 0 0 93 72 70 68 62 137 
142 147 150 150 158 0 0 0 0 0 0 0 0 0 0 0 0 0 0 0 82 82 66 63 79 
0 0 0 0 0 0 0 0 0 0 0 0 0 0 0 427 429 416 405 414 190 176 180 185 203 
0 193 0 0 83 0 165 0 0 99 131 325 153 135 214 0 173 0 0 96 0 207 0 0 73 
795 0 0 0 0 788 0 0 0 0 785 0 0 0 0 812 0 0 0 0 826 0 0 0 0 
15 6 186 133 142 37 17 172 137 164 110 92 252 227 204 193 177 383 354 322 139 99 256 211 270 
80 127 89 153 72 64 86 57 112 63 0 46 0 48 0 42 96 53 84 40 0 40 0 33 0 
36 9 13 8 21 121 98 111 98 109 32 0 0 0 20 30 0 0 0 24 128 105 85 105 140 
0 0 117 0 0 0 0 126 0 0 0 0 128 0 0 128 111 229 104 117 0 0 140 0 0 
0 81 57 58 0 0 104 58 58 0 47 133 119 126 51 0 104 70 62 0 0 101 74 60 0 
8 1 0 6 136 143 113 116 160 250 142 133 116 115 220 1 7 0 0 114 87 97 101 93 195 
0 0 0 0 0 0 0 0 0 0 0 0 0 0 0 1019 1105 1107 1065 1007 0 0 0 0 0 
0 18 51 134 0 0 17 51 116 0 0 18 46 145 0 0 18 51 140 0 0 14 52 140 0 
62 46 0 0 0 79 67 14 14 12 133 84 34 35 28 86 63 0 0 0 95 89 22 24 28 
64 112 67 140 137 8 37 16 66 69 11 39 21 69 86 0 38 0 55 68 0 35 0 59 65 
95 123 128 80 1 106 130 170 93 0 270 292 322 270 186 112 128 124 77 0 253 214 292 229 121 
71 11 16 93 9 72 0 0 115 0 213 146 143 234 127 53 0 0 105 0 103 38 41 175 37 
135 98 51 48 34 159 120 57 58 27 62 64 23 0 0 98 87 25 15 15 94 65 12 0 0 
0 0 138 56 0 0 0 153 53 0 0 0 180 52 0 0 0 164 44 0 0 0 137 41 0 
122 158 169 120 112 0 54 74 0 0 0 44 66 0 0 37 62 95 33 36 0 39 102 0 0 
70 58 70 67 69 102 126 104 113 106 24 42 45 39 40 0 0 0 0 0 0 0 0 0 0 
0 0 0 165 0 0 0 0 174 0 229 233 219 408 242 0 0 0 171 0 0 0 0 155 0 
0 0 0 0 0 179 181 192 160 171 0 0 0 0 0 0 0 0 0 0 78 75 78 78 97 
103 0 0 62 38 125 32 57 124 88 192 78 90 146 148 78 0 0 80 44 170 51 84 152 106 
0 75 0 0 0 0 72 0 0 0 0 57 0 0 0 101 137 74 111 73 48 117 42 46 44 
0 0 102 0 0 92 91 194 110 109 0 0 103 0 0 8 10 105 4 11 17 13 87 9 18 
261 216 199 271 120 114 90 75 126 0 82 94 60 111 0 281 245 174 300 130 129 116 91 144 0 
0 0 0 0 0 32 41 30 20 22 0 0 0 0 0 63 78 78 75 101 113 118 114 111 146 
0 232 0 208 0 0 184 0 196 0 8 211 7 205 7 0 189 0 194 0 0 206 0 207 0 
0 42 0 125 0 0 52 0 141 0 0 51 0 143 0 61 148 74 212 67 0 60 0 130 0 
0 0 0 0 93 110 77 101 68 147 93 82 85 101 139 0 0 0 0 81 0 0 0 0 86 
55 292 365 64 251 9 190 278 12 168 44 281 368 57 220 86 327 342 121 269 220 375 425 181 319 
0 45 33 0 78 16 60 42 13 88 27 81 84 36 78 0 59 26 0 62 0 61 27 0 68 
111 92 109 121 117 15 0 0 33 0 12 0 0 37 0 17 0 0 43 0 89 68 62 110 84 
69 0 65 0 0 63 0 74 0 0 113 53 107 48 50 99 16 78 13 12 65 0 73 0 0 
0 24 96 0 111 0 13 79 0 128 0 18 89 0 117 0 15 104 0 161 0 14 79 0 118 
34 76 163 100 36 81 90 174 124 64 0 49 124 43 0 56 86 174 126 56 0 34 111 67 0 
0 58 0 0 0 0 66 0 0 0 104 207 97 124 111 0 82 0 0 0 14 75 17 22 24 
0 0 0 76 0 71 69 58 137 92 0 0 0 83 0 0 0 0 92 0 76 76 65 164 66 
58 0 115 64 0 71 0 118 62 0 65 0 116 58 0 49 0 126 64 0 46 0 113 58 0 
96 61 0 39 0 138 98 23 57 32 117 107 0 36 0 147 72 0 51 0 118 76 0 43 0 
0 0 0 0 31 203 197 208 204 228 0 0 0 0 43 0 0 0 0 31 0 0 0 0 41 
101 49 58 127 89 63 43 58 110 78 27 0 0 57 9 31 0 0 52 9 42 12 7 70 26 
31 67 9 6 14 17 57 0 0 0 21 92 0 0 0 164 194 141 139 130 29 81 0 0 0 
0 0 0 21 0 186 170 197 198 164 0 0 0 23 0 0 0 0 22 0 0 0 0 19 0 
71 79 132 138 89 0 0 52 63 0 0 0 74 60 0 0 0 67 53 0 0 0 59 62 0 
71 64 64 54 82 46 0 0 0 11 85 68 64 55 79 31 0 0 0 22 98 58 47 58 70 
0 0 25 0 69 9 6 36 12 89 0 0 34 0 70 10 7 43 8 95 81 74 114 64 153 
589 592 613 645 598 0 0 0 0 0 0 0 0 0 0 0 0 0 0 0 0 0 0 0 0 
71 128 163 94 84 36 100 110 28 30 0 35 79 0 0 0 46 88 0 0 0 52 86 0 0 
0 0 110 0 0 0 0 91 0 0 76 114 207 112 101 0 0 85 0 0 0 0 104 0 0 
116 133 54 69 159 47 45 0 0 99 46 64 0 0 75 48 46 0 0 85 69 49 0 0 106 
0 49 0 23 37 58 116 57 81 93 0 59 0 27 38 0 55 0 39 40 26 65 22 53 63 
9 4 95 2 11 0 0 86 0 0 0 0 82 0 0 35 37 117 26 28 75 77 148 59 85 
0 0 0 51 75 88 81 63 117 163 0 0 0 49 73 0 0 0 36 84 0 0 0 47 73 
107 185 90 89 96 25 124 0 0 0 29 133 6 8 9 25 83 0 0 0 29 89 1 3 1 
68 32 97 34 96 14 0 39 4 65 18 0 37 0 76 18 0 52 0 61 12 0 35 10 71 
83 10 9 0 3 83 0 0 0 0 112 62 68 62 82 127 47 28 25 29 189 97 99 128 111 
59 34 118 48 51 30 0 80 0 0 20 0 77 0 0 22 0 70 0 0 64 41 116 46 35 
88 77 101 51 57 33 29 34 0 11 58 67 61 28 45 45 29 39 0 13 36 31 39 0 10 
0 62 63 0 0 0 59 52 0 0 21 104 79 21 21 32 109 58 40 42 0 62 48 0 0 
21 57 25 6 19 20 66 26 11 13 7 52 0 0 14 12 6 0 0 10 0 36 0 0 0 
29 0 91 0 45 64 41 123 39 80 24 0 85 0 28 36 10 99 4 34 29 0 99 0 27 
0 2098 0 0 0 0 2154 0 0 0 0 2026 0 0 0 0 2134 0 0 0 0 2057 0 0 0 
21 155 130 18 15 78 207 197 76 67 9 121 106 7 0 36 183 151 77 54 9 135 89 0 0 
51 84 77 0 0 45 115 92 0 0 71 101 99 0 0 50 111 93 0 0 51 104 96 0 0 
14 136 0 203 0 133 254 125 328 142 161 267 119 383 127 10 126 0 212 0 13 130 0 197 0 
60 119 142 122 94 0 0 49 0 0 0 0 79 0 0 0 0 61 0 0 208 239 300 232 250 
0 0 0 0 0 1247 1216 1210 1167 1240 0 0 0 0 0 0 0 0 0 0 0 0 0 0 0 
0 0 80 125 0 0 0 76 106 0 0 0 81 129 0 0 0 81 127 0 0 0 72 128 0 
155 54 62 90 45 145 48 49 114 65 94 0 0 43 0 91 0 0 38 0 93 0 0 51 0 
0 113 0 0 73 0 134 0 0 70 0 144 0 0 78 0 129 0 0 64 0 131 0 0 93 
210 331 212 322 148 94 213 47 178 3 355 454 295 476 192 195 335 222 288 78 234 435 354 403 216 
96 86 277 293 100 0 0 215 211 9 125 109 300 319 112 1 0 171 197 10 25 12 204 182 27 
148 127 118 161 274 8 23 0 10 168 13 17 6 12 154 223 225 175 194 375 223 271 250 238 404 
0 63 0 0 0 0 55 0 0 0 0 64 0 0 0 7 65 5 8 3 187 219 179 148 170 
77 39 60 18 65 59 10 27 0 58 57 8 30 0 41 104 8 33 0 52 164 147 127 118 174 
203 76 0 99 0 205 70 0 102 0 207 59 0 103 0 196 64 0 109 0 204 54 0 116 0 
55 0 0 0 0 62 0 0 0 0 64 0 0 0 0 202 133 145 146 141 52 0 0 0 0 
121 247 259 182 71 136 256 283 167 66 122 250 273 145 95 69 191 218 115 11 77 235 239 135 35 
80 0 0 50 26 105 68 53 125 84 96 71 66 82 83 77 27 23 79 37 59 0 0 34 12 
108 114 138 88 193 0 0 5 0 40 63 71 87 65 113 0 0 18 0 53 0 0 12 0 72 
23 49 0 54 0 113 121 59 111 50 60 68 27 80 34 37 45 0 52 0 28 49 0 56 0 
91 98 102 100 139 87 82 78 70 123 0 30 0 0 47 0 25 0 0 31 54 79 58 49 119 
0 92 0 0 1 40 177 44 42 39 42 171 43 36 39 26 139 25 32 42 50 168 55 44 76 
33 11 41 34 0 103 71 112 113 63 43 21 47 37 0 47 9 44 35 0 41 20 37 39 0 
0 13 0 70 211 112 119 115 191 317 0 27 0 70 238 0 13 0 76 248 116 140 114 161 297 
10 2 78 13 230 2 0 73 11 169 111 100 177 114 274 143 143 217 171 329 1 0 77 0 181 
161 0 0 0 0 144 0 0 0 0 241 91 114 113 113 137 0 0 0 0 146 0 0 0 0 
0 0 0 0 854 0 0 0 0 806 0 0 0 0 859 0 0 0 0 840 1 0 0 0 801 
127 108 0 160 47 123 128 1 199 93 181 164 46 203 118 114 102 3 156 77 130 133 0 199 60 
143 0 0 0 0 269 103 93 84 74 171 0 0 0 0 156 0 0 0 0 156 0 0 0 0 
0 0 0 0 0 78 62 75 75 72 0 0 0 0 0 152 134 152 155 149 0 0 0 0 0 
0 29 0 161 0 33 60 50 208 35 0 21 0 150 0 0 16 0 152 0 0 21 0 181 0 
81 65 95 114 142 42 2 51 55 39 21 0 57 60 57 86 58 105 120 106 14 0 51 54 40 
43 48 55 128 106 28 22 31 80 74 0 0 0 78 56 0 0 0 48 49 7 10 9 75 53 
0 9 69 0 0 85 105 192 102 90 0 9 76 0 0 62 79 176 60 65 0 7 61 0 0 
220 16 201 0 0 223 11 189 0 0 229 9 198 3 0 191 9 202 0 0 222 26 198 11 12 
306 111 347 136 204 346 183 459 182 229 370 204 441 222 297 184 37 218 64 134 207 74 295 67 118 
66 157 71 85 68 0 88 0 27 0 17 130 28 36 28 0 111 0 17 0 0 77 0 23 0 
0 0 52 0 67 46 57 94 47 132 69 92 99 60 138 0 0 37 0 73 0 0 53 0 79 
0 0 19 0 210 0 0 19 0 201 0 0 31 0 171 0 0 27 0 196 0 0 24 0 193 
0 0 0 59 0 0 0 0 75 0 65 65 50 162 53 0 0 0 72 0 105 92 99 188 104 
101 0 0 100 0 115 0 0 122 0 105 0 0 93 0 108 0 0 120 0 104 0 0 118 0 
0 43 78 75 5 123 192 187 194 123 167 216 235 218 150 25 84 118 110 35 87 139 132 148 59 
117 160 136 118 251 0 0 0 0 85 0 0 0 0 92 26 35 31 20 134 0 0 0 0 90 
142 259 159 147 156 0 136 0 0 0 98 220 100 98 98 0 110 1 0 3 102 220 73 75 95 
179 157 97 97 101 91 53 0 0 0 109 57 4 5 12 77 56 0 0 0 84 68 0 0 0 
0 113 0 0 0 34 155 43 52 56 0 113 0 0 0 57 179 78 72 62 0 106 0 0 0 
0 0 0 0 0 0 0 0 0 0 0 0 0 0 0 0 0 0 0 0 466 447 493 484 431 
0 0 37 0 0 73 79 92 75 86 0 0 31 0 0 77 75 85 58 79 19 25 59 22 26 
8 15 15 16 52 0 0 0 0 36 80 79 71 69 98 0 0 0 0 33 68 97 78 75 105 
0 0 0 148 0 0 0 0 123 0 0 0 0 149 0 0 0 0 159 0 83 73 88 220 88 
0 68 0 30 70 0 60 0 33 76 0 55 0 30 88 0 53 0 25 69 16 76 25 52 111 
0 112 0 0 0 0 108 0 0 0 0 106 0 0 0 0 96 0 0 0 97 185 99 104 92 
0 1 0 36 0 78 47 74 78 73 34 6 43 41 40 0 0 0 11 0 102 97 120 137 98 
0 0 116 55 0 43 45 155 106 50 0 0 102 39 0 0 0 89 38 0 0 0 127 35 0 
0 22 0 0 0 0 67 11 0 21 0 49 0 0 7 0 9 0 0 0 0 31 10 0 18 
58 0 0 0 0 126 62 61 76 68 98 20 18 19 15 131 47 46 51 40 58 0 0 0 0 
81 35 32 111 37 38 0 0 91 0 47 0 0 85 0 83 35 30 120 32 55 0 0 83 0 
0 0 63 43 0 0 0 55 43 0 101 99 149 131 97 0 0 62 47 0 0 0 67 42 0 
34 0 0 66 102 82 66 80 135 193 27 0 4 83 118 55 30 23 82 96 32 35 43 84 101 
3 8 52 102 11 0 0 48 93 0 57 34 124 138 56 31 43 81 141 40 0 0 51 89 0 
69 2 65 92 9 59 4 49 70 17 202 114 184 188 109 144 67 112 120 62 97 0 66 73 3 
39 0 58 0 55 39 0 56 0 52 26 0 67 0 72 88 49 103 65 108 30 0 56 0 54 
100 27 195 88 61 71 12 167 98 45 57 0 154 36 21 178 65 242 142 130 107 29 209 75 70 
9 93 138 18 114 140 183 274 125 232 38 116 184 46 166 0 37 147 1 103 93 125 216 108 200 
23 25 29 70 56 44 47 45 89 85 0 0 0 33 32 0 0 0 32 20 85 104 106 142 112 
19 29 0 86 0 31 49 0 108 0 78 71 39 132 55 26 40 0 106 0 43 34 0 82 0 
0 0 59 0 0 169 162 216 155 184 0 0 62 0 0 0 0 79 0 0 0 0 77 0 0 
12 6 0 0 72 16 2 0 0 64 63 69 48 49 133 24 21 15 11 85 86 115 86 95 138 
59 11 7 6 20 85 60 61 64 64 94 73 77 87 83 39 0 5 0 12 34 10 13 7 21 
21 101 73 16 33 1 99 71 5 7 0 74 46 0 20 0 86 52 6 11 54 132 119 50 86 
164 212 119 113 122 89 68 61 18 20 47 54 15 0 0 52 58 16 0 0 39 44 17 0 0 
95 0 0 14 0 83 0 0 31 0 100 0 0 20 0 102 0 0 0 0 122 14 22 35 28 
52 75 13 17 11 45 44 0 0 0 42 68 14 0 11 58 67 33 37 41 72 63 36 18 29 
37 76 43 71 28 0 62 9 42 15 0 50 10 46 17 0 43 14 27 13 37 104 63 97 77 
0 0 54 27 10 0 0 43 34 2 0 0 43 40 6 42 52 120 94 61 54 50 100 92 63 
29 38 26 22 31 0 0 0 0 0 71 59 57 62 55 0 0 0 0 0 120 107 99 114 110 
41 35 38 34 41 0 0 16 0 0 0 0 19 0 0 50 44 96 61 52 123 98 134 139 121 
34 39 104 49 56 3 3 58 12 15 60 51 128 52 49 0 0 47 2 0 0 4 58 20 11 
0 0 180 32 0 0 0 141 23 0 19 20 156 36 18 0 0 166 23 0 0 0 162 22 0 
44 119 0 0 0 103 166 72 49 60 100 194 34 25 20 105 191 66 63 66 39 108 0 0 0 
79 0 72 79 90 142 53 175 155 157 169 86 178 195 205 138 36 114 108 156 90 2 87 124 111 
106 147 85 70 85 13 62 6 0 0 88 170 75 57 71 55 93 33 26 21 30 71 0 0 0 
0 116 108 161 0 0 127 118 164 0 0 108 119 167 0 0 117 114 156 0 0 127 117 165 0 
13 0 0 132 0 9 0 0 96 0 92 65 87 187 84 11 0 0 99 0 20 1 0 105 0 
50 73 47 44 72 0 58 1 0 23 50 82 44 40 66 5 36 0 0 36 5 57 0 0 19 
105 131 24 57 74 141 184 70 78 153 108 133 48 64 100 70 76 4 22 52 187 226 93 115 148 
83 211 169 112 125 8 56 95 10 5 41 86 125 40 38 30 101 80 11 33 0 75 60 0 0 
0 23 4 0 69 1 27 15 0 101 0 14 6 9 42 59 74 63 37 151 17 30 34 27 83 
684 553 564 442 509 494 270 246 219 256 495 316 336 253 291 383 186 165 85 198 597 408 413 380 416 
93 65 0 3 1 159 153 76 82 77 75 82 0 0 0 102 88 23 19 22 66 57 0 0 0 
166 300 105 140 121 265 374 139 249 184 128 277 86 140 66 43 190 0 38 0 87 203 39 80 18 
0 0 0 0 54 0 0 0 0 58 0 0 0 0 73 0 0 0 0 65 153 181 162 175 217 
57 4 35 0 17 124 17 59 29 35 116 55 90 44 55 139 75 122 60 83 124 34 47 22 29 
150 0 0 54 0 156 0 0 55 0 141 0 0 40 0 168 0 0 46 0 149 0 0 41 0 
174 127 164 239 132 53 0 100 132 0 94 48 132 186 73 56 9 97 103 25 59 1 89 84 0 
0 0 53 63 0 81 52 120 107 59 0 0 43 35 0 62 47 115 97 51 42 35 87 82 34 
76 102 96 183 156 0 9 4 99 48 0 19 5 62 49 0 13 10 80 54 35 37 28 107 62 
111 114 82 12 5 168 174 134 89 98 93 97 65 23 8 223 203 180 111 111 134 157 132 23 43 
58 129 51 57 53 0 55 0 0 0 6 79 4 4 4 0 64 0 0 0 76 153 62 76 65 
0 0 0 20 0 0 0 0 20 0 0 0 0 21 0 0 0 0 22 0 184 196 226 225 224 
44 3 0 23 38 118 89 77 100 104 49 2 0 26 39 41 1 0 23 43 50 0 0 23 34 
50 6 52 118 93 29 3 33 109 95 69 25 47 129 109 35 0 36 99 95 135 90 129 196 223 
0 68 49 0 67 0 71 62 0 72 0 79 53 0 55 0 66 63 0 69 0 84 66 0 66 
47 23 56 40 33 72 52 92 56 53 23 17 36 20 13 55 45 102 71 49 8 0 32 0 0 
81 0 0 0 48 62 0 0 0 50 88 0 0 0 59 65 0 0 0 51 185 90 82 87 151 
83 130 27 141 107 69 129 10 120 118 42 80 1 121 80 215 299 171 268 218 117 173 68 180 137 
92 0 0 0 0 117 0 0 0 0 122 0 0 0 0 102 0 0 0 0 205 88 85 89 99 
76 96 108 85 64 6 38 38 14 10 0 16 46 0 0 67 76 88 56 53 21 32 59 23 15 
0 0 0 140 34 0 0 0 158 28 27 29 16 157 51 0 0 0 149 34 0 0 0 138 37 
0 1 196 0 35 0 0 217 0 28 0 0 195 0 25 0 0 179 0 24 0 0 188 0 27 
0 0 0 138 10 138 119 114 295 157 0 0 0 155 14 101 99 93 230 91 0 0 0 126 7 
43 105 142 191 51 24 81 106 168 26 93 121 138 185 66 55 156 142 183 65 50 108 110 170 49 
0 0 0 1238 0 0 0 0 1218 0 0 0 0 1247 0 0 1 1 1324 1 0 0 0 1267 0 
195 0 0 0 0 197 13 18 17 20 178 0 0 0 0 195 0 0 0 0 166 0 0 0 0 
0 0 1448 0 0 0 0 1478 0 0 0 0 1350 0 0 0 0 1477 0 0 0 0 1455 0 0 
