809 780 679 649 791 1093 1103 1027 951 1052 702 675 529 624 730 1008 991 978 992 1045 620 553 470 466 587 
226 169 238 201 190 0 0 0 0 0 152 91 157 137 142 0 0 0 0 0 0 0 0 0 0 
180 54 30 242 231 104 0 0 180 147 195 36 26 243 245 89 0 0 143 131 113 1 0 155 169 
145 0 116 153 153 220 44 191 239 222 287 113 293 316 347 213 45 152 203 206 154 0 112 203 155 
177 62 112 153 49 128 6 87 121 1 134 35 90 111 27 127 4 55 110 0 273 181 246 309 175 
117 8 20 0 105 117 4 17 0 118 220 98 111 86 189 160 76 99 60 150 231 104 136 103 254 
0 0 0 0 0 0 0 0 0 0 1026 1034 991 1017 1061 0 0 0 0 0 0 0 0 0 0 
0 0 0 281 0 0 0 2 257 0 126 125 105 394 127 123 129 104 420 139 0 0 0 250 0 
13 11 12 196 6 0 0 0 197 0 39 46 34 193 39 0 0 0 167 0 3 7 3 196 4 
0 0 0 0 0 0 0 0 0 0 0 0 0 0 0 56 71 63 67 87 199 163 159 202 166 
73 101 67 53 176 0 13 0 0 103 0 4 0 0 102 0 4 0 0 106 87 76 85 65 164 
152 157 163 158 179 0 0 0 0 0 0 0 0 0 0 0 0 0 0 0 93 87 79 74 87 
0 0 0 0 0 0 0 0 0 0 0 0 0 0 0 454 459 446 421 445 202 195 191 198 218 
0 193 0 0 80 0 165 0 0 93 116 316 139 122 191 0 178 0 0 92 0 208 0 0 74 
812 0 0 0 0 815 0 0 0 0 804 0 0 0 0 840 0 0 0 0 845 0 0 0 0 
63 34 201 149 182 68 11 213 158 191 124 107 274 258 244 215 180 379 344 322 151 91 270 234 314 
76 128 82 144 62 60 83 67 113 67 0 36 0 52 0 47 96 51 96 41 0 45 0 50 0 
28 9 11 7 16 117 90 96 87 105 33 0 0 0 14 26 0 0 0 17 108 99 83 83 136 
0 0 148 0 0 0 0 149 0 0 0 0 154 0 0 154 126 261 119 136 0 0 158 0 0 
0 79 51 52 0 0 98 50 48 0 41 115 111 118 37 0 88 56 62 0 0 81 66 46 0 
0 3 0 3 153 148 121 128 163 261 167 137 119 138 228 2 3 0 4 128 90 96 96 93 210 
0 0 0 0 0 0 0 0 0 0 0 0 0 0 0 1036 1101 1106 1081 1026 0 0 0 0 0 
0 19 56 145 0 0 19 57 122 0 0 18 50 165 0 0 19 53 158 0 0 18 53 164 0 
66 50 0 0 0 84 76 17 14 14 135 86 37 36 27 89 61 0 0 0 102 95 23 26 31 
97 123 84 171 179 12 47 20 77 86 16 58 23 81 108 0 51 0 66 94 0 44 0 68 75 
133 128 139 82 3 133 154 217 84 0 323 323 383 306 221 145 135 178 88 3 319 261 366 258 172 
85 10 11 114 18 81 0 0 120 0 230 162 144 248 137 79 0 0 112 0 123 52 43 189 42 
114 93 42 45 31 144 100 57 58 34 60 50 15 0 0 83 77 25 12 15 79 51 8 0 0 
0 0 156 60 0 0 0 181 62 0 0 0 215 60 0 0 0 190 53 0 0 0 160 49 0 
142 192 204 141 130 0 63 80 0 0 0 59 68 0 0 49 70 105 37 42 0 51 103 0 2 
85 64 97 101 76 121 152 121 140 127 26 51 53 46 49 0 0 0 0 0 0 0 0 0 0 
0 0 0 172 0 0 0 0 177 0 238 236 225 420 248 0 0 0 173 0 0 0 0 156 0 
0 0 0 0 0 162 146 179 145 149 0 0 0 0 0 0 0 0 0 0 76 59 78 70 87 
129 0 10 88 49 144 39 56 130 118 239 96 101 169 164 96 1 0 76 50 202 81 95 177 121 
0 102 0 0 0 0 93 0 0 0 0 81 0 0 0 145 194 104 155 109 72 177 56 63 62 
0 0 107 0 0 100 95 199 117 113 0 0 102 0 0 6 8 98 3 7 15 13 90 9 16 
264 247 209 291 120 127 94 51 111 0 95 93 61 96 0 284 243 151 293 120 137 123 74 141 0 
0 0 0 0 0 39 41 37 21 29 0 0 0 0 0 81 83 88 84 125 120 111 113 110 148 
0 238 0 206 0 0 188 0 199 0 5 213 8 202 8 0 195 0 203 0 0 203 0 206 0 
0 44 0 128 0 0 49 0 149 0 0 50 0 146 0 66 160 76 223 82 0 57 0 142 0 
0 0 0 0 75 90 81 84 66 140 95 74 81 86 131 1 0 0 0 76 0 0 0 0 82 
84 280 354 68 255 35 192 268 2 179 95 264 344 55 258 86 303 332 87 232 203 317 402 166 306 
0 56 44 0 106 21 89 60 20 106 30 113 112 49 102 0 75 36 0 80 0 82 39 0 82 
107 92 107 115 121 13 0 0 34 0 14 0 0 42 0 17 0 0 39 0 85 65 58 101 76 
88 0 88 0 0 86 0 113 0 1 143 62 146 61 64 138 23 103 14 16 93 0 114 0 0 
0 18 83 0 99 0 11 73 0 113 0 17 81 0 113 0 11 96 0 147 0 14 82 0 110 
25 59 162 99 34 58 78 169 126 63 0 41 122 43 0 40 80 170 120 57 0 33 110 67 0 
0 65 0 0 0 0 74 0 0 0 120 227 109 138 124 0 90 0 0 0 16 78 21 25 24 
0 0 0 79 0 64 76 59 136 89 0 0 0 76 0 0 0 0 91 0 74 73 65 162 71 
49 0 92 48 0 57 0 109 53 0 59 0 93 50 0 46 0 102 54 0 44 0 98 46 0 
81 50 0 30 0 110 77 18 52 26 99 94 0 29 0 121 57 0 43 0 97 63 0 37 0 
0 0 0 0 24 204 197 204 202 230 0 0 0 0 35 0 0 0 0 29 0 0 0 0 39 
115 60 72 140 94 75 46 62 132 90 31 0 0 60 12 41 0 0 61 16 51 16 10 71 32 
33 90 11 8 15 22 72 0 0 0 23 105 0 0 0 164 229 157 148 138 28 96 0 0 0 
0 0 0 21 0 185 162 194 202 153 0 0 0 24 0 0 0 0 22 0 0 0 0 21 0 
79 82 140 143 94 0 0 54 66 0 0 0 85 63 0 0 0 73 54 0 0 0 60 64 0 
63 57 58 48 67 41 0 0 0 11 74 61 48 48 70 29 0 0 0 21 91 49 44 49 59 
0 0 27 0 87 12 8 46 11 113 0 0 44 0 80 11 8 47 12 109 94 91 142 72 176 
585 586 605 637 586 0 0 0 0 0 0 0 0 0 0 0 0 0 0 0 0 0 0 0 0 
64 127 155 76 83 36 92 105 28 28 0 37 82 0 0 0 44 87 0 0 0 42 81 0 0 
0 0 120 0 0 0 0 94 0 0 81 119 211 116 107 0 0 88 0 0 0 0 110 0 0 
90 104 34 50 119 33 38 0 0 76 37 52 0 0 60 39 41 0 0 65 51 40 0 0 70 
0 48 0 23 36 58 114 57 80 93 0 58 0 26 38 0 53 0 39 39 25 65 21 51 62 
9 7 98 5 12 0 0 87 0 0 0 0 83 0 0 36 38 118 27 28 75 78 148 58 85 
0 0 0 55 76 91 83 64 119 170 0 0 0 49 74 0 0 0 38 85 0 0 0 48 76 
104 197 92 96 98 26 131 0 0 0 28 135 2 0 0 17 83 0 0 0 22 99 3 2 0 
68 31 97 37 100 19 0 37 11 57 20 0 38 0 67 20 0 52 5 49 13 0 41 9 62 
51 0 31 0 1 53 0 22 0 0 57 43 74 39 44 94 38 57 30 26 152 106 135 135 106 
45 17 91 32 26 23 0 76 0 0 18 0 68 0 0 21 0 64 0 0 35 2 69 0 5 
0 0 31 2 2 0 2 0 0 0 0 11 4 0 0 0 0 0 0 0 9 0 0 0 0 
0 62 61 0 0 0 70 47 0 0 21 104 76 21 21 32 109 58 40 42 0 62 57 0 0 
21 0 85 0 36 58 43 122 39 73 21 0 78 0 19 30 0 90 0 20 26 0 93 0 20 
0 2130 0 0 0 0 2178 0 0 0 0 2069 0 0 0 0 2122 0 0 0 0 2084 0 0 0 
33 150 133 14 12 95 262 256 115 82 8 155 134 7 0 60 238 170 99 53 11 154 113 1 0 
68 100 81 0 0 55 121 111 0 0 69 116 109 0 0 76 122 97 0 0 62 116 119 0 0 
0 86 0 129 0 85 179 78 195 94 72 178 42 158 56 0 78 0 111 0 0 112 0 111 0 
0 0 0 0 0 1288 1257 1246 1206 1283 0 0 0 0 0 0 0 0 0 0 0 0 0 0 0 
0 0 92 140 0 0 0 78 114 0 0 0 87 145 0 0 0 91 140 0 0 0 78 141 0 
126 45 45 78 37 126 49 47 97 55 76 0 0 35 0 70 0 0 35 0 76 0 0 41 0 
0 121 0 0 76 0 141 0 0 74 0 149 0 0 86 0 130 0 0 69 0 142 0 0 97 
194 300 156 257 110 89 173 28 131 4 288 408 227 373 142 145 242 92 195 41 209 348 232 279 145 
94 77 266 282 78 0 0 184 194 4 112 96 274 286 90 0 0 161 193 1 0 2 195 187 9 
141 121 109 149 255 0 28 0 23 175 14 13 7 13 168 201 231 169 208 375 215 246 239 243 385 
0 66 0 0 0 0 53 0 0 0 0 68 0 0 0 8 61 5 6 3 161 202 165 144 160 
56 36 43 17 54 60 12 28 0 63 49 13 31 0 36 106 13 28 0 57 157 139 120 109 155 
202 68 0 101 0 204 67 0 104 0 205 50 0 104 0 191 66 0 109 0 201 49 0 110 0 
55 0 0 0 0 61 0 0 0 0 64 0 0 0 0 202 133 144 146 141 52 0 0 0 0 
0 0 1443 0 0 0 0 1470 0 0 0 0 1355 0 0 0 0 1474 0 0 0 0 1437 0 0 
64 0 7 38 18 81 53 43 89 58 84 54 51 61 64 50 19 13 56 25 52 0 0 23 10 
133 135 132 99 208 0 0 7 0 50 69 92 82 71 119 0 0 22 0 57 0 0 12 0 61 
46 92 0 119 0 153 188 102 224 88 119 142 94 229 92 57 83 0 112 0 43 72 0 115 0 
70 84 80 85 117 80 74 64 70 102 0 22 0 0 45 0 18 0 0 30 49 73 55 44 87 
0 74 0 0 0 30 146 33 30 32 43 152 35 41 36 31 138 26 29 33 42 129 47 37 53 
33 11 41 34 0 103 71 112 112 63 43 21 47 37 0 47 9 44 35 0 41 20 37 39 0 
156 0 0 0 0 150 0 0 0 0 235 85 101 115 121 124 0 0 0 0 147 0 0 0 0 
0 0 0 0 823 0 0 0 0 784 0 0 0 0 835 0 0 0 0 830 0 0 0 0 770 
122 113 0 170 52 131 99 1 157 81 171 164 41 211 113 113 116 1 159 84 114 146 0 179 68 
130 0 0 0 0 262 93 88 84 69 158 0 0 0 0 151 0 0 0 0 151 0 0 0 0 
0 0 0 0 0 72 55 70 64 70 0 0 0 0 0 140 116 137 141 135 0 0 0 0 0 
0 23 0 152 0 41 59 49 203 33 0 21 0 133 0 0 18 0 139 0 0 21 0 166 0 
116 70 120 123 161 74 0 81 54 69 57 0 94 70 75 125 85 143 129 157 30 0 60 58 68 
49 62 66 150 132 32 24 43 95 87 0 0 0 88 63 0 0 0 55 58 9 13 9 86 71 
0 9 62 0 0 80 93 169 83 88 0 12 75 0 0 56 84 167 49 59 0 8 63 0 0 
212 8 196 0 0 209 3 180 0 0 211 7 190 4 1 182 1 201 0 0 222 25 188 10 10 
326 112 334 123 209 371 169 387 192 244 374 171 383 195 242 218 23 194 64 124 225 42 241 53 121 
71 162 73 86 70 0 90 0 30 0 15 137 33 34 28 0 115 0 18 0 0 81 0 24 0 
0 0 33 0 56 35 46 78 44 111 54 74 89 53 119 0 0 31 0 61 0 0 49 0 57 
0 0 20 0 215 0 0 16 0 210 0 0 31 0 202 0 0 32 0 203 0 0 28 0 206 
0 0 0 50 0 0 0 0 59 0 54 59 45 140 45 0 0 0 59 0 85 78 82 158 86 
87 0 0 94 0 109 0 0 110 0 99 0 0 89 0 92 0 0 113 0 97 0 0 109 0 
2 42 76 60 4 91 159 180 156 107 149 197 222 205 149 8 48 99 86 9 65 85 99 111 32 
109 144 124 113 235 0 0 0 0 80 0 0 0 0 73 22 27 31 23 115 0 0 0 0 94 
136 260 157 151 154 0 142 0 0 0 93 222 89 88 90 0 109 0 0 1 90 238 88 75 94 
136 126 76 78 78 76 45 0 0 0 85 47 4 4 8 63 47 0 0 0 71 56 0 0 0 
0 134 0 0 0 46 185 61 75 82 0 158 0 0 0 78 226 100 112 82 0 135 0 0 0 
0 0 0 0 0 0 0 0 0 0 0 0 0 0 0 0 0 0 0 0 418 389 420 407 382 
0 0 33 0 0 73 79 91 75 87 0 0 28 0 0 75 72 82 57 78 18 23 54 20 24 
8 14 14 15 50 0 0 0 0 36 80 80 72 69 99 0 0 0 0 33 67 96 75 73 103 
0 0 0 133 0 0 0 0 122 0 0 0 0 150 0 0 0 0 148 0 78 74 82 207 83 
0 69 0 34 71 0 63 0 39 77 1 56 0 36 91 0 59 0 31 73 18 78 24 55 113 
0 112 0 0 0 0 108 0 0 0 0 106 0 0 0 0 96 0 0 0 97 185 99 105 92 
0 0 0 15 0 85 53 89 73 88 63 10 70 62 55 0 0 0 16 0 95 74 107 132 101 
0 0 117 55 0 42 45 155 106 49 0 0 102 38 0 0 0 89 38 0 0 0 126 35 0 
59 0 0 0 0 126 62 61 76 69 99 20 18 20 13 131 47 46 52 41 58 0 0 0 0 
83 35 32 108 37 39 0 0 85 0 48 0 0 78 0 83 35 30 115 32 55 0 0 78 0 
0 0 43 40 0 0 0 30 38 0 101 99 117 125 97 0 0 38 37 0 0 0 53 35 0 
31 0 0 67 91 82 67 66 111 161 30 1 5 70 95 57 15 28 71 79 30 28 39 79 91 
0 4 50 97 7 0 0 49 77 0 46 36 109 123 46 27 41 73 116 35 0 0 47 87 0 
76 4 49 57 11 57 5 42 63 23 155 86 139 154 117 82 23 73 69 24 61 0 49 55 2 
49 0 63 0 66 43 0 60 0 62 29 0 74 0 83 98 60 115 73 124 33 0 61 0 60 
104 19 176 117 48 93 0 161 87 25 72 0 158 32 7 211 59 256 151 122 114 23 197 77 66 
18 81 164 27 116 123 212 283 127 246 31 133 201 41 170 0 52 151 0 122 90 153 219 106 215 
33 23 32 71 59 50 61 57 107 90 0 0 0 44 31 0 0 0 28 22 103 114 123 162 133 
25 37 1 90 1 32 53 0 109 0 82 73 40 136 57 25 41 0 110 0 43 37 0 89 0 
0 0 59 0 0 165 144 214 153 179 0 0 62 0 0 0 0 76 0 0 0 0 65 0 0 
13 7 1 0 88 21 2 0 2 80 73 88 64 63 159 30 23 18 21 99 132 151 130 141 205 
62 8 7 0 14 97 67 62 65 67 106 85 86 92 94 42 0 4 0 13 33 5 8 3 20 
17 89 65 15 29 0 81 62 5 6 0 66 39 0 18 0 72 47 5 12 43 114 93 38 77 
155 191 103 100 109 76 67 50 21 23 44 50 16 0 0 38 50 13 0 0 31 50 16 0 0 
76 92 10 17 19 48 57 0 0 0 65 74 16 5 20 76 82 42 41 50 89 87 54 32 47 
38 76 42 71 28 0 62 11 42 16 0 51 11 46 19 0 40 14 29 13 39 104 64 97 78 
0 0 59 28 12 0 0 48 36 4 0 0 45 42 6 44 54 129 100 64 56 48 111 96 60 
30 39 26 22 32 0 0 0 0 0 73 60 58 64 54 0 0 0 0 0 120 108 102 114 111 
45 34 38 36 43 0 0 17 0 0 0 0 19 0 0 59 49 95 59 54 135 115 150 153 130 
36 38 104 47 49 1 0 60 17 9 62 51 130 59 48 0 0 51 0 0 0 2 52 17 2 
0 0 180 32 0 0 0 141 23 0 19 20 156 37 18 0 0 166 23 0 0 0 162 23 0 
43 70 0 0 0 66 93 38 30 29 67 108 17 14 9 79 119 37 36 41 37 66 0 0 0 
90 125 71 52 65 12 46 3 0 0 77 135 63 56 57 40 73 27 18 14 23 59 0 0 0 
0 117 111 164 0 0 125 120 163 1 0 107 124 165 3 0 116 116 157 0 0 126 117 165 0 
13 0 0 131 0 9 0 0 95 0 91 65 87 187 84 11 0 0 99 0 20 1 1 105 1 
62 84 53 54 80 15 67 13 10 38 51 86 45 40 71 7 41 0 0 36 15 70 11 13 40 
135 166 58 79 117 169 271 91 107 191 159 195 84 111 139 97 114 22 30 86 240 293 140 169 199 
77 193 146 111 113 10 45 64 14 3 32 84 121 35 34 28 86 60 15 30 0 71 55 0 0 
12 23 17 12 75 13 31 29 8 115 7 22 16 8 57 68 89 73 56 167 34 43 38 35 103 
635 491 501 368 460 449 269 271 200 219 466 330 351 208 305 374 171 140 49 132 508 344 379 312 326 
99 83 1 4 0 190 172 74 79 84 78 88 0 0 0 111 108 26 21 18 69 59 0 0 0 
145 274 92 124 115 236 348 130 221 157 123 262 70 138 54 39 182 0 38 0 92 215 51 89 41 
0 0 0 0 56 0 0 0 0 60 0 0 0 0 70 0 0 0 0 64 149 165 159 170 203 
69 4 32 0 13 113 15 64 33 33 124 49 90 57 55 131 70 131 67 83 120 27 46 21 30 
150 0 0 54 0 157 0 0 55 0 141 0 0 40 0 169 0 0 46 0 150 0 0 41 0 
143 124 165 253 118 33 1 73 122 1 78 55 132 187 53 42 7 91 109 30 38 0 66 85 0 
58 91 66 157 135 0 9 6 84 43 0 13 1 56 53 0 13 9 74 46 27 39 27 95 54 
149 131 98 115 40 214 189 152 158 124 99 98 57 67 8 222 190 157 129 97 182 186 141 119 98 
57 130 48 54 52 0 54 0 0 0 5 80 3 4 4 0 64 0 0 0 76 154 61 76 65 
0 0 0 15 0 0 0 0 19 0 0 0 0 17 0 0 0 0 16 0 164 173 198 200 194 
40 7 0 23 34 112 91 77 94 98 43 0 0 29 31 41 0 0 21 38 42 0 0 14 26 
67 0 59 133 117 37 4 25 102 100 79 28 59 172 141 25 0 43 97 104 153 94 161 219 244 
0 95 72 0 89 0 89 79 0 94 0 96 58 0 74 0 84 76 0 87 0 109 79 0 84 
46 21 54 39 32 70 49 91 54 53 22 16 33 20 13 53 41 97 67 48 8 0 30 0 0 
80 0 0 0 56 69 0 0 0 50 89 0 0 0 59 67 0 0 0 52 177 95 86 92 158 
72 127 9 153 96 71 167 16 141 118 40 105 0 144 75 211 258 146 276 213 145 250 122 222 197 
97 120 133 99 88 11 39 43 14 14 0 19 59 0 0 75 90 106 63 80 26 36 67 23 16 
0 0 0 155 42 0 0 0 171 29 28 32 18 173 57 0 0 0 163 35 0 0 0 146 43 
0 0 0 145 10 146 130 120 326 164 0 0 0 160 12 117 116 109 255 109 0 0 0 136 8 
50 150 190 182 58 24 116 166 190 19 89 159 197 219 81 56 201 209 238 108 118 171 207 243 100 
0 0 0 1271 0 0 1 0 1294 0 0 0 0 1298 0 0 1 1 1355 1 0 0 0 1286 0 
195 0 0 0 0 197 13 18 17 20 178 0 0 0 0 196 0 0 0 0 166 0 0 0 0 
92 0 0 0 0 117 0 0 0 0 122 0 0 0 0 102 0 0 0 0 206 88 85 89 99 
194 32 57 25 29 175 0 19 0 0 319 98 126 88 121 357 190 264 186 179 248 55 89 33 54 
13 16 0 0 0 0 47 4 0 11 0 29 0 0 10 0 0 0 0 0 0 12 0 0 0 
89 115 188 142 133 0 0 58 0 0 0 0 90 0 0 0 0 67 0 0 244 285 334 320 280 
1 16 1 85 235 127 144 134 227 362 0 24 1 86 272 2 18 2 96 262 125 155 134 197 313 
8 11 83 3 225 1 0 58 8 176 104 100 174 102 265 140 139 227 164 334 0 3 73 0 182 
128 280 258 213 90 154 262 314 188 88 149 255 263 179 108 72 194 247 112 20 70 206 217 126 29 
0 0 208 0 34 0 0 225 0 35 0 0 207 0 28 0 0 186 0 25 0 0 191 0 30 
90 0 0 12 0 82 0 0 0 0 93 0 0 10 0 96 0 0 0 0 117 15 23 45 29 
19 0 47 20 21 0 0 0 23 15 0 0 0 0 0 1 0 2 0 0 0 0 17 0 0 
0 0 43 49 0 64 45 89 83 54 0 0 34 32 0 50 44 87 72 44 37 27 70 62 24 
0 0 0 37 0 76 67 49 102 58 0 0 0 25 0 48 49 64 94 53 44 50 44 98 40 
