746 586 490 581 645 1081 991 949 1003 1063 748 611 541 697 732 1040 874 861 960 963 612 451 374 436 613 
257 211 266 239 225 0 0 0 0 0 156 125 168 140 156 0 0 0 0 0 0 0 0 0 0 
115 46 28 164 208 73 0 0 130 140 137 52 30 215 219 59 0 0 90 125 62 0 0 133 130 
130 0 120 148 161 184 35 193 208 216 261 116 260 296 307 223 36 156 199 210 154 0 112 190 143 
176 55 110 152 39 167 15 66 104 0 134 36 89 112 27 136 5 65 130 0 334 212 283 331 193 
108 11 18 0 104 112 7 17 0 131 195 111 103 83 210 173 74 108 69 178 239 123 130 116 247 
0 0 0 0 0 0 0 0 0 0 1023 1038 976 1005 1047 0 0 0 0 0 0 0 0 0 0 
0 0 0 247 0 1 0 3 233 1 106 102 94 351 113 104 111 89 378 118 0 0 0 237 0 
17 7 14 203 5 0 0 0 197 0 39 61 39 211 34 0 0 0 173 0 4 6 6 230 3 
0 0 0 0 0 0 0 0 0 0 0 0 0 0 0 69 82 85 80 92 191 177 181 233 180 
81 101 84 65 189 0 10 0 0 146 0 4 0 0 109 0 4 0 0 114 94 99 101 81 176 
147 154 153 164 164 0 0 0 0 0 0 0 0 0 0 0 0 0 0 0 83 84 75 70 89 
0 0 0 0 0 0 0 0 0 0 0 0 0 0 0 450 446 436 430 429 198 185 188 190 211 
0 218 0 0 96 0 204 0 0 106 142 366 173 151 243 0 213 0 0 108 1 241 0 0 91 
820 0 0 0 0 815 0 0 0 0 801 0 0 0 0 842 0 0 0 0 851 0 0 0 0 
9 1 214 158 177 53 34 241 185 233 114 115 289 232 264 176 174 426 357 350 105 83 290 206 307 
102 158 96 166 81 78 106 70 128 90 0 49 0 56 0 54 107 59 115 50 0 44 0 61 0 
33 9 20 8 17 174 126 148 128 154 32 0 0 1 18 30 0 0 0 30 155 146 131 127 169 
0 0 157 1 0 0 0 150 0 0 0 0 158 0 0 178 150 280 141 147 0 0 156 0 0 
0 88 54 63 0 0 115 54 69 0 57 149 123 150 52 0 104 62 72 0 0 113 72 64 0 
0 0 0 1 148 138 132 109 157 251 134 116 109 114 213 1 2 0 0 127 88 111 97 94 194 
0 0 0 0 0 0 0 0 0 0 0 0 0 0 0 1000 1049 1069 1039 972 0 0 0 0 0 
0 23 64 171 0 0 23 62 145 0 0 20 58 181 0 0 22 52 183 0 0 17 62 171 0 
93 145 80 179 179 10 54 25 85 82 18 57 25 85 107 0 51 0 74 77 0 47 0 74 76 
101 154 132 84 7 105 150 190 110 0 304 307 376 333 231 118 136 152 93 6 275 231 316 240 128 
70 15 21 95 13 76 0 0 113 0 203 148 136 222 129 62 0 0 103 0 102 37 35 168 34 
109 87 40 46 34 144 97 48 55 28 54 45 13 0 0 92 75 20 10 11 84 49 10 0 0 
0 0 207 86 0 0 0 206 76 0 0 0 256 88 0 0 0 240 58 0 0 0 190 57 0 
128 162 152 105 102 0 49 59 0 0 0 49 62 0 1 41 68 90 34 32 0 43 90 0 0 
75 65 78 72 63 110 134 121 138 109 23 44 48 39 44 0 0 0 0 0 0 0 0 0 0 
0 0 0 171 0 0 0 0 183 0 229 229 225 422 240 0 0 0 186 0 0 0 0 160 0 
0 0 0 0 0 157 134 184 150 151 0 0 0 0 0 0 0 0 0 0 77 54 75 72 84 
146 3 25 87 64 148 32 75 134 109 252 99 103 186 169 90 0 0 88 49 209 83 96 186 135 
0 81 0 0 0 0 81 0 0 0 0 59 0 0 0 116 154 86 117 83 51 133 47 50 48 
0 0 101 0 0 92 93 185 114 107 0 0 100 0 0 7 11 104 4 8 15 15 88 9 15 
257 236 200 272 130 123 109 88 117 0 80 108 66 94 0 266 257 177 284 121 138 129 93 153 3 
0 230 0 209 0 0 186 0 202 0 6 206 7 207 6 0 193 0 203 0 0 209 0 215 0 
0 44 0 134 0 0 53 0 143 0 0 48 0 148 0 73 162 85 217 75 0 60 0 142 0 
0 0 0 0 82 88 78 90 63 150 100 86 78 95 135 0 0 0 0 72 0 0 1 0 91 
55 253 303 45 170 23 171 246 1 117 69 250 306 49 183 72 260 277 86 207 213 307 371 157 262 
0 55 41 0 111 24 106 61 17 128 32 116 106 48 109 0 76 33 0 87 0 76 33 0 98 
128 97 120 153 140 16 0 0 41 0 12 0 0 44 0 20 0 0 55 0 103 67 65 127 89 
69 0 65 0 0 63 0 75 0 0 113 53 107 48 50 99 16 78 13 12 66 0 73 0 0 
0 20 89 0 100 0 12 72 0 113 0 17 74 0 109 0 15 98 0 142 0 14 76 0 104 
19 45 125 61 20 47 63 140 84 41 0 40 112 21 0 41 62 151 84 36 0 23 96 43 0 
0 76 0 0 0 0 81 0 0 0 137 253 130 145 143 0 94 0 0 0 14 92 20 25 31 
0 0 0 78 0 69 76 64 139 93 0 1 0 79 0 0 0 0 93 0 81 71 73 166 69 
49 0 92 48 0 57 0 109 52 0 59 0 93 50 0 46 0 102 54 0 44 0 97 46 0 
77 44 0 29 0 103 73 15 46 24 92 85 0 25 0 110 53 0 41 0 86 57 0 33 0 
0 0 0 0 37 263 242 253 264 285 0 0 0 0 54 0 0 0 0 55 0 0 0 0 48 
96 52 59 120 84 61 42 54 107 77 23 0 0 58 9 29 0 0 52 11 39 12 8 58 29 
32 59 8 6 10 18 54 0 0 0 21 77 0 0 0 133 166 129 125 119 27 77 0 0 0 
0 0 0 21 0 186 170 197 199 164 0 0 0 22 0 0 0 0 22 0 0 0 0 20 0 
81 94 151 159 101 0 0 63 72 0 0 0 82 65 0 0 0 79 56 0 0 0 76 80 0 
77 71 75 59 77 49 0 0 0 13 95 73 59 61 90 34 0 0 0 26 113 57 53 51 76 
0 0 29 0 80 13 5 48 14 103 0 0 45 0 88 14 9 54 11 114 109 112 152 94 209 
76 135 175 81 91 42 107 123 33 35 0 40 92 0 0 0 59 100 0 0 0 44 84 0 0 
0 0 121 0 0 0 0 101 0 0 82 122 218 122 111 0 0 88 0 0 0 0 112 0 0 
105 120 37 55 145 37 47 1 0 92 39 63 0 0 77 50 44 0 0 84 61 49 0 0 91 
0 47 0 14 0 50 105 42 56 60 0 57 0 16 6 0 53 0 30 0 12 46 9 27 25 
9 10 116 5 12 0 0 101 0 0 0 0 101 0 0 44 46 135 30 31 89 95 182 72 94 
0 0 0 51 75 88 81 63 117 163 0 0 0 49 73 0 0 0 36 84 0 0 0 47 73 
95 168 79 74 87 24 109 0 0 0 31 119 7 8 9 22 75 0 0 0 26 82 2 3 0 
75 36 101 48 104 20 0 45 8 60 16 0 47 0 71 22 0 53 0 59 0 0 30 0 62 
56 0 14 0 1 70 5 13 0 0 99 59 60 45 71 93 37 14 12 0 139 90 81 100 65 
31 34 118 43 51 1 0 81 0 0 0 0 77 0 0 1 0 70 0 5 27 21 111 34 18 
0 62 65 0 0 0 65 45 0 0 21 104 76 21 21 32 109 62 40 42 0 62 54 0 0 
14 0 78 0 32 37 34 104 32 62 4 0 73 0 13 0 0 70 0 1 10 0 87 0 12 
0 2177 0 0 0 0 2234 0 0 0 0 2100 0 0 0 0 2170 0 0 0 0 2116 0 0 0 
22 95 93 18 16 78 153 164 72 70 6 108 88 9 0 36 140 109 75 41 8 96 76 2 0 
71 141 117 0 0 62 149 134 0 0 91 149 122 0 0 87 146 122 0 0 60 154 130 0 0 
0 100 0 92 0 83 151 55 185 78 61 142 43 162 43 0 83 0 107 0 0 102 0 105 0 
0 0 0 0 0 1293 1259 1256 1221 1286 0 0 0 0 0 0 0 0 0 0 0 0 0 0 0 
0 0 80 124 0 0 0 75 106 0 0 0 80 125 0 0 0 81 125 0 0 0 72 128 0 
127 44 48 80 36 131 50 47 93 53 75 0 0 34 0 72 0 0 34 0 79 0 0 40 0 
0 130 0 0 87 0 144 0 0 81 0 159 0 0 92 0 142 0 0 75 0 139 0 0 95 
170 271 163 211 76 121 224 77 108 10 232 343 215 238 79 246 353 258 236 114 167 292 226 179 125 
90 79 269 259 92 0 0 183 177 8 123 105 277 300 108 0 0 158 176 6 22 20 200 182 28 
131 124 111 154 238 10 19 2 11 164 14 17 6 20 148 196 217 163 181 332 205 221 228 227 351 
0 119 0 0 0 0 99 0 0 0 0 127 0 0 0 4 112 3 6 1 265 359 269 253 257 
47 24 36 11 43 39 15 27 0 38 38 12 33 0 30 67 13 31 0 40 106 96 86 74 115 
198 72 0 99 0 202 67 0 105 0 205 54 0 104 0 183 64 0 103 0 201 67 0 114 0 
0 0 1471 0 0 0 0 1484 0 0 0 0 1386 0 0 0 0 1474 0 0 0 0 1462 0 0 
60 3 8 42 22 86 55 41 83 59 85 52 54 65 70 56 19 17 56 28 50 0 0 26 10 
105 112 114 84 175 0 0 7 0 43 56 71 69 61 108 0 0 17 0 44 0 0 11 0 56 
37 75 0 82 0 130 168 102 172 84 84 100 68 128 61 52 68 0 75 0 32 62 0 76 0 
81 89 82 86 134 80 91 63 62 115 0 25 0 0 51 0 26 0 0 33 58 81 55 53 96 
0 72 0 0 1 30 123 32 32 31 38 130 37 33 32 24 113 23 25 31 39 117 43 36 52 
31 10 41 34 0 102 71 112 111 61 43 21 47 36 0 47 9 44 30 0 40 19 37 38 0 
141 0 0 0 0 125 0 0 0 0 213 78 98 98 104 123 0 0 0 0 126 0 0 0 0 
0 0 0 0 829 0 0 0 0 792 0 0 0 0 832 0 0 0 0 830 0 0 0 0 778 
85 123 85 195 202 0 9 4 98 54 0 14 7 76 69 0 13 10 110 69 33 47 28 111 76 
141 0 0 0 0 270 106 90 89 77 164 0 0 0 0 165 0 0 0 0 153 0 0 0 0 
0 0 0 0 0 75 59 73 71 73 0 0 0 0 0 152 131 159 152 153 0 0 0 0 0 
0 22 0 145 0 41 62 51 199 35 0 19 0 140 0 0 15 0 141 0 0 20 0 168 0 
117 45 100 70 125 89 0 63 28 48 95 11 92 45 57 181 100 152 97 136 74 0 32 20 43 
47 58 64 147 123 33 24 36 92 94 0 0 0 89 65 0 0 0 55 58 7 13 9 90 62 
0 8 70 0 0 103 99 187 98 111 0 8 72 0 0 67 88 179 57 77 0 1 68 0 0 
198 1 191 0 0 196 1 173 0 0 195 2 184 4 0 171 0 182 0 0 210 18 186 10 11 
342 118 334 128 193 376 190 439 205 226 342 140 378 173 221 239 23 252 53 127 206 47 264 46 117 
65 152 69 83 67 0 86 0 27 0 17 128 28 34 27 0 104 0 17 0 0 75 0 22 0 
0 0 33 0 62 38 48 79 45 119 56 76 91 56 127 0 0 34 0 62 0 0 51 0 61 
0 0 20 0 224 0 0 17 0 202 0 0 32 0 181 0 0 27 0 204 0 0 27 0 214 
0 0 0 56 0 0 0 0 61 0 58 63 50 146 46 0 0 0 65 0 90 83 88 172 90 
120 0 0 121 0 138 0 0 134 0 147 0 0 124 0 124 0 0 138 0 137 0 0 138 0 
0 43 86 72 8 97 173 193 176 115 163 206 230 207 137 17 59 112 89 29 73 110 135 140 57 
96 117 107 100 195 0 0 0 0 69 0 0 0 0 65 20 22 25 20 94 0 0 0 0 70 
100 206 119 110 113 0 111 0 0 0 66 175 79 82 73 0 107 0 0 0 69 175 71 65 79 
197 172 106 110 92 107 52 0 0 0 98 53 6 4 11 98 71 0 0 0 83 71 0 0 0 
0 121 0 0 0 45 189 60 64 74 0 143 0 0 0 65 215 95 87 74 0 122 0 0 0 
0 0 0 0 0 0 0 0 0 0 0 0 0 0 0 0 0 0 0 0 457 416 452 429 399 
0 0 37 0 0 73 78 92 75 87 0 0 30 0 0 77 75 85 59 79 19 25 59 22 26 
8 15 16 17 52 0 0 0 0 36 80 79 71 69 99 0 0 0 0 33 68 98 78 76 105 
0 0 0 133 0 0 0 0 117 0 0 0 0 142 0 0 0 0 145 0 78 74 81 208 83 
0 67 0 32 72 2 64 0 37 77 0 55 0 32 88 0 60 0 29 71 18 78 25 55 112 
0 19 0 25 0 79 94 76 67 76 84 77 77 72 81 0 18 0 11 0 122 154 127 146 120 
0 0 117 55 0 43 45 155 106 50 0 0 102 39 0 0 0 89 38 0 0 0 126 35 0 
59 0 0 0 0 126 62 61 76 69 99 20 18 20 15 131 47 46 52 41 58 0 0 0 0 
78 35 33 110 37 34 0 0 91 0 45 0 0 85 0 79 34 30 120 32 52 0 0 83 0 
0 0 63 43 0 0 0 55 43 0 101 99 149 132 97 0 0 62 47 0 0 0 67 42 0 
0 6 49 101 7 0 0 48 74 0 49 28 110 122 46 29 41 74 122 37 0 0 49 79 0 
51 0 43 46 12 40 0 38 42 19 141 76 123 124 106 75 13 45 49 14 53 0 45 41 0 
47 0 68 0 68 49 0 74 0 61 35 0 79 0 87 114 60 132 69 138 38 0 67 0 69 
94 30 147 81 56 67 6 146 79 36 59 0 102 23 11 147 38 186 113 103 88 28 167 72 64 
12 90 153 41 138 129 197 265 130 243 25 120 184 55 179 0 52 155 0 125 76 124 216 92 210 
20 23 23 66 54 40 43 36 80 76 0 0 0 34 32 0 0 0 24 17 78 98 95 137 102 
24 42 0 120 0 38 68 0 156 0 112 106 63 209 85 28 54 0 137 0 48 44 0 118 0 
0 0 55 0 0 157 138 211 149 170 0 0 62 0 0 0 0 72 0 0 0 0 68 0 0 
59 11 10 6 20 86 60 61 64 64 94 73 78 87 83 39 0 5 0 12 34 11 14 7 21 
20 138 93 19 41 4 124 76 11 13 0 101 53 0 30 0 116 68 11 16 51 184 116 46 98 
131 164 84 88 89 63 58 37 20 18 36 47 15 0 0 37 42 15 0 0 28 40 12 0 0 
70 89 12 20 20 52 53 2 0 2 50 70 16 9 15 65 72 39 41 45 71 73 50 30 46 
38 76 43 71 29 0 61 11 42 16 2 51 10 46 18 0 41 13 31 13 39 104 63 97 78 
0 0 60 31 12 0 0 46 37 3 0 0 46 45 8 47 55 131 101 66 55 54 109 98 69 
30 38 28 22 32 0 0 0 0 0 72 60 60 65 56 0 0 0 0 0 121 111 99 114 115 
49 35 23 36 46 0 0 0 0 0 0 0 0 0 0 54 46 91 65 74 127 99 130 152 148 
33 33 98 38 40 0 6 58 9 0 61 50 129 46 44 0 0 53 0 0 0 0 63 10 0 
0 0 109 2 0 0 0 83 0 0 19 20 79 0 18 0 0 85 8 0 0 0 108 7 0 
45 69 0 0 0 73 102 40 30 29 73 112 20 16 8 83 125 40 40 47 35 71 0 0 0 
81 110 65 50 59 12 42 3 0 0 70 121 59 48 50 34 64 26 16 14 22 52 0 0 0 
0 126 114 180 0 0 135 129 175 1 0 110 124 181 1 0 124 122 168 0 0 135 126 177 0 
20 0 0 216 0 13 0 0 144 0 130 108 121 260 111 17 0 0 145 0 25 0 0 153 2 
178 218 68 112 138 219 381 136 156 200 205 272 114 148 180 112 174 5 39 51 331 396 198 231 253 
66 169 122 74 92 8 44 69 15 3 34 77 111 33 29 27 75 53 9 27 0 63 55 0 0 
0 21 12 0 63 0 20 15 0 106 2 10 8 0 53 46 75 66 32 143 24 36 34 24 93 
762 582 687 478 561 500 254 340 173 250 468 310 396 200 312 380 198 208 82 220 573 389 513 363 418 
91 70 0 3 0 159 157 73 78 69 90 86 0 0 0 98 96 25 15 19 76 59 0 0 0 
173 289 136 158 132 277 381 168 279 190 156 296 103 171 91 49 182 0 59 0 89 198 52 95 24 
0 0 0 0 52 0 0 0 0 56 0 0 0 0 65 0 0 0 0 58 134 157 141 152 185 
150 0 0 53 0 156 0 0 55 0 141 0 0 40 0 168 0 0 46 0 149 0 0 41 0 
184 141 182 269 141 44 0 88 141 4 102 59 149 205 74 56 13 107 107 32 56 0 92 103 0 
130 140 108 66 19 199 181 161 123 103 98 100 84 53 20 260 230 225 146 141 135 148 119 45 52 
56 129 51 56 52 0 55 0 0 0 4 80 3 5 2 0 64 0 0 0 76 154 62 76 65 
0 0 0 20 0 0 0 0 22 0 0 0 0 21 0 0 0 0 21 0 180 193 220 225 207 
71 12 59 126 88 18 0 29 109 89 76 23 43 139 121 9 0 32 124 89 160 80 124 225 198 
0 115 84 0 105 0 95 86 0 113 0 128 59 0 83 0 90 98 0 102 0 118 80 0 109 
48 21 58 44 32 75 55 95 57 57 25 17 37 20 12 57 50 111 72 47 7 0 34 1 0 
86 0 0 0 51 63 0 0 0 50 85 0 0 0 60 68 0 0 0 47 183 100 78 97 158 
67 95 0 105 55 56 93 1 128 73 76 81 2 137 90 156 179 96 206 167 94 136 33 122 122 
82 104 104 86 73 13 41 47 11 10 0 13 51 0 0 64 92 97 60 48 27 33 59 23 16 
0 0 0 142 35 0 0 0 160 28 30 29 16 158 53 0 0 0 155 37 0 0 0 141 38 
0 0 0 183 13 208 170 161 435 218 0 0 0 197 11 146 148 144 343 145 0 0 0 160 6 
70 151 163 187 82 38 103 149 182 31 72 143 152 196 108 73 197 178 236 111 81 140 164 232 88 
0 0 0 1274 0 0 0 0 1278 0 0 0 0 1304 0 0 0 1 1357 1 0 0 0 1319 0 
195 0 0 0 0 197 13 18 17 20 178 0 0 0 0 196 0 0 0 0 166 0 0 0 0 
92 0 0 0 0 117 0 0 0 0 122 0 0 0 0 102 0 0 0 0 206 88 85 89 99 
187 65 51 116 118 70 0 0 10 14 192 47 46 67 44 163 46 56 96 94 245 174 141 171 181 
21 16 0 0 12 0 37 0 0 0 0 0 0 0 0 33 46 23 40 58 0 5 0 0 0 
56 62 115 84 66 0 0 40 0 0 0 0 54 0 0 0 0 47 0 0 145 147 193 154 164 
0 14 0 92 247 119 126 130 226 368 2 23 0 89 275 0 10 0 90 293 138 163 127 199 341 
16 31 88 20 265 5 3 57 4 194 131 116 198 135 329 154 162 256 186 398 5 2 59 5 229 
118 208 276 194 85 141 207 300 204 70 142 234 276 186 113 41 139 202 75 27 54 181 218 144 0 
115 0 0 15 0 111 0 0 0 0 121 0 0 0 0 119 0 0 0 0 156 22 28 9 38 
42 64 33 38 51 0 39 0 0 0 51 82 44 40 56 7 33 0 0 27 0 51 0 0 13 
625 636 647 686 633 0 0 0 0 0 0 0 0 0 0 0 0 0 0 0 0 0 0 0 0 
73 58 0 0 0 95 80 19 15 15 158 98 38 39 31 99 74 0 0 0 114 112 25 32 34 
34 0 0 66 76 81 48 45 97 130 21 0 0 62 65 55 10 15 57 62 33 30 33 71 79 
15 7 0 0 87 23 3 0 0 68 70 76 50 50 145 22 22 21 21 91 106 133 111 105 145 
55 0 0 0 0 62 0 0 0 0 64 0 0 0 0 202 133 145 146 141 52 0 0 0 0 
70 146 93 131 144 106 254 132 163 207 1 115 41 50 51 123 175 121 167 137 128 229 164 191 175 
0 0 0 0 0 31 36 31 18 23 0 0 0 0 0 61 68 70 68 91 102 96 97 100 132 
149 10 70 4 11 202 0 40 0 6 269 72 141 93 103 286 157 236 142 133 232 47 83 19 39 
16 0 34 0 0 20 0 16 0 0 33 0 33 10 0 85 59 80 67 65 28 3 28 0 0 
0 0 193 0 35 0 0 214 0 32 0 0 185 0 23 0 0 174 0 22 0 0 179 0 28 
98 62 0 122 31 96 67 0 107 62 113 109 32 131 57 82 59 2 117 52 75 64 0 114 37 
47 72 53 78 44 13 26 0 29 0 74 101 60 106 48 14 53 6 41 5 66 62 57 89 34 
0 0 45 51 0 76 49 97 97 64 0 0 38 32 0 54 43 92 79 44 40 29 80 67 31 
