810 578 490 616 676 1121 960 983 1076 1084 710 594 503 693 774 1027 917 834 884 982 601 442 358 457 604 
241 202 254 227 201 0 0 0 0 0 139 111 135 122 147 0 0 0 0 0 0 0 1 0 0 
108 32 31 177 181 79 0 0 135 133 148 59 29 200 195 42 0 0 81 120 71 0 0 117 137 
119 0 120 126 124 174 43 161 187 190 254 111 247 282 263 209 41 148 179 202 136 0 102 166 135 
163 33 97 132 33 141 6 73 97 0 131 22 76 98 21 141 7 57 130 0 285 209 251 322 200 
112 8 18 0 100 96 5 9 0 132 188 102 96 73 197 165 86 94 65 155 227 112 121 100 250 
0 0 0 0 0 0 0 0 0 0 1042 1048 987 1024 1053 0 0 0 0 0 0 0 0 0 0 
0 0 0 253 0 0 0 3 241 1 104 104 96 359 114 111 107 94 380 123 0 0 0 237 0 
16 8 16 203 5 0 0 0 197 0 44 59 43 211 33 0 0 0 177 0 2 7 2 225 5 
0 0 0 0 0 0 0 0 0 0 0 0 0 0 0 70 76 81 91 101 191 180 179 214 183 
84 100 83 75 180 0 10 0 0 131 0 4 0 0 111 0 2 0 0 118 90 92 83 85 180 
135 147 150 161 161 0 0 0 0 0 0 0 0 0 0 0 0 0 0 0 82 84 66 69 79 
0 0 0 0 0 0 0 0 0 0 0 0 0 0 0 435 439 422 418 422 194 182 185 194 206 
0 231 0 0 100 0 200 0 0 106 148 381 170 140 243 0 215 0 0 113 0 235 0 0 89 
821 0 0 0 0 821 0 0 0 0 806 0 0 0 0 855 0 0 0 0 855 0 0 0 0 
13 2 195 180 176 60 25 251 177 227 132 124 304 237 281 191 200 417 391 342 112 90 284 214 299 
97 145 98 156 72 63 88 69 115 76 0 48 0 51 0 44 99 50 99 47 0 47 0 48 0 
30 8 13 6 16 172 126 155 117 152 28 0 0 0 21 27 0 0 0 23 160 151 133 141 175 
0 0 159 0 0 0 0 151 0 0 0 0 163 0 0 177 151 283 144 153 0 0 157 0 0 
0 87 54 62 0 0 94 56 65 0 60 134 123 140 49 0 97 55 68 0 0 116 68 59 0 
0 0 0 2 129 140 111 104 153 235 134 102 105 98 213 2 1 0 0 111 85 87 110 88 198 
0 0 0 0 0 0 0 0 0 0 0 0 0 0 0 1003 1049 1072 1044 975 0 0 0 0 0 
0 28 65 183 0 0 20 66 155 0 0 20 58 199 0 0 20 66 174 0 0 18 64 198 0 
87 135 73 172 166 11 45 20 75 80 17 56 23 90 88 0 52 0 63 81 0 44 0 68 72 
104 129 127 81 0 108 128 180 81 0 297 310 353 311 209 110 136 142 90 0 275 239 338 246 142 
66 18 17 103 17 73 0 0 113 0 208 156 140 230 125 63 0 0 97 0 106 44 37 170 33 
115 85 39 49 35 138 88 44 54 31 52 43 14 0 0 84 75 18 11 12 72 46 11 0 0 
0 0 191 84 0 0 0 217 74 0 0 0 272 88 0 0 0 251 64 0 0 0 182 58 0 
122 151 149 108 106 0 47 66 0 0 0 53 60 0 0 42 80 102 34 33 0 42 91 0 0 
72 61 80 73 65 112 142 118 137 113 25 42 46 40 42 0 0 0 0 0 0 0 0 0 0 
0 0 0 170 0 0 0 0 182 0 206 213 206 390 222 0 0 0 174 0 0 0 0 157 0 
0 0 0 0 0 152 143 184 152 154 0 0 0 0 0 0 0 0 0 0 80 60 68 66 85 
137 0 27 99 62 165 46 51 152 104 244 92 95 191 185 93 0 0 92 49 197 79 96 185 144 
0 88 0 0 0 0 82 0 0 0 0 71 0 0 0 126 161 82 132 88 59 145 48 57 57 
0 0 99 0 0 86 90 187 114 107 0 0 93 0 0 8 7 104 0 7 10 14 84 5 16 
279 266 218 283 135 125 124 88 125 0 86 113 79 102 0 281 279 192 298 137 149 136 98 173 0 
0 226 0 210 0 0 180 0 199 0 8 204 7 204 7 0 185 0 197 0 0 202 0 210 0 
0 43 0 132 0 0 54 0 147 0 0 46 0 143 0 73 150 74 215 85 0 59 0 138 0 
0 0 0 0 84 84 81 91 66 148 92 88 83 95 142 0 0 0 0 77 0 0 0 0 88 
51 258 312 35 198 19 200 252 4 135 53 248 318 58 171 70 248 293 82 243 195 336 385 160 251 
0 64 49 0 118 25 115 68 15 137 42 123 111 56 117 0 76 35 0 87 0 84 43 0 102 
121 102 112 144 126 15 0 0 35 0 13 0 0 43 0 20 0 0 47 0 94 67 71 120 83 
69 0 65 0 0 63 0 75 0 0 113 53 106 48 50 99 16 77 13 12 66 0 73 0 0 
0 19 85 0 100 0 12 73 0 116 0 16 74 0 112 0 15 97 0 144 0 13 73 0 106 
15 50 129 62 20 60 73 136 87 36 0 38 110 28 0 45 70 143 88 36 0 21 97 52 0 
0 77 0 0 0 0 79 0 0 0 147 260 136 144 142 0 97 0 0 0 16 91 20 29 31 
0 0 0 83 0 71 75 63 131 88 0 0 0 80 0 0 0 0 104 0 82 74 65 170 71 
49 0 92 48 0 57 0 112 53 0 59 0 95 53 0 46 0 104 55 0 45 0 99 46 0 
82 49 0 30 0 105 78 16 47 25 95 91 0 27 0 116 54 0 46 0 95 61 0 34 0 
0 0 0 0 32 260 242 254 269 285 0 0 0 0 55 0 0 0 0 45 0 0 0 0 49 
96 59 64 125 84 64 43 53 107 81 26 0 0 56 11 29 0 0 53 13 42 13 9 66 31 
30 56 8 6 10 20 54 0 0 0 21 75 0 0 0 131 169 128 123 116 27 77 0 0 0 
0 0 0 21 0 186 170 197 198 164 0 0 0 23 0 0 0 0 21 0 0 0 0 19 0 
80 91 147 158 101 0 0 60 70 0 0 0 81 64 0 0 0 79 71 0 0 0 70 73 0 
69 62 65 56 75 41 0 0 0 12 87 66 51 55 78 31 0 0 0 25 98 53 48 49 66 
0 0 28 0 82 12 6 43 12 107 0 0 45 0 87 14 8 55 8 117 111 111 151 88 216 
72 135 171 74 93 38 104 124 30 31 0 48 87 0 0 0 50 89 0 0 0 46 79 0 0 
0 0 122 0 0 0 0 98 0 0 84 123 223 126 109 0 0 90 0 0 0 0 111 0 0 
108 108 33 67 149 37 44 0 0 86 42 56 0 0 74 48 41 0 0 92 63 46 0 0 88 
0 48 0 13 0 49 105 46 58 66 0 56 0 24 6 0 53 0 31 0 18 48 15 36 31 
9 10 128 6 15 0 0 101 0 0 0 0 101 0 0 45 49 142 32 32 88 97 189 71 105 
0 0 0 51 75 88 81 63 117 163 0 0 0 49 73 0 0 0 36 84 0 0 0 47 73 
94 162 78 73 83 22 106 0 0 0 30 115 7 7 9 22 74 0 0 0 25 79 0 3 0 
77 34 100 51 96 21 0 41 6 61 20 0 45 0 73 22 0 57 0 60 0 0 33 0 59 
68 0 9 0 2 74 4 13 0 0 106 59 58 52 79 91 27 22 12 0 147 80 78 94 82 
26 34 118 43 51 0 0 81 0 0 0 0 77 0 0 3 0 70 0 1 31 26 103 39 21 
0 62 62 0 0 0 66 44 0 0 21 103 76 21 21 32 109 58 39 42 0 61 54 0 0 
7 0 81 0 35 41 36 112 30 52 7 0 69 0 12 0 0 61 0 13 12 0 81 0 12 
0 2175 0 0 0 0 2253 0 0 0 0 2087 0 0 0 0 2174 0 0 0 0 2109 0 0 0 
14 106 93 15 20 79 156 159 76 61 1 91 86 5 0 28 137 109 68 25 5 106 79 0 0 
72 132 125 0 0 57 159 136 0 0 81 154 157 0 1 69 164 138 0 0 69 172 152 0 1 
0 85 0 110 0 87 170 69 194 92 61 163 37 157 54 0 87 0 108 0 0 101 0 100 0 
0 0 0 0 0 1276 1237 1244 1210 1269 0 0 0 0 0 0 0 0 0 0 0 0 0 0 0 
0 0 80 124 0 0 0 75 106 0 0 0 81 127 0 0 0 81 125 0 0 0 71 128 0 
128 43 49 84 41 138 51 50 99 60 78 0 0 33 0 73 0 0 34 0 82 0 0 40 0 
0 137 0 0 91 0 162 0 0 85 0 170 0 0 93 0 149 0 0 71 0 160 0 0 98 
159 256 144 184 63 106 230 81 108 11 201 346 204 231 95 227 309 215 208 105 146 275 202 163 109 
95 86 275 265 93 0 0 197 185 3 120 108 281 306 115 0 0 157 188 4 14 21 202 189 14 
132 103 113 144 246 12 24 2 5 154 7 15 11 16 159 207 218 169 177 339 215 247 242 212 378 
0 119 0 0 0 0 93 0 0 0 0 125 0 0 0 6 105 4 7 3 263 349 263 248 258 
46 23 36 11 41 39 14 27 0 37 38 12 33 0 29 63 13 29 0 40 104 96 85 73 111 
201 75 0 101 0 202 69 0 104 0 204 58 0 102 0 191 60 0 98 1 203 64 2 121 0 
0 0 1477 0 0 0 0 1505 0 0 0 0 1401 0 0 0 0 1501 0 0 0 0 1467 0 0 
60 0 8 40 21 79 55 44 94 61 86 57 56 66 65 54 23 18 60 30 49 0 0 22 11 
108 113 111 76 180 0 0 8 0 45 61 76 74 62 101 0 0 16 0 48 0 0 10 0 59 
30 67 0 67 0 125 156 91 150 81 86 88 51 127 56 42 57 0 64 0 27 56 0 74 0 
90 87 79 84 132 79 94 70 62 119 0 25 0 0 56 0 24 0 0 32 59 78 56 51 106 
0 62 0 0 0 29 117 32 33 28 32 123 33 30 31 23 107 22 24 30 35 114 42 32 48 
33 10 41 34 0 103 71 111 112 63 43 21 47 36 0 47 9 44 34 0 41 20 37 38 0 
147 0 0 0 0 134 0 0 0 0 223 81 104 99 107 120 0 0 0 0 130 0 0 0 1 
0 0 0 0 831 0 0 0 0 785 0 0 0 0 838 0 0 0 0 828 0 0 0 0 777 
88 126 94 212 195 0 12 4 101 61 0 14 9 76 78 0 14 13 107 63 35 42 31 126 72 
147 0 0 0 0 276 101 97 92 76 165 0 0 0 0 166 0 0 0 0 147 0 0 0 0 
0 0 0 0 0 72 56 72 68 74 0 0 0 0 0 153 128 145 153 150 0 0 0 0 0 
0 22 0 152 0 40 63 51 195 35 0 19 0 141 0 0 16 0 149 0 0 19 0 167 0 
130 40 111 80 142 103 0 73 32 54 106 17 92 46 75 199 114 166 109 153 76 0 40 19 51 
53 51 64 146 120 33 25 41 90 91 0 0 0 86 69 0 0 0 55 56 8 12 11 98 66 
0 0 65 0 0 84 88 189 99 103 0 6 78 0 0 59 71 178 62 66 0 1 67 0 0 
203 8 196 0 0 205 2 172 0 0 200 5 182 4 1 180 0 189 0 0 215 19 182 9 10 
321 114 316 121 206 365 183 408 214 230 354 147 384 191 237 254 22 249 77 147 198 36 250 60 102 
68 158 71 88 70 0 88 0 28 0 18 139 28 39 29 0 108 0 19 0 0 75 0 22 0 
0 0 33 0 60 36 46 79 46 126 57 76 97 56 130 0 0 35 0 64 0 0 53 0 65 
0 0 18 0 216 0 0 16 0 209 0 0 30 0 188 0 0 27 0 210 0 0 30 0 212 
0 0 0 53 0 0 0 0 61 0 56 60 46 144 45 0 0 0 59 0 87 79 86 166 90 
114 0 0 110 0 139 0 0 128 0 144 0 0 124 0 124 0 0 138 0 136 0 0 138 0 
2 43 85 61 5 113 185 197 172 127 153 217 248 228 156 18 70 106 113 35 84 121 131 136 58 
96 116 107 100 195 0 0 0 0 69 0 0 0 0 65 20 22 25 20 94 0 0 0 0 70 
111 202 123 111 113 0 111 0 0 0 73 178 79 84 76 1 101 0 0 0 78 184 63 70 77 
185 174 100 107 90 103 50 0 0 0 107 60 4 4 12 95 71 0 0 0 88 72 0 0 0 
0 121 0 0 0 36 178 51 56 71 0 144 0 0 0 64 202 95 91 67 0 121 0 0 0 
0 0 0 0 0 0 0 0 0 0 0 0 0 0 0 0 0 0 0 0 449 415 454 425 393 
0 0 37 0 0 75 82 96 78 93 0 0 33 0 0 78 76 86 61 85 19 26 62 21 26 
8 18 18 18 54 0 0 0 0 41 81 84 76 73 105 0 0 0 0 34 77 112 80 80 113 
0 0 0 131 0 0 0 0 118 0 0 0 0 146 0 0 0 0 146 0 81 72 83 206 87 
1 67 0 34 71 2 64 0 38 77 0 56 0 35 90 2 60 0 32 72 19 76 25 56 112 
0 28 0 20 0 86 98 83 76 81 83 78 78 61 75 0 17 0 19 0 119 149 125 136 117 
0 0 122 55 0 44 47 159 109 50 0 0 107 41 0 0 0 92 39 0 0 0 128 35 0 
59 0 0 0 0 126 62 61 76 68 99 20 18 20 15 131 47 46 52 41 58 0 0 0 0 
76 35 33 111 36 28 0 0 88 0 43 0 0 84 0 73 34 30 120 32 52 0 0 82 0 
0 0 63 43 0 0 0 55 43 0 101 99 149 132 97 0 0 62 47 0 0 0 67 42 0 
4 7 52 105 7 0 0 48 77 0 51 31 110 120 47 28 43 75 115 33 0 0 48 85 0 
55 0 57 56 11 58 1 42 38 18 153 88 144 135 98 80 18 48 50 25 61 0 48 38 0 
52 0 63 0 65 48 0 65 0 75 35 0 82 0 87 115 60 140 71 130 44 0 75 0 68 
85 29 147 71 55 64 10 129 74 30 55 0 87 27 10 139 52 180 106 89 89 31 167 67 62 
13 96 152 25 133 120 207 269 117 231 25 104 186 43 172 0 48 153 1 109 75 135 209 97 213 
21 21 24 61 50 43 42 37 76 81 0 0 0 38 29 0 0 0 27 18 78 92 97 129 106 
30 47 0 122 0 39 68 1 151 0 103 107 69 201 85 36 58 0 142 0 49 44 0 110 0 
0 0 58 0 0 165 149 217 153 178 0 0 62 0 0 0 0 76 0 0 0 0 68 0 0 
59 11 9 5 20 87 60 62 64 64 94 73 78 86 83 39 0 3 0 11 34 11 14 7 21 
21 129 82 20 34 0 105 74 6 8 0 92 48 0 25 0 111 59 5 14 53 144 107 46 94 
130 165 87 88 91 64 59 39 20 19 39 54 16 0 0 35 44 16 0 0 28 43 13 0 0 
71 93 17 22 22 59 51 2 0 2 58 73 21 10 17 77 79 38 41 53 86 89 56 35 47 
36 75 40 69 26 0 61 9 41 16 0 51 10 46 19 0 43 14 31 13 36 103 62 94 78 
0 0 64 28 12 0 0 50 35 4 0 0 47 46 8 45 54 134 102 68 60 54 111 100 68 
29 38 26 22 32 0 0 0 0 0 71 59 57 62 56 0 0 0 0 0 120 107 99 114 110 
45 33 5 37 42 0 0 0 0 0 0 0 0 0 0 55 49 75 63 72 128 96 112 156 131 
28 38 100 36 43 0 3 52 11 0 60 47 128 49 40 0 0 53 0 0 0 0 60 4 0 
0 0 124 4 0 0 0 72 0 0 19 20 63 0 18 0 0 74 1 0 0 0 116 6 0 
43 70 0 0 0 66 93 37 30 29 67 107 17 14 9 79 120 37 39 41 37 67 0 0 0 
81 111 65 50 59 12 42 3 0 0 71 123 59 48 51 34 65 26 16 14 22 52 0 0 0 
0 128 120 185 1 0 139 132 175 0 0 113 129 181 0 0 125 121 171 0 0 137 124 175 0 
15 0 0 208 0 10 0 0 144 0 138 109 121 246 111 15 0 0 133 0 28 1 1 156 2 
157 188 38 140 124 196 332 136 160 214 224 259 117 148 136 98 165 7 48 68 330 447 186 242 261 
62 172 116 80 91 7 42 62 12 3 31 78 106 37 32 21 77 69 12 26 0 56 59 0 0 
2 19 8 0 62 0 23 17 0 91 2 9 8 0 51 49 61 62 38 126 22 37 30 24 86 
779 559 717 464 623 520 269 354 175 250 487 281 395 185 325 367 134 211 37 209 604 385 496 339 411 
82 68 0 4 0 166 160 69 71 71 81 77 0 0 0 104 94 23 19 20 74 61 0 0 0 
180 293 128 154 123 281 382 162 283 191 158 295 102 171 92 58 182 0 55 0 88 168 51 87 25 
0 0 0 0 52 0 0 0 0 56 0 0 0 0 65 0 0 0 0 58 134 157 141 152 185 
150 0 0 55 0 156 0 0 55 0 141 0 0 40 0 167 0 0 46 0 149 0 0 41 0 
180 146 182 262 133 52 2 85 134 0 106 62 134 200 73 57 2 102 102 29 62 1 94 84 0 
117 125 96 54 19 173 174 144 130 104 91 93 79 42 14 232 218 208 129 137 121 141 120 41 53 
58 130 52 57 54 0 55 0 0 0 6 81 4 4 4 0 64 0 0 0 76 154 62 76 65 
0 0 0 16 0 0 0 0 20 0 0 0 0 21 0 0 0 0 19 0 178 199 225 232 217 
66 16 68 124 106 13 0 37 101 91 71 25 54 144 113 18 0 37 114 92 161 82 134 226 215 
0 113 83 0 96 0 93 78 0 105 0 125 61 0 83 0 98 96 0 98 0 120 79 0 105 
54 25 58 46 36 77 56 96 62 58 28 17 36 22 13 60 52 113 78 50 9 0 33 2 0 
80 0 0 0 51 66 0 0 0 50 83 0 0 0 60 65 0 0 0 51 179 99 78 92 154 
75 118 0 104 52 71 113 0 148 92 90 107 6 162 104 188 200 116 222 175 115 137 47 148 109 
82 107 107 88 68 11 39 43 15 12 0 13 55 0 0 66 77 92 58 49 25 32 60 20 16 
0 0 0 141 35 0 0 0 162 29 28 29 16 161 51 0 0 0 152 34 0 0 0 143 39 
0 0 0 177 16 206 192 164 422 218 0 0 0 199 17 146 159 156 346 141 0 0 0 161 10 
80 189 192 200 91 41 122 171 206 49 92 149 182 241 114 111 226 207 261 131 116 155 232 279 101 
0 0 0 1278 0 0 0 0 1283 0 0 0 0 1304 0 0 0 0 1349 1 0 0 0 1330 0 
195 0 0 0 0 197 13 18 17 20 178 0 0 0 0 196 0 0 0 0 166 0 0 0 0 
92 0 0 0 0 117 0 0 0 0 122 0 0 0 0 102 0 0 0 0 206 88 85 89 99 
196 85 52 78 119 68 0 0 10 11 161 52 48 36 42 174 49 55 107 71 225 142 131 165 164 
12 16 0 0 28 0 35 0 0 0 0 1 0 0 0 36 37 19 43 63 0 0 0 0 6 
56 74 134 102 78 0 0 49 0 0 0 0 61 0 0 0 0 59 0 0 184 176 214 185 179 
1 17 0 93 246 127 121 118 213 356 0 23 0 85 263 0 10 0 99 290 121 152 110 188 333 
16 32 80 16 265 2 2 58 6 191 126 104 184 136 325 161 151 250 193 374 4 6 68 2 225 
128 263 285 208 88 154 229 295 201 91 138 253 273 192 132 40 149 217 119 14 50 162 216 146 0 
127 0 0 15 0 109 0 0 0 0 125 0 0 0 0 120 0 0 0 0 156 18 36 6 39 
36 72 35 37 51 0 39 0 0 0 51 82 45 40 52 7 35 0 0 28 0 52 0 0 8 
620 637 641 702 640 0 0 0 0 0 0 0 0 0 0 0 0 0 0 0 0 0 0 0 0 
73 58 0 0 0 99 78 18 14 13 148 97 37 37 29 96 72 0 0 0 111 101 23 29 34 
35 0 0 63 76 83 48 44 102 129 21 0 1 65 68 46 8 14 61 60 28 29 35 75 80 
12 7 0 0 80 19 1 0 0 61 67 73 47 50 130 22 27 14 12 82 95 117 104 94 141 
55 0 0 0 0 62 0 0 0 0 64 0 0 0 0 202 133 145 146 141 52 0 0 0 0 
73 146 108 120 144 98 251 125 147 194 15 114 46 60 57 123 198 127 154 137 120 232 172 172 158 
0 0 0 0 0 31 38 31 20 24 0 0 0 0 0 59 72 70 68 94 100 101 98 101 135 
146 9 80 9 19 191 1 40 0 10 264 71 133 90 95 270 147 236 141 145 233 54 87 27 31 
19 0 25 0 0 22 0 14 0 0 25 0 30 24 0 81 53 76 73 65 23 3 26 0 1 
0 0 192 0 37 0 0 209 0 32 0 0 179 0 23 0 0 179 0 23 0 0 178 0 28 
103 74 0 126 42 104 73 0 111 64 137 118 42 139 74 80 69 0 120 56 91 65 1 116 42 
42 73 50 70 38 16 22 0 24 0 70 98 60 101 43 12 51 5 43 5 60 61 54 88 25 
0 0 50 58 0 78 53 100 103 62 0 0 41 36 0 56 50 106 85 46 43 29 82 73 30 
0 0 0 0 0 0 0 1 0 0 0 0 0 0 0 0 0 0 0 0 0 0 0 12 0 
