874 826 547 665 859 1126 1192 992 1104 1114 690 698 509 687 771 1027 953 903 1032 1070 679 551 419 510 640 
248 184 259 226 213 0 0 0 0 0 139 109 150 130 140 0 0 0 0 0 0 0 0 0 0 
134 63 37 213 243 75 0 0 147 171 158 48 38 225 267 63 0 0 112 135 70 5 0 127 113 
143 0 129 162 195 215 65 234 241 257 308 148 290 337 361 251 64 180 224 265 138 4 135 195 195 
151 35 90 151 18 145 9 67 96 1 140 22 69 104 21 152 2 38 115 0 300 197 265 307 190 
88 7 20 0 80 77 5 13 0 92 161 83 90 76 152 133 63 84 57 127 181 96 106 89 205 
0 0 0 0 0 0 0 0 0 0 1005 1017 964 989 1028 0 0 0 0 0 0 0 0 0 0 
0 0 0 260 0 0 0 3 242 1 110 111 101 368 119 109 106 89 389 127 0 0 0 237 0 
13 10 13 191 4 0 0 0 191 0 43 45 39 188 35 0 0 0 160 0 3 6 3 179 3 
0 0 0 0 0 0 0 0 0 0 0 0 0 0 0 66 78 71 71 92 201 199 172 224 184 
80 102 76 59 207 0 9 0 0 115 0 4 0 0 124 0 4 1 0 121 112 91 80 88 204 
136 145 142 149 150 0 0 0 0 0 0 0 0 0 0 0 0 0 0 0 78 81 65 67 78 
0 0 0 0 0 0 0 0 0 0 0 0 0 0 0 424 427 418 408 413 190 179 181 185 205 
0 217 0 0 84 0 190 0 0 100 141 344 156 134 217 0 202 0 0 102 0 221 0 0 76 
823 0 0 0 0 808 0 0 0 0 809 0 0 0 0 839 0 0 0 0 847 0 0 0 0 
18 8 197 135 150 32 9 187 129 161 96 98 265 219 207 177 148 357 326 292 120 88 248 199 274 
79 127 81 148 73 62 74 59 120 81 0 41 0 46 0 42 90 56 91 50 0 36 1 46 1 
31 8 13 6 20 119 88 94 86 108 31 0 0 0 17 23 0 0 0 25 117 91 86 89 128 
0 0 165 0 0 0 0 151 0 0 0 0 167 0 0 179 160 297 153 160 0 0 168 0 0 
0 71 48 52 0 0 90 50 55 0 36 111 107 107 40 0 90 58 54 0 1 79 64 48 0 
3 2 7 6 147 160 124 128 147 275 159 132 120 135 249 6 7 0 0 134 87 98 111 83 202 
0 0 0 0 0 0 0 0 0 0 0 0 0 0 0 1005 1054 1074 1044 974 0 0 0 0 0 
0 18 52 133 0 0 16 53 118 0 0 17 47 146 0 0 17 50 142 0 0 15 51 146 0 
68 47 0 0 0 90 74 15 15 12 141 87 38 35 28 90 63 0 0 0 99 95 23 24 28 
97 145 90 184 184 11 54 21 79 80 13 57 31 98 104 0 53 0 69 65 0 39 0 75 88 
100 136 135 100 7 111 135 185 116 0 310 319 369 322 229 127 127 149 100 3 312 245 365 281 151 
78 20 20 99 23 77 0 0 113 0 213 152 139 223 123 72 0 0 99 1 115 49 45 172 38 
115 105 43 49 40 140 106 46 56 29 52 54 16 0 0 94 84 15 11 21 86 53 10 0 0 
0 0 179 77 0 0 0 213 70 0 0 0 246 74 0 0 0 223 64 0 0 0 187 62 0 
113 148 146 106 98 0 47 60 0 0 0 47 64 0 0 39 70 101 34 37 0 44 109 0 1 
75 61 75 76 81 124 145 118 133 119 26 47 52 43 42 0 0 0 0 0 0 0 0 0 0 
0 0 0 166 0 0 0 0 174 0 232 238 218 413 245 0 0 0 172 0 0 0 0 156 0 
0 0 0 0 0 145 130 165 136 134 0 0 0 0 0 0 0 0 0 0 78 55 66 64 79 
132 2 22 91 54 132 33 50 126 102 242 93 87 173 166 80 0 0 76 39 208 80 87 171 130 
0 77 0 0 0 0 74 0 0 0 0 59 0 0 0 107 140 80 112 79 50 118 42 47 48 
0 0 111 0 0 91 94 193 117 116 0 0 101 0 0 8 9 112 5 8 15 15 96 11 16 
266 241 202 280 119 116 112 72 117 0 86 111 62 88 0 266 261 181 292 128 121 146 91 143 0 
0 0 0 0 0 34 38 36 25 22 0 0 0 0 0 75 75 86 82 112 114 111 114 114 140 
0 222 0 179 0 0 191 0 179 0 0 203 0 180 0 0 197 0 178 0 0 206 0 198 0 
0 45 0 130 0 0 51 0 150 0 0 50 0 151 0 65 133 68 214 79 0 54 0 128 0 
0 0 1 0 74 81 66 85 63 139 89 74 76 78 121 0 0 0 0 74 0 0 0 0 80 
80 261 325 62 231 37 185 242 7 160 80 265 308 59 227 105 299 304 112 257 237 352 376 181 322 
0 45 33 0 81 20 59 45 12 89 28 81 83 38 79 0 59 23 0 64 0 61 25 0 68 
137 96 124 142 141 16 0 0 47 0 15 0 0 51 0 19 0 0 48 0 97 68 70 127 87 
84 0 75 0 0 77 0 78 0 0 134 57 125 57 58 120 21 84 17 13 76 0 84 0 0 
0 18 81 0 96 0 12 69 0 107 0 16 74 0 106 0 14 91 0 133 0 13 69 0 101 
20 46 146 76 18 51 73 161 97 53 0 39 118 38 0 43 71 152 102 41 0 28 109 56 0 
0 73 0 0 0 0 90 0 0 0 139 268 132 147 150 0 100 0 0 0 16 98 22 30 29 
0 0 0 99 0 84 101 86 181 118 0 0 0 94 0 0 0 0 110 0 114 104 100 206 101 
59 0 104 55 0 61 0 119 54 0 66 0 102 52 0 51 0 116 60 0 46 0 113 48 0 
77 46 0 29 0 103 73 16 47 24 92 86 0 25 0 110 53 0 41 0 86 58 0 33 0 
8 0 0 0 50 252 243 252 246 290 0 0 0 0 62 0 0 0 0 56 8 4 0 0 56 
108 55 61 123 80 68 42 56 105 76 27 0 0 57 10 34 0 0 52 12 44 13 8 63 30 
32 59 8 6 10 18 52 0 0 0 23 79 0 0 0 132 171 133 120 122 28 79 0 0 0 
0 0 0 21 0 186 170 197 198 164 0 0 0 23 0 0 0 0 22 0 0 0 0 19 0 
69 79 133 138 89 0 0 52 63 0 0 0 74 60 0 0 0 67 53 0 0 0 59 62 0 
63 57 59 48 68 41 0 0 0 11 76 62 48 47 72 30 0 0 0 22 92 49 45 49 60 
0 0 25 0 69 9 6 36 12 89 0 0 34 0 70 10 7 43 8 95 81 75 114 64 153 
55 105 137 64 70 28 79 95 26 26 0 32 70 0 0 0 37 71 0 0 0 39 66 0 0 
0 0 115 0 0 0 0 98 0 0 79 119 222 122 110 0 0 93 0 0 0 0 111 0 0 
101 132 36 68 158 46 49 0 0 97 59 73 0 0 76 49 49 0 0 92 70 54 0 0 91 
0 48 0 23 36 59 114 57 80 94 0 58 0 26 38 0 55 0 38 39 26 65 22 53 62 
9 7 99 5 12 0 0 87 0 0 0 0 83 0 0 35 39 119 27 29 75 78 150 59 85 
0 0 0 51 75 88 81 63 117 163 0 0 0 49 72 0 0 0 36 84 0 0 0 47 73 
107 188 91 83 93 25 122 0 0 0 31 138 9 7 11 25 84 0 0 0 25 89 1 0 0 
73 35 105 43 103 20 0 43 6 58 15 0 46 0 71 19 0 56 5 59 1 0 37 0 58 
45 0 1 0 1 55 1 0 0 0 62 50 31 36 64 75 0 0 1 0 156 104 83 113 99 
42 34 116 47 46 1 0 80 0 0 3 0 76 0 0 2 0 68 0 0 23 20 109 33 11 
0 62 63 0 0 0 60 45 0 0 21 104 76 21 21 32 109 58 40 41 0 61 48 0 0 
18 0 87 0 36 48 39 106 36 63 19 0 77 0 20 20 0 81 0 9 25 0 90 0 18 
0 2098 0 0 0 0 2158 0 0 0 0 2020 0 0 0 0 2106 0 0 0 0 2034 0 0 0 
24 129 113 13 16 81 206 207 92 75 0 132 115 4 0 22 182 137 69 45 0 129 94 0 0 
72 116 95 0 0 56 130 126 0 0 74 132 110 0 0 73 123 115 0 0 66 128 118 0 0 
0 85 0 120 0 66 133 65 168 88 59 145 30 149 51 0 71 0 106 0 0 82 0 88 0 
0 0 0 0 0 1312 1260 1254 1212 1286 0 0 0 0 1 0 0 0 0 0 0 0 0 0 0 
0 0 80 125 0 0 0 75 107 0 0 0 82 127 0 0 0 81 125 0 0 0 72 128 0 
147 51 51 96 43 159 60 58 111 69 104 0 0 46 0 85 0 0 38 0 94 0 0 50 0 
0 142 0 0 90 0 158 0 0 86 0 162 0 0 94 0 142 0 0 76 0 164 0 0 100 
171 267 175 237 92 81 197 54 134 0 299 425 251 393 149 165 328 174 233 38 211 402 291 290 141 
91 81 279 287 82 0 0 185 205 0 115 105 287 303 107 0 0 170 190 2 7 4 181 175 10 
165 129 112 158 258 8 24 0 7 154 8 15 3 10 154 236 228 173 189 373 220 256 248 237 392 
0 72 0 0 0 0 51 0 0 0 0 66 0 0 0 8 62 4 8 3 158 207 167 139 163 
48 27 40 12 43 41 15 31 0 37 41 12 36 0 29 67 14 31 0 41 115 98 91 81 131 
201 60 0 101 0 206 67 0 104 0 203 46 0 104 0 190 63 0 112 0 204 48 0 118 0 
0 0 1447 0 0 0 0 1464 0 0 0 0 1362 0 0 0 0 1485 0 0 0 0 1439 0 0 
84 7 10 62 25 103 67 54 111 94 117 67 82 99 87 66 31 26 77 35 56 0 0 32 12 
108 113 130 82 182 0 0 7 0 49 57 76 75 59 112 0 0 18 0 54 0 0 11 0 62 
45 85 0 110 0 133 175 96 211 83 112 131 89 206 92 52 77 0 105 0 36 67 0 106 0 
110 112 116 128 155 94 103 89 88 135 0 33 0 0 62 0 18 0 0 36 69 77 70 58 109 
0 75 0 0 0 31 138 43 36 28 37 145 40 36 32 26 126 25 26 34 47 134 45 43 47 
32 11 41 34 0 102 71 112 112 63 42 21 46 37 0 47 9 44 34 0 40 20 37 38 0 
150 0 0 0 0 131 0 0 0 0 217 80 101 95 101 117 0 0 0 0 144 0 0 0 0 
0 0 0 0 819 0 0 0 0 774 0 0 0 0 824 0 0 0 0 819 0 0 0 0 762 
129 107 0 158 47 138 124 7 163 95 188 186 45 217 122 122 115 3 158 99 125 160 0 208 75 
130 0 0 0 0 258 101 82 84 76 160 0 0 0 0 150 0 0 0 0 140 0 0 0 0 
0 0 0 0 0 91 55 77 77 73 0 0 0 0 0 180 152 183 180 184 0 0 0 0 0 
0 22 0 143 0 33 55 46 186 32 0 19 0 132 0 0 16 0 136 0 0 20 0 159 0 
162 65 137 106 143 112 0 84 33 62 120 16 123 77 76 227 126 200 144 189 79 0 61 46 65 
43 48 55 128 106 28 22 30 81 74 0 0 0 77 55 0 0 0 48 50 7 8 9 75 52 
0 9 64 0 0 79 98 195 92 95 0 11 71 0 0 61 82 188 58 64 0 8 63 0 0 
196 1 190 0 0 195 0 168 0 0 189 3 183 3 1 169 1 181 0 0 206 18 182 9 9 
338 117 367 171 226 340 149 388 152 218 326 150 365 168 215 202 2 196 40 131 218 50 262 38 144 
64 156 70 85 68 0 88 0 25 0 17 129 28 34 26 0 104 0 18 0 0 81 0 23 0 
0 0 33 0 58 35 46 78 44 113 55 74 88 53 121 0 0 33 0 61 0 0 49 0 58 
0 0 16 0 207 0 0 16 0 195 0 0 31 0 176 0 0 28 0 194 0 0 23 0 199 
0 0 0 50 0 0 0 0 59 0 54 59 45 140 45 0 0 0 59 0 84 79 82 158 86 
125 0 0 119 0 146 0 0 150 0 142 0 0 127 0 130 0 0 141 0 134 0 0 140 0 
5 45 76 59 0 100 164 161 169 109 182 218 238 225 130 7 54 87 81 0 50 82 90 109 30 
119 140 127 119 237 0 0 0 0 85 0 0 0 0 82 30 25 35 24 119 0 0 0 0 93 
122 211 130 118 125 0 111 0 0 0 77 188 84 89 81 1 92 0 0 0 61 158 55 44 61 
137 132 78 79 78 78 46 0 0 0 87 47 4 4 9 63 47 0 0 0 72 60 0 0 0 
0 128 0 0 0 40 168 48 55 73 0 137 0 0 0 68 213 91 92 74 0 115 0 0 0 
0 0 0 0 0 0 0 0 0 0 0 0 0 0 0 0 0 0 0 0 456 414 461 461 413 
0 0 40 0 0 84 90 104 86 94 0 0 32 0 0 90 85 98 69 91 21 31 69 27 32 
9 15 16 18 55 0 0 0 0 39 84 86 80 78 107 0 0 0 0 41 70 105 82 86 119 
0 0 0 130 0 0 0 0 115 0 0 0 0 146 0 0 0 0 144 0 77 77 79 200 84 
0 74 0 37 84 0 71 0 41 81 0 58 0 41 105 0 66 0 42 89 20 88 33 64 128 
0 114 0 0 0 0 113 0 0 0 0 108 0 0 0 0 100 0 0 0 103 190 106 112 94 
0 23 0 0 0 83 99 85 72 82 81 76 78 73 78 0 13 0 13 0 116 148 125 142 117 
0 0 117 55 0 42 45 155 106 50 0 0 102 39 0 0 0 89 38 0 0 0 126 35 0 
59 0 0 0 0 126 62 61 76 69 99 20 18 20 15 131 47 46 52 41 58 0 0 0 0 
83 34 33 111 36 39 0 0 90 0 48 0 0 85 0 83 34 30 120 32 54 0 0 83 0 
0 0 25 21 0 0 0 0 26 0 101 99 89 104 97 0 0 0 28 0 0 0 21 13 0 
37 0 0 80 104 93 73 84 119 186 33 1 11 84 114 58 26 37 74 108 33 33 52 89 116 
0 7 54 109 7 0 0 47 78 0 48 31 109 125 47 31 41 70 112 36 0 0 52 80 0 
70 9 56 58 12 60 8 62 70 32 142 71 144 138 94 89 24 60 70 22 60 0 52 78 0 
53 0 61 0 68 47 0 73 0 60 32 0 77 0 84 117 67 130 70 136 37 0 67 0 65 
84 11 202 89 34 70 1 164 83 25 72 0 156 28 4 206 92 267 144 119 109 31 228 87 52 
8 93 173 34 128 165 215 331 161 276 32 106 197 37 169 0 33 170 7 124 100 175 255 110 231 
22 24 29 66 52 43 45 42 86 80 0 0 0 34 31 0 0 0 26 17 86 100 100 141 111 
23 30 0 96 0 38 44 0 116 0 92 80 41 146 64 29 41 0 125 0 45 36 0 86 0 
0 0 57 0 0 164 154 216 153 178 0 0 62 0 0 0 0 76 0 0 0 0 74 0 0 
11 9 2 0 85 20 2 0 0 76 73 90 60 56 158 23 23 17 18 89 100 143 131 128 184 
82 11 16 6 38 123 79 79 89 95 142 111 108 108 111 60 0 6 0 20 48 13 14 6 36 
20 120 81 18 34 0 100 78 6 9 0 87 46 0 23 1 106 61 8 14 50 145 111 45 83 
154 195 92 101 107 73 65 47 22 22 40 51 16 0 0 40 49 14 0 0 30 45 14 0 0 
81 88 16 22 18 63 56 2 0 0 51 73 16 8 20 74 90 43 44 52 88 84 56 32 40 
41 79 43 73 31 0 63 11 45 16 2 53 11 48 19 0 45 14 33 14 41 106 66 100 79 
0 0 68 30 14 0 0 51 38 3 1 0 49 44 7 54 61 143 109 72 61 56 110 102 78 
31 39 26 24 31 0 0 0 0 0 72 60 57 64 57 0 0 0 0 0 124 111 101 120 115 
39 29 33 31 38 0 0 14 0 0 0 0 17 0 0 46 40 74 51 45 108 86 121 120 107 
36 40 105 52 53 6 10 59 12 17 55 46 126 53 52 0 0 52 1 0 0 0 59 12 0 
0 0 180 32 0 0 0 141 23 0 19 20 156 37 17 0 0 166 23 0 0 0 162 23 0 
51 95 0 0 0 81 114 47 35 30 87 123 23 14 8 94 140 43 41 46 41 81 0 0 0 
101 147 83 71 82 10 49 3 0 0 101 151 70 59 63 44 83 35 21 17 30 69 0 0 0 
0 116 107 163 0 0 127 119 164 0 0 108 120 167 3 0 117 114 155 2 0 127 118 165 3 
24 0 0 215 0 7 0 0 133 0 155 121 137 275 118 17 0 0 169 0 29 1 0 158 0 
154 210 44 112 153 212 299 117 136 225 159 233 106 114 152 110 117 19 34 89 273 344 160 212 236 
69 191 124 87 99 4 49 71 9 3 33 80 109 40 29 30 82 65 12 25 0 61 51 0 0 
8 24 16 11 61 15 30 23 8 97 8 19 12 6 49 55 78 64 44 131 27 36 35 28 86 
640 431 580 416 486 487 172 282 147 188 430 302 369 190 298 340 170 147 38 101 515 324 397 321 392 
88 67 0 4 1 174 161 73 77 67 72 81 0 0 0 99 88 22 23 16 72 57 0 1 0 
155 308 135 139 109 235 354 159 226 154 118 256 77 136 64 38 202 6 29 0 92 218 70 88 39 
0 0 0 0 53 0 0 0 0 59 0 0 0 0 69 0 0 0 0 62 144 169 152 167 202 
90 1 36 0 18 154 22 79 29 36 154 56 115 65 62 184 87 151 82 113 148 26 74 27 32 
149 0 0 54 0 156 0 0 55 0 141 0 0 40 0 168 0 0 46 0 149 0 0 41 0 
137 122 136 217 111 23 0 74 123 0 57 38 108 181 54 37 7 86 90 23 31 0 70 79 0 
69 116 82 185 181 0 5 6 104 49 0 10 2 71 66 0 9 9 101 57 31 39 30 104 64 
123 160 85 52 10 195 210 155 116 111 107 116 87 43 22 235 218 195 143 127 166 178 126 52 62 
60 137 52 57 56 0 57 0 0 0 6 82 3 5 4 0 66 0 0 0 77 159 63 77 66 
0 0 0 18 0 0 0 0 22 0 0 0 0 19 0 0 0 0 20 0 173 190 215 218 213 
54 3 54 116 94 23 1 34 112 96 71 26 50 140 107 26 0 35 86 90 132 76 120 204 210 
0 91 69 0 89 0 90 76 0 92 0 128 60 0 76 0 83 87 0 89 0 119 79 0 83 
61 35 78 52 40 92 68 137 75 64 30 22 51 24 15 75 55 144 88 65 11 0 48 0 0 
81 0 0 0 55 76 0 0 0 50 91 0 0 0 60 75 0 0 0 52 190 104 80 95 167 
102 169 53 170 133 76 168 14 146 155 46 92 6 144 81 228 275 167 263 237 142 245 143 227 185 
69 79 95 76 59 6 24 35 10 8 0 1 40 0 0 56 63 75 46 42 21 26 54 18 13 
0 0 0 140 35 0 0 0 157 28 27 29 15 157 51 0 0 0 149 34 0 0 0 138 38 
0 0 0 145 13 165 151 142 351 176 0 0 0 174 15 128 135 123 285 120 0 0 0 135 9 
50 127 194 178 58 38 130 152 202 35 127 165 211 225 93 71 233 207 261 126 132 163 215 267 116 
0 0 0 1281 0 0 3 0 1290 0 0 0 0 1307 0 0 6 4 1355 3 0 0 0 1314 0 
195 0 0 0 0 197 13 18 17 19 178 0 0 0 0 196 0 0 0 0 166 0 0 0 0 
92 0 0 0 0 117 0 0 0 0 122 0 0 0 0 102 0 0 0 0 206 87 85 89 99 
188 47 65 37 35 130 0 20 0 0 282 80 93 86 78 249 131 173 146 124 238 85 99 96 84 
0 24 0 0 0 0 38 0 0 0 0 0 0 0 0 25 47 19 41 50 0 0 0 0 0 
75 82 144 98 95 0 0 43 0 0 0 0 70 0 0 0 0 61 0 0 217 194 233 221 225 
0 13 0 63 196 114 121 109 185 318 0 17 0 68 237 0 14 4 77 235 113 131 110 166 286 
14 13 82 10 231 3 7 60 6 174 122 104 174 120 294 146 146 211 166 333 2 0 58 0 193 
149 314 332 241 83 170 298 338 213 95 159 268 331 213 119 102 222 287 149 29 57 236 279 153 0 
111 0 0 11 0 97 0 0 0 0 112 0 0 0 0 111 0 0 0 0 152 19 26 37 36 
0 0 207 0 37 0 0 222 0 38 0 0 200 0 27 0 0 187 0 25 0 0 185 0 32 
0 0 53 58 0 73 48 102 104 65 0 0 39 37 0 62 59 106 90 48 42 33 89 75 31 
53 73 50 46 74 0 51 0 3 26 42 65 37 30 58 0 36 0 0 32 0 56 0 0 31 
610 617 640 688 625 0 0 0 0 0 0 0 0 0 0 0 0 0 0 0 0 0 0 0 0 
55 0 0 0 0 62 0 0 0 0 64 0 0 0 0 202 133 145 146 141 52 0 0 0 0 
0 0 0 36 0 76 64 46 105 56 0 0 0 23 0 46 47 66 93 54 44 52 44 99 37 
