747 651 471 608 673 1030 1087 909 979 968 624 612 434 640 669 1005 922 828 958 982 587 484 380 456 543 
225 181 217 200 184 0 2 0 0 0 143 100 137 128 139 0 0 0 0 0 0 0 0 0 0 
127 55 37 223 235 82 0 0 172 176 198 68 28 266 280 86 0 0 135 159 82 0 0 154 133 
201 0 157 169 191 266 68 246 259 303 386 156 348 360 428 291 56 204 257 277 191 5 137 229 196 
174 47 111 146 58 139 12 69 108 0 127 30 62 84 18 144 2 52 119 0 291 176 264 295 172 
97 6 15 1 93 85 10 14 0 114 174 99 103 77 170 163 64 85 65 150 213 104 108 103 216 
0 0 0 0 0 0 0 0 0 0 1012 1030 980 1000 1039 0 0 0 0 0 0 0 0 0 0 
0 0 0 266 0 0 0 4 243 0 108 102 95 362 114 107 108 91 381 126 0 0 0 242 1 
14 9 14 178 5 0 0 0 190 0 36 45 35 181 28 0 0 0 159 0 3 8 4 194 3 
0 0 0 0 0 0 0 0 0 0 0 0 0 0 0 61 69 77 82 95 214 197 186 208 188 
89 100 78 72 209 0 9 0 0 116 0 2 0 0 125 0 2 0 0 129 108 96 94 77 215 
148 162 169 163 171 0 0 0 0 0 0 0 0 0 0 0 0 0 0 0 90 85 73 66 83 
0 0 0 0 0 0 0 0 0 0 0 0 0 0 0 419 420 408 397 404 162 150 162 164 179 
0 209 0 0 90 0 184 0 0 104 133 359 166 142 226 0 198 0 0 112 0 231 0 0 89 
835 0 0 0 0 815 0 0 0 0 808 0 0 0 0 849 0 0 0 0 862 0 0 0 0 
14 4 211 164 208 80 60 283 218 260 109 126 335 273 295 197 219 402 356 387 133 109 297 258 347 
80 131 89 162 69 60 81 67 112 70 0 50 0 48 0 38 98 55 92 51 0 40 0 46 0 
27 8 15 6 16 140 91 100 99 119 29 0 0 0 19 23 0 0 0 22 121 115 86 102 129 
0 0 160 0 0 0 0 145 0 0 0 0 169 0 0 177 163 289 149 152 0 0 158 0 0 
0 88 54 62 0 0 109 56 71 0 64 147 125 142 58 0 95 65 65 0 0 110 77 60 0 
5 0 0 5 129 144 110 114 125 235 141 115 113 110 207 4 7 0 0 111 81 76 83 81 180 
0 0 0 0 0 0 0 0 0 0 0 0 0 0 0 997 1044 1071 1041 970 0 0 0 0 0 
0 18 51 132 0 0 17 52 114 0 0 18 46 141 0 0 17 50 139 0 0 15 51 139 0 
75 117 85 144 142 6 40 19 71 66 14 41 20 74 84 0 41 0 49 57 0 37 0 57 69 
118 117 141 104 3 117 136 186 103 1 274 306 336 294 204 104 129 151 96 4 282 227 334 243 143 
72 15 23 110 21 81 0 0 126 0 228 162 158 254 140 65 0 0 109 0 115 43 44 201 38 
121 93 47 51 34 142 110 50 54 29 53 59 13 0 0 78 86 18 13 24 81 55 13 0 0 
0 0 215 86 0 0 0 223 87 0 0 0 259 84 0 0 0 247 75 0 0 0 195 64 0 
102 129 140 92 88 0 43 57 0 0 0 46 51 0 0 32 62 89 31 27 0 37 74 0 0 
63 51 67 66 58 96 114 101 111 98 22 39 42 35 37 0 0 0 0 0 0 0 0 0 0 
0 0 0 166 0 0 0 0 178 0 235 241 227 417 250 0 0 0 175 0 0 0 0 158 0 
0 0 0 0 0 137 126 162 125 131 0 0 0 0 0 0 0 0 0 0 69 51 62 60 75 
128 0 13 89 60 158 55 74 137 125 253 96 93 179 173 98 0 0 84 55 228 90 92 185 136 
0 82 0 0 0 0 83 0 0 0 0 65 0 0 0 122 161 84 127 92 56 132 46 53 57 
0 0 94 0 0 85 85 176 105 104 0 0 92 0 0 7 9 96 4 8 14 13 82 9 15 
269 231 198 279 129 120 83 69 113 0 76 69 55 102 0 264 230 156 298 110 150 125 85 167 21 
0 231 0 214 0 0 187 0 208 0 7 209 9 203 7 0 190 0 197 0 0 205 0 214 0 
0 40 0 116 0 0 50 0 136 0 0 48 0 145 0 62 135 67 219 73 0 58 0 126 0 
0 0 0 0 68 75 65 71 56 124 80 67 67 75 116 0 0 0 0 68 0 0 0 0 72 
67 262 299 60 202 35 190 247 10 129 82 229 290 46 211 81 282 306 90 222 195 305 367 166 277 
0 48 41 0 86 21 65 49 14 111 31 87 98 45 94 0 62 31 0 77 0 68 32 0 74 
113 91 110 114 127 15 0 0 38 0 12 0 0 38 0 18 0 0 47 0 98 64 55 107 84 
71 0 67 0 0 67 0 78 0 0 121 64 111 49 52 104 16 82 13 14 72 0 74 0 0 
0 27 108 0 125 0 18 96 0 143 0 20 90 0 127 0 21 112 0 171 0 14 88 0 136 
16 58 143 79 28 60 84 165 110 57 0 43 117 38 0 53 80 157 111 45 0 26 101 62 0 
0 67 0 0 0 0 88 0 0 0 141 260 132 148 141 0 100 0 0 0 16 99 20 27 32 
0 0 0 88 0 79 79 69 152 94 0 0 0 86 0 0 0 0 101 0 95 80 80 180 89 
49 0 93 52 0 59 0 117 55 0 63 0 97 53 0 49 0 111 56 0 47 0 106 49 0 
85 64 0 35 0 127 88 24 53 26 106 103 0 27 0 129 62 0 43 0 102 63 0 34 0 
0 0 0 0 35 262 246 254 254 279 0 0 0 0 49 0 0 0 0 48 0 0 0 0 53 
109 69 68 138 96 74 48 64 122 84 31 0 0 62 11 37 0 0 54 10 39 13 10 84 21 
31 63 8 6 11 19 53 0 0 0 21 80 0 0 0 140 170 136 125 127 30 75 0 0 0 
0 0 0 21 0 186 169 197 198 164 0 0 0 23 0 0 0 0 22 0 0 0 0 19 0 
74 86 147 149 103 0 0 58 66 0 0 0 81 63 0 0 0 73 58 0 0 0 71 70 0 
63 57 59 48 68 41 0 0 0 11 75 61 45 46 71 30 0 0 0 22 92 49 45 48 60 
0 0 25 0 68 9 6 36 11 90 0 0 34 0 70 10 7 43 8 96 82 74 116 66 154 
55 105 137 64 70 28 79 95 26 26 0 32 70 0 0 0 37 71 0 0 0 39 66 0 0 
0 0 121 0 0 0 0 94 0 0 82 120 223 124 110 0 0 90 0 0 0 0 112 0 0 
99 114 34 53 134 37 43 0 0 84 39 58 0 0 68 43 46 0 0 74 57 51 0 0 76 
0 48 0 23 34 58 115 56 79 93 0 59 0 26 37 0 55 0 37 40 25 65 22 52 63 
11 10 111 5 15 0 0 98 0 0 0 0 101 0 0 48 46 139 33 33 95 96 173 75 101 
0 0 0 51 75 88 81 63 117 163 0 0 0 49 73 0 0 0 36 84 0 0 0 47 73 
100 179 75 84 93 24 121 0 0 0 32 131 8 9 9 25 86 0 0 0 21 94 0 0 0 
74 35 100 46 101 20 0 45 6 53 13 0 45 0 71 18 0 56 0 53 8 0 38 0 54 
54 0 12 0 1 56 0 0 0 0 94 58 51 45 70 87 12 4 6 0 133 78 90 78 70 
45 34 118 47 50 17 0 81 0 0 0 0 77 0 0 2 0 70 0 0 49 30 102 31 26 
0 60 62 0 0 0 68 42 1 0 20 104 78 21 21 32 109 58 40 42 0 61 45 0 0 
27 0 82 0 36 59 43 117 39 75 21 0 78 0 16 29 2 85 0 21 27 0 93 0 19 
0 2100 0 0 0 0 2165 0 0 0 0 2045 0 0 0 0 2120 0 0 0 0 2053 0 0 0 
33 121 104 21 30 133 242 213 120 88 8 140 111 8 0 45 188 163 81 51 10 147 111 3 0 
62 114 92 0 0 55 119 115 0 0 71 124 122 0 0 70 125 110 0 0 59 117 120 0 0 
0 77 0 98 0 79 139 66 174 79 58 131 31 110 49 0 77 0 104 0 0 86 0 80 0 
0 0 0 0 0 1285 1253 1246 1212 1273 0 0 0 0 0 0 0 0 0 0 0 0 0 0 0 
0 0 80 125 0 0 0 75 106 0 0 0 81 127 0 0 0 81 125 0 0 0 72 128 0 
149 55 55 94 40 155 50 53 111 63 83 0 0 40 0 85 0 0 38 0 86 0 0 43 0 
0 114 0 0 74 0 135 0 0 68 0 142 0 0 78 0 124 0 0 63 0 132 0 0 93 
206 352 225 275 145 106 198 45 114 3 330 411 293 383 168 196 310 196 231 56 232 390 293 285 157 
97 94 303 286 99 0 0 193 191 0 107 104 268 304 94 0 0 167 175 2 3 20 205 183 18 
125 107 118 143 239 8 15 3 0 141 7 14 8 8 160 199 207 165 178 332 196 233 236 208 354 
0 82 0 0 0 0 69 0 0 0 0 82 0 0 0 8 81 7 10 3 230 296 233 195 221 
50 26 39 14 41 43 14 27 0 44 50 12 33 0 30 81 13 29 0 47 121 105 93 85 120 
201 65 0 101 0 206 65 0 106 0 207 44 0 106 0 191 64 0 112 1 199 48 0 115 0 
0 0 1447 0 0 0 0 1460 0 0 0 0 1355 0 0 0 0 1457 0 0 0 0 1442 0 0 
68 2 8 44 26 92 62 44 86 67 89 56 62 72 84 51 25 20 61 30 58 0 0 27 11 
114 126 137 95 196 0 0 6 0 50 59 79 72 62 111 0 0 21 0 56 0 0 13 0 62 
41 85 0 97 0 136 185 98 204 85 105 122 77 199 83 56 77 0 95 0 36 67 0 97 0 
72 85 65 83 133 74 83 61 59 97 0 25 0 0 43 0 20 0 0 32 47 70 48 48 85 
0 62 0 0 1 27 110 28 31 26 32 120 32 30 29 23 106 22 24 30 36 108 39 32 43 
33 11 41 34 0 103 71 112 110 60 43 21 47 36 0 45 8 44 35 0 41 20 37 37 0 
151 0 0 0 0 125 0 0 0 0 214 88 98 110 103 126 0 0 0 0 131 0 0 0 0 
0 0 0 0 820 0 0 0 0 778 0 0 0 0 835 0 0 0 0 822 0 0 0 0 770 
83 125 92 210 177 0 10 4 103 53 0 13 5 84 78 0 17 13 104 65 35 52 37 139 73 
129 0 0 0 0 257 93 88 84 79 158 0 0 0 0 149 0 0 0 0 141 0 0 0 0 
0 0 0 0 0 73 60 72 67 71 0 0 0 0 0 148 119 144 146 140 0 0 0 0 0 
0 22 0 152 0 40 63 51 201 35 0 18 0 146 0 0 16 0 147 0 0 20 0 176 0 
141 48 121 104 150 104 0 71 45 65 103 0 103 73 77 201 119 174 145 175 86 0 54 31 67 
56 64 70 163 136 44 32 39 103 95 0 0 0 87 65 0 0 0 64 64 9 15 9 100 66 
0 7 65 0 0 85 110 182 91 91 0 14 72 1 0 62 92 175 55 66 0 8 69 0 0 
195 0 187 0 0 199 10 173 0 0 197 6 176 4 1 174 3 180 0 0 205 20 177 7 10 
313 114 343 143 215 362 192 403 198 238 334 166 386 213 234 221 24 219 71 134 196 51 260 17 102 
66 160 74 88 68 0 87 0 30 0 16 131 31 34 27 0 110 0 17 0 0 80 0 24 0 
0 0 33 0 58 35 46 78 44 113 55 74 88 53 121 0 0 33 0 61 0 0 49 0 58 
0 0 17 0 204 0 0 17 0 194 0 0 32 0 178 0 0 30 0 197 0 0 27 0 196 
0 0 0 56 0 0 0 0 62 0 57 61 45 155 45 0 0 0 66 0 94 82 93 182 97 
103 0 0 120 0 127 0 0 138 0 130 0 0 109 0 112 0 0 134 0 122 0 0 133 0 
4 38 73 66 6 82 167 173 180 104 162 210 224 221 144 23 60 106 106 43 85 107 130 141 53 
104 124 121 112 214 0 0 0 0 74 0 0 0 0 69 22 23 27 19 104 0 0 0 0 87 
124 209 126 122 125 0 115 0 0 0 74 184 83 84 74 3 114 0 0 9 92 202 82 81 95 
162 142 85 90 90 83 46 0 0 0 94 56 7 2 8 76 50 0 0 0 80 66 0 0 0 
0 130 1 0 1 41 180 58 65 77 0 140 0 0 0 66 212 89 87 75 0 116 0 0 0 
0 0 0 0 0 0 0 0 0 0 0 0 0 0 0 0 0 0 0 0 458 419 456 441 404 
0 0 37 0 0 73 79 92 75 87 0 0 31 0 0 77 75 85 59 79 19 25 59 22 26 
3 15 20 17 66 0 0 0 0 44 86 93 78 82 113 0 0 0 0 39 75 106 87 85 124 
0 0 0 131 0 0 0 0 116 0 0 0 0 143 0 0 0 0 145 0 76 74 78 204 86 
0 74 0 30 80 0 66 0 38 86 0 64 0 39 105 0 70 0 40 86 18 88 25 59 133 
0 109 0 0 0 0 104 0 0 0 0 104 0 0 0 0 95 0 0 0 91 177 91 91 81 
0 37 0 14 0 100 125 101 107 96 98 90 96 98 92 0 27 0 15 0 132 181 154 178 139 
0 0 117 55 0 43 45 155 106 50 0 0 102 39 0 0 0 89 38 0 0 0 126 35 0 
59 0 0 0 0 125 62 61 76 68 98 20 18 20 15 131 47 46 51 41 58 0 0 0 0 
83 35 33 110 37 39 0 0 90 0 47 0 0 82 0 81 35 28 117 32 55 0 0 83 0 
0 0 13 20 0 0 0 1 18 0 101 99 90 108 97 0 0 0 26 0 0 0 28 25 0 
4 6 56 122 9 0 0 66 102 0 61 33 134 160 52 42 50 80 139 42 0 0 58 111 0 
49 5 45 45 9 35 4 34 35 28 112 70 117 107 86 61 18 45 60 18 51 1 51 42 0 
42 0 63 0 64 43 0 63 0 56 30 0 73 0 83 97 57 118 69 118 34 0 61 0 62 
102 32 185 93 57 86 16 169 94 38 59 0 137 42 13 182 79 242 141 117 97 37 207 79 73 
10 91 173 38 146 107 204 318 129 253 35 121 216 61 182 0 46 170 0 105 80 146 243 101 228 
19 21 21 57 48 40 38 34 75 72 0 0 0 31 29 0 0 0 22 17 75 90 89 124 99 
22 36 0 106 0 32 51 0 122 0 87 83 45 152 67 27 46 0 125 0 44 36 0 89 0 
0 0 58 0 0 165 146 219 152 179 0 0 60 0 0 0 0 76 0 0 0 0 77 0 0 
69 11 11 4 21 105 71 77 78 78 111 86 90 103 97 42 0 5 0 13 40 12 16 8 29 
21 151 87 19 41 2 109 82 8 14 0 102 55 0 28 3 118 59 5 21 47 175 118 43 91 
147 190 98 100 103 71 58 46 18 20 42 51 12 0 0 44 53 15 0 0 33 40 14 0 0 
65 79 6 11 15 44 46 0 0 0 58 60 11 0 9 69 72 39 35 50 83 78 52 35 46 
35 76 43 71 28 0 62 11 42 16 0 50 11 46 18 0 42 14 30 13 37 104 64 96 78 
0 0 59 33 12 0 0 45 37 2 0 0 47 40 7 45 56 128 101 67 53 55 100 99 65 
29 38 26 22 31 0 0 0 0 0 71 59 57 62 55 0 0 0 0 0 120 107 99 114 110 
50 34 24 39 43 0 0 6 0 0 0 0 0 0 0 51 53 84 57 66 129 98 117 159 135 
40 44 106 55 45 5 10 63 19 13 53 39 124 48 44 0 0 53 5 2 0 0 56 22 0 
0 0 150 24 0 0 0 120 13 0 19 20 135 28 18 0 0 140 12 0 0 0 141 16 0 
51 78 0 0 0 69 110 42 34 29 71 129 21 15 9 88 141 48 40 49 40 71 0 0 0 
80 110 64 50 58 12 41 0 0 0 70 121 59 48 51 34 65 25 16 14 22 52 0 0 0 
0 117 107 161 0 0 129 118 165 0 0 109 119 166 2 0 117 116 157 0 0 126 120 165 1 
20 0 0 226 0 19 0 0 151 0 142 105 144 270 118 17 0 0 161 0 28 2 0 164 1 
163 187 21 100 109 206 270 80 126 202 178 204 83 127 137 113 127 8 35 75 276 326 136 188 205 
77 228 171 104 125 11 53 94 16 1 46 92 138 43 45 30 91 87 11 28 0 85 72 0 1 
1 14 0 0 56 7 26 26 7 96 0 10 10 1 42 48 74 66 41 130 23 28 27 26 74 
736 576 618 496 532 508 270 328 177 259 528 354 368 223 313 375 174 173 33 146 621 406 472 383 467 
69 56 0 3 0 141 130 61 67 62 68 73 0 0 0 87 77 20 14 16 60 51 0 0 0 
183 304 109 127 133 277 395 144 256 210 161 296 102 138 87 46 190 0 21 0 95 229 65 97 56 
0 0 0 0 52 0 0 0 0 56 0 0 0 0 66 0 0 0 0 58 135 157 142 152 186 
150 0 0 54 0 155 0 0 54 0 141 0 0 40 0 168 0 0 46 0 149 0 0 41 0 
191 163 196 291 134 45 1 104 145 0 91 51 150 204 62 41 10 106 111 30 42 0 95 99 0 
118 113 96 61 0 195 159 135 130 114 110 89 92 45 23 238 211 207 140 124 135 166 131 47 55 
62 142 52 60 57 0 59 0 0 0 5 84 3 5 2 0 72 0 0 0 83 164 72 76 71 
0 0 0 20 0 0 0 0 22 0 0 0 0 20 0 1 0 0 19 0 180 200 218 228 227 
58 6 60 102 88 11 4 38 96 83 67 26 56 131 92 26 0 35 93 90 137 78 124 197 208 
0 123 85 0 124 0 127 85 0 112 0 144 58 0 83 0 114 92 0 99 0 130 83 0 103 
46 23 55 41 33 72 53 92 56 55 23 17 36 20 13 55 45 102 71 49 8 0 33 0 0 
83 0 0 0 52 63 0 0 0 50 90 0 0 0 60 74 0 0 0 52 179 98 91 98 155 
59 84 0 83 57 40 77 0 99 71 65 55 0 136 65 143 175 86 190 150 95 121 26 119 94 
70 87 96 76 62 10 35 39 13 8 0 12 44 0 0 58 69 84 51 45 21 28 55 19 13 
0 0 0 140 35 0 0 0 158 28 27 29 16 157 51 0 0 0 149 34 0 0 0 138 38 
0 0 0 194 12 251 195 186 472 250 0 0 0 215 17 180 166 177 396 176 0 0 0 221 11 
45 125 162 166 51 31 97 160 174 25 83 153 183 197 69 64 185 180 227 80 112 141 188 232 89 
0 0 0 1272 0 0 0 0 1279 0 0 0 0 1296 0 0 0 0 1364 0 0 0 0 1278 0 
195 0 0 0 0 197 13 18 17 20 178 0 0 0 0 195 0 0 0 0 166 0 0 0 0 
92 0 0 0 0 117 0 0 0 0 122 0 0 0 0 102 0 0 0 0 206 88 85 89 99 
175 82 52 83 76 55 0 0 11 10 132 49 39 49 47 119 46 68 90 68 146 102 87 118 108 
24 5 0 0 0 0 7 0 0 0 5 0 0 0 0 38 33 28 43 64 0 0 0 0 0 
60 70 133 92 73 0 0 50 0 0 0 0 57 0 0 0 0 58 0 0 184 158 204 169 166 
1 5 0 65 204 111 109 110 187 318 0 16 0 76 238 0 2 0 70 239 116 138 110 171 291 
11 31 89 12 266 3 9 60 10 218 128 128 193 151 341 174 179 252 201 409 2 7 51 1 218 
140 274 264 171 76 168 272 280 157 94 137 280 280 159 119 68 193 233 87 12 74 219 235 129 32 
105 0 0 10 0 95 0 0 0 0 116 0 0 0 0 112 0 0 0 0 138 15 24 42 33 
46 63 44 35 43 0 45 0 0 18 46 81 44 39 64 4 38 0 0 24 2 56 0 0 24 
623 629 656 691 633 0 0 0 0 0 0 0 0 0 0 0 0 0 0 0 0 0 0 0 0 
98 72 0 0 0 99 82 18 15 15 169 107 42 38 32 109 83 0 0 0 116 112 25 32 37 
39 0 0 69 82 96 60 50 117 140 23 0 0 66 88 36 13 19 68 66 31 32 38 85 92 
0 0 56 56 0 77 55 102 94 65 0 0 42 36 0 65 51 95 86 51 46 29 88 71 28 
14 7 0 0 70 14 2 0 0 61 67 65 46 40 127 27 20 15 13 76 102 111 94 84 123 
55 0 0 0 0 62 0 0 0 0 64 0 0 0 0 202 133 145 146 141 53 0 0 0 0 
78 170 134 108 163 95 264 164 163 219 0 127 57 19 40 117 186 147 156 144 115 238 198 181 194 
0 0 0 0 0 31 35 30 19 22 0 0 0 0 0 59 67 68 65 90 100 94 96 97 127 
148 19 81 12 17 215 4 65 0 0 283 95 157 98 95 291 170 274 152 153 212 61 90 38 46 
17 0 29 0 0 16 0 15 0 0 30 10 17 14 0 80 53 79 61 65 26 2 26 0 3 
0 0 202 0 38 0 0 230 0 36 0 0 192 0 24 0 0 188 0 21 0 0 186 0 31 
102 55 0 96 41 101 60 2 97 53 106 92 33 113 55 80 53 0 81 46 74 71 0 115 40 
