802 802 532 728 734 1222 1177 1035 1093 1088 679 668 509 663 757 1029 906 809 1014 998 613 497 370 498 587 
243 193 240 231 205 0 1 0 0 0 139 122 152 133 150 0 0 0 0 0 0 0 0 0 0 
123 39 39 186 242 96 0 0 127 170 177 38 31 222 234 74 0 0 91 147 94 2 2 121 157 
162 0 135 171 177 216 54 228 272 245 306 151 316 354 365 243 55 208 241 256 174 0 147 225 183 
165 43 97 154 50 128 4 63 98 0 126 25 61 87 20 158 4 35 121 0 316 201 262 322 179 
98 7 23 0 90 88 0 15 0 123 183 91 107 80 182 158 66 91 60 147 227 109 123 114 234 
0 0 0 0 0 0 0 0 0 0 1026 1035 985 1003 1057 0 0 0 0 0 0 0 0 0 0 
0 0 0 264 0 2 0 2 250 1 100 109 99 371 119 109 96 86 382 120 0 0 0 250 0 
14 7 13 185 5 0 0 0 187 0 37 45 36 184 31 0 0 0 165 0 3 6 4 190 3 
0 0 0 0 0 0 0 0 0 0 0 0 0 0 0 84 83 93 92 108 238 216 217 268 209 
93 119 90 76 230 0 13 0 0 135 0 5 0 0 127 0 5 0 0 141 104 92 93 80 214 
161 179 181 187 185 0 0 0 0 0 0 0 0 0 0 0 0 0 0 0 104 94 92 78 97 
0 0 0 0 0 0 0 0 0 0 0 0 0 0 0 445 449 440 428 448 203 186 187 200 213 
0 215 0 0 95 0 195 0 0 105 136 362 159 140 238 0 208 0 0 108 0 245 0 0 88 
813 0 0 0 0 801 0 0 0 0 792 0 0 0 0 834 0 0 0 0 832 0 0 0 0 
4 0 198 146 201 64 57 227 174 235 121 116 270 228 276 158 162 365 319 307 103 100 254 187 270 
80 129 82 139 64 74 77 58 111 73 0 42 0 42 0 49 93 48 87 40 0 47 0 46 0 
29 9 16 6 19 129 91 111 101 120 30 0 0 0 18 21 0 0 0 19 122 104 93 96 134 
0 0 163 0 0 0 0 155 0 0 0 0 160 0 0 181 166 283 150 149 0 0 148 0 0 
0 95 57 76 0 0 110 59 71 0 74 163 132 160 55 0 98 64 68 0 0 127 84 71 0 
3 2 0 2 129 129 102 114 143 235 136 128 123 129 219 3 1 0 0 112 75 90 104 94 205 
0 0 0 0 0 0 0 0 0 0 0 0 0 0 0 1003 1051 1074 1044 975 0 0 0 0 0 
0 20 59 149 0 0 18 58 139 0 0 19 51 159 0 0 18 58 158 0 0 16 65 153 0 
93 143 90 172 167 1 45 14 85 92 18 56 22 94 113 0 61 0 60 90 0 44 0 63 81 
137 141 158 113 5 126 138 206 106 0 328 302 382 318 200 143 123 160 107 0 301 273 398 278 165 
76 11 13 99 17 77 0 0 109 0 213 156 134 231 125 65 0 0 100 0 112 49 45 173 39 
119 82 45 42 34 144 90 47 56 31 50 43 14 0 0 84 77 17 10 16 89 49 16 0 0 
0 0 195 78 0 0 0 222 75 0 0 0 257 88 0 0 0 238 63 0 0 0 211 62 0 
108 143 148 107 99 0 47 63 0 0 1 44 57 0 0 35 65 95 35 32 0 39 94 0 0 
76 56 74 77 71 117 138 124 128 109 25 48 47 43 42 0 0 0 0 0 0 0 0 0 0 
0 0 0 172 0 0 0 0 183 0 233 230 216 428 233 0 0 0 186 0 0 0 0 169 0 
0 0 0 0 0 148 141 188 147 155 0 0 0 0 0 0 0 0 0 0 83 59 70 68 83 
144 1 27 94 58 157 48 54 148 116 247 99 108 190 177 101 0 0 95 39 209 88 109 191 136 
0 87 0 0 0 0 85 0 0 0 0 65 0 0 0 118 155 83 129 85 55 133 45 48 49 
0 0 108 0 0 93 91 204 119 120 0 0 108 0 0 8 9 103 4 9 14 14 89 11 19 
247 218 166 273 122 112 101 52 103 0 79 103 41 107 0 243 231 148 251 120 131 136 62 155 0 
0 232 0 222 0 0 193 0 210 0 8 219 7 210 7 0 197 0 206 0 0 208 0 217 0 
0 40 0 122 0 1 51 0 147 0 0 49 0 134 0 63 152 82 209 72 0 59 0 123 0 
0 0 0 0 78 86 73 81 60 141 99 77 76 87 137 0 0 0 0 73 0 0 0 0 80 
78 229 295 51 189 26 171 226 3 109 62 235 307 48 195 88 237 283 90 216 231 322 376 162 269 
1 60 41 0 101 30 82 57 13 110 37 114 118 49 122 0 89 38 0 88 0 79 29 0 83 
105 84 111 109 105 17 0 0 39 0 15 0 0 37 0 18 0 0 42 0 80 67 60 106 69 
69 0 65 0 0 63 0 75 0 0 113 53 107 47 50 99 15 78 13 12 66 0 73 0 0 
0 19 84 0 103 0 12 74 0 116 0 17 77 0 111 0 14 98 0 142 0 14 71 0 105 
12 39 115 62 16 40 58 124 85 35 0 38 102 36 0 34 59 133 84 29 0 21 86 53 0 
0 71 0 0 0 0 82 0 0 0 145 270 139 153 146 0 100 0 0 0 14 84 22 29 33 
0 0 0 71 0 61 64 51 122 81 0 0 0 70 0 0 0 0 80 0 71 64 57 149 61 
49 0 93 48 0 57 0 109 54 0 59 0 93 50 0 46 0 103 54 0 44 0 99 46 0 
77 46 0 29 0 103 73 16 47 24 93 86 0 25 0 110 53 0 41 0 87 58 0 33 0 
0 0 0 0 37 252 245 254 266 286 0 0 0 0 58 0 0 0 0 55 0 0 0 0 50 
74 40 52 103 75 42 32 43 80 62 17 0 0 46 9 22 0 0 41 10 27 12 7 52 27 
29 56 6 7 9 17 49 0 0 0 20 73 0 0 0 130 166 128 117 114 27 75 0 0 0 
0 0 0 21 0 186 170 197 198 164 0 0 0 23 0 0 0 0 22 0 0 0 0 19 0 
82 90 151 157 109 0 0 56 67 0 0 0 80 64 0 0 0 76 59 0 0 0 68 76 0 
72 64 65 54 77 50 0 0 0 11 83 71 50 53 79 30 0 0 0 24 111 56 56 51 77 
0 0 29 2 84 13 6 50 16 108 0 0 43 0 94 16 9 55 10 117 110 115 148 89 213 
66 119 161 74 81 44 97 113 35 33 0 34 84 0 0 0 41 88 0 0 0 29 77 0 0 
0 0 123 0 0 0 0 101 0 0 85 119 230 120 109 0 0 98 0 0 0 0 115 0 0 
104 116 34 57 144 39 42 0 0 87 47 63 0 0 71 46 43 0 0 80 66 51 0 0 86 
0 47 0 22 19 51 109 50 75 80 0 58 0 20 33 0 54 0 35 29 22 59 16 49 46 
10 9 117 4 15 0 0 111 0 0 0 0 108 0 0 43 48 152 39 35 96 102 187 71 98 
0 0 0 51 75 87 81 63 116 163 0 0 0 49 73 0 0 0 36 83 0 0 0 45 73 
94 165 75 71 82 21 106 0 0 0 30 115 7 8 9 22 75 0 0 0 24 78 0 0 0 
73 37 102 45 103 20 0 43 9 60 17 0 45 0 74 22 0 53 0 55 1 0 40 0 60 
49 0 9 0 1 63 0 9 0 0 94 51 69 58 77 93 14 6 2 13 130 81 97 88 74 
33 34 118 45 52 0 0 80 0 0 0 0 77 0 0 2 0 70 0 0 30 34 109 34 27 
0 62 67 0 0 0 65 50 0 0 19 104 75 21 20 32 109 49 39 42 0 62 55 0 0 
0 0 79 0 37 13 27 84 18 53 0 0 75 0 16 0 0 59 0 11 0 0 87 0 19 
0 2154 0 0 0 0 2229 0 0 0 0 2102 0 0 0 0 2153 0 0 0 0 2097 0 0 0 
17 103 91 14 15 70 172 165 87 53 4 110 99 2 0 34 168 120 82 30 8 115 82 0 0 
59 111 91 0 0 47 133 111 0 0 79 128 108 0 0 69 127 105 0 0 56 118 105 0 0 
0 86 0 105 0 91 149 72 145 76 65 136 33 128 45 0 73 0 123 0 0 105 0 89 0 
0 0 0 0 0 1289 1255 1245 1208 1279 0 0 0 0 0 0 0 0 0 0 0 0 0 0 0 
0 0 80 125 0 0 0 75 106 0 0 0 80 127 0 0 0 80 125 0 0 0 72 128 0 
149 53 51 92 40 151 55 56 117 62 85 0 0 41 0 81 0 0 46 0 92 0 0 48 0 
0 142 0 0 94 0 166 0 0 83 0 180 0 2 89 0 154 0 0 78 0 160 0 0 104 
201 289 193 250 85 134 248 91 120 25 277 362 239 262 115 271 391 263 252 126 201 335 257 193 130 
99 87 292 290 93 0 0 181 197 0 115 119 274 289 86 0 0 168 172 6 20 20 217 205 27 
148 129 117 152 268 9 22 5 10 174 14 16 9 14 167 221 229 160 190 355 230 258 241 234 399 
0 137 0 0 0 0 102 0 0 0 0 133 0 0 0 6 123 0 5 0 260 354 270 249 253 
46 24 36 11 42 40 14 28 0 37 39 11 35 0 29 64 14 30 0 42 105 97 85 73 112 
210 74 0 103 0 208 75 0 109 0 214 63 0 104 0 196 68 0 116 0 205 69 1 117 0 
0 0 1454 0 0 0 0 1483 0 0 0 0 1356 0 0 0 0 1488 0 0 0 0 1436 0 0 
69 6 8 48 22 90 53 45 91 69 82 58 53 65 72 58 24 18 62 33 49 0 0 21 13 
98 110 122 72 173 0 0 6 0 43 50 68 69 52 98 0 0 16 0 47 0 0 10 0 58 
45 88 0 101 0 154 184 95 215 88 111 121 82 204 79 56 79 0 95 0 42 69 0 112 0 
85 92 86 83 142 89 88 67 68 128 0 25 0 0 59 0 19 0 0 35 64 87 59 57 116 
0 64 0 0 0 30 114 31 31 28 33 125 29 32 31 22 110 15 17 27 34 106 38 33 38 
33 11 39 34 0 101 71 112 112 63 43 21 47 36 0 46 9 44 35 0 41 19 37 39 0 
152 0 0 0 0 137 0 0 0 0 225 83 103 105 105 126 0 0 0 0 131 0 0 0 0 
0 0 0 0 828 0 0 0 0 785 0 0 0 0 839 0 0 0 0 828 0 0 0 0 777 
88 133 99 224 198 0 14 5 110 58 0 21 8 85 72 0 15 9 125 67 40 49 33 131 81 
126 0 0 0 0 255 94 81 82 72 146 0 0 0 0 148 0 0 0 0 146 0 0 0 0 
0 0 0 0 0 73 58 70 65 72 0 0 0 0 0 143 117 141 143 136 0 0 0 0 0 
0 22 0 143 0 33 55 46 186 32 0 19 0 132 0 0 16 0 136 0 0 20 0 160 0 
139 50 101 89 149 105 0 73 30 69 108 16 96 62 78 195 102 151 104 164 80 0 35 31 58 
55 61 67 156 130 35 25 39 101 95 0 0 0 92 67 0 0 0 54 58 7 11 6 101 63 
0 9 80 0 0 98 129 213 100 108 0 16 90 0 0 71 90 211 57 78 0 5 82 0 0 
214 6 200 0 0 219 1 180 0 0 216 4 187 4 0 186 2 184 0 0 227 21 192 10 10 
316 105 319 126 173 370 187 423 196 205 349 144 365 185 230 218 11 215 47 87 192 53 250 36 94 
65 152 69 83 66 0 86 0 27 0 17 128 28 34 27 0 104 0 17 0 0 75 0 22 0 
0 0 33 0 58 35 46 78 44 113 55 74 89 53 121 0 0 33 0 61 0 0 49 0 58 
0 0 17 0 210 0 0 20 0 202 0 0 31 0 186 0 0 28 0 208 0 0 25 0 218 
0 0 0 52 0 0 0 0 69 0 58 61 51 160 46 0 0 0 67 0 99 82 91 178 93 
118 0 0 120 0 147 0 0 132 0 140 0 0 123 0 127 0 0 138 0 132 0 0 138 0 
0 48 75 72 8 112 177 198 190 117 161 209 238 246 147 9 58 108 108 12 59 123 140 150 62 
102 123 114 105 202 0 0 0 0 72 0 0 0 0 71 20 23 27 21 100 0 0 0 0 75 
119 209 126 118 120 0 110 0 0 0 77 181 82 84 78 4 104 4 3 10 91 185 77 74 92 
164 166 90 99 100 99 52 0 0 0 104 51 4 5 9 76 55 0 0 0 83 64 0 0 0 
0 128 0 0 0 41 171 62 60 77 0 128 0 0 0 76 213 96 95 71 0 128 0 0 0 
0 0 0 0 0 0 0 0 0 0 0 0 0 0 0 0 0 0 0 0 454 413 453 431 392 
0 0 37 0 0 73 79 92 75 87 0 0 30 0 0 77 75 84 58 79 19 25 59 22 26 
8 15 16 17 52 0 0 0 0 36 80 79 71 69 99 0 0 0 0 33 68 98 78 76 105 
0 0 0 134 0 0 0 0 118 0 0 0 0 143 0 0 0 0 147 0 80 74 82 204 83 
0 66 0 34 70 0 61 0 37 72 0 56 0 36 91 0 58 0 30 73 17 76 22 54 109 
0 28 0 24 0 80 98 78 78 78 81 78 75 77 77 0 14 0 19 0 122 148 126 160 120 
0 0 116 55 0 40 45 154 105 49 0 0 101 39 0 0 0 88 38 0 0 0 125 35 0 
59 0 0 0 0 126 62 61 76 69 99 20 18 20 15 131 47 46 52 41 58 0 0 0 0 
83 35 33 111 37 38 0 0 90 0 48 0 0 85 0 83 35 30 120 32 55 0 0 83 0 
0 0 63 43 0 0 0 55 43 0 101 99 149 132 97 0 0 62 47 0 0 0 67 42 0 
3 6 50 105 7 0 0 49 70 0 52 31 102 118 47 31 40 72 114 38 0 0 49 79 0 
82 5 60 47 11 52 6 50 52 14 156 85 136 134 95 80 28 46 57 13 72 3 52 35 0 
56 0 65 0 69 45 0 74 0 60 37 0 75 0 81 109 57 131 71 128 41 0 64 0 63 
102 37 168 93 58 70 15 139 70 36 66 0 124 38 16 157 55 176 122 97 86 24 196 74 74 
8 108 172 41 107 135 208 304 134 252 32 105 206 57 170 0 48 177 0 119 85 154 233 111 212 
27 24 26 65 56 50 44 43 89 83 0 0 0 36 35 0 0 0 27 19 87 102 102 151 112 
21 35 0 102 0 31 54 0 120 0 91 91 50 153 70 25 45 0 123 0 41 39 0 88 0 
0 0 56 0 0 169 151 214 160 182 0 0 63 0 0 0 0 87 0 0 0 0 68 0 0 
59 10 8 5 16 88 64 67 69 66 94 78 87 91 92 39 0 6 0 11 32 11 15 3 19 
19 135 80 14 37 0 111 68 9 14 0 97 56 0 26 0 100 61 7 16 49 157 118 42 90 
124 160 84 85 84 57 55 36 18 17 36 51 15 0 0 34 42 13 0 0 28 38 12 0 0 
58 69 5 0 0 49 54 0 0 0 47 54 13 0 10 59 68 34 28 40 51 59 40 0 23 
37 73 43 70 28 0 55 10 42 16 2 49 9 45 17 0 41 14 29 10 38 104 62 97 78 
0 0 62 31 11 0 0 55 39 5 0 0 50 44 8 50 61 143 113 70 58 60 119 104 69 
29 38 26 23 34 0 0 0 0 0 73 63 60 63 56 0 0 0 0 0 122 112 102 116 116 
52 35 35 38 42 0 0 0 0 0 0 0 3 0 0 56 56 69 63 63 135 104 136 171 149 
27 29 96 25 31 0 7 55 0 0 60 50 129 46 45 0 0 53 0 0 0 1 60 0 0 
0 0 120 10 0 0 0 68 0 0 19 20 78 0 18 0 0 87 2 0 0 0 87 2 0 
48 74 0 0 0 70 100 43 34 30 72 123 20 14 9 87 132 46 41 45 40 69 0 0 0 
88 116 71 54 63 12 42 3 0 0 76 127 63 50 53 36 69 26 15 15 23 55 0 0 0 
0 125 120 175 0 0 131 129 180 0 0 114 128 184 0 0 130 125 168 0 0 138 124 179 0 
14 0 0 193 0 11 0 0 143 0 125 106 131 248 107 12 0 1 138 0 27 1 0 142 0 
125 146 24 68 89 158 244 73 107 162 153 209 99 111 124 85 130 13 36 61 257 313 141 166 206 
70 189 139 88 100 8 58 78 16 4 34 81 110 37 28 24 95 70 12 28 0 68 55 0 0 
7 24 14 0 78 7 26 19 0 117 0 22 13 3 53 53 84 72 35 148 29 45 41 26 105 
708 516 623 392 525 467 219 304 168 240 480 284 364 216 279 361 173 192 38 169 551 353 469 338 377 
96 65 2 3 0 178 157 91 72 76 103 89 0 0 0 110 101 26 19 19 72 61 0 0 0 
188 330 127 165 144 277 412 176 277 200 158 310 107 176 90 49 198 2 47 0 97 215 65 107 58 
0 0 0 0 53 0 0 0 0 59 0 0 0 0 70 0 0 0 0 61 136 160 144 156 188 
150 0 0 52 0 154 0 0 54 0 141 0 0 38 0 168 0 0 45 0 149 0 0 38 0 
177 148 186 261 135 47 7 93 126 2 61 37 113 164 61 39 1 112 95 30 37 0 83 89 2 
134 112 90 74 5 182 163 145 108 96 104 86 73 38 3 253 212 207 123 122 152 140 136 64 48 
72 152 59 75 64 0 63 0 0 0 6 92 5 5 4 0 77 0 0 0 92 181 72 93 81 
0 0 0 18 0 0 0 0 22 0 0 0 0 19 0 0 0 0 22 0 187 205 226 231 228 
63 10 61 113 90 10 0 30 87 75 73 25 50 148 104 17 0 38 85 93 123 68 96 180 186 
0 127 94 0 121 0 106 95 0 114 0 130 61 0 96 0 95 99 0 111 0 129 88 0 124 
54 27 60 39 36 74 55 93 55 61 28 16 40 21 8 55 48 116 70 51 6 0 35 0 0 
83 0 0 0 50 69 0 0 0 49 81 0 0 0 60 66 0 0 0 52 184 87 77 91 148 
55 80 0 67 50 47 67 0 93 62 52 49 0 119 60 134 174 82 179 146 87 110 30 119 90 
79 112 112 95 78 9 37 52 13 11 0 14 50 0 0 69 81 104 58 53 27 33 57 17 18 
0 0 0 140 35 0 0 0 158 28 27 29 16 157 51 0 0 0 149 34 0 0 0 138 38 
0 0 0 178 19 234 197 177 442 230 0 0 0 194 13 153 156 164 343 159 0 0 0 167 8 
53 162 179 198 66 23 117 149 215 30 85 169 180 230 98 66 247 225 280 119 116 151 199 274 108 
0 0 0 1282 0 0 0 0 1295 1 1 0 0 1299 0 0 0 1 1364 3 0 0 0 1290 0 
195 0 0 0 0 197 13 18 17 20 178 0 0 0 0 197 0 0 0 0 166 0 0 0 0 
92 0 0 0 0 117 0 0 0 0 122 0 0 0 0 102 0 0 0 0 206 88 85 89 99 
146 66 46 71 89 53 0 0 17 15 128 52 47 45 55 120 46 63 101 66 186 100 78 138 116 
1 1 0 0 17 0 35 1 0 0 0 0 0 0 0 35 56 24 41 62 0 0 0 0 0 
48 54 104 77 58 0 0 38 0 0 0 0 51 0 0 0 0 46 0 0 133 128 163 148 134 
1 15 2 76 224 129 134 117 211 359 1 28 0 92 244 0 19 1 92 259 121 153 121 187 323 
14 14 85 9 260 0 1 48 6 191 128 120 177 137 297 162 151 249 187 377 4 4 54 0 204 
117 229 248 185 84 132 226 275 191 86 133 233 266 187 122 64 154 197 99 38 42 163 181 132 0 
120 0 0 8 0 107 0 0 0 0 128 0 0 0 0 120 0 0 0 0 154 22 31 43 40 
48 70 36 44 50 0 46 0 0 0 50 83 45 39 60 7 40 0 0 27 0 52 0 0 13 
628 636 646 685 636 0 0 0 0 0 0 0 0 0 0 0 0 0 0 0 0 0 0 0 0 
73 50 0 0 0 94 78 21 16 16 146 90 37 45 30 102 71 0 0 0 109 101 27 27 28 
36 0 0 66 75 77 45 43 98 131 19 0 0 61 69 45 10 14 64 64 33 28 33 73 86 
14 8 0 0 84 17 2 0 0 69 70 61 45 44 134 22 28 16 15 73 98 125 102 100 132 
55 0 0 0 0 62 0 0 0 0 64 0 0 0 0 202 132 145 146 141 51 0 0 0 0 
58 127 118 101 114 81 243 140 149 186 3 96 61 36 30 96 151 136 134 122 107 223 184 159 183 
0 0 0 0 0 31 35 29 18 22 0 0 0 0 0 59 67 68 65 90 100 94 96 97 127 
163 18 96 5 17 224 3 53 8 9 290 89 151 87 103 320 151 265 169 147 240 48 90 30 41 
24 0 44 16 0 24 0 22 0 0 45 0 25 30 0 106 70 106 97 85 29 3 37 13 3 
0 0 190 0 31 0 0 230 0 32 0 0 193 0 26 0 0 179 0 23 0 0 180 0 33 
115 66 0 135 57 108 80 0 114 91 135 119 40 146 86 94 67 0 109 69 103 97 3 145 58 
40 66 43 62 33 12 22 0 23 0 61 83 51 86 36 12 43 6 36 5 56 56 54 80 28 
0 0 46 53 0 75 52 106 100 65 0 0 43 39 0 59 49 102 81 48 40 30 83 76 29 
