1078 998 974 995 1069 1230 1215 1198 1125 1245 780 784 825 833 966 1028 995 1075 1078 1117 745 633 681 645 738 
172 129 167 155 139 0 0 0 0 0 108 77 109 98 96 0 0 0 0 0 0 0 0 0 0 
95 33 27 161 160 69 0 0 131 116 172 74 60 204 227 90 0 0 101 144 63 0 0 119 116 
184 25 73 19 44 117 0 0 0 0 284 74 114 75 89 284 137 201 178 156 202 55 87 67 68 
0 0 0 151 10 154 130 132 318 180 1 1 0 170 14 124 122 120 261 111 0 0 0 139 7 
132 39 68 109 21 118 2 76 83 0 136 39 73 80 15 116 0 47 110 0 277 173 234 272 166 
97 7 7 0 77 75 4 5 0 98 164 82 82 77 154 145 68 86 64 133 191 87 100 93 202 
0 0 0 0 0 0 0 0 0 0 1008 1022 968 995 1032 0 0 0 0 0 0 0 0 0 0 
0 0 0 231 0 0 0 4 233 1 98 105 96 333 113 99 100 84 344 115 0 0 0 215 0 
14 7 16 189 4 0 0 0 203 0 37 48 42 196 35 0 0 0 179 0 4 7 4 200 3 
80 224 218 257 72 40 159 222 267 42 131 252 293 344 119 99 286 249 325 107 105 192 224 313 73 
0 0 0 0 0 0 2 0 0 0 0 0 0 0 0 57 60 61 71 80 171 155 163 180 149 
76 104 64 61 198 0 12 0 0 125 0 4 0 0 127 0 7 1 0 115 97 82 102 81 191 
154 149 156 169 163 0 0 0 0 0 0 0 0 0 0 0 0 0 0 0 87 81 65 75 80 
0 0 0 0 0 0 0 0 0 0 0 0 0 0 0 429 434 413 409 413 191 178 181 188 203 
0 209 0 0 87 0 179 0 0 97 124 332 160 130 206 0 185 0 0 99 0 223 0 0 73 
794 0 0 0 0 788 0 0 0 0 783 0 0 0 0 812 0 0 0 0 823 0 0 0 0 
14 11 195 157 199 66 28 242 200 229 126 100 279 263 237 200 207 398 351 361 137 111 289 232 311 
96 140 89 151 74 83 88 81 128 94 0 51 0 46 0 56 101 58 107 49 0 44 0 42 0 
54 7 25 7 29 132 121 124 125 128 35 0 0 0 15 31 0 0 0 21 146 118 120 131 155 
0 0 139 0 0 0 0 136 0 0 0 0 148 0 0 156 129 263 143 139 0 0 147 0 0 
0 79 49 58 0 0 96 52 55 0 45 137 110 121 44 0 93 55 61 0 0 88 62 61 0 
0 1 0 6 142 135 108 130 146 248 148 115 119 118 239 6 2 0 1 120 86 91 92 83 194 
0 0 0 0 0 0 0 0 0 0 0 0 0 0 0 974 1035 1046 1013 942 0 0 0 0 0 
0 18 53 137 0 0 17 52 122 0 0 19 46 144 0 0 19 51 148 0 0 15 53 141 0 
63 47 0 0 0 83 68 15 13 15 130 82 34 32 29 88 58 0 0 0 93 89 20 23 29 
54 84 53 111 111 6 32 14 51 52 10 33 17 59 61 0 32 0 41 49 0 28 0 47 51 
98 107 112 64 0 91 113 148 63 0 261 273 282 247 176 103 105 116 64 0 255 194 264 201 130 
90 25 24 101 24 77 1 0 109 0 214 147 135 228 125 75 1 0 90 1 111 50 47 166 41 
103 82 40 42 30 128 92 44 53 27 48 43 11 0 0 76 66 15 11 10 75 50 9 0 0 
0 0 169 75 0 0 0 191 57 0 0 0 227 70 0 0 0 195 53 0 0 0 179 53 0 
146 195 207 145 120 2 70 86 0 0 0 50 90 0 0 59 102 145 58 50 0 43 108 0 0 
63 53 67 67 59 97 118 103 111 99 22 39 44 35 37 0 0 0 0 0 0 0 0 0 0 
0 0 0 166 0 0 0 0 176 0 232 236 221 415 245 0 0 0 172 0 0 0 0 156 0 
0 0 0 0 0 151 150 177 157 142 0 0 0 0 0 0 0 0 0 0 73 60 74 69 86 
88 2 0 55 36 103 22 35 79 76 167 59 71 130 123 70 0 0 59 32 158 54 69 119 97 
0 75 0 0 0 0 72 0 0 0 0 58 0 0 0 104 138 75 111 75 49 117 43 46 46 
0 0 107 0 0 92 95 198 112 119 0 0 105 0 0 7 9 105 5 9 14 14 91 9 17 
250 224 197 252 110 108 91 65 97 0 85 85 57 92 0 261 246 160 269 119 147 142 64 138 0 
0 0 0 0 0 39 48 30 24 28 0 0 0 0 0 67 79 78 77 107 117 117 115 115 152 
0 231 0 201 0 0 181 0 194 0 7 203 6 199 5 0 187 0 197 0 0 203 0 210 0 
0 39 0 110 0 0 48 0 125 0 0 43 0 123 0 66 122 61 190 63 0 53 0 109 0 
0 0 0 0 69 74 68 73 58 131 84 75 72 79 121 0 0 0 0 74 0 0 0 0 78 
73 287 261 25 221 45 208 201 0 146 83 303 286 31 234 177 373 312 117 270 198 363 330 124 263 
0 51 35 0 88 20 69 50 12 97 34 91 96 41 85 0 71 31 0 74 0 64 29 0 84 
123 107 127 142 142 15 0 0 37 0 16 0 0 41 0 21 0 0 47 0 108 72 75 132 91 
28 0 0 53 64 67 41 38 82 113 18 0 1 55 60 34 10 14 50 55 27 25 28 66 70 
102 0 73 0 0 88 0 102 0 0 157 81 141 70 71 137 22 108 18 19 90 0 98 0 0 
0 18 81 0 96 0 12 69 0 107 0 16 74 0 106 0 14 91 0 133 0 13 69 0 101 
13 48 133 64 18 50 76 149 98 36 0 36 120 37 0 49 72 151 91 39 0 26 108 54 0 
0 61 0 0 0 0 73 0 0 0 106 215 105 134 117 0 89 0 0 0 14 79 17 22 25 
0 0 0 71 0 61 62 51 122 81 0 0 0 70 0 0 0 0 80 0 71 63 57 147 61 
49 0 92 48 0 57 0 109 53 0 59 0 93 50 0 46 0 102 54 0 44 0 98 46 0 
77 45 0 29 0 103 73 16 48 24 92 86 0 25 0 111 53 0 40 0 87 58 0 33 0 
0 0 0 0 26 185 174 192 191 215 0 0 0 0 31 0 0 0 0 31 0 0 0 0 35 
89 47 57 109 77 58 37 49 96 68 24 0 0 52 10 28 0 0 48 11 38 12 8 56 27 
29 55 8 6 10 17 48 0 0 0 21 73 0 0 0 125 160 123 115 111 27 72 0 0 0 
0 0 0 21 0 186 170 197 197 164 0 0 0 23 0 0 0 0 22 0 0 0 0 19 0 
84 92 148 163 103 0 0 54 70 0 0 0 79 68 0 0 0 72 68 0 0 0 61 73 0 
63 57 59 48 68 41 0 0 0 11 76 62 48 48 72 30 0 0 0 22 92 49 45 49 60 
0 0 25 0 70 9 6 35 11 89 0 0 33 0 70 10 7 42 8 93 81 75 114 64 153 
602 605 622 652 599 0 0 0 0 0 0 0 0 0 0 0 0 0 0 0 0 0 0 0 0 
57 108 140 65 70 27 82 99 27 26 0 34 72 0 0 0 37 71 0 0 0 40 69 0 0 
0 0 110 0 0 0 0 91 0 0 76 114 206 112 101 0 0 85 0 0 0 0 104 0 0 
101 120 34 56 142 35 42 0 0 89 42 58 0 0 65 42 48 0 0 75 58 48 0 0 87 
0 42 0 0 0 31 83 20 45 33 0 56 0 13 0 0 47 0 20 0 6 40 12 13 0 
9 7 101 5 12 0 0 88 0 0 0 0 88 0 0 37 39 125 28 29 78 79 157 62 88 
0 0 0 51 75 88 81 63 117 163 0 0 0 49 73 0 0 0 36 84 0 0 0 47 73 
94 162 78 73 83 22 105 0 0 0 30 113 7 7 9 22 74 0 0 0 23 80 2 2 1 
81 39 112 55 112 23 0 47 15 69 25 0 49 11 83 23 0 59 13 67 16 0 46 15 75 
80 0 6 0 4 89 0 1 0 0 117 52 74 55 78 124 45 43 29 29 160 75 104 106 72 
64 30 118 45 47 32 0 81 0 0 29 0 76 0 0 26 0 70 0 3 81 42 117 41 44 
0 41 1 3 6 39 73 39 48 41 27 72 29 20 31 26 75 38 51 27 0 36 0 10 0 
90 79 100 51 61 34 29 34 0 12 55 69 59 27 44 46 29 39 0 13 35 32 38 0 10 
0 62 68 0 0 13 79 64 17 12 21 104 77 21 21 32 109 64 40 41 0 62 57 0 0 
58 102 57 52 49 38 110 36 41 33 19 83 21 21 31 27 64 28 30 31 0 66 0 0 0 
19 0 74 0 33 56 43 115 39 69 15 0 73 0 14 20 0 78 0 15 23 0 87 0 15 
0 2061 0 0 0 0 2111 0 0 0 0 1993 0 0 0 0 2093 0 0 0 0 2002 0 0 0 
22 135 122 20 11 81 231 172 80 65 11 137 125 4 0 51 246 180 94 59 9 125 86 4 0 
59 95 79 0 0 44 106 98 0 0 81 103 93 1 0 59 110 85 0 0 62 101 95 0 0 
10 143 0 139 0 138 237 112 294 123 116 218 91 266 73 0 119 0 153 0 4 128 0 127 0 
109 140 20 177 120 89 183 6 225 129 76 132 4 207 101 284 323 204 375 235 160 250 144 295 206 
0 0 0 0 0 1253 1204 1215 1175 1235 0 0 0 0 0 0 0 0 0 0 0 0 0 0 0 
0 0 80 131 0 0 0 76 111 0 0 0 82 134 0 0 0 81 132 0 0 0 77 134 0 
154 53 59 100 43 182 63 59 109 59 106 0 0 41 0 92 0 0 36 0 92 0 0 51 0 
0 124 0 0 88 0 154 0 0 81 0 170 0 0 88 0 140 0 0 69 0 151 0 0 109 
123 198 77 159 98 133 225 90 121 59 233 328 173 254 142 155 220 118 138 99 171 361 217 202 190 
58 56 208 203 96 9 0 135 99 22 91 84 186 229 85 7 0 93 104 24 31 30 149 131 55 
158 132 123 181 263 7 20 0 1 164 11 11 3 9 157 232 223 173 203 373 216 258 239 231 392 
0 70 0 0 0 0 55 0 0 0 0 79 0 0 0 7 68 4 8 6 182 218 183 154 176 
55 26 36 11 44 45 16 29 0 46 47 15 36 0 33 73 14 35 0 44 125 115 93 83 139 
202 77 0 102 0 199 62 0 105 0 205 59 0 105 0 192 69 0 112 0 203 57 0 116 0 
52 16 0 33 40 136 99 87 112 112 56 10 0 37 37 42 5 0 27 43 50 11 0 28 30 
55 0 0 0 0 62 0 0 0 0 63 0 0 0 0 202 134 145 146 141 52 0 0 0 0 
73 188 200 112 34 82 192 172 114 20 71 173 156 68 38 38 127 164 57 3 47 196 184 86 25 
74 6 10 53 27 107 71 54 105 70 109 73 68 85 84 74 25 21 66 31 61 0 0 27 17 
114 120 126 87 190 0 0 5 0 47 63 80 79 70 110 0 0 17 0 59 0 0 14 0 67 
43 48 1 58 0 129 143 82 102 64 62 53 17 77 40 55 40 0 50 0 25 33 0 68 0 
66 76 66 81 112 77 65 57 56 85 0 22 0 0 43 0 18 0 0 26 52 62 47 47 74 
0 73 0 0 1 30 138 38 36 32 36 143 39 38 38 26 123 25 29 34 46 131 42 41 48 
39 12 43 36 0 114 78 129 129 71 48 24 54 41 0 57 11 52 41 0 49 19 45 44 0 
3 25 0 106 247 163 174 168 237 401 1 36 0 97 280 0 24 0 100 284 140 173 126 220 368 
14 23 91 4 227 3 1 75 12 168 111 106 180 117 273 141 156 242 177 345 1 0 81 0 193 
162 0 0 0 0 137 0 0 0 0 228 78 107 108 107 126 0 0 0 0 129 0 0 0 0 
0 0 0 0 833 0 0 0 0 791 0 0 0 0 844 0 0 0 0 837 0 0 0 0 782 
104 98 0 159 53 115 98 5 140 89 155 171 58 213 109 108 109 11 166 85 103 146 0 150 50 
113 0 0 0 0 221 86 74 75 66 133 0 0 0 0 128 0 0 0 0 125 0 0 0 0 
48 23 57 40 33 81 53 101 61 63 23 13 42 21 12 59 52 116 82 50 6 0 34 0 0 
0 23 0 148 0 35 57 48 189 33 0 19 0 133 0 0 17 0 142 0 0 21 0 170 0 
83 60 104 129 153 42 0 67 56 60 20 0 76 71 63 100 53 109 122 130 5 0 42 46 46 
45 51 62 138 108 27 23 32 84 78 0 0 0 87 56 0 0 0 54 56 9 12 9 78 58 
0 8 57 0 0 72 81 151 73 80 0 9 61 0 0 47 66 142 43 52 0 5 53 0 0 
223 16 202 0 0 225 14 196 0 0 222 12 197 4 2 190 9 201 0 0 233 27 193 12 10 
0 0 0 0 0 70 53 66 61 70 0 0 0 0 0 139 114 132 139 134 0 0 0 0 0 
307 134 372 154 233 359 191 433 233 264 365 184 427 229 296 206 35 238 96 147 258 111 322 86 157 
66 161 69 86 70 0 91 0 30 0 17 136 28 35 27 0 108 0 19 0 0 78 0 22 0 
0 0 0 18 0 0 0 0 20 0 0 0 0 18 0 0 0 0 21 0 178 190 219 226 209 
0 0 38 0 68 41 51 84 57 131 64 78 111 59 142 0 0 42 0 68 0 0 57 0 70 
0 0 16 0 187 0 0 16 0 179 0 0 28 0 167 0 0 25 0 179 0 0 24 0 182 
0 0 0 50 0 0 0 0 59 0 54 59 45 140 45 0 0 0 59 0 85 78 82 158 86 
94 0 0 112 0 123 0 0 124 0 108 0 0 102 0 100 0 0 128 0 113 0 0 124 0 
14 54 60 40 2 100 171 153 144 104 179 213 215 218 130 0 72 73 85 15 67 119 81 98 53 
123 153 134 120 238 0 0 0 0 84 0 0 0 0 83 21 31 32 21 119 0 0 0 0 85 
109 214 98 99 91 0 104 0 0 0 35 161 34 47 43 1 113 0 0 0 140 269 114 125 123 
136 126 76 78 78 76 45 0 0 0 85 47 4 4 8 63 47 0 0 0 71 56 0 0 0 
0 110 0 0 0 31 165 47 51 62 0 119 0 0 0 60 190 75 78 66 0 118 0 0 0 
91 0 0 0 0 117 0 0 0 0 122 0 0 0 0 102 0 0 0 0 206 87 85 89 99 
0 0 0 0 0 0 0 0 0 0 0 0 0 0 0 0 0 0 0 0 452 420 440 438 414 
0 0 37 0 0 74 79 91 79 90 0 0 31 0 0 77 74 88 61 83 19 27 60 22 27 
8 16 17 19 54 0 0 0 0 36 81 80 72 69 100 0 0 0 0 33 71 98 80 77 107 
0 0 0 127 0 0 0 0 111 0 0 0 0 135 0 0 0 0 139 0 72 71 76 190 79 
0 52 0 34 61 1 45 0 38 64 0 28 0 36 81 0 40 0 32 68 18 61 24 55 95 
71 0 0 0 33 60 0 0 0 30 78 0 0 0 38 62 0 0 0 25 161 83 72 84 122 
0 112 0 0 0 0 108 0 0 0 0 106 0 0 0 0 96 0 0 0 97 185 98 104 92 
9 60 33 52 38 45 62 47 38 53 49 42 41 33 47 0 8 0 11 0 90 103 87 87 76 
0 0 117 55 0 43 45 155 106 50 0 0 102 39 0 0 0 89 38 0 0 0 126 35 0 
3 36 10 0 20 14 66 19 0 24 7 52 0 0 23 43 72 42 48 74 0 37 8 0 32 
59 0 0 0 0 126 62 61 76 69 100 20 18 20 15 131 47 46 52 41 58 0 0 0 0 
195 0 0 0 0 197 13 18 17 20 178 0 0 0 0 196 0 0 0 0 166 0 0 0 0 
83 35 33 111 36 39 0 0 91 0 48 0 0 85 0 83 35 30 120 32 54 0 0 83 0 
0 0 0 29 0 35 30 40 62 34 26 27 30 46 31 0 0 0 22 0 49 55 55 101 59 
0 0 63 43 0 0 0 54 43 0 101 99 149 131 97 0 0 61 47 0 0 0 66 42 0 
77 6 63 137 110 33 14 43 125 105 79 25 49 145 121 35 2 36 120 91 135 79 124 217 219 
3 5 60 119 8 0 0 56 96 0 54 35 138 147 56 45 52 90 132 45 0 0 53 104 0 
51 5 57 34 6 50 4 41 48 21 134 76 130 121 86 65 22 38 39 9 51 0 44 37 1 
50 0 70 0 67 45 0 65 0 62 35 0 77 0 83 103 59 122 65 123 37 0 67 0 66 
115 58 155 72 66 97 26 168 76 36 68 0 87 5 4 161 86 205 121 98 131 52 195 76 67 
13 136 170 47 163 168 272 328 152 305 33 144 217 63 237 0 63 165 2 140 105 184 267 123 286 
33 25 32 79 63 52 53 38 94 85 0 0 0 33 39 0 0 0 26 22 110 108 116 163 117 
20 37 0 92 2 34 55 0 122 0 98 98 44 156 61 29 44 0 117 0 52 45 0 107 0 
0 0 50 0 0 155 139 192 140 163 0 0 57 0 0 0 0 69 0 0 0 1 64 0 0 
48 81 54 86 40 14 23 0 28 0 71 94 68 114 41 14 48 8 44 6 70 73 66 97 32 
11 8 0 0 66 14 2 0 0 54 58 56 46 40 115 19 18 15 13 68 87 104 83 79 116 
77 12 11 6 23 114 82 75 87 85 126 87 96 103 98 45 0 7 0 16 47 14 20 9 29 
20 104 74 18 34 0 87 67 4 7 0 71 43 0 18 0 78 54 8 14 45 125 100 39 87 
122 160 83 85 83 59 54 37 18 18 35 49 14 0 0 34 41 13 0 0 27 38 13 0 0 
0 69 55 0 67 0 71 63 0 72 0 79 53 0 55 0 66 64 0 69 0 84 67 0 66 
95 0 0 69 0 83 0 0 66 0 99 0 0 67 0 100 0 0 51 0 122 14 23 97 29 
67 128 75 75 80 0 63 0 0 0 39 103 44 38 37 0 55 0 0 0 30 77 27 30 30 
67 75 10 22 21 49 44 2 0 3 50 66 16 5 16 64 70 37 39 47 79 73 48 30 44 
38 69 39 67 26 0 55 8 40 11 0 43 0 41 15 0 39 12 29 6 36 93 62 97 78 
0 0 58 32 11 0 0 62 37 3 0 0 51 45 6 50 61 139 107 65 56 60 110 109 70 
29 38 26 22 31 0 0 0 0 0 71 59 57 62 55 0 0 0 0 0 120 104 99 114 110 
44 37 39 38 42 0 0 16 0 0 0 0 23 0 0 54 45 101 61 53 141 111 157 158 137 
34 42 109 46 52 7 8 61 14 11 59 53 127 58 52 0 0 51 0 0 0 2 58 23 0 
0 0 180 32 0 0 0 141 23 0 19 20 156 37 18 0 0 166 23 0 0 0 162 23 0 
42 68 0 0 0 66 92 37 30 29 67 108 17 14 9 79 114 37 37 41 36 65 0 0 0 
87 0 87 87 107 157 75 176 182 187 177 93 199 209 224 158 60 127 125 172 107 7 103 148 129 
99 142 86 64 74 13 63 3 0 0 82 167 76 62 67 47 86 31 23 19 28 65 0 0 1 
0 116 107 162 0 0 127 119 164 1 0 107 119 167 2 0 116 114 153 0 0 127 118 164 0 
0 0 0 140 35 0 0 0 158 28 27 29 16 157 51 0 0 0 149 34 0 0 0 137 38 
26 0 0 162 0 10 0 0 120 0 126 81 121 250 118 30 0 0 124 0 32 0 0 128 1 
54 73 45 35 67 0 55 6 0 19 49 77 41 36 61 3 39 0 0 29 0 59 1 0 34 
137 146 24 49 81 176 175 65 93 153 152 147 57 65 94 79 84 1 18 69 208 214 71 122 116 
76 200 146 99 111 9 52 92 19 5 46 85 125 49 42 30 86 74 13 34 0 68 63 0 0 
9 29 15 9 72 15 34 27 10 118 9 24 16 9 58 70 90 75 47 172 33 46 39 30 104 
0 0 202 0 34 0 0 213 0 32 0 0 197 0 22 0 0 183 0 20 0 0 181 0 29 
685 469 584 405 491 466 232 294 151 225 505 329 318 208 321 367 174 150 34 156 605 386 427 349 410 
99 71 2 4 1 162 160 78 71 72 88 89 0 0 0 108 107 25 21 18 71 64 0 0 0 
149 289 135 163 144 267 376 164 279 184 133 270 86 145 74 45 176 1 50 0 90 206 65 88 25 
25 0 30 85 0 27 0 18 54 0 81 46 73 90 30 100 56 87 116 67 28 0 26 54 0 
0 0 0 0 63 0 0 0 0 75 0 0 0 0 87 0 0 0 0 80 168 210 184 208 257 
98 3 41 0 19 151 12 70 26 36 167 58 118 58 82 215 117 172 73 118 144 28 48 26 33 
57 36 120 116 29 0 0 83 109 0 55 45 125 138 44 0 0 96 99 0 0 0 79 80 0 
150 0 0 54 0 156 0 0 55 0 141 0 0 40 0 168 0 0 46 0 149 0 0 41 0 
176 122 175 269 136 39 0 73 138 2 59 44 120 192 72 34 0 86 95 24 23 0 78 98 0 
66 28 30 73 79 41 0 0 35 61 61 0 0 27 38 62 0 0 36 43 97 48 52 83 87 
0 0 50 58 0 76 59 110 104 73 0 0 40 42 0 66 50 112 94 57 49 37 90 88 31 
0 0 0 39 0 83 66 53 120 62 0 0 0 28 0 48 52 68 102 57 50 52 48 110 44 
54 96 70 142 128 0 9 4 79 40 0 13 6 52 47 0 11 7 68 45 27 37 22 86 50 
122 103 81 100 35 184 165 140 157 126 91 64 47 76 2 246 178 194 180 142 142 145 140 99 88 
56 81 112 121 67 0 0 31 0 0 0 0 54 0 0 0 0 59 0 0 146 169 213 176 180 
0 0 0 1179 0 0 0 0 1174 0 0 0 0 1187 0 0 2 2 1260 1 0 0 0 1197 0 
0 0 0 0 0 0 0 0 0 0 0 0 0 0 0 0 0 0 0 0 0 0 10 0 22 
0 0 1453 0 0 0 0 1476 0 0 0 0 1357 0 0 0 0 1490 0 0 0 0 1447 0 0 
