750 678 539 618 664 1137 1021 901 1052 999 672 608 459 650 679 1004 857 780 888 924 556 490 373 393 527 
224 164 224 218 203 0 1 0 0 0 129 124 132 109 136 0 0 0 0 0 0 0 0 0 0 
80 47 30 162 173 71 0 0 139 161 120 33 27 189 205 50 0 0 70 121 78 0 0 98 114 
157 0 116 166 158 197 35 171 203 223 321 123 273 294 331 206 38 163 216 201 163 0 99 184 145 
131 31 96 110 20 121 7 75 82 0 97 25 63 82 11 108 2 49 92 0 256 174 205 260 152 
102 7 22 0 87 84 0 20 0 108 191 96 107 94 188 181 74 103 72 158 221 104 122 105 228 
0 0 0 0 0 0 0 0 0 0 1039 1059 1009 1043 1093 0 0 0 0 0 0 0 0 0 0 
0 0 0 253 0 0 0 3 237 0 107 103 97 353 115 109 103 86 374 114 0 0 0 232 0 
15 10 14 170 5 0 0 0 173 0 35 44 34 173 29 0 0 0 146 0 3 5 2 174 3 
0 0 0 0 0 0 0 0 0 0 0 0 0 0 0 73 87 83 83 108 207 191 197 215 194 
65 78 57 50 142 2 9 0 0 89 0 3 0 0 90 0 3 0 0 91 72 71 66 57 142 
151 150 162 171 158 0 0 0 0 0 0 0 0 0 0 0 0 0 0 0 85 86 72 68 88 
0 0 0 0 0 0 0 0 0 0 0 0 0 0 0 426 428 417 404 412 191 177 179 188 202 
0 218 0 0 95 0 198 0 0 112 137 356 157 145 230 0 204 0 0 104 0 231 0 0 86 
846 0 0 0 0 819 0 0 0 0 818 0 0 0 0 854 0 0 0 0 867 0 0 0 0 
19 2 227 154 207 81 59 276 222 273 139 121 322 273 288 245 238 435 371 397 138 93 293 245 340 
80 147 76 147 68 68 83 78 109 75 0 54 0 48 0 43 96 50 104 47 0 43 0 43 0 
28 8 12 6 17 143 118 112 111 147 30 0 0 0 15 26 0 0 0 23 156 145 135 138 158 
1 0 167 0 0 1 0 147 0 0 0 0 169 0 0 176 151 291 147 150 0 0 158 0 0 
0 96 58 77 0 0 124 60 71 0 68 169 132 158 59 0 104 63 70 0 0 105 82 79 0 
1 0 0 2 144 163 132 121 150 275 115 127 103 122 226 1 3 1 0 119 78 95 103 91 203 
0 0 0 0 0 0 0 0 0 0 0 0 0 0 0 1000 1054 1073 1039 970 0 0 0 0 0 
0 20 62 171 0 0 23 63 147 0 0 21 59 168 0 0 21 60 171 0 0 18 62 164 0 
88 146 78 175 165 8 53 16 63 68 17 62 24 79 110 0 50 0 66 72 0 48 0 59 75 
140 133 173 101 11 117 165 221 112 8 309 299 395 309 218 122 148 174 92 3 304 250 372 286 137 
68 17 20 102 22 78 0 0 123 0 214 147 148 241 137 66 0 0 98 0 108 41 45 173 36 
139 112 51 51 41 175 110 67 70 40 65 46 14 0 0 102 90 31 12 13 103 65 11 0 0 
0 0 228 94 0 0 0 225 80 0 0 0 276 95 0 0 0 251 69 0 0 0 213 69 0 
124 162 167 121 108 0 51 68 0 0 0 48 60 0 0 29 75 95 33 35 0 48 106 0 1 
77 69 78 79 77 112 135 120 136 122 21 45 43 39 42 0 0 0 0 0 0 0 0 0 0 
0 0 0 167 0 0 0 0 178 0 211 218 195 386 207 0 0 0 172 0 0 0 0 159 0 
0 0 0 0 0 152 138 180 138 146 0 0 0 0 0 0 0 0 0 0 77 59 73 68 88 
114 3 18 92 55 142 38 67 139 117 245 94 112 182 190 102 0 3 80 51 221 86 103 199 137 
0 93 0 0 0 0 84 0 0 0 0 74 0 0 0 119 159 86 129 86 51 144 50 49 52 
0 0 103 0 0 88 90 189 109 117 0 0 101 0 0 7 9 105 4 10 14 14 88 11 14 
247 208 182 260 107 119 90 69 122 0 89 87 55 107 0 264 223 152 268 112 146 127 71 152 15 
0 241 0 214 0 0 193 0 209 0 10 217 6 210 7 0 198 0 199 0 0 213 0 219 0 
0 43 0 150 0 0 59 0 154 0 0 46 0 145 0 66 148 78 237 77 0 65 0 134 0 
0 0 0 0 71 77 71 76 58 129 83 73 72 78 125 0 0 0 0 70 0 0 0 0 77 
63 221 303 48 216 26 171 243 2 136 78 248 314 66 215 91 260 306 101 224 187 310 361 161 283 
0 68 41 0 103 30 87 55 13 115 41 111 100 51 114 0 66 28 0 87 0 78 32 0 92 
119 99 113 124 140 15 0 0 40 0 15 0 0 44 0 19 0 0 45 0 88 75 66 111 85 
70 0 65 0 0 63 0 79 0 0 113 53 111 48 52 100 16 82 13 12 66 0 74 0 0 
0 23 100 0 107 0 15 75 0 124 0 16 80 0 117 0 16 110 0 158 0 17 76 0 112 
17 43 126 62 18 44 68 122 84 37 0 37 113 33 0 32 68 134 90 38 0 27 97 53 0 
0 81 0 0 0 0 83 0 0 0 146 273 136 151 144 0 106 0 0 0 15 96 22 26 33 
0 0 0 79 0 78 87 70 157 108 0 0 0 104 0 0 0 0 95 0 100 82 73 193 87 
54 0 95 47 0 60 0 116 59 0 61 0 94 51 0 46 0 112 54 0 47 0 110 49 0 
86 52 0 38 0 111 81 20 53 26 103 94 0 28 0 117 55 0 42 0 103 66 0 41 0 
0 0 0 0 43 252 245 251 256 290 0 0 0 0 63 0 0 0 0 49 1 0 0 0 51 
101 59 73 138 93 68 61 54 114 83 27 0 0 57 14 36 0 0 63 13 44 13 9 63 31 
30 60 8 7 10 18 51 0 0 0 22 78 0 0 0 132 165 125 118 114 27 74 0 0 0 
0 0 0 21 0 187 170 197 198 165 0 0 0 23 0 0 0 0 22 0 0 0 0 19 0 
82 91 166 156 98 0 0 57 70 0 0 0 82 71 0 0 0 82 59 0 0 0 68 74 0 
61 57 59 48 67 39 0 0 0 11 71 61 48 47 72 23 0 0 0 22 89 49 44 49 57 
0 0 22 0 80 8 0 30 8 98 0 0 37 0 96 12 6 42 7 121 114 117 151 92 224 
63 123 158 81 77 37 94 116 28 32 0 41 83 0 0 0 46 83 0 0 0 41 74 0 0 
0 0 118 0 0 0 0 93 0 0 79 120 222 122 108 0 0 89 0 0 0 0 112 0 0 
100 117 33 54 138 35 43 0 0 80 44 60 0 0 65 41 44 0 0 88 59 49 0 0 84 
0 48 0 13 13 40 93 44 60 52 0 55 0 14 7 0 53 0 29 10 8 50 11 33 25 
12 7 125 7 13 0 0 101 0 0 0 0 101 0 0 45 49 153 37 38 91 94 194 75 107 
0 0 0 51 75 88 81 63 117 163 0 0 0 49 73 0 0 0 36 84 0 0 0 47 73 
94 165 78 73 84 22 106 0 0 0 30 115 7 8 9 22 75 0 0 0 25 80 3 2 1 
76 38 97 40 104 21 0 44 6 58 19 0 48 0 76 22 0 53 0 59 0 0 36 0 57 
53 0 16 0 4 73 0 9 0 0 92 51 58 50 76 102 14 0 5 0 154 85 92 88 49 
41 33 118 47 44 14 0 81 0 0 0 0 76 0 1 5 0 70 0 2 25 35 108 29 21 
0 62 64 0 0 0 63 42 0 0 21 104 81 21 21 32 109 60 40 42 0 62 41 0 0 
11 0 84 0 38 39 39 117 36 73 9 0 77 0 21 2 0 86 0 21 20 0 93 0 23 
0 2194 0 0 0 0 2264 0 0 0 0 2116 0 0 0 0 2201 0 0 0 0 2123 0 0 0 
20 97 90 18 16 77 156 159 77 65 12 98 89 8 0 45 155 113 64 33 8 84 80 3 0 
57 125 103 0 0 50 128 115 0 0 66 121 119 0 0 65 119 109 0 0 55 118 120 0 0 
0 107 0 117 0 112 204 80 218 112 100 188 53 176 54 0 87 0 161 2 0 129 0 139 0 
0 0 0 0 0 1281 1248 1242 1207 1272 0 0 0 0 0 0 0 0 0 0 0 0 0 0 0 
0 0 80 125 0 0 0 75 106 0 0 0 81 127 0 0 0 81 125 0 0 0 72 128 0 
135 45 52 84 44 148 54 54 105 57 77 0 0 33 0 86 0 0 37 0 80 0 0 40 0 
0 141 0 0 96 0 164 0 0 82 0 175 0 0 94 0 159 0 0 76 0 162 0 0 103 
225 265 189 191 121 122 227 107 96 16 255 370 226 247 111 262 378 268 232 166 233 363 266 192 152 
98 81 269 288 86 0 0 195 207 9 132 123 296 329 115 0 0 164 196 6 9 21 202 226 19 
128 107 98 139 233 4 20 3 15 137 5 16 7 7 141 195 212 157 176 341 203 230 218 211 355 
0 118 0 0 0 0 90 0 0 0 0 124 0 0 0 7 93 4 7 2 257 335 271 245 251 
46 20 35 11 41 38 13 26 0 36 38 11 31 0 28 63 13 29 0 39 103 95 84 73 111 
201 69 0 98 0 202 67 0 104 0 203 51 0 104 0 185 65 0 111 0 196 63 2 115 0 
0 0 1445 0 0 0 0 1471 0 0 0 0 1368 0 0 0 0 1479 0 0 0 0 1432 0 0 
59 1 0 40 19 80 52 39 82 55 75 47 49 63 66 52 22 19 59 22 52 0 0 20 5 
114 123 127 89 187 0 0 6 0 48 62 78 74 65 113 0 0 17 0 56 0 0 14 0 61 
53 90 0 125 0 155 195 101 225 92 125 132 93 219 99 57 80 0 108 0 40 73 0 109 0 
96 119 128 120 169 94 94 84 74 134 0 31 0 0 62 0 23 0 0 39 72 107 75 64 129 
0 65 0 0 0 30 129 35 33 30 41 141 35 31 33 24 124 22 22 34 40 128 40 33 44 
33 7 41 34 0 103 67 112 112 63 43 17 48 37 0 47 3 44 35 0 41 16 37 39 0 
153 0 0 0 0 141 0 0 0 0 220 80 110 106 109 128 0 0 0 0 134 0 0 0 0 
0 0 0 0 830 0 0 0 0 788 0 0 0 0 832 0 0 0 0 832 0 0 0 0 769 
87 138 86 207 210 0 8 6 110 60 0 16 6 86 73 0 11 13 128 75 36 52 45 136 87 
133 0 0 0 0 263 101 94 85 74 162 0 0 0 0 156 0 1 0 0 151 0 0 0 0 
0 0 0 0 0 75 56 70 70 75 0 0 0 0 0 152 126 142 147 143 0 0 0 0 0 
0 22 0 153 0 40 64 53 208 35 0 19 0 145 0 0 16 0 148 0 0 20 0 181 0 
129 50 97 76 150 96 0 80 30 52 111 19 100 57 85 193 108 163 102 165 88 0 43 26 55 
54 61 63 160 125 36 25 38 92 85 0 0 0 92 66 0 0 0 56 56 7 11 11 90 63 
0 10 71 0 0 86 114 199 96 111 0 11 75 2 0 63 81 180 61 67 0 6 73 0 0 
198 5 185 0 0 197 2 172 0 0 198 2 177 0 0 174 2 179 0 0 202 18 176 9 10 
371 150 341 127 234 424 186 442 188 226 402 180 402 200 247 278 52 234 43 151 245 51 246 39 122 
66 155 72 85 66 0 86 0 27 0 17 128 28 34 28 0 107 0 16 0 0 76 0 22 0 
0 0 33 0 58 35 44 78 43 113 53 74 88 53 121 0 0 33 0 61 0 0 48 0 58 
0 0 18 0 222 0 0 19 0 208 0 0 32 0 189 0 0 24 0 209 0 0 28 0 230 
0 0 0 59 0 0 0 0 64 0 60 64 52 160 49 0 0 0 73 0 94 84 92 180 101 
126 0 0 125 0 139 0 0 143 0 142 0 0 121 0 129 0 0 137 0 133 0 0 140 0 
10 11 72 65 0 106 144 177 173 103 148 177 219 213 141 0 51 98 110 13 74 88 103 135 53 
99 119 109 101 202 0 0 0 0 69 0 0 0 0 67 22 23 26 23 97 0 0 0 0 71 
133 218 133 125 134 0 115 0 0 0 81 189 84 86 77 3 102 3 0 8 87 187 70 66 93 
172 146 97 95 91 89 47 0 0 0 102 57 6 4 11 77 55 0 0 0 78 60 0 0 0 
0 119 0 0 0 30 170 53 55 67 0 127 0 0 0 65 196 88 86 68 0 118 0 0 0 
0 0 0 0 0 0 0 0 0 0 0 0 0 0 0 0 0 0 0 0 442 414 445 425 389 
0 0 37 0 0 73 79 92 75 87 0 0 30 0 0 77 75 85 59 79 18 25 59 22 26 
11 19 17 20 60 0 0 0 0 40 90 88 87 81 121 0 0 0 0 40 78 107 88 86 125 
0 0 0 137 0 0 0 0 130 0 0 0 0 152 0 0 0 0 155 0 81 78 80 217 91 
0 76 0 39 82 1 77 0 42 86 1 67 0 38 98 0 64 0 35 85 21 89 30 63 126 
0 19 0 25 0 90 99 85 73 78 81 75 77 75 79 0 18 0 13 0 123 152 125 144 120 
0 0 117 55 0 43 45 155 106 50 0 0 102 39 0 0 0 89 38 0 0 0 126 35 0 
57 0 0 0 0 126 62 61 76 69 98 20 18 18 15 130 47 46 50 41 58 0 0 0 0 
73 34 33 111 37 37 0 0 91 0 44 0 0 85 0 78 35 30 120 32 49 0 0 83 0 
0 0 53 38 0 0 0 42 40 0 101 99 135 126 97 0 0 50 43 0 0 0 54 37 0 
3 7 48 93 7 0 0 45 64 0 48 28 101 111 45 27 38 70 104 35 0 0 46 65 0 
42 4 39 44 10 37 4 31 38 17 110 70 106 99 81 62 18 43 45 15 47 0 44 40 3 
43 0 61 0 62 41 0 60 0 52 29 0 74 0 78 99 51 114 69 114 30 0 61 0 57 
88 37 166 79 50 48 7 147 64 26 45 0 145 24 1 145 63 205 112 96 89 17 190 71 62 
8 108 178 39 139 123 197 292 122 264 21 116 211 47 199 0 42 167 3 116 82 158 238 114 240 
19 20 22 57 48 40 38 34 75 72 0 0 0 31 29 0 0 0 22 17 75 89 89 123 99 
18 32 0 90 0 29 47 0 109 0 80 82 42 139 54 26 40 0 109 0 41 34 0 84 0 
0 0 56 0 0 165 150 219 153 178 0 0 57 0 0 0 0 74 0 0 0 0 79 0 0 
65 13 10 5 20 94 64 70 72 68 104 79 80 95 92 43 0 7 0 13 36 11 14 8 25 
19 153 98 21 34 0 100 80 10 4 0 90 50 0 20 0 114 67 5 10 58 160 123 52 90 
130 164 87 86 90 62 60 38 18 17 37 52 15 0 0 35 44 13 0 0 27 41 13 0 0 
76 91 15 21 20 56 54 0 0 0 65 68 18 9 17 64 76 36 37 48 88 80 56 30 56 
38 76 42 70 29 0 62 11 42 15 2 50 11 46 19 0 43 14 31 13 39 102 60 95 77 
0 0 56 27 10 0 0 45 35 3 0 0 44 40 6 42 53 122 94 61 54 50 100 93 63 
29 38 26 22 31 0 0 0 0 0 71 59 57 62 55 0 0 0 0 0 120 106 99 114 110 
44 36 7 34 42 0 0 0 0 0 0 0 0 0 0 44 44 57 54 52 120 92 100 139 133 
33 35 104 51 46 0 3 60 13 5 54 50 124 46 34 0 0 51 4 0 0 0 58 21 0 
0 0 99 0 0 0 0 79 0 0 19 20 75 0 18 0 0 87 0 0 0 0 101 0 0 
43 70 0 0 0 65 93 38 29 29 67 106 17 14 8 79 119 37 37 41 37 64 0 0 0 
85 120 69 54 62 12 43 3 0 0 74 126 62 51 52 34 68 27 18 15 22 61 0 0 0 
0 124 116 182 0 0 134 128 182 0 0 115 127 180 1 0 130 124 169 0 0 135 130 175 0 
18 0 0 206 0 12 0 0 141 0 130 105 117 254 107 16 0 0 155 0 25 1 0 150 0 
146 165 39 105 111 166 291 82 114 193 164 211 95 125 130 97 124 13 51 76 255 318 147 200 216 
112 268 214 138 152 12 76 106 22 7 55 125 160 49 39 33 124 104 22 42 0 85 76 0 0 
9 15 10 0 60 5 20 18 0 89 4 8 9 1 41 51 71 59 42 129 27 26 29 25 82 
675 510 559 377 490 469 193 277 134 215 421 270 334 187 294 344 128 186 45 160 516 315 419 313 354 
74 56 2 3 1 150 153 62 69 68 84 76 0 0 0 93 82 22 16 16 68 56 0 0 0 
155 297 129 159 145 257 401 165 264 190 159 300 94 167 94 44 189 0 56 0 93 213 57 103 46 
0 0 0 0 52 0 0 0 0 56 0 0 0 0 65 0 0 0 0 58 135 157 142 154 186 
150 0 0 54 0 156 0 0 55 0 141 0 0 40 0 168 0 0 46 0 149 0 0 41 0 
214 169 207 316 152 44 0 103 144 0 113 76 165 251 91 49 16 116 137 31 57 0 113 129 3 
97 96 77 47 12 163 152 140 111 112 87 74 72 19 10 217 180 188 130 130 113 130 109 44 53 
58 130 51 57 53 0 55 0 0 0 6 80 4 5 4 0 64 0 0 0 76 154 61 75 65 
0 0 0 18 0 0 0 0 22 0 0 0 0 19 0 0 0 0 19 0 176 186 214 221 209 
50 10 66 112 81 11 1 31 90 72 64 25 48 129 86 14 0 35 85 72 120 71 106 180 180 
0 90 80 0 98 0 99 85 0 112 0 122 60 0 87 0 94 99 0 108 0 120 76 0 112 
50 24 59 41 33 73 54 94 59 57 23 16 39 19 14 56 48 108 72 52 9 0 33 0 0 
84 0 0 0 53 63 0 0 0 48 84 0 0 0 59 65 0 0 0 49 184 89 81 92 149 
77 83 0 85 53 55 88 3 123 82 71 59 2 129 66 179 194 129 211 165 102 163 46 130 124 
92 107 123 106 81 13 45 50 16 11 0 14 48 0 0 73 93 110 64 55 30 43 68 22 16 
0 0 0 144 37 0 0 0 165 29 28 29 16 159 56 0 0 0 159 35 0 0 0 150 38 
0 0 0 177 15 213 180 164 427 208 0 0 0 195 15 152 174 175 369 163 0 0 0 189 13 
46 123 146 174 62 33 96 141 182 31 89 151 167 218 91 61 196 173 221 89 84 122 164 219 91 
0 0 0 1291 0 0 0 0 1294 0 0 0 0 1314 0 0 0 1 1357 0 0 0 0 1310 0 
207 0 0 0 0 215 16 21 18 21 191 0 0 0 0 211 0 0 0 0 174 0 0 0 0 
91 0 0 0 0 117 0 0 0 0 122 0 0 0 0 101 0 0 0 0 205 88 85 88 99 
272 103 94 128 151 105 2 0 17 17 212 43 50 52 52 200 37 67 148 103 320 166 220 245 224 
15 34 0 0 12 0 32 0 0 0 0 0 0 0 0 37 48 19 48 57 0 0 1 0 0 
58 72 128 92 71 0 0 53 0 0 0 0 60 0 0 0 0 50 0 0 154 151 203 168 159 
0 11 0 94 222 135 148 130 226 369 0 32 0 106 276 0 16 2 100 272 135 157 124 205 331 
6 18 75 6 251 6 0 62 9 203 122 113 173 131 307 154 156 229 199 389 1 6 70 0 202 
89 204 205 147 41 143 212 252 175 87 115 224 238 152 99 58 145 178 70 0 63 187 215 129 31 
109 0 0 1 0 98 0 0 0 0 122 0 0 1 0 117 0 0 0 0 157 18 28 41 40 
42 53 28 28 48 0 47 0 0 12 49 75 44 37 62 5 37 0 0 27 0 40 0 0 8 
613 628 643 673 628 0 0 0 0 0 0 0 0 0 0 0 0 0 0 0 0 0 0 0 0 
83 67 0 0 0 91 76 16 19 15 159 94 39 41 25 106 74 0 0 0 109 104 26 25 34 
48 0 0 77 82 93 52 52 114 141 23 0 0 71 81 51 9 19 69 70 42 34 35 89 92 
14 6 0 0 74 18 0 0 3 65 72 70 47 46 141 24 21 17 13 80 112 121 104 107 152 
55 0 0 0 0 60 0 0 0 0 63 0 0 0 0 202 133 145 147 141 52 0 0 0 0 
79 153 111 139 144 114 279 185 176 234 16 119 60 76 65 137 228 160 202 177 128 261 205 201 183 
0 0 0 0 0 30 33 28 18 23 0 0 0 0 0 60 67 68 65 93 99 93 99 97 128 
151 8 82 12 20 208 2 46 0 6 267 92 145 92 97 282 154 258 138 150 210 48 79 31 47 
16 0 28 0 0 21 0 15 0 0 32 1 34 11 0 81 53 79 50 65 27 3 26 0 3 
0 0 216 0 38 0 0 239 0 38 0 0 217 0 24 0 0 197 0 19 0 0 193 0 36 
92 59 0 108 54 99 70 0 94 66 122 122 34 111 81 91 68 0 91 61 75 80 0 99 47 
43 72 46 68 34 13 22 0 24 0 67 89 52 93 38 12 46 6 40 5 59 63 55 87 29 
0 0 47 61 0 69 59 111 103 65 0 0 38 38 0 65 60 117 91 49 49 30 84 81 31 
