1056 1042 999 1016 1018 1223 1227 1109 1198 1198 753 892 753 792 948 1072 999 978 1029 1022 715 625 588 624 763 
180 141 181 165 153 0 0 0 0 0 129 86 127 123 99 0 0 0 0 0 0 0 0 0 0 
100 33 41 190 217 64 0 0 148 145 163 73 47 265 270 67 0 0 103 146 55 0 0 134 125 
243 6 43 30 32 168 0 1 2 0 350 67 158 95 105 359 157 263 207 197 243 41 86 50 66 
0 0 1 159 15 168 141 139 342 184 1 1 0 183 14 125 129 127 267 116 0 0 0 148 10 
128 23 90 102 19 126 11 63 102 0 131 29 76 99 18 117 8 48 112 0 247 183 252 288 150 
98 8 21 0 84 83 6 13 0 97 175 90 100 80 167 151 70 97 64 143 214 106 116 98 217 
0 0 0 0 0 0 0 0 0 0 1012 1024 970 991 1035 0 0 0 0 0 0 0 0 0 0 
0 0 0 235 0 1 0 3 225 1 99 96 97 344 123 96 93 84 345 125 0 0 0 230 0 
13 9 14 204 5 0 0 0 212 0 39 47 36 215 30 0 0 0 186 0 3 6 3 204 3 
34 167 178 215 49 23 160 188 236 34 142 217 280 297 102 81 231 290 326 105 97 187 231 294 99 
0 0 0 0 0 0 0 0 0 0 0 0 0 0 0 57 66 66 70 80 177 165 158 176 160 
78 100 60 54 172 0 10 0 0 97 0 3 0 0 104 0 4 0 0 95 81 73 70 67 154 
159 171 171 183 175 0 0 0 0 0 0 0 0 0 0 0 0 0 0 0 110 90 75 73 98 
0 0 0 0 0 0 0 0 0 0 0 0 0 0 0 419 416 404 388 402 161 146 155 166 177 
0 207 0 0 89 0 180 0 0 98 129 343 161 143 219 0 201 0 0 99 0 228 0 0 77 
796 0 0 0 0 789 0 0 0 0 784 0 0 0 0 813 0 0 0 0 826 0 0 0 0 
18 5 160 116 158 40 19 197 125 169 100 95 269 215 224 168 187 350 310 312 125 86 262 208 288 
98 138 94 140 80 80 94 78 124 87 0 51 0 46 0 48 102 53 95 47 0 45 0 44 0 
45 9 18 11 16 124 92 116 99 124 31 1 0 0 15 24 0 0 0 22 137 126 104 106 139 
0 0 165 0 0 0 0 153 0 0 0 0 173 0 0 162 148 302 123 145 0 0 161 0 0 
0 64 42 45 0 0 77 43 45 0 35 96 90 97 33 0 70 47 47 0 0 69 55 41 0 
0 0 0 1 138 110 83 101 128 223 134 113 111 110 193 3 1 0 0 118 77 102 112 92 183 
0 0 0 0 0 0 0 0 0 0 0 0 0 0 0 995 1048 1070 1030 960 0 0 0 0 0 
0 19 63 163 0 0 21 63 139 0 0 21 62 175 0 0 22 65 177 0 0 23 59 170 0 
63 47 0 0 0 79 66 15 14 13 128 81 34 34 27 84 60 0 0 0 93 87 23 23 27 
61 94 59 119 124 6 36 14 55 58 11 37 17 63 63 0 36 0 45 51 0 31 0 53 51 
90 102 102 52 2 84 105 143 55 0 250 266 279 234 168 93 118 111 55 6 239 192 260 189 123 
91 18 19 119 23 83 0 0 132 0 231 166 145 249 135 93 3 0 118 6 123 47 50 201 42 
105 79 39 41 31 125 91 47 51 28 49 48 14 0 0 81 68 17 11 12 80 48 13 0 0 
0 0 163 73 0 0 0 180 57 0 0 0 224 66 0 0 0 191 49 0 0 0 170 50 0 
165 220 230 164 148 1 70 92 0 0 0 58 98 0 0 70 103 156 65 55 0 54 121 0 0 
63 53 68 66 58 97 116 102 116 98 22 38 42 36 39 0 0 0 0 0 0 0 0 0 0 
0 0 0 168 0 0 0 0 176 0 237 237 225 416 247 0 0 0 172 0 0 0 0 154 0 
0 0 0 0 0 168 165 212 162 167 0 0 0 0 0 0 0 0 0 0 87 66 89 76 90 
99 0 0 48 26 124 37 51 94 97 205 62 88 136 141 79 0 0 53 32 170 60 75 132 110 
0 75 0 0 0 0 72 0 0 0 0 57 0 0 0 101 137 74 111 74 48 117 42 45 46 
0 0 112 0 0 93 93 203 112 113 0 0 100 0 0 7 9 107 5 9 14 17 88 9 16 
218 201 176 233 92 104 93 68 102 0 79 89 52 89 0 242 238 135 256 114 119 110 75 136 0 
0 0 0 0 0 32 48 30 21 23 0 0 0 0 0 63 77 79 71 104 113 108 124 114 156 
0 228 0 200 0 0 181 0 193 0 4 202 4 195 4 0 187 0 192 0 0 198 0 206 0 
0 42 0 114 0 0 48 0 130 0 0 49 0 124 0 55 125 59 189 55 0 56 0 108 0 
0 0 0 0 92 107 89 112 67 162 103 98 97 105 173 0 0 0 0 85 0 0 0 0 99 
86 305 285 30 237 46 217 193 4 176 87 263 264 43 252 168 335 292 132 297 224 375 307 149 326 
0 45 33 0 79 19 60 45 12 88 28 81 86 38 78 0 59 26 0 64 0 60 27 0 68 
134 110 144 144 135 25 0 0 44 0 10 0 0 48 0 21 0 0 47 0 106 82 76 122 88 
29 0 0 60 64 76 43 40 84 125 20 0 0 54 63 35 10 16 52 57 29 29 31 72 79 
76 0 71 0 0 71 0 82 0 0 123 61 121 53 64 113 17 95 14 15 78 0 85 0 0 
0 18 84 0 96 0 12 69 0 107 0 16 75 0 106 0 14 92 0 133 0 13 70 0 102 
13 50 131 74 15 54 73 155 97 41 0 36 124 37 0 54 68 162 106 43 0 27 105 56 0 
0 58 0 0 0 0 66 0 0 0 104 206 97 124 111 0 82 0 0 0 14 75 15 22 24 
0 0 0 71 0 61 64 51 123 81 0 0 0 70 0 0 0 0 79 0 71 63 57 147 61 
49 0 92 48 0 57 0 109 53 0 59 0 93 50 0 46 0 102 54 0 44 0 98 46 0 
77 46 0 29 0 103 73 16 47 24 92 86 0 25 0 110 53 0 41 0 87 58 0 33 0 
0 0 0 0 23 177 158 177 182 192 0 0 0 0 30 0 0 0 0 29 0 0 0 0 32 
89 47 56 109 77 58 37 49 96 68 24 0 0 52 10 28 0 0 48 11 37 12 8 56 27 
29 55 8 6 10 17 48 0 0 0 21 73 0 0 0 125 160 123 115 111 27 72 0 0 0 
0 0 0 21 0 186 170 197 198 164 0 0 0 23 0 0 0 0 22 0 0 0 0 19 0 
76 90 142 156 92 0 0 53 68 0 0 0 84 70 0 0 0 74 68 0 0 0 65 72 0 
63 57 59 48 68 41 0 0 0 11 76 62 48 48 72 30 0 0 0 22 92 49 45 49 60 
0 0 25 0 69 9 6 36 11 89 0 0 34 0 70 10 7 43 8 94 80 75 113 64 153 
599 602 617 653 598 0 0 0 0 0 0 0 0 0 0 0 0 0 0 0 0 0 0 0 0 
59 114 149 66 72 30 84 101 28 27 0 36 75 0 0 0 41 77 0 0 0 39 70 0 0 
0 0 110 0 0 0 0 91 0 0 76 114 207 112 101 0 0 85 0 0 0 0 104 0 0 
110 136 46 64 158 42 46 0 0 99 44 71 0 0 76 45 54 0 0 84 61 43 0 0 84 
0 49 0 8 0 42 94 27 55 44 0 58 0 14 1 0 53 0 26 0 3 36 1 24 6 
9 7 101 4 13 0 0 93 0 0 0 0 83 0 0 36 40 125 28 31 76 80 151 64 90 
0 0 0 51 75 88 81 63 117 163 0 0 0 49 73 0 0 0 36 84 0 0 0 47 73 
95 166 76 73 84 23 103 0 0 0 27 112 7 5 9 22 76 0 0 0 25 77 0 0 0 
65 30 93 37 98 21 0 41 4 66 20 0 36 6 79 19 0 54 8 62 9 0 41 12 71 
81 0 6 0 3 91 0 4 0 0 120 57 68 61 79 132 46 30 28 26 177 81 114 123 93 
63 26 113 45 40 32 0 81 0 0 29 0 76 0 0 26 0 69 0 0 75 42 121 41 39 
0 42 0 4 0 30 71 29 49 40 33 75 31 27 19 21 65 31 46 20 0 18 0 0 0 
86 70 89 48 59 33 25 28 0 11 58 65 56 28 45 46 25 33 0 13 36 32 35 0 10 
0 62 63 0 0 12 80 64 18 19 21 104 80 21 21 32 109 66 40 42 0 62 57 0 0 
57 100 57 52 49 38 101 34 39 27 18 76 20 21 31 26 57 27 26 28 0 59 0 0 0 
21 0 83 0 33 61 42 110 39 73 19 0 72 0 21 26 0 88 0 15 28 0 92 0 21 
0 2088 0 0 0 0 2134 0 0 0 0 2015 0 0 0 0 2113 0 1 0 0 2019 0 0 0 
26 130 111 12 7 88 171 193 86 71 6 107 131 2 0 35 177 169 91 64 9 109 93 0 0 
59 125 92 0 0 50 133 109 0 0 70 119 104 0 0 58 128 105 1 0 55 116 105 0 0 
0 111 0 137 0 108 195 108 256 121 98 191 82 230 80 0 103 0 141 0 0 132 0 117 0 
107 133 24 168 124 92 160 36 187 130 63 93 6 177 103 264 300 202 349 240 148 259 154 295 207 
0 0 0 0 0 1253 1214 1209 1173 1240 0 0 0 0 0 0 0 0 0 0 0 0 0 0 0 
0 0 80 125 0 0 0 75 105 0 0 0 81 127 0 0 0 81 125 0 0 0 72 128 0 
170 63 59 106 48 188 69 58 119 72 110 0 0 47 0 96 0 0 41 0 102 0 0 50 0 
0 133 0 0 91 0 143 0 0 74 1 167 0 0 99 0 143 0 0 76 0 166 0 0 106 
184 270 109 196 118 148 271 83 128 57 282 388 213 296 144 230 356 136 193 115 212 418 235 216 156 
49 46 190 189 79 1 1 122 88 21 73 88 177 203 76 10 0 77 90 19 28 35 147 131 44 
157 131 128 169 268 9 29 3 18 172 8 11 8 1 153 228 247 205 227 396 250 281 265 252 418 
0 70 0 0 0 0 56 0 0 0 0 66 0 0 0 8 64 4 8 3 160 199 158 137 148 
55 36 49 12 49 51 19 36 0 47 45 14 36 0 35 79 15 42 0 50 129 119 116 83 146 
202 76 0 101 0 205 66 0 102 0 203 58 0 102 0 197 66 0 112 0 206 66 0 115 0 
65 11 0 37 54 190 136 119 157 170 65 14 0 49 54 67 2 0 42 59 64 9 0 40 48 
55 0 0 0 0 62 0 0 0 0 64 0 0 0 0 202 133 145 146 141 52 0 0 0 0 
83 205 183 136 42 94 194 223 117 44 91 196 183 90 66 41 140 168 52 7 67 209 197 101 34 
79 4 9 49 25 110 68 60 121 75 101 65 70 77 80 77 28 25 75 43 65 0 1 29 14 
122 122 136 91 190 0 0 7 0 60 64 72 80 63 121 0 0 17 0 62 0 0 13 0 66 
36 60 0 64 0 113 145 70 112 60 60 74 24 92 40 38 50 0 63 0 29 51 0 65 0 
76 95 75 87 139 84 75 63 65 102 0 22 0 0 53 0 24 0 0 29 54 73 56 47 105 
0 77 0 0 0 40 140 36 35 29 42 141 35 32 34 26 119 26 29 34 48 136 46 38 52 
37 11 42 35 0 107 75 124 117 64 49 22 54 41 0 51 9 48 37 0 43 20 41 44 0 
1 7 0 91 247 137 127 137 228 382 4 28 0 95 288 0 13 0 100 301 133 161 127 200 356 
11 22 90 6 225 4 3 70 5 174 113 100 176 113 267 141 148 230 175 334 3 2 77 1 189 
150 0 0 0 0 144 0 0 0 0 244 96 102 103 102 128 0 0 0 0 133 0 0 0 0 
0 0 0 0 834 0 0 0 0 789 0 0 0 0 845 0 0 0 0 838 0 0 0 0 787 
115 98 0 136 62 120 118 0 143 64 158 159 39 208 107 104 101 0 141 90 103 111 2 174 69 
111 0 0 0 0 215 83 74 73 63 132 0 0 0 0 127 0 0 0 0 122 0 0 0 0 
69 30 76 55 53 110 81 142 77 77 32 21 50 23 21 73 54 156 101 75 13 0 39 3 0 
0 25 0 151 0 33 59 49 194 35 0 19 0 142 0 0 16 0 141 0 0 21 0 168 0 
89 70 91 122 164 51 0 74 53 65 37 0 70 97 76 114 69 140 139 138 16 0 50 75 56 
43 48 55 128 106 28 22 31 81 74 0 0 0 76 55 0 0 0 45 50 7 10 9 74 53 
0 8 66 0 0 73 84 157 76 81 0 9 66 0 0 49 73 154 46 58 0 5 54 0 0 
109 0 110 0 0 100 0 84 0 0 92 1 100 3 0 69 0 100 0 0 105 11 88 10 9 
0 0 0 0 0 71 42 68 65 68 0 0 0 0 0 149 123 141 147 140 0 0 0 0 0 
282 96 320 118 194 354 194 460 205 274 329 166 392 214 266 204 29 237 78 153 220 60 290 52 119 
84 203 89 104 82 0 113 0 31 0 17 173 33 42 28 0 125 0 19 0 0 105 0 24 0 
0 0 33 0 59 36 49 79 45 120 57 76 95 59 135 0 0 34 0 61 0 0 53 0 59 
0 0 16 0 187 0 0 16 0 178 0 0 28 0 166 0 0 25 0 179 0 0 23 0 182 
0 0 0 50 0 0 0 0 59 0 54 59 45 140 45 0 0 0 59 0 85 78 82 158 86 
105 0 0 111 0 126 0 0 128 0 114 0 0 99 0 108 0 0 129 0 118 0 0 125 0 
22 59 63 60 0 121 218 175 172 112 196 249 229 220 145 20 92 85 105 0 88 129 101 109 57 
120 161 141 117 259 0 0 0 0 91 0 0 0 0 79 22 31 35 26 121 0 0 0 0 90 
112 180 115 106 115 0 106 0 0 0 76 156 74 76 75 3 90 0 0 4 83 180 82 76 91 
148 131 79 87 78 79 49 0 0 0 91 50 4 4 8 66 50 0 0 0 75 58 0 0 0 
0 140 0 0 0 41 209 67 60 76 0 165 0 0 0 77 230 98 95 82 0 157 0 0 2 
92 0 0 0 0 117 0 0 0 0 122 0 0 0 0 102 0 0 0 0 206 88 85 89 99 
0 0 0 0 0 0 0 0 0 0 0 0 0 0 0 0 0 0 0 0 450 419 446 431 398 
0 0 38 0 0 74 80 94 76 90 0 0 31 0 0 77 76 88 60 82 16 24 55 22 25 
8 15 16 19 52 0 0 0 0 36 81 79 72 69 101 0 0 0 0 35 70 98 80 77 106 
0 0 0 126 0 0 0 0 111 0 0 0 0 135 0 0 0 0 138 0 72 71 76 189 79 
0 48 0 34 54 2 53 0 39 69 0 28 0 36 71 0 37 0 30 62 19 41 25 56 97 
71 0 0 0 36 59 0 0 0 32 78 0 0 0 32 62 0 0 0 26 161 83 71 83 117 
0 118 0 0 0 0 109 0 0 0 0 118 0 0 0 0 100 0 0 0 104 192 102 109 96 
0 53 12 42 32 54 68 43 39 58 34 43 16 27 40 0 11 0 5 0 87 107 80 77 74 
0 0 117 55 0 43 45 155 106 50 0 0 102 39 0 0 0 89 38 0 0 0 126 35 0 
5 22 0 0 0 9 62 9 0 21 8 49 0 0 24 18 50 17 19 55 0 35 8 0 30 
59 0 0 0 0 126 62 61 76 69 99 20 18 20 15 131 47 46 52 41 58 0 0 0 0 
194 0 0 0 0 191 8 14 9 12 178 0 0 0 0 196 0 0 0 0 168 0 0 0 0 
83 35 32 111 37 39 0 0 91 0 48 0 0 84 0 82 35 30 120 32 55 0 0 83 0 
0 0 0 17 0 32 25 32 48 32 25 16 29 32 29 0 0 0 21 0 50 39 55 97 59 
0 0 63 43 0 0 0 55 43 0 101 99 149 132 97 0 0 62 46 0 0 0 67 42 0 
81 20 90 164 152 32 3 48 139 116 104 32 65 170 155 49 1 52 128 116 183 108 158 256 251 
2 10 64 129 7 0 0 67 101 0 62 36 139 165 62 34 60 92 152 53 0 0 62 106 0 
48 4 55 44 9 43 5 38 43 20 121 71 121 125 88 62 17 42 50 15 44 0 43 44 0 
48 0 62 0 65 40 0 70 0 57 32 0 77 0 78 99 59 113 68 122 33 0 59 0 59 
102 46 164 81 70 85 22 154 78 41 54 0 110 21 1 159 73 189 114 92 112 42 195 96 72 
5 105 165 34 135 142 228 315 151 277 37 129 190 59 194 0 63 171 0 141 102 180 278 138 256 
26 30 25 73 58 48 42 37 91 85 0 0 0 34 30 0 0 0 24 19 96 112 111 159 116 
23 32 0 109 0 35 60 0 140 0 90 95 45 165 62 35 40 0 121 0 51 39 0 100 0 
0 0 50 0 0 152 136 195 140 161 0 0 58 0 0 0 0 70 0 0 0 0 64 0 0 
46 75 46 69 33 13 23 0 23 0 73 91 60 98 39 13 46 5 38 4 60 61 58 83 31 
9 5 0 0 66 11 0 0 0 51 53 52 46 37 110 20 19 14 12 67 82 100 81 75 116 
64 10 12 7 19 91 63 67 68 67 99 75 87 98 87 41 0 5 0 11 37 11 16 8 24 
22 103 70 16 30 0 82 68 6 7 0 75 42 0 18 0 81 52 5 12 45 127 110 40 79 
127 173 89 92 87 63 60 39 18 17 40 51 13 0 0 35 47 12 0 0 30 39 11 0 0 
0 69 54 0 67 0 71 63 0 72 0 79 53 0 55 0 66 61 0 69 0 84 66 0 66 
95 0 0 51 0 83 0 0 59 0 99 0 0 68 0 100 0 0 38 0 122 15 23 75 29 
67 79 15 21 21 49 42 3 0 2 51 68 16 9 13 64 70 37 39 45 80 74 48 30 45 
34 63 42 65 22 0 52 11 38 11 0 29 0 28 0 0 23 14 30 5 38 88 64 96 73 
0 0 56 27 10 0 0 45 35 2 0 0 44 40 5 43 53 122 94 61 54 50 99 93 63 
29 37 24 22 31 0 0 0 0 0 70 59 57 62 55 0 0 0 0 0 120 107 99 112 110 
47 35 36 33 43 0 0 19 0 0 0 0 20 0 0 53 45 94 60 52 141 105 136 143 122 
39 43 110 40 53 7 9 63 6 19 60 48 130 42 49 0 0 53 0 0 1 6 63 14 0 
0 0 180 32 0 0 0 141 23 0 19 20 156 37 18 0 0 166 23 0 0 0 162 23 0 
43 63 0 0 0 66 89 37 30 28 67 101 17 13 9 79 115 37 37 40 37 61 0 0 0 
73 0 83 88 100 142 55 173 168 172 181 83 188 206 223 145 49 110 120 163 100 2 94 137 125 
104 150 90 76 79 18 76 3 0 0 108 195 89 73 77 52 99 37 21 19 33 77 0 0 0 
0 126 112 171 0 0 132 127 173 0 0 108 127 179 3 0 125 122 164 0 0 133 124 172 3 
0 0 0 155 40 0 0 0 172 31 28 32 18 176 58 0 0 0 156 38 0 0 0 150 44 
20 0 0 164 0 10 0 0 117 0 113 80 116 248 109 12 0 0 115 0 24 1 0 126 0 
53 75 49 42 73 0 60 3 0 25 30 76 36 33 58 0 36 0 0 31 0 60 0 0 19 
112 119 33 51 78 157 212 81 79 184 136 157 71 74 110 70 71 0 10 46 202 244 103 158 164 
64 168 121 80 92 6 37 70 10 2 31 73 95 32 30 24 77 63 11 25 0 55 57 0 0 
3 22 6 0 54 4 24 21 0 101 0 12 10 9 44 58 86 65 42 150 27 35 40 28 98 
0 0 205 0 44 0 0 226 0 29 0 0 201 0 23 0 0 184 0 24 0 0 185 0 27 
670 419 573 394 529 459 170 279 204 200 515 264 350 190 311 360 159 160 75 195 572 312 435 313 379 
83 60 2 3 0 148 149 70 72 64 76 76 0 0 0 102 90 21 18 14 70 54 0 0 0 
162 278 113 157 124 249 381 160 244 183 130 265 94 148 88 38 183 0 45 0 75 214 58 83 45 
21 0 29 76 0 24 0 15 48 0 72 43 64 79 25 86 53 79 106 65 22 0 13 40 0 
0 0 0 0 56 0 0 0 0 70 0 0 0 0 86 0 0 0 0 76 170 195 171 197 248 
72 1 30 0 23 129 10 55 21 30 126 51 95 43 55 153 73 137 72 92 121 30 48 17 25 
59 43 133 122 37 0 0 90 129 0 50 51 144 143 52 0 0 96 104 0 0 0 83 91 0 
150 0 0 54 0 156 0 0 53 0 140 0 0 40 0 168 0 0 45 0 149 0 0 40 0 
180 124 169 259 123 35 0 98 135 4 78 52 149 196 65 43 6 94 89 25 52 0 79 87 1 
0 0 52 57 0 73 54 103 103 65 0 0 38 41 0 66 51 106 89 58 44 34 83 77 31 
58 93 78 156 134 0 8 4 85 39 0 13 3 54 53 0 10 10 72 43 31 35 28 87 50 
142 116 82 98 39 197 191 155 148 142 112 76 55 58 2 262 214 193 174 128 169 175 149 93 76 
109 21 96 0 0 139 16 108 0 0 132 10 96 0 0 127 9 97 0 0 127 16 118 0 0 
61 137 53 62 56 0 57 0 0 0 6 81 4 6 3 0 64 0 0 0 77 156 64 78 67 
0 0 0 19 0 0 0 0 24 0 0 0 0 23 1 0 0 0 19 0 190 203 230 241 221 
62 27 26 67 73 39 0 0 26 53 56 0 0 24 36 54 0 0 36 39 88 44 46 78 84 
0 0 0 36 0 76 64 49 103 57 0 0 0 25 0 46 48 63 93 52 44 50 43 98 40 
63 82 131 102 82 0 0 40 0 0 0 0 70 0 0 0 0 55 0 0 172 183 221 204 192 
0 0 0 1188 0 0 0 0 1168 0 0 0 0 1177 0 0 4 3 1277 2 0 0 0 1214 0 
0 0 1451 0 0 0 0 1471 0 0 0 0 1357 0 0 0 0 1482 0 0 0 0 1441 0 0 
