925 885 800 796 873 1138 1152 1124 1010 1099 703 663 693 687 796 1029 960 1051 971 1049 643 549 571 480 664 
157 127 147 139 137 0 0 0 0 0 104 75 112 93 88 0 0 0 1 0 0 0 0 0 0 
119 41 39 225 227 79 0 0 137 145 161 61 41 232 252 50 0 0 90 137 84 0 0 152 141 
261 43 95 53 71 213 0 27 2 0 412 98 181 121 136 423 220 285 235 216 306 51 108 72 80 
0 0 2 152 14 148 136 145 366 193 3 4 0 203 18 122 115 110 266 116 0 0 0 139 10 
187 30 133 186 32 170 11 93 151 0 184 46 103 159 26 150 6 85 165 0 355 208 301 401 221 
114 6 26 0 105 98 1 17 0 123 210 97 106 99 182 156 72 92 68 183 238 108 127 124 238 
0 0 0 0 0 0 0 0 0 0 1019 1035 999 1016 1063 0 0 0 0 0 0 0 0 0 0 
0 0 0 251 0 0 0 1 239 0 108 102 96 372 125 105 101 84 378 129 0 0 0 225 0 
15 10 14 202 6 0 0 0 200 0 42 44 34 222 29 0 0 0 185 0 3 6 4 214 3 
72 152 198 237 65 59 150 228 244 31 160 202 277 308 108 93 212 214 247 96 107 141 185 281 84 
0 0 0 0 0 0 0 0 0 0 0 0 0 0 0 56 60 62 59 78 161 147 141 173 153 
82 97 78 63 198 0 9 0 0 109 0 2 0 0 112 0 4 0 0 108 92 96 88 81 164 
133 138 140 142 145 0 0 0 0 0 0 0 0 0 0 0 0 0 0 0 78 75 65 63 74 
0 0 0 0 0 0 0 0 0 0 0 0 0 0 0 434 442 422 412 418 192 179 186 188 204 
0 196 0 0 84 0 169 0 0 94 131 326 156 132 210 0 184 0 0 94 0 212 0 0 75 
966 0 0 0 0 942 0 0 0 0 951 0 0 0 0 978 0 0 0 0 969 0 0 0 0 
22 1 191 130 118 40 4 195 132 145 102 94 275 229 213 190 214 367 336 282 134 99 268 255 320 
83 120 82 137 70 65 85 67 113 70 0 42 0 41 0 42 93 51 87 44 0 39 0 37 0 
46 11 24 5 24 161 141 164 147 172 48 0 0 0 26 27 0 0 0 22 175 160 123 156 179 
0 0 138 0 0 0 0 121 0 0 0 0 138 0 0 146 115 239 130 133 0 1 153 0 0 
0 65 44 47 0 0 79 43 45 0 37 98 91 101 34 0 72 49 48 0 0 69 57 46 0 
2 3 2 2 154 163 130 137 164 273 155 132 109 128 244 0 2 0 2 133 80 93 113 106 211 
0 0 0 0 0 0 0 0 0 0 0 0 0 0 0 1008 1077 1083 1041 984 0 0 0 0 0 
0 18 52 141 0 0 17 55 115 0 0 19 48 150 0 0 17 53 142 0 0 16 53 144 0 
72 57 0 0 0 98 81 17 17 14 149 97 46 37 29 95 72 0 0 0 106 102 22 24 30 
72 101 60 156 150 7 39 14 71 72 13 52 22 71 86 0 36 1 51 62 0 34 0 60 67 
71 106 94 55 7 70 113 149 69 0 240 267 288 244 182 91 132 107 62 0 202 183 238 184 100 
67 13 17 95 12 74 0 0 111 0 216 149 137 228 127 71 0 4 106 2 112 39 49 176 36 
105 77 42 45 37 130 91 44 52 29 49 46 11 0 0 76 70 15 10 13 70 49 3 0 0 
0 0 148 67 0 0 0 163 55 0 0 0 201 57 0 0 0 175 47 0 0 0 152 43 0 
106 143 137 108 89 0 48 64 0 0 0 45 60 0 0 35 64 92 31 34 0 41 85 0 1 
86 73 87 89 77 134 137 128 132 130 30 52 47 47 49 0 0 0 0 0 0 0 0 0 0 
0 0 0 168 0 0 0 0 175 0 230 240 224 420 248 0 0 0 174 0 0 0 0 159 0 
0 0 0 0 0 168 159 192 142 164 0 0 0 0 0 0 0 0 0 0 83 63 76 63 87 
150 5 0 85 58 158 30 55 128 124 266 76 90 154 171 116 0 0 73 47 254 96 93 187 167 
0 78 0 0 0 0 74 0 0 0 0 58 0 0 0 108 148 80 117 80 53 126 46 49 48 
0 0 111 0 0 99 96 205 124 115 0 0 102 0 0 9 10 125 4 10 16 15 108 8 20 
244 210 194 247 113 108 80 72 109 0 80 78 64 84 0 254 218 156 261 117 125 116 87 131 0 
0 0 0 0 0 36 41 30 20 22 0 0 0 0 0 72 84 81 79 102 121 117 119 113 152 
0 224 0 201 0 0 180 0 194 0 7 202 3 194 0 0 186 0 192 0 0 197 0 205 0 
0 45 0 113 0 0 54 0 137 0 0 49 0 133 0 63 140 70 205 70 0 52 0 111 0 
0 0 0 0 68 74 65 71 56 123 78 67 67 73 116 0 0 0 0 68 0 0 0 0 72 
89 293 290 15 244 32 200 249 1 176 58 282 320 42 241 119 322 283 101 278 235 384 368 184 340 
0 52 42 0 88 23 70 50 12 104 35 107 102 42 87 0 72 28 0 73 0 75 31 0 82 
110 103 108 133 142 19 0 0 38 0 14 0 0 40 0 17 0 0 48 0 94 71 69 124 90 
82 0 75 0 0 76 0 82 0 0 148 58 122 64 57 128 18 100 13 15 78 0 82 0 0 
0 17 80 0 96 0 12 69 0 107 0 16 74 0 106 0 14 91 0 133 0 11 69 0 101 
13 53 134 73 18 55 70 148 96 52 0 40 119 39 0 43 67 155 99 43 0 21 107 63 0 
0 68 0 0 0 0 82 0 0 0 120 238 113 143 123 0 92 0 0 0 16 89 20 26 29 
0 0 0 80 0 67 66 57 129 84 0 0 0 72 0 0 0 0 86 0 78 69 61 157 63 
59 0 128 56 0 84 0 130 78 0 70 0 123 69 0 64 0 137 70 0 59 0 121 77 0 
94 63 0 42 0 127 101 25 59 30 124 107 0 33 0 145 67 0 46 0 116 73 0 41 0 
0 0 0 0 26 194 189 198 204 228 0 0 0 0 33 0 0 0 0 33 0 0 0 0 33 
119 53 60 136 94 68 34 57 114 81 26 0 0 54 18 42 0 0 63 14 53 14 10 72 30 
33 70 10 6 13 19 59 0 0 0 22 88 0 0 0 158 195 159 141 133 29 105 0 0 0 
0 0 0 21 0 186 170 197 198 164 0 0 0 23 0 0 0 0 22 0 0 0 0 19 0 
71 79 133 138 89 0 0 52 63 0 0 0 74 60 0 0 0 67 53 0 0 0 58 62 0 
68 59 63 48 73 44 0 0 0 10 81 69 51 50 77 32 0 0 0 23 95 50 48 51 67 
0 0 26 0 84 12 5 42 13 99 0 0 35 0 77 9 8 44 8 103 85 87 121 68 167 
607 598 623 663 603 0 0 0 0 0 0 0 0 0 0 0 0 0 0 0 0 0 0 0 0 
55 105 137 64 70 28 79 95 26 26 0 32 70 0 0 0 38 71 0 0 0 40 66 0 0 
0 0 117 0 0 0 0 98 0 0 76 120 219 111 102 0 0 92 0 0 0 0 111 0 0 
122 133 51 70 167 42 44 1 0 105 54 75 0 0 78 51 50 0 0 81 70 48 0 0 93 
0 42 0 17 14 50 103 47 65 66 0 54 0 17 27 0 53 0 32 20 16 56 10 39 37 
9 6 99 4 11 0 0 87 0 0 0 0 83 0 0 34 39 119 27 28 75 78 150 59 85 
0 0 0 51 76 88 84 63 121 164 0 0 0 51 73 0 0 0 36 85 0 0 0 48 75 
101 179 82 76 86 25 127 0 0 0 31 131 8 9 12 24 89 0 0 0 22 92 0 2 1 
68 31 95 38 101 16 0 43 5 65 13 0 38 0 77 13 0 49 0 64 9 0 36 7 71 
64 0 7 0 6 83 0 2 0 0 99 51 39 51 77 106 40 0 25 28 172 84 96 118 89 
67 34 117 48 48 32 0 80 0 0 29 0 77 0 0 26 0 67 0 0 83 45 121 48 40 
85 79 91 51 60 30 30 20 0 11 48 69 47 24 43 39 27 28 0 11 29 32 30 0 10 
0 62 63 0 0 0 70 44 0 1 21 103 72 20 20 32 109 64 40 42 0 62 54 0 0 
58 97 56 52 45 38 100 35 39 31 13 72 11 18 24 28 53 25 30 27 0 57 0 0 0 
29 0 89 0 44 58 43 121 39 79 21 0 84 0 28 34 9 96 0 27 29 0 97 0 27 
0 2100 0 0 0 0 2167 0 0 0 0 2044 0 0 0 0 2125 0 0 0 0 2046 0 0 0 
18 102 107 6 10 70 178 179 62 61 1 117 116 4 0 34 184 137 59 35 5 106 83 0 0 
62 96 74 0 0 48 108 94 0 0 68 109 101 0 0 56 106 92 1 0 62 109 93 0 0 
0 140 0 201 0 136 224 109 362 122 138 278 137 393 143 0 129 0 198 0 1 146 0 182 0 
78 96 142 123 99 0 0 52 0 0 0 0 67 0 0 0 0 55 0 0 202 236 256 246 235 
0 0 0 0 0 1259 1221 1214 1183 1237 0 0 0 0 0 0 0 0 0 0 0 0 0 0 0 
0 0 80 125 0 0 0 75 106 0 0 0 81 127 0 0 0 81 125 0 0 0 72 128 0 
164 55 51 100 58 170 60 59 114 63 94 0 0 43 0 88 0 0 41 0 100 0 0 49 0 
0 136 0 0 80 0 157 0 0 77 0 172 0 0 98 0 165 0 0 83 0 155 0 0 112 
171 249 150 182 85 100 230 90 106 24 245 358 224 260 119 207 353 233 243 136 213 350 260 226 161 
104 93 311 289 96 0 0 195 207 5 121 115 317 313 97 0 0 173 200 9 28 14 222 209 33 
176 148 146 199 314 10 27 4 15 177 21 20 6 10 177 266 251 187 226 426 264 306 295 258 460 
0 66 0 0 0 0 56 0 0 0 0 71 0 0 0 7 72 4 9 3 176 220 166 162 168 
60 32 52 13 53 51 17 29 0 44 55 14 47 0 35 74 15 37 0 48 129 111 121 86 152 
205 79 0 101 0 202 69 0 104 0 206 59 0 106 0 192 65 0 109 0 203 59 0 114 0 
55 0 0 0 0 62 0 0 0 0 63 0 0 0 0 201 133 145 146 141 52 0 0 0 0 
115 264 271 182 67 85 221 211 145 27 105 218 234 105 69 62 193 221 89 7 69 231 258 115 35 
110 7 17 83 30 152 119 85 177 100 149 108 99 108 118 107 46 30 106 70 86 0 0 45 21 
119 124 150 96 202 0 0 7 0 60 70 78 79 64 122 0 0 17 0 59 0 0 13 0 69 
31 50 0 54 0 100 128 67 117 51 59 63 26 88 34 43 39 0 56 0 31 45 0 58 0 
108 102 129 122 174 101 93 85 78 116 0 28 0 0 57 0 21 0 0 29 63 83 59 56 93 
0 62 0 0 0 28 107 31 30 29 33 118 31 31 31 25 98 19 22 31 36 108 39 29 41 
31 11 37 30 0 100 71 110 110 61 43 20 44 37 0 46 7 39 35 0 41 19 36 36 0 
2 13 0 88 246 127 145 139 235 395 0 29 0 89 282 0 8 0 95 283 121 165 129 184 340 
12 22 87 6 224 3 3 77 9 166 104 91 165 108 264 145 143 224 172 321 0 0 73 1 183 
151 0 0 0 0 141 0 0 0 0 226 85 110 117 110 128 0 0 0 0 133 0 0 0 0 
0 0 0 0 834 0 0 0 0 787 0 0 0 0 837 0 0 0 0 836 0 0 0 0 782 
136 113 0 164 62 143 96 1 184 70 166 182 44 247 116 119 112 1 173 91 117 137 7 213 69 
178 0 0 0 0 310 112 104 102 94 196 0 0 0 0 191 0 0 0 0 181 0 0 0 0 
0 0 0 0 0 89 63 77 69 76 0 0 0 0 0 156 136 169 154 151 0 0 0 0 0 
0 21 0 158 0 33 55 49 197 35 0 17 0 138 0 0 12 0 149 0 0 19 0 170 0 
105 57 131 142 169 41 0 73 51 65 16 0 70 81 75 113 57 128 138 138 8 1 47 59 42 
47 52 59 131 114 29 25 31 83 82 0 0 0 86 58 0 0 0 49 53 8 11 10 83 60 
0 8 58 0 0 83 88 164 77 85 0 8 66 1 0 48 71 160 60 62 0 0 60 0 0 
207 16 198 0 0 207 9 178 0 0 206 10 189 5 0 184 8 191 0 0 218 26 189 11 10 
291 129 312 125 209 349 181 428 202 242 344 169 400 218 255 204 13 241 81 135 197 73 288 39 107 
69 155 73 89 70 0 90 0 28 0 17 132 29 36 29 0 109 0 18 0 0 79 0 23 0 
0 0 35 0 66 36 49 90 46 127 62 88 94 56 130 0 0 36 0 70 0 0 51 0 67 
0 0 16 0 193 0 0 16 0 179 0 0 28 0 170 0 0 25 0 182 0 0 23 0 186 
0 0 0 50 0 0 0 0 59 0 54 58 45 140 45 0 0 0 59 0 85 78 82 158 86 
98 0 0 108 0 121 0 0 124 0 115 0 0 99 0 101 0 0 122 0 108 0 0 125 0 
8 50 81 55 0 90 176 188 148 116 183 223 241 209 140 11 57 100 84 0 75 98 112 118 55 
118 152 141 117 267 0 0 0 0 89 0 0 0 0 88 26 28 34 26 138 0 0 0 0 96 
129 230 144 129 140 0 120 0 0 0 79 200 89 91 88 2 103 0 0 3 101 220 85 81 98 
156 139 86 88 94 78 46 0 0 0 90 50 5 4 10 67 55 0 0 0 76 65 0 0 0 
0 112 0 0 0 36 152 47 55 59 0 118 0 0 0 64 185 75 76 58 0 108 0 0 0 
0 0 0 0 0 0 0 0 0 0 0 0 0 0 0 0 0 0 0 0 457 422 455 444 409 
0 0 37 0 0 73 79 92 75 87 0 0 31 0 0 77 75 85 59 79 19 25 59 22 26 
8 15 16 17 52 0 0 0 0 36 80 79 72 69 99 0 0 0 0 33 68 98 78 76 105 
0 0 0 126 0 0 0 0 111 0 0 0 0 135 0 0 0 0 139 0 71 71 76 190 79 
1 73 0 37 76 0 70 0 40 86 0 56 0 41 97 0 65 0 31 77 20 82 27 61 118 
0 112 0 0 0 0 108 0 0 0 0 106 0 0 0 0 96 0 0 0 97 185 99 105 92 
0 0 0 45 0 79 66 85 81 84 63 5 50 54 54 0 0 0 20 0 93 104 107 147 99 
0 0 117 55 0 43 45 155 106 50 0 0 102 38 0 0 0 89 38 0 0 0 126 35 0 
0 27 0 0 0 0 56 14 0 17 0 49 0 0 10 0 25 0 0 4 0 36 10 0 22 
59 0 0 0 0 126 62 61 76 69 99 20 18 20 15 131 47 46 52 41 58 0 0 0 0 
83 35 33 110 37 39 0 0 91 0 48 0 0 85 0 83 35 30 120 31 55 0 0 83 0 
0 0 63 43 0 0 0 55 43 0 101 99 149 132 97 0 0 62 47 0 0 0 67 42 0 
27 0 0 68 100 91 53 69 112 179 23 0 5 77 97 53 17 36 89 101 30 25 49 76 94 
3 7 57 106 8 0 0 54 81 0 55 33 123 133 54 30 48 81 137 42 0 0 49 91 0 
58 2 64 52 17 44 2 34 44 24 135 70 128 125 110 83 17 47 53 14 53 0 47 37 0 
40 0 55 0 56 42 0 58 0 52 30 0 67 0 71 91 50 105 69 112 29 0 56 0 53 
93 27 186 93 56 66 6 169 74 37 52 0 133 17 11 171 73 230 122 108 108 43 221 86 76 
15 109 179 35 149 152 228 316 153 296 33 130 202 40 194 0 48 163 1 135 102 178 261 116 255 
19 21 22 57 48 40 39 34 75 72 0 0 0 31 29 0 0 0 22 17 75 91 90 124 100 
20 34 0 104 0 37 61 0 122 0 89 85 44 154 61 26 43 0 116 0 48 41 0 98 0 
0 0 67 0 0 173 156 234 167 195 0 0 70 0 0 0 0 76 0 0 0 0 72 0 0 
63 110 66 98 46 16 37 0 39 0 86 127 90 129 64 23 88 13 90 17 98 93 98 145 63 
11 7 0 0 70 14 2 0 0 58 61 61 47 44 126 22 21 19 11 76 84 110 90 91 134 
68 11 10 5 15 97 66 70 76 65 103 79 77 101 91 43 0 3 0 10 33 8 14 4 18 
25 108 89 18 36 0 116 75 7 8 0 82 49 0 23 0 86 59 8 14 54 147 119 52 85 
147 191 99 97 104 76 62 40 20 21 38 51 16 0 0 36 51 14 0 0 34 42 13 0 0 
95 0 0 24 0 83 0 0 3 0 99 0 0 35 0 100 0 0 0 0 122 15 23 54 29 
78 84 16 24 21 49 45 0 0 0 54 71 17 9 15 68 75 34 43 57 86 78 50 32 48 
33 54 26 68 22 0 34 3 40 10 0 25 5 44 7 0 18 4 29 0 32 82 52 86 64 
0 0 54 26 11 0 0 45 35 3 0 0 44 40 6 43 53 122 94 61 54 50 100 92 63 
29 37 26 22 31 0 0 0 0 0 71 58 57 62 56 0 0 0 0 0 120 107 102 114 111 
45 32 38 31 42 0 0 15 0 0 0 0 18 0 0 57 47 92 59 54 138 104 139 141 129 
39 45 97 47 49 5 10 60 11 13 58 49 128 51 52 0 0 49 4 0 0 1 60 16 0 
0 0 180 32 0 0 0 141 23 0 19 20 156 37 18 0 0 166 23 0 0 0 162 23 0 
40 107 0 0 0 90 145 60 45 55 103 176 40 20 25 101 186 70 65 63 34 100 0 0 0 
75 0 77 81 91 142 67 168 161 171 159 81 165 179 194 136 44 97 104 158 86 5 80 123 88 
105 141 80 71 73 15 65 6 0 0 90 165 79 62 69 42 81 33 25 20 27 65 0 0 0 
0 115 107 163 0 0 127 119 163 0 0 107 119 166 0 0 116 114 155 0 0 127 118 165 3 
12 0 0 131 0 9 0 0 94 0 91 65 87 187 83 11 0 0 99 0 20 0 0 104 0 
47 70 39 30 48 0 53 0 0 20 50 81 43 40 64 7 38 0 0 31 0 60 0 0 32 
101 135 17 52 88 162 208 71 78 185 130 153 68 81 116 69 72 2 24 48 188 230 102 138 151 
84 214 160 116 129 7 58 77 14 2 35 88 119 35 40 21 85 70 16 30 0 73 64 0 0 
0 25 10 7 71 0 25 16 0 88 0 22 11 7 50 57 82 68 43 143 27 36 35 26 96 
572 479 482 338 425 441 228 241 191 218 407 293 261 213 258 332 152 156 78 138 463 336 366 309 316 
78 55 3 3 0 150 133 68 72 67 70 72 0 0 0 92 81 23 18 18 63 56 0 0 0 
153 297 132 147 131 248 369 165 256 193 125 266 85 135 84 40 190 0 36 0 70 208 49 62 28 
17 0 0 68 0 0 0 0 33 0 67 49 46 64 29 63 38 45 87 59 17 0 0 27 0 
0 0 0 0 58 0 0 0 0 63 0 0 0 0 79 0 0 0 0 64 156 196 162 175 214 
70 2 29 0 10 121 10 47 26 27 127 44 86 50 46 148 68 116 68 81 123 24 40 26 19 
150 0 0 54 0 156 0 0 55 0 141 0 0 40 0 168 0 0 46 0 149 0 0 41 0 
168 116 161 249 117 43 1 72 129 3 94 44 130 198 76 60 5 98 114 27 50 0 93 88 2 
0 0 53 63 0 83 60 102 114 73 0 0 47 40 0 68 62 108 96 64 46 40 86 82 32 
64 96 71 159 128 0 10 3 86 42 0 17 6 61 61 0 16 10 79 42 30 33 22 86 53 
133 121 71 101 27 197 161 120 138 110 100 75 43 62 6 240 161 167 156 127 163 132 133 76 65 
63 157 60 65 64 0 66 0 0 0 4 95 5 6 4 0 68 0 0 0 91 165 73 83 76 
0 0 0 20 0 0 0 0 22 0 0 0 0 22 0 0 0 0 21 0 175 186 215 216 205 
28 0 0 33 39 108 79 77 103 104 30 0 0 34 39 29 0 0 25 43 38 0 0 28 34 
44 0 58 101 87 25 4 25 97 86 67 27 48 137 96 15 0 38 77 86 115 82 111 183 203 
0 86 68 0 77 0 82 77 0 83 0 92 64 0 67 0 76 75 0 78 0 95 78 0 77 
0 0 0 140 35 0 0 0 158 28 27 29 16 157 51 0 0 0 149 34 0 0 0 138 38 
46 23 60 44 35 74 57 101 59 59 24 16 37 21 12 56 47 112 74 50 8 0 34 0 0 
71 0 0 0 47 59 0 0 0 46 77 0 0 0 53 59 0 0 0 43 160 82 72 84 138 
0 0 172 0 34 0 0 207 0 27 0 0 181 0 23 0 0 169 0 22 0 0 166 0 23 
75 118 19 140 78 57 144 3 142 103 44 95 0 132 73 211 240 151 257 185 103 185 82 195 147 
92 0 0 0 0 117 0 0 0 0 122 0 0 0 0 102 0 0 0 0 206 87 85 89 99 
0 0 0 40 0 74 76 50 109 64 0 0 0 25 0 49 54 68 99 55 43 59 49 104 41 
69 85 95 75 61 7 27 35 8 6 0 9 43 0 0 54 57 81 48 43 21 24 55 19 12 
0 0 0 1210 0 0 0 0 1220 0 0 0 0 1203 0 0 2 2 1308 1 0 0 0 1225 0 
0 0 1447 0 0 0 0 1475 0 0 0 0 1373 0 0 0 0 1498 0 0 0 0 1449 0 0 
