726 618 508 611 667 1110 1068 952 996 1042 666 585 515 712 747 1028 853 798 927 951 613 454 415 442 579 
251 201 268 239 238 2 5 0 0 0 171 125 168 143 164 0 0 0 0 0 0 0 0 0 0 
128 57 30 185 223 72 0 0 137 129 152 49 30 237 244 51 0 0 91 136 72 5 0 120 133 
138 0 116 151 143 172 18 178 206 215 273 117 268 287 290 201 46 151 204 205 142 0 109 192 155 
161 49 104 153 44 137 11 80 103 0 123 31 74 100 23 133 7 50 111 0 307 190 274 304 197 
94 3 0 0 85 80 3 14 0 104 187 92 103 83 186 164 68 93 59 151 206 107 119 103 235 
0 0 0 0 0 0 0 0 0 0 1019 1030 979 999 1043 0 0 0 0 0 0 0 0 0 0 
0 0 0 269 0 0 0 3 246 0 107 104 93 372 118 130 112 92 397 128 1 0 0 255 0 
15 9 14 204 5 0 0 0 200 0 48 55 48 196 32 0 0 0 177 0 5 7 3 218 4 
0 0 0 2 0 0 0 0 0 0 0 0 0 0 0 69 63 77 81 93 193 177 187 202 175 
82 107 77 69 180 1 9 0 0 123 0 0 0 0 113 0 1 0 0 122 94 93 88 72 173 
153 152 165 163 165 0 0 0 0 0 0 0 0 0 0 0 0 0 1 0 85 87 78 77 82 
0 0 0 0 0 0 0 0 0 0 0 0 0 0 0 437 434 426 409 425 192 183 183 187 206 
0 214 0 0 96 0 195 0 0 105 137 369 163 142 233 0 214 0 0 101 0 230 0 0 86 
819 0 0 0 0 809 0 0 0 0 798 0 0 0 0 848 0 0 0 0 848 0 0 0 0 
9 0 186 137 191 69 51 221 199 237 111 122 286 218 282 170 169 393 325 346 93 79 229 186 293 
108 147 97 178 104 78 104 69 140 70 0 51 0 53 0 57 119 63 106 55 0 54 0 52 0 
31 6 22 7 19 155 122 123 136 141 32 0 0 0 16 26 0 0 0 23 138 127 98 121 159 
0 0 150 0 0 0 0 150 0 0 0 0 163 0 0 178 141 293 144 150 0 0 154 0 0 
0 87 54 58 0 0 109 57 68 0 55 132 125 145 55 0 90 64 64 0 0 95 77 60 0 
3 0 0 2 133 146 102 100 133 240 129 128 98 104 202 1 1 0 0 118 89 96 99 87 184 
0 0 0 0 0 0 0 0 0 0 0 0 0 0 0 1002 1047 1070 1040 972 0 0 0 0 0 
0 15 57 161 0 0 15 54 131 0 0 19 52 173 0 0 18 54 153 0 0 18 54 155 0 
107 169 86 184 196 12 54 31 94 85 15 58 23 98 116 0 57 0 77 85 0 50 0 68 84 
105 114 120 84 5 101 127 189 77 0 287 300 338 292 204 96 126 144 88 0 245 228 305 213 130 
74 11 23 103 18 73 0 0 114 0 201 144 127 223 129 66 0 0 103 0 103 39 46 166 37 
103 79 38 42 27 137 85 45 51 29 49 43 16 0 0 72 72 16 11 14 79 44 11 0 0 
0 0 194 81 0 0 0 227 76 0 0 0 255 88 0 0 0 232 55 0 0 0 191 64 0 
118 151 144 101 95 0 48 64 0 0 0 43 56 0 0 40 62 94 34 37 0 36 93 0 0 
71 61 79 78 68 119 145 122 143 119 24 43 49 43 45 0 0 0 0 0 0 0 0 0 0 
0 0 0 168 0 0 0 0 176 0 221 229 213 410 236 0 0 0 172 0 0 0 0 155 0 
0 0 0 0 0 159 148 194 153 157 0 0 0 0 0 0 0 0 0 0 81 54 73 72 88 
135 0 14 77 53 159 44 65 143 123 254 97 95 182 174 101 0 0 71 42 218 104 114 177 137 
0 85 0 0 0 0 82 0 0 0 0 62 0 0 0 119 157 85 129 84 54 137 46 49 49 
0 0 94 0 0 83 83 176 104 103 0 0 92 0 0 5 8 96 3 8 14 13 82 9 15 
246 208 191 249 115 116 94 70 98 0 80 100 62 90 0 251 238 168 255 106 134 126 77 138 0 
0 228 0 208 0 0 184 0 202 0 8 208 7 198 7 0 187 0 195 0 0 205 0 210 0 
0 41 0 130 0 0 52 0 138 0 0 49 0 147 0 65 147 77 221 80 0 57 0 143 0 
0 0 0 0 83 109 95 86 70 153 109 80 85 101 150 0 0 0 0 79 0 0 0 0 98 
72 244 325 45 204 33 210 269 9 152 66 261 328 67 189 83 285 306 91 218 213 346 379 171 288 
0 55 47 0 114 26 88 71 20 130 36 124 103 46 115 0 71 29 0 86 0 78 33 0 86 
106 90 100 114 114 13 0 0 36 0 13 0 0 38 0 17 0 0 39 0 90 64 55 102 77 
69 0 64 0 0 63 0 74 0 0 113 53 107 48 50 99 16 78 11 11 66 0 72 0 0 
0 19 85 0 99 0 12 72 0 111 0 17 79 0 112 0 14 97 0 139 0 14 74 0 108 
15 46 135 62 19 47 65 133 87 46 0 37 99 28 0 42 59 131 92 36 0 23 90 59 0 
0 63 0 0 0 0 76 0 0 0 143 258 132 153 144 0 102 0 0 0 15 84 19 31 30 
0 0 0 74 0 67 74 64 132 95 0 0 0 73 0 0 0 0 88 0 82 65 62 162 66 
49 0 92 48 0 57 0 109 53 0 59 0 93 50 0 46 0 102 53 0 44 0 98 46 0 
76 45 0 29 0 102 72 15 47 24 92 84 0 24 0 110 52 0 41 0 87 56 0 33 0 
0 0 0 0 43 258 247 253 256 285 0 0 0 1 50 0 0 0 0 54 0 0 0 0 56 
95 53 62 127 85 64 44 51 102 74 25 1 0 53 11 28 0 0 49 12 36 13 8 62 31 
31 60 8 6 10 17 62 0 0 0 24 80 0 0 0 133 168 131 119 119 30 81 0 0 0 
0 0 0 21 0 186 170 197 197 164 0 0 0 23 0 0 0 0 22 0 0 0 0 19 0 
79 96 148 170 122 0 0 61 76 0 0 0 84 70 0 0 0 81 74 0 0 0 73 75 0 
72 70 71 65 85 48 0 0 0 13 86 74 59 52 83 34 0 0 0 25 115 65 61 52 84 
0 0 28 0 79 11 6 43 14 104 0 0 54 0 102 12 9 62 13 115 102 104 153 81 204 
72 126 167 76 75 41 105 117 30 32 0 44 89 0 0 0 56 90 0 0 0 42 84 0 0 
0 0 119 0 0 0 0 94 0 0 80 122 225 121 111 0 0 93 0 0 0 0 113 0 0 
106 117 34 62 137 40 42 0 0 85 45 60 0 0 76 48 45 0 0 82 61 49 0 0 78 
0 48 0 9 12 44 103 51 62 62 0 58 0 13 9 0 52 0 27 0 13 48 12 33 33 
13 7 119 4 15 0 0 101 0 0 0 0 101 0 0 49 44 133 36 31 90 90 164 68 104 
0 0 0 51 75 88 81 63 117 163 0 0 0 49 73 0 0 0 36 84 0 0 0 47 73 
94 165 78 73 84 22 106 0 0 0 30 115 7 8 9 22 74 0 0 0 25 80 3 3 1 
74 38 98 47 102 21 0 39 8 61 19 0 49 0 75 18 0 56 0 61 0 0 34 0 51 
50 0 11 0 1 71 0 15 0 0 101 54 66 59 81 91 35 8 2 0 134 80 87 96 65 
32 34 118 45 50 0 0 81 0 0 0 0 77 0 0 1 0 70 0 2 45 32 108 42 29 
0 62 66 0 0 0 64 53 0 0 21 104 77 21 21 32 109 60 40 42 0 62 53 0 0 
8 0 75 0 36 24 33 109 30 65 6 0 71 0 20 0 0 76 3 12 1 0 92 0 23 
0 2181 0 0 0 0 2247 0 0 0 0 2104 0 0 0 0 2178 0 0 0 0 2098 0 0 0 
17 80 80 14 10 60 136 148 75 52 8 98 70 7 0 35 140 100 64 34 3 84 72 0 0 
72 123 107 0 0 66 152 151 1 0 83 149 124 0 0 85 149 124 0 0 70 154 141 0 0 
0 104 0 107 0 78 156 72 191 91 64 148 35 188 56 0 71 0 122 0 0 114 0 89 0 
0 0 0 0 0 1278 1240 1244 1201 1278 0 0 0 0 0 0 0 0 0 0 0 0 0 0 0 
0 0 85 131 0 0 0 79 107 0 0 0 82 131 0 0 0 84 132 0 0 0 74 136 0 
136 49 56 92 44 148 52 50 119 68 84 0 0 35 0 81 0 0 35 0 88 0 0 40 0 
0 133 0 0 85 0 151 0 0 85 0 165 0 0 88 0 146 0 0 75 0 153 0 0 101 
172 263 140 197 94 116 206 90 96 11 206 337 205 194 79 228 333 232 259 133 153 286 202 180 118 
98 87 284 264 100 0 0 189 178 2 112 116 266 301 97 0 0 153 166 9 31 25 205 190 35 
163 139 132 177 293 0 22 3 10 169 7 20 10 36 155 213 231 191 210 372 202 239 249 239 407 
0 122 0 0 0 0 96 0 0 0 0 128 0 0 0 7 111 5 7 3 257 363 276 246 246 
46 22 36 10 40 39 13 27 0 38 38 11 31 0 28 62 12 29 0 40 104 92 85 74 111 
201 67 0 100 0 205 57 0 104 0 202 50 0 105 0 186 63 0 112 0 203 55 2 123 0 
0 0 1460 0 0 0 0 1481 0 0 0 0 1378 0 0 0 0 1480 0 0 0 0 1454 0 0 
75 6 6 51 21 107 70 44 104 76 100 68 52 76 86 63 41 19 61 29 62 0 0 28 12 
101 108 111 73 167 0 0 6 0 45 54 72 66 52 96 0 0 17 0 46 0 0 11 0 54 
42 82 0 96 0 135 173 95 188 83 99 106 73 173 80 45 67 0 88 0 35 63 0 87 0 
83 92 84 81 136 77 90 63 59 115 0 28 0 0 61 0 22 0 0 34 57 84 52 51 92 
0 88 0 1 0 35 152 52 43 40 44 170 40 36 43 30 136 28 30 48 45 145 56 36 64 
32 11 41 33 0 103 71 112 112 63 43 21 47 37 0 46 9 44 35 0 41 20 37 39 0 
151 0 0 0 0 130 0 0 0 0 218 85 106 98 104 133 0 0 0 0 130 0 0 0 0 
0 0 0 0 835 0 0 0 0 790 0 0 0 0 847 0 0 0 0 835 0 0 0 0 777 
76 112 99 180 160 0 9 5 108 56 0 14 5 71 70 0 10 14 101 63 33 39 29 116 62 
141 0 0 0 0 278 106 94 90 79 174 0 0 0 0 167 0 0 0 0 165 0 0 0 0 
0 0 0 0 0 77 57 75 71 74 0 0 0 0 0 149 124 146 151 145 0 0 0 0 0 
0 22 0 148 0 39 61 50 199 33 0 19 0 143 0 0 16 0 144 0 0 20 0 168 0 
137 50 100 99 140 99 0 66 29 47 109 12 100 47 70 190 106 155 101 146 79 0 47 30 51 
50 52 67 152 119 35 27 38 97 95 0 0 0 89 65 0 0 0 52 58 7 10 11 94 59 
0 8 70 0 0 105 118 203 101 112 0 10 83 0 0 63 89 205 63 78 0 8 66 0 0 
202 1 199 0 0 204 0 170 0 0 204 0 187 4 1 180 1 190 0 0 219 19 176 10 10 
329 135 339 130 193 379 200 437 200 231 354 144 392 203 214 237 25 246 73 117 209 55 278 73 123 
68 155 70 84 67 0 87 0 28 0 17 129 29 36 27 0 105 0 18 0 0 77 0 23 0 
0 0 34 0 60 36 46 79 46 114 58 76 92 56 123 0 0 35 0 65 0 0 50 0 60 
0 0 20 0 209 0 0 19 0 201 0 0 32 0 182 0 0 30 0 204 0 0 27 0 218 
0 0 0 54 0 0 0 0 67 0 64 59 49 157 46 0 0 0 62 0 92 87 95 176 93 
116 0 0 112 0 136 0 0 140 0 141 1 0 122 0 123 0 0 138 0 137 0 0 136 0 
0 37 86 70 3 117 182 193 200 114 163 207 247 235 145 12 53 110 106 18 78 104 130 148 50 
96 118 108 100 196 0 0 0 0 70 0 0 0 0 66 20 22 25 20 94 0 0 0 0 70 
117 207 120 106 114 0 111 0 0 0 69 181 75 80 76 1 107 2 0 2 79 184 68 69 90 
205 192 102 113 102 107 54 0 0 0 122 63 5 4 8 88 69 0 0 0 95 68 0 0 0 
0 135 0 0 1 36 185 50 56 66 0 138 0 0 0 70 203 90 101 67 0 131 0 0 0 
0 0 0 0 0 0 0 0 0 0 0 0 0 0 0 0 0 0 0 0 452 406 450 438 396 
0 0 37 0 0 73 79 92 75 87 0 0 31 0 0 77 74 85 57 79 19 25 59 22 26 
8 15 16 17 52 0 0 0 0 36 80 79 71 69 99 0 0 0 0 33 68 98 78 76 105 
0 0 0 131 0 0 0 0 125 0 0 0 0 141 0 0 0 0 149 0 79 78 83 195 84 
0 66 0 33 71 3 63 0 39 77 1 56 0 36 91 0 58 0 32 73 19 77 24 55 112 
0 21 0 25 1 77 87 71 64 70 81 79 76 70 75 0 17 0 18 0 123 147 123 138 118 
0 0 117 55 0 43 45 154 106 50 0 0 102 39 0 0 0 89 38 0 0 0 126 35 0 
59 0 0 0 0 126 62 61 76 69 98 20 18 20 15 131 47 46 52 41 58 0 0 0 0 
82 35 33 109 37 37 0 0 86 0 48 0 0 82 0 80 35 30 118 32 53 0 0 80 0 
0 0 63 43 0 0 0 55 43 0 101 98 149 132 97 0 0 62 47 0 0 0 67 41 0 
2 7 54 100 7 0 0 50 76 0 49 30 107 123 46 28 42 77 113 35 0 0 46 84 0 
84 12 74 61 14 62 10 66 55 27 178 88 177 158 115 94 26 63 77 26 88 3 68 50 0 
49 0 70 0 63 49 0 64 0 61 33 0 78 0 79 108 59 125 66 127 38 0 61 0 58 
101 34 162 85 53 71 12 158 90 40 61 0 122 30 17 166 59 206 117 99 108 42 202 76 74 
16 96 154 32 140 134 192 280 113 245 27 110 187 54 184 2 41 154 2 115 83 129 196 109 217 
18 21 22 56 47 40 38 34 74 72 0 0 0 31 29 0 0 0 21 16 75 89 90 123 99 
20 34 1 107 1 32 61 0 130 0 97 101 55 173 70 35 51 0 132 0 43 43 0 112 0 
0 0 54 0 0 165 150 208 152 179 0 0 61 0 0 0 0 74 0 0 0 0 69 0 0 
58 11 10 6 20 86 60 62 64 63 92 73 78 86 81 39 0 5 0 10 34 11 14 7 20 
21 133 97 20 40 0 111 70 9 10 0 91 56 0 24 0 114 61 7 13 50 151 117 43 90 
135 166 91 92 89 67 57 38 17 17 37 57 14 0 0 36 44 12 0 0 29 40 13 0 1 
61 81 0 9 10 47 55 0 0 0 38 54 11 5 4 59 70 35 29 37 64 73 40 9 31 
46 93 50 93 29 0 69 11 52 17 0 52 8 48 19 0 50 15 38 12 40 119 78 109 85 
0 0 59 30 12 0 0 47 36 2 0 0 45 40 6 45 55 127 102 64 56 55 109 103 71 
26 38 24 18 31 0 0 0 0 0 73 60 55 64 58 0 0 0 0 0 124 111 101 119 112 
47 38 15 40 42 0 0 1 0 0 0 0 0 0 0 48 53 86 61 75 140 109 135 163 147 
29 37 92 29 43 0 0 56 1 0 59 50 132 46 43 0 0 53 0 0 0 0 59 0 7 
0 0 125 8 0 0 0 67 0 0 18 20 84 0 18 0 0 96 11 0 0 0 111 0 0 
43 70 0 0 0 66 91 38 29 29 67 108 17 13 9 79 118 37 37 41 37 66 0 0 0 
86 131 72 56 68 13 42 4 0 0 80 133 65 50 57 35 73 28 17 14 23 56 0 0 0 
0 137 123 181 0 0 143 127 184 0 0 123 136 196 0 0 132 130 179 0 0 140 133 185 2 
20 0 0 206 0 10 0 0 143 0 135 106 135 256 109 14 0 0 144 0 27 0 1 141 0 
150 168 34 106 110 195 299 105 134 196 165 210 91 135 121 94 131 7 55 52 264 348 150 204 211 
70 178 119 79 93 10 45 64 22 3 35 85 100 30 33 25 87 64 11 27 0 58 58 0 0 
0 14 8 0 57 0 27 12 0 103 0 17 6 0 48 49 78 67 31 136 24 31 23 14 86 
745 573 669 458 561 470 279 317 183 284 518 325 367 234 323 392 209 221 89 191 571 427 487 384 414 
80 65 0 3 0 163 148 73 68 67 78 81 0 0 0 87 92 23 15 21 70 58 0 0 0 
162 305 120 157 131 286 392 174 274 189 159 287 102 169 80 35 191 1 66 0 100 213 58 92 40 
0 0 0 0 53 0 0 0 0 57 0 0 0 0 66 0 0 0 0 61 135 161 144 156 190 
150 0 0 54 0 156 0 0 55 0 141 0 0 40 0 168 0 0 46 0 148 0 0 39 0 
184 159 193 277 144 49 0 89 142 3 98 67 142 213 88 56 10 114 102 24 54 0 97 112 0 
126 131 104 76 22 196 176 162 127 108 102 96 97 41 17 246 218 222 150 144 131 153 140 46 59 
58 130 51 57 53 0 55 0 0 0 6 80 4 5 4 0 64 0 0 0 76 154 62 76 65 
0 0 0 17 0 0 0 0 20 0 0 0 0 20 0 0 0 0 19 0 178 193 226 220 221 
69 10 70 130 112 11 1 38 118 97 90 22 50 148 120 35 0 33 99 93 167 87 132 219 247 
0 104 80 0 101 0 99 86 0 108 0 129 60 0 86 0 92 106 0 110 0 121 81 0 104 
46 24 53 34 32 74 52 93 56 57 22 17 34 19 7 57 46 101 70 50 7 0 31 0 0 
82 0 0 0 53 68 0 0 0 50 83 0 0 0 59 63 0 0 0 48 167 89 77 90 149 
71 94 0 99 50 52 66 0 112 64 80 82 1 138 76 157 193 98 208 166 94 158 31 130 107 
78 112 107 84 75 11 37 41 12 11 0 13 51 0 0 66 83 97 55 52 22 31 61 22 15 
0 0 0 140 35 0 0 0 158 28 27 29 16 157 51 0 0 0 149 34 0 0 0 138 38 
0 0 0 183 14 223 195 187 449 244 0 0 0 193 14 162 182 176 348 161 0 4 1 183 14 
44 138 148 155 50 33 108 132 172 31 69 137 159 166 76 72 194 174 228 94 89 114 161 219 90 
0 0 0 1283 0 0 0 0 1309 0 0 0 0 1292 0 0 1 2 1354 2 0 0 0 1342 0 
195 0 0 0 0 197 13 18 17 20 178 0 0 0 0 196 0 0 0 0 166 0 0 0 0 
92 0 0 0 0 117 0 0 0 0 122 0 0 0 0 101 0 0 0 0 206 88 84 89 99 
178 90 83 129 112 88 0 0 9 14 162 59 51 66 57 179 68 76 123 125 272 178 147 213 152 
15 23 0 0 12 0 31 0 0 0 0 0 0 0 0 34 47 11 39 50 0 0 0 0 0 
62 68 133 96 77 0 0 44 0 0 0 0 55 0 0 0 0 54 0 0 161 169 203 189 176 
0 10 0 82 217 122 126 112 200 339 1 18 0 77 248 0 18 0 82 272 123 151 119 188 314 
10 19 95 5 253 0 1 56 6 187 115 113 193 113 310 155 149 225 181 359 0 3 59 0 210 
138 253 289 204 73 140 230 289 188 89 157 229 283 177 122 49 147 199 103 16 76 203 235 166 27 
122 0 0 10 0 108 0 0 0 0 125 0 0 0 0 128 0 0 0 0 154 20 33 2 36 
38 59 28 36 43 1 39 0 0 0 50 78 45 40 47 7 36 0 0 25 0 42 1 0 17 
617 626 649 683 636 0 0 0 0 0 0 0 0 0 0 0 0 0 0 0 0 0 0 0 0 
68 50 0 0 0 88 72 16 15 14 138 93 36 36 28 99 66 0 0 0 107 100 23 28 31 
39 0 0 74 77 94 50 45 107 135 19 0 1 65 73 43 10 15 67 68 39 28 35 81 90 
16 12 0 0 94 27 3 0 0 79 70 74 55 46 152 23 26 16 15 92 119 133 118 103 155 
55 0 0 0 0 62 0 0 0 0 64 0 0 0 0 202 133 145 146 141 51 0 0 0 0 
76 154 119 115 124 95 241 153 153 198 16 129 70 48 53 115 188 143 154 138 115 218 178 185 163 
0 0 0 0 0 31 35 30 19 22 0 0 0 0 0 59 67 68 65 90 100 94 96 97 127 
173 11 83 9 24 227 9 54 0 5 302 100 152 93 109 324 161 267 165 191 248 54 89 29 45 
17 0 32 0 0 26 0 15 0 0 32 1 17 14 0 94 64 87 67 72 28 3 31 13 2 
0 0 184 0 34 0 0 219 0 31 0 0 191 0 25 0 0 178 1 23 0 0 185 0 28 
83 52 0 114 44 76 60 2 98 51 97 95 23 129 59 72 54 0 104 47 74 65 0 129 38 
54 76 49 76 48 14 27 0 28 0 75 102 60 111 52 13 47 6 40 7 67 72 62 91 24 
0 0 45 52 0 70 48 105 100 62 0 0 40 35 0 55 49 93 78 43 39 33 80 72 28 
