998 954 871 865 969 1243 1087 1181 1117 1203 834 766 769 798 975 1093 1031 1055 1054 1126 755 575 587 570 751 
188 170 190 191 169 0 0 0 0 0 138 78 129 113 105 0 0 1 0 0 0 0 0 0 0 
137 45 33 233 263 83 0 0 157 178 186 54 39 274 280 66 0 0 114 166 102 0 0 191 168 
315 45 130 122 76 239 0 40 9 4 439 134 184 146 144 471 233 330 302 257 287 49 116 81 74 
0 0 66 74 1 91 61 137 145 92 2 4 72 55 3 86 69 142 140 80 64 37 104 102 41 
160 54 132 160 31 139 10 116 136 0 155 20 104 110 21 137 6 86 150 2 309 194 306 348 189 
109 13 18 0 105 113 10 19 0 124 212 102 108 88 198 171 79 102 66 169 243 126 130 104 280 
0 0 0 0 0 0 0 0 0 0 1042 1044 996 1025 1059 0 0 0 0 0 0 0 0 0 0 
0 0 0 306 0 0 0 4 286 0 128 125 112 408 131 126 128 108 433 153 0 0 0 272 0 
15 8 13 186 10 0 0 0 194 0 38 49 41 185 29 0 0 0 169 0 4 7 3 187 3 
0 0 0 0 0 0 0 0 0 0 0 0 0 0 0 67 70 70 69 85 201 162 158 202 166 
65 82 60 52 159 0 11 0 0 102 0 3 0 0 111 0 4 0 1 110 67 76 80 70 162 
152 160 157 167 172 0 0 0 0 0 0 0 0 0 0 0 0 0 0 0 86 96 76 76 89 
0 0 0 0 0 0 0 0 0 0 0 0 0 0 0 436 431 423 413 424 190 178 179 189 202 
0 207 0 0 84 0 168 0 0 99 133 342 151 140 215 0 189 0 0 96 0 220 0 0 76 
816 0 0 0 0 808 0 0 0 0 808 0 0 0 0 842 0 0 0 0 849 0 0 0 0 
32 13 183 119 120 51 11 160 123 136 114 103 262 206 199 182 182 352 291 289 145 84 251 216 253 
86 138 100 164 90 67 86 86 120 73 0 53 0 48 0 48 98 64 101 55 0 40 0 36 0 
34 9 13 7 23 121 99 112 102 116 40 0 0 0 22 24 0 0 0 24 128 108 89 98 136 
0 0 128 0 0 0 0 115 0 0 0 0 143 0 0 128 116 235 112 121 0 0 139 0 0 
0 68 45 49 0 0 92 48 48 0 37 106 105 102 37 0 82 56 54 0 0 82 65 46 0 
0 0 0 0 134 129 111 108 138 229 128 109 110 107 202 0 1 0 0 121 83 91 109 84 194 
0 0 0 0 0 0 0 0 0 0 0 0 0 0 0 1034 1119 1114 1076 1014 0 0 0 0 0 
0 18 53 146 0 0 19 56 121 0 0 20 51 158 0 0 18 52 154 0 0 15 55 159 0 
65 47 0 0 0 87 70 17 14 14 137 86 36 37 29 88 63 0 0 0 101 91 23 23 29 
64 97 64 133 136 7 36 16 59 60 13 39 21 72 77 0 37 0 58 59 0 36 0 60 66 
98 123 125 78 3 97 134 168 88 1 268 292 318 292 185 125 137 146 90 3 260 235 273 225 110 
86 23 23 125 28 84 0 0 126 0 224 165 146 247 133 80 1 0 116 1 116 54 53 190 41 
141 125 56 64 31 162 122 54 69 33 66 68 17 0 0 100 92 24 14 18 92 64 16 0 0 
0 0 135 56 0 0 0 148 51 0 0 0 180 51 0 0 0 159 43 0 0 0 136 40 0 
134 163 172 126 106 0 53 76 0 0 0 52 68 0 0 41 68 99 34 30 1 43 107 0 0 
73 57 78 76 68 110 127 116 123 118 22 45 47 39 43 0 0 0 0 0 0 0 0 0 0 
0 0 0 166 0 0 0 0 181 0 233 236 225 414 246 0 0 0 174 0 0 0 0 160 0 
0 0 0 0 0 165 161 191 153 160 0 0 0 0 0 0 0 0 0 0 80 63 77 76 91 
116 0 0 68 43 120 32 54 114 99 220 82 104 165 149 76 0 0 67 36 186 67 79 144 109 
0 76 0 0 0 0 73 0 0 0 0 58 0 0 0 102 137 74 112 74 48 117 42 45 46 
0 0 100 0 0 91 90 188 113 110 0 0 95 0 0 7 9 95 5 8 17 12 86 9 15 
249 232 215 300 108 135 110 86 112 0 98 101 65 109 0 294 251 179 300 120 147 122 88 170 3 
0 0 0 0 0 36 41 30 20 22 0 0 0 0 0 61 77 77 75 100 108 106 115 108 146 
0 234 0 210 0 0 182 0 200 0 8 213 7 202 6 0 187 0 198 0 0 203 0 208 0 
0 43 0 122 0 0 51 0 146 0 0 50 0 137 0 64 145 72 213 70 0 58 0 138 0 
0 0 0 0 68 74 65 71 56 123 78 67 67 75 116 0 0 0 0 68 0 0 0 0 72 
68 299 371 27 238 28 224 289 13 172 62 289 359 48 219 115 350 354 113 257 212 384 408 148 306 
0 49 37 0 87 21 64 51 13 91 29 88 97 38 88 0 61 26 0 70 0 63 29 0 74 
104 95 109 118 116 13 0 0 35 0 12 0 0 39 0 17 0 0 42 0 85 62 61 103 79 
70 0 68 0 0 63 0 78 0 0 113 53 108 48 51 104 16 81 14 12 68 0 72 0 0 
0 18 81 0 96 0 11 70 0 109 0 16 74 0 106 0 14 91 0 134 0 13 70 0 100 
18 62 155 89 23 49 79 157 111 49 0 39 121 36 0 40 74 173 114 50 0 23 112 65 0 
0 58 0 0 0 0 66 0 0 0 106 210 98 125 111 0 83 0 0 0 14 76 18 22 24 
0 0 0 73 0 65 73 59 143 92 0 0 0 78 0 0 0 0 87 0 80 70 64 168 72 
54 0 99 48 0 61 0 115 57 0 65 0 99 55 0 49 0 112 57 0 46 0 106 54 0 
85 53 0 35 0 129 87 18 48 29 112 101 0 29 0 128 63 0 47 0 105 72 0 39 0 
0 0 0 0 25 206 189 197 201 228 0 0 0 0 41 0 0 1 0 34 0 0 0 0 34 
91 47 61 111 79 58 37 51 100 69 24 0 0 53 10 29 0 0 50 11 37 12 8 58 29 
31 76 9 8 11 19 58 0 0 0 21 86 0 0 0 170 204 153 143 129 30 86 0 0 0 
0 0 0 21 0 188 172 197 198 165 0 0 0 23 0 0 0 0 22 0 0 0 0 19 0 
72 81 135 139 92 0 0 55 65 0 0 0 75 61 0 0 0 70 54 0 0 0 61 63 0 
83 63 76 62 88 56 0 0 0 11 81 77 62 66 87 34 0 0 0 22 109 58 50 59 68 
0 0 25 0 69 9 6 36 12 89 0 0 34 0 70 10 7 43 8 95 81 75 114 64 153 
590 591 613 656 596 0 0 0 0 0 0 0 0 0 0 0 0 0 0 0 0 0 0 0 0 
68 129 165 78 92 35 96 125 33 32 0 37 82 0 0 0 42 87 0 0 0 46 83 0 0 
0 0 110 0 0 0 0 91 0 0 76 114 207 112 101 0 0 85 0 0 0 0 104 0 0 
112 129 48 56 151 45 46 0 0 95 45 64 0 0 71 44 45 0 0 79 66 43 0 0 85 
0 51 0 26 40 61 129 63 82 104 0 66 0 30 41 0 58 0 41 42 28 67 23 56 73 
9 7 99 5 12 0 0 87 0 0 0 0 83 0 0 36 39 120 27 29 75 78 149 59 85 
0 0 0 54 75 100 89 69 131 183 0 0 0 55 81 0 0 0 37 91 0 0 0 50 79 
113 188 92 86 97 29 133 0 0 0 38 134 9 9 10 28 88 0 0 0 32 104 3 3 1 
58 25 93 32 94 19 0 40 2 66 18 0 33 1 76 20 0 57 0 64 13 0 41 9 71 
49 0 2 1 2 44 0 1 0 0 58 33 31 27 57 92 41 47 39 43 161 101 112 142 123 
53 22 110 41 44 18 0 79 0 0 17 0 73 0 0 20 0 65 0 1 50 28 100 29 11 
87 74 98 48 57 33 26 28 0 8 56 65 58 20 40 43 25 36 0 10 34 30 35 0 9 
0 61 64 0 0 0 65 35 0 0 17 103 69 20 19 32 109 58 39 42 0 62 50 0 0 
15 4 0 4 0 11 49 7 0 6 0 26 0 0 7 12 0 0 0 0 0 27 0 0 0 
29 0 91 0 45 63 42 124 39 80 25 0 85 0 29 37 10 99 4 36 31 0 99 0 28 
0 2124 0 0 0 0 2179 0 0 0 0 2033 0 0 0 0 2144 0 0 0 0 2067 0 0 0 
12 124 104 9 20 79 200 207 89 72 0 119 100 2 0 35 176 147 69 55 0 143 96 2 0 
58 89 75 0 0 50 107 89 0 0 67 107 99 0 0 63 105 85 0 0 59 103 92 0 0 
0 107 0 128 0 115 243 106 274 115 95 228 50 230 76 0 103 0 165 0 0 124 0 134 0 
73 88 131 104 102 0 0 41 0 0 0 0 69 0 0 0 0 59 0 0 182 216 262 220 234 
0 0 0 0 0 1253 1211 1213 1187 1244 0 0 0 0 0 0 0 0 0 0 0 0 0 0 0 
0 0 80 125 0 0 0 75 106 0 0 0 81 127 0 0 0 81 125 0 0 0 72 129 0 
185 55 68 109 57 178 61 61 150 80 96 0 0 53 0 113 0 0 53 0 128 0 0 59 0 
0 126 0 0 76 0 139 0 0 73 0 151 0 0 85 0 125 0 0 64 0 140 0 0 97 
181 296 199 242 129 87 156 62 125 10 257 365 269 349 147 154 290 164 227 86 240 342 292 331 167 
102 79 295 290 86 0 0 182 197 0 125 107 294 325 102 0 0 165 185 12 15 7 192 195 9 
168 145 131 174 271 6 33 5 10 180 15 22 10 15 170 243 234 192 207 388 250 290 280 245 445 
0 77 0 0 0 0 58 0 0 0 0 66 0 0 0 9 70 4 6 4 186 219 188 161 195 
70 34 44 13 59 55 10 26 0 42 53 9 37 0 32 81 14 28 0 50 153 130 118 102 150 
201 75 0 101 0 197 67 0 100 0 205 56 0 104 0 192 64 0 106 0 205 62 0 116 0 
55 0 0 0 0 62 0 0 0 0 64 0 0 0 0 202 134 146 146 142 52 0 0 0 0 
119 251 286 162 60 129 229 273 166 48 137 243 284 164 109 74 193 228 108 15 63 204 252 136 39 
105 11 13 93 34 170 98 82 140 99 154 93 89 139 124 93 41 18 86 58 75 0 0 42 17 
109 116 141 98 188 0 0 7 0 51 57 83 73 67 122 0 0 18 0 53 0 0 14 0 68 
47 85 0 118 0 140 182 100 215 86 110 126 82 207 85 52 78 0 108 0 37 70 0 111 0 
112 122 120 124 190 116 121 103 96 150 0 35 0 0 57 0 24 0 0 43 70 101 78 78 135 
0 86 0 0 1 32 161 38 35 32 42 158 48 39 42 29 139 33 35 51 42 156 59 41 57 
33 11 42 28 0 97 71 113 104 63 36 21 47 23 0 35 9 43 24 0 38 20 38 32 0 
0 9 0 71 201 110 122 111 193 329 0 25 3 76 233 0 15 3 80 238 112 137 114 168 289 
12 13 86 9 225 0 0 68 6 166 105 98 168 118 273 140 136 210 161 322 4 0 70 2 186 
148 0 0 0 0 144 0 0 0 0 240 76 105 121 112 133 0 0 0 0 139 0 0 0 0 
0 0 0 0 844 0 0 0 0 804 0 0 0 0 850 0 0 0 0 838 0 0 0 0 783 
146 92 0 179 62 153 139 6 195 95 207 214 57 265 131 132 107 1 183 75 132 159 1 241 62 
138 0 0 0 0 261 95 90 83 73 166 0 0 0 0 155 0 0 0 0 146 0 0 0 0 
0 0 0 0 0 77 58 79 67 72 0 0 0 0 0 146 123 141 144 142 0 0 0 0 0 
0 25 0 160 0 34 63 47 206 34 0 19 0 143 0 0 20 0 152 0 0 23 0 167 0 
86 52 91 112 123 43 0 48 51 27 22 0 60 71 41 91 55 108 120 105 16 0 41 61 29 
43 48 55 128 105 28 22 31 81 74 0 0 0 77 55 0 0 0 48 50 7 10 9 75 53 
0 9 64 0 0 79 95 171 81 92 0 9 70 0 0 58 82 162 49 62 0 5 58 0 0 
128 0 121 0 0 104 0 91 0 0 97 1 110 4 1 78 0 106 0 0 115 14 96 10 10 
312 116 336 113 226 337 179 426 193 275 359 169 426 194 284 199 42 241 56 166 227 69 281 27 138 
65 152 69 83 66 0 86 0 27 0 16 127 28 34 27 0 103 0 16 0 0 75 0 21 0 
0 0 43 0 75 47 56 94 57 145 81 95 120 68 158 0 0 38 0 77 0 0 57 0 80 
0 0 19 0 225 0 0 19 0 195 0 0 30 0 177 0 0 28 0 211 0 0 24 0 194 
0 0 0 58 0 0 0 0 70 0 60 71 52 159 51 0 0 0 67 0 110 90 101 192 98 
90 0 0 100 0 116 0 0 119 0 105 0 0 103 0 104 0 0 124 0 101 0 0 116 0 
10 39 79 52 7 94 168 194 167 112 169 207 221 212 151 8 72 110 83 16 57 119 116 120 50 
120 154 138 126 274 0 0 0 0 96 0 0 0 0 80 23 25 32 28 136 0 0 0 0 90 
143 258 155 140 157 0 120 0 0 0 99 217 95 97 79 0 100 0 0 0 110 227 94 83 109 
135 125 76 77 78 75 45 0 0 0 83 43 3 1 7 62 44 0 0 0 70 52 0 0 0 
0 100 0 0 0 31 142 44 45 53 0 108 0 0 0 61 164 70 70 54 0 100 0 0 0 
0 0 0 0 0 0 0 0 0 0 0 0 0 0 0 0 0 0 0 0 470 445 490 465 436 
0 0 37 0 0 72 78 92 74 84 0 0 31 0 0 77 75 85 59 78 19 25 59 22 25 
8 15 14 16 52 0 0 0 0 36 80 79 71 69 98 0 0 0 0 33 68 98 77 76 104 
0 0 0 145 0 0 0 0 125 0 0 0 0 156 0 0 0 0 158 0 83 81 89 229 92 
0 67 0 34 72 0 64 0 39 77 0 56 0 36 90 0 60 0 31 72 19 78 24 55 113 
0 112 0 0 0 0 108 0 0 0 0 106 0 0 0 0 96 0 0 0 97 185 99 105 92 
0 0 0 53 0 77 61 71 72 73 45 0 52 61 56 0 0 0 26 0 99 97 107 142 100 
0 0 124 57 0 43 45 163 108 51 0 0 106 39 0 0 0 91 39 0 0 0 128 35 0 
15 24 0 0 0 0 59 0 0 21 0 53 0 0 20 0 0 0 0 3 0 33 9 0 29 
59 0 0 0 0 126 62 61 76 69 99 20 18 20 15 131 47 46 52 41 58 0 0 0 0 
83 35 33 111 37 39 0 0 90 0 48 0 0 85 0 79 26 21 115 29 55 0 0 83 0 
0 0 62 43 0 0 0 54 43 0 100 99 149 131 97 0 0 62 47 0 0 0 66 42 0 
30 0 0 80 117 88 80 86 137 195 34 8 11 93 113 71 30 32 106 124 33 39 46 91 126 
2 11 52 102 12 0 0 62 96 0 53 42 129 142 58 30 49 82 145 39 0 0 51 92 0 
69 3 48 62 16 52 4 37 58 16 176 98 147 138 109 89 16 45 63 20 68 0 60 54 0 
39 0 54 0 55 38 0 56 0 51 26 0 66 0 70 87 49 102 64 103 30 0 55 0 53 
84 16 185 106 53 72 5 170 74 38 63 0 160 47 14 163 74 247 136 117 85 33 227 66 66 
19 87 139 32 107 142 179 273 128 221 39 120 183 61 152 0 46 151 3 109 82 135 205 109 198 
20 25 27 72 57 47 54 44 95 91 0 0 0 37 37 0 0 0 24 22 98 109 112 161 125 
18 31 0 83 1 29 47 0 103 0 77 72 39 128 53 25 37 0 103 0 40 33 0 79 0 
0 0 57 0 0 166 152 232 157 180 0 0 68 0 0 0 0 77 0 0 0 0 72 0 0 
10 7 0 0 74 14 2 0 0 60 62 66 50 42 135 23 21 16 12 75 92 117 92 85 137 
57 10 10 6 20 83 60 62 64 63 92 71 78 87 83 36 0 5 0 12 34 11 14 7 21 
19 103 68 18 32 0 88 73 5 6 0 68 45 0 20 0 82 51 7 12 49 126 107 41 78 
169 209 107 108 113 77 66 47 24 24 43 49 20 0 0 50 46 15 0 0 37 43 13 0 0 
95 0 0 12 0 83 0 0 23 0 99 0 0 21 0 100 0 0 1 0 122 15 23 43 29 
64 74 11 20 21 49 43 0 0 3 38 63 15 7 12 56 65 29 25 37 75 74 46 29 42 
37 74 41 69 27 0 60 9 41 16 1 49 8 45 18 0 41 7 28 13 35 104 60 97 78 
0 0 56 27 10 0 0 44 35 1 0 0 43 40 6 43 52 122 93 60 54 48 99 93 63 
29 38 25 22 31 0 0 0 0 0 71 58 56 61 55 0 0 0 0 0 119 107 99 114 109 
43 29 36 35 42 0 0 17 0 0 0 0 21 0 0 50 42 82 55 48 117 93 142 142 121 
40 43 106 54 55 2 3 57 13 17 58 53 124 54 56 0 0 51 1 0 0 4 60 21 11 
0 0 175 32 0 0 0 134 23 0 19 20 150 37 18 0 0 162 23 0 0 0 152 22 0 
46 110 0 0 0 97 157 61 54 61 104 181 29 18 20 107 181 66 68 65 40 103 0 0 0 
54 2 72 65 82 131 65 161 146 172 127 65 140 171 191 131 51 102 108 153 78 8 81 122 114 
112 148 86 68 92 17 55 3 0 0 97 166 83 63 79 49 95 41 26 22 27 69 0 0 0 
0 116 112 167 0 0 129 122 167 0 0 112 122 168 0 0 124 117 160 0 0 128 122 176 0 
14 0 0 131 0 9 0 0 94 0 96 66 87 194 85 11 0 0 100 0 20 1 0 104 0 
46 64 35 33 55 0 41 0 0 18 51 80 45 40 66 7 35 0 0 30 8 56 0 3 21 
90 104 16 57 78 135 222 95 85 174 109 148 52 62 112 62 74 1 19 54 182 252 104 128 151 
65 181 109 82 86 7 38 60 13 1 34 74 99 37 27 22 79 53 11 20 0 58 53 0 0 
10 25 14 3 67 7 24 24 0 103 2 15 18 7 49 60 85 66 47 148 26 37 36 18 96 
598 482 463 390 466 398 284 199 198 217 445 343 276 213 250 359 191 132 68 151 524 435 388 365 367 
110 80 2 5 0 193 175 90 86 91 81 93 0 0 0 110 108 25 19 16 70 65 0 0 0 
164 312 126 146 121 276 400 176 252 190 137 289 80 149 88 45 200 8 46 0 94 206 44 70 30 
0 0 0 0 55 0 0 0 0 65 0 0 0 0 75 0 0 0 0 60 152 171 157 165 203 
76 5 35 0 18 116 19 53 30 33 124 50 88 49 53 141 85 117 71 87 117 27 39 24 27 
150 0 0 54 0 156 0 0 55 0 141 0 0 40 0 168 0 0 46 0 149 0 0 41 0 
138 115 134 210 111 35 0 72 120 3 59 40 119 157 59 33 4 83 90 23 32 0 70 75 0 
59 93 72 156 136 0 8 3 92 46 0 13 5 55 48 0 9 8 73 48 28 38 23 92 54 
120 128 85 46 24 192 173 154 121 110 105 97 81 36 23 238 191 195 139 126 138 157 133 33 75 
57 131 51 58 54 0 54 0 0 0 6 80 4 5 2 0 63 0 0 0 78 155 61 76 65 
0 0 0 19 0 0 0 0 21 0 0 0 0 18 0 0 0 0 19 0 177 190 220 227 220 
46 0 0 21 38 118 89 77 98 104 50 0 0 30 39 41 1 0 19 43 47 0 0 25 33 
42 4 53 125 94 15 2 30 93 86 67 26 53 137 117 21 0 41 99 87 110 85 127 192 212 
0 71 61 0 69 0 76 67 0 75 0 84 55 0 61 0 69 66 0 73 0 86 68 0 67 
49 23 67 42 34 75 59 101 62 56 24 20 37 20 13 63 53 113 75 55 9 0 37 0 0 
81 0 0 0 54 73 0 0 0 50 90 0 0 0 60 67 0 0 0 51 180 92 77 91 158 
69 130 10 111 88 60 144 9 113 100 41 75 0 115 58 188 222 149 246 180 112 174 82 159 143 
72 101 108 79 65 12 38 43 14 10 0 16 52 0 0 71 81 95 61 52 22 32 60 21 15 
0 0 0 150 37 0 0 0 167 28 27 29 16 163 52 0 0 0 157 36 0 0 0 147 42 
0 0 200 0 31 0 0 230 0 29 0 0 211 0 26 0 0 193 0 22 0 0 190 0 28 
0 0 0 143 13 150 134 123 316 169 0 0 0 164 15 114 121 109 254 112 1 0 0 128 8 
31 83 115 159 48 2 66 65 132 13 49 108 113 178 58 23 129 132 160 64 44 97 113 165 41 
0 0 0 1251 0 0 0 0 1225 0 0 0 0 1248 0 0 1 2 1322 1 0 0 0 1260 0 
195 0 0 0 0 197 13 18 17 20 178 0 0 0 0 195 0 0 0 0 166 0 0 0 0 
92 0 0 0 0 117 0 0 0 0 122 0 0 0 0 102 0 0 0 0 206 88 85 89 99 
97 15 86 0 0 109 12 96 0 0 114 8 91 0 0 116 9 90 0 0 111 15 112 0 0 
0 0 0 37 0 78 65 50 107 58 0 0 0 24 0 49 51 68 93 53 48 47 45 104 39 
0 0 1466 0 0 0 0 1488 0 0 0 0 1381 0 0 0 0 1491 0 0 0 0 1457 0 0 
