865 782 625 686 757 1109 1167 951 1021 997 624 614 512 627 672 972 970 854 932 876 551 497 317 464 518 
254 206 256 225 218 0 0 0 0 0 145 119 149 133 146 0 0 0 0 0 0 0 0 0 0 
126 69 35 188 212 89 0 0 184 138 157 67 40 279 233 59 0 0 108 148 92 0 0 143 117 
135 0 111 153 159 193 40 197 199 217 277 119 277 313 304 230 46 165 199 233 159 0 125 196 157 
190 29 70 140 28 153 7 75 112 0 148 27 83 98 20 156 9 48 114 2 366 240 304 365 226 
104 9 19 0 87 83 0 15 0 110 200 88 112 88 183 168 60 109 64 174 216 113 146 114 253 
0 0 0 0 0 0 0 0 0 0 1052 1046 1007 1037 1070 0 0 0 0 0 0 0 0 0 0 
0 0 0 292 0 0 0 4 264 0 120 104 108 412 134 127 121 89 420 136 0 0 0 282 0 
20 10 15 195 4 0 0 0 212 0 42 49 41 207 32 0 0 0 182 0 2 6 4 207 3 
0 0 0 0 0 0 0 0 0 0 0 0 0 0 0 62 73 93 88 91 196 201 184 205 190 
92 110 77 83 206 0 8 0 0 136 0 3 0 0 117 0 5 0 0 132 112 93 89 98 199 
135 143 139 155 147 0 0 0 0 0 0 0 0 0 0 0 0 0 0 0 80 79 63 63 80 
0 0 0 0 0 0 0 0 0 0 0 0 0 0 0 432 429 420 406 415 181 165 176 184 193 
0 208 0 0 87 0 180 0 0 102 119 341 145 120 210 0 205 0 0 95 0 233 0 0 80 
805 0 0 0 0 802 0 0 0 0 792 0 0 0 0 826 0 0 0 0 836 0 0 0 0 
9 3 173 137 163 73 52 221 197 239 103 116 259 197 247 185 160 361 300 320 117 92 244 205 276 
97 159 97 183 73 71 120 91 143 95 0 52 0 50 0 44 111 61 109 55 0 57 0 49 0 
33 8 16 7 18 128 93 104 104 114 28 0 0 0 16 24 0 0 0 22 120 106 93 93 130 
0 0 165 0 0 0 0 156 0 0 0 0 165 0 0 186 151 298 157 159 0 0 157 0 0 
0 68 44 47 0 0 84 47 46 0 37 101 95 101 37 0 69 52 51 0 0 74 60 46 0 
2 0 0 4 154 144 128 131 160 277 147 134 127 129 246 0 1 1 0 128 83 94 107 96 215 
0 0 0 0 0 0 0 0 0 0 0 0 0 0 0 1005 1067 1078 1045 981 0 0 0 0 0 
0 23 71 179 0 0 21 68 163 0 0 23 59 178 0 0 23 66 181 0 0 18 71 184 0 
82 140 82 164 167 7 43 19 67 74 18 47 31 87 100 0 54 0 63 72 0 48 0 67 76 
105 146 161 72 4 112 169 235 92 4 323 353 412 330 236 109 144 204 74 2 268 261 380 233 136 
70 12 15 91 15 73 0 0 110 0 206 152 136 227 128 70 0 0 101 0 110 39 47 167 37 
116 86 41 47 32 150 96 52 58 32 61 58 15 0 0 90 78 21 12 12 79 52 10 0 0 
0 0 210 86 0 0 0 225 75 0 0 0 259 88 0 0 0 262 62 0 0 0 210 64 0 
124 164 150 111 103 0 48 63 0 0 0 45 55 0 0 39 74 96 35 35 0 44 95 0 0 
66 53 77 71 60 101 122 108 114 103 21 39 46 38 38 0 0 0 0 0 0 0 0 0 0 
0 0 0 166 0 0 0 0 176 0 210 225 200 382 219 0 0 0 172 0 0 0 0 155 0 
0 0 0 0 0 165 152 201 156 166 0 0 0 0 0 0 0 0 0 0 80 61 77 72 86 
155 4 25 106 61 163 52 66 151 134 277 101 109 201 192 119 0 1 95 56 243 94 111 222 155 
0 75 0 0 0 0 72 0 0 0 0 57 0 0 0 101 137 74 111 73 47 118 43 46 46 
0 0 95 0 0 85 85 176 105 104 0 0 92 0 0 7 9 97 4 8 14 12 82 9 15 
251 207 201 257 121 109 89 64 114 0 76 88 59 82 0 253 227 153 251 106 110 109 87 133 0 
0 36 0 133 0 0 49 0 154 0 0 49 0 148 0 69 149 80 226 73 0 56 0 138 0 
0 0 0 0 79 81 80 80 67 142 90 77 73 83 135 0 0 0 0 74 0 0 0 0 79 
82 268 324 75 247 19 160 213 5 143 102 257 316 81 248 128 296 312 108 262 201 315 366 142 276 
0 59 39 0 106 25 70 60 15 111 34 105 97 46 112 0 85 32 0 91 0 84 29 0 96 
100 83 95 106 108 13 0 0 32 0 12 0 0 35 0 16 0 0 39 0 80 59 54 96 73 
74 0 70 0 0 68 0 79 0 0 117 53 114 48 56 110 17 81 14 12 69 0 79 0 0 
0 22 96 0 120 0 15 83 0 132 0 24 90 0 124 0 18 106 0 155 1 14 83 0 117 
15 43 138 67 20 61 64 144 96 42 0 38 114 35 0 42 74 145 96 31 0 22 102 55 0 
0 77 0 0 0 0 82 0 0 0 143 259 133 147 144 0 96 0 0 0 16 92 21 28 32 
0 0 0 81 0 73 74 65 143 98 0 0 0 88 0 0 0 0 94 0 89 72 69 171 77 
50 0 93 49 0 59 0 110 53 0 60 0 93 50 0 46 0 102 54 0 47 0 98 47 0 
77 46 0 29 0 103 73 16 47 24 92 86 0 25 0 110 53 0 40 0 87 57 0 33 0 
0 0 0 0 36 256 247 254 252 277 0 0 0 0 44 0 0 0 0 49 0 0 0 0 46 
100 49 67 126 82 60 39 54 107 71 25 0 0 60 10 32 0 0 52 11 40 12 10 59 30 
29 55 8 6 10 17 48 0 0 0 21 73 0 0 0 125 160 123 115 111 27 72 0 0 0 
0 0 0 22 0 193 178 202 205 167 0 0 0 24 0 0 0 0 23 0 0 0 0 20 0 
78 90 147 163 104 0 0 63 73 0 0 0 78 71 0 0 0 76 65 0 0 0 64 69 0 
68 61 65 50 71 44 0 0 0 11 82 67 49 50 77 31 0 0 0 22 97 51 46 52 63 
1 0 28 0 78 0 0 40 5 97 0 0 40 0 86 0 4 39 0 92 107 104 152 95 197 
61 115 152 75 79 34 88 118 30 30 0 40 78 0 0 0 44 84 0 0 0 42 74 0 0 
0 0 122 0 0 0 0 98 0 0 81 120 227 119 109 0 0 89 0 0 0 0 110 0 0 
98 116 34 54 137 36 42 0 0 87 41 62 0 0 73 47 45 0 0 76 64 49 0 0 80 
0 49 0 23 36 59 115 57 80 94 0 59 0 27 38 0 55 0 39 40 26 65 22 53 63 
13 7 122 11 23 0 0 119 0 0 0 0 107 0 0 47 50 145 36 36 105 98 196 85 112 
0 0 0 51 75 88 81 63 117 163 0 0 0 49 73 0 0 0 36 84 0 0 0 47 73 
92 165 78 73 84 21 106 0 0 0 28 115 7 8 8 21 75 0 0 0 22 80 2 3 0 
78 38 105 54 105 21 0 45 11 66 22 0 47 9 81 22 0 58 10 63 14 0 43 12 71 
57 6 21 0 1 68 0 5 0 0 91 43 68 58 80 84 0 0 0 0 146 76 75 89 62 
38 34 118 47 50 0 0 81 0 0 0 0 76 0 3 3 0 70 0 6 36 32 104 27 23 
0 61 63 0 0 1 75 51 0 0 21 104 73 21 21 24 96 36 27 35 0 62 53 0 0 
0 0 87 0 45 26 27 107 24 72 1 0 80 0 25 0 0 93 0 27 0 0 94 0 28 
0 2184 0 0 0 0 2233 0 0 0 0 2111 0 0 0 0 2166 0 0 0 0 2107 0 0 0 
33 123 99 19 13 93 200 183 86 63 12 115 105 5 0 30 186 143 90 39 8 112 93 0 0 
78 107 103 0 0 61 143 127 0 0 85 160 118 0 0 83 138 113 0 0 71 134 112 0 0 
0 86 0 101 0 74 168 75 227 85 81 169 65 149 54 0 78 0 102 0 0 124 0 86 0 
0 0 0 0 0 1284 1248 1247 1198 1263 0 0 0 0 0 0 0 0 0 0 0 0 0 0 0 
0 0 81 125 0 0 0 76 108 0 0 0 81 126 0 0 0 83 127 0 0 0 71 131 0 
146 47 52 91 42 146 49 49 100 60 81 0 0 35 0 77 0 0 35 0 86 0 0 43 0 
0 130 0 0 97 0 157 0 0 74 0 168 0 0 95 0 150 0 0 83 0 156 0 0 122 
203 305 206 235 80 131 239 129 113 21 310 422 283 308 147 296 380 323 302 130 261 359 304 227 142 
84 79 263 283 82 0 0 189 202 0 118 114 283 328 105 0 0 167 187 5 2 14 190 200 12 
146 100 113 144 254 8 22 4 2 165 11 19 8 8 156 226 208 178 201 341 211 257 248 222 369 
0 111 0 0 0 0 96 0 0 0 0 116 0 0 0 6 106 5 7 3 262 347 274 257 257 
57 27 46 13 51 55 22 50 0 42 54 20 44 0 33 86 16 40 0 52 152 126 105 99 160 
202 76 0 100 0 205 74 0 103 0 205 59 0 103 0 197 74 0 111 0 201 60 0 117 0 
0 0 1446 0 0 0 0 1474 0 0 0 0 1355 0 0 0 0 1482 0 0 0 0 1438 0 0 
80 0 10 57 30 100 57 49 99 71 110 65 60 88 84 69 26 23 69 37 56 0 0 32 10 
105 111 110 77 174 0 0 6 0 40 55 69 65 55 101 0 0 15 0 46 0 0 10 0 57 
59 104 0 125 0 159 195 110 226 91 125 152 83 216 92 57 92 0 110 0 42 73 0 115 0 
74 95 87 78 130 74 89 62 58 93 0 28 0 0 48 0 25 0 0 27 53 73 52 49 90 
0 91 0 1 0 40 141 31 43 33 47 158 40 41 37 32 143 24 30 37 48 144 43 45 52 
33 9 41 34 0 103 69 110 112 62 42 20 45 37 0 47 8 43 35 0 40 19 34 39 0 
149 0 0 0 0 135 0 0 0 0 218 84 105 104 105 128 0 0 0 0 127 0 0 0 0 
0 0 0 0 828 0 0 0 0 785 0 0 0 0 839 0 0 0 0 831 0 0 0 0 772 
75 127 95 182 180 0 8 3 97 51 0 15 3 62 73 0 11 10 97 54 33 44 24 110 71 
131 0 0 0 0 248 99 88 88 71 152 0 0 0 0 149 0 0 0 0 143 0 0 0 0 
0 0 0 0 0 81 62 73 73 75 0 0 0 0 0 154 126 147 152 156 0 0 0 0 0 
0 22 0 143 0 33 55 46 186 32 0 19 0 132 0 0 16 0 136 0 0 19 0 160 0 
133 58 112 122 153 87 0 80 50 62 78 13 92 81 60 162 87 149 108 155 64 0 46 33 56 
52 58 75 160 131 34 31 40 97 97 0 0 0 86 67 0 0 0 53 58 9 14 10 98 67 
0 8 74 0 0 107 111 204 115 128 0 10 87 2 0 81 102 224 74 78 0 7 76 0 0 
228 13 210 0 0 228 10 187 0 0 225 5 206 4 0 204 4 202 0 0 236 25 213 9 12 
308 103 349 115 213 365 161 414 157 238 357 123 372 174 242 208 1 223 11 115 175 39 220 17 97 
69 167 71 85 77 0 97 0 30 0 18 137 30 36 32 0 114 0 18 0 0 80 0 22 0 
0 0 32 0 57 35 46 77 44 113 55 74 88 53 121 0 0 31 0 61 0 0 49 0 58 
0 0 25 0 246 0 0 19 0 225 0 0 39 0 217 0 0 32 0 217 0 0 32 0 258 
0 0 0 60 0 0 0 0 62 0 56 61 50 146 47 0 0 0 60 0 88 81 83 164 89 
127 0 0 125 0 151 0 0 151 0 145 0 0 122 0 127 1 0 139 0 138 0 0 137 0 
0 42 97 75 0 105 179 191 190 112 155 214 237 229 140 19 65 115 109 31 64 112 127 128 46 
96 117 108 100 195 0 0 0 0 69 0 0 0 0 65 20 22 25 20 94 0 0 0 0 71 
103 202 119 110 114 0 110 0 0 0 69 175 79 78 73 11 108 7 4 15 93 194 82 79 95 
136 126 76 78 77 75 45 0 0 0 85 45 4 4 8 63 47 0 0 0 71 56 0 0 0 
0 126 0 0 0 44 187 54 57 72 0 144 0 0 0 69 217 93 90 73 0 126 0 0 0 
0 0 0 0 0 0 0 0 0 0 0 0 0 0 0 0 0 0 0 0 470 427 460 437 410 
0 0 37 0 0 73 79 92 74 87 0 0 31 0 0 77 75 85 59 79 18 25 59 22 25 
8 15 16 17 51 0 0 0 0 37 82 86 73 74 102 0 0 0 0 34 70 102 82 75 111 
0 0 0 140 0 0 0 0 128 0 0 0 0 149 0 0 0 0 153 0 82 76 85 219 85 
0 68 0 34 72 2 64 0 39 76 1 55 0 36 91 2 59 0 31 72 19 77 25 56 112 
0 14 0 17 0 80 90 76 63 80 79 73 73 70 78 0 16 0 14 0 123 149 124 138 120 
0 0 117 54 0 43 45 155 106 51 0 0 102 38 0 0 0 87 37 0 0 0 126 34 0 
70 0 0 0 0 137 69 65 81 78 110 22 20 23 16 141 50 56 61 49 68 0 0 0 0 
83 35 33 111 37 39 0 0 91 0 48 0 0 84 0 83 35 30 120 32 55 0 0 83 0 
0 0 63 39 0 0 0 55 42 0 101 99 149 130 97 0 0 62 44 0 0 0 67 40 0 
3 6 52 108 7 0 0 45 74 0 45 29 106 119 46 28 41 68 118 38 0 0 49 85 0 
56 5 43 44 12 44 6 38 42 22 114 72 123 107 82 70 22 42 49 18 51 0 45 43 2 
39 0 54 0 55 38 0 56 0 50 25 0 66 0 69 88 49 103 64 103 30 0 55 0 53 
70 27 134 75 43 52 12 111 69 32 54 0 112 28 13 122 47 165 94 90 70 31 162 61 56 
9 97 176 39 150 152 205 304 121 260 29 108 210 57 185 0 54 181 6 162 76 117 218 103 207 
26 24 25 80 55 50 44 37 87 83 0 0 0 37 34 0 0 0 24 18 85 104 107 141 120 
19 31 1 85 1 29 48 0 106 0 81 72 41 131 54 27 37 0 108 0 41 36 0 81 0 
0 0 51 0 0 151 134 193 134 165 0 0 58 0 0 0 0 66 0 0 0 0 63 0 0 
63 9 9 4 17 92 63 65 66 70 101 77 84 87 84 42 0 3 0 8 36 10 12 7 20 
19 150 94 19 48 5 128 79 10 27 0 112 56 0 33 0 131 61 5 18 49 174 115 42 93 
147 217 116 106 110 71 72 49 26 26 42 73 15 0 0 44 52 17 0 0 31 54 19 0 0 
63 53 5 1 3 66 37 2 0 3 75 53 20 10 16 94 81 59 53 56 67 46 41 0 37 
39 81 44 75 28 0 68 11 46 17 0 54 10 47 21 0 45 12 35 11 42 108 68 101 86 
0 0 64 28 12 0 0 52 37 3 0 0 46 41 6 49 62 142 107 68 55 52 112 105 65 
28 41 26 24 33 0 0 0 0 0 75 62 65 67 62 0 0 0 0 0 130 116 110 125 116 
34 5 5 18 28 0 0 0 0 0 0 0 1 0 0 60 65 88 67 73 108 93 150 143 122 
31 35 90 13 34 0 0 52 0 0 60 52 127 47 44 0 0 53 0 0 0 0 62 0 0 
0 0 105 2 0 0 0 64 0 0 19 20 76 0 18 0 0 63 4 0 0 0 88 0 0 
42 69 0 0 0 63 93 36 28 29 64 107 17 14 9 79 119 37 36 41 37 66 0 0 0 
109 143 93 68 85 18 56 0 0 0 86 157 75 62 66 43 91 34 24 19 28 68 0 0 0 
0 117 110 167 0 0 127 121 159 0 0 107 120 167 0 0 118 116 156 0 0 128 119 167 0 
27 0 0 207 0 17 0 0 142 0 141 108 140 261 109 15 0 0 145 0 33 0 0 154 0 
123 160 29 79 110 174 262 87 99 187 156 198 87 102 133 80 110 3 30 69 240 306 120 159 190 
58 157 118 80 82 8 44 62 11 1 32 72 100 32 29 25 67 53 9 19 0 52 50 0 0 
0 21 13 0 72 9 20 19 0 124 1 19 15 6 54 61 76 69 58 152 33 40 36 31 102 
637 492 549 399 510 415 182 268 172 238 441 275 298 179 265 347 114 121 56 205 562 338 440 335 402 
101 64 0 3 0 183 169 81 70 75 96 86 0 0 0 106 102 24 13 19 81 65 0 0 0 
176 320 150 149 140 259 406 168 273 192 138 290 88 155 73 37 191 0 53 0 87 221 71 101 51 
0 0 0 0 54 0 0 0 0 58 0 0 0 0 68 0 0 0 0 61 135 159 148 157 187 
150 0 0 54 0 156 0 0 54 0 139 0 0 40 0 168 0 0 46 0 149 0 0 40 0 
199 141 215 290 141 50 1 98 139 0 107 47 146 209 86 56 15 115 123 30 53 0 120 83 2 
132 107 74 47 31 159 127 94 76 118 100 75 23 6 14 224 148 144 100 140 162 159 112 51 90 
75 167 62 75 70 0 74 0 0 0 7 105 3 5 2 0 80 0 0 0 104 192 80 102 82 
0 0 0 19 0 0 0 0 20 0 0 0 0 19 0 0 0 0 20 0 187 198 226 229 230 
58 1 55 100 96 11 3 34 106 77 44 15 43 130 94 16 0 36 94 92 106 79 114 179 205 
0 94 66 0 87 0 90 72 0 78 0 102 66 0 68 0 86 77 0 85 0 122 76 0 83 
42 20 51 33 29 66 48 86 49 50 19 8 33 16 10 50 38 98 66 47 6 0 31 0 0 
78 0 0 0 52 66 0 0 0 50 81 0 0 0 57 63 0 0 0 46 171 91 81 94 152 
47 66 0 61 43 33 57 1 66 48 42 52 0 112 66 111 148 73 150 108 55 94 28 88 71 
98 130 122 101 87 14 44 55 15 12 0 14 50 0 0 73 89 108 70 61 27 40 72 23 16 
0 0 0 142 35 0 0 0 161 28 28 30 16 160 52 0 0 0 152 35 0 0 0 138 39 
0 0 0 182 15 233 197 194 453 240 0 0 0 195 17 153 163 155 344 154 0 0 0 189 11 
55 157 179 202 72 28 94 116 192 32 64 135 148 211 69 64 205 169 240 97 110 139 191 241 101 
0 0 0 1275 0 0 0 0 1279 0 0 0 0 1307 0 0 0 1 1343 0 0 0 0 1300 0 
218 0 0 0 0 229 13 22 23 25 189 0 0 0 0 208 0 0 0 0 193 0 0 0 0 
92 0 0 0 0 117 0 0 0 0 122 0 0 0 0 102 0 0 0 0 206 88 85 89 99 
222 90 67 125 96 120 0 0 31 12 187 57 47 56 54 176 42 66 146 79 221 151 125 178 162 
59 81 134 92 76 0 0 50 0 0 0 0 68 0 0 0 0 51 0 0 161 148 179 171 171 
1 20 5 81 222 121 135 117 213 348 2 29 5 89 270 0 21 3 106 262 120 150 119 193 307 
11 16 75 7 231 8 2 59 8 178 125 109 176 127 287 152 151 224 174 351 1 3 49 0 195 
87 222 233 171 67 136 224 282 167 81 122 219 262 168 116 46 147 175 73 10 39 177 191 134 16 
117 0 0 11 0 109 0 0 0 0 125 0 1 0 0 122 0 0 0 0 159 20 32 55 39 
44 55 20 39 46 0 38 0 0 20 49 76 43 39 57 7 32 0 0 32 0 52 0 0 20 
616 629 643 675 628 0 0 0 0 0 0 0 0 0 0 0 0 0 0 0 0 0 0 0 0 
87 65 0 0 0 110 79 19 15 15 166 104 39 39 29 104 75 0 0 0 121 104 25 31 33 
30 0 0 54 63 71 42 37 88 118 18 0 1 57 65 35 10 14 53 56 28 25 30 71 71 
14 11 2 0 84 16 5 2 0 74 77 82 53 51 158 24 28 18 23 91 117 138 103 105 150 
55 0 0 0 0 62 0 0 0 0 64 0 0 0 0 202 133 145 146 141 52 0 0 0 0 
51 146 98 123 128 97 257 156 157 203 17 120 66 59 55 107 199 139 164 149 120 229 177 187 184 
0 0 0 0 0 30 35 30 18 22 0 0 0 0 0 59 67 68 65 90 100 94 94 94 125 
138 11 70 13 25 204 5 64 8 2 299 91 149 95 95 297 147 240 166 164 231 47 87 35 49 
15 0 46 0 0 18 0 26 0 0 31 0 16 3 0 114 87 112 98 81 24 5 46 0 6 
0 0 201 0 39 0 0 237 0 35 0 0 203 0 31 0 0 199 0 28 0 0 192 0 26 
117 70 0 141 46 122 72 0 129 65 123 105 35 149 81 90 65 0 98 49 87 58 0 117 37 
37 65 43 56 32 10 21 0 18 0 56 79 49 86 36 9 42 5 32 0 56 55 54 78 26 
0 0 52 67 0 84 61 118 112 72 0 0 52 57 0 69 60 122 106 49 53 31 105 91 37 
11 0 0 0 1 1 41 0 2 0 0 2 0 0 0 34 36 50 47 62 0 0 0 0 0 
0 247 0 217 0 0 199 0 212 0 7 219 9 218 8 0 206 0 214 0 0 219 0 221 0 
