818 824 692 703 770 1013 1181 1001 1043 1021 612 662 552 568 716 881 911 802 876 880 511 533 417 443 569 
232 158 242 213 197 1 0 0 0 0 149 115 150 127 141 0 0 0 0 0 0 0 0 0 0 
143 66 44 185 218 82 0 0 160 162 187 58 35 280 266 75 0 0 129 155 70 0 0 121 127 
130 0 114 142 157 221 49 205 237 240 306 131 267 339 353 235 62 185 230 239 150 0 131 210 166 
137 32 73 119 14 105 6 60 97 0 123 25 59 82 20 114 0 46 104 0 240 154 230 258 148 
105 6 22 1 101 88 0 23 0 138 186 96 103 82 196 183 76 101 64 163 242 111 123 109 253 
0 0 0 0 0 0 0 0 0 0 1033 1035 984 1016 1049 0 0 0 0 0 0 0 0 0 0 
0 0 0 259 0 1 0 2 245 0 107 105 96 378 114 116 110 84 386 116 0 0 0 246 0 
17 12 16 210 8 0 1 0 215 0 45 46 41 204 30 0 0 0 179 0 4 8 3 206 2 
0 0 0 0 0 0 0 0 0 0 0 0 0 0 1 67 66 75 75 101 190 179 172 223 175 
61 77 60 47 155 0 9 0 0 94 0 4 0 0 96 0 5 0 0 103 71 67 73 59 156 
147 154 157 159 164 0 0 0 0 0 0 0 0 0 0 0 0 0 0 0 89 82 70 70 82 
0 0 0 0 0 0 0 0 0 0 0 0 0 0 0 430 434 416 406 419 193 181 183 185 207 
0 212 0 0 97 0 191 0 0 103 118 343 144 117 212 0 201 0 0 109 0 226 0 0 90 
815 0 0 0 0 807 0 0 0 0 801 0 0 0 0 837 0 0 0 0 844 0 0 0 0 
46 32 176 137 148 56 5 137 120 137 101 87 208 201 179 180 155 289 275 272 129 95 218 199 228 
76 121 67 141 66 61 75 60 101 68 0 36 0 43 0 42 92 48 81 39 0 40 0 40 0 
29 9 10 7 27 139 110 105 97 124 37 0 0 0 19 26 0 0 0 27 136 118 99 111 158 
0 0 167 0 0 0 0 158 0 0 0 0 177 0 0 197 164 314 158 171 0 0 167 0 0 
0 80 52 57 0 0 102 54 57 0 49 120 116 135 43 0 95 76 76 0 0 104 83 59 0 
1 0 0 3 146 120 109 139 145 279 129 134 127 132 237 0 4 0 0 131 85 84 106 96 209 
0 0 0 0 0 0 0 0 0 0 0 0 0 0 0 999 1060 1077 1044 976 0 0 0 0 0 
0 18 51 131 0 0 17 52 114 0 0 18 45 141 0 0 17 49 139 0 0 15 51 139 0 
108 158 98 210 189 3 48 27 93 91 15 59 28 105 99 0 63 0 69 72 0 52 0 70 85 
110 139 137 78 0 117 150 216 80 0 348 303 370 350 249 130 150 162 105 0 328 254 363 268 156 
73 10 19 102 18 73 0 0 110 0 210 148 134 219 126 69 0 0 106 1 106 42 43 172 33 
118 95 51 48 37 150 106 59 60 33 53 52 18 0 0 95 84 26 18 17 91 49 8 0 0 
0 0 176 76 0 0 0 205 75 0 0 0 239 71 0 0 0 222 68 0 0 0 180 62 0 
116 152 154 111 95 0 51 59 0 0 0 60 57 0 0 34 64 94 31 33 0 40 79 0 2 
67 52 78 71 64 112 128 108 126 109 25 39 43 39 39 0 0 0 0 0 0 0 0 0 0 
0 0 0 172 0 0 0 0 183 0 241 235 229 423 254 0 0 0 175 0 0 0 0 160 0 
0 0 0 0 0 137 126 162 125 132 0 0 0 0 0 0 0 0 0 0 69 52 62 60 75 
133 4 14 101 47 152 29 59 133 106 239 90 106 190 162 97 0 0 83 36 216 89 100 190 134 
0 79 0 0 0 0 84 0 0 0 0 60 0 0 0 113 158 80 124 87 49 126 47 49 47 
0 0 96 0 0 90 90 183 111 109 0 0 96 0 0 8 9 100 4 8 15 13 83 9 16 
263 228 204 268 123 118 83 75 114 0 86 86 62 88 0 271 239 176 279 107 135 137 101 158 8 
0 221 0 197 0 0 179 0 189 0 0 197 1 189 0 0 183 0 187 0 0 193 0 199 0 
0 42 0 127 0 0 53 0 146 0 0 50 0 146 0 66 149 68 214 76 0 57 0 130 0 
0 0 0 0 75 81 70 77 62 129 85 75 71 81 131 0 0 0 0 75 0 0 0 0 77 
89 275 314 49 205 43 198 234 15 145 93 284 322 62 217 92 287 312 104 231 226 368 395 172 294 
0 49 35 0 92 21 66 50 11 96 29 88 102 39 85 0 64 25 0 74 0 64 33 0 72 
112 94 109 118 129 14 0 0 34 0 15 0 0 42 0 16 0 0 40 0 93 66 59 106 86 
89 0 79 0 0 81 0 85 0 0 158 67 133 70 66 143 23 110 14 17 81 0 86 0 0 
0 18 81 0 96 0 11 69 0 107 0 16 74 0 105 0 14 90 0 132 0 13 69 0 101 
19 48 153 72 23 57 74 158 113 53 0 41 121 37 0 46 66 160 110 48 0 28 110 57 0 
0 74 0 0 0 0 76 0 0 0 142 256 134 145 133 0 101 0 0 0 16 84 20 26 29 
0 0 0 96 0 78 79 65 153 104 0 0 0 78 0 0 0 0 95 0 91 81 82 204 89 
56 0 106 55 0 61 0 118 59 0 71 0 104 56 0 53 0 117 59 0 49 0 107 52 0 
79 47 0 31 0 104 74 15 47 25 95 87 0 25 0 111 53 0 41 0 89 59 0 33 0 
0 0 0 0 36 255 245 254 256 290 0 0 0 0 57 0 0 0 0 57 0 0 0 0 51 
113 57 71 139 94 73 41 63 114 88 30 0 0 64 19 37 0 0 61 13 53 14 8 63 31 
29 62 7 7 10 18 52 0 0 0 24 77 0 0 0 137 168 131 121 120 30 75 0 0 0 
0 0 0 21 0 186 170 197 198 164 0 0 0 23 0 0 0 0 22 0 0 0 0 19 0 
71 79 133 138 89 0 0 52 63 0 0 0 73 60 0 0 0 67 53 0 0 0 59 62 0 
63 57 59 48 68 41 0 0 0 11 76 62 48 48 72 30 0 0 0 22 92 49 45 49 60 
0 0 28 0 76 9 6 40 14 95 0 0 36 0 73 12 7 47 9 98 88 86 121 67 164 
54 105 137 64 70 27 79 94 26 26 0 32 70 0 0 0 37 71 0 0 0 38 66 0 0 
0 0 122 0 0 0 0 97 0 0 78 123 228 122 109 0 0 93 0 0 0 0 111 0 0 
113 114 34 58 145 39 41 0 0 85 44 64 0 0 73 40 45 0 0 82 58 51 0 0 84 
0 49 0 23 36 59 114 57 80 94 0 59 0 27 38 0 55 0 39 40 26 64 22 53 63 
8 6 99 4 11 0 0 85 0 0 0 0 82 0 0 36 39 116 26 28 70 77 148 54 81 
0 0 0 51 75 85 80 59 114 160 0 0 0 47 73 0 0 0 36 84 0 0 0 47 71 
107 208 92 89 99 24 129 0 0 0 32 148 7 8 12 27 87 0 0 0 30 97 1 2 1 
75 38 99 45 102 21 0 39 1 58 20 0 43 0 62 19 0 53 0 53 0 0 34 0 56 
51 0 5 1 2 67 0 1 0 0 75 52 49 41 60 65 0 0 4 0 159 105 104 123 87 
45 34 118 43 48 16 0 80 0 0 0 0 77 0 0 2 0 70 0 0 27 36 109 34 27 
0 62 63 0 0 0 68 50 0 0 21 104 74 21 21 32 109 55 40 42 0 62 55 0 0 
25 0 87 0 39 63 41 121 39 75 18 0 78 0 22 25 0 86 0 25 25 0 91 0 24 
0 2119 0 0 0 0 2171 0 0 0 0 2051 0 0 0 0 2119 0 0 0 0 2058 0 0 0 
14 89 74 14 13 66 132 127 60 52 2 91 83 5 0 23 121 94 56 28 6 78 61 0 0 
77 136 103 0 0 60 134 129 0 0 76 130 132 0 0 74 132 123 0 0 69 124 138 0 0 
0 69 0 94 0 58 130 63 159 64 54 113 32 123 45 0 72 0 96 0 0 88 0 79 0 
0 0 0 0 0 1303 1285 1260 1230 1285 0 0 0 0 0 0 0 0 0 0 0 0 0 0 0 
0 0 83 139 0 0 0 73 112 0 0 0 85 134 0 0 0 82 136 0 0 0 75 137 0 
166 54 55 99 46 173 61 68 119 65 99 0 0 53 0 89 0 0 39 0 102 0 0 57 0 
0 147 0 0 90 0 165 0 0 84 0 180 0 0 91 0 149 0 0 72 0 157 0 0 107 
195 307 183 268 117 95 178 41 125 3 281 436 239 347 116 162 302 164 194 67 206 357 274 291 139 
95 78 282 285 82 0 0 202 207 0 95 94 280 293 86 0 0 168 186 1 11 13 217 191 26 
125 120 90 140 243 13 27 3 7 163 14 18 9 13 167 211 229 179 213 377 218 254 238 222 398 
0 72 0 0 0 0 57 0 0 0 0 70 0 0 0 6 69 4 7 3 167 222 178 154 176 
83 34 49 15 95 79 5 22 0 75 70 6 28 0 53 111 7 20 0 67 206 146 141 141 226 
202 61 0 100 0 204 62 0 104 0 202 47 0 103 0 186 59 0 111 0 201 56 0 104 0 
0 0 1445 0 0 0 0 1459 0 0 0 0 1349 0 0 0 0 1465 0 0 0 0 1414 0 0 
82 0 5 54 27 125 69 64 121 72 118 72 65 93 82 75 20 19 75 43 65 0 0 30 15 
101 113 130 85 189 0 0 7 0 48 53 78 72 65 104 0 0 22 0 56 0 0 9 0 61 
50 88 0 122 0 148 187 100 218 86 121 145 87 225 101 54 81 0 115 0 39 73 0 113 0 
69 86 71 77 121 72 89 60 53 94 0 26 0 0 48 0 18 0 0 29 44 64 48 47 86 
0 67 0 0 0 32 131 31 34 33 36 141 35 34 31 24 123 26 28 32 39 129 48 35 48 
33 10 40 30 0 100 69 110 107 63 43 17 46 33 0 47 6 44 33 0 41 17 37 38 0 
150 0 0 0 0 123 0 0 0 0 203 84 106 103 103 124 0 0 0 0 141 0 0 0 0 
0 0 0 0 819 0 0 0 0 775 0 0 0 0 825 0 0 0 0 818 0 0 0 0 762 
144 117 0 176 62 138 135 6 214 95 207 199 46 227 126 151 134 16 160 108 161 165 1 220 71 
134 0 0 0 0 257 105 94 83 69 158 0 0 0 0 152 0 0 0 0 151 0 0 0 0 
0 0 0 0 0 72 55 70 64 70 0 0 0 0 0 140 116 135 141 135 0 0 0 0 0 
0 22 0 143 0 32 55 46 186 32 0 19 0 132 0 0 16 0 136 0 0 20 0 160 0 
155 58 111 97 159 100 0 89 24 61 82 8 104 70 75 203 106 184 122 187 63 0 53 42 47 
43 48 55 128 106 28 22 31 81 73 0 0 0 77 55 0 0 0 48 50 4 8 5 69 52 
0 10 65 0 0 87 118 197 90 102 0 10 84 0 0 59 87 180 52 68 0 7 62 0 0 
195 0 185 0 0 194 0 169 0 0 196 4 175 4 0 171 0 173 0 0 202 16 170 10 10 
362 135 421 166 259 408 186 457 195 243 355 160 416 196 256 253 33 267 100 156 273 77 319 83 155 
66 158 70 85 67 0 91 0 29 0 17 135 27 34 27 0 104 0 15 0 0 78 0 25 0 
0 0 33 0 58 34 46 78 44 113 55 74 89 53 121 0 0 33 0 61 0 0 49 0 58 
0 0 17 0 205 0 0 16 0 195 0 0 32 0 191 0 0 27 0 200 0 0 25 0 210 
0 0 0 54 0 0 0 0 64 0 57 65 48 151 49 0 0 0 60 0 92 82 91 172 99 
106 0 0 117 0 135 0 0 140 0 136 0 0 123 0 126 0 0 137 0 133 0 0 136 0 
4 45 84 85 4 89 173 168 187 101 160 198 231 233 144 20 73 114 121 41 75 116 117 133 60 
116 139 127 116 236 0 0 0 0 82 0 0 0 0 83 23 26 29 22 117 0 0 0 0 87 
119 209 128 122 124 0 110 0 0 0 76 182 83 85 78 1 102 0 0 0 70 177 61 47 84 
136 126 76 78 78 76 45 0 0 0 85 47 3 4 8 63 47 0 0 0 71 56 0 0 0 
0 121 0 0 0 39 185 49 53 69 0 134 0 0 0 70 209 92 92 68 0 129 0 0 0 
0 0 0 0 0 0 0 0 0 0 0 0 0 0 0 0 0 0 0 0 440 407 447 425 385 
0 0 38 0 0 73 79 92 75 88 0 0 31 0 0 79 78 86 62 79 19 26 60 22 27 
8 16 23 28 60 4 0 0 0 58 103 114 101 100 151 0 0 0 0 49 89 132 106 117 161 
0 0 0 133 0 0 0 0 124 0 0 0 0 143 0 0 0 0 154 0 80 77 83 217 87 
0 71 0 35 79 0 65 0 39 84 0 61 0 35 94 0 61 0 31 78 19 84 25 59 115 
0 112 0 0 0 0 108 0 0 0 0 106 0 0 0 0 96 0 0 0 97 185 99 105 92 
0 27 0 11 0 89 103 90 75 87 82 82 77 72 81 0 20 0 12 0 121 156 126 146 119 
0 0 120 57 0 44 47 157 107 52 0 0 103 40 0 0 0 93 39 0 0 0 131 37 0 
59 0 0 0 0 126 62 61 76 69 99 20 18 20 15 131 47 46 52 41 58 0 0 0 0 
83 35 32 110 37 39 0 0 89 0 48 0 0 85 0 83 35 30 119 32 55 0 0 82 0 
0 0 21 25 0 0 0 0 22 0 101 99 89 112 97 0 0 0 24 0 0 0 26 23 0 
1 0 35 30 56 24 32 78 51 86 30 26 86 50 77 50 47 99 71 97 9 13 62 34 79 
3 8 53 118 6 0 0 55 84 0 48 32 112 132 52 31 41 73 122 36 0 0 54 85 0 
63 6 50 53 12 41 8 47 55 24 133 74 127 122 87 77 19 51 59 19 45 0 48 57 2 
44 0 58 0 61 39 0 59 0 56 33 0 73 0 77 100 59 116 69 114 36 0 63 0 57 
97 19 204 86 48 74 6 174 83 27 68 0 159 23 2 176 72 244 150 118 104 24 223 75 58 
12 87 159 32 132 151 216 309 123 277 39 127 199 55 191 0 50 169 8 116 103 174 253 131 238 
23 24 25 60 48 44 38 35 77 74 0 0 0 33 30 0 0 0 23 17 80 96 95 129 104 
25 34 0 110 1 38 53 0 125 0 92 77 42 149 64 28 43 0 115 0 48 34 0 94 0 
0 0 57 0 0 165 146 211 153 180 0 0 64 0 0 0 0 79 0 0 0 0 67 0 0 
99 18 29 9 38 138 89 114 91 102 168 132 124 126 133 69 0 8 0 25 50 17 25 10 34 
20 130 89 19 40 0 101 81 7 6 0 89 52 0 24 0 105 58 5 13 51 154 115 43 86 
138 191 92 94 99 78 63 47 20 20 37 51 18 0 0 47 52 15 0 0 33 44 15 0 0 
85 95 15 19 21 65 57 0 0 0 75 74 20 11 20 81 101 44 54 58 104 89 52 37 54 
38 75 43 71 28 0 60 8 41 16 0 50 9 45 18 0 43 13 31 13 38 103 64 96 78 
0 0 69 32 10 0 0 50 38 0 0 0 52 42 8 48 64 158 124 77 60 54 114 103 66 
29 38 26 22 31 0 0 0 0 0 71 59 57 62 55 0 0 0 0 0 120 107 99 114 110 
43 30 34 31 39 0 0 14 0 0 0 0 18 0 0 47 44 78 54 46 112 87 133 124 120 
39 41 108 45 52 5 7 60 6 14 53 40 123 44 45 0 0 52 0 4 0 0 59 9 0 
0 0 180 32 0 0 0 141 23 0 19 20 156 37 18 0 0 166 23 0 0 0 162 23 0 
46 73 0 0 0 70 102 40 31 33 71 116 17 17 10 88 124 39 42 43 39 68 0 0 0 
92 123 73 61 66 13 47 4 0 0 79 144 64 52 56 42 78 28 22 16 29 61 0 0 0 
0 119 108 163 0 0 127 120 164 0 0 109 122 167 0 0 119 114 159 1 0 128 118 168 0 
20 0 0 205 0 13 0 0 130 0 148 113 126 273 115 14 0 0 169 0 36 0 1 148 0 
150 211 73 106 146 236 318 152 127 245 170 245 133 117 167 108 134 17 39 91 266 380 197 202 254 
60 176 129 87 100 10 49 71 12 4 29 75 109 32 28 28 86 62 12 22 0 63 51 0 0 
0 11 6 0 63 5 17 12 4 107 0 11 12 4 49 50 89 65 49 150 27 35 35 22 94 
685 497 522 358 506 452 224 273 193 218 447 260 303 176 270 366 156 192 64 149 556 329 401 315 346 
82 60 0 3 0 155 145 68 70 66 72 83 0 0 0 89 85 23 15 17 64 51 0 0 0 
163 317 120 131 133 234 361 138 217 177 121 271 79 137 65 30 179 0 29 0 91 234 58 88 45 
0 0 0 0 52 0 0 0 0 56 0 0 0 0 65 0 0 0 0 58 133 157 141 152 185 
65 0 32 0 11 115 13 53 32 32 118 47 90 55 51 138 69 115 63 88 118 18 45 14 28 
150 0 0 49 0 155 0 0 50 0 141 0 0 36 0 168 0 0 41 0 149 0 0 36 0 
145 143 159 248 119 32 0 73 118 0 71 45 119 185 58 34 12 81 92 26 34 1 78 92 4 
83 132 140 292 219 0 8 2 131 65 0 9 9 90 71 0 15 10 126 73 53 56 50 144 92 
151 148 107 63 48 220 218 172 147 152 127 113 80 59 31 246 247 210 150 157 166 205 131 82 75 
58 130 51 57 53 0 55 0 0 0 6 80 4 5 4 0 64 0 0 0 76 154 62 75 65 
0 0 0 17 0 0 0 0 20 0 0 0 0 21 0 0 0 0 19 0 179 187 216 214 215 
49 0 45 98 84 19 8 33 108 83 62 20 52 133 113 25 0 39 89 95 124 76 121 197 200 
0 93 71 0 86 0 95 78 0 99 0 120 57 0 72 0 85 87 0 95 0 113 83 0 94 
50 26 63 40 38 77 53 104 58 58 25 18 37 21 12 57 46 113 78 54 7 0 35 0 0 
76 0 0 0 54 65 0 0 0 50 86 0 0 0 59 68 0 0 0 52 182 87 77 96 153 
79 135 18 108 92 88 190 36 145 145 43 97 1 95 66 200 265 158 244 207 121 232 134 192 173 
70 86 96 75 62 10 36 39 13 8 0 11 42 0 0 58 64 83 49 45 21 29 55 17 13 
0 0 0 140 35 0 0 0 158 28 27 28 16 157 51 0 0 0 149 34 0 0 0 139 37 
0 2 0 160 15 211 175 187 420 226 0 0 0 186 14 152 140 160 341 155 0 0 0 184 14 
77 180 203 222 93 61 127 184 199 37 98 171 194 230 95 104 234 222 276 126 136 177 203 280 133 
0 0 0 1282 0 0 4 0 1294 0 0 0 0 1314 0 1 2 2 1363 3 0 0 0 1315 0 
195 0 0 0 0 197 13 17 17 19 178 0 0 0 0 196 0 0 0 0 166 0 0 0 0 
92 0 0 0 0 117 0 0 0 0 122 0 0 0 0 102 0 0 0 0 206 88 85 89 99 
204 26 66 37 34 163 1 16 4 9 293 90 109 97 91 301 154 194 174 148 230 61 88 60 90 
0 10 0 0 0 0 34 0 0 0 4 9 0 0 0 28 50 29 41 45 0 0 0 0 0 
70 91 129 123 105 0 0 46 0 0 0 0 67 0 0 0 0 72 0 0 205 200 224 217 194 
0 16 0 76 215 115 124 118 203 349 0 25 0 75 237 0 13 0 85 246 120 144 119 175 310 
15 10 77 7 238 6 0 50 4 164 125 100 169 122 293 147 151 220 166 351 2 2 64 0 193 
144 300 304 231 81 168 272 329 209 101 143 270 297 165 112 90 213 279 128 16 50 207 227 124 0 
118 0 0 23 0 102 0 0 0 0 126 0 0 2 0 124 0 0 0 0 164 20 30 32 35 
0 0 199 0 34 0 0 229 0 35 0 0 200 0 23 0 0 187 0 25 0 0 182 0 28 
52 62 44 45 71 0 51 0 0 27 31 71 38 37 64 0 32 0 0 32 0 52 0 0 26 
615 626 645 686 629 0 0 0 0 0 0 0 0 0 0 0 0 0 0 0 0 0 0 0 0 
55 0 0 0 0 62 0 0 0 0 64 0 0 0 0 202 133 145 146 141 52 0 0 0 0 
64 50 0 0 0 84 72 16 15 13 138 88 35 36 29 91 66 0 0 0 101 95 24 26 28 
0 0 0 0 0 6 0 0 11 0 4 0 0 0 0 60 47 50 27 53 0 0 0 2 0 
25 0 0 62 71 71 42 37 84 115 17 0 0 57 63 33 10 16 50 62 27 25 34 73 76 
0 0 53 64 0 90 59 120 108 73 0 0 47 39 0 83 51 120 107 55 45 34 100 82 32 
16 10 1 0 75 18 2 0 1 63 59 61 49 51 135 20 23 14 11 75 91 108 103 95 133 
0 0 0 19 0 62 75 37 54 41 0 0 0 6 0 81 107 101 109 121 148 145 140 150 169 
