927 980 747 872 889 1131 1285 1028 1101 1110 733 771 712 703 799 1094 1081 967 1037 1125 667 665 489 476 681 
203 163 203 197 171 0 0 0 0 0 130 93 114 108 109 0 0 0 0 0 0 0 0 0 0 
146 51 34 178 218 81 0 0 138 149 196 74 49 270 288 69 0 0 144 147 76 0 0 128 113 
0 0 70 68 0 87 53 121 115 78 1 3 62 37 0 75 57 121 111 55 51 32 101 95 36 
156 46 112 141 50 127 10 79 97 0 141 32 86 109 35 119 0 55 122 2 264 162 231 269 161 
103 5 25 0 95 100 7 17 0 116 201 99 117 83 186 159 71 94 57 150 235 120 154 119 266 
0 0 0 0 0 0 0 0 0 0 1028 1035 986 1007 1047 0 0 0 0 0 0 0 0 0 0 
0 0 0 301 0 2 0 3 276 1 136 123 127 424 131 136 121 108 446 151 0 0 0 251 0 
14 8 14 170 6 0 0 0 172 0 37 45 35 171 29 0 0 0 147 0 3 5 2 171 3 
0 0 0 1 0 0 0 0 0 0 0 0 0 0 0 57 67 64 66 85 187 166 155 201 166 
70 86 69 47 156 0 12 0 0 92 0 3 0 0 97 0 5 0 0 106 68 78 74 58 148 
136 140 149 154 157 0 0 0 0 0 0 0 0 0 0 0 0 0 0 0 81 82 64 62 80 
0 0 0 0 0 0 0 0 0 0 0 0 0 0 0 428 433 426 409 423 195 176 184 190 204 
0 202 0 0 85 0 170 0 0 97 126 332 154 134 218 0 184 0 0 99 0 220 0 0 76 
810 0 0 0 0 800 0 0 0 0 790 0 0 0 0 820 0 0 0 0 834 0 0 0 0 
11 11 240 165 175 36 13 193 152 157 103 130 307 261 249 181 198 433 380 332 134 103 304 241 320 
65 102 67 126 59 56 64 52 98 55 0 35 0 44 0 36 78 38 77 34 0 33 0 34 0 
43 9 20 10 20 147 112 125 117 129 37 0 0 0 18 23 0 0 0 24 136 125 122 114 170 
0 0 119 0 0 0 0 119 0 0 0 0 129 0 0 129 121 231 109 118 0 0 137 0 0 
0 74 54 53 0 0 86 44 50 0 36 104 96 108 39 0 80 56 58 0 0 80 59 45 0 
0 1 0 4 159 148 123 123 148 264 139 127 119 128 237 3 2 0 0 122 80 100 115 99 206 
0 0 0 0 0 0 0 0 0 0 0 0 0 0 0 1034 1091 1107 1074 1014 0 0 0 0 0 
0 20 55 150 0 0 17 59 127 0 0 22 52 159 0 0 17 58 158 0 0 16 60 163 0 
82 61 0 0 0 106 77 18 16 16 159 107 42 39 32 106 74 0 0 0 110 99 23 26 30 
82 118 100 177 190 8 45 19 79 77 19 58 28 116 105 0 36 0 63 74 0 40 0 73 93 
112 112 118 84 1 102 104 161 79 0 267 280 291 286 203 112 102 123 85 0 238 194 288 216 136 
72 14 13 105 18 79 0 0 134 0 243 161 141 235 139 73 0 0 109 2 123 65 53 188 48 
123 105 44 60 38 147 120 60 63 31 71 57 14 0 0 95 79 17 13 12 87 59 9 0 0 
0 0 150 68 0 0 0 164 58 0 0 0 206 57 0 0 0 187 51 0 0 0 149 44 0 
132 165 184 120 124 0 52 76 0 0 0 53 63 0 0 40 69 100 32 34 0 44 94 0 0 
63 51 67 66 58 96 114 101 111 98 22 39 42 33 37 0 0 0 0 0 0 0 0 0 0 
0 0 0 168 0 0 0 0 175 0 225 236 225 411 244 0 0 0 172 0 0 0 0 158 0 
0 0 0 0 0 167 148 199 145 160 0 0 0 0 0 0 0 0 0 0 87 69 77 76 95 
101 2 0 57 38 120 31 57 94 91 183 63 76 117 137 72 0 0 56 40 169 65 79 120 109 
0 80 0 0 0 0 86 0 0 0 0 61 0 0 0 117 149 80 124 83 51 131 44 52 47 
0 0 101 0 0 93 98 197 111 113 0 0 98 0 0 7 12 113 5 7 14 14 90 9 18 
243 195 165 243 106 111 86 69 104 0 88 96 57 100 0 276 236 150 280 116 125 101 68 131 0 
0 0 0 0 0 31 35 29 19 22 0 0 0 0 0 59 67 68 65 90 100 94 96 97 127 
0 224 0 202 0 0 180 0 195 0 8 203 7 198 7 0 186 0 194 0 0 199 0 205 0 
0 46 0 147 0 0 59 0 176 0 0 57 1 162 0 83 164 92 257 102 0 67 0 170 0 
0 0 0 0 82 101 81 88 69 156 103 84 80 85 147 0 0 0 0 86 0 0 0 0 92 
99 321 361 68 229 15 165 261 12 111 84 296 356 60 226 99 318 342 100 223 201 361 413 176 279 
0 53 35 0 82 20 67 50 15 106 34 95 93 42 96 0 68 26 0 68 0 69 29 0 72 
120 98 122 131 137 14 0 0 36 0 14 0 0 39 0 19 0 0 45 0 93 70 61 116 92 
72 0 76 0 0 65 0 83 0 0 119 52 117 55 56 116 16 82 15 11 71 0 78 0 0 
0 18 81 0 96 0 12 69 0 107 0 16 74 0 106 0 14 91 0 133 0 13 69 0 101 
19 70 165 99 35 47 70 176 128 52 0 43 124 43 0 49 82 173 127 53 0 27 116 71 0 
0 61 0 0 0 0 71 0 0 0 109 220 102 132 118 0 84 0 0 0 14 76 17 26 24 
0 0 0 70 0 61 64 51 123 81 0 0 0 69 0 0 0 0 79 0 71 63 57 147 61 
51 0 108 56 0 61 0 132 62 0 65 0 116 52 0 50 0 116 60 0 49 0 122 53 0 
91 58 0 37 0 128 89 15 58 28 102 107 0 36 0 132 66 0 50 0 107 69 0 40 0 
0 0 0 0 24 198 192 196 201 225 0 0 0 0 39 0 0 0 0 36 0 0 0 0 44 
90 47 57 109 77 58 37 49 96 68 24 0 0 51 10 27 0 0 47 11 38 12 7 56 27 
30 74 12 7 12 16 64 0 0 0 21 88 0 0 0 165 200 151 141 137 29 91 0 0 0 
0 0 0 21 0 186 170 197 199 164 0 0 0 23 0 0 0 0 22 0 0 0 0 19 0 
100 107 167 180 112 0 0 61 79 0 0 0 88 80 0 0 0 77 59 0 0 0 74 83 0 
63 56 59 48 68 41 0 0 0 11 76 62 48 48 72 28 0 0 0 22 92 49 45 49 60 
0 0 25 0 69 9 6 36 12 89 0 0 33 0 70 10 7 43 8 95 81 75 114 64 153 
584 586 607 642 588 0 0 0 0 0 0 0 0 0 0 0 0 0 0 0 0 0 0 0 0 
75 141 164 81 96 40 103 120 37 35 0 42 86 0 0 0 45 92 0 0 0 54 82 0 0 
0 0 114 0 0 0 0 93 0 0 77 116 211 114 102 0 0 90 0 0 0 0 106 0 0 
116 134 44 70 144 43 46 0 0 100 45 61 0 0 70 47 45 0 0 81 75 49 0 0 92 
0 49 0 23 36 59 115 57 80 94 0 59 0 27 38 0 55 0 39 41 25 65 22 53 63 
9 7 99 5 12 0 0 89 0 0 0 0 84 0 0 37 39 121 27 29 75 78 150 60 85 
0 0 0 50 81 95 95 70 132 176 0 0 0 55 80 0 0 0 43 93 0 0 0 54 85 
94 164 78 73 84 21 106 0 0 0 29 115 7 8 8 20 75 0 0 0 25 79 3 3 0 
77 35 105 47 106 21 0 41 9 65 22 0 45 0 82 20 0 57 3 64 13 0 42 13 71 
40 19 11 0 8 35 0 0 0 0 45 37 61 42 61 79 52 35 32 37 127 98 104 127 108 
52 34 118 48 49 19 0 81 0 0 21 0 76 0 0 19 0 70 0 0 64 30 117 32 32 
37 0 14 1 5 22 7 0 1 0 0 10 7 0 0 20 0 2 0 0 18 0 0 0 0 
0 62 68 0 0 1 68 52 0 0 21 102 76 21 19 31 109 53 40 42 0 62 52 0 0 
12 0 0 2 0 0 17 0 0 0 0 11 0 0 0 0 0 9 0 0 0 0 0 0 0 
30 0 91 0 45 64 43 122 39 79 25 0 84 0 29 36 7 95 4 34 31 0 97 0 28 
0 2108 0 0 0 0 2149 0 0 0 0 2030 0 0 0 0 2097 0 0 0 0 2044 0 0 0 
14 115 125 8 9 80 189 221 71 60 0 118 115 4 0 36 193 134 77 39 0 100 93 0 0 
72 104 103 2 0 55 140 135 0 0 98 127 125 0 0 80 135 119 0 0 72 131 124 0 0 
0 98 0 109 0 82 168 77 209 97 70 161 34 170 59 0 91 0 136 0 0 107 0 107 0 
0 0 0 0 0 1268 1236 1228 1187 1251 0 0 0 0 0 0 0 0 0 0 0 0 0 0 0 
0 0 92 136 0 0 0 81 112 0 0 0 94 147 0 0 0 95 144 0 0 0 81 145 0 
191 56 54 113 48 171 64 77 133 71 93 0 0 45 0 100 0 0 47 0 93 0 0 64 0 
0 116 0 0 78 0 136 0 0 68 0 146 0 0 78 0 127 0 0 65 0 135 0 0 93 
164 238 158 225 96 87 159 27 102 4 292 376 255 350 149 172 263 104 173 56 191 307 259 290 130 
103 86 265 278 99 0 0 183 177 14 119 122 261 294 102 4 0 141 166 8 23 24 188 186 34 
157 130 119 154 260 8 27 3 25 188 13 15 12 20 168 226 220 180 201 379 234 258 237 238 402 
0 70 0 0 0 0 58 0 0 0 0 71 0 0 0 8 70 4 8 4 174 220 173 149 174 
50 24 38 11 44 40 14 27 0 41 39 13 32 0 30 65 13 30 0 41 112 99 93 77 112 
218 78 0 117 0 220 72 0 117 0 224 55 0 117 0 212 73 0 122 2 221 65 0 129 0 
55 0 0 0 0 62 0 0 0 0 64 0 0 0 0 202 133 145 146 141 52 0 0 0 0 
147 277 296 225 89 198 303 311 226 116 169 277 325 189 131 88 197 268 135 27 78 216 245 139 30 
80 7 11 49 29 118 91 75 143 99 124 88 83 94 107 73 36 24 79 56 69 0 0 29 22 
117 143 143 92 202 0 0 6 0 50 67 88 81 69 124 0 0 19 0 56 0 0 18 0 62 
39 84 0 82 0 132 176 95 183 82 100 116 68 163 69 50 76 0 95 0 34 67 0 83 0 
83 89 69 80 120 79 75 62 63 97 0 20 0 0 44 0 22 0 0 32 47 72 51 45 86 
0 86 0 1 0 35 171 45 37 28 48 195 53 45 36 33 156 35 30 48 56 170 64 42 67 
15 11 40 13 0 83 71 109 92 63 29 21 47 22 0 32 9 42 6 0 29 19 34 20 0 
10 21 86 7 236 3 0 62 9 180 114 100 179 121 289 142 130 224 160 333 5 0 76 6 192 
152 0 0 0 0 135 0 0 0 0 225 89 109 112 110 121 0 0 0 0 144 0 0 0 0 
0 0 0 0 837 0 0 0 0 798 0 0 0 0 851 0 0 0 0 834 0 0 0 0 787 
131 112 0 173 69 123 112 10 172 77 162 157 42 241 116 120 116 6 175 72 129 156 1 215 53 
133 0 0 0 0 269 117 99 86 84 164 0 0 0 0 154 0 0 0 0 166 0 0 0 0 
0 0 0 0 0 74 55 72 67 72 0 0 0 0 0 145 120 143 143 140 0 0 0 0 0 
0 21 0 153 0 39 62 51 203 34 0 19 0 149 0 0 16 0 142 0 0 20 0 170 0 
95 67 113 141 143 44 0 75 62 59 27 0 61 79 64 100 54 121 127 123 19 0 65 66 40 
43 46 55 129 102 24 21 29 82 68 0 0 0 74 55 0 0 0 47 47 4 9 7 72 46 
0 8 60 0 0 84 94 173 82 90 0 10 66 1 0 59 85 166 51 62 0 5 65 0 0 
208 17 202 0 0 209 11 180 0 0 215 10 193 4 0 190 8 189 0 0 213 26 188 10 10 
266 92 293 100 169 286 118 307 129 196 335 159 370 173 229 172 19 172 15 125 185 73 241 45 105 
70 167 77 86 72 0 95 0 28 0 17 138 29 35 28 0 108 0 18 0 0 83 0 22 0 
0 0 33 0 58 35 46 78 44 113 55 74 89 53 121 0 0 33 0 61 0 0 49 0 58 
0 0 17 0 219 0 0 19 0 204 0 0 30 0 192 0 0 30 0 214 0 0 25 0 218 
0 0 0 49 0 0 0 0 58 0 54 58 45 140 44 0 0 0 59 0 84 78 82 158 86 
102 0 0 115 0 127 0 0 128 0 110 0 0 103 0 104 0 0 142 0 107 0 0 127 0 
3 16 75 81 0 104 161 190 211 114 164 212 223 249 146 7 64 91 102 30 90 105 122 154 59 
120 158 137 113 254 0 0 0 0 96 0 0 0 0 85 21 30 33 26 131 0 0 0 0 91 
143 253 159 159 158 0 138 0 0 0 90 206 98 99 97 4 107 2 0 8 109 233 96 88 100 
153 139 80 89 83 83 50 0 0 0 94 52 4 4 8 66 52 0 0 0 84 68 0 0 0 
0 125 0 0 0 47 186 56 71 68 0 145 0 0 0 64 202 89 103 68 0 117 0 0 0 
0 0 0 0 0 0 0 0 0 0 0 0 0 0 0 0 0 0 0 0 440 419 445 429 400 
0 0 42 0 0 79 89 111 81 102 0 0 36 0 0 91 81 90 61 86 22 26 62 26 28 
8 16 16 18 53 0 0 0 0 37 83 81 71 71 101 0 0 0 0 33 70 102 81 78 108 
0 0 0 147 0 0 0 0 143 0 0 0 0 159 0 0 0 0 183 0 90 89 93 250 99 
1 68 0 33 72 0 64 0 39 77 0 56 0 36 91 0 59 0 31 73 19 78 25 56 112 
0 112 0 0 0 0 108 0 0 0 0 106 0 0 0 0 96 0 0 0 97 185 98 105 92 
0 1 0 11 2 80 48 74 71 71 56 25 50 51 47 0 0 0 11 0 85 83 99 123 101 
0 0 117 55 0 43 45 155 106 49 0 0 102 39 0 0 0 88 38 0 0 0 126 34 0 
59 0 0 0 0 125 62 61 76 69 99 20 17 20 15 131 47 45 51 40 58 0 0 0 0 
83 35 33 111 37 39 0 0 91 0 48 0 0 85 0 83 35 30 120 32 55 0 0 83 0 
0 0 63 43 0 0 0 55 42 0 101 99 148 132 97 0 0 62 44 0 0 0 67 41 0 
39 0 0 76 115 111 78 90 145 197 42 1 5 91 112 62 22 28 83 116 33 33 51 91 110 
1 6 51 109 9 0 0 52 103 0 61 38 136 145 60 28 51 85 133 41 0 0 52 96 0 
60 5 50 47 11 38 4 50 51 18 128 76 119 125 95 70 19 52 52 22 53 0 48 44 0 
41 0 60 0 61 40 0 59 0 54 27 0 67 0 77 90 54 109 69 117 31 0 65 0 60 
81 22 148 90 48 64 8 132 72 36 50 0 110 23 6 143 55 189 125 88 100 26 166 64 68 
9 64 157 25 115 145 206 320 117 257 34 111 190 48 179 0 52 163 0 99 110 150 255 116 231 
22 21 23 66 56 49 45 43 99 87 0 0 0 37 35 0 0 0 29 25 94 102 107 155 119 
18 31 1 83 0 28 47 0 103 0 77 72 39 128 52 25 37 0 103 0 40 33 0 80 0 
0 0 52 0 0 164 146 209 156 179 0 0 62 0 0 0 0 81 0 0 0 0 71 0 0 
15 9 0 0 72 22 1 0 0 70 68 68 52 41 145 23 22 17 18 84 98 117 109 95 145 
82 15 12 9 22 112 83 81 75 85 114 91 90 105 101 45 0 1 0 4 34 8 8 1 22 
23 99 73 16 34 0 96 65 5 7 0 74 43 0 18 0 84 54 5 14 48 123 106 42 87 
154 198 99 105 115 81 65 50 20 20 41 49 19 0 0 41 52 12 0 0 41 47 14 0 0 
94 0 0 12 0 80 0 0 1 0 99 0 0 8 0 100 0 0 0 0 122 15 23 36 28 
66 79 13 22 21 49 44 3 0 3 50 67 16 8 16 63 70 37 39 47 80 75 48 30 44 
36 75 40 67 29 0 61 10 39 16 0 49 11 45 17 0 43 12 24 12 37 104 63 94 78 
0 0 56 27 10 0 0 44 34 2 0 0 44 40 5 43 53 121 94 61 53 50 100 92 63 
29 38 26 22 31 0 0 0 0 0 71 59 57 62 54 0 0 0 0 0 120 107 99 113 111 
51 40 39 33 41 0 0 16 0 0 0 0 20 0 0 53 44 92 58 50 136 101 140 138 136 
38 39 102 45 48 6 6 60 5 12 59 51 125 54 50 0 0 48 0 2 0 1 48 20 0 
0 0 180 32 0 0 0 141 23 0 19 20 156 37 18 0 0 166 23 0 0 0 162 23 0 
47 84 0 0 0 83 112 50 35 39 91 142 26 22 12 104 148 52 43 50 40 84 0 0 0 
83 0 79 84 110 141 41 185 184 180 175 72 184 209 226 162 29 111 118 152 95 1 82 133 128 
120 159 87 68 83 17 57 1 0 0 99 180 77 74 76 47 83 33 20 17 26 77 0 0 0 
0 117 109 160 1 0 125 121 166 0 0 107 123 168 0 0 120 117 159 0 0 131 122 165 0 
16 0 0 162 0 10 0 0 118 0 103 77 106 231 106 13 0 0 108 0 23 1 1 132 0 
36 74 44 47 63 0 58 0 0 29 44 84 42 30 61 0 35 0 0 30 0 51 0 5 24 
111 138 17 78 85 155 230 77 97 161 139 174 75 90 108 84 108 6 31 42 211 257 110 149 147 
74 195 133 102 106 2 44 75 9 2 32 86 95 37 29 26 79 64 9 22 0 60 56 0 0 
0 35 7 6 92 12 54 30 11 138 10 8 16 4 63 83 100 85 65 205 44 56 45 41 132 
711 492 554 415 560 520 187 284 196 253 536 280 292 229 303 395 125 140 78 154 651 383 423 413 402 
108 74 2 5 0 196 177 82 82 92 78 95 0 0 0 108 100 26 18 21 66 66 0 0 0 
166 300 119 159 132 241 385 150 283 182 131 271 97 181 96 31 181 0 65 0 87 215 66 111 41 
0 0 0 0 52 0 0 0 0 61 0 0 0 0 71 0 0 0 0 62 142 173 147 169 194 
71 2 43 0 18 147 17 73 33 34 142 59 103 48 64 141 83 159 83 104 153 34 54 19 33 
143 0 0 54 0 152 0 0 55 0 140 0 0 40 0 166 0 0 46 0 143 0 0 41 0 
144 113 136 214 106 39 0 75 119 4 67 43 113 187 60 45 3 86 96 24 46 0 73 81 1 
66 107 80 169 153 0 9 4 91 46 0 16 5 53 55 0 15 10 86 46 33 46 31 98 55 
137 143 100 62 17 234 211 173 139 146 109 119 79 71 7 290 248 225 143 140 177 189 146 65 68 
58 131 51 56 53 0 55 0 0 0 6 81 4 5 4 0 65 0 0 0 76 155 60 76 65 
0 0 0 19 0 0 0 0 22 0 0 0 0 18 0 0 0 0 18 0 182 200 230 238 232 
34 0 0 24 33 108 85 77 91 99 38 1 0 13 30 34 1 0 13 37 40 0 0 8 30 
70 16 74 168 145 32 1 35 130 142 92 26 49 155 138 39 0 37 118 116 176 110 169 255 285 
0 84 66 0 73 0 76 71 0 85 0 86 59 0 62 0 76 77 0 74 0 102 78 0 73 
51 27 63 43 35 79 59 107 63 60 26 20 41 27 13 63 49 111 78 51 10 0 36 2 0 
86 0 0 0 53 73 0 0 0 50 86 0 0 0 60 69 0 0 0 52 180 98 77 99 153 
73 130 19 106 80 60 150 1 108 93 37 86 0 117 65 179 234 133 236 167 102 188 85 162 120 
68 84 93 74 60 10 36 39 12 7 0 10 42 0 0 57 67 82 51 44 21 29 55 18 12 
0 0 0 146 36 0 0 0 169 32 29 29 17 171 55 0 0 0 161 42 0 0 0 152 43 
0 0 0 139 12 144 125 118 305 158 0 0 0 158 15 112 117 108 243 106 0 0 0 126 6 
49 155 190 182 59 35 130 156 190 24 89 163 190 175 74 53 219 213 224 118 114 180 222 252 114 
0 0 0 1269 0 0 0 0 1258 0 0 0 0 1272 0 0 1 3 1331 1 0 0 0 1281 0 
193 0 0 0 0 191 4 14 12 16 172 0 0 0 0 192 0 0 0 0 159 0 0 0 0 
106 0 0 0 0 145 0 0 0 0 144 0 0 0 0 133 0 1 0 0 237 108 108 105 116 
293 27 122 61 49 229 0 35 0 0 428 106 186 119 126 457 252 331 237 214 289 54 123 82 52 
0 0 0 45 0 84 78 53 116 67 0 0 0 29 0 46 57 68 104 55 53 54 46 107 44 
5 20 0 0 0 5 56 19 0 12 0 47 0 0 14 0 21 0 0 0 0 35 12 0 22 
0 0 218 0 35 0 0 236 0 29 0 0 216 0 26 0 0 211 0 24 0 0 206 0 27 
71 95 157 123 100 0 0 42 0 2 0 0 80 0 0 0 0 59 0 0 201 211 234 233 219 
1 13 0 80 220 130 123 120 182 360 1 32 0 90 245 0 10 1 86 261 120 147 113 182 317 
0 0 1460 0 0 0 0 1486 0 0 0 0 1357 0 0 0 0 1495 0 0 0 0 1460 0 0 
