853 821 603 703 838 1168 1278 1058 1073 1128 742 737 549 663 757 1072 996 901 1009 1091 660 653 448 509 687 
232 179 243 214 199 0 1 0 0 0 141 105 163 134 139 0 0 0 0 0 0 0 0 0 0 
141 75 32 240 274 94 0 0 176 186 179 63 45 287 303 90 1 0 134 170 66 6 0 140 156 
146 0 128 152 157 195 41 212 232 240 289 126 294 311 350 244 49 182 220 230 144 0 133 196 181 
189 44 119 190 39 149 7 84 130 0 155 35 82 122 20 154 2 53 136 0 332 207 289 337 190 
90 9 18 0 80 74 5 16 0 92 155 79 90 73 153 130 61 83 54 126 182 91 103 88 196 
0 0 0 0 0 0 0 0 0 0 1017 1031 976 996 1036 0 0 0 0 0 0 0 0 0 0 
0 0 0 270 0 0 0 3 260 0 114 107 108 397 118 109 106 89 393 125 0 0 0 246 0 
12 8 15 204 4 0 0 0 198 0 44 55 43 201 36 0 0 0 166 0 3 6 4 190 3 
0 0 0 0 0 0 0 0 0 0 0 0 0 0 0 63 68 66 63 87 192 179 179 211 185 
91 96 71 66 198 0 10 0 0 120 0 3 0 0 109 0 4 0 0 130 95 85 82 75 209 
137 140 139 150 155 0 0 0 0 0 0 0 0 0 0 0 0 0 0 0 83 77 63 71 81 
0 0 0 0 0 0 0 0 0 0 0 0 0 0 0 429 431 415 405 416 189 179 180 186 203 
0 209 0 0 83 0 187 0 0 100 133 353 153 132 214 0 192 0 0 95 0 227 0 0 80 
805 0 0 0 0 803 0 0 0 0 796 0 0 0 0 833 0 0 0 0 835 0 0 0 0 
27 13 187 137 139 38 11 176 135 145 98 85 238 208 200 172 172 345 279 279 104 86 247 205 265 
84 138 79 148 74 69 83 69 105 78 0 34 0 47 0 44 87 48 84 45 0 45 0 55 0 
32 11 12 7 18 111 86 95 91 104 27 0 0 0 16 27 0 0 0 22 118 98 80 95 133 
0 0 163 0 0 0 0 159 0 0 0 0 158 0 0 182 164 299 148 149 0 0 170 0 0 
0 64 45 48 0 0 83 44 50 0 35 104 93 100 35 0 71 48 48 0 0 71 56 43 0 
4 1 0 2 147 154 120 131 152 266 142 131 125 127 236 2 4 0 0 131 91 88 84 87 191 
0 0 0 0 0 0 0 0 0 0 0 0 0 0 0 999 1057 1071 1039 967 0 0 0 0 0 
0 18 55 133 0 0 19 53 117 0 0 18 47 145 0 0 17 54 142 0 0 16 52 141 0 
67 51 0 0 0 88 71 16 15 14 138 86 40 38 33 92 68 0 0 0 97 95 22 23 29 
95 161 119 203 193 6 51 24 70 96 13 47 35 98 108 0 54 4 67 76 0 50 0 72 89 
114 129 130 86 3 114 143 184 91 0 329 318 335 307 218 124 146 140 88 1 303 256 358 277 162 
74 15 21 95 8 77 0 0 114 0 213 148 133 222 123 75 0 0 102 0 112 44 43 171 36 
125 108 53 47 34 140 109 48 61 35 51 55 14 0 0 89 98 23 17 19 83 56 13 0 0 
0 0 182 74 0 0 0 205 65 0 0 0 215 64 0 0 0 222 66 0 0 0 182 56 0 
121 145 147 102 99 0 49 61 0 0 0 48 61 0 0 39 74 101 32 35 0 39 96 0 0 
78 63 74 82 70 109 134 115 119 111 25 46 48 42 41 0 0 0 0 0 0 0 0 0 0 
0 0 0 168 0 0 0 0 180 0 235 240 221 422 251 0 0 0 174 0 0 0 0 158 0 
0 0 0 0 0 148 144 173 133 146 0 0 0 0 0 0 0 0 0 0 72 58 75 66 80 
129 0 21 104 59 136 45 56 130 106 248 95 100 180 161 91 0 0 83 42 217 76 93 181 130 
0 79 0 0 0 0 76 0 0 0 0 65 0 0 0 106 138 80 116 79 50 121 45 49 48 
0 0 95 0 0 94 93 187 114 109 0 0 101 0 0 9 8 103 4 7 15 15 87 9 16 
242 226 200 257 113 116 104 72 110 0 79 108 59 79 0 265 253 169 274 111 131 141 74 132 0 
0 0 0 0 0 33 37 37 23 26 0 0 0 0 0 64 80 78 82 113 109 107 111 112 142 
0 226 0 172 0 0 187 0 172 0 0 199 1 177 0 0 196 0 178 0 0 199 0 189 0 
0 38 0 123 0 0 54 0 131 0 0 48 0 135 0 61 130 66 213 72 0 56 0 125 0 
0 0 0 0 74 82 65 76 58 131 89 77 76 82 122 0 0 0 0 75 0 0 0 0 76 
102 279 320 55 236 46 207 242 16 184 97 294 329 64 241 129 314 322 121 279 246 377 409 197 344 
0 45 33 0 79 19 60 45 12 88 28 81 86 38 78 0 59 25 0 64 0 61 26 0 67 
131 102 137 143 145 15 0 0 40 0 16 0 0 41 0 17 0 0 46 0 105 76 66 141 82 
80 0 71 0 0 75 0 82 0 0 142 61 120 56 58 119 18 92 13 14 77 0 81 0 0 
0 18 81 0 96 0 12 69 0 107 0 16 74 0 106 0 14 91 0 133 0 13 69 0 101 
16 55 150 77 19 54 74 162 125 60 0 44 120 38 0 46 74 158 117 48 0 22 104 58 0 
0 71 0 0 1 0 79 0 0 0 135 257 125 144 138 0 98 0 0 0 16 92 19 28 28 
0 0 0 93 0 84 89 71 173 100 0 0 0 89 0 0 0 0 104 0 100 79 79 191 80 
52 0 98 53 0 61 0 119 56 0 64 0 106 55 0 51 0 113 60 0 50 0 110 46 0 
77 46 0 29 0 103 73 16 47 25 92 87 0 25 0 111 53 0 42 0 87 58 0 33 0 
0 0 0 0 23 177 158 177 181 192 0 0 0 0 30 0 0 0 0 29 0 0 0 0 32 
95 56 66 124 85 63 41 52 117 79 26 0 0 53 10 33 0 0 55 11 38 12 9 60 28 
34 59 8 7 10 17 54 0 0 0 21 83 0 0 0 133 167 132 126 120 27 78 0 0 0 
0 0 0 21 0 186 170 197 197 164 0 0 0 22 0 0 0 0 21 0 0 0 0 18 0 
71 79 132 138 89 0 0 52 63 0 0 0 72 60 0 0 0 67 53 0 0 0 58 62 0 
63 57 59 48 68 41 0 0 0 11 76 62 48 48 72 30 0 0 0 22 92 49 45 49 60 
0 0 25 0 69 8 5 37 12 89 0 0 34 0 70 10 7 43 8 97 80 75 119 64 153 
55 105 137 64 70 28 76 95 25 26 0 32 70 0 0 0 35 71 0 0 0 39 66 0 0 
0 0 118 0 1 0 0 94 0 0 81 120 220 118 108 0 0 90 0 0 0 0 109 0 0 
109 141 41 66 161 42 45 0 0 99 54 71 0 0 78 47 47 0 0 88 59 50 0 0 91 
0 49 0 23 36 59 114 56 80 94 0 59 0 26 38 0 55 0 38 40 26 65 22 53 63 
9 6 99 5 12 0 0 87 0 0 0 0 83 0 0 36 39 120 27 29 75 78 150 59 85 
0 0 0 51 75 88 81 63 117 163 0 0 0 49 73 0 0 0 36 84 0 0 0 47 73 
116 207 103 95 105 26 131 0 0 0 35 141 4 11 8 24 89 0 0 0 24 91 0 0 0 
69 38 99 38 92 19 0 37 4 57 15 0 44 0 75 18 0 51 4 55 0 0 34 0 52 
42 0 6 0 3 57 0 0 0 0 66 47 53 46 60 72 0 0 8 0 164 86 83 125 101 
42 33 117 44 52 13 0 81 0 0 0 0 77 0 0 5 0 71 0 0 28 28 118 36 22 
0 62 60 0 0 0 64 39 0 0 20 104 73 21 21 32 107 62 40 42 0 62 48 0 0 
24 0 81 0 36 54 42 105 36 63 21 0 69 0 21 13 0 79 0 9 25 0 88 0 17 
0 2107 0 0 0 0 2151 0 0 0 0 2041 0 0 0 0 2103 0 0 0 0 2041 0 0 0 
20 146 133 7 17 76 223 221 90 72 0 125 138 1 0 21 175 138 75 32 0 122 81 0 0 
73 108 90 0 0 56 120 121 0 1 70 129 106 0 0 73 125 115 0 0 71 128 121 0 0 
0 97 0 116 0 72 156 89 199 88 63 164 42 169 52 0 84 0 126 0 0 109 0 107 0 
0 0 0 0 0 1319 1280 1285 1225 1291 0 0 0 0 0 0 0 0 0 0 0 0 0 0 0 
0 0 81 133 0 0 0 80 110 0 0 0 82 130 0 0 0 86 132 0 0 0 72 134 0 
156 56 57 98 41 162 66 58 116 62 97 0 0 44 0 85 0 0 36 0 94 0 0 48 0 
0 145 0 0 84 0 166 0 0 82 0 170 0 0 92 0 146 0 0 76 0 160 0 0 100 
176 249 170 255 102 81 217 42 128 0 306 455 281 396 164 188 328 195 252 70 205 380 296 287 147 
86 78 286 291 81 0 0 191 198 0 122 97 298 308 98 0 0 169 192 2 8 7 202 200 23 
144 137 120 152 275 6 27 5 17 172 10 18 13 8 172 231 243 183 207 395 235 270 260 241 420 
0 69 0 0 0 0 49 0 0 0 0 70 0 0 0 7 68 7 7 5 181 216 172 149 171 
51 24 42 11 47 39 17 30 0 40 43 13 33 0 37 73 12 30 0 42 116 102 107 84 135 
201 67 0 103 0 208 67 0 106 0 206 42 0 106 0 194 67 0 107 0 190 52 0 114 0 
0 0 1445 0 0 0 0 1473 0 0 0 0 1366 0 0 0 0 1478 0 0 0 0 1449 0 0 
64 5 7 40 25 95 59 46 103 67 86 58 51 66 73 53 26 20 60 25 52 0 0 30 13 
110 116 125 81 186 0 0 6 0 47 59 80 72 57 115 0 1 18 0 54 0 0 16 0 63 
43 84 0 111 0 134 176 95 205 82 113 129 87 206 90 51 77 0 105 0 37 68 0 106 0 
75 89 70 84 119 78 76 61 57 102 0 24 0 0 53 0 20 0 0 29 47 64 52 44 93 
0 67 0 0 0 29 137 35 30 31 35 154 33 33 31 27 131 26 22 28 44 139 44 39 53 
33 9 41 32 0 102 69 112 108 63 43 16 46 36 0 47 9 44 31 0 41 20 37 38 0 
154 0 0 0 0 136 0 0 0 0 210 81 102 103 102 122 0 0 0 0 141 0 0 0 0 
0 0 0 0 819 0 0 0 0 774 0 0 0 0 828 0 0 0 0 818 0 0 0 0 763 
119 100 1 150 52 124 118 2 169 74 168 144 51 213 100 118 105 3 150 81 119 134 1 207 58 
130 0 0 0 0 256 94 93 82 73 160 0 0 0 0 147 0 0 0 0 143 0 0 0 0 
0 0 0 0 0 90 57 82 77 70 0 0 0 0 0 195 157 171 177 184 0 0 0 0 0 
0 22 0 134 0 33 55 46 183 32 0 19 0 130 0 0 15 0 134 0 0 20 0 154 0 
158 36 122 103 149 114 0 81 34 56 120 16 113 75 68 209 120 192 118 187 85 0 55 36 57 
43 48 55 128 106 28 22 31 81 74 0 0 0 77 55 0 0 0 48 50 7 10 9 75 53 
0 10 69 0 0 87 114 203 91 98 0 10 70 0 0 72 97 200 60 70 0 5 68 0 0 
195 0 190 0 0 195 0 171 0 0 192 5 183 3 0 169 0 183 0 0 201 15 181 8 10 
330 115 359 164 221 333 148 368 163 217 308 140 354 183 241 192 2 222 28 128 196 49 269 44 119 
65 152 68 83 66 0 86 0 26 0 17 128 28 34 27 0 104 0 17 0 0 74 0 22 0 
0 0 33 0 57 34 46 78 44 113 55 74 89 51 121 0 0 33 0 61 0 0 49 0 58 
0 0 18 0 212 0 0 17 0 197 0 0 30 0 189 0 0 28 0 192 0 0 26 0 202 
0 0 0 50 0 0 0 0 58 0 54 59 45 140 45 0 0 0 57 0 85 78 82 157 86 
122 0 0 121 0 156 0 0 166 0 140 0 0 123 0 130 0 0 138 0 133 0 0 138 0 
19 44 90 75 15 108 167 177 168 108 188 217 250 243 165 18 57 103 93 2 80 100 112 126 34 
113 134 121 115 223 0 0 0 0 76 0 0 0 0 80 27 24 28 23 104 0 0 0 0 87 
123 212 130 125 123 0 111 0 0 0 80 183 83 87 79 2 100 0 0 1 63 166 53 45 58 
136 126 76 78 78 76 45 0 0 0 85 47 4 4 8 63 47 0 0 0 71 56 0 0 0 
0 128 0 0 0 35 180 51 62 63 0 132 0 0 0 68 211 82 97 65 0 122 0 0 0 
0 0 0 0 0 0 0 0 0 0 0 0 0 0 0 0 0 0 0 0 446 406 452 440 398 
0 0 39 0 0 88 91 104 81 99 0 0 36 0 0 91 81 98 70 84 21 29 66 30 34 
8 15 16 17 52 0 0 0 0 36 80 79 71 69 99 0 0 0 0 33 68 98 78 76 105 
0 0 0 128 0 0 0 0 112 0 0 0 0 139 0 0 0 0 146 0 74 78 79 196 81 
0 77 0 41 83 0 72 0 41 86 0 67 0 43 103 0 66 0 37 85 19 88 25 61 126 
0 119 0 0 0 0 113 0 0 0 0 114 0 0 0 0 105 0 0 0 102 198 101 110 97 
0 24 0 0 0 86 87 78 65 83 79 66 74 60 75 0 9 0 14 0 123 145 124 137 118 
0 0 117 54 0 43 44 155 106 50 0 0 102 39 0 0 0 88 36 0 0 0 126 35 0 
59 0 0 0 0 126 62 61 76 69 100 20 18 20 15 130 45 46 52 41 58 0 0 0 0 
83 35 33 111 37 39 0 0 91 0 48 0 0 85 0 83 35 30 120 32 55 0 0 83 0 
0 0 21 27 0 0 0 0 28 0 101 97 116 115 97 0 0 0 26 0 0 0 25 26 0 
35 0 0 64 98 85 70 68 107 178 27 4 5 76 96 47 20 23 91 106 36 31 35 91 103 
2 6 48 95 7 0 0 45 71 0 45 29 99 113 45 27 38 66 108 34 0 0 45 75 0 
61 5 52 60 14 46 10 51 70 23 136 81 139 132 87 74 22 50 68 22 53 0 48 65 0 
45 0 64 0 64 44 0 74 0 61 30 0 82 0 78 112 59 124 69 130 36 0 66 0 64 
87 24 197 96 36 68 2 160 92 26 72 3 166 41 11 189 97 277 142 133 107 28 218 81 66 
14 75 146 29 130 158 204 319 159 256 31 114 202 37 159 0 34 182 0 118 101 149 253 115 245 
22 24 39 73 66 52 48 51 94 89 0 0 0 38 33 0 0 0 27 19 95 117 120 153 126 
24 33 0 101 0 33 55 0 127 0 95 80 49 153 72 35 43 0 128 0 43 35 0 92 0 
0 0 60 0 0 164 150 220 152 179 0 0 65 0 0 0 0 72 0 0 0 0 74 0 0 
16 12 2 0 100 27 2 0 5 96 80 86 62 58 186 24 25 20 15 115 117 160 133 120 200 
88 12 14 6 27 126 77 86 91 97 147 95 111 105 114 65 0 8 0 20 50 18 16 0 30 
18 94 66 15 30 0 81 62 5 6 0 68 40 0 18 0 73 47 5 13 43 119 93 37 78 
146 193 95 101 107 78 66 47 20 23 40 51 17 0 0 45 53 15 0 0 34 44 18 0 0 
78 88 17 22 17 58 58 2 0 0 57 73 18 7 15 69 83 36 41 46 88 81 57 33 42 
38 77 44 73 29 0 64 11 43 18 2 52 12 49 20 0 43 14 32 13 41 106 64 99 80 
0 0 68 28 12 0 0 48 37 4 0 0 52 44 7 49 59 137 105 63 57 52 112 103 71 
34 39 27 25 34 0 0 0 0 0 78 61 61 67 59 0 0 0 0 0 135 113 112 122 124 
39 29 33 31 38 0 0 14 0 0 0 0 18 0 0 45 40 74 50 44 108 86 121 120 106 
36 42 105 50 50 4 8 54 9 17 57 54 129 56 50 0 0 50 0 0 0 0 60 16 0 
0 0 180 31 0 0 0 141 23 0 19 20 156 37 18 0 0 166 23 0 0 0 162 23 0 
54 86 0 0 0 79 116 46 34 29 82 130 20 14 12 91 138 41 38 43 45 77 0 0 0 
104 151 90 69 80 14 49 0 0 0 94 142 80 67 62 38 76 30 17 20 29 62 0 0 0 
0 118 114 167 0 0 129 122 166 1 0 108 124 172 3 0 118 120 159 0 0 128 126 168 1 
24 0 0 212 0 15 0 0 126 0 153 116 135 284 114 20 0 0 176 0 38 2 0 152 1 
133 168 39 82 116 180 254 103 103 186 134 191 75 98 123 85 110 15 25 84 241 302 159 170 201 
66 187 137 86 101 7 47 73 11 0 38 79 103 32 27 29 90 74 13 26 0 67 58 0 0 
8 23 11 9 61 14 28 24 10 99 9 19 15 7 49 51 76 66 45 133 27 37 34 29 85 
681 520 586 438 527 497 197 294 198 240 457 294 339 210 295 341 141 150 46 114 552 343 380 335 361 
77 57 4 3 1 157 143 67 64 62 70 73 0 0 0 91 85 21 15 17 65 53 0 0 0 
155 310 133 127 128 241 364 145 236 168 115 275 66 119 60 34 199 7 30 0 84 232 70 84 43 
0 0 0 0 53 0 0 0 0 58 0 0 0 0 70 0 0 0 0 60 144 166 150 158 191 
81 2 39 0 15 143 9 76 31 38 164 65 109 58 62 183 98 135 84 111 169 36 66 20 27 
150 0 0 54 0 156 0 0 55 0 141 0 0 40 0 168 0 0 46 0 149 0 0 41 0 
134 115 145 201 107 26 5 78 111 5 63 35 91 148 50 30 8 86 75 21 32 0 75 68 2 
73 123 90 183 167 0 3 6 95 48 0 4 3 63 65 0 9 9 109 58 32 37 33 108 66 
141 152 101 71 14 201 206 159 140 116 123 112 92 69 25 262 253 206 159 139 158 193 139 56 71 
58 129 50 57 52 0 55 0 0 0 6 80 4 5 3 0 63 0 0 0 76 154 62 76 65 
0 0 0 18 0 0 0 0 21 0 0 0 0 19 0 0 0 0 19 0 184 193 222 221 219 
8 0 0 0 24 66 80 69 48 91 0 0 0 0 31 0 0 0 0 37 11 4 0 0 28 
72 0 53 118 102 34 2 44 105 89 71 22 52 144 116 27 0 36 90 90 137 82 123 206 210 
0 94 79 0 102 0 98 78 0 105 0 130 62 0 81 0 78 92 0 95 0 117 78 0 97 
61 41 82 50 50 99 67 135 82 89 33 22 61 31 26 79 57 151 104 73 10 0 50 2 0 
81 0 0 0 50 65 0 0 0 50 91 0 0 0 58 69 0 0 0 52 195 96 78 95 161 
93 152 31 155 132 82 172 7 160 172 48 111 5 130 96 222 281 163 267 250 139 243 122 238 198 
74 83 97 83 65 2 29 26 7 6 0 3 32 0 0 62 61 85 51 44 21 22 52 19 15 
0 0 0 140 35 0 0 0 158 28 27 29 16 157 51 0 0 0 149 33 0 0 0 138 38 
0 0 0 150 12 163 154 144 358 190 0 0 0 179 21 135 135 140 291 129 0 0 0 149 8 
39 147 159 181 47 11 91 123 185 19 77 139 186 184 65 46 184 178 247 99 118 130 189 227 75 
0 0 0 1275 0 0 2 0 1291 0 0 0 0 1307 0 0 3 5 1355 5 0 0 0 1311 0 
195 0 0 0 0 197 13 18 17 20 178 0 0 0 0 196 0 0 0 0 166 0 0 0 0 
92 0 0 0 0 117 0 0 0 0 122 0 0 0 0 102 0 0 0 0 206 88 85 89 99 
192 39 68 32 33 139 0 17 2 0 275 71 92 79 81 256 142 197 163 128 201 108 97 65 59 
0 23 0 0 0 0 35 0 0 0 0 0 0 0 0 31 54 14 36 58 0 3 2 0 0 
96 103 153 107 108 0 0 49 0 0 0 0 76 0 0 0 0 60 0 0 241 197 296 283 243 
5 8 0 66 202 116 119 109 182 323 0 27 0 78 237 0 15 0 80 236 115 132 114 165 287 
6 15 74 8 238 5 4 50 3 174 118 111 181 126 295 150 137 223 177 337 0 0 64 0 180 
157 294 336 246 82 188 260 357 213 88 160 276 332 238 128 91 218 273 149 20 76 195 238 133 9 
111 0 0 23 0 97 0 0 0 0 115 0 0 0 0 114 0 0 0 0 140 18 28 36 30 
0 0 196 0 35 0 0 225 0 32 0 0 191 0 24 0 0 180 0 26 0 0 178 0 37 
0 0 48 60 0 80 49 109 98 68 0 0 42 43 0 64 52 109 93 51 47 31 86 80 29 
54 76 48 49 72 0 55 0 0 29 43 73 42 32 66 3 36 0 0 32 0 66 0 0 36 
613 621 640 692 626 0 0 0 0 0 0 0 0 0 0 0 0 0 0 0 0 0 0 0 0 
55 0 0 0 0 62 0 0 0 0 64 0 0 0 0 202 133 145 146 141 52 0 0 0 0 
0 0 0 35 0 75 65 49 103 58 0 0 0 26 0 47 49 63 93 51 44 50 44 98 40 
