1057 963 897 900 984 1282 1238 1344 1209 1269 878 748 849 780 905 1190 1007 1127 1035 1113 765 503 589 563 745 
156 128 147 140 137 0 0 0 0 0 115 71 112 95 86 0 0 0 0 0 0 0 0 0 0 
107 48 32 136 149 76 0 0 124 106 161 67 47 221 229 50 0 0 86 123 63 0 0 101 104 
74 29 26 40 40 35 0 0 0 5 73 28 28 25 24 51 25 32 40 33 93 50 54 69 61 
0 0 0 164 14 169 139 141 340 193 0 1 1 183 16 142 131 128 285 136 0 0 0 142 9 
194 58 154 160 53 151 11 90 135 0 168 38 121 117 21 129 0 68 136 0 344 228 332 384 224 
95 6 20 0 83 73 7 16 0 101 166 81 93 76 169 145 61 87 55 133 189 97 108 96 205 
0 0 0 0 0 0 0 0 0 0 1048 1070 1014 1031 1084 0 0 0 0 0 0 0 0 0 0 
0 0 0 239 0 0 0 2 225 1 98 99 92 350 113 100 98 83 358 121 0 0 0 227 0 
13 8 13 173 5 0 0 0 173 0 37 45 35 174 30 0 0 0 151 0 3 7 3 172 2 
224 169 229 290 166 36 3 96 145 3 63 41 133 232 60 41 5 114 110 22 46 0 82 85 2 
0 0 0 0 0 0 0 0 0 0 0 0 0 0 0 58 62 71 67 88 171 156 155 186 163 
68 91 62 49 161 0 9 0 0 99 0 2 0 0 107 0 4 0 0 106 89 82 90 63 162 
156 157 165 164 171 0 0 0 0 0 0 0 0 0 0 0 0 0 0 0 86 82 71 76 85 
0 0 0 0 0 0 0 0 0 0 0 0 0 0 0 426 430 422 407 414 191 179 181 189 204 
0 195 0 0 80 0 164 0 0 94 108 299 123 103 172 0 178 0 0 91 0 209 0 0 74 
798 0 0 0 0 797 0 0 0 0 787 0 0 0 0 816 0 0 0 0 832 0 0 0 0 
20 15 204 147 176 47 11 190 144 181 118 96 279 261 240 196 201 395 369 363 134 99 267 220 296 
105 159 93 187 96 75 89 70 148 83 0 55 0 56 0 60 121 54 111 56 1 51 0 50 0 
30 15 21 9 24 154 129 139 110 144 28 0 0 1 16 23 0 0 0 19 137 127 109 118 148 
0 0 159 0 0 0 0 161 0 0 0 0 166 0 0 197 169 322 165 176 0 0 163 0 0 
0 76 52 54 0 0 91 49 52 0 39 112 102 122 41 0 88 59 58 0 0 77 68 53 0 
0 0 0 5 157 154 127 128 145 271 155 134 123 119 227 4 1 0 0 138 95 90 116 106 202 
0 0 0 0 0 0 0 0 0 0 0 0 0 0 0 980 1035 1047 1015 944 0 0 0 0 0 
0 18 56 148 0 0 18 73 136 0 0 20 56 159 0 0 19 60 169 0 0 19 64 166 0 
63 50 0 0 0 87 72 15 14 13 149 87 36 35 30 90 63 0 0 0 95 94 23 24 32 
111 171 120 272 241 0 44 16 145 86 2 47 20 118 109 0 38 3 120 85 14 56 0 136 94 
89 105 112 78 6 94 109 142 80 1 246 273 279 255 168 104 121 122 71 0 245 205 251 207 115 
70 12 10 99 20 72 0 0 112 0 187 143 131 210 120 69 0 0 92 0 111 46 47 169 39 
158 135 54 59 47 175 133 61 67 36 74 66 17 0 0 108 110 20 19 16 105 68 10 0 0 
0 0 135 56 0 0 0 148 52 0 0 0 179 51 0 0 0 159 43 0 0 0 136 41 0 
157 193 206 155 124 0 71 89 0 0 0 47 88 0 0 63 101 143 65 48 0 50 106 3 0 
68 53 75 68 64 100 119 105 119 104 24 41 45 36 40 0 0 0 0 0 0 0 0 0 0 
0 0 0 165 0 0 0 0 174 0 230 234 220 409 242 0 0 0 171 0 0 0 0 155 0 
0 0 0 0 0 137 127 162 125 132 0 0 0 0 0 0 0 0 0 0 69 52 62 60 75 
85 2 0 57 40 125 29 45 92 89 200 68 78 124 147 76 0 0 66 34 175 64 80 126 103 
0 75 0 0 0 0 72 0 0 0 0 57 0 0 0 101 137 74 111 74 48 117 42 46 46 
0 0 95 0 0 85 85 176 105 104 0 0 92 0 0 7 9 97 4 8 14 13 81 8 15 
217 186 154 234 101 99 88 54 96 0 77 85 50 82 0 244 214 145 256 105 127 117 62 134 0 
0 0 0 0 0 31 35 30 18 22 0 0 0 0 0 59 67 68 65 90 100 94 96 97 127 
0 227 0 209 0 0 185 0 198 0 8 205 7 208 6 0 189 0 199 0 0 208 0 211 0 
0 34 0 104 0 0 44 0 108 0 0 40 0 110 0 54 112 54 174 59 0 47 0 99 0 
0 0 0 0 84 93 77 92 66 153 95 87 84 106 145 0 0 0 0 83 0 0 0 0 87 
80 279 286 31 226 51 212 231 2 161 88 314 353 48 261 163 339 323 107 288 212 379 337 128 314 
0 46 33 0 80 19 60 45 13 89 28 81 87 38 80 0 59 27 0 64 0 61 28 0 70 
92 70 82 100 96 13 0 0 31 0 12 0 0 35 0 14 0 0 38 0 75 56 48 89 71 
45 0 0 76 85 86 51 50 115 143 24 0 0 69 71 51 10 20 71 66 39 35 40 95 94 
69 0 65 0 0 63 0 75 0 0 113 53 107 48 50 99 16 78 13 12 66 0 73 0 0 
0 17 81 0 96 0 12 69 0 107 0 15 74 0 106 0 14 91 0 133 0 13 69 0 101 
19 51 148 82 19 72 94 172 117 60 0 47 133 38 0 51 88 189 110 51 0 28 114 68 0 
0 58 0 0 0 0 66 0 0 0 104 206 97 124 111 0 82 0 0 0 14 75 17 22 24 
0 0 0 75 0 61 65 51 124 81 0 0 0 72 0 0 0 0 82 0 72 67 58 149 61 
49 0 90 47 0 57 0 109 54 0 59 0 94 49 0 47 0 104 54 0 43 0 100 43 0 
77 46 0 29 0 103 73 16 47 24 92 86 0 25 0 110 53 0 41 0 87 58 0 33 0 
0 0 0 0 23 180 167 183 186 201 0 0 0 0 31 0 0 0 0 30 0 0 0 0 34 
89 46 57 109 76 58 37 48 95 68 24 0 0 52 10 28 0 0 48 11 37 12 7 56 27 
30 59 8 7 8 15 51 0 0 0 21 75 0 0 0 127 169 132 124 124 28 72 0 0 0 
0 0 0 21 0 186 170 197 198 164 0 0 0 23 0 0 0 0 22 0 0 0 0 19 0 
71 79 133 138 89 0 0 52 63 0 0 0 74 60 0 0 0 67 53 0 0 0 59 62 0 
63 57 59 48 67 41 0 0 0 10 72 55 42 47 68 30 0 0 0 19 89 48 43 48 60 
0 0 25 0 69 9 6 36 12 88 0 0 34 0 70 10 7 43 8 95 81 75 114 64 153 
585 586 605 638 586 0 0 0 0 0 0 0 0 0 0 0 0 0 0 0 0 0 0 0 0 
55 105 137 64 70 27 78 94 26 25 0 31 70 0 0 0 37 71 0 0 0 37 66 0 0 
0 0 110 0 0 0 0 91 0 0 76 114 207 112 101 0 0 85 0 0 0 0 104 0 0 
90 105 34 50 119 33 38 0 0 76 37 52 0 0 60 39 41 0 0 65 51 40 0 0 70 
0 48 0 6 1 46 98 43 50 59 0 54 0 12 12 0 55 0 28 15 13 45 8 27 31 
9 6 99 3 12 0 0 87 0 0 0 0 83 0 0 36 37 120 27 29 75 78 149 57 85 
0 0 0 51 75 87 81 63 117 162 0 0 0 49 73 0 0 0 36 84 0 0 0 46 73 
93 165 78 73 83 22 105 0 0 0 30 114 7 7 9 22 72 0 0 0 25 80 0 3 0 
78 38 105 55 108 21 0 45 14 66 23 0 49 12 82 20 0 58 13 64 15 0 44 14 71 
27 8 28 0 2 23 0 29 0 0 23 31 46 19 27 45 22 51 0 9 94 62 79 84 73 
67 34 118 48 54 32 0 81 0 4 29 0 77 0 7 26 0 70 0 8 83 45 122 48 47 
59 16 16 0 0 71 15 8 0 0 103 35 47 38 51 88 36 31 19 15 112 67 69 57 45 
1 42 0 6 3 33 63 34 60 41 32 68 36 27 23 33 72 42 66 30 0 38 0 17 5 
90 78 99 51 58 34 27 33 0 9 57 68 60 27 43 42 28 37 0 8 34 31 39 0 7 
0 62 69 0 0 16 81 71 20 20 21 104 82 21 21 32 109 67 40 42 0 62 59 0 0 
53 100 50 49 48 30 106 33 38 32 15 79 17 18 27 24 60 26 27 28 0 65 0 0 0 
29 0 82 0 39 59 43 112 39 76 23 0 75 0 18 26 4 89 0 22 28 0 92 0 21 
0 2058 0 0 0 0 2109 0 0 0 0 1988 0 0 0 0 2079 0 0 0 0 1979 0 0 0 
20 144 124 16 0 73 192 188 84 77 0 114 110 6 0 35 229 126 70 39 3 136 86 0 0 
51 87 85 0 0 43 109 101 0 0 65 103 94 0 0 57 105 93 0 0 55 101 100 0 0 
0 121 0 142 0 92 180 83 245 104 107 180 88 257 89 0 94 0 148 0 0 114 0 118 0 
113 135 17 242 132 93 188 1 275 173 90 131 9 208 109 298 362 253 419 344 187 317 164 333 263 
0 0 0 0 0 1252 1207 1212 1172 1238 0 0 0 0 0 0 0 0 0 0 0 0 0 0 0 
0 0 80 125 0 0 0 75 106 0 0 0 81 127 0 0 0 81 125 0 0 0 72 128 0 
121 41 44 76 36 124 46 44 92 53 75 0 0 33 0 69 0 0 32 0 75 0 0 38 0 
0 132 0 0 91 0 156 0 0 82 0 167 0 0 94 0 143 0 0 84 0 149 0 0 107 
227 324 186 291 133 141 295 97 156 55 356 479 293 411 203 273 404 277 330 178 246 477 280 276 205 
19 7 161 166 57 0 0 132 94 43 69 83 178 168 92 0 5 90 107 46 59 79 212 195 121 
144 130 128 163 270 10 26 4 6 176 7 17 8 1 165 214 206 175 173 356 219 252 266 221 395 
0 66 0 0 0 0 57 0 0 0 0 66 0 0 0 11 72 4 7 2 181 224 173 161 185 
45 22 36 11 41 39 14 27 0 37 38 12 33 0 29 63 13 29 0 41 104 95 82 73 110 
53 146 181 236 42 28 94 144 192 26 99 147 236 287 91 8 128 148 196 13 54 109 152 242 16 
202 73 0 101 0 205 73 0 104 0 204 57 0 101 0 197 72 0 111 0 204 65 2 114 0 
66 16 0 42 58 155 131 120 150 149 62 17 0 47 59 53 6 0 38 46 70 15 0 41 66 
55 0 0 0 0 62 0 0 0 0 64 0 0 0 0 202 132 145 146 141 52 0 0 0 0 
80 208 196 122 36 81 194 188 101 25 75 202 192 86 65 50 148 173 69 5 53 218 208 89 25 
112 5 11 62 28 115 80 60 110 87 112 88 76 90 121 84 36 23 85 39 73 1 0 34 24 
91 100 100 68 156 0 0 1 0 37 49 64 60 51 90 0 0 8 0 43 0 0 4 0 52 
31 53 0 61 0 118 140 72 133 54 70 74 37 104 41 40 48 0 68 0 37 52 0 64 0 
103 110 107 97 162 96 96 76 73 125 0 27 0 0 47 0 20 0 0 29 61 83 56 52 100 
0 70 0 0 0 34 119 31 37 31 38 140 39 34 35 23 112 26 25 37 44 118 41 39 47 
33 11 41 34 0 103 71 112 112 63 43 21 47 37 0 47 9 43 35 0 41 20 35 38 0 
1 13 0 102 245 143 152 145 247 391 3 35 0 105 280 0 13 1 100 282 124 157 133 202 330 
10 26 96 9 224 4 0 73 4 166 105 103 174 108 268 138 139 218 162 313 2 6 80 0 178 
155 0 0 54 0 162 0 0 55 0 147 0 0 44 0 180 0 0 46 0 154 0 0 40 0 
0 0 0 0 830 0 0 0 0 789 0 0 0 0 840 0 0 0 0 832 0 0 0 0 778 
145 115 0 172 52 143 119 0 199 69 186 164 50 229 111 114 121 1 149 80 107 138 0 212 60 
111 0 0 0 0 215 84 75 75 63 133 0 0 0 0 129 0 0 0 0 124 0 0 0 0 
54 25 58 42 35 82 62 102 62 63 21 18 40 21 13 62 48 116 80 54 9 0 33 0 0 
0 22 0 143 0 33 55 46 185 32 0 19 0 132 0 0 16 0 136 0 0 20 0 159 0 
0 0 43 49 0 63 45 87 83 54 0 0 34 31 0 50 43 86 72 40 36 27 70 62 24 
151 103 144 179 210 55 0 64 47 52 48 0 70 80 86 127 66 124 153 166 22 1 63 72 50 
48 56 57 142 112 28 26 35 88 77 0 0 0 83 59 0 0 0 54 52 9 10 11 84 55 
110 109 79 82 4 213 175 152 134 122 94 87 35 47 8 236 171 170 131 105 181 161 134 108 65 
125 0 0 0 0 108 0 0 0 0 182 72 90 90 93 93 0 0 0 0 114 0 0 0 0 
0 8 57 0 0 72 81 151 72 79 0 9 61 0 0 47 66 142 43 52 0 5 53 0 0 
210 7 193 0 0 219 0 184 0 0 213 2 183 4 0 179 0 179 0 0 216 18 185 11 13 
0 0 0 0 0 71 53 68 62 69 0 0 0 0 0 140 117 131 139 133 0 0 0 0 0 
334 123 350 128 237 358 184 463 208 284 375 198 423 226 293 196 14 215 52 126 214 68 280 49 133 
75 179 82 96 74 0 112 0 32 0 18 159 31 39 28 0 123 1 20 0 0 101 0 26 0 
0 0 0 16 0 0 0 0 19 0 0 0 0 18 0 0 0 0 18 0 164 173 198 200 194 
0 0 33 0 58 35 46 78 44 113 55 74 89 53 121 0 0 33 0 61 0 0 49 0 58 
0 0 16 0 187 0 0 16 0 179 0 0 28 0 166 0 0 25 0 179 0 0 23 0 182 
0 0 0 50 0 0 0 0 59 0 54 59 44 140 45 0 0 0 59 0 85 78 82 158 86 
87 0 0 94 0 109 0 0 111 0 99 0 0 89 0 92 0 0 113 0 96 0 0 109 0 
0 60 107 81 10 117 213 210 235 114 205 250 271 268 168 31 110 148 147 37 109 151 166 198 86 
106 128 119 110 207 0 0 0 0 79 0 0 0 0 78 21 25 26 21 108 0 0 0 0 78 
88 204 89 79 87 0 90 0 0 0 11 130 10 17 14 0 101 0 0 0 115 256 96 109 123 
135 126 76 78 77 75 45 0 0 0 85 47 4 2 7 63 48 0 0 0 71 56 0 0 0 
0 114 0 0 0 36 174 46 50 63 0 119 0 0 0 63 190 78 80 61 0 117 0 0 0 
92 0 0 0 0 117 0 0 0 0 121 0 0 0 0 102 0 0 0 0 206 88 85 89 99 
0 0 0 0 0 0 0 0 0 0 0 0 0 0 0 0 0 0 0 0 448 425 460 437 403 
0 0 37 0 0 73 79 92 75 87 0 0 31 0 0 77 75 85 59 79 19 25 59 22 26 
8 14 16 16 54 0 0 0 0 37 81 80 74 70 100 0 0 0 0 34 70 98 79 76 106 
0 0 0 127 0 0 0 0 111 0 0 0 0 135 0 0 0 0 139 0 72 71 76 190 79 
0 64 0 34 72 0 60 0 33 73 0 54 0 32 87 0 59 0 31 71 19 78 25 53 111 
70 0 0 0 38 59 0 0 0 32 78 0 0 0 40 61 0 0 0 33 160 83 71 83 122 
0 111 0 0 0 0 108 0 0 0 0 106 0 0 0 0 96 0 0 0 97 184 99 105 92 
23 59 39 57 46 44 61 48 41 56 44 48 36 36 45 0 10 0 8 0 75 103 75 68 70 
0 0 117 55 0 43 45 155 106 50 0 0 102 39 0 0 0 89 38 0 0 0 126 35 0 
13 60 24 6 51 9 62 17 4 32 2 46 0 0 24 39 74 46 48 78 0 40 11 0 39 
59 0 0 0 0 126 62 61 76 69 99 20 18 20 15 131 47 46 52 41 58 0 0 0 0 
195 0 0 0 0 197 13 18 17 20 178 0 0 0 0 196 0 0 0 0 166 0 0 0 0 
83 35 33 111 37 39 0 0 91 0 48 0 0 85 0 83 35 29 120 32 55 0 0 83 0 
0 9 0 34 0 49 55 46 83 45 32 36 41 67 36 0 11 0 37 0 50 57 55 110 59 
0 0 63 43 0 0 0 55 43 0 101 98 149 130 95 0 0 62 47 0 0 0 67 42 0 
71 5 77 138 113 22 4 56 92 99 61 13 52 161 109 22 0 34 93 100 135 84 148 217 228 
0 5 48 96 7 0 0 45 71 0 46 29 100 114 43 26 38 66 109 32 0 0 45 77 0 
60 5 54 65 12 55 11 42 51 17 159 96 132 132 100 93 30 49 56 22 73 0 63 59 1 
47 0 80 0 73 51 0 74 0 65 31 0 93 0 103 121 59 126 83 141 38 0 72 0 69 
156 88 219 141 109 98 24 170 91 40 69 0 124 33 14 182 84 206 147 127 160 77 259 132 125 
10 123 159 23 132 143 247 285 127 265 30 150 202 55 192 0 76 165 3 120 107 198 254 138 246 
19 21 22 57 48 40 39 34 76 74 0 0 0 31 31 0 0 0 22 17 77 89 91 124 105 
25 39 1 108 0 38 77 0 143 0 98 109 54 177 69 31 42 0 132 0 49 45 0 118 0 
0 0 50 0 0 149 133 190 133 159 0 0 56 0 0 0 0 67 0 0 0 0 63 0 0 
56 97 66 102 51 14 33 0 28 0 94 129 83 138 66 12 61 0 49 0 57 67 70 92 36 
11 6 0 0 63 12 1 0 0 50 53 53 41 35 107 19 18 14 11 63 79 97 78 75 109 
88 16 11 6 28 117 79 82 76 93 138 110 102 101 109 49 0 5 0 16 45 14 16 7 28 
24 127 89 23 31 0 103 72 6 8 0 73 47 0 23 0 100 61 5 14 48 139 123 52 87 
136 180 92 93 93 66 61 39 17 18 39 61 13 0 0 33 45 13 0 0 30 42 12 0 0 
0 69 55 0 68 0 71 63 0 72 0 80 52 0 55 0 66 64 0 69 0 84 67 0 66 
95 0 0 74 0 83 0 0 77 0 99 0 0 73 0 100 0 0 67 0 122 15 23 104 29 
67 126 76 74 80 0 62 0 0 0 39 103 44 39 36 0 54 0 0 0 30 77 27 30 30 
51 52 0 12 8 50 32 0 0 0 37 37 7 0 0 55 58 31 34 46 74 64 49 30 45 
42 27 88 78 24 0 0 62 81 0 40 35 102 97 32 0 0 72 75 0 0 0 64 64 0 
36 75 40 69 29 0 62 10 41 16 0 51 9 46 19 0 43 12 28 11 36 103 64 97 77 
0 0 56 27 11 0 0 45 35 3 0 0 44 40 6 42 53 122 94 60 54 50 100 93 63 
30 40 27 22 32 0 0 0 0 0 75 63 60 63 56 0 0 0 0 0 124 115 103 122 113 
39 33 34 35 43 0 0 16 0 0 0 0 21 0 0 49 44 81 55 50 124 96 129 131 119 
36 41 109 54 55 2 10 63 9 12 51 44 129 51 43 0 0 53 0 0 0 9 63 28 11 
0 0 180 32 0 0 0 141 23 0 19 20 156 37 18 0 0 166 23 0 0 0 162 23 0 
37 67 0 0 0 54 69 27 26 20 61 106 17 14 9 74 115 36 36 41 32 59 0 0 0 
66 0 66 59 95 160 65 172 170 173 160 76 165 179 205 150 45 112 119 173 83 9 80 112 124 
103 166 91 64 87 11 56 1 0 0 94 167 77 64 76 41 83 29 21 23 29 78 0 0 0 
0 112 108 163 0 0 126 119 165 0 0 109 120 166 0 0 119 115 156 0 0 126 116 164 0 
0 0 0 141 35 0 0 0 160 28 27 29 16 157 51 0 0 0 149 35 0 0 0 138 38 
17 0 0 156 0 11 0 0 110 0 111 71 99 216 100 12 0 0 120 0 20 2 0 118 0 
46 77 34 55 62 0 60 0 0 26 50 84 45 40 78 5 37 0 0 34 0 63 0 0 33 
108 99 10 56 84 152 185 71 82 165 101 132 42 63 82 63 53 0 19 37 158 172 83 113 111 
51 135 100 64 74 6 34 55 8 2 23 62 81 26 25 19 61 49 10 19 0 51 41 0 0 
7 20 11 2 72 5 27 17 0 104 0 17 11 5 55 54 82 63 50 141 32 49 35 26 104 
0 0 196 0 37 0 0 229 0 26 0 0 194 0 24 0 0 193 0 22 0 0 188 0 25 
661 501 591 359 550 451 152 242 158 211 481 311 349 218 302 355 150 164 49 167 566 351 474 326 394 
103 82 2 3 0 189 225 107 87 88 112 89 0 0 0 114 111 23 17 19 81 82 0 0 0 
143 271 120 135 124 209 335 132 222 143 104 253 68 124 66 35 175 0 30 0 89 190 60 87 32 
24 0 31 64 0 26 0 18 33 0 75 37 65 68 20 85 49 80 97 55 38 0 27 38 0 
0 0 0 25 0 75 68 49 98 55 0 0 0 23 0 48 46 60 92 48 45 48 40 93 38 
0 0 0 0 53 0 0 0 0 56 0 0 0 0 66 0 0 0 0 60 136 158 144 153 186 
0 0 0 197 0 7 8 5 196 1 0 0 0 194 0 0 0 0 208 0 0 0 0 182 0 
62 28 30 67 77 41 0 0 29 59 55 0 0 23 38 60 0 0 35 41 91 47 49 78 85 
48 63 112 78 57 0 0 36 0 0 0 0 51 0 0 0 0 38 0 1 132 141 190 171 145 
107 0 57 0 18 177 9 83 36 38 221 78 140 77 82 262 170 224 102 155 205 39 66 8 41 
119 11 52 26 48 78 0 0 1 0 167 40 75 48 83 146 72 115 85 81 122 25 59 41 42 
0 0 0 1011 0 0 0 0 991 0 0 0 0 1026 0 0 0 5 1060 0 0 0 0 1034 0 
0 0 1420 0 0 0 0 1436 0 0 0 0 1328 0 0 0 0 1445 0 0 0 0 1416 0 0 
