779 656 592 674 689 1062 1119 1023 1037 1054 620 596 585 615 696 980 872 862 893 915 554 480 388 380 579 
222 163 233 200 201 0 0 0 0 0 138 119 129 119 134 0 0 0 0 0 0 0 0 0 0 
121 77 39 234 247 69 0 0 171 172 167 59 30 264 282 69 0 0 130 148 81 2 0 138 125 
142 0 116 157 153 189 29 159 202 194 274 128 256 294 316 244 47 152 215 199 155 0 111 201 150 
151 29 60 121 15 137 5 70 94 0 133 35 65 102 7 133 0 42 114 0 282 183 267 282 162 
104 9 11 0 87 83 2 19 0 104 178 88 102 83 173 163 66 93 64 153 212 112 117 105 234 
0 0 0 0 0 0 0 0 0 0 1019 1036 980 1007 1043 0 0 0 0 0 0 0 0 0 0 
0 0 0 255 0 0 0 3 229 0 107 102 94 356 117 103 103 84 372 122 0 0 0 234 0 
13 8 14 174 8 0 0 0 180 0 36 42 33 176 33 0 0 0 156 0 4 6 4 180 3 
0 0 0 0 1 0 0 0 0 0 0 0 0 0 0 83 66 83 81 117 208 191 190 236 218 
72 87 57 55 153 0 16 0 0 97 0 3 0 0 97 0 5 0 0 104 71 69 73 61 152 
143 150 153 162 161 0 0 0 0 0 0 0 0 0 0 0 0 0 0 0 83 95 70 61 85 
0 0 0 0 0 0 0 0 0 0 0 0 0 0 0 420 428 418 403 408 182 162 177 173 190 
0 212 0 0 92 0 186 0 0 104 132 354 157 148 229 0 198 0 0 112 0 233 0 0 83 
834 0 0 0 0 825 0 0 0 0 826 0 0 0 0 867 0 0 0 0 865 0 0 0 0 
38 10 167 144 130 61 12 151 139 152 115 94 206 209 186 168 147 291 290 249 122 91 220 194 238 
78 122 77 133 58 59 76 67 108 63 0 41 0 38 0 42 82 44 86 36 0 37 0 38 0 
30 5 14 10 26 175 108 144 140 160 36 0 0 0 23 29 0 1 0 33 191 179 147 154 186 
0 0 162 0 0 0 0 146 0 0 0 0 161 0 0 185 155 306 151 162 0 0 153 0 0 
0 85 53 53 0 0 95 50 62 0 52 127 116 117 47 0 98 73 66 0 0 97 80 50 0 
5 0 0 4 148 142 97 110 132 257 133 120 105 129 232 8 3 0 0 125 77 89 103 78 204 
0 0 0 0 0 0 0 0 0 0 0 1 0 0 0 1044 1100 1127 1080 1027 0 0 0 0 0 
0 22 57 144 0 0 21 56 127 0 0 17 46 148 0 0 17 57 151 0 0 14 54 142 0 
88 130 94 192 159 7 49 26 77 81 24 60 30 90 101 0 46 0 64 85 0 39 0 65 81 
107 137 134 85 1 118 128 193 91 0 312 300 337 286 203 117 134 163 78 0 277 238 335 267 153 
84 12 17 103 23 79 0 0 118 0 226 162 140 239 138 71 0 0 107 5 121 46 47 179 44 
103 79 38 41 33 123 89 46 52 29 49 52 15 0 0 77 66 19 9 14 73 46 8 0 0 
0 0 172 71 0 0 0 202 66 0 0 0 246 73 0 0 0 221 69 0 0 0 185 57 0 
104 139 136 102 92 0 43 59 0 0 0 46 55 0 0 39 58 88 32 30 0 37 77 0 0 
77 56 78 79 70 108 133 119 130 119 25 43 45 42 49 0 0 0 0 0 0 0 0 0 0 
0 0 0 168 0 0 0 0 181 0 236 241 225 427 258 0 0 0 174 0 0 0 0 160 0 
0 0 0 0 0 140 126 169 134 138 0 0 0 0 0 0 0 0 0 0 71 54 64 64 78 
120 3 6 91 54 147 38 53 123 108 249 97 92 167 169 101 0 0 76 41 206 75 87 173 132 
0 75 0 0 0 0 73 0 0 0 0 57 0 0 0 104 140 75 111 75 48 120 44 47 47 
0 0 100 0 0 89 86 183 114 107 0 0 97 0 0 7 9 99 4 9 14 13 85 9 15 
321 258 262 311 149 149 95 101 129 0 108 85 77 113 0 318 260 224 319 149 184 138 107 182 0 
0 228 0 202 0 0 180 0 193 0 3 201 4 195 0 0 189 0 192 0 0 200 0 201 0 
0 42 0 128 0 0 50 0 133 0 0 49 0 142 2 71 141 71 215 77 0 50 0 130 0 
0 0 0 0 100 112 97 122 73 160 120 98 110 100 151 0 0 0 0 102 0 0 0 0 100 
103 298 312 46 237 37 221 256 5 169 101 285 351 72 239 106 321 349 117 270 236 381 392 189 324 
0 49 38 0 100 21 73 50 14 98 27 94 100 43 88 0 69 32 0 76 0 68 32 0 76 
122 96 117 128 130 13 0 0 37 0 11 0 0 34 0 18 0 0 39 0 94 60 57 109 86 
82 0 76 0 0 84 0 82 0 0 146 62 127 53 60 119 18 90 16 13 83 0 85 0 0 
0 17 79 0 95 0 12 68 0 107 0 14 72 0 105 0 14 91 0 133 0 13 67 0 101 
13 51 141 74 28 61 75 148 105 58 0 38 122 41 0 49 78 161 100 51 0 26 110 61 0 
0 74 0 0 0 0 85 0 0 0 133 261 127 142 138 0 101 0 0 0 16 92 22 27 32 
0 2 0 104 0 73 97 78 190 118 0 0 0 96 0 0 0 0 105 0 105 93 85 213 87 
50 0 95 49 0 58 0 112 54 0 65 0 97 54 0 46 0 106 55 0 44 0 104 47 0 
77 46 0 29 0 103 73 16 47 24 92 86 0 25 0 110 53 0 40 0 87 58 0 33 0 
0 0 0 0 34 255 247 255 251 278 0 0 0 0 46 0 0 0 0 54 0 0 0 0 49 
101 54 66 130 84 69 42 57 109 81 26 0 0 61 10 31 0 0 58 10 46 13 8 61 28 
30 60 8 6 9 16 53 0 0 0 20 77 0 0 0 131 167 128 125 119 29 75 0 0 0 
0 0 0 21 0 191 174 201 201 165 0 0 0 23 0 0 0 0 22 0 0 0 0 19 0 
71 79 133 138 89 0 0 52 63 0 0 0 74 60 0 0 0 67 53 0 0 0 59 62 0 
64 57 62 48 70 39 0 0 0 10 77 62 48 48 72 31 0 0 0 22 94 50 45 49 59 
0 0 25 0 69 9 6 34 12 89 0 0 31 0 70 10 7 43 8 95 81 75 114 64 153 
55 105 137 63 70 28 78 95 26 26 0 32 70 0 0 0 36 71 0 0 0 39 66 0 0 
0 0 125 0 0 0 0 100 0 0 83 123 231 125 116 0 0 97 0 0 0 0 117 0 0 
115 124 35 65 154 39 43 0 0 95 45 63 0 0 74 47 46 0 0 84 72 54 0 0 89 
0 49 0 22 36 56 113 57 79 91 0 58 0 27 34 0 55 0 39 40 25 65 19 53 62 
8 7 99 3 11 0 0 86 0 0 0 0 83 0 0 35 38 119 27 28 75 78 150 59 85 
0 0 0 51 75 87 81 63 117 162 0 0 0 48 73 0 0 0 36 84 0 0 0 46 72 
104 178 82 78 89 28 122 0 0 0 32 125 5 6 7 29 75 0 0 0 23 82 0 0 1 
75 37 103 41 98 20 0 40 3 59 18 0 47 0 74 17 0 53 0 60 0 0 34 0 59 
46 0 0 0 6 62 0 1 0 0 71 50 40 50 72 76 9 1 4 0 144 88 81 114 69 
30 30 115 41 48 4 0 80 0 0 1 0 77 0 0 3 0 70 0 0 48 28 110 32 27 
0 62 68 0 0 0 65 46 0 0 21 104 72 21 21 31 109 52 40 42 0 62 55 0 0 
24 0 79 0 27 54 43 116 39 69 18 0 78 0 18 19 0 83 0 17 22 0 89 0 14 
1 2146 0 0 0 0 2218 0 0 0 0 2074 0 0 0 0 2148 0 0 0 0 2080 0 0 0 
22 91 80 12 13 73 135 159 73 52 9 99 82 3 0 30 143 112 57 28 2 96 76 0 0 
86 151 110 1 0 67 182 154 0 1 96 176 171 0 0 79 155 153 0 0 83 167 152 0 0 
0 89 0 114 0 104 167 67 177 95 65 143 32 139 47 0 91 0 121 0 0 104 0 96 0 
0 0 0 0 0 1274 1228 1237 1207 1266 0 0 0 0 0 0 0 0 0 0 0 0 0 0 0 
0 0 88 137 0 0 0 82 115 0 0 0 91 137 0 0 0 86 134 0 0 0 83 148 0 
172 63 54 108 52 177 62 69 130 71 104 0 0 45 0 87 0 0 45 0 106 0 0 53 0 
0 136 0 0 94 0 167 0 0 87 0 163 0 0 94 0 144 0 0 76 0 162 0 0 100 
206 306 182 253 125 95 178 51 121 2 355 436 264 380 151 187 312 140 240 65 208 346 274 311 132 
91 89 276 282 100 2 0 206 207 26 108 101 284 311 102 0 0 166 190 11 12 12 191 182 24 
159 130 130 159 277 7 24 0 9 175 14 13 8 11 152 248 242 183 211 381 254 274 256 249 420 
0 69 0 0 0 0 58 0 0 0 0 81 0 0 0 7 70 6 9 4 186 223 176 156 175 
82 39 60 31 87 67 3 22 0 76 73 6 27 0 48 110 5 26 0 79 192 134 146 134 215 
201 69 0 95 0 205 65 0 102 0 204 43 0 95 0 189 61 0 104 0 196 60 0 107 0 
0 0 1441 0 0 0 0 1464 0 0 0 0 1361 0 0 1 0 1469 0 0 0 0 1437 0 0 
105 1 10 66 32 145 81 67 129 91 116 81 72 93 93 67 28 27 85 26 67 0 0 35 17 
115 129 145 99 191 0 0 10 0 46 61 70 75 66 113 0 0 18 0 56 0 0 18 0 60 
33 81 0 111 0 115 157 87 197 74 104 110 84 211 84 47 75 0 104 0 28 68 0 107 0 
99 118 89 118 161 94 114 75 74 116 0 26 0 0 68 0 26 0 0 41 61 77 53 55 120 
0 79 0 0 0 33 162 41 40 34 44 164 43 40 36 32 142 26 30 36 49 148 56 36 56 
31 11 41 34 0 100 70 110 112 63 36 21 46 36 0 42 9 44 34 0 39 19 37 38 0 
161 0 0 0 0 129 0 0 0 0 222 86 107 112 106 127 0 0 0 0 140 0 0 0 0 
0 0 0 0 831 0 0 0 0 787 0 0 0 0 834 0 0 0 0 830 0 0 0 0 779 
129 97 0 164 58 121 118 0 153 63 159 167 45 222 117 129 110 10 153 104 134 139 1 189 74 
138 0 0 0 0 276 106 102 86 75 167 0 1 0 0 163 0 0 0 0 159 0 0 0 0 
0 0 0 0 0 73 57 72 67 74 0 0 0 0 0 144 122 148 151 139 0 0 0 0 0 
0 22 0 143 0 33 55 46 186 32 0 19 0 132 0 0 16 0 136 0 0 20 0 160 0 
141 48 121 93 154 102 0 84 11 45 88 0 82 43 71 214 117 182 95 172 72 0 46 19 53 
44 49 60 132 113 29 25 36 86 78 0 0 0 81 56 0 0 0 47 55 8 10 9 76 54 
0 10 68 0 0 86 103 193 96 95 0 12 86 0 0 63 91 178 53 57 0 5 65 0 0 
199 2 187 0 0 201 0 169 0 0 197 2 180 4 1 174 0 179 0 0 206 17 177 10 10 
339 139 368 160 210 333 140 370 173 173 338 134 370 202 226 221 20 225 114 122 219 59 256 74 85 
69 166 80 92 70 0 86 0 30 0 18 131 31 39 29 0 110 0 17 0 0 80 0 24 0 
0 0 33 0 58 34 46 77 41 112 55 74 89 52 121 0 0 33 0 60 0 0 49 0 58 
0 0 17 0 203 0 0 16 0 191 0 0 32 0 185 0 0 27 0 193 0 0 28 0 202 
0 0 0 52 0 0 0 0 62 0 59 61 48 151 46 0 0 0 65 0 95 85 88 172 93 
97 0 0 115 0 134 0 0 140 0 123 0 0 112 0 115 0 0 136 0 111 0 0 133 0 
0 38 88 81 5 104 151 161 173 116 147 192 214 219 142 16 71 129 138 43 81 113 121 143 51 
116 142 127 115 233 0 0 0 0 80 0 0 0 0 84 25 26 26 28 117 0 0 0 0 81 
118 209 130 121 125 0 109 0 0 0 77 180 85 88 80 2 109 1 0 7 72 179 68 64 66 
136 126 76 78 78 76 45 0 0 0 85 47 4 4 8 63 47 0 0 0 71 56 0 0 0 
0 129 0 0 0 35 179 58 59 69 0 136 0 0 0 72 213 88 94 70 0 122 0 0 0 
0 0 0 0 0 0 0 0 0 0 0 0 0 0 0 0 0 0 0 0 440 410 443 432 401 
0 0 37 0 0 73 79 92 75 88 0 0 31 0 0 77 75 86 59 79 19 25 59 22 25 
9 16 26 21 63 0 0 0 0 49 107 107 97 95 153 0 0 0 0 45 85 127 108 113 153 
0 0 0 135 0 0 0 0 117 0 0 0 0 140 0 0 0 0 145 0 82 76 81 206 81 
0 71 0 40 79 0 63 0 40 79 0 57 0 44 95 0 61 0 30 82 19 78 28 59 120 
0 112 0 0 0 0 108 0 0 0 0 106 0 0 0 0 96 0 0 0 97 185 99 105 92 
0 37 0 9 0 92 109 93 64 89 85 84 79 72 80 0 23 0 13 0 123 158 126 144 120 
0 0 117 55 0 42 45 155 106 50 0 0 102 39 0 0 0 88 38 0 0 0 126 35 0 
59 0 0 0 0 126 61 61 76 69 99 19 18 20 15 131 47 46 51 41 58 0 0 0 0 
83 35 33 110 36 39 0 0 91 0 48 0 0 84 0 83 35 30 120 30 55 0 0 83 0 
0 0 25 28 0 0 0 0 29 0 101 99 82 110 97 0 0 0 21 0 0 0 18 26 0 
0 0 31 24 56 23 31 84 50 98 21 21 70 52 67 39 49 102 75 94 5 10 57 34 67 
5 10 64 122 7 0 0 56 97 0 50 33 127 147 55 32 47 82 135 37 0 0 53 90 0 
50 4 39 40 3 33 1 36 37 19 108 63 102 95 73 58 15 41 41 15 42 0 42 38 0 
49 0 66 0 78 49 0 67 0 64 34 1 73 0 88 111 61 121 73 124 38 0 66 0 67 
104 27 217 78 55 88 18 195 104 40 71 0 163 44 19 210 95 259 148 138 119 47 224 88 71 
12 101 172 21 149 144 215 305 139 266 37 145 218 59 190 0 60 177 1 123 88 161 258 120 233 
21 21 22 59 50 41 39 35 75 76 0 0 0 31 29 0 0 0 22 18 79 94 95 132 105 
18 32 1 83 1 29 47 0 104 0 77 72 39 129 53 25 37 0 103 0 40 33 0 80 0 
0 0 52 0 0 162 146 210 151 176 0 0 66 0 0 0 0 82 0 0 0 0 66 0 0 
86 12 14 8 32 117 91 90 84 91 157 128 129 132 137 65 0 4 0 22 46 15 22 8 37 
23 136 90 20 41 0 111 81 6 10 0 94 56 0 26 0 114 58 7 17 49 154 126 46 90 
143 190 91 102 101 77 63 41 24 21 39 51 17 0 0 40 51 13 0 0 41 42 15 0 0 
90 93 17 16 21 55 55 0 0 0 76 73 15 15 17 87 96 51 50 57 96 93 63 34 54 
36 76 43 71 29 0 59 10 41 15 0 51 11 46 19 0 42 14 30 12 38 101 64 95 76 
0 0 62 29 12 0 0 47 42 3 0 0 51 42 6 48 58 131 113 73 57 56 107 100 69 
27 38 26 20 31 0 0 0 0 0 71 59 57 62 55 0 0 0 0 0 120 107 99 114 110 
46 34 40 37 40 0 0 18 0 0 0 0 19 0 0 53 46 85 58 52 124 99 136 136 132 
38 45 106 44 44 7 10 63 9 7 54 49 124 46 36 0 0 52 0 0 0 0 60 18 0 
0 0 180 32 0 0 0 141 23 0 19 19 156 37 18 0 0 166 23 0 0 0 162 23 0 
43 69 0 0 0 66 93 38 30 29 67 108 17 14 9 79 119 37 36 41 37 66 0 0 0 
84 127 70 51 60 12 45 3 0 0 75 134 63 50 56 34 71 28 17 14 23 53 0 0 0 
0 117 109 165 0 0 127 119 166 0 0 110 122 170 0 0 121 117 157 0 0 128 122 166 1 
17 0 0 203 0 17 0 0 140 0 151 104 143 259 104 20 0 0 159 0 30 0 0 146 0 
104 139 25 70 92 141 197 85 87 176 119 154 59 81 121 73 98 13 23 75 202 238 108 132 172 
90 234 173 107 128 11 71 97 20 5 55 112 142 35 38 30 109 97 18 38 0 90 67 0 0 
0 23 10 0 59 0 19 11 3 112 0 17 4 3 47 52 86 64 47 147 22 38 28 18 84 
733 578 626 397 553 504 267 252 182 206 489 310 399 217 322 357 204 169 56 166 573 386 449 365 410 
102 75 0 5 0 207 199 96 96 95 95 108 0 0 2 112 101 22 22 20 79 69 0 0 0 
157 318 111 142 125 254 377 126 248 163 141 270 81 128 63 33 192 0 40 0 109 224 75 103 50 
0 0 0 0 55 0 0 0 0 64 0 0 0 0 79 0 0 0 0 62 148 174 146 169 196 
53 1 28 0 9 118 12 55 28 31 118 56 84 40 52 126 67 122 55 81 114 24 44 17 27 
150 0 0 54 0 156 0 0 55 0 141 0 0 40 0 168 0 0 46 0 148 0 0 41 0 
143 136 188 268 135 29 0 88 127 0 62 35 116 182 58 33 7 105 108 31 34 0 91 101 0 
70 117 86 183 156 0 7 4 102 50 0 11 7 72 65 0 11 12 101 63 33 43 38 122 66 
125 142 84 54 15 202 189 125 100 118 112 121 77 36 23 256 230 175 125 136 143 155 116 42 85 
68 142 63 60 62 0 62 0 0 0 6 87 6 5 4 0 69 0 0 0 84 176 69 83 70 
0 0 0 16 0 0 0 0 19 0 0 0 0 20 0 0 0 0 21 0 182 185 213 216 212 
55 3 44 111 98 15 4 37 112 85 65 25 51 132 113 30 0 42 92 91 125 76 125 196 199 
0 86 71 0 90 0 95 81 0 98 0 117 59 0 74 0 87 78 0 101 0 122 79 0 102 
49 23 58 42 34 74 49 93 53 53 25 16 37 23 16 59 46 109 75 49 8 0 32 2 0 
87 0 0 0 51 72 0 0 0 49 84 0 0 0 60 63 0 0 0 51 175 96 79 99 149 
40 48 0 42 36 34 44 0 61 48 32 28 0 68 36 106 108 74 122 93 48 70 19 63 56 
69 86 98 74 62 10 35 39 12 9 0 14 43 0 0 57 73 85 50 46 21 30 57 19 12 
0 0 0 153 41 0 0 0 171 34 28 33 19 174 55 0 0 0 161 34 0 0 0 148 41 
0 0 0 178 10 214 182 154 422 223 0 0 0 194 12 160 159 175 365 162 0 0 0 190 8 
52 125 192 209 76 17 99 144 202 28 73 156 160 238 78 59 190 175 244 94 99 134 195 259 103 
0 0 0 1296 0 0 2 0 1309 0 0 0 0 1336 0 0 5 2 1375 1 0 0 0 1340 0 
196 0 0 0 0 198 12 18 17 20 177 0 0 0 0 195 0 0 0 0 167 0 0 0 0 
92 0 0 0 0 117 0 0 0 0 122 0 0 0 0 102 0 0 0 0 206 88 85 89 99 
169 29 67 30 40 131 0 14 4 0 242 71 89 71 63 218 115 166 155 125 210 78 80 65 60 
0 20 0 0 0 0 37 0 0 0 0 14 0 0 0 33 45 39 39 36 0 0 0 0 1 
76 89 157 127 91 0 0 54 0 0 0 1 65 0 0 0 0 72 0 0 202 211 290 220 213 
1 13 0 72 207 116 120 120 199 332 0 23 0 96 244 0 12 0 89 245 124 139 115 181 302 
9 9 76 6 233 2 1 56 10 169 102 98 150 105 268 137 137 202 160 331 0 4 70 0 188 
171 264 287 239 101 204 272 327 214 127 182 254 292 237 154 93 180 224 141 43 56 181 183 141 16 
111 0 0 6 0 94 0 0 0 0 120 0 0 0 0 122 0 0 0 0 140 19 28 22 37 
0 1 209 0 43 0 0 234 0 35 0 0 198 0 32 0 0 205 0 23 0 0 184 0 34 
49 61 23 35 51 0 47 0 0 27 40 79 40 36 59 0 34 0 0 27 0 55 0 0 17 
610 615 638 684 625 0 0 0 0 0 0 0 0 0 0 0 0 0 0 0 0 0 0 0 0 
75 54 0 0 0 90 81 17 17 15 143 99 38 38 31 100 74 0 0 0 107 97 24 30 32 
33 0 0 57 75 72 45 43 92 124 22 0 0 57 67 38 13 16 60 60 31 27 30 71 83 
0 0 50 67 0 78 58 119 109 70 0 0 45 43 0 68 56 120 94 55 48 30 99 83 34 
14 8 0 0 74 17 2 0 1 65 61 62 48 47 134 22 22 16 14 77 90 107 94 94 132 
56 0 0 0 0 62 0 0 0 0 65 0 0 0 0 203 135 147 148 142 53 0 0 0 0 
42 130 65 113 93 80 248 125 166 180 4 103 26 37 38 114 199 122 163 139 108 236 183 186 158 
0 0 0 0 0 32 35 32 19 23 0 0 0 0 0 61 74 72 68 97 106 99 99 104 147 
