850 776 804 826 873 1082 1015 1043 1014 1092 742 624 633 684 795 987 909 889 992 1026 675 565 511 521 660 
163 128 165 157 142 0 0 0 0 0 117 78 130 106 96 0 0 0 0 0 0 0 0 0 0 
126 44 39 237 275 107 0 0 154 163 213 62 70 324 293 74 0 0 104 171 110 0 0 142 166 
257 50 98 65 77 221 0 25 1 6 388 112 181 120 137 397 189 298 212 228 271 52 111 74 92 
0 0 2 153 16 159 128 128 336 175 0 2 0 178 17 113 108 108 268 110 0 0 0 147 8 
201 25 108 169 15 174 14 82 154 0 170 32 64 124 15 197 0 71 175 0 397 236 319 408 205 
105 9 18 1 94 87 3 14 0 120 189 102 119 84 192 160 81 97 71 167 226 101 127 114 221 
0 0 0 0 0 0 0 0 0 0 1029 1030 980 996 1042 0 0 0 0 0 0 0 0 0 0 
0 0 0 248 0 0 0 3 253 0 109 99 98 361 118 103 99 89 373 121 0 0 0 231 0 
15 10 15 186 5 0 0 0 187 0 45 46 34 182 30 0 0 0 168 0 3 7 3 190 3 
67 146 190 245 61 56 164 216 236 47 119 209 266 303 118 66 188 223 251 88 89 142 189 267 71 
0 0 0 0 0 0 0 0 0 0 0 0 0 0 0 59 63 67 64 85 170 161 158 191 150 
88 88 65 57 180 0 8 0 0 121 0 1 0 1 105 0 4 0 0 106 91 85 81 70 179 
135 142 136 145 143 0 0 0 0 0 0 0 0 0 0 0 0 0 0 0 76 81 66 69 80 
0 0 0 0 0 0 0 0 0 0 0 0 0 0 0 427 428 412 402 420 185 163 174 174 200 
0 197 0 0 84 0 171 0 0 96 128 323 149 132 206 0 185 0 0 93 0 211 0 0 74 
975 0 0 0 0 958 0 0 0 0 940 0 0 0 0 991 0 0 0 0 981 0 0 0 0 
11 16 204 127 130 36 16 201 144 146 110 115 303 234 172 194 202 409 326 266 136 107 288 239 274 
85 130 85 141 64 67 73 56 119 77 0 45 0 39 0 46 89 49 96 46 0 37 0 40 0 
43 10 24 8 28 158 124 126 124 152 37 0 0 0 22 31 0 0 0 25 164 133 131 145 186 
0 0 138 0 0 0 0 127 0 0 0 0 152 0 0 148 116 244 104 121 0 0 152 0 0 
0 64 46 47 0 0 78 43 46 0 35 96 91 96 32 0 72 47 48 0 0 69 55 41 0 
2 4 0 5 162 182 162 152 183 300 167 145 124 165 274 9 5 0 0 146 105 99 110 94 228 
0 0 0 0 0 0 0 0 0 0 0 0 0 0 0 1009 1070 1087 1047 987 0 0 0 0 0 
0 18 53 144 0 0 17 55 117 0 0 18 50 153 0 0 21 57 148 0 0 15 58 147 0 
73 58 0 0 0 96 83 22 17 15 171 101 38 39 33 103 74 0 0 0 111 104 25 28 41 
75 110 66 136 135 7 43 18 58 64 13 38 21 66 84 0 38 0 49 62 0 33 0 54 59 
64 98 90 62 3 72 102 142 69 1 231 252 264 252 175 73 103 111 63 0 197 176 233 183 108 
81 21 23 109 25 71 0 0 115 0 217 156 145 228 131 73 0 0 108 0 108 47 45 171 44 
121 90 49 52 36 139 108 45 62 33 54 52 15 0 0 90 88 17 14 16 83 57 11 0 0 
0 0 149 69 0 0 0 170 55 0 0 0 197 59 0 0 0 184 52 0 0 0 157 55 0 
141 176 196 141 110 0 68 88 0 0 0 49 89 0 0 45 80 122 44 34 0 49 102 0 0 
84 75 96 84 81 121 139 131 134 123 24 51 52 46 47 0 0 0 0 0 0 0 0 0 0 
0 0 0 165 0 0 0 0 174 0 230 232 220 408 242 0 0 0 171 0 0 0 0 155 0 
0 0 0 0 1 164 169 189 146 157 0 0 0 0 0 0 0 0 0 0 83 71 78 65 92 
103 3 0 54 44 127 36 45 105 104 204 83 83 146 153 83 0 0 65 43 191 71 84 142 116 
0 75 0 0 0 0 73 0 0 0 0 57 0 0 0 102 138 74 112 74 48 117 43 46 46 
0 0 114 0 0 104 99 222 134 120 0 0 110 0 0 12 13 127 7 11 16 14 100 10 18 
255 211 188 263 109 111 90 63 116 0 85 81 60 97 0 253 213 150 268 114 119 108 75 148 0 
0 0 0 0 0 37 42 29 20 20 0 0 0 0 0 65 77 80 76 101 110 121 115 110 144 
0 225 0 203 0 0 181 0 196 0 8 205 6 200 8 0 188 0 194 0 0 201 0 207 0 
0 41 0 117 0 0 52 0 133 0 0 49 0 132 0 57 143 62 197 63 0 58 0 111 0 
0 0 0 0 68 74 65 71 56 123 78 67 67 75 116 0 0 0 0 68 0 0 0 0 72 
95 300 308 12 251 6 209 233 3 157 56 294 311 39 248 142 340 305 99 277 206 397 381 169 341 
0 49 41 0 100 25 80 66 18 115 34 105 120 49 102 0 70 36 0 81 0 74 39 0 89 
116 102 119 125 137 14 0 0 38 0 14 0 0 42 0 22 0 0 52 0 94 72 69 132 85 
85 0 77 0 0 80 0 88 0 0 157 64 143 62 67 128 20 105 16 16 96 0 89 0 0 
0 18 81 0 97 0 12 69 0 106 0 16 74 0 106 0 14 91 0 133 0 12 69 0 101 
16 45 136 71 21 54 65 161 93 43 0 38 121 39 0 37 67 155 100 43 0 25 104 60 0 
0 64 0 0 0 0 83 0 0 0 118 251 114 141 131 0 95 0 0 0 14 95 22 27 31 
0 0 0 82 0 66 73 68 139 92 0 0 0 77 0 0 0 0 88 0 82 77 65 165 68 
63 0 119 67 0 81 0 124 67 0 87 0 118 69 0 69 0 137 72 0 59 0 123 59 0 
85 58 0 33 0 127 88 16 54 27 105 98 0 29 0 127 69 0 45 0 100 64 0 36 0 
0 0 0 0 25 194 195 198 197 220 0 0 0 0 38 0 0 0 0 33 0 0 0 0 37 
108 56 65 124 92 71 42 59 114 84 29 0 0 59 11 34 0 0 58 12 40 12 9 66 32 
29 71 10 6 13 18 59 0 0 0 21 95 0 0 0 145 198 149 147 132 30 87 0 0 0 
0 0 0 23 0 193 178 202 207 167 0 0 0 24 0 0 0 0 24 0 0 0 0 20 0 
71 79 133 138 89 0 0 52 63 0 0 0 74 60 0 0 0 67 53 0 0 0 59 62 0 
66 61 60 50 74 45 0 0 0 12 83 62 50 50 76 30 0 0 0 24 97 48 45 49 67 
0 0 28 0 80 11 7 39 13 103 0 0 37 0 77 11 7 47 9 102 93 82 118 67 170 
602 604 625 665 607 0 0 0 0 0 0 0 0 0 0 0 0 0 0 0 0 0 0 0 0 
55 106 140 67 71 28 81 96 26 28 0 32 71 0 0 0 38 72 0 0 0 39 67 0 0 
0 0 123 0 0 0 0 103 0 0 77 127 226 119 109 0 0 93 0 0 0 0 117 0 0 
126 150 51 69 170 45 45 0 0 104 58 77 0 0 90 45 49 0 0 83 79 48 0 0 100 
0 48 0 17 25 45 104 45 53 51 0 56 0 17 13 0 55 0 33 2 6 46 2 21 14 
9 7 98 5 12 0 0 85 0 0 0 0 81 0 0 36 39 117 26 29 73 78 144 59 85 
0 0 0 50 75 88 81 63 117 163 0 0 0 49 73 0 0 0 36 84 0 0 0 47 73 
110 176 82 83 91 23 115 0 0 0 33 125 4 10 9 27 85 0 0 0 28 94 0 0 0 
69 22 93 46 104 8 0 38 10 66 16 0 41 0 78 16 0 48 0 63 11 0 40 12 71 
65 0 0 0 3 83 0 0 0 0 80 53 18 54 67 105 44 0 26 27 175 103 90 135 107 
67 34 118 48 48 32 0 81 0 0 29 0 77 0 0 26 0 70 0 0 83 45 122 48 44 
86 71 96 45 56 31 28 28 0 10 57 66 55 25 45 43 27 35 0 13 30 32 36 0 10 
0 62 66 0 0 1 61 45 0 0 19 102 68 19 21 31 109 63 40 42 0 62 52 0 0 
58 102 57 52 49 38 110 36 41 32 19 84 21 21 31 28 64 28 30 31 0 66 0 0 0 
26 0 83 0 35 62 43 119 38 73 21 0 78 0 19 29 0 96 0 24 26 0 97 0 21 
0 2104 0 0 0 0 2153 0 0 0 0 2030 0 0 0 0 2109 0 0 0 0 2046 0 0 0 
25 150 126 12 2 80 224 207 80 84 1 141 132 0 0 29 232 153 89 45 5 168 71 0 0 
59 101 79 0 0 45 118 98 0 0 79 108 105 0 0 60 116 98 0 0 52 109 108 0 0 
2 149 0 187 0 136 281 129 404 155 147 305 152 422 174 0 148 0 212 0 5 167 0 210 0 
74 104 146 137 114 0 0 48 0 0 0 0 62 0 0 0 0 59 0 0 219 237 246 251 235 
0 0 0 0 0 1240 1198 1205 1162 1230 0 0 0 0 0 0 0 0 0 0 0 0 0 0 0 
0 0 80 125 0 0 0 75 106 0 0 0 81 127 0 0 0 81 125 0 0 0 72 128 0 
134 46 48 81 38 141 49 55 96 56 80 0 0 37 0 78 0 0 36 0 83 0 0 43 0 
0 125 0 0 77 0 155 0 0 72 0 153 0 0 85 0 132 0 0 72 0 144 0 0 102 
162 252 150 206 111 141 216 95 98 27 256 345 235 239 131 236 375 276 238 165 206 352 259 233 161 
105 88 299 296 102 0 0 200 196 0 117 124 301 321 112 0 0 176 193 9 19 15 233 211 36 
209 199 184 228 353 8 18 2 23 174 5 20 15 4 165 286 281 224 277 441 257 296 307 274 430 
0 76 1 0 0 0 57 0 0 0 0 82 0 0 0 7 69 5 9 3 174 228 182 173 181 
58 28 46 12 57 55 19 33 0 49 60 16 47 0 38 85 17 41 0 61 132 110 123 85 159 
202 74 0 101 0 197 68 0 102 0 202 58 0 104 0 189 66 0 108 0 201 50 0 112 0 
54 0 0 0 0 59 0 0 0 0 66 0 0 0 0 209 135 149 158 145 51 0 0 0 0 
106 264 241 165 60 87 217 220 94 31 100 207 209 100 76 45 162 193 86 0 58 218 229 96 19 
81 4 10 54 24 108 69 59 107 71 103 74 62 88 81 75 25 24 68 44 52 0 0 31 12 
120 123 139 95 199 0 0 7 0 50 61 75 71 63 122 0 0 16 0 59 0 0 14 0 67 
28 50 0 57 0 102 118 65 109 50 58 62 25 83 34 39 40 0 54 0 28 43 0 57 0 
109 106 102 103 151 106 96 83 88 125 0 24 0 0 65 0 27 0 0 38 69 81 76 69 114 
0 62 0 0 0 24 112 31 29 24 32 121 30 29 27 20 107 22 22 24 35 107 39 31 42 
33 11 44 35 0 104 69 110 114 63 44 21 49 37 0 48 8 45 38 0 43 20 39 39 0 
2 21 0 78 221 127 152 136 241 390 0 35 0 105 268 0 15 1 102 278 117 135 121 200 316 
8 15 85 4 221 3 2 72 6 168 104 89 152 90 251 147 153 225 178 336 1 0 68 0 175 
152 0 0 0 0 135 0 0 0 0 230 85 105 106 108 131 0 0 0 0 129 0 0 0 0 
0 0 0 0 834 0 0 0 0 789 0 0 0 0 842 0 0 0 0 832 0 0 0 0 774 
135 103 0 171 59 107 104 2 180 64 151 174 49 262 103 121 119 8 179 79 115 157 3 199 61 
171 0 0 0 0 324 110 100 101 94 204 0 0 0 0 190 0 0 0 0 181 0 0 0 0 
0 0 0 0 0 74 59 75 70 76 0 0 0 0 0 152 132 150 152 150 0 0 0 0 0 
0 25 0 150 0 35 56 45 191 32 0 17 0 137 0 0 18 0 140 0 0 20 0 167 0 
135 78 137 147 189 72 6 94 87 86 30 3 80 84 87 121 73 141 143 154 12 2 58 54 69 
47 58 66 147 122 32 26 39 93 75 0 0 0 86 62 0 0 0 57 54 7 9 12 84 59 
0 10 59 0 0 73 86 159 78 81 0 10 70 0 0 47 68 154 44 52 0 5 56 0 0 
111 0 110 0 0 101 0 84 0 0 92 0 100 4 0 69 0 100 0 0 108 11 88 10 10 
300 130 337 121 214 363 200 433 190 226 343 163 380 205 253 202 22 240 58 133 210 51 291 45 131 
64 152 69 83 66 0 86 0 27 0 17 128 28 34 27 0 104 0 17 0 0 75 0 22 0 
0 0 34 0 58 36 47 80 44 114 57 75 90 55 123 0 0 36 0 64 0 0 49 0 59 
0 0 16 0 188 0 0 16 0 181 0 0 29 0 168 0 0 26 0 181 0 0 23 0 188 
0 0 0 50 0 0 0 0 59 0 54 59 45 140 45 0 0 0 59 0 85 78 82 158 86 
113 0 0 114 0 130 0 0 135 0 109 0 0 103 0 101 0 0 133 0 109 0 0 124 0 
3 51 77 71 0 103 199 192 168 125 180 228 253 237 154 2 52 92 93 3 60 90 110 119 60 
119 150 138 118 251 0 0 0 0 85 0 0 0 0 81 25 28 30 27 130 0 0 0 0 100 
135 244 142 127 147 0 124 0 0 0 84 203 93 94 84 3 111 1 0 1 100 210 94 86 100 
143 132 81 82 83 79 46 0 0 0 88 50 4 4 9 68 51 0 0 0 75 61 0 0 0 
0 105 0 0 0 30 142 44 51 53 0 109 0 0 0 59 167 69 69 57 0 102 0 0 0 
0 0 0 0 0 0 0 0 0 0 0 0 0 0 0 0 0 0 0 0 444 416 452 432 394 
0 0 37 0 0 73 79 92 75 87 0 0 31 0 0 77 74 85 58 78 19 25 59 22 26 
8 15 16 15 51 0 0 0 0 36 80 77 71 68 99 0 0 0 0 33 68 97 77 76 104 
0 0 0 127 0 0 0 0 111 0 0 0 0 135 0 0 0 0 139 0 72 71 76 190 79 
0 75 0 31 81 2 72 0 43 82 0 62 0 37 99 0 64 0 29 78 21 87 29 64 116 
0 112 0 0 0 0 108 0 0 0 0 106 0 0 0 0 96 0 0 0 97 185 99 105 92 
0 0 0 50 0 78 72 76 74 81 62 14 48 58 44 0 0 0 24 0 99 104 104 139 104 
0 0 117 55 0 43 44 155 103 49 0 0 101 38 0 0 0 89 37 0 0 0 126 33 0 
5 34 0 0 0 0 65 17 0 18 0 41 0 0 19 4 35 0 0 2 0 33 9 0 13 
59 0 0 0 0 126 62 61 76 69 99 20 18 20 15 130 46 45 52 41 58 0 0 0 0 
83 35 33 111 37 39 0 0 91 0 48 0 0 85 0 83 34 30 120 32 55 0 0 83 0 
0 0 63 43 0 0 0 55 43 0 101 99 149 132 97 0 0 62 47 0 0 0 67 42 0 
32 0 0 81 111 99 65 77 126 198 32 1 10 84 123 62 21 32 95 121 32 35 49 94 115 
4 7 54 113 7 0 0 55 76 0 56 31 120 131 55 30 43 76 120 45 0 0 53 84 0 
77 11 61 53 15 56 3 40 48 25 157 93 144 143 112 95 31 61 61 27 62 0 55 53 2 
42 0 62 0 66 39 0 61 0 58 31 0 74 0 81 93 58 108 69 118 33 0 60 0 61 
90 29 182 77 50 66 12 156 78 36 40 0 130 13 5 171 76 242 135 105 116 34 208 99 66 
14 118 183 52 158 166 240 334 156 308 34 126 215 56 203 0 66 177 13 149 94 178 261 115 248 
19 20 22 56 48 43 37 34 76 71 0 0 0 31 28 0 0 0 22 17 75 89 90 123 100 
20 33 0 103 1 33 52 0 122 0 96 86 44 143 57 28 42 0 119 0 48 42 0 97 0 
0 0 53 0 0 164 152 215 153 178 0 0 69 0 0 0 0 71 0 0 0 0 68 0 0 
58 109 61 87 48 16 29 0 32 0 72 108 73 116 51 16 62 10 58 8 86 74 80 117 39 
11 7 0 0 65 12 2 0 0 52 57 58 44 36 113 23 20 14 11 66 82 105 80 77 112 
58 6 9 3 20 84 55 60 63 60 94 72 78 87 81 38 0 3 0 8 34 10 14 7 21 
23 104 80 21 33 0 105 76 8 9 0 70 48 0 23 0 86 55 6 12 53 135 122 51 98 
145 185 89 90 99 69 58 40 20 19 39 51 15 0 0 40 47 14 0 0 32 43 15 0 0 
95 0 0 38 0 83 0 0 24 0 98 0 0 25 0 100 0 0 0 0 122 15 22 53 29 
77 86 17 26 26 57 44 0 0 1 56 81 18 10 18 72 78 40 50 66 87 81 51 37 51 
38 76 41 71 28 0 62 9 42 15 0 51 11 46 18 0 42 12 31 12 38 103 63 97 77 
0 0 56 27 11 0 0 45 35 3 0 0 44 40 6 43 53 122 94 61 54 50 100 93 63 
29 38 26 22 31 0 0 0 0 0 71 59 57 62 55 0 0 0 0 0 120 107 99 114 110 
47 35 40 37 41 0 0 15 0 0 0 0 20 0 0 47 43 86 58 51 142 109 150 150 127 
37 41 95 45 54 0 5 52 0 16 56 41 120 43 48 0 0 45 0 0 0 2 51 10 0 
0 0 180 31 0 0 0 140 22 0 19 20 155 36 18 0 0 166 22 0 0 0 162 22 0 
39 110 0 0 0 93 154 64 46 51 98 181 42 28 18 96 184 67 61 69 32 101 0 0 0 
84 0 83 86 92 151 67 183 167 176 172 90 180 202 222 157 52 108 137 165 99 2 97 134 125 
103 158 85 67 71 14 70 1 0 0 87 156 69 65 61 45 91 35 16 19 29 66 0 0 0 
0 116 108 162 0 0 124 118 163 0 0 108 120 164 1 0 117 116 152 0 0 126 118 165 0 
13 0 0 131 0 9 0 0 95 0 91 65 87 187 84 11 0 0 99 0 20 1 1 105 1 
50 69 37 36 56 0 53 0 0 21 51 84 45 40 57 7 37 0 0 32 0 64 0 0 20 
147 151 26 77 95 200 211 63 107 175 155 174 59 94 132 87 97 1 24 62 221 229 102 134 165 
82 212 176 118 115 9 51 85 15 3 38 90 121 49 32 24 81 81 12 23 0 66 62 0 0 
8 28 12 0 64 2 29 19 0 105 1 22 10 6 50 60 86 80 49 151 31 40 43 28 94 
619 446 469 348 427 426 235 278 213 214 443 294 297 174 261 352 160 163 72 147 508 354 392 329 340 
81 65 3 3 0 164 153 74 75 79 73 79 0 0 0 99 90 25 13 21 69 57 0 0 0 
132 279 130 120 129 248 378 165 263 201 125 264 102 144 78 34 177 0 23 0 69 189 38 47 17 
8 0 2 57 0 0 0 0 34 0 44 43 38 59 25 62 53 40 87 61 14 0 0 33 0 
0 0 0 0 60 0 0 0 0 75 0 0 0 0 83 0 0 0 0 79 167 203 173 191 259 
82 0 33 0 10 148 15 60 36 41 135 57 92 52 52 159 93 129 83 78 142 33 42 16 33 
150 0 0 54 0 158 0 0 56 0 144 0 0 40 0 169 0 0 46 0 152 0 0 42 0 
180 130 163 232 113 50 0 87 126 5 100 47 129 184 74 57 4 94 112 29 54 0 76 83 2 
0 0 58 60 0 82 52 106 120 69 0 0 42 40 0 67 60 110 93 64 56 49 91 86 30 
63 101 77 166 151 0 6 4 93 55 0 15 7 65 64 0 16 8 83 47 31 39 26 92 59 
128 101 61 87 27 191 161 138 134 112 108 73 50 51 8 246 155 168 137 125 162 148 141 94 73 
95 17 86 0 0 103 11 98 0 0 115 10 94 0 0 120 8 92 0 0 110 14 99 0 0 
67 144 61 65 65 0 58 0 0 0 6 89 3 5 4 0 68 0 0 0 90 173 71 83 71 
0 0 0 18 0 0 0 0 21 0 0 0 0 20 0 0 0 0 18 0 172 182 213 217 214 
39 0 0 33 39 109 79 77 103 104 44 0 0 35 39 39 0 0 23 42 42 0 0 27 34 
54 5 54 113 84 24 6 33 103 81 66 26 52 133 110 29 1 40 81 88 126 82 117 188 203 
0 69 55 0 67 0 71 63 0 71 0 79 53 0 55 0 66 64 0 69 0 84 67 0 66 
0 0 0 143 36 0 0 0 167 30 27 32 17 165 53 0 0 0 152 35 0 0 0 146 39 
58 27 69 45 39 78 60 103 61 57 27 20 41 20 11 60 45 126 79 54 8 0 37 4 0 
71 0 0 0 48 60 0 0 0 46 78 0 0 0 53 62 0 0 0 44 161 83 72 84 138 
0 0 169 0 33 0 0 201 0 27 0 0 180 0 23 0 0 167 0 22 0 0 164 0 28 
48 96 7 119 58 53 135 0 125 104 33 80 0 114 45 194 242 127 239 162 78 170 78 170 130 
92 0 0 0 0 117 0 0 0 0 122 0 0 0 0 102 0 0 0 0 206 88 85 89 99 
0 0 0 39 0 75 65 51 96 55 0 0 0 21 0 45 48 64 92 49 44 51 44 98 40 
0 0 0 1221 0 0 0 0 1226 0 0 0 0 1245 0 0 2 2 1339 2 0 0 0 1256 0 
0 0 1460 0 0 0 0 1486 0 0 0 0 1382 0 0 0 0 1503 0 0 0 0 1463 0 0 
