867 828 690 712 834 1046 1196 1081 1014 1083 623 698 575 629 762 1043 960 884 938 1009 620 541 490 468 630 
216 157 222 196 184 0 2 0 0 0 132 117 141 120 130 0 0 0 0 0 0 0 0 0 0 
149 74 54 264 248 89 0 0 172 164 182 66 29 261 273 90 0 0 135 143 93 1 0 154 172 
138 0 108 159 166 219 48 226 210 236 320 145 290 357 337 231 43 179 218 259 147 0 131 208 164 
212 54 149 199 73 154 8 88 115 0 145 35 124 141 18 134 5 64 134 0 307 227 306 340 183 
122 8 23 0 101 92 4 16 0 111 209 99 114 89 188 164 76 103 57 161 234 115 141 110 258 
0 0 0 0 0 0 0 0 0 0 1011 1018 967 990 1031 0 0 0 0 0 0 0 0 0 0 
0 0 0 235 0 0 0 3 233 1 102 96 88 330 113 99 92 86 354 111 0 0 0 211 0 
15 8 14 188 4 0 0 0 191 0 37 48 38 192 28 0 0 0 177 0 6 8 4 193 4 
0 0 0 0 0 0 0 0 0 0 0 0 0 0 0 61 64 67 62 89 190 176 163 203 171 
92 97 71 59 208 0 16 0 0 128 0 3 0 0 104 4 5 0 0 123 110 90 102 90 193 
144 145 154 154 162 0 0 0 0 0 0 0 0 0 0 0 0 0 0 0 79 82 65 64 84 
0 0 0 0 0 0 0 0 0 0 0 0 0 0 0 424 425 413 402 409 190 177 178 186 202 
0 210 0 0 92 0 186 0 0 102 134 349 156 137 222 0 193 0 0 101 0 223 0 0 82 
837 0 0 0 0 832 0 0 0 0 821 0 0 0 0 851 0 0 0 0 867 0 0 0 0 
38 6 184 114 126 46 6 147 151 162 99 102 255 207 194 170 174 336 290 275 111 93 238 217 253 
63 99 65 115 55 48 67 50 88 61 0 33 0 39 0 36 77 40 73 35 0 35 0 35 0 
27 7 12 6 18 124 96 103 97 110 29 0 0 0 16 27 0 0 0 22 130 109 85 100 133 
0 0 178 0 0 0 0 170 0 0 0 0 180 0 0 201 180 316 155 160 0 0 184 0 0 
0 89 52 60 0 0 108 53 66 0 51 127 118 133 53 1 97 72 62 0 0 105 71 54 0 
0 1 2 2 141 147 129 131 150 256 150 135 121 137 234 3 9 0 2 134 85 97 111 101 205 
0 0 0 0 0 0 0 0 0 0 0 0 0 0 0 1019 1068 1087 1065 983 0 0 0 0 0 
0 18 51 133 0 0 16 52 114 0 0 18 46 141 0 0 17 49 139 0 0 15 50 139 0 
67 50 0 0 0 90 72 15 13 13 130 84 34 35 28 94 64 0 0 0 101 92 26 24 29 
83 148 89 183 188 9 59 29 79 79 12 47 33 89 101 0 56 0 62 72 0 44 0 69 86 
113 142 132 89 5 113 140 197 111 0 333 339 390 351 227 140 154 171 110 0 287 262 347 259 143 
81 26 26 109 23 70 0 0 118 0 223 156 138 230 136 68 0 0 104 0 112 42 48 175 45 
99 74 38 40 28 119 82 41 50 27 47 43 13 0 0 73 63 16 11 12 70 44 9 0 0 
0 0 171 75 0 0 0 194 68 0 0 0 239 60 0 0 0 205 60 0 0 0 179 54 0 
121 160 169 116 101 0 49 72 0 0 1 52 64 0 0 44 67 97 33 36 0 44 102 0 1 
66 53 72 69 69 102 127 105 116 113 24 42 44 38 37 0 0 0 0 0 0 0 0 0 0 
0 0 0 166 0 0 0 0 174 0 232 234 221 412 242 0 0 0 171 0 0 0 0 157 0 
0 0 0 0 0 195 170 214 175 180 0 0 0 0 0 0 0 0 0 0 88 87 93 98 102 
129 0 22 82 58 147 41 58 134 102 233 105 99 179 169 89 0 0 70 48 219 97 101 184 140 
0 83 0 0 0 0 74 0 0 0 0 65 0 0 0 114 152 83 121 87 54 132 47 46 49 
0 0 98 0 0 94 92 195 115 112 0 0 101 0 0 4 10 107 2 8 14 13 89 9 16 
275 241 210 278 108 125 113 79 112 0 96 106 65 102 0 279 270 189 301 119 132 127 75 152 0 
0 0 0 0 0 37 44 39 21 25 0 0 0 0 0 71 74 86 75 115 114 118 109 111 140 
0 231 0 207 0 0 186 0 198 0 7 206 7 205 6 0 191 0 193 0 0 202 0 205 0 
0 45 0 126 0 0 52 0 143 0 0 49 0 147 0 60 142 66 213 75 0 61 0 128 0 
0 0 0 0 74 84 75 84 59 144 92 81 79 84 134 0 0 0 0 79 0 0 0 0 79 
75 255 313 31 206 36 187 248 12 142 95 269 324 67 221 100 282 314 119 245 228 350 390 168 285 
0 49 38 0 84 22 69 51 13 96 31 96 94 45 84 0 69 28 0 71 0 70 30 0 71 
144 116 140 168 151 19 0 0 45 0 13 0 0 56 0 19 0 0 51 0 115 90 92 148 106 
95 0 70 0 0 86 0 82 0 0 152 61 136 63 66 137 24 90 14 16 92 0 97 0 0 
0 17 80 0 96 0 12 68 0 107 0 16 74 0 106 0 14 91 0 133 0 13 69 0 101 
18 62 150 86 28 58 78 166 120 60 0 34 118 40 0 48 73 160 114 44 0 29 105 63 0 
0 73 0 0 0 0 83 0 0 0 133 246 124 143 130 0 106 0 0 0 13 89 17 26 26 
0 0 0 81 0 67 69 58 139 92 1 0 0 80 0 0 0 0 86 0 79 69 65 167 71 
62 0 101 51 0 58 0 125 55 0 67 0 102 56 0 54 0 125 63 0 45 0 119 50 0 
77 46 0 29 0 103 73 16 47 24 92 86 0 25 0 110 53 0 41 0 87 58 0 33 0 
0 0 0 0 24 191 179 190 194 206 0 0 0 0 32 0 0 0 0 30 0 0 0 0 33 
108 60 72 135 90 79 44 62 122 86 23 0 0 70 13 38 0 0 62 15 44 14 10 73 30 
32 62 8 6 11 17 53 0 0 0 23 82 0 0 0 143 175 133 130 122 32 83 0 0 0 
0 0 0 21 0 186 170 197 198 164 0 0 0 23 0 0 0 0 22 0 0 0 0 18 0 
71 79 133 138 89 0 0 52 62 0 0 0 74 60 0 0 0 67 53 0 0 0 59 62 0 
60 56 58 46 65 41 0 0 0 11 74 61 47 48 72 28 0 0 0 21 88 46 37 49 57 
0 0 21 0 69 8 6 34 12 89 0 0 33 0 68 10 5 42 7 95 80 73 110 63 152 
55 105 137 63 70 28 79 95 26 26 0 32 70 0 0 0 37 71 0 0 0 39 66 0 0 
0 0 111 0 0 0 0 94 0 0 79 120 211 116 108 0 0 89 0 0 0 0 104 0 0 
117 133 46 74 158 48 51 0 0 94 53 64 0 0 75 52 46 0 0 80 73 51 0 0 101 
0 51 0 24 39 60 130 58 83 100 0 61 0 29 39 0 57 0 40 43 26 67 22 54 63 
9 6 99 4 12 0 0 86 0 0 0 0 82 0 0 36 39 120 27 28 74 78 147 57 84 
0 0 0 51 75 88 81 63 117 163 0 0 0 49 72 0 0 0 36 84 0 0 0 47 73 
114 195 95 87 104 22 130 0 0 0 30 137 8 10 13 24 85 0 0 0 24 91 0 0 0 
67 37 95 36 93 20 0 38 2 60 16 0 44 0 72 17 0 54 0 59 0 0 34 0 61 
38 0 8 0 1 50 0 0 0 0 54 47 26 42 59 58 4 0 8 0 151 102 83 133 115 
47 33 117 48 48 10 0 81 0 0 6 0 76 0 0 3 0 70 0 0 44 37 113 28 27 
0 62 66 0 0 2 66 35 0 0 21 104 68 21 21 32 109 57 40 42 0 62 46 0 0 
18 0 78 0 34 55 42 108 39 68 13 0 74 0 8 18 0 83 0 8 24 0 89 0 15 
0 2138 0 0 0 0 2182 0 0 0 0 2066 0 0 0 0 2122 0 0 0 0 2074 0 0 0 
18 72 81 11 0 60 152 142 65 45 0 99 81 3 0 20 126 108 54 40 0 78 67 0 0 
66 115 109 0 0 58 138 136 0 0 88 141 128 0 0 84 142 131 0 0 72 138 146 0 0 
0 92 0 125 0 75 156 72 196 90 84 160 33 152 58 0 85 0 133 0 0 91 0 107 0 
0 0 0 0 0 1292 1236 1239 1198 1272 0 0 0 0 0 0 0 0 0 0 0 0 0 0 0 
0 0 79 125 0 0 0 75 106 0 0 0 81 127 0 0 0 80 125 0 0 0 72 128 0 
139 49 54 97 45 148 54 52 125 68 96 0 0 38 0 79 0 0 34 0 84 0 0 43 0 
0 133 0 0 84 0 148 0 0 77 0 164 0 0 86 0 143 0 0 73 0 152 0 0 97 
107 211 115 164 67 76 146 14 88 0 236 365 215 284 119 114 219 80 169 36 144 266 205 205 97 
87 73 270 294 83 0 0 192 208 0 108 100 278 296 90 0 0 170 189 6 17 8 204 195 35 
144 117 107 146 248 7 17 1 19 161 15 21 7 7 169 208 225 165 188 364 203 228 226 217 370 
0 66 0 0 0 0 56 0 0 0 0 67 0 0 0 7 71 4 10 4 177 209 174 156 167 
57 31 44 11 53 49 15 29 0 45 53 13 36 0 35 94 13 29 0 49 138 121 104 107 141 
202 69 0 103 0 209 63 0 105 0 210 45 0 109 0 187 57 0 103 0 191 50 0 110 0 
0 0 1452 0 0 0 0 1473 0 0 0 0 1370 0 0 0 0 1486 0 0 0 0 1455 0 0 
78 2 6 48 28 119 61 54 97 77 98 61 64 77 76 60 24 18 65 30 56 0 0 26 12 
112 129 126 87 184 0 0 8 1 46 55 75 69 61 113 0 0 16 0 57 0 0 10 0 63 
35 77 0 109 0 117 158 87 201 77 112 117 87 202 88 43 71 0 104 0 31 63 0 104 0 
62 71 61 66 103 65 64 52 48 83 0 19 0 0 37 0 18 0 0 25 44 62 45 40 72 
0 79 0 0 0 36 140 36 43 38 35 140 35 33 32 26 120 26 27 31 45 132 45 35 49 
33 11 41 34 0 96 69 109 110 54 43 21 46 37 0 47 9 44 35 0 41 20 37 39 0 
158 0 0 0 0 130 0 0 0 0 222 87 105 113 112 129 0 0 0 0 139 0 0 0 0 
0 0 0 0 821 0 0 0 0 781 0 0 0 0 829 0 0 0 0 824 0 0 0 0 767 
152 102 2 176 57 130 122 4 182 69 182 171 43 239 109 121 119 5 177 86 156 158 8 222 80 
128 0 0 0 0 252 94 89 78 75 150 0 0 0 0 147 0 0 0 0 144 0 0 0 0 
0 0 0 0 0 80 55 75 68 70 0 0 0 0 0 154 130 146 152 152 0 0 0 0 0 
0 22 0 143 0 33 54 45 186 32 0 19 0 132 0 0 16 0 136 0 0 19 0 158 0 
131 50 86 84 158 84 0 76 22 41 75 0 90 60 72 178 101 167 93 141 67 0 42 39 51 
43 48 55 128 106 26 22 31 81 74 0 0 0 77 55 0 0 0 48 50 7 10 9 73 53 
0 12 68 0 0 90 129 203 103 101 0 12 77 0 0 74 95 202 62 73 0 7 76 0 0 
195 8 189 0 0 196 2 167 0 0 199 6 182 4 1 171 0 179 0 0 202 20 175 10 10 
367 132 379 179 257 388 176 418 232 234 364 134 395 222 262 248 19 222 114 152 253 72 273 80 149 
65 152 69 83 66 0 86 0 27 0 17 128 28 33 27 0 105 0 17 0 0 75 0 22 0 
0 0 32 0 58 34 44 78 44 112 55 74 89 53 121 0 0 33 0 60 0 0 49 0 57 
0 0 21 0 225 0 0 16 0 206 0 0 39 0 200 0 0 28 0 205 0 0 24 0 211 
0 0 0 50 0 0 0 0 59 0 54 59 45 140 45 0 0 0 59 0 85 78 82 158 86 
109 0 0 120 0 137 0 0 152 0 138 0 0 115 0 129 0 0 134 0 123 0 0 131 0 
5 40 75 62 0 71 150 163 149 88 148 208 231 219 150 4 54 83 91 0 51 78 109 101 43 
115 134 120 108 227 0 0 0 0 79 0 0 0 0 77 25 25 32 23 109 0 0 0 0 78 
116 207 123 117 119 0 111 0 0 0 74 179 81 82 77 2 101 0 0 2 57 160 57 43 69 
158 149 90 94 89 93 56 0 0 0 103 58 4 5 10 74 59 0 0 0 85 69 0 0 0 
0 125 0 0 0 40 167 54 56 63 0 137 0 0 0 64 201 83 91 67 0 121 0 0 0 
0 0 0 0 0 0 0 0 0 0 0 0 0 0 0 0 0 0 0 0 443 403 444 428 397 
0 0 37 0 0 73 79 92 75 87 0 0 31 0 0 77 75 85 59 78 19 25 59 22 26 
8 13 15 14 52 0 0 0 0 36 80 78 71 69 99 0 0 0 0 33 65 97 76 76 104 
0 0 0 133 0 0 0 0 117 0 0 0 0 145 0 0 0 0 149 0 73 77 81 203 79 
1 68 0 34 71 2 64 0 39 76 1 56 0 35 91 2 60 0 32 73 19 78 25 56 113 
0 112 0 0 0 0 108 0 0 0 0 106 0 0 0 0 96 0 0 0 97 185 99 105 92 
0 25 0 0 2 77 92 80 66 73 78 66 76 72 74 0 9 0 12 0 122 147 123 131 116 
0 0 117 55 0 43 44 155 106 50 0 0 102 39 0 0 0 89 38 0 0 0 126 35 0 
59 0 0 0 0 126 62 61 76 69 100 20 18 20 15 132 47 46 51 41 58 0 0 0 0 
83 35 33 111 37 39 0 0 91 0 48 0 0 85 0 83 35 30 120 32 55 0 0 83 0 
0 0 16 24 0 0 0 0 26 0 101 99 76 123 97 0 0 0 29 0 0 0 12 29 0 
30 0 0 94 135 108 78 92 147 227 25 0 5 89 128 61 29 37 100 145 29 39 47 100 130 
3 7 50 110 7 0 0 51 73 0 50 30 109 127 53 31 43 75 118 38 0 0 48 78 0 
58 5 54 56 11 53 6 54 47 22 132 81 123 117 87 79 25 47 63 18 54 0 52 65 0 
51 0 67 0 66 47 0 72 0 63 38 0 77 0 91 108 59 119 69 131 38 0 66 0 66 
89 16 192 95 50 73 8 180 85 32 71 0 147 30 4 197 91 273 148 131 113 24 219 91 69 
6 84 172 32 116 145 192 281 132 271 37 131 187 37 170 0 34 174 2 123 89 162 243 109 225 
20 22 22 63 50 41 39 34 78 73 0 0 0 34 29 0 0 0 23 17 76 92 89 127 103 
24 37 0 107 0 45 58 0 127 0 100 92 51 158 70 38 50 0 126 0 52 36 0 100 0 
0 0 54 0 0 163 148 225 151 178 0 0 70 0 0 0 0 77 0 0 0 0 76 0 0 
14 5 0 0 88 24 2 0 0 100 88 88 70 71 168 24 24 20 14 92 121 159 143 137 195 
80 12 18 8 34 131 81 86 82 96 153 99 116 112 118 72 0 9 0 24 49 17 20 7 37 
17 92 64 15 28 0 81 62 4 6 0 66 39 0 18 0 73 47 5 11 42 117 93 38 76 
150 201 98 104 99 79 71 46 23 25 40 51 16 0 0 43 52 16 0 0 32 47 13 0 0 
78 92 16 22 20 57 56 0 0 0 64 75 20 2 15 70 83 45 45 50 92 94 49 33 43 
37 76 42 70 29 0 62 11 42 15 1 51 10 46 19 0 43 13 31 12 38 103 64 96 78 
0 0 64 31 12 0 0 48 38 0 0 0 50 42 6 47 64 140 104 70 56 53 109 96 70 
30 38 28 22 36 0 0 0 0 0 77 65 64 70 59 0 0 0 0 0 133 114 111 116 121 
38 29 33 30 38 0 0 13 0 0 0 0 18 0 0 45 39 74 51 42 108 86 120 119 106 
35 42 107 52 51 1 8 59 10 9 57 49 127 53 51 0 0 48 0 0 0 0 52 17 0 
0 0 180 29 0 0 0 141 22 0 18 19 155 34 18 0 0 166 19 0 0 0 162 20 0 
47 77 0 0 0 76 109 44 35 33 78 123 18 14 10 89 140 40 41 43 44 79 0 0 0 
93 139 76 59 69 13 51 2 0 0 84 137 66 52 57 37 75 29 19 17 23 60 0 0 0 
0 122 112 169 0 0 132 125 170 0 0 113 123 171 1 0 122 120 163 0 0 132 129 173 3 
21 0 0 227 0 13 0 0 161 0 151 123 152 295 136 19 0 0 182 0 35 0 0 161 0 
147 180 47 88 126 219 279 91 112 207 165 199 84 103 140 113 109 3 29 86 263 333 146 168 220 
96 262 171 118 137 12 69 108 20 5 31 117 139 37 35 35 139 99 18 38 0 94 80 0 0 
15 25 19 14 68 21 33 28 9 116 9 22 20 9 63 69 83 77 55 153 32 38 38 30 97 
683 528 554 397 492 487 278 302 214 284 469 306 303 197 299 382 206 212 66 184 552 390 402 358 378 
103 78 0 3 0 217 197 92 86 93 82 115 0 0 0 116 113 25 18 18 79 67 0 0 0 
162 324 136 118 124 232 365 145 223 166 100 263 56 113 47 29 186 3 26 0 86 222 66 89 38 
0 0 0 0 54 0 0 0 0 57 0 0 0 0 74 0 0 0 0 61 149 169 153 167 203 
62 3 35 0 19 127 9 52 30 31 143 54 101 51 55 143 78 119 65 99 142 23 55 20 27 
150 0 0 54 0 156 0 0 55 0 140 0 0 40 0 167 0 0 46 0 149 0 0 41 0 
127 101 155 244 105 31 2 71 123 0 63 37 109 177 60 34 4 80 99 31 43 0 69 96 0 
74 125 100 208 158 0 8 2 103 51 0 12 4 68 57 0 10 9 110 66 27 38 39 110 63 
123 127 88 68 9 189 180 177 143 119 102 94 75 59 13 257 228 216 160 138 175 157 126 61 80 
61 134 52 61 55 0 60 0 0 0 6 84 4 5 3 0 68 0 0 0 87 156 64 81 66 
0 0 0 16 0 0 0 0 20 1 0 0 0 19 0 0 0 0 21 0 183 191 220 235 221 
12 5 0 0 29 86 86 76 57 95 0 0 0 0 30 0 0 0 0 33 14 0 0 0 27 
68 0 50 110 109 16 5 40 106 84 81 23 60 131 110 23 0 37 92 83 158 81 127 209 214 
0 101 81 0 96 0 105 87 0 104 0 120 64 0 80 0 94 104 0 106 0 127 79 0 102 
69 23 82 46 41 87 55 122 80 70 21 25 57 30 15 66 64 124 108 67 9 0 48 0 0 
78 0 0 0 53 68 0 0 0 49 89 0 0 0 60 73 0 0 0 52 183 89 78 100 154 
89 150 27 138 108 75 163 11 121 133 56 119 3 127 79 226 298 178 287 240 113 230 104 181 167 
90 106 106 86 77 14 40 41 12 8 0 15 54 0 0 74 80 106 58 51 21 31 60 19 16 
0 0 0 140 35 0 0 0 161 28 27 29 16 158 51 0 0 0 149 33 0 0 0 139 40 
0 0 0 155 13 173 154 141 373 201 0 0 0 178 13 143 146 143 296 132 0 0 0 149 8 
48 148 180 212 70 25 96 127 176 26 80 141 164 196 78 57 210 193 257 96 102 154 190 248 108 
0 0 0 1277 0 1 3 0 1288 1 0 0 0 1301 0 0 2 1 1349 2 0 0 0 1313 0 
179 0 0 0 0 178 13 18 17 19 156 0 0 0 0 178 0 0 0 0 146 0 0 0 0 
92 0 0 0 0 117 0 0 0 0 122 0 0 0 0 102 0 0 0 0 206 88 85 88 99 
175 27 74 30 31 163 1 17 1 0 301 66 109 77 74 278 156 241 180 159 201 69 75 52 51 
0 24 0 0 1 0 35 0 0 0 0 0 0 0 0 9 40 10 40 42 0 0 0 0 0 
71 94 162 131 108 0 0 45 0 0 0 0 77 0 0 0 0 55 0 0 244 238 291 260 244 
0 15 0 62 206 115 128 120 203 340 0 19 0 80 244 0 6 1 74 242 114 136 111 174 296 
8 40 78 8 235 4 8 65 8 184 116 105 165 107 283 147 151 219 174 340 2 12 67 0 178 
160 285 325 245 108 167 287 333 234 100 188 272 350 259 176 51 208 247 131 17 80 234 265 165 56 
108 0 0 7 0 97 0 0 0 0 111 0 0 0 0 112 0 0 0 0 139 17 26 32 33 
0 0 206 0 36 0 0 227 0 31 0 0 213 0 25 0 0 197 0 23 0 0 187 0 33 
0 0 47 60 0 76 55 99 98 60 0 0 40 39 0 62 53 107 84 50 42 30 90 89 29 
51 74 43 48 65 0 42 0 0 22 42 68 39 35 62 0 30 0 0 28 0 53 0 0 27 
617 620 646 691 627 0 0 0 0 0 0 0 0 0 0 0 0 0 0 0 0 0 0 0 0 
55 0 0 0 0 62 0 0 0 0 64 0 0 0 0 202 133 145 146 141 52 0 0 0 0 
0 0 0 36 0 75 61 45 102 55 0 0 0 25 0 47 47 61 93 50 42 48 43 97 40 
2 0 0 0 0 2 0 0 0 0 0 13 0 0 0 18 0 0 0 3 0 0 0 0 0 
