718 738 595 627 633 1088 1103 1035 970 1004 653 674 542 604 658 1035 945 937 885 1003 629 511 442 362 533 
213 186 229 227 191 0 1 0 0 0 138 125 156 128 141 0 0 0 0 0 0 0 0 0 0 
109 60 31 163 180 68 0 0 137 121 147 50 23 212 234 59 0 0 96 120 60 0 0 101 105 
182 0 131 192 179 243 51 219 263 243 320 142 303 330 373 271 54 180 220 244 164 0 121 203 175 
118 22 75 127 22 125 11 73 100 0 120 24 71 91 19 114 2 49 112 0 271 170 231 297 155 
114 9 17 0 102 97 4 20 1 114 195 102 116 87 194 177 83 105 73 164 233 115 122 110 244 
0 0 0 0 0 0 0 0 0 0 1022 1029 983 998 1040 0 0 0 0 0 0 0 0 0 0 
0 0 0 241 0 0 0 3 235 0 109 105 92 356 114 103 101 82 375 116 0 0 0 234 0 
14 11 14 197 6 0 0 0 194 0 36 45 40 192 33 0 0 0 167 0 3 6 3 192 3 
0 0 0 0 0 0 0 0 0 0 0 0 0 0 0 75 70 80 80 97 221 231 217 231 208 
93 106 72 77 225 0 9 0 0 136 0 4 0 0 126 0 4 0 0 135 101 93 112 95 219 
151 160 159 163 154 0 0 0 0 0 0 0 0 0 0 0 0 0 0 0 83 82 71 68 87 
0 0 0 0 0 0 0 0 0 0 0 0 0 0 0 431 432 414 407 410 180 157 158 176 191 
0 212 0 0 96 0 199 0 0 105 141 363 161 148 232 0 208 0 0 102 0 233 0 0 83 
834 0 0 0 0 831 0 0 0 0 828 0 0 0 0 860 0 0 0 0 872 0 0 0 0 
32 0 209 177 205 69 20 227 183 242 135 108 310 281 311 199 190 393 390 349 129 90 287 255 329 
99 165 107 190 101 85 113 75 132 88 0 55 1 51 0 62 123 71 133 64 0 51 1 54 0 
28 11 15 5 24 134 99 104 106 127 32 0 0 0 17 19 0 0 0 18 128 123 93 116 152 
0 0 158 0 0 1 0 149 0 0 0 0 165 0 0 191 153 307 156 172 0 0 163 0 0 
0 86 51 55 0 0 96 55 60 0 43 116 114 123 50 0 94 73 56 0 0 103 79 51 0 
0 1 0 4 132 145 107 117 132 251 124 113 106 106 197 0 1 0 0 114 68 89 88 81 186 
0 0 0 0 0 0 0 0 0 0 0 0 0 0 0 1019 1068 1091 1058 987 0 0 0 0 1 
0 19 54 135 0 0 17 54 119 0 0 19 46 152 0 0 17 54 149 0 0 15 52 144 0 
85 130 88 167 164 10 45 24 63 72 14 49 32 77 83 0 51 0 49 67 0 36 0 61 80 
136 127 148 94 4 117 145 189 79 2 308 297 354 320 191 118 138 151 78 0 287 227 343 237 152 
76 19 18 110 14 76 0 0 123 0 236 172 155 243 141 75 0 4 106 1 115 46 49 190 37 
129 89 54 47 32 151 105 53 52 41 69 67 17 0 0 96 77 15 12 14 84 52 10 0 0 
0 0 183 77 0 0 0 206 86 0 0 0 261 77 0 0 0 223 57 0 0 0 196 57 0 
107 151 146 108 94 0 47 62 0 0 0 45 58 0 0 36 71 98 33 30 0 33 81 0 0 
68 54 71 71 61 102 130 112 127 112 22 44 40 36 36 0 0 0 0 0 0 0 0 0 0 
0 0 0 182 0 0 0 0 183 0 241 246 237 438 255 0 0 0 176 0 0 0 0 163 0 
0 0 0 0 0 160 149 185 150 154 0 0 0 0 0 0 0 0 0 0 77 60 72 65 80 
131 0 4 61 55 161 41 68 129 116 241 96 92 161 161 100 0 0 81 45 222 80 100 181 139 
0 90 0 0 0 0 93 0 0 0 0 66 0 0 0 114 157 86 127 84 50 139 47 54 53 
0 0 99 0 0 91 90 192 116 112 0 0 98 0 0 8 9 101 5 8 15 13 85 10 15 
281 222 203 297 124 128 97 76 125 0 86 97 60 94 0 289 237 175 291 140 148 112 76 146 0 
0 233 0 209 0 0 192 0 200 0 8 207 7 201 7 0 192 0 198 0 0 200 0 210 0 
0 46 0 118 0 0 51 0 131 0 0 49 0 142 0 61 138 73 207 66 0 57 0 137 0 
0 0 0 0 78 88 73 90 68 145 94 81 79 88 135 0 0 0 0 87 0 0 0 0 79 
74 260 329 48 216 37 192 272 9 151 76 272 329 53 225 81 301 320 97 254 199 327 401 155 303 
0 45 33 0 79 18 60 44 13 88 28 81 87 38 79 0 59 25 0 64 0 61 27 0 68 
136 95 113 123 131 15 0 0 38 0 12 0 0 40 0 17 0 0 47 0 98 69 61 108 88 
81 0 75 0 0 66 0 79 0 0 136 58 121 56 56 110 17 93 16 12 76 0 83 0 0 
0 18 81 0 96 0 12 69 0 107 0 16 74 0 106 0 14 91 0 133 0 12 69 0 101 
11 49 138 70 20 50 78 164 101 50 0 44 122 35 0 36 73 153 94 36 0 28 106 55 0 
0 67 0 0 0 0 85 0 0 0 126 246 124 148 132 0 102 0 0 0 14 92 21 25 29 
0 0 0 87 0 77 83 71 149 112 0 0 0 96 0 0 0 0 94 0 108 91 84 194 101 
51 0 102 49 0 59 0 113 55 0 61 0 98 51 0 46 0 106 57 0 44 0 104 47 0 
77 47 0 29 0 104 74 16 49 26 93 88 0 26 0 113 53 0 41 0 89 59 0 34 0 
0 0 0 0 41 250 245 254 255 279 0 1 0 0 54 0 0 0 0 53 0 0 0 0 51 
107 57 74 136 99 73 51 64 139 95 28 0 0 62 13 37 0 0 63 13 50 16 11 73 32 
29 60 8 7 10 20 54 0 0 0 23 75 0 0 0 135 164 132 125 119 27 74 0 0 0 
0 0 0 21 0 186 170 197 198 164 0 0 0 22 0 0 0 0 22 0 0 0 0 19 0 
71 79 133 138 89 0 0 52 63 0 0 0 74 60 0 0 0 67 53 0 0 0 59 62 0 
66 61 68 54 77 46 0 0 0 12 86 72 49 57 81 37 0 0 0 27 102 52 50 58 66 
0 0 25 0 68 9 5 36 12 90 0 0 34 0 70 9 7 43 8 95 80 75 114 64 153 
55 105 137 64 70 28 79 95 25 26 0 32 70 0 0 0 37 71 0 0 0 38 66 0 0 
0 0 124 0 0 0 0 100 0 0 80 123 228 122 113 0 0 94 0 0 0 0 119 0 0 
102 114 34 59 132 38 44 0 0 88 40 58 0 0 63 39 45 0 0 79 56 51 0 0 77 
0 49 0 23 36 59 115 56 79 94 0 58 0 27 38 0 52 0 38 40 26 64 22 53 63 
9 8 108 5 13 0 0 100 0 0 0 0 89 0 0 39 42 133 29 32 79 84 156 61 88 
0 0 0 51 75 88 81 63 117 162 0 0 0 49 73 0 0 0 36 84 0 0 0 46 73 
118 201 95 82 102 25 132 0 0 0 33 144 8 8 9 25 91 0 0 0 24 105 0 3 0 
71 35 101 43 98 19 0 43 8 57 19 0 46 0 74 20 0 57 0 55 8 0 41 0 58 
53 0 1 0 3 80 0 2 0 0 99 57 55 54 80 95 28 0 4 0 154 91 92 92 83 
46 34 118 48 46 10 0 81 0 0 0 0 77 0 0 1 0 70 0 8 50 30 108 33 26 
0 62 60 0 0 0 64 38 0 0 21 104 77 21 20 32 109 53 40 40 0 62 52 0 0 
23 0 82 0 40 60 42 113 37 72 20 0 72 0 14 24 2 79 0 31 28 0 88 0 16 
0 2109 0 0 0 0 2168 0 0 0 0 2046 0 0 0 0 2115 0 0 0 0 2054 0 0 0 
25 117 88 16 13 78 157 166 71 52 10 89 95 4 0 38 149 119 57 42 7 108 66 2 0 
77 141 109 0 0 68 167 153 0 1 91 171 158 0 0 111 170 164 0 0 92 170 174 0 0 
0 82 0 99 0 77 148 57 150 79 63 126 29 147 45 1 75 0 109 0 0 90 0 91 0 
0 0 0 0 0 1272 1238 1234 1200 1261 0 0 0 0 0 0 0 0 0 0 0 0 0 0 0 
0 0 81 126 0 0 0 75 107 0 0 0 81 129 0 0 0 83 126 0 0 0 74 129 0 
170 52 54 119 49 184 57 49 142 86 94 0 0 43 0 94 0 0 54 0 97 0 0 61 0 
0 121 0 0 82 0 144 0 0 82 0 154 0 0 86 0 132 0 0 70 0 135 0 0 92 
193 290 184 237 105 66 185 35 124 4 280 401 243 341 126 117 261 91 175 34 186 337 229 283 138 
101 98 287 297 96 0 0 196 187 8 101 105 268 288 97 0 0 158 172 5 3 24 191 194 21 
162 131 109 164 277 13 29 1 20 175 18 18 11 26 176 224 250 181 201 384 228 254 256 238 416 
0 69 0 0 0 0 53 0 0 0 0 70 0 0 0 7 68 3 7 4 182 216 171 150 168 
50 31 43 11 54 43 17 27 0 48 43 13 39 0 36 74 12 33 0 47 126 120 98 84 142 
217 64 0 108 0 214 69 0 113 0 219 53 0 110 0 205 67 0 110 0 197 59 0 116 0 
0 0 1434 0 0 0 0 1456 0 0 0 0 1346 0 0 0 0 1467 0 0 0 0 1438 0 0 
76 0 9 55 40 99 81 60 110 94 103 66 60 82 91 53 24 9 62 29 42 0 0 26 13 
111 112 138 83 185 0 0 8 0 48 59 73 71 61 114 0 0 25 0 53 0 0 9 0 60 
45 94 0 113 0 143 201 106 224 89 113 133 87 211 93 58 83 0 114 0 38 81 0 109 0 
62 74 64 72 115 73 72 59 60 86 0 22 0 0 39 0 18 0 0 28 45 68 47 42 77 
0 66 0 0 0 33 120 36 34 29 32 125 32 31 30 23 111 22 27 30 36 118 45 33 48 
33 10 38 33 0 103 68 112 112 63 43 20 47 36 0 47 9 44 35 0 41 18 35 37 0 
149 0 0 0 0 126 0 0 0 0 213 83 100 105 103 120 0 0 0 0 142 0 0 0 0 
0 0 0 0 818 0 0 0 0 775 0 0 0 0 826 0 0 0 0 818 0 0 0 0 762 
150 105 0 164 67 134 150 1 185 100 213 227 48 240 145 146 149 6 199 105 157 171 0 215 76 
138 0 0 0 0 261 104 90 85 74 163 0 0 0 0 156 0 0 0 0 148 0 0 0 0 
0 0 0 0 0 74 60 75 69 73 0 0 0 0 0 162 132 156 155 146 0 0 0 0 0 
0 22 0 156 0 39 63 51 201 35 0 19 0 141 0 0 16 0 144 0 0 20 0 168 0 
169 55 142 118 192 98 0 90 33 63 112 0 141 92 98 230 125 213 165 207 85 0 72 63 82 
56 54 63 160 139 31 28 34 90 92 0 0 0 88 77 0 0 0 52 61 1 1 2 81 56 
0 9 64 0 0 89 96 182 94 96 0 9 74 0 0 60 84 170 52 61 0 6 61 0 0 
200 12 190 0 0 200 0 170 0 0 198 4 185 3 0 169 1 171 0 0 206 21 179 10 10 
345 123 365 128 236 364 214 425 187 249 365 192 419 220 267 210 44 235 82 154 199 69 318 53 138 
67 173 82 91 69 0 87 0 29 0 20 138 33 39 27 0 113 0 17 0 0 82 0 23 0 
0 0 36 0 60 41 49 85 47 128 57 85 92 55 135 0 0 37 0 66 0 0 54 0 64 
0 0 18 0 212 0 0 19 0 195 0 0 32 0 182 0 0 28 0 199 0 0 25 0 204 
0 0 0 55 0 0 0 0 63 0 62 64 53 154 47 0 0 0 67 0 98 85 96 183 109 
103 0 0 114 0 124 0 0 131 0 120 0 0 110 0 111 0 0 130 0 107 0 0 133 0 
1 39 64 83 0 111 156 178 195 107 160 200 227 214 134 34 80 113 132 50 78 118 124 142 57 
105 132 127 117 251 0 0 0 0 82 0 0 0 0 77 25 22 28 20 116 0 0 0 0 84 
119 202 121 120 119 0 110 0 0 0 70 184 80 85 75 1 102 2 0 1 85 184 77 71 85 
154 138 81 87 81 79 45 0 0 0 90 52 6 5 9 74 54 0 0 0 74 62 0 0 0 
0 128 0 0 0 35 179 59 57 67 0 138 0 0 0 68 210 99 97 67 0 116 0 0 0 
0 0 0 0 0 0 0 0 0 0 0 0 0 0 0 0 0 0 0 0 455 423 471 431 415 
0 0 37 0 0 73 79 92 75 87 0 0 31 0 0 76 75 85 58 79 18 25 59 22 26 
7 17 20 18 57 0 0 0 0 42 88 97 78 80 111 0 0 0 0 39 75 106 89 93 119 
0 0 0 136 0 0 0 0 127 0 0 0 0 145 0 0 0 0 145 0 76 79 80 208 86 
1 74 0 35 79 3 70 0 40 78 0 63 0 41 96 0 66 0 34 78 16 82 29 61 127 
0 115 0 0 0 0 108 0 0 0 0 108 0 0 0 0 98 0 0 0 98 189 101 107 95 
0 28 0 6 0 99 127 100 91 102 94 92 87 94 93 0 28 0 7 0 126 175 128 152 127 
0 0 120 56 0 43 45 157 106 51 0 0 106 40 0 0 0 90 38 0 0 0 126 35 0 
59 0 0 0 0 126 62 61 76 69 99 20 18 20 15 131 47 46 52 41 58 0 0 0 0 
83 35 33 111 37 39 0 0 91 0 48 0 0 85 0 83 35 30 120 32 55 0 0 83 0 
0 0 17 22 0 0 0 0 10 0 101 99 69 107 97 0 0 0 33 0 0 0 7 26 0 
3 11 59 115 7 0 0 49 85 0 55 35 117 142 57 35 40 81 131 46 0 0 57 96 0 
52 4 36 41 11 41 1 38 39 23 112 62 98 106 80 68 18 47 49 18 46 0 43 42 0 
43 0 63 0 59 42 0 66 0 58 30 0 79 0 84 100 57 123 69 108 33 0 66 0 64 
81 5 179 75 31 83 8 178 90 33 51 0 156 19 9 203 110 270 163 161 97 25 201 61 54 
10 108 157 28 140 129 203 291 128 243 28 102 197 34 173 0 50 160 3 112 88 166 243 100 221 
22 21 24 66 52 43 40 40 80 80 0 0 0 35 32 0 0 0 25 19 80 99 97 141 110 
20 32 1 89 0 29 48 0 107 0 83 76 39 139 55 24 39 0 101 0 42 37 0 81 0 
0 0 60 0 0 164 150 223 152 179 0 0 61 0 0 0 0 79 0 0 0 0 70 0 0 
68 4 0 2 20 93 72 84 84 81 115 86 95 106 108 44 0 5 0 17 42 14 18 7 23 
21 160 105 21 49 2 123 90 8 13 0 107 60 0 27 0 124 60 5 16 52 174 119 45 94 
143 199 95 98 102 72 64 44 22 21 40 51 18 0 0 43 49 17 0 0 35 45 15 0 0 
80 95 17 22 22 62 59 2 0 3 60 76 19 9 15 76 85 52 49 57 98 89 58 40 55 
38 76 43 70 27 0 60 10 42 16 0 49 11 46 19 0 43 14 31 13 39 102 64 96 77 
0 0 62 32 15 0 0 53 42 4 0 0 51 46 8 51 61 151 118 81 57 56 111 100 74 
29 38 26 22 31 0 0 0 0 0 71 59 57 62 55 0 0 0 0 0 120 107 99 114 110 
48 36 34 39 43 0 0 2 0 0 0 0 16 0 0 52 46 80 61 58 127 106 133 163 139 
40 43 104 47 47 6 6 57 10 15 54 33 123 37 40 0 0 53 0 0 0 0 49 6 0 
0 0 180 32 0 0 0 140 22 0 19 19 156 37 18 0 0 165 23 0 0 0 162 23 0 
43 70 0 0 0 65 93 38 30 26 65 108 17 14 0 76 115 34 36 39 33 66 0 0 0 
88 118 67 54 63 14 52 0 0 0 75 132 64 51 58 40 70 26 18 15 24 54 0 0 0 
0 115 110 163 0 0 127 120 166 0 0 111 121 167 0 0 117 115 159 2 0 127 118 167 1 
19 0 0 198 0 12 0 0 130 0 145 101 124 259 105 15 0 0 150 0 30 0 0 139 0 
144 180 47 108 132 182 272 99 129 205 146 184 91 118 148 100 122 26 44 101 272 326 160 209 211 
64 175 124 78 96 6 48 66 14 3 32 76 103 29 28 26 84 63 13 25 0 67 48 0 0 
9 24 16 8 71 15 37 28 13 112 10 19 18 11 55 55 86 78 51 138 28 39 40 35 100 
706 533 605 365 512 520 203 273 169 214 506 298 314 197 273 379 122 161 46 119 554 365 444 290 382 
74 54 0 3 0 146 149 70 68 66 81 73 0 0 0 92 79 20 15 14 64 55 0 0 0 
149 282 118 111 141 243 355 125 240 173 159 277 108 171 101 34 170 0 28 0 103 209 64 99 46 
0 0 0 0 54 0 0 0 0 56 0 0 0 0 68 0 0 0 0 61 138 168 146 160 193 
150 0 0 54 0 156 0 0 55 0 141 0 0 40 0 168 0 0 46 0 149 0 0 41 0 
167 146 184 260 125 33 1 88 131 4 69 43 118 197 60 38 7 101 110 31 31 0 87 104 0 
80 134 99 207 194 0 12 7 119 64 0 13 7 70 65 0 14 11 105 69 36 52 39 122 74 
136 118 88 73 38 180 151 136 132 117 103 87 62 48 22 218 212 173 145 127 138 131 101 41 50 
69 153 60 71 64 0 69 0 0 0 6 98 4 7 5 0 77 0 0 0 86 181 71 89 73 
0 0 0 18 0 0 0 0 21 0 0 0 0 22 0 0 0 0 21 0 178 191 224 226 224 
57 5 52 115 91 18 2 33 86 79 66 27 50 137 112 16 0 37 86 92 123 78 117 193 204 
0 98 70 0 83 0 92 84 0 98 0 109 58 0 76 0 86 87 0 96 0 115 81 0 100 
47 23 56 40 33 72 52 90 56 55 23 17 35 20 13 55 46 102 71 49 8 0 32 2 0 
77 0 0 0 56 68 0 0 0 50 85 0 0 0 60 69 0 0 0 44 177 96 78 93 154 
37 52 0 52 32 28 51 0 58 45 28 26 0 65 37 101 113 67 126 96 46 69 23 67 57 
78 96 109 87 68 10 37 42 12 5 0 14 46 0 0 63 70 89 53 46 23 34 66 24 11 
0 0 0 146 39 0 0 0 164 29 27 30 17 168 55 0 0 0 156 35 0 0 0 146 39 
0 0 0 185 13 240 193 174 455 226 0 0 0 197 15 158 152 162 354 154 0 0 0 200 10 
79 159 190 222 66 36 114 141 186 29 90 175 184 235 92 90 209 185 273 97 123 165 196 286 109 
0 0 0 1315 0 0 0 0 1309 0 0 0 0 1312 0 1 5 2 1395 2 0 0 0 1331 0 
195 0 0 0 0 197 13 18 17 20 178 0 0 0 0 196 0 0 0 0 166 0 0 0 0 
92 0 0 0 0 117 0 0 0 0 122 0 0 0 0 102 0 0 0 0 206 88 85 89 99 
161 70 64 92 94 66 1 0 14 17 158 37 41 50 45 144 43 54 86 80 196 128 93 148 135 
19 21 0 0 0 0 39 0 0 0 0 10 0 0 0 28 40 17 38 46 0 0 0 0 0 
71 85 147 101 91 0 0 51 0 0 0 0 60 0 0 0 0 70 0 0 197 180 228 208 201 
2 14 0 79 204 116 125 120 201 325 2 27 0 69 246 0 15 0 77 245 111 137 114 175 295 
14 17 72 11 241 3 6 52 9 186 118 118 178 124 293 144 149 211 170 343 1 1 52 0 182 
126 246 266 192 84 168 252 282 201 87 132 224 252 191 124 52 163 208 97 22 66 180 194 143 25 
110 0 0 4 0 97 0 0 0 0 121 0 0 0 0 117 0 0 0 0 139 17 31 32 34 
0 0 206 0 38 0 0 228 0 30 0 0 203 0 28 0 0 201 0 23 0 0 196 0 37 
49 71 39 40 60 0 58 5 0 31 38 76 42 33 61 0 40 0 0 27 0 57 0 0 24 
608 621 639 682 624 0 0 0 0 0 0 0 0 0 0 0 0 0 0 0 0 0 0 0 0 
63 47 0 0 0 79 67 15 14 13 128 81 34 34 27 84 60 0 0 0 93 88 22 23 28 
24 0 0 53 63 66 40 38 80 113 17 0 0 54 60 31 10 14 51 52 27 22 25 61 64 
0 0 53 60 0 80 59 118 100 70 0 0 45 41 0 71 51 117 92 54 56 34 89 80 30 
16 10 1 0 73 20 2 0 1 60 66 70 50 43 136 20 26 17 18 73 91 111 93 94 138 
55 0 0 0 0 62 0 0 0 0 64 0 0 0 0 202 133 145 145 141 52 0 0 0 0 
63 126 97 99 115 86 228 132 152 194 9 113 46 48 52 104 186 112 148 130 113 210 157 176 153 
0 0 0 0 0 30 33 30 19 22 0 0 0 0 0 61 67 69 66 94 101 94 97 100 129 
125 5 65 3 23 209 4 56 11 13 288 89 142 88 98 315 189 287 173 176 237 44 96 28 44 
0 0 0 0 0 0 0 0 0 2 0 0 0 0 9 0 0 3 0 0 0 0 0 0 0 
