887 769 690 704 888 1121 1114 1061 1049 1154 734 742 675 694 832 1028 926 881 1051 1086 628 495 478 479 705 
175 127 167 152 158 0 0 0 0 0 132 84 119 96 103 0 0 0 0 0 0 0 0 0 0 
152 42 40 240 230 91 0 0 163 196 248 84 65 366 371 92 0 0 125 170 85 0 0 139 134 
0 0 76 79 2 99 50 133 120 77 4 2 76 48 0 88 57 149 124 75 55 32 116 107 46 
159 43 114 141 29 145 12 75 105 2 136 25 90 109 19 133 3 53 114 0 310 176 255 322 188 
106 8 11 0 117 112 6 6 0 134 208 102 106 83 203 178 75 88 60 160 247 119 147 119 302 
0 0 0 0 0 0 0 0 0 0 1027 1035 984 1006 1045 0 0 0 0 0 0 0 0 0 0 
0 0 0 311 0 0 0 4 277 1 133 131 135 431 138 130 126 102 429 149 0 0 0 265 0 
13 10 15 171 6 0 0 0 178 0 36 41 35 172 29 0 0 0 158 0 3 6 3 173 3 
0 0 0 0 0 0 1 0 0 0 0 0 0 0 0 64 87 81 77 99 232 183 182 242 192 
60 75 58 46 140 0 10 0 0 84 0 3 0 0 85 0 4 0 0 89 65 72 67 57 137 
157 158 159 175 176 0 0 0 0 0 0 1 0 0 0 0 0 0 0 0 84 91 68 67 94 
0 0 0 0 0 0 0 0 0 0 0 0 0 0 0 435 441 426 421 427 193 182 189 192 213 
0 195 0 0 81 0 169 0 0 95 126 319 150 131 212 0 182 0 0 93 0 216 0 0 75 
808 0 0 0 0 792 0 0 0 0 791 0 0 0 0 823 0 0 0 0 835 0 0 0 0 
18 4 187 121 136 36 1 171 123 143 127 98 293 223 190 179 192 382 309 275 141 107 297 217 268 
83 140 92 146 78 58 72 64 108 60 0 42 0 47 0 35 84 53 87 51 0 42 0 32 0 
28 9 12 6 19 116 89 92 89 99 27 0 0 0 16 21 0 0 0 21 102 103 80 85 118 
0 0 135 0 0 0 0 126 0 0 0 0 143 0 0 143 120 253 122 126 0 0 154 0 0 
0 67 46 52 0 0 85 45 49 0 38 105 100 105 34 0 73 48 48 0 0 72 55 42 0 
0 0 0 5 143 137 93 99 156 249 133 124 118 115 227 0 8 0 0 112 93 95 100 96 194 
0 0 0 0 0 0 0 0 0 0 0 0 0 0 0 1029 1084 1110 1064 1013 0 0 0 0 0 
0 18 56 147 0 0 18 55 121 0 0 21 49 148 0 0 14 55 150 0 0 17 52 166 0 
91 66 0 0 0 127 92 16 21 25 190 124 44 41 40 139 88 0 0 0 129 130 26 33 36 
72 112 78 150 149 7 44 14 71 70 18 46 22 70 81 0 45 0 60 74 0 42 0 63 63 
107 122 120 94 0 103 121 177 81 0 287 292 299 294 197 107 139 131 86 0 245 225 263 217 112 
72 13 7 99 16 72 0 0 110 0 209 143 129 223 125 66 0 0 102 4 101 45 46 167 41 
130 113 54 63 40 162 114 59 69 33 70 59 15 0 0 100 89 17 17 17 93 67 12 0 0 
0 0 137 56 0 0 0 149 53 0 0 0 180 52 0 0 0 160 43 0 0 0 138 41 0 
152 203 207 140 135 0 69 98 0 0 0 57 77 0 0 43 76 112 34 51 0 60 113 0 0 
68 57 74 70 64 105 126 111 117 108 25 41 44 36 43 0 0 0 0 0 0 0 0 0 0 
0 0 0 170 0 0 0 0 176 0 233 248 231 426 250 0 0 0 176 0 0 0 0 165 0 
0 0 0 0 0 165 144 187 146 150 0 0 0 0 0 0 0 0 0 0 87 56 71 68 82 
96 3 1 67 39 121 31 54 105 94 205 69 77 138 143 73 0 0 64 36 191 65 77 142 116 
0 96 0 0 0 0 91 0 0 0 1 77 0 0 0 127 170 95 133 98 60 158 53 60 57 
0 0 98 0 0 89 91 190 108 113 0 0 98 0 0 7 9 100 4 8 15 14 87 8 15 
247 222 180 252 112 108 95 67 92 0 67 97 65 71 0 271 238 168 259 115 127 134 84 131 1 
0 0 0 0 0 31 35 30 19 22 0 0 0 0 0 59 67 68 65 90 99 94 95 97 124 
0 224 0 201 0 0 180 0 194 0 8 203 6 197 5 0 186 0 192 0 0 197 0 204 0 
0 45 0 122 0 0 53 0 150 0 1 51 0 146 0 66 154 84 218 81 0 63 0 145 0 
0 0 0 0 81 87 73 87 72 154 91 79 82 85 139 0 0 0 0 80 0 0 0 0 90 
89 330 383 31 239 24 232 283 3 164 46 294 372 46 221 87 340 348 92 256 180 361 410 140 294 
0 51 40 0 91 20 64 50 13 96 29 86 100 43 91 0 69 29 0 73 0 69 30 0 77 
125 105 119 147 136 14 0 0 41 0 15 0 0 44 0 20 0 0 40 1 94 72 71 121 96 
69 0 65 0 0 63 0 75 0 0 113 53 107 48 50 99 16 78 13 12 66 0 73 0 0 
0 18 81 0 96 0 12 69 0 107 0 16 74 0 106 0 14 91 0 133 0 13 69 0 101 
19 40 129 79 15 48 55 138 91 47 0 32 104 38 0 36 66 141 93 34 0 18 94 63 0 
0 59 0 0 0 0 66 0 0 0 105 208 97 126 112 0 82 0 0 0 14 76 17 22 24 
0 0 0 72 0 62 65 52 126 82 0 0 0 71 0 0 0 0 82 0 73 62 59 149 63 
49 0 92 48 0 57 0 109 53 0 59 0 93 50 0 46 0 102 54 0 44 0 98 46 0 
77 48 0 29 0 103 76 16 47 23 92 87 0 25 0 110 53 0 41 0 87 58 0 33 0 
0 0 0 0 27 188 196 194 210 220 0 0 0 0 38 0 0 0 0 32 0 0 0 0 40 
89 47 57 109 78 58 37 49 98 68 24 0 0 52 10 28 0 0 47 11 37 12 8 56 27 
30 63 9 8 12 20 58 0 0 0 21 93 0 0 0 159 201 148 142 129 31 86 0 0 0 
0 0 0 21 0 193 178 202 206 167 0 0 0 24 0 0 0 0 22 0 0 0 0 19 0 
89 106 169 178 117 0 0 67 78 0 0 0 92 77 0 0 0 83 61 0 0 0 74 80 0 
63 57 59 48 67 41 0 0 0 10 76 62 47 48 72 30 0 0 0 21 92 48 45 49 60 
0 0 25 0 69 7 0 33 7 88 0 0 33 0 70 10 4 41 7 93 81 74 114 64 153 
585 586 605 638 585 0 0 0 0 0 0 0 0 0 0 0 0 0 0 0 0 0 0 0 0 
73 149 167 91 92 35 108 125 29 34 0 38 87 0 0 0 50 87 0 0 0 49 81 0 0 
0 0 110 0 0 0 0 91 0 0 76 114 207 112 101 0 0 85 0 0 0 0 104 0 0 
107 117 39 63 146 35 44 0 0 89 43 61 0 0 68 40 41 0 0 68 61 44 0 0 78 
0 48 0 23 36 59 115 59 82 96 0 60 0 28 37 0 56 0 40 40 26 66 23 53 65 
9 7 99 5 12 0 0 86 0 0 0 0 83 0 0 36 39 119 27 29 75 78 149 59 85 
0 0 0 52 82 94 84 69 130 184 0 0 0 54 84 0 0 0 39 96 0 0 0 56 84 
111 187 90 81 94 28 125 0 0 0 34 126 9 8 13 28 96 0 0 0 30 104 4 3 1 
65 25 91 40 95 17 0 39 6 66 14 0 35 0 78 15 0 51 0 65 10 0 38 0 70 
41 0 10 0 3 51 0 5 0 0 74 45 58 32 68 111 56 52 38 41 140 101 110 133 115 
62 34 118 47 47 30 0 81 0 0 20 0 77 0 0 24 0 70 0 0 66 38 117 40 32 
61 45 62 34 34 28 7 2 0 0 41 34 31 11 32 43 0 21 0 11 29 16 5 0 0 
0 62 65 0 0 0 60 50 0 0 21 104 79 21 21 32 109 51 40 42 0 62 48 0 0 
4 0 1 0 0 0 25 0 0 0 0 24 0 0 0 8 0 0 0 0 0 0 0 0 0 
30 0 91 0 45 64 43 123 39 79 25 0 85 0 29 37 10 99 5 36 30 0 99 0 28 
0 2117 0 0 0 0 2181 0 0 0 0 2038 0 0 0 0 2116 0 0 0 0 2050 0 0 0 
29 147 129 20 15 94 212 239 97 90 4 108 114 6 0 51 212 182 89 70 7 113 109 4 0 
65 121 109 0 0 50 144 129 0 0 71 123 120 0 0 61 138 115 0 0 64 121 132 0 0 
0 102 0 130 0 99 201 69 217 108 67 181 39 186 65 0 92 0 136 0 0 151 0 118 0 
63 90 130 114 114 0 0 39 0 0 0 0 69 0 0 0 0 54 0 0 186 183 229 191 215 
0 0 0 0 0 1268 1220 1221 1186 1253 0 0 0 0 0 0 0 0 0 0 0 0 0 0 0 
0 0 87 133 0 0 0 79 113 0 0 0 90 135 0 0 0 87 135 0 0 0 79 136 0 
147 45 48 92 42 141 52 50 105 59 80 0 0 36 0 81 0 0 35 0 84 0 0 46 0 
0 131 0 0 77 0 157 0 0 86 0 170 0 0 92 0 148 0 0 67 0 152 0 0 100 
171 308 167 252 95 100 193 43 122 0 274 425 250 381 153 115 287 153 208 64 213 379 297 321 141 
107 85 315 302 86 0 0 225 213 4 129 113 309 336 123 0 0 179 195 8 18 4 211 211 22 
136 120 113 147 255 12 23 2 7 172 8 12 11 2 163 206 238 181 187 352 222 259 263 231 409 
0 66 0 0 0 0 56 0 0 0 0 66 0 0 0 4 69 4 10 3 186 204 179 155 172 
60 32 51 11 52 59 18 41 0 45 49 13 46 0 39 79 15 37 0 45 168 120 118 107 166 
208 78 0 104 0 213 76 0 112 0 216 60 0 108 0 205 71 0 116 2 211 65 0 113 0 
55 0 0 0 0 62 0 0 0 0 64 0 0 0 0 202 133 144 146 141 52 0 0 0 0 
139 274 280 190 75 185 255 331 202 73 167 277 320 186 105 89 206 261 117 14 70 223 248 142 23 
77 5 6 49 30 109 81 60 127 77 109 71 62 84 77 70 30 25 69 40 69 0 0 27 12 
114 123 125 96 187 0 0 9 0 52 64 84 73 71 116 0 0 18 0 47 0 0 11 0 64 
45 90 0 105 0 145 198 104 219 89 114 138 88 204 84 49 81 0 99 0 38 70 0 105 0 
108 110 128 119 175 89 99 97 88 127 0 31 0 0 62 1 23 0 0 31 63 84 84 58 124 
0 76 0 0 0 34 141 38 33 33 38 152 39 36 38 31 139 23 30 39 49 131 49 37 62 
15 6 36 15 0 72 70 111 82 63 17 15 47 21 0 22 5 44 0 0 21 17 32 9 0 
2 12 2 70 203 116 123 125 197 351 0 24 0 84 249 3 11 0 91 254 124 137 119 177 325 
7 17 82 4 223 0 0 59 6 168 106 98 170 94 263 131 142 209 156 308 0 3 68 0 177 
151 0 0 0 0 146 0 0 0 0 225 81 107 114 109 125 0 0 0 0 149 0 0 0 0 
0 0 0 0 843 0 0 0 0 797 0 0 0 0 860 0 0 0 0 839 0 0 0 0 786 
138 92 5 198 65 130 136 2 212 76 185 189 50 305 117 123 102 5 194 94 140 195 0 241 72 
130 0 0 0 0 260 98 87 85 73 162 0 0 0 0 155 0 0 0 0 153 0 0 0 0 
0 0 0 0 0 75 57 74 69 73 0 0 0 0 0 146 124 141 150 140 0 0 0 0 0 
0 23 0 152 0 36 61 55 207 32 0 19 0 148 0 0 19 0 150 0 0 28 0 173 0 
113 68 123 148 172 47 0 74 70 62 31 0 75 93 81 116 66 133 180 149 18 1 55 71 34 
43 48 55 128 106 26 21 31 81 73 0 0 0 77 55 0 0 0 46 49 7 10 8 74 53 
0 9 62 0 0 79 88 169 84 91 0 10 67 1 0 54 83 165 53 57 0 5 61 0 0 
211 5 200 0 0 209 3 179 0 0 224 6 189 3 0 193 2 184 0 0 216 21 183 9 9 
290 103 322 103 198 317 146 374 126 222 356 172 396 200 257 190 20 196 38 113 194 49 249 27 123 
68 156 71 84 68 0 86 0 29 0 17 131 29 36 29 0 107 0 17 0 0 76 0 22 0 
0 0 33 0 58 35 46 78 44 113 55 74 89 53 121 0 0 33 0 61 0 0 49 0 58 
0 0 19 0 216 0 0 15 0 191 0 0 31 0 179 0 0 31 0 202 0 0 25 0 198 
0 0 0 50 0 0 0 0 59 0 53 59 45 140 44 0 0 0 59 0 85 78 82 158 86 
111 0 0 119 0 144 0 0 144 0 125 0 0 107 0 121 0 0 149 0 117 0 0 139 0 
0 19 53 69 0 91 176 175 196 127 161 209 226 229 143 0 48 94 104 19 74 99 113 131 40 
115 159 145 117 258 0 0 0 0 89 0 0 0 0 85 23 25 26 23 128 0 0 0 0 88 
145 264 164 155 158 0 144 0 0 0 93 223 93 95 97 7 106 0 0 1 107 240 80 73 98 
149 140 79 81 89 78 51 0 0 0 97 56 4 5 10 67 48 0 0 0 75 64 0 0 0 
0 94 0 0 0 29 135 41 45 53 0 106 0 0 0 54 163 67 67 55 0 97 0 0 0 
0 0 0 0 0 0 0 0 0 0 0 0 0 0 0 0 0 0 0 0 441 421 458 447 416 
0 0 38 0 0 83 88 104 82 94 0 0 32 0 0 89 80 95 66 86 20 28 63 23 27 
7 12 17 17 59 0 0 0 0 37 84 84 74 72 107 0 0 0 0 39 69 104 86 75 114 
0 0 0 153 0 0 0 0 142 0 0 0 0 176 0 0 0 0 173 0 93 94 99 252 103 
0 68 0 34 72 3 64 0 39 77 1 56 0 36 90 1 60 0 32 73 19 78 25 56 112 
0 112 0 0 0 0 108 0 0 0 0 106 0 0 0 0 96 0 0 0 97 185 99 105 92 
0 0 0 28 0 75 41 80 79 77 56 0 49 55 40 0 0 0 21 0 102 80 115 140 99 
0 0 117 55 0 43 45 155 106 50 0 0 102 39 0 0 0 89 37 0 0 0 126 35 0 
13 27 0 0 0 12 67 20 0 20 0 48 0 0 13 0 27 0 0 0 0 40 12 0 28 
59 0 0 0 0 125 62 61 76 69 99 20 18 20 15 131 45 46 52 41 58 0 0 0 0 
83 35 33 111 37 39 0 0 90 0 48 0 0 85 0 83 35 30 120 32 55 0 0 83 0 
0 0 63 43 0 0 0 55 42 0 99 99 148 131 96 0 0 62 45 0 0 0 66 41 0 
35 0 0 82 104 89 68 73 142 191 30 1 0 85 131 56 17 24 90 101 36 31 48 98 117 
0 5 51 104 10 0 0 52 88 0 55 30 126 134 58 27 49 81 135 39 0 0 51 82 0 
69 5 56 57 16 54 4 55 47 21 153 79 138 142 114 87 18 46 67 21 69 0 54 51 1 
39 0 54 0 55 38 0 56 0 51 26 0 66 0 70 88 49 103 64 103 30 0 55 0 53 
92 26 156 97 61 88 10 140 77 26 62 0 114 35 12 181 60 193 123 101 104 29 189 51 67 
13 66 146 21 108 130 168 292 134 223 40 97 196 42 148 0 27 167 3 103 90 133 231 104 192 
20 21 22 62 53 48 40 34 79 79 0 0 0 32 30 0 0 0 22 17 83 94 99 129 109 
20 38 0 94 0 35 56 0 122 0 100 78 45 153 59 26 48 0 129 0 44 38 0 92 0 
0 0 60 0 0 178 160 236 164 204 0 0 60 0 0 0 0 84 0 0 0 0 80 0 0 
10 7 0 0 71 14 0 0 0 59 65 64 46 43 131 22 16 14 14 76 95 116 92 93 137 
76 12 12 6 25 103 74 79 72 83 117 85 91 108 97 45 0 6 0 14 40 12 16 7 24 
20 102 85 18 43 0 100 71 9 6 0 76 49 0 20 0 85 55 6 14 60 138 124 50 97 
160 199 110 106 106 72 65 49 23 26 45 48 16 0 0 38 50 16 0 0 29 49 18 0 0 
92 0 0 6 0 83 0 0 18 0 98 0 0 29 0 98 0 0 0 0 122 15 23 60 29 
64 76 12 20 17 49 44 1 0 0 51 66 16 9 14 60 68 31 36 42 75 70 44 28 41 
37 76 41 67 27 0 60 10 39 16 0 50 10 39 18 0 43 11 30 12 39 104 62 92 78 
0 0 56 27 11 0 0 45 35 3 0 0 44 40 6 43 53 122 94 61 54 50 100 93 63 
29 37 26 22 31 0 0 0 0 0 71 58 57 62 55 0 0 0 0 0 120 106 99 114 110 
41 31 36 34 38 0 0 15 0 0 0 0 18 0 0 52 47 84 54 51 121 93 134 131 115 
37 42 102 40 49 1 7 56 0 1 59 52 126 49 46 0 0 52 0 0 0 0 56 16 0 
0 0 180 32 0 0 0 141 23 0 19 20 156 37 18 0 0 166 23 0 0 0 162 23 0 
46 120 0 0 0 96 168 66 48 52 100 198 31 23 23 110 190 62 65 62 40 109 0 0 0 
60 1 64 66 84 135 65 149 152 155 128 70 141 159 184 117 40 85 103 139 69 0 72 122 109 
115 147 83 63 79 17 63 5 0 0 87 152 75 63 66 53 87 35 22 16 26 71 0 0 0 
0 115 104 163 0 0 125 120 164 0 0 105 119 166 0 0 115 115 155 0 0 125 117 163 0 
13 0 0 131 0 9 0 0 94 0 91 65 87 187 84 11 0 0 99 0 19 0 0 105 0 
39 75 42 39 65 0 59 1 0 29 46 81 45 33 63 0 38 0 0 32 0 57 0 2 23 
128 177 45 84 103 195 248 107 110 213 152 213 86 119 127 104 106 20 28 121 226 294 112 167 203 
61 174 122 83 97 6 36 67 11 3 28 66 105 27 25 25 73 57 10 22 0 56 48 0 0 
9 35 12 4 68 15 39 26 5 110 8 20 16 6 58 64 87 77 45 155 35 38 43 28 105 
700 535 567 424 514 492 250 296 207 222 485 311 336 222 312 397 164 198 91 201 576 397 444 416 362 
79 64 0 4 0 163 155 70 80 74 77 84 0 0 0 99 88 27 17 22 66 55 0 0 0 
175 310 112 148 138 261 400 149 264 181 133 295 91 169 88 41 183 0 51 0 86 215 58 101 30 
0 0 0 0 55 0 0 0 0 63 0 0 0 0 69 0 0 0 0 63 150 173 149 168 200 
88 0 42 0 22 128 14 58 31 32 139 52 85 52 61 151 82 142 68 95 132 30 49 22 26 
147 0 0 53 0 156 0 0 53 0 139 0 0 39 0 168 0 0 45 0 149 0 0 41 0 
161 117 156 217 111 39 0 83 116 0 79 39 127 169 59 50 0 98 99 22 49 0 83 89 0 
99 131 112 232 175 0 14 8 114 53 0 17 4 97 57 0 17 10 100 61 38 54 31 130 68 
121 108 86 40 2 207 179 174 123 128 89 80 72 0 16 256 231 231 142 147 153 163 143 39 64 
57 129 48 54 52 0 55 0 0 0 4 79 2 4 4 0 64 0 0 0 75 154 62 76 65 
0 0 0 16 0 0 0 0 21 0 0 0 0 25 0 0 0 0 24 0 181 196 220 219 220 
46 4 0 28 39 117 80 73 95 95 47 0 0 23 34 42 2 0 19 43 50 0 0 25 34 
44 8 57 120 104 25 5 35 115 111 68 24 47 146 123 20 0 34 93 95 125 88 122 190 228 
0 69 55 0 67 0 71 63 0 72 0 79 53 0 56 0 66 64 0 69 0 84 67 0 66 
51 27 61 57 36 85 64 109 70 59 18 17 43 24 15 65 56 122 81 52 7 0 38 0 0 
76 0 0 0 51 62 0 0 0 50 87 0 0 0 55 64 0 0 0 50 178 90 77 92 151 
75 88 13 126 72 59 151 10 137 112 50 93 0 133 73 203 235 155 252 178 111 180 94 184 138 
74 93 106 82 66 5 36 34 12 8 0 14 47 0 0 59 69 87 54 47 24 31 57 20 12 
0 0 0 140 35 0 0 0 158 28 27 29 16 157 51 0 0 0 149 34 0 0 0 138 38 
0 0 0 145 14 162 141 127 334 176 0 0 0 164 15 125 129 123 277 116 1 0 0 134 8 
48 170 188 216 81 33 130 144 213 24 67 178 207 206 73 57 225 200 242 109 107 174 200 265 100 
0 0 0 1264 0 0 0 0 1252 0 0 0 0 1252 0 0 4 2 1341 1 0 0 0 1262 0 
195 0 0 0 0 197 13 18 17 20 178 0 0 0 0 196 0 0 0 0 166 0 0 0 0 
108 0 0 0 0 131 0 0 0 0 142 0 0 0 0 113 0 0 0 0 230 98 93 93 108 
252 34 117 95 37 200 0 43 7 0 402 102 157 104 108 443 205 320 220 214 261 43 96 78 65 
67 27 27 68 76 43 0 0 31 59 58 0 0 29 39 61 0 0 35 41 97 44 51 84 86 
0 0 0 37 0 75 62 50 100 58 0 0 0 23 0 47 49 63 92 51 43 49 44 97 39 
0 0 212 0 34 0 0 236 0 31 0 0 217 0 32 0 0 196 0 23 0 0 194 0 28 
0 0 1444 0 0 0 0 1472 0 0 0 0 1355 0 0 0 0 1475 0 0 0 0 1445 0 0 
