927 997 921 866 1030 1147 1223 1172 1061 1222 762 786 806 733 940 1058 1001 1093 1118 1204 697 611 701 626 756 
159 130 162 167 149 0 0 0 0 0 118 88 128 115 97 0 0 0 0 0 0 0 0 0 0 
106 30 25 144 169 65 0 0 125 116 154 61 41 238 203 69 0 0 82 113 57 0 0 118 109 
202 13 41 35 50 171 0 5 1 0 320 69 144 82 118 324 156 226 194 176 243 42 83 38 45 
0 0 1 171 16 172 143 145 364 186 1 3 1 197 17 117 132 130 283 111 0 0 0 151 10 
128 23 91 102 21 130 6 69 80 0 124 30 76 101 16 118 0 55 100 0 256 172 240 278 159 
99 8 18 0 83 85 5 14 0 104 171 88 94 81 166 150 68 85 60 138 201 98 109 107 214 
0 0 0 0 0 0 0 0 0 0 1003 1017 964 988 1029 0 0 0 0 0 0 0 0 0 0 
0 0 0 231 0 0 0 2 216 1 98 90 86 332 106 93 95 78 342 117 0 0 0 210 0 
15 9 14 184 5 0 0 0 193 0 38 44 38 187 30 0 0 0 170 0 3 8 4 186 3 
50 117 158 229 54 20 118 155 188 23 92 154 190 256 102 42 158 177 238 78 41 145 142 245 47 
0 0 0 0 0 0 0 0 0 0 0 0 0 0 0 60 71 71 72 99 198 170 186 204 176 
79 113 74 71 220 0 12 0 0 113 0 3 0 0 123 0 6 0 0 138 88 92 86 72 218 
153 150 151 163 163 0 0 0 0 0 0 0 0 0 0 0 0 0 0 0 89 81 70 68 85 
0 0 0 0 0 0 0 0 0 0 0 0 0 0 0 431 435 424 416 421 193 179 186 190 206 
0 192 0 0 80 0 164 0 0 93 125 316 146 130 203 0 178 0 0 91 0 208 0 0 74 
808 0 0 0 0 804 0 0 0 0 790 0 0 0 0 831 0 0 0 0 840 0 0 0 0 
23 3 165 125 142 50 20 186 155 179 112 96 252 234 206 177 158 352 317 278 121 88 232 213 271 
85 135 87 153 81 74 100 76 133 84 0 47 0 41 0 47 104 51 97 53 0 46 0 42 0 
46 9 17 9 21 148 117 127 129 153 30 0 0 0 19 22 0 0 0 21 160 135 123 129 156 
0 0 142 0 0 0 0 135 0 0 0 0 155 0 0 171 136 263 140 158 0 0 158 0 0 
0 82 55 57 0 0 103 58 56 0 42 127 118 137 39 0 93 61 60 0 0 98 76 56 0 
4 2 0 2 163 138 128 130 169 285 143 133 120 120 248 2 5 0 0 140 88 98 111 101 233 
0 0 0 0 0 0 0 0 0 0 0 0 0 0 0 994 1059 1064 1035 969 0 0 0 0 0 
0 19 52 144 0 0 18 60 126 0 0 20 51 153 0 0 18 55 158 0 0 16 56 157 0 
78 48 0 0 0 91 77 16 16 13 146 98 37 37 32 98 68 0 0 0 106 104 25 29 29 
112 178 125 253 232 0 39 12 124 88 4 37 19 105 109 0 44 9 109 92 28 61 24 126 96 
88 113 113 77 4 75 108 182 75 0 259 281 308 254 180 106 131 124 68 0 248 201 267 216 124 
78 15 14 99 18 77 0 0 113 0 214 148 137 224 130 73 0 0 104 0 115 44 44 175 41 
112 83 41 44 33 145 99 50 58 32 64 50 15 0 0 87 75 20 11 12 86 49 9 0 0 
0 0 158 63 0 0 0 169 54 0 0 0 206 59 0 0 0 178 47 0 0 0 164 48 0 
157 198 216 153 127 2 67 81 0 1 0 56 86 0 0 62 111 137 62 43 0 50 116 0 0 
75 74 80 75 67 119 133 125 136 123 24 45 50 43 45 0 0 0 0 0 0 0 0 0 0 
0 0 0 167 0 0 0 0 177 0 239 240 224 415 253 0 0 0 174 0 0 0 0 155 0 
0 0 0 0 0 165 160 194 161 168 0 0 0 0 0 0 0 0 0 0 79 67 80 74 89 
111 2 3 59 35 130 38 52 100 88 198 68 88 149 146 78 0 0 64 45 177 55 83 142 120 
0 84 0 0 0 0 81 0 0 0 0 65 0 0 0 112 146 82 121 76 52 128 45 51 52 
0 0 102 0 0 86 87 187 112 111 0 0 97 0 0 6 9 100 5 10 16 14 87 8 16 
243 232 191 236 120 117 94 63 106 0 82 85 64 87 0 273 259 162 275 125 152 145 74 136 0 
0 0 0 0 0 33 43 30 20 22 0 0 0 0 0 65 75 78 75 100 108 106 113 108 146 
0 227 0 201 0 0 183 0 197 0 0 198 3 198 0 0 189 0 193 0 0 200 0 206 0 
0 36 0 109 0 0 47 0 118 0 0 43 0 112 0 56 112 57 182 60 0 50 0 108 0 
0 0 0 0 79 94 70 87 63 151 94 78 77 87 132 0 0 0 0 75 0 0 0 0 88 
52 248 263 16 215 7 181 195 0 136 57 255 281 15 222 135 293 302 90 233 162 303 300 93 259 
0 49 42 0 93 20 67 53 13 94 30 92 91 45 86 0 63 29 0 76 0 68 29 0 86 
119 99 108 124 125 14 0 0 42 0 12 0 0 40 0 17 0 0 40 0 94 65 60 117 81 
27 0 0 52 65 62 41 35 80 113 15 0 0 51 58 32 10 14 50 55 25 24 26 64 65 
103 0 90 0 0 85 0 110 0 0 174 84 153 72 78 140 19 118 15 14 87 0 107 0 0 
0 19 90 0 105 0 12 79 0 117 0 18 81 0 117 0 18 96 0 153 0 16 77 0 113 
17 51 134 64 17 58 70 146 88 48 0 42 122 38 0 48 68 161 97 36 0 23 108 58 0 
0 63 0 0 0 0 71 0 0 0 108 215 103 134 122 0 88 0 0 0 15 74 17 20 24 
0 0 0 71 0 62 64 51 123 82 0 0 0 70 0 0 0 0 81 0 71 63 58 147 61 
49 0 92 48 0 57 0 109 53 0 60 0 93 50 0 46 0 102 54 0 44 0 98 46 0 
85 60 0 33 0 116 90 18 56 25 101 102 0 28 0 122 57 0 43 0 99 68 0 37 0 
0 0 0 0 23 190 169 180 190 201 0 0 0 0 31 0 0 0 0 31 0 0 0 0 33 
90 49 59 113 78 59 40 50 98 71 24 0 0 53 9 28 0 0 48 10 38 11 7 53 27 
28 55 8 5 10 17 48 0 0 0 20 72 0 0 0 125 160 123 114 111 26 71 0 0 0 
0 0 0 21 0 186 170 197 198 164 0 0 0 23 0 0 0 0 22 0 0 0 0 19 0 
78 86 141 150 98 0 0 57 65 0 0 0 76 65 0 0 0 76 60 0 0 0 63 67 0 
69 59 63 54 73 42 0 0 0 11 83 63 54 54 75 31 0 0 0 22 106 51 47 54 65 
0 0 25 0 71 8 5 36 12 91 0 0 35 0 70 10 7 44 8 97 82 76 115 64 155 
592 602 614 650 602 0 0 0 0 0 0 0 0 0 0 0 0 0 0 0 0 0 0 0 0 
54 105 137 64 70 28 79 95 26 26 0 32 70 0 0 0 37 71 0 0 0 39 66 0 0 
0 0 110 0 0 0 0 91 0 0 76 114 207 112 101 0 0 85 0 0 0 0 104 0 0 
90 105 34 50 119 33 38 0 0 76 37 52 0 0 60 38 41 0 0 65 51 40 0 0 70 
0 64 0 0 0 29 107 37 59 36 0 80 0 16 0 0 70 0 14 0 1 52 16 20 4 
9 7 99 5 12 0 0 87 0 0 0 0 83 0 0 36 39 120 27 29 75 78 150 59 85 
0 0 0 50 75 88 80 62 117 163 0 0 0 49 73 0 0 0 36 84 0 0 0 47 73 
91 164 77 69 82 22 106 0 0 0 29 112 5 7 9 22 75 0 0 0 23 77 0 0 0 
78 38 106 54 108 21 0 45 14 65 23 0 49 10 82 22 0 58 13 65 15 0 43 15 71 
73 0 9 0 2 89 0 0 0 0 117 47 67 50 73 115 39 34 21 25 153 80 94 96 76 
64 33 118 45 51 32 0 81 0 0 28 0 77 0 0 26 0 69 0 3 83 42 118 46 44 
0 40 0 0 6 28 76 34 53 49 39 81 35 20 22 30 75 43 53 34 0 33 0 12 0 
89 79 101 50 61 35 30 33 0 11 56 68 60 28 43 43 29 39 0 12 35 30 39 0 9 
0 62 70 0 0 16 81 71 20 20 21 104 80 21 21 32 109 67 40 42 0 62 59 0 0 
57 102 57 51 48 38 110 36 41 32 19 84 21 21 31 28 64 26 30 31 0 65 0 0 0 
23 0 82 0 36 62 43 116 39 75 23 0 79 0 22 26 0 88 0 26 23 0 91 0 19 
0 2045 0 0 0 0 2093 0 0 0 0 1977 0 0 0 0 2054 0 0 0 0 1985 0 0 0 
28 165 118 27 0 104 223 211 91 74 5 145 130 4 0 52 262 172 118 43 8 154 96 0 0 
53 98 74 0 0 39 108 87 0 0 68 97 89 0 0 52 104 85 0 0 51 91 88 0 0 
1 112 0 129 0 94 185 95 236 111 104 199 75 263 79 0 105 0 151 0 2 119 0 122 0 
115 160 17 210 125 110 177 5 230 143 96 120 0 229 104 305 310 175 367 262 186 304 135 305 256 
0 0 0 0 0 1247 1214 1207 1164 1232 0 0 0 0 0 0 0 0 0 0 0 0 0 0 0 
0 0 80 125 0 0 0 75 106 0 0 0 81 127 0 0 0 81 125 0 0 0 72 128 0 
174 54 54 111 46 175 62 65 113 68 102 0 0 53 0 93 0 0 39 0 114 0 0 55 0 
0 136 0 0 89 0 167 0 0 83 0 164 0 0 96 0 144 0 0 81 0 155 0 0 118 
164 235 129 229 92 139 278 108 159 35 268 418 243 331 181 211 341 205 200 112 198 373 282 273 197 
53 52 205 202 88 0 0 119 95 22 78 86 187 217 91 0 0 76 93 18 37 52 164 155 80 
176 153 138 176 292 7 15 3 4 166 17 17 12 10 162 238 244 205 187 413 262 283 264 245 398 
0 70 0 0 0 0 49 0 0 0 0 68 0 0 0 8 71 4 7 3 175 203 179 147 168 
48 23 39 11 35 41 16 30 0 40 42 14 38 0 29 73 13 32 0 40 112 110 93 79 125 
202 76 0 99 0 203 66 0 102 0 204 59 0 104 0 192 68 0 107 0 202 65 0 117 0 
50 12 1 33 44 131 97 84 110 114 57 15 0 38 43 46 5 2 24 45 55 13 0 31 40 
47 0 0 0 0 53 0 0 0 0 60 0 0 0 0 193 133 145 145 141 39 0 0 0 0 
117 264 260 178 72 87 205 207 119 42 100 202 206 119 78 62 156 185 70 8 56 208 238 129 27 
105 6 15 67 41 149 102 96 150 111 144 105 104 128 127 85 34 34 87 33 69 0 0 34 18 
110 120 148 95 194 0 0 4 0 53 71 78 87 68 122 0 0 28 0 55 0 0 14 0 71 
42 79 2 88 0 149 175 97 167 62 81 101 37 121 51 57 66 0 60 0 38 57 0 76 0 
71 74 65 74 112 73 74 59 54 85 0 22 0 0 40 0 22 0 0 23 45 68 45 42 79 
0 77 0 0 0 32 124 37 39 32 41 140 38 35 29 23 122 24 28 37 45 127 47 35 50 
33 11 41 34 0 103 71 112 112 63 43 21 47 36 0 47 9 44 35 0 41 20 37 39 0 
1 18 0 99 242 156 158 151 238 419 2 38 2 89 285 0 22 0 106 279 148 179 132 221 367 
13 29 98 12 230 5 0 69 6 162 115 106 185 110 265 142 157 232 170 318 0 3 75 2 175 
156 0 0 0 0 145 0 0 0 0 238 87 109 103 111 135 0 0 0 0 135 0 0 0 0 
0 0 0 0 849 0 0 0 0 807 0 0 0 0 863 0 0 0 0 846 0 0 0 0 800 
132 110 0 165 64 124 108 0 163 103 180 193 50 213 148 121 131 11 190 108 119 146 1 193 67 
116 0 0 0 0 221 86 79 76 67 134 0 0 0 0 132 0 0 0 0 125 0 0 0 0 
60 27 79 55 46 96 70 136 82 74 22 20 50 20 9 63 64 149 106 62 16 0 43 0 0 
0 22 0 154 0 34 60 48 195 36 0 20 0 136 0 0 17 0 141 0 0 20 0 168 0 
0 0 51 62 0 79 53 99 117 64 0 0 48 43 0 67 56 119 96 53 47 35 87 85 34 
98 73 128 145 156 64 0 84 70 62 35 3 80 87 55 111 64 129 141 127 11 0 44 66 46 
43 48 55 128 106 28 22 31 81 74 0 0 0 77 55 0 0 0 48 50 7 10 8 75 53 
116 114 74 88 27 184 145 120 135 108 74 76 55 65 7 256 206 180 160 156 163 146 148 95 92 
0 8 57 0 0 72 81 151 73 80 0 9 61 0 0 47 66 142 43 52 0 5 53 0 0 
218 11 208 0 0 219 8 192 0 0 225 3 198 4 1 189 7 203 0 0 232 22 197 10 10 
0 0 0 0 0 72 50 67 59 68 0 0 0 0 0 139 114 136 137 133 0 0 0 0 0 
318 100 305 140 208 356 171 407 215 228 338 150 397 221 261 228 24 220 76 132 261 81 275 70 126 
70 170 81 98 73 0 105 0 30 0 20 161 30 38 27 0 117 0 18 0 0 85 0 25 0 
0 0 0 16 0 0 0 0 19 0 0 0 0 18 0 0 0 0 18 0 169 174 199 205 197 
0 0 35 0 60 36 47 80 46 115 57 74 91 55 122 0 0 34 0 61 0 0 49 0 59 
0 0 16 0 187 0 0 16 0 178 0 0 28 0 166 0 0 25 0 179 0 0 23 0 182 
0 0 0 52 0 0 0 0 60 0 57 61 46 144 47 0 0 0 60 0 85 79 83 163 90 
99 0 0 105 0 117 0 0 119 0 103 0 0 95 0 94 0 0 122 0 106 0 0 120 0 
13 56 51 75 0 99 176 147 185 117 194 236 221 247 168 19 61 73 111 32 74 116 75 127 58 
118 154 149 123 254 0 0 0 0 83 0 0 0 0 98 25 28 38 21 126 0 0 0 0 80 
101 207 101 93 86 0 103 0 0 0 27 148 28 39 31 2 114 2 0 1 129 273 116 122 131 
137 126 76 78 77 76 45 0 0 0 85 47 4 4 8 63 47 0 0 0 71 56 0 0 0 
0 106 0 0 0 32 153 47 52 63 0 121 0 0 0 60 187 72 75 56 0 110 0 0 0 
94 0 0 0 0 118 0 0 0 0 124 0 0 0 0 102 0 0 0 0 207 88 85 89 99 
0 0 0 0 0 0 0 0 0 0 0 0 0 0 0 0 0 0 0 0 442 418 443 431 406 
0 0 37 0 0 73 79 92 75 87 0 0 31 0 0 77 75 85 59 79 19 25 59 22 26 
8 15 15 16 52 0 0 0 0 36 80 79 71 69 99 0 0 0 0 33 68 98 77 75 105 
0 0 0 123 0 0 0 0 108 0 0 0 0 135 0 0 0 0 132 0 72 71 76 189 79 
1 58 0 34 69 3 54 0 39 70 1 51 0 36 86 2 52 0 32 70 19 71 25 56 106 
71 0 0 0 30 60 0 0 0 26 78 0 0 0 29 62 0 0 0 26 161 83 72 84 116 
0 115 0 0 0 0 110 0 0 0 0 106 0 0 0 0 97 0 0 0 97 186 100 105 92 
27 63 39 57 47 47 60 46 36 43 51 42 36 40 51 0 9 0 10 0 87 113 84 80 74 
0 0 125 60 0 44 47 166 118 54 0 0 109 42 0 0 0 97 39 0 0 0 133 37 0 
8 44 1 0 13 6 68 12 0 29 5 51 0 0 11 33 75 42 42 73 0 38 6 0 37 
59 0 0 0 0 125 61 61 75 67 99 20 18 20 15 131 47 46 52 41 56 0 0 0 0 
195 0 0 0 0 198 13 18 17 20 178 0 0 0 0 196 0 0 0 0 166 0 0 0 0 
83 35 33 108 37 39 0 0 91 0 46 0 0 82 0 82 35 30 117 32 55 0 0 79 0 
0 6 0 23 0 43 37 43 64 35 33 15 37 45 39 0 0 0 20 0 53 55 66 106 66 
0 0 63 43 0 0 0 55 43 0 101 99 149 132 97 0 0 62 47 0 0 0 66 42 0 
76 5 61 135 109 30 4 44 129 100 75 23 48 143 115 38 0 40 112 101 140 83 125 216 237 
0 3 66 123 5 0 0 55 98 0 53 34 129 146 50 33 52 81 131 41 0 0 55 106 0 
41 3 37 35 7 32 4 28 33 11 102 61 99 92 68 56 13 37 41 14 41 0 39 36 2 
46 0 63 0 64 40 0 65 0 56 28 0 72 0 77 99 59 114 69 113 37 0 63 0 61 
112 54 157 78 61 85 21 158 81 37 53 0 102 15 9 153 76 197 111 89 125 55 203 86 77 
10 108 157 58 158 169 255 318 129 300 40 150 206 49 212 0 75 163 10 142 118 186 244 142 262 
23 24 25 71 57 47 48 40 86 84 0 0 1 35 35 0 0 0 30 19 96 110 109 160 113 
21 33 1 92 2 35 57 0 117 0 92 86 46 149 58 27 39 0 114 0 47 44 0 95 0 
0 0 51 0 0 156 148 213 143 173 0 0 58 0 0 0 0 73 0 0 0 0 67 0 0 
53 94 68 86 43 17 34 0 31 0 84 104 78 117 44 14 59 10 42 6 77 74 77 108 34 
13 7 0 0 70 14 2 0 0 52 56 59 46 46 122 21 20 18 12 69 88 109 87 80 117 
57 9 9 2 18 87 60 62 65 65 94 73 80 86 83 39 0 5 0 12 33 10 10 7 19 
22 114 82 17 35 0 92 71 5 6 0 75 46 0 20 0 89 50 7 17 46 141 110 45 83 
124 160 83 85 85 60 57 37 18 18 36 51 14 0 0 35 42 13 0 0 28 39 13 0 0 
0 69 55 0 67 0 71 63 0 72 0 79 53 0 55 0 66 64 0 69 0 84 67 0 66 
95 0 0 76 0 83 0 0 74 0 99 0 0 74 0 100 0 0 61 0 122 15 23 103 29 
67 128 76 75 79 0 62 0 0 0 39 103 44 38 36 0 55 0 0 0 30 77 26 30 30 
66 79 15 21 22 47 42 0 0 2 51 68 15 8 16 63 70 36 39 45 79 75 46 29 45 
36 70 39 64 27 0 59 10 41 16 0 48 11 44 20 0 39 13 32 13 38 102 58 93 73 
0 0 57 27 11 0 0 48 36 4 0 0 52 46 7 48 56 125 109 67 60 55 108 101 68 
29 40 28 23 32 0 0 0 0 0 76 60 60 63 57 0 0 0 0 0 125 110 105 120 111 
44 33 41 33 39 0 0 20 0 0 0 0 19 0 0 55 43 90 58 49 138 101 148 144 131 
35 39 91 40 46 7 8 55 3 12 56 43 116 51 45 0 0 48 0 0 0 1 54 17 1 
0 0 180 32 0 0 0 141 23 0 19 20 156 36 18 0 0 166 23 0 0 0 162 23 0 
43 70 0 0 0 66 93 38 30 29 67 108 17 13 9 79 119 37 37 41 37 66 0 0 0 
84 0 84 88 97 156 69 186 165 179 169 91 184 199 217 150 50 113 126 164 95 5 98 134 123 
94 140 82 59 75 14 52 6 0 0 88 136 72 57 59 38 75 33 21 15 27 58 0 0 0 
0 117 109 168 0 0 130 123 169 0 0 108 125 167 0 0 118 114 155 0 0 127 119 174 0 
0 0 0 139 34 0 0 0 158 28 27 29 16 156 50 0 0 0 148 34 0 0 0 138 38 
21 0 0 153 0 13 0 0 116 0 108 80 114 229 112 17 0 0 132 0 27 0 0 118 0 
51 77 44 42 59 0 49 0 0 25 42 80 41 36 59 7 35 0 0 32 5 53 0 0 23 
113 111 22 31 76 170 197 79 76 175 130 135 40 52 74 67 56 0 10 44 198 222 71 118 127 
60 154 131 84 83 5 42 66 12 4 44 74 108 36 35 27 70 63 10 22 0 56 50 0 0 
7 23 11 4 57 13 27 23 1 94 0 18 8 5 49 49 79 67 44 149 28 37 37 33 92 
0 0 205 0 41 0 0 237 0 27 0 0 204 0 25 0 0 203 0 23 0 0 193 0 27 
761 495 654 426 559 474 195 339 192 233 529 311 362 203 318 380 166 179 38 134 580 401 498 338 405 
88 67 0 3 1 184 167 89 90 72 91 82 0 0 0 103 96 22 15 19 74 64 0 0 0 
159 292 129 168 122 233 371 134 254 172 131 273 80 160 83 39 183 0 51 0 89 196 63 104 35 
21 0 29 72 0 24 0 15 45 0 71 39 63 75 18 84 53 79 95 65 28 1 24 43 0 
0 0 0 35 0 74 66 49 98 56 0 0 0 24 0 45 47 63 91 49 40 49 41 95 39 
0 0 0 0 52 0 0 0 0 57 0 0 0 0 69 0 0 0 0 58 136 159 146 155 188 
75 1 44 0 12 131 14 61 28 47 145 56 100 46 50 164 84 145 79 103 140 33 46 14 32 
52 34 101 108 35 0 0 77 99 0 53 45 124 132 37 0 0 88 99 0 0 0 74 74 0 
154 0 0 56 0 157 0 0 56 0 143 0 0 40 0 171 0 0 46 0 150 0 0 41 0 
58 26 27 64 73 39 0 0 26 57 54 0 0 25 39 54 0 0 35 38 88 44 47 78 84 
0 0 0 0 0 0 0 2 0 0 0 0 1 0 0 0 0 0 0 0 0 0 19 1 8 
193 155 184 307 156 37 3 82 158 0 74 49 130 209 72 33 11 91 117 29 51 2 68 96 0 
67 83 135 87 68 0 0 38 0 0 0 0 55 1 0 0 0 48 0 0 155 181 216 198 193 
0 0 0 1181 0 0 0 0 1184 0 0 0 0 1199 0 0 3 3 1269 1 0 0 0 1200 0 
0 0 1435 0 0 0 0 1459 0 0 0 0 1340 0 0 0 0 1466 0 0 0 0 1427 0 0 
