1002 937 787 829 943 1179 1079 1093 1061 1136 749 779 711 787 860 1097 982 1021 1113 1123 633 494 511 526 664 
218 199 213 195 193 0 0 0 0 0 156 84 152 114 124 0 0 0 0 0 0 0 0 0 0 
126 46 44 222 234 77 0 0 151 156 176 52 44 263 279 74 0 0 122 151 111 0 0 168 160 
312 42 132 111 96 253 0 48 11 5 473 131 204 148 152 493 225 355 243 278 320 44 105 76 63 
0 0 80 93 1 126 79 181 166 95 6 4 85 84 4 114 89 177 158 100 66 51 128 145 44 
168 44 126 162 34 138 8 104 126 1 122 27 107 134 19 132 0 77 142 0 278 186 264 316 159 
114 13 28 0 99 109 6 18 0 128 212 108 100 79 198 167 76 97 64 162 248 127 135 116 271 
0 0 0 0 0 0 0 0 0 0 1023 1036 982 1009 1053 0 0 0 0 0 0 0 0 0 0 
0 0 0 313 0 0 0 2 275 1 141 135 111 428 131 148 135 101 465 140 0 0 0 275 0 
17 10 22 198 7 0 0 0 207 0 38 47 39 200 35 0 0 0 186 0 0 6 3 191 3 
0 0 0 0 0 0 0 0 0 0 0 0 0 0 0 66 66 71 69 88 186 149 159 198 164 
68 89 69 53 163 0 9 0 0 91 0 3 0 0 104 0 6 0 0 97 76 74 77 62 146 
153 144 162 160 167 0 0 0 0 0 0 0 0 0 0 0 0 0 0 0 87 81 66 70 88 
0 0 0 0 0 0 0 0 0 0 0 0 0 0 0 426 425 418 402 411 190 178 180 187 201 
0 196 0 0 85 0 167 0 0 101 130 320 158 138 211 0 178 0 0 95 0 205 0 0 75 
820 0 0 0 0 805 0 0 0 0 812 0 0 0 0 840 0 0 0 0 843 0 0 0 0 
54 14 185 122 161 52 13 155 137 139 108 81 236 212 190 202 161 353 340 284 161 105 242 245 276 
77 146 94 170 86 68 101 68 125 69 0 43 0 47 0 41 108 65 96 55 0 57 0 35 0 
49 11 17 10 24 143 118 119 122 132 40 0 0 0 21 25 0 0 0 32 151 131 107 118 181 
0 0 129 0 0 0 0 116 0 0 0 0 132 0 0 134 111 225 105 114 0 0 131 0 0 
0 70 44 51 0 0 88 48 48 0 38 112 107 109 43 0 81 58 52 0 0 75 58 46 0 
0 2 0 4 167 156 126 135 148 263 151 132 133 118 235 2 1 1 0 128 87 99 114 92 217 
0 0 0 0 0 0 0 0 0 0 0 0 0 0 0 1020 1125 1101 1063 1019 0 0 0 0 0 
0 19 54 144 0 0 20 57 130 0 0 20 56 165 0 0 20 58 156 0 0 17 55 174 0 
65 50 0 0 0 86 74 15 16 14 139 82 36 36 30 91 61 0 0 0 96 94 22 23 28 
72 107 73 146 145 9 40 18 71 77 10 44 22 77 79 0 39 0 59 82 0 36 0 61 72 
99 121 126 64 5 93 133 159 58 1 281 293 340 284 208 121 135 150 58 5 262 215 298 226 132 
87 25 30 110 28 77 0 0 121 0 213 151 142 228 133 69 0 0 106 3 116 52 53 177 43 
126 116 47 52 30 150 121 57 65 30 60 56 16 0 0 93 91 28 15 14 92 61 10 0 0 
0 0 135 56 0 0 0 153 51 0 0 0 183 53 0 0 0 161 45 0 0 0 141 42 0 
127 154 163 120 117 0 58 75 0 0 0 48 64 0 0 35 69 92 33 38 0 45 97 0 0 
71 62 77 77 65 111 128 118 122 115 28 44 47 42 46 0 0 0 0 0 0 0 0 0 0 
0 0 0 165 0 0 0 0 173 0 229 234 219 409 242 0 0 0 169 0 0 0 0 155 0 
0 0 0 0 0 153 148 186 155 153 0 0 0 0 0 0 0 0 0 0 81 75 75 69 89 
104 0 0 73 42 133 34 49 124 92 213 78 88 159 152 74 0 0 74 35 198 83 78 161 110 
0 81 0 0 0 0 72 0 0 0 0 57 0 0 0 106 144 78 111 80 48 121 45 46 46 
0 0 106 0 0 93 89 205 118 119 0 0 98 0 0 7 10 102 4 8 14 15 92 9 15 
241 210 187 252 111 118 98 76 115 0 91 94 63 99 0 257 242 162 275 120 130 105 76 143 2 
0 0 0 0 0 32 41 30 20 22 0 0 0 0 0 61 78 76 70 101 110 104 114 106 147 
0 231 0 208 0 0 188 0 200 0 8 211 7 205 7 0 193 0 199 0 0 208 0 208 0 
0 40 0 126 0 0 48 0 144 0 0 51 0 136 0 61 146 70 215 78 0 57 0 121 0 
0 0 0 0 68 74 65 71 56 123 78 67 68 75 116 0 0 0 0 68 0 0 0 0 72 
78 302 343 59 209 27 210 255 9 144 48 272 330 62 203 131 346 333 123 259 213 365 387 177 309 
0 54 42 0 102 22 75 58 18 107 32 88 105 42 100 0 75 29 0 72 0 73 29 0 80 
118 102 108 121 127 17 0 0 35 0 12 0 0 36 0 18 0 0 42 0 89 66 62 113 81 
69 0 67 0 0 63 0 75 0 0 113 53 107 48 50 100 17 78 13 12 65 0 73 0 0 
0 17 81 0 96 0 13 69 0 107 0 14 75 0 108 0 13 92 0 135 0 12 69 0 103 
18 70 157 89 24 51 70 163 107 58 0 37 120 38 0 46 73 163 112 37 0 24 109 64 0 
0 58 0 0 0 0 66 0 0 0 104 209 97 125 113 0 84 0 0 0 14 75 17 22 24 
0 0 0 78 0 65 72 58 144 94 0 0 0 88 0 0 0 0 86 0 82 73 77 168 74 
56 0 105 52 0 62 0 120 62 0 70 0 106 57 0 50 0 122 59 0 52 0 111 58 0 
94 60 0 33 0 125 88 24 53 29 121 99 0 31 0 136 69 0 48 0 114 74 0 39 0 
0 0 0 0 26 198 193 194 204 222 0 0 0 0 32 0 0 0 0 32 0 0 0 0 38 
90 47 58 108 78 58 37 49 96 68 24 0 0 52 9 29 0 0 47 11 35 11 8 57 27 
31 74 10 7 13 24 63 0 0 0 21 87 0 0 0 160 208 162 148 137 29 91 0 0 0 
0 0 0 21 0 176 168 194 193 161 0 0 0 22 0 0 0 0 21 0 0 0 0 19 0 
72 81 139 140 92 0 0 53 63 0 0 0 74 60 0 0 0 71 55 0 0 0 60 63 0 
72 63 65 62 82 45 0 0 0 10 91 70 54 55 84 35 0 0 0 22 106 54 53 57 68 
0 0 27 0 70 9 6 36 14 90 0 0 34 0 70 11 7 46 8 96 83 77 114 64 156 
592 603 617 654 600 0 0 0 0 0 0 0 0 0 0 0 0 0 0 0 0 0 0 0 0 
74 137 160 83 92 33 91 123 33 31 0 39 80 0 0 0 47 88 0 0 0 48 82 0 0 
0 0 110 0 0 0 0 91 0 0 76 113 207 112 101 0 0 85 0 0 0 0 104 0 0 
103 124 38 54 127 38 42 0 0 94 40 60 0 0 70 45 43 0 0 72 57 41 0 0 83 
0 51 0 27 37 60 130 62 86 100 0 63 0 29 38 0 61 0 38 37 28 69 25 57 70 
9 6 99 5 12 0 0 87 0 0 0 0 83 0 0 36 39 120 27 29 75 78 150 59 85 
0 0 0 58 83 103 93 71 142 187 0 0 0 57 88 0 0 0 40 91 0 0 0 54 84 
108 181 89 87 100 22 123 0 0 0 32 131 6 9 8 24 88 0 0 0 27 92 1 2 0 
64 22 94 39 102 18 0 41 3 64 16 0 41 0 79 16 0 52 0 62 3 0 37 7 71 
43 0 9 2 2 54 0 3 0 0 57 47 17 31 57 107 46 41 35 36 159 120 109 143 116 
57 33 118 47 45 19 0 81 0 0 18 0 77 0 0 17 0 70 0 0 46 31 113 36 24 
84 68 87 46 47 30 23 31 0 5 54 60 45 23 36 45 23 34 0 10 36 27 36 0 3 
0 62 65 0 0 0 60 38 0 0 21 104 71 21 21 32 109 55 40 42 0 62 52 0 0 
12 0 0 0 0 8 40 16 0 4 0 38 0 0 6 17 0 0 0 0 0 17 0 0 0 
30 0 91 0 45 64 43 124 38 80 25 0 85 0 28 37 10 99 5 36 31 0 99 0 28 
0 2118 0 0 1 0 2170 0 0 0 0 2040 0 0 0 0 2111 0 0 0 0 2040 0 0 0 
21 127 126 14 13 92 227 242 98 98 0 148 131 2 0 50 220 166 76 52 6 164 126 0 4 
63 90 72 0 0 44 108 88 0 0 72 93 103 0 0 49 104 84 0 0 50 95 91 0 0 
0 100 0 116 0 89 162 78 241 84 83 198 54 200 52 0 93 0 128 0 0 116 0 95 0 
75 105 141 110 85 0 0 48 0 0 0 0 82 0 0 0 0 60 1 0 208 244 279 235 245 
0 0 0 0 0 1266 1212 1215 1182 1240 0 0 0 0 0 0 0 0 0 0 0 0 0 0 0 
0 0 82 127 0 0 0 77 110 0 0 0 83 131 0 0 0 83 132 0 0 0 77 135 0 
174 57 61 98 47 165 58 66 127 82 94 0 0 42 0 101 0 0 52 0 106 0 0 59 0 
0 124 0 0 80 0 140 0 0 72 0 147 0 0 84 0 134 0 0 68 0 138 0 0 98 
196 295 179 235 110 69 166 50 138 2 289 394 254 360 153 149 334 167 253 79 232 346 321 310 160 
118 96 303 322 108 0 2 210 210 10 120 113 315 342 130 0 0 189 202 13 13 12 215 207 23 
141 104 104 145 261 13 29 0 16 175 16 26 6 5 170 214 213 166 183 351 213 251 239 227 385 
0 73 0 0 0 0 53 0 0 0 0 64 0 0 0 8 65 5 11 0 179 229 176 170 175 
76 38 57 17 71 63 13 26 0 62 56 9 33 0 31 105 12 23 0 58 172 141 135 114 162 
202 77 0 101 0 207 68 0 104 0 204 59 0 104 0 196 66 0 113 0 204 68 0 120 0 
55 0 0 0 0 62 0 0 0 0 64 0 0 0 0 202 132 145 146 141 52 0 0 0 0 
143 271 318 180 67 179 236 319 190 71 159 279 299 187 149 69 177 239 103 14 82 226 248 147 28 
96 4 14 73 27 135 81 58 136 85 122 78 77 122 97 94 33 17 86 46 74 0 0 39 20 
115 129 138 91 208 0 0 9 0 50 63 82 89 62 125 0 0 27 0 52 0 0 12 0 70 
41 84 0 110 0 134 176 95 205 80 111 127 87 204 89 52 77 0 105 0 35 67 0 106 0 
100 98 106 99 166 92 90 80 74 135 0 33 0 0 44 0 26 0 0 32 66 85 68 66 108 
0 81 0 0 0 37 147 43 37 36 39 171 48 40 36 31 157 32 32 47 43 148 63 37 75 
29 11 41 25 0 99 73 120 100 64 32 22 48 29 0 39 8 50 26 0 34 20 37 31 0 
0 15 2 75 201 124 121 120 201 335 1 23 0 85 242 0 5 0 91 246 109 142 113 176 292 
4 11 83 2 221 5 0 52 9 170 106 96 165 111 272 134 128 211 165 324 2 0 59 1 179 
162 0 0 0 0 150 0 0 0 0 253 82 116 119 115 137 0 0 0 0 158 0 0 0 0 
0 0 0 0 848 0 0 0 0 790 0 0 0 0 843 0 0 0 0 832 0 0 0 0 779 
142 117 0 202 62 153 154 3 211 74 193 167 56 244 98 110 122 1 166 82 117 156 0 232 59 
135 0 0 0 0 260 98 87 83 74 162 1 0 0 0 149 0 0 0 0 153 0 0 0 0 
0 0 0 0 0 74 58 76 67 74 0 0 0 0 0 151 123 146 150 143 0 0 0 0 0 
0 26 0 166 0 42 61 51 198 33 0 20 0 147 0 0 19 0 146 0 0 24 0 176 0 
58 26 83 104 99 39 0 57 46 34 26 0 62 69 43 84 47 99 119 93 10 0 36 50 24 
42 48 55 128 108 28 20 31 81 74 0 0 0 78 55 0 0 0 48 50 6 9 7 76 53 
0 8 63 0 0 76 96 169 86 89 0 8 63 0 0 58 79 162 48 55 0 6 61 0 0 
111 0 110 0 0 101 0 83 0 0 92 0 100 3 1 69 0 99 0 0 108 11 88 10 10 
267 104 312 126 190 316 172 396 171 231 348 166 396 175 255 177 18 209 45 125 214 71 287 14 133 
64 151 69 83 66 0 85 0 27 0 17 126 28 34 26 0 104 0 17 0 0 74 0 22 0 
0 0 39 0 67 43 51 95 54 140 72 88 109 66 154 0 0 37 0 71 0 0 56 0 78 
0 0 17 0 215 0 0 16 0 195 0 0 29 0 176 0 0 27 0 192 0 0 26 0 193 
0 0 0 59 0 0 0 0 64 0 62 61 52 156 48 0 0 0 67 0 100 87 91 183 96 
93 0 0 104 0 121 0 0 126 0 110 0 0 97 0 98 1 0 120 0 105 0 0 118 0 
7 42 63 49 0 107 169 161 163 117 163 220 212 205 155 12 58 97 85 16 79 110 123 118 48 
121 162 147 126 261 0 0 0 0 89 0 0 0 0 82 24 25 33 23 122 0 0 0 0 81 
145 255 154 143 156 0 131 0 0 0 90 223 90 96 92 5 113 0 0 0 109 241 95 79 105 
136 126 79 79 78 77 46 0 0 0 87 47 4 4 8 63 46 0 0 0 74 57 0 0 0 
0 105 0 0 0 32 148 47 49 56 0 115 0 0 0 62 178 72 73 63 0 101 0 0 0 
0 0 0 0 0 0 0 0 0 0 0 0 0 0 0 0 0 0 0 0 464 426 473 458 414 
0 0 36 0 0 73 79 92 75 87 0 0 31 0 0 77 75 85 59 79 19 25 59 22 26 
4 14 15 14 50 0 0 0 0 36 78 79 67 68 98 0 0 0 0 33 68 98 78 76 105 
0 0 0 144 0 0 0 0 126 0 0 0 0 150 0 0 0 0 159 0 82 80 92 220 102 
0 67 0 33 71 0 64 0 38 76 0 56 0 36 90 1 59 0 31 73 18 77 25 55 113 
0 113 0 0 0 0 109 0 0 0 0 108 0 0 0 0 98 0 0 0 99 193 103 107 96 
0 0 0 38 0 81 71 73 70 81 41 0 54 56 49 0 0 0 26 0 100 86 100 159 107 
0 0 117 55 0 44 47 158 110 52 0 0 104 40 0 0 0 93 39 0 0 0 128 36 0 
12 27 0 0 0 0 65 7 0 24 0 45 0 0 15 0 0 0 0 0 0 38 10 0 33 
59 0 0 0 0 126 62 61 76 69 99 20 18 20 15 131 47 46 52 41 57 0 0 0 0 
83 35 33 111 37 39 0 0 91 0 48 0 0 85 0 81 31 25 118 29 55 0 0 83 0 
0 0 63 43 0 0 0 55 39 0 101 98 149 130 97 0 0 62 44 0 0 0 67 38 0 
33 0 0 81 115 81 63 74 120 186 27 1 10 94 116 63 17 32 89 116 32 31 45 94 137 
3 8 50 99 10 0 0 58 88 0 51 37 120 131 55 30 45 73 128 42 0 0 50 86 0 
48 6 45 45 8 39 3 40 47 21 121 73 117 114 87 70 16 52 52 17 53 0 46 43 0 
39 0 54 0 55 38 0 56 0 51 26 0 66 0 69 88 50 103 64 103 30 0 55 0 53 
93 28 176 98 52 73 16 162 86 36 70 0 163 48 23 164 67 239 140 114 100 38 217 93 60 
8 73 156 30 113 149 209 282 142 270 37 124 214 42 179 0 29 155 1 117 82 139 235 99 227 
20 24 29 69 55 44 53 38 101 93 0 0 0 37 37 0 0 0 31 21 98 113 125 158 123 
17 31 0 86 0 30 49 0 108 0 80 79 42 132 56 25 38 0 108 0 39 34 0 81 0 
0 0 55 0 0 165 155 225 154 181 0 0 67 0 0 0 0 79 0 0 0 0 70 0 0 
12 11 0 0 76 13 1 0 0 62 67 71 54 47 135 22 21 18 13 82 94 128 100 94 142 
58 11 10 6 19 86 59 62 62 64 94 73 78 86 83 39 0 4 0 12 34 11 12 4 20 
20 103 76 16 34 0 99 76 5 7 0 72 42 0 20 0 86 57 5 10 48 131 109 45 81 
167 209 115 122 116 91 65 50 23 23 44 51 17 0 0 53 60 22 0 0 47 53 15 0 0 
94 0 0 11 0 87 0 0 8 0 102 0 0 23 0 102 0 0 0 0 125 14 22 50 32 
52 70 11 19 8 35 38 0 0 0 32 58 12 2 13 57 64 32 35 39 72 65 44 23 42 
36 74 41 68 29 0 62 10 42 15 0 48 9 45 18 0 42 12 30 12 34 98 61 92 76 
0 0 55 27 11 0 0 45 35 3 0 0 44 40 5 43 53 121 94 61 54 50 100 92 63 
29 38 26 22 31 0 0 0 0 0 71 59 57 62 55 0 0 0 0 0 120 107 99 114 110 
37 32 35 27 36 0 0 12 0 0 0 0 18 0 0 49 49 83 54 48 115 95 127 136 117 
34 33 105 46 53 1 5 57 10 17 59 52 124 56 56 0 0 51 0 4 0 3 58 22 9 
0 0 180 32 0 0 0 141 23 0 19 20 156 37 18 0 0 165 23 0 0 0 162 23 0 
46 121 0 0 0 94 167 62 53 59 109 196 38 33 23 111 199 74 75 68 41 112 0 0 0 
78 0 82 78 92 139 64 169 171 172 153 88 171 197 215 141 49 118 129 157 88 6 82 121 126 
116 152 91 83 88 15 72 8 0 0 97 164 81 68 72 46 85 33 26 24 31 75 0 0 0 
0 114 108 161 0 0 126 117 162 0 0 107 120 166 3 0 117 114 153 2 0 126 117 164 0 
13 0 0 131 0 9 0 0 95 0 91 65 87 186 84 11 0 0 99 0 20 1 0 105 1 
46 74 39 42 57 0 53 0 0 21 51 80 45 40 68 7 37 0 0 33 0 61 0 0 29 
95 125 16 56 76 133 218 75 91 171 114 139 47 69 89 65 80 4 13 71 193 245 94 139 178 
60 164 111 76 84 7 45 66 14 3 33 74 93 27 25 20 76 58 10 23 0 61 52 0 0 
0 19 10 0 75 9 28 22 0 104 0 20 14 2 54 56 74 68 43 151 29 43 37 29 98 
656 518 498 460 508 486 314 286 214 269 532 377 332 246 357 391 236 140 71 187 576 433 422 369 402 
98 67 2 3 1 177 164 69 80 82 76 86 0 0 0 99 92 19 21 29 67 62 0 0 0 
163 305 125 140 131 275 404 160 259 184 148 302 69 137 63 46 197 0 37 0 77 218 40 86 19 
0 0 0 0 55 0 0 0 0 63 0 0 0 0 77 0 0 0 0 62 157 170 164 176 205 
59 0 34 0 15 109 10 51 31 30 134 60 117 63 59 144 82 145 88 108 114 31 50 16 31 
150 0 0 52 0 156 0 0 55 0 141 0 0 38 0 167 0 0 45 0 149 0 0 41 0 
142 131 166 244 120 31 0 91 122 0 68 45 111 188 61 41 3 87 116 27 45 0 80 95 0 
63 95 72 159 137 0 13 4 89 43 0 13 6 50 46 0 12 8 76 47 28 39 25 91 60 
117 99 94 47 16 175 160 139 97 118 91 82 59 32 2 242 188 175 125 135 145 153 124 39 42 
58 130 51 56 53 0 55 0 0 0 6 80 5 5 4 0 64 0 0 0 76 154 62 75 65 
0 0 0 14 0 0 0 0 20 0 0 0 0 21 0 0 0 0 21 0 187 200 230 234 234 
44 0 0 25 38 118 83 75 96 104 49 1 0 26 39 41 0 0 18 43 50 0 0 26 34 
46 3 49 112 97 16 2 34 101 94 64 24 55 148 121 14 0 37 92 99 115 92 125 196 215 
0 81 66 0 76 0 84 76 0 84 0 92 65 0 60 0 80 83 0 78 0 97 79 0 72 
54 28 66 45 33 78 67 111 58 62 31 19 39 26 15 63 58 127 81 58 10 0 45 0 0 
80 0 0 0 54 72 0 0 0 46 88 0 0 0 59 70 0 0 0 51 197 97 80 94 159 
72 116 6 121 99 55 124 6 107 104 30 69 1 119 69 182 241 143 230 188 117 180 88 169 151 
86 100 122 89 78 8 37 44 19 12 0 18 49 0 0 68 84 97 72 49 24 30 62 20 12 
0 0 0 140 35 0 0 0 158 28 27 29 16 157 51 0 0 0 149 34 0 0 0 138 38 
0 0 204 0 36 0 0 233 0 25 0 0 205 0 24 0 0 198 0 20 0 0 188 0 25 
0 0 0 147 13 160 132 128 330 169 0 0 0 166 16 118 122 117 256 115 0 0 0 131 8 
25 78 101 139 43 13 64 70 136 20 68 97 96 144 59 28 120 87 149 53 51 88 95 155 50 
0 0 0 1250 0 0 0 0 1244 0 0 0 0 1245 0 0 2 4 1328 1 0 1 0 1258 0 
195 0 0 0 0 196 13 18 17 20 178 0 0 0 0 195 0 0 0 0 166 0 0 0 0 
92 0 0 0 0 117 0 0 0 0 122 0 0 0 0 102 0 0 0 0 206 88 85 89 99 
102 16 91 0 0 112 15 104 0 0 127 11 94 0 0 128 11 94 0 0 117 16 113 0 0 
0 0 0 37 0 73 65 49 102 56 0 0 0 26 0 46 47 65 93 52 45 49 44 96 40 
0 0 1463 0 0 0 0 1494 0 0 0 0 1383 0 0 0 0 1491 0 0 0 0 1464 0 0 
