973 899 894 868 1000 1156 1166 1231 1128 1237 727 702 719 740 882 1054 1008 1038 1103 1079 716 565 620 593 732 
175 140 168 158 172 0 0 0 0 0 123 73 131 95 97 0 0 1 0 0 0 0 0 0 0 
165 76 52 243 289 112 0 0 152 214 223 67 44 289 348 77 0 0 127 214 99 0 0 174 203 
302 47 122 118 64 230 0 44 24 1 407 112 184 122 124 462 221 341 244 203 269 62 111 79 60 
0 0 56 63 1 84 59 119 112 73 1 3 48 47 3 69 55 114 114 59 53 30 97 90 37 
192 44 143 189 55 136 15 97 140 4 147 26 126 147 20 130 8 74 147 4 310 186 293 338 181 
127 12 25 0 115 113 7 19 0 137 246 118 117 105 206 190 90 109 77 179 263 122 142 118 275 
0 0 0 0 0 0 0 0 0 0 1059 1066 1028 1051 1098 0 0 0 0 0 0 0 0 0 0 
0 0 0 296 0 1 0 3 263 0 111 107 96 383 112 118 117 108 435 146 0 0 0 243 0 
14 9 14 198 6 0 0 0 203 0 41 51 35 197 36 0 0 0 175 0 1 4 2 189 0 
0 1 0 0 0 0 0 0 0 0 0 0 0 0 0 58 68 68 64 86 186 158 151 188 165 
61 74 53 44 139 0 10 0 0 82 0 3 0 0 88 0 4 0 0 94 65 68 66 60 134 
142 160 159 157 173 0 0 0 0 0 0 0 0 0 0 0 0 0 0 0 90 88 71 73 89 
0 0 0 0 0 0 0 0 0 0 0 0 0 0 0 424 427 413 402 410 190 177 180 185 201 
0 204 0 0 83 0 177 0 0 97 134 339 149 135 216 0 188 0 0 101 0 227 0 0 75 
802 0 0 0 0 796 0 0 0 0 786 0 0 0 0 819 0 0 0 0 826 0 0 0 0 
28 0 193 153 143 38 11 181 148 142 124 116 284 218 209 198 190 397 313 307 149 97 240 207 276 
79 128 81 156 76 56 74 68 110 67 0 48 0 44 0 42 102 51 97 50 0 45 0 37 0 
33 8 12 7 24 134 94 103 100 109 34 0 0 0 18 29 0 0 0 22 119 106 86 98 133 
0 0 126 0 0 0 0 121 0 0 0 0 133 0 0 139 105 222 113 109 0 0 128 0 0 
0 72 46 46 0 0 80 45 48 0 36 107 103 104 34 0 77 52 50 0 0 74 57 44 0 
1 0 0 4 141 131 102 118 142 224 146 133 114 133 207 10 3 0 0 121 86 90 103 96 203 
0 0 0 0 0 0 0 0 0 0 0 0 0 0 0 1023 1119 1109 1068 1017 0 0 0 0 0 
0 19 60 157 0 0 24 59 136 0 0 20 50 175 0 0 18 56 157 0 0 16 62 172 0 
63 47 0 0 0 79 67 15 14 13 128 81 34 34 27 84 60 0 0 0 92 88 22 23 28 
65 98 64 130 124 5 34 18 61 63 12 43 20 77 81 0 38 0 52 62 0 32 0 53 59 
78 121 119 72 6 85 119 170 86 1 285 292 323 273 196 115 136 144 96 1 243 225 302 230 147 
82 10 10 109 22 76 0 0 120 0 218 156 139 236 136 74 0 0 115 0 114 44 44 180 43 
126 103 50 53 32 154 116 47 58 27 59 62 17 0 0 90 97 23 13 13 91 59 11 0 0 
0 0 135 56 0 0 0 148 52 0 0 0 179 51 0 0 0 159 43 0 0 0 136 41 0 
119 157 169 118 114 0 48 73 0 0 0 42 61 0 0 35 71 99 34 32 0 40 92 0 0 
66 57 72 71 64 104 129 112 113 103 23 40 46 38 40 0 0 0 0 0 0 0 0 0 0 
0 0 0 165 0 0 0 0 175 0 231 235 221 409 244 0 0 0 171 0 0 0 0 155 0 
0 0 0 0 0 187 187 208 180 177 0 0 0 1 0 0 0 0 0 0 89 73 86 78 107 
114 2 3 58 47 132 27 44 108 107 217 77 87 154 154 86 0 0 73 37 192 63 69 137 122 
0 82 0 0 0 0 79 0 0 0 0 62 0 0 0 117 153 81 119 87 52 134 46 46 54 
0 0 109 0 0 93 93 198 118 112 0 0 102 0 0 9 9 106 4 9 15 14 88 9 15 
255 210 189 259 109 116 92 66 112 0 92 89 61 104 0 270 244 157 271 113 133 115 77 158 4 
0 0 0 0 0 39 49 37 21 24 0 1 0 0 0 68 79 85 74 114 134 119 132 113 164 
0 233 0 207 0 0 188 0 195 0 8 212 7 206 7 0 189 0 203 0 0 206 0 211 0 
0 41 0 126 0 0 51 0 141 0 0 48 0 136 0 60 148 66 207 71 0 58 0 130 0 
0 0 0 0 80 89 78 81 61 138 93 76 73 85 136 0 0 0 0 74 0 0 0 0 80 
69 286 357 46 232 21 230 289 10 184 66 285 351 63 199 106 343 346 119 279 234 417 446 177 331 
0 44 34 0 82 20 60 47 13 89 28 80 93 39 80 0 59 25 0 66 0 61 28 0 70 
117 109 120 134 134 20 0 0 40 1 19 0 0 39 0 23 0 0 47 0 93 76 66 116 82 
69 0 66 0 0 64 0 77 0 0 115 54 109 48 51 100 16 78 13 12 67 0 73 0 0 
0 23 89 0 107 0 12 77 0 115 0 16 77 0 119 0 15 100 0 150 0 14 74 0 108 
26 62 155 94 23 56 77 168 118 58 0 41 122 43 0 46 79 165 123 49 0 27 110 67 0 
0 58 0 0 0 0 66 0 0 0 104 206 96 124 111 0 82 0 0 0 14 75 16 22 24 
0 0 0 82 0 72 70 63 143 88 0 0 0 76 0 0 0 0 92 0 76 70 67 165 67 
54 0 98 48 0 63 0 114 59 0 68 0 106 58 0 52 0 113 60 0 45 0 106 54 0 
96 59 0 32 0 126 93 19 53 28 117 105 0 38 0 133 60 0 44 0 107 75 0 47 0 
0 0 0 1 30 203 197 206 203 229 0 0 0 0 46 0 0 0 0 37 0 0 0 0 40 
88 46 55 105 77 58 37 48 93 67 23 0 0 50 10 26 0 0 46 9 35 11 4 50 26 
29 73 9 7 13 20 63 0 0 0 21 86 0 0 0 152 202 152 135 133 29 84 0 0 0 
0 0 0 22 0 189 172 197 200 165 0 0 0 23 0 0 0 0 22 0 0 0 0 19 0 
71 81 135 144 90 0 0 53 63 0 0 0 75 60 0 0 0 67 53 0 0 0 63 63 0 
74 68 67 49 80 46 0 0 0 11 85 72 52 52 82 34 0 0 0 21 96 58 49 54 64 
0 0 25 0 69 9 6 36 12 89 0 0 34 0 70 10 6 43 8 95 81 75 114 64 153 
588 589 606 642 587 0 0 0 0 0 0 0 0 0 0 0 0 0 0 0 0 0 0 0 0 
76 136 162 82 92 33 105 117 33 36 0 35 84 0 0 0 45 93 0 0 1 57 86 0 0 
0 0 110 0 0 0 0 91 0 0 76 114 207 112 101 0 0 85 0 0 0 0 104 0 0 
114 144 51 71 154 48 53 0 0 96 44 72 0 0 76 49 46 0 0 81 66 46 0 0 98 
0 49 0 23 36 60 114 55 80 96 0 61 0 27 38 0 56 0 41 40 26 67 22 53 64 
9 7 99 5 12 0 0 87 0 0 0 0 83 0 0 36 39 119 27 29 75 78 150 59 85 
0 0 0 53 79 93 86 68 121 174 0 0 0 50 81 0 0 0 39 89 0 0 0 50 75 
111 181 86 80 93 25 121 0 0 0 30 121 5 6 9 27 85 0 0 0 35 89 0 2 0 
66 27 92 40 99 16 0 42 7 65 18 0 43 0 78 17 0 51 0 60 10 0 41 7 71 
63 0 13 0 1 74 0 2 0 0 79 51 58 44 71 123 57 47 39 40 176 102 101 140 120 
57 28 110 40 46 23 0 78 0 0 22 0 74 0 0 23 0 65 0 0 53 21 100 30 16 
88 78 101 50 58 35 30 34 0 9 56 68 61 27 44 46 29 38 0 11 36 31 39 0 10 
0 62 62 0 0 0 66 41 0 0 21 104 71 21 21 32 109 63 40 42 0 61 48 0 0 
22 35 19 0 0 22 69 8 9 4 0 32 0 0 5 13 4 0 0 0 0 28 0 0 0 
30 0 91 0 45 64 43 124 39 80 25 0 85 0 29 37 10 99 5 36 31 0 99 0 28 
0 2110 0 0 0 0 2154 0 0 0 0 2027 0 0 0 0 2110 0 0 0 0 2031 0 0 0 
16 119 121 18 14 77 183 189 81 59 5 121 108 4 0 30 184 154 73 65 2 125 82 0 0 
53 87 67 0 0 41 103 88 0 0 66 96 92 0 0 48 96 82 0 0 50 105 96 0 0 
0 113 0 117 0 109 216 87 243 96 87 215 61 227 51 0 106 0 161 0 1 148 0 125 0 
81 100 172 130 97 0 0 58 0 0 0 0 85 3 0 0 0 63 0 0 231 264 284 256 281 
0 0 0 0 0 1268 1221 1231 1184 1253 0 0 0 0 0 0 0 0 0 0 0 0 0 0 0 
0 0 82 129 0 0 0 75 108 0 0 0 81 130 0 0 0 81 127 0 0 0 73 132 0 
177 57 73 109 45 170 62 64 133 67 92 0 0 46 0 100 0 0 49 0 112 3 0 56 0 
0 117 0 0 82 0 142 0 0 70 0 145 0 0 81 0 131 0 0 69 0 141 0 0 104 
144 257 155 207 90 101 150 21 108 2 267 392 262 379 142 147 270 115 198 47 190 312 275 291 145 
97 82 295 303 94 0 0 185 198 0 115 109 288 338 122 1 0 168 192 3 10 9 191 179 19 
149 122 118 152 265 6 20 5 26 162 12 16 10 12 158 207 232 180 189 333 231 258 240 226 388 
0 70 0 0 0 0 60 0 0 0 0 68 0 0 0 7 69 6 6 4 191 249 194 171 195 
66 38 48 16 57 60 13 26 0 48 49 12 32 0 33 98 13 29 0 50 159 132 115 99 145 
202 76 0 101 0 201 65 0 103 0 205 58 0 104 0 192 71 0 111 0 197 62 0 121 0 
55 0 0 0 0 62 0 0 0 0 64 0 0 0 0 202 133 145 146 141 52 0 0 0 0 
135 304 296 188 89 178 311 339 191 86 151 289 319 170 112 95 216 280 97 18 99 263 277 160 35 
113 4 13 75 33 137 81 75 136 104 137 81 78 104 115 90 37 33 89 55 67 0 0 31 14 
105 113 122 83 183 0 0 8 0 48 56 79 72 65 111 0 0 16 0 52 0 0 12 0 64 
46 95 0 120 0 145 192 100 216 88 103 125 67 202 83 54 85 0 113 0 39 71 0 111 0 
76 90 96 97 130 81 73 69 66 90 0 23 0 0 40 0 18 0 0 25 49 67 56 45 91 
0 81 0 0 0 33 154 40 35 33 39 156 38 40 41 28 131 24 26 38 48 135 47 36 61 
30 11 39 32 0 100 71 112 103 63 38 20 47 30 0 44 9 44 28 0 38 20 37 35 0 
0 8 0 64 199 108 115 113 186 323 0 21 3 78 236 0 14 4 77 240 108 138 113 164 292 
5 12 87 8 227 3 0 61 7 179 111 91 177 122 278 143 137 222 167 331 2 2 75 3 187 
156 0 0 0 0 147 0 0 0 0 238 85 105 118 108 131 0 0 0 0 146 0 0 0 0 
0 0 0 0 846 0 0 0 0 805 0 0 0 0 854 0 0 0 0 845 0 0 0 0 796 
133 120 0 184 54 148 130 6 203 105 191 185 49 231 119 125 100 4 167 87 138 129 0 207 65 
134 0 0 0 0 262 98 86 83 71 161 0 0 0 0 146 0 0 0 0 143 0 0 0 0 
0 0 0 0 0 83 59 77 68 74 0 0 0 0 0 152 122 147 153 149 0 0 0 0 0 
0 26 0 169 0 43 58 51 215 38 0 21 0 154 0 0 18 0 152 0 0 23 0 176 0 
75 41 96 115 129 33 0 46 48 49 19 0 62 53 59 75 51 98 110 112 6 2 49 59 41 
43 48 55 128 106 28 22 31 81 74 0 0 0 77 55 0 0 0 48 50 7 10 9 75 53 
0 8 61 1 0 75 91 170 86 85 0 9 73 0 0 58 79 166 51 57 0 5 59 0 0 
113 0 111 0 0 104 0 87 0 0 93 1 101 4 0 71 0 104 0 0 109 11 89 10 11 
283 101 284 97 222 318 154 389 177 240 352 161 393 204 277 183 28 210 32 139 196 36 252 29 125 
66 155 70 83 66 0 85 0 27 0 19 128 29 35 26 0 107 0 17 0 0 78 0 22 0 
0 0 39 0 72 40 51 93 49 145 72 90 107 59 149 0 0 37 0 70 0 0 54 0 81 
0 0 19 0 217 0 0 20 0 195 0 0 31 0 177 0 0 26 0 200 0 0 25 0 197 
0 0 0 64 0 0 0 0 84 0 64 65 56 156 51 0 0 0 64 0 105 101 97 193 98 
89 0 0 95 0 110 0 0 120 0 104 0 0 95 0 95 0 0 120 0 100 0 0 113 0 
1 33 75 69 0 99 198 204 185 135 154 221 231 226 125 9 77 123 119 30 70 109 128 126 46 
128 182 147 126 280 0 0 0 0 100 0 0 0 0 87 28 30 36 26 140 0 0 0 0 96 
145 261 163 145 162 0 132 0 0 0 110 222 104 100 89 1 113 0 0 5 121 232 108 88 117 
140 128 80 81 81 77 45 0 0 0 87 49 3 3 9 65 46 0 0 0 74 53 0 0 0 
0 107 0 0 0 32 148 45 51 55 0 113 0 0 0 60 173 78 71 64 0 104 0 0 0 
0 0 0 0 0 0 0 0 0 0 0 0 1 0 0 0 0 0 0 0 487 469 525 497 470 
0 0 37 0 0 73 79 92 75 87 0 0 31 0 0 77 75 85 58 79 19 25 59 22 26 
8 15 16 17 52 0 0 0 0 36 79 79 71 69 99 0 0 0 0 32 68 98 78 76 104 
0 0 0 154 0 0 0 0 125 0 0 0 0 158 0 0 0 0 157 0 82 83 86 227 93 
0 66 0 29 71 0 63 0 37 76 0 54 0 34 90 0 60 0 30 72 15 76 25 54 113 
0 112 0 0 0 0 108 0 0 0 0 106 0 0 0 0 96 0 0 0 97 185 99 105 91 
0 0 0 54 0 75 63 84 90 80 40 2 47 60 66 0 0 0 23 0 95 98 98 162 95 
0 0 123 54 0 43 46 161 109 48 0 0 105 37 0 0 0 90 36 0 0 0 129 35 0 
11 19 0 0 0 0 58 0 0 19 0 49 0 0 13 0 0 0 2 0 0 34 7 0 18 
59 0 0 0 0 126 62 61 76 69 99 17 16 17 15 131 47 46 52 41 58 0 0 0 0 
83 35 32 111 37 39 0 0 91 0 48 0 0 85 0 83 33 29 120 31 54 0 0 83 0 
0 0 63 43 0 0 0 55 42 0 101 99 149 132 97 0 0 62 47 0 0 0 67 42 0 
29 0 0 69 90 84 59 74 113 163 27 0 7 75 99 56 20 27 79 99 29 27 43 81 96 
2 7 52 104 13 0 0 55 97 0 62 40 126 148 60 31 45 86 142 41 0 0 51 93 0 
44 0 47 60 0 43 0 43 46 14 146 96 128 133 85 69 14 46 62 21 62 0 55 49 2 
40 0 56 0 58 37 0 57 0 51 26 0 67 0 74 92 51 108 68 111 31 0 58 0 55 
85 22 187 92 51 72 13 174 97 32 69 0 167 49 16 196 64 247 152 129 107 34 220 93 61 
3 70 150 20 110 135 184 285 111 226 39 110 184 53 163 0 34 154 1 106 83 107 205 84 172 
19 22 24 62 50 42 46 37 84 81 0 0 0 33 32 0 0 0 26 17 81 96 97 136 111 
18 31 0 83 0 29 47 0 103 0 77 72 38 128 51 25 37 0 101 0 39 33 0 77 0 
0 0 58 0 0 165 148 220 153 179 0 0 67 0 0 0 0 71 0 0 0 0 74 0 0 
11 7 0 0 67 14 2 0 0 58 62 64 51 40 125 21 20 16 12 73 85 115 89 91 129 
58 10 9 6 20 86 57 61 65 64 93 73 77 86 84 39 0 5 0 12 34 11 14 6 21 
18 100 82 16 29 0 98 74 7 10 0 75 47 0 22 0 80 50 3 12 47 133 115 46 88 
178 216 112 121 121 82 68 51 20 26 45 54 17 0 0 48 55 23 0 0 39 48 14 0 0 
95 0 0 10 0 83 0 0 20 0 99 0 0 16 0 100 0 0 0 0 122 15 23 44 29 
65 78 14 22 20 47 43 0 0 0 48 68 17 8 16 64 70 37 38 46 78 75 48 29 44 
38 80 45 78 32 0 64 10 43 17 1 51 11 49 19 0 45 14 32 13 40 106 72 99 83 
0 0 55 27 10 0 0 44 35 2 0 0 43 39 4 43 53 122 94 60 53 50 100 92 61 
27 38 25 21 30 0 0 0 0 0 71 59 56 62 55 0 0 0 0 0 119 103 97 113 109 
43 32 38 34 41 0 0 16 0 0 0 0 19 0 0 52 46 85 58 49 125 94 140 134 126 
33 38 103 40 54 2 7 60 12 12 53 51 128 51 56 0 0 53 1 0 0 2 61 17 12 
0 0 180 31 0 0 0 141 21 0 19 20 156 37 18 0 0 166 23 0 0 0 162 23 0 
46 119 0 0 0 104 173 68 60 67 96 188 30 20 19 105 194 61 68 65 40 111 0 0 0 
72 0 77 82 89 150 67 165 174 177 161 81 177 196 217 135 48 96 126 154 89 2 90 131 114 
110 144 79 72 82 14 63 0 0 0 97 159 78 60 70 48 79 32 17 20 27 73 0 0 0 
0 116 108 163 0 0 127 119 163 0 0 108 120 167 0 0 117 115 155 0 0 127 118 164 0 
13 0 0 131 0 9 0 0 98 0 93 68 88 190 86 12 0 0 100 0 21 1 1 105 1 
56 76 42 45 69 0 56 0 0 27 42 80 42 37 64 4 38 0 0 32 0 55 0 7 25 
100 118 26 61 74 152 197 81 81 157 122 139 61 62 98 76 80 7 20 61 195 212 98 128 129 
72 198 130 90 104 7 43 72 13 4 33 90 108 33 39 22 85 64 14 28 0 67 52 0 0 
4 23 8 6 61 0 29 24 0 109 0 19 11 6 50 63 84 71 52 154 28 38 38 29 100 
720 532 494 414 450 464 273 199 204 222 486 376 280 215 285 399 196 123 78 169 547 431 381 379 357 
85 63 0 3 0 171 155 72 79 73 67 82 0 0 0 97 92 22 15 17 65 61 0 0 0 
163 307 103 130 108 260 384 150 243 160 149 279 93 138 70 47 200 0 33 0 70 188 45 53 12 
0 0 0 0 56 0 0 0 0 65 0 0 0 0 73 0 0 0 0 64 145 175 151 171 204 
70 0 28 0 11 137 16 56 27 42 139 59 106 50 66 166 81 145 83 117 124 29 52 20 23 
150 0 0 54 0 156 0 0 55 0 141 0 0 40 0 168 0 0 46 0 149 0 0 41 0 
152 121 147 219 112 41 0 72 122 7 70 40 114 176 66 44 6 89 99 27 49 0 70 84 2 
62 100 77 180 145 0 8 7 109 43 0 15 5 64 51 0 11 12 83 48 31 38 25 107 56 
139 117 81 44 24 198 167 143 88 123 113 85 67 29 22 248 174 185 127 125 161 151 141 32 68 
58 130 50 57 53 0 55 0 0 0 6 80 4 5 4 0 64 0 0 0 76 154 62 76 65 
0 0 0 21 0 0 0 0 21 0 0 0 0 20 0 0 0 0 22 0 181 188 219 227 219 
46 2 0 25 39 117 84 77 101 102 50 0 0 25 39 42 1 0 8 43 50 0 0 19 33 
62 6 54 125 119 18 0 35 108 101 72 25 50 146 130 24 0 28 103 97 140 103 139 226 227 
0 80 64 0 74 0 74 67 0 81 0 88 61 0 63 0 69 75 0 74 0 90 67 0 68 
51 23 61 42 37 77 55 93 66 56 21 15 39 19 11 62 45 110 72 52 8 0 33 0 0 
77 0 0 0 52 69 0 0 0 49 84 0 0 0 59 65 0 0 0 52 177 94 77 87 150 
81 146 23 127 95 72 154 20 142 125 42 90 0 124 63 223 291 161 282 233 105 223 97 212 148 
79 101 125 90 69 9 39 41 11 8 0 20 58 0 0 70 84 103 68 60 27 36 66 17 14 
0 0 0 143 36 0 0 0 160 28 28 29 16 163 53 0 0 0 151 34 0 0 0 139 39 
0 0 197 0 34 0 0 226 0 27 0 0 193 0 27 0 0 185 0 26 0 0 180 0 29 
0 0 0 139 13 134 123 114 302 155 1 0 0 158 15 103 113 101 234 97 1 0 0 126 8 
34 103 121 165 67 21 80 100 147 23 74 129 127 170 75 45 157 127 177 64 65 118 115 174 53 
0 0 0 1257 0 0 0 0 1238 0 0 0 0 1267 0 0 4 1 1342 0 0 0 0 1279 0 
195 0 0 0 0 197 13 17 17 20 178 0 0 0 0 196 0 0 0 0 166 0 0 0 0 
92 0 0 0 0 117 0 0 0 0 122 0 0 0 0 102 0 0 0 0 206 88 85 89 99 
99 17 85 0 0 116 13 102 0 0 121 9 92 0 0 117 9 91 0 0 114 14 103 0 0 
0 0 1469 0 0 0 0 1491 0 0 0 0 1359 0 0 0 0 1491 0 0 0 0 1459 0 0 
0 0 0 36 0 76 65 52 101 57 0 0 0 24 0 47 47 64 94 53 41 50 44 96 38 
