981 949 923 919 993 1157 1146 1145 1097 1188 765 743 762 756 872 1021 983 989 1025 1031 649 588 615 586 699 
179 138 166 157 146 0 0 0 0 0 109 82 120 102 94 0 0 0 0 0 0 0 0 0 0 
96 33 30 137 151 54 0 0 127 113 158 69 67 193 217 83 0 0 78 127 58 0 0 112 98 
155 19 51 17 36 108 0 0 0 0 237 65 97 58 83 251 120 177 144 124 171 55 76 63 67 
0 0 1 162 14 165 136 128 324 173 0 3 0 170 16 124 127 122 274 122 0 0 0 145 7 
167 38 87 129 32 120 12 86 80 0 145 40 81 93 21 125 0 50 107 0 313 198 253 311 169 
99 6 6 0 81 74 3 7 0 96 164 83 77 76 164 141 72 85 65 135 199 102 101 93 211 
0 0 0 0 0 0 0 0 0 0 1019 1027 972 998 1034 0 0 0 0 0 0 0 0 0 0 
0 0 0 226 0 0 0 3 229 1 99 96 92 329 112 96 96 78 348 117 0 0 0 210 0 
15 9 14 186 5 0 0 0 193 0 38 44 35 190 31 0 0 0 170 0 3 7 4 192 3 
83 203 224 269 73 49 154 205 238 35 121 224 274 357 136 94 265 269 316 117 117 181 227 313 76 
0 0 0 0 0 0 2 0 0 0 0 0 0 0 0 54 58 59 61 75 155 154 146 169 142 
83 94 68 57 188 0 10 0 0 113 0 3 0 0 112 0 7 0 0 124 82 91 86 77 172 
151 153 149 162 160 0 0 0 0 0 0 0 0 0 0 0 0 0 0 0 91 81 71 71 91 
0 0 0 0 0 0 0 0 0 0 0 0 0 0 0 429 434 416 408 416 190 177 179 187 205 
0 199 0 0 81 0 169 0 0 97 129 326 166 133 215 0 185 0 0 96 0 224 0 0 77 
794 0 0 0 0 788 0 0 0 0 783 0 0 0 0 811 0 0 0 0 823 0 0 0 0 
10 13 184 138 186 67 26 209 194 223 114 97 275 240 244 198 207 391 334 361 125 103 269 215 311 
96 148 81 151 74 79 89 73 130 90 0 51 0 54 0 53 97 50 109 47 0 48 0 44 0 
50 9 26 4 26 131 113 117 116 124 32 0 0 0 18 31 0 0 0 20 144 123 112 124 148 
0 0 132 0 0 0 0 125 0 0 0 0 143 0 0 147 120 268 131 148 0 0 141 0 0 
0 74 49 59 0 0 90 48 52 0 40 111 104 111 35 0 77 49 59 0 0 81 58 48 0 
1 1 0 4 141 131 103 109 142 244 138 121 120 117 227 1 4 0 0 127 87 95 97 78 194 
0 0 0 0 0 0 0 0 0 0 0 0 0 0 0 974 1032 1043 1010 940 0 0 0 0 0 
0 20 53 148 0 0 19 57 138 0 0 20 52 154 0 0 17 56 158 0 0 17 58 152 0 
64 46 0 0 0 80 67 15 14 13 127 83 34 35 27 85 59 0 0 0 96 87 22 23 28 
56 87 55 111 115 6 32 17 54 54 8 34 18 61 64 0 34 0 43 51 0 29 0 49 51 
107 102 115 58 0 95 107 157 62 0 266 287 288 258 177 101 110 120 67 0 250 192 269 206 135 
85 22 24 111 21 73 0 0 115 0 219 155 140 229 133 82 0 0 103 1 115 51 45 177 41 
107 81 38 42 30 126 89 43 54 28 47 47 12 0 0 77 65 17 13 12 72 48 11 0 0 
0 0 165 78 0 0 0 190 60 0 0 0 223 65 0 0 0 195 49 0 0 0 162 55 0 
147 199 204 159 122 4 72 89 0 0 0 52 93 0 0 66 106 145 62 47 0 48 109 0 0 
63 51 67 66 58 95 114 101 111 98 22 39 42 35 37 0 0 0 0 0 0 0 0 0 0 
0 0 0 165 0 0 0 0 174 0 230 234 220 413 242 0 0 0 173 0 0 0 0 157 0 
0 0 0 0 0 159 155 179 152 151 0 0 0 0 0 0 0 0 0 0 79 66 73 70 90 
83 1 0 45 29 106 23 37 81 70 166 54 77 125 122 68 0 0 55 28 156 53 69 118 96 
0 76 0 0 0 0 74 0 0 0 0 57 0 0 0 102 140 74 112 75 48 118 45 47 46 
0 0 105 0 0 91 96 202 111 111 0 0 98 0 0 8 9 112 5 9 12 14 91 9 18 
239 234 181 255 117 117 104 70 93 0 95 89 68 88 0 270 253 165 279 131 144 123 81 138 0 
0 0 0 0 0 36 45 31 21 24 0 0 0 0 0 66 81 80 81 106 117 122 115 117 153 
0 224 0 201 0 0 180 0 195 0 8 202 6 197 7 0 186 0 192 0 0 197 0 204 0 
0 37 0 107 0 0 49 0 117 0 0 44 0 117 0 61 119 57 178 62 0 54 0 113 0 
0 0 0 0 71 77 69 74 60 132 84 75 74 82 124 0 0 0 0 78 0 0 0 0 78 
90 303 293 29 218 39 211 209 0 132 101 304 291 35 225 172 369 308 120 300 188 370 329 141 270 
0 53 38 0 97 26 76 51 13 104 33 98 99 41 93 0 80 31 0 80 0 69 29 0 85 
122 111 113 142 141 14 0 0 39 0 14 0 0 39 0 18 0 0 54 0 103 68 74 129 93 
26 0 0 53 63 67 40 37 81 111 18 0 0 55 59 34 9 14 50 54 26 25 26 66 69 
93 0 78 0 0 85 0 97 0 0 171 77 148 66 70 143 22 110 17 13 92 0 94 0 0 
0 18 82 0 97 0 13 70 0 108 0 16 75 0 109 0 15 94 0 136 0 13 70 0 101 
17 44 142 73 20 62 81 159 99 45 0 40 121 33 0 47 74 159 97 43 0 21 110 60 0 
0 62 0 0 0 0 71 0 0 0 110 209 101 132 117 0 85 0 0 0 14 80 16 22 24 
0 0 0 71 0 61 64 51 123 81 0 0 0 70 0 0 0 0 80 0 71 63 57 147 61 
50 0 92 46 0 58 0 109 52 0 59 0 93 50 0 44 0 103 54 0 44 0 98 47 0 
77 46 0 28 0 102 73 16 47 24 92 86 0 25 0 110 53 0 41 0 87 58 0 33 0 
0 0 0 0 25 187 169 189 188 216 0 0 0 0 32 0 0 0 0 30 0 0 0 0 39 
89 47 57 109 77 58 37 49 96 68 24 0 0 52 10 28 0 0 48 11 37 12 8 56 27 
29 55 8 6 10 17 48 0 0 0 21 73 0 0 0 125 160 123 115 111 27 72 0 0 0 
0 0 0 21 0 186 170 197 198 164 0 0 0 22 0 0 0 0 21 0 0 0 0 19 0 
84 91 148 162 102 0 0 58 74 0 0 0 77 69 0 0 0 71 67 0 0 0 62 70 0 
63 57 59 48 68 41 0 0 0 11 76 62 48 47 72 30 0 0 0 22 92 49 45 49 60 
0 0 25 0 69 9 6 36 12 89 0 0 34 0 70 10 7 43 8 95 81 75 113 64 153 
595 603 614 652 595 0 0 0 0 0 0 0 0 0 0 0 0 0 0 0 0 0 0 0 0 
55 105 137 64 70 28 79 95 26 26 0 31 70 0 0 0 37 71 0 0 0 39 66 0 0 
0 0 110 0 0 0 0 91 0 0 76 115 208 112 101 0 0 85 0 0 0 0 104 0 0 
97 124 42 55 144 37 44 0 0 90 41 60 0 0 65 47 47 0 0 79 58 46 0 0 82 
0 42 0 0 0 37 75 23 38 44 0 55 0 12 0 0 46 0 19 0 4 38 10 13 0 
9 6 104 6 12 0 0 94 0 0 0 0 93 0 0 38 41 126 29 32 80 78 159 68 89 
0 0 0 51 75 88 81 63 117 163 0 0 0 49 73 0 0 0 36 84 0 0 0 47 73 
93 155 76 70 83 21 103 0 0 0 29 112 7 7 8 22 73 0 0 0 21 76 1 0 0 
84 42 113 56 114 23 0 48 14 67 25 0 51 12 85 23 0 62 13 72 14 0 47 15 74 
82 0 6 0 4 90 2 2 0 0 112 57 71 55 75 127 33 46 29 33 168 77 89 112 87 
62 31 115 44 48 31 0 81 0 0 29 0 76 0 0 26 0 70 0 1 80 39 116 43 42 
0 46 1 3 5 30 70 41 46 41 30 76 31 21 22 25 71 30 55 24 0 38 0 9 0 
90 79 101 51 61 35 30 33 1 12 58 69 57 28 45 45 29 38 0 13 36 32 38 0 10 
0 62 68 0 0 13 76 68 18 14 21 104 81 21 21 32 109 66 39 42 0 62 57 0 0 
58 102 57 52 49 37 110 36 41 33 19 83 21 21 29 28 64 28 30 31 0 66 0 0 0 
22 0 78 0 31 57 43 116 37 74 18 0 79 0 9 19 0 77 0 17 27 0 86 0 20 
0 2082 0 0 0 0 2120 0 0 0 0 2004 0 0 0 0 2095 0 0 0 0 2011 0 0 0 
23 154 131 23 17 85 231 204 84 59 11 135 122 3 0 74 253 172 115 74 16 133 96 4 0 
57 96 78 0 0 48 110 95 0 0 73 97 95 1 0 54 112 83 0 0 55 105 104 0 0 
12 161 0 148 0 151 282 125 314 159 107 228 89 276 88 4 135 0 182 0 2 144 0 136 0 
92 134 13 164 84 75 167 0 173 118 69 118 2 171 102 267 317 180 348 225 142 240 124 270 194 
0 0 0 0 0 1256 1208 1212 1173 1236 0 0 0 0 0 0 0 0 0 0 0 0 0 0 0 
0 0 80 125 0 0 0 75 105 0 0 0 81 127 0 0 0 81 125 0 0 0 72 128 0 
165 54 60 106 47 165 63 72 112 72 112 0 0 44 0 92 0 0 37 0 98 0 0 54 0 
0 121 0 0 86 0 160 0 0 82 0 166 0 0 91 0 146 0 0 73 0 153 0 0 106 
125 207 85 165 104 119 232 77 123 62 235 352 182 267 158 138 242 117 142 107 191 363 233 202 210 
59 61 225 215 99 8 1 141 92 25 85 97 193 238 93 10 6 86 99 28 34 29 163 144 64 
161 121 121 159 254 6 18 0 2 159 11 8 0 5 149 222 219 184 198 368 232 246 243 230 383 
0 70 0 0 0 0 61 0 0 0 0 77 0 0 0 7 73 4 7 3 201 231 190 169 179 
49 28 38 13 43 48 13 30 0 46 39 18 36 0 33 71 15 33 0 45 117 120 98 83 129 
202 76 0 101 0 199 61 0 103 0 205 59 0 104 0 193 64 0 106 0 199 52 0 112 0 
54 14 0 36 39 147 111 93 118 121 61 12 0 43 41 46 6 0 27 43 50 11 0 25 34 
55 0 0 0 0 62 0 0 0 0 64 0 0 0 0 202 130 144 146 140 51 0 0 0 0 
75 179 201 110 35 78 183 171 117 26 64 162 173 70 43 47 125 171 68 4 53 190 198 84 19 
77 6 10 58 23 112 87 62 122 80 119 73 77 93 90 75 27 25 72 32 61 0 0 29 15 
109 117 139 92 182 0 0 4 0 54 62 80 88 66 120 0 0 17 0 58 0 0 12 0 67 
39 46 1 47 0 129 119 84 91 37 71 53 23 78 39 50 35 0 45 0 29 26 0 63 0 
65 79 62 80 115 72 71 60 55 89 0 22 0 0 45 0 22 0 0 23 49 62 48 49 76 
0 71 0 0 0 31 124 34 33 29 32 133 34 32 30 25 120 22 25 35 39 117 40 35 44 
34 11 46 44 0 113 75 129 130 70 46 25 54 37 0 51 10 50 38 0 47 20 40 44 0 
3 17 3 111 258 149 174 179 253 392 3 37 0 99 277 0 28 0 106 291 142 170 125 230 371 
11 19 86 6 229 1 5 65 8 163 109 108 172 111 275 136 138 222 172 335 1 0 72 0 182 
161 0 0 0 0 138 0 0 0 0 226 82 107 106 107 128 0 0 0 0 128 0 0 0 0 
0 0 0 0 842 0 0 0 0 789 0 0 0 0 845 0 0 0 0 839 0 0 0 0 784 
110 110 0 161 60 115 111 5 141 102 166 182 55 215 119 109 124 15 181 102 107 149 0 171 52 
111 0 0 0 0 215 83 74 73 63 132 0 0 0 0 127 0 0 0 0 122 0 0 0 0 
46 21 55 40 33 74 53 97 60 56 22 16 34 20 11 57 45 106 73 51 8 0 31 2 0 
0 21 0 144 0 33 57 49 188 32 0 19 0 141 0 0 17 0 140 0 0 21 0 167 0 
85 53 117 129 157 41 0 60 45 50 28 0 70 75 62 107 53 120 120 128 4 0 39 52 45 
48 50 57 134 114 29 24 32 83 80 0 0 0 88 58 0 0 0 58 57 7 12 11 84 57 
0 8 57 0 0 72 81 151 73 81 0 9 61 0 0 47 66 142 43 52 0 5 53 0 0 
224 19 205 0 0 231 11 205 0 0 226 11 201 3 1 195 8 201 0 0 237 28 196 9 10 
0 0 0 0 0 71 54 65 62 73 0 0 0 0 0 139 116 135 142 136 0 0 0 0 0 
334 152 406 172 263 395 197 471 252 288 399 191 429 252 279 237 34 268 113 164 288 106 349 103 172 
73 154 75 88 71 0 96 0 29 0 17 142 30 36 27 0 111 0 18 0 0 83 0 22 0 
0 0 0 14 0 0 0 0 23 0 0 0 0 17 0 0 0 0 18 0 174 194 218 229 210 
0 0 37 0 68 35 50 86 53 125 59 78 100 64 139 0 0 41 0 67 0 0 60 0 68 
0 0 16 0 187 0 0 16 0 178 0 0 28 0 167 0 0 25 0 179 0 0 23 0 182 
0 0 0 50 0 0 0 0 59 0 54 58 45 140 45 0 0 0 59 0 85 78 81 157 86 
94 0 0 106 0 123 0 0 127 0 110 0 0 105 0 97 0 0 127 0 103 0 0 121 0 
15 59 64 53 5 108 174 141 153 105 175 238 203 223 143 0 71 71 97 5 67 126 88 103 54 
119 155 123 118 234 0 0 0 0 77 0 0 0 0 86 22 30 29 21 112 0 0 0 0 80 
108 213 99 99 92 0 101 0 0 0 36 160 31 44 39 1 116 0 0 0 142 273 113 126 125 
142 129 76 79 83 81 46 0 0 0 88 46 4 4 8 63 52 0 0 0 72 56 0 0 0 
0 107 0 0 0 36 166 48 54 62 0 120 0 0 0 63 185 74 76 62 0 121 0 0 0 
92 0 0 0 0 117 0 0 0 0 122 0 0 0 0 102 0 0 0 0 206 88 85 89 99 
0 0 0 0 0 0 0 0 0 0 0 0 0 0 0 0 0 0 0 0 446 410 449 428 405 
0 0 37 0 0 75 79 92 76 89 0 0 31 0 0 77 77 86 60 81 20 25 60 22 26 
8 15 16 17 52 0 0 0 0 36 80 79 72 69 99 0 0 0 0 33 68 98 78 76 105 
0 0 0 127 0 0 0 0 111 0 0 0 0 135 0 0 0 0 139 0 72 71 76 190 79 
0 55 0 34 61 3 36 0 39 63 0 24 0 36 80 0 37 0 32 65 19 50 25 56 99 
71 0 0 0 27 60 0 0 0 32 78 0 0 0 36 61 0 0 0 25 161 83 72 84 118 
0 112 0 0 0 0 108 0 0 0 0 106 0 0 0 0 96 0 0 0 97 185 99 105 92 
7 59 35 53 36 47 67 50 37 51 46 40 31 31 44 0 8 0 13 0 82 103 88 84 76 
0 0 117 55 0 42 43 154 106 50 0 0 102 39 0 0 0 89 37 0 0 0 126 35 0 
10 35 20 0 26 12 71 23 0 34 6 53 0 0 20 41 70 49 46 80 0 40 8 0 37 
60 0 0 0 0 127 65 61 76 69 99 20 17 21 15 134 47 47 52 41 58 0 0 0 0 
196 0 0 0 0 197 13 18 17 20 178 0 0 0 0 196 0 0 0 0 166 0 0 0 0 
83 35 33 111 37 39 0 0 91 0 48 0 0 85 0 83 35 30 120 32 55 0 0 83 0 
0 0 0 25 0 36 23 34 62 27 35 25 36 51 34 0 0 0 21 0 49 50 55 97 59 
0 0 63 43 0 0 0 55 43 0 101 99 149 132 97 0 0 62 47 0 0 0 67 42 0 
80 12 61 141 107 41 8 47 145 104 71 24 55 153 125 34 1 37 121 102 143 87 138 218 224 
4 5 58 119 8 0 0 57 104 0 54 33 138 147 54 43 57 82 139 44 0 0 51 95 0 
56 4 46 41 10 47 3 34 47 20 123 79 118 118 86 64 18 45 47 10 52 0 40 41 0 
47 0 67 0 72 45 0 66 0 62 33 0 74 0 90 106 61 128 70 125 35 0 70 0 62 
128 53 172 76 72 98 19 161 77 44 58 0 90 15 6 166 89 212 112 87 131 46 200 89 76 
14 121 178 45 179 178 272 347 154 341 39 152 235 65 251 0 71 184 6 158 104 188 289 127 298 
29 24 26 78 61 44 49 40 93 89 0 0 0 35 34 0 0 0 27 19 106 112 112 162 120 
20 34 0 102 2 36 60 0 126 0 97 101 46 151 62 31 42 0 124 0 58 47 0 111 0 
0 0 52 0 0 152 138 193 135 165 0 0 57 0 0 0 0 68 0 0 0 0 65 0 0 
47 89 50 79 41 15 25 0 31 0 78 95 63 112 42 14 50 6 38 5 64 74 64 98 33 
11 7 0 0 63 11 2 0 0 50 51 49 37 35 105 19 19 14 11 63 79 97 79 75 109 
76 12 12 6 22 112 81 77 82 90 123 91 95 104 103 45 0 7 0 16 44 14 15 7 30 
19 104 68 17 30 0 89 63 6 7 0 68 39 0 19 0 79 54 6 13 50 124 104 40 78 
124 160 84 85 85 60 57 37 18 18 36 51 15 0 0 35 42 13 0 0 28 39 13 0 0 
0 69 56 0 67 0 75 65 0 72 0 82 53 0 58 0 68 64 0 70 0 86 67 0 72 
95 0 0 62 0 83 0 0 67 0 99 0 0 62 0 100 0 0 37 0 122 15 23 95 29 
66 127 76 75 80 0 63 0 0 0 39 103 44 39 36 0 54 0 0 0 29 77 27 30 30 
66 74 15 23 20 49 41 2 0 2 51 66 15 7 14 63 70 37 35 47 78 75 47 27 45 
39 72 39 68 26 0 61 11 42 13 1 42 0 44 11 0 39 13 31 8 38 94 63 95 76 
0 0 58 31 11 0 0 64 41 4 0 0 49 49 6 51 61 138 106 69 60 56 112 110 72 
29 38 26 22 31 0 0 0 0 0 71 59 57 62 55 0 0 0 0 0 120 107 99 114 110 
45 37 40 38 40 0 0 17 0 0 0 0 28 0 0 52 46 97 61 50 143 107 155 146 129 
33 39 107 46 51 7 8 62 11 9 61 50 128 53 50 0 0 51 0 0 0 5 57 20 0 
0 0 180 32 0 0 0 141 23 0 19 20 156 37 18 0 0 166 23 0 0 0 162 23 0 
42 70 0 0 0 66 93 37 30 29 67 108 17 14 9 79 118 37 37 41 37 66 0 0 0 
83 0 93 86 102 157 73 175 193 184 188 96 202 214 224 165 54 129 144 174 109 10 104 150 132 
105 141 86 68 79 14 56 3 0 0 88 159 78 58 64 45 80 35 25 14 28 61 0 0 0 
0 115 107 161 0 0 127 118 164 0 0 108 120 165 3 0 116 115 156 0 0 127 117 164 2 
0 0 0 143 36 0 0 0 161 30 27 31 16 163 53 0 0 0 152 34 0 0 0 140 41 
27 0 0 170 0 11 0 0 119 0 125 80 120 247 118 28 0 0 119 0 31 0 0 130 0 
52 75 48 33 61 0 57 5 0 15 44 79 42 35 58 1 33 0 0 32 0 57 0 0 30 
145 158 29 50 94 195 175 78 113 154 161 156 59 69 109 104 90 1 16 73 215 229 88 122 120 
75 184 136 97 101 7 56 95 13 4 37 81 117 53 40 29 90 73 13 32 0 65 51 0 0 
8 34 15 8 77 15 37 29 11 120 9 27 14 6 63 71 90 88 52 173 37 43 43 38 112 
0 0 186 0 33 0 0 210 0 30 0 0 186 0 21 0 0 183 0 22 0 0 173 0 26 
697 508 554 416 541 487 249 290 171 242 537 336 341 239 340 401 181 168 67 154 620 396 450 354 442 
93 67 2 3 0 152 160 75 71 72 82 86 0 0 0 102 93 26 20 15 69 63 0 0 0 
155 286 132 158 131 250 374 162 269 183 131 261 83 150 76 43 174 0 55 0 99 202 52 93 23 
20 0 29 85 0 27 0 15 48 0 77 46 75 87 28 94 63 81 114 72 30 0 27 49 0 
0 0 0 0 56 0 0 0 0 70 0 0 0 0 85 0 0 0 0 76 169 210 176 200 249 
108 1 35 1 22 150 12 70 31 35 180 63 128 61 79 218 132 182 88 127 166 34 50 25 31 
58 33 122 115 32 0 0 84 114 0 54 49 138 144 49 0 0 98 100 0 0 0 84 85 0 
150 0 0 54 0 156 0 0 55 0 141 0 0 40 0 168 0 0 46 0 149 0 0 41 0 
171 124 179 284 137 46 0 72 141 3 68 46 129 205 74 38 0 106 97 28 29 0 76 87 0 
65 25 30 71 81 44 0 0 31 63 58 0 0 25 38 60 0 0 34 36 93 41 49 80 87 
0 0 52 65 0 78 62 108 111 67 0 0 39 38 0 66 54 116 85 55 55 40 90 88 27 
0 0 0 39 0 76 71 49 118 61 0 0 0 26 0 49 51 66 100 63 51 51 48 107 40 
67 103 77 153 138 0 8 5 94 42 0 13 7 55 53 0 11 9 84 44 29 39 27 90 54 
119 96 69 97 29 206 165 128 154 136 74 59 35 81 4 231 182 188 171 125 157 140 134 92 92 
0 0 0 0 0 0 0 0 0 0 0 0 0 0 0 0 0 0 0 0 0 0 9 0 17 
60 78 119 116 68 0 0 34 0 0 0 1 53 0 0 0 0 52 0 0 146 175 210 189 179 
0 0 0 1187 0 0 0 0 1171 0 0 0 0 1191 0 0 4 3 1268 1 0 0 0 1196 0 
0 0 1464 0 0 0 0 1474 0 0 0 0 1376 0 0 0 0 1503 0 0 0 0 1469 0 1 
