767 690 589 603 677 1066 1001 961 1026 1007 663 655 481 653 771 1011 925 875 914 964 574 454 383 409 544 
244 181 235 224 205 0 1 0 0 0 140 99 134 123 129 0 0 0 0 0 0 0 0 0 0 
84 40 25 137 173 63 0 0 120 167 111 37 26 176 184 54 0 0 59 115 75 0 0 105 107 
185 0 164 202 178 231 47 185 206 222 337 151 311 344 392 250 28 174 243 225 191 0 127 205 148 
134 42 94 133 22 128 17 73 77 0 102 29 67 93 13 119 5 47 97 0 270 201 241 312 180 
114 10 21 1 102 87 5 16 0 129 198 99 128 90 199 173 79 108 71 153 244 115 138 118 242 
0 0 0 0 0 0 0 0 0 0 1041 1066 1001 1023 1067 0 0 0 0 0 0 0 0 0 0 
0 0 0 265 0 1 0 5 256 1 113 101 105 384 120 115 97 91 396 125 0 0 0 254 0 
14 10 13 183 5 0 0 0 196 0 44 51 39 204 30 0 0 0 166 0 3 7 3 205 4 
0 0 0 0 0 0 1 0 0 0 0 0 0 0 0 69 79 81 73 96 196 182 192 211 178 
66 78 54 48 142 0 9 0 0 85 0 2 0 1 93 0 4 0 0 90 72 70 72 62 143 
147 153 166 168 166 0 0 0 0 0 0 0 0 0 0 0 0 0 0 0 86 86 73 66 90 
0 0 0 0 0 0 0 0 0 0 0 0 0 0 0 419 427 415 395 411 179 168 170 180 203 
0 213 0 0 99 0 193 0 0 106 137 372 166 148 226 0 202 0 0 107 0 227 0 0 88 
816 0 0 0 0 809 0 0 0 0 800 0 0 0 0 847 0 0 0 0 849 0 0 0 0 
12 0 194 172 201 98 69 253 236 280 135 114 309 294 291 222 244 414 402 408 119 85 285 265 338 
80 126 80 137 59 52 71 54 111 65 0 40 0 39 0 46 89 46 86 36 0 37 0 39 0 
32 7 12 6 20 183 117 129 126 146 32 0 0 0 18 27 0 0 0 29 157 129 122 148 171 
0 0 160 0 0 0 0 147 0 0 0 0 167 0 0 177 162 299 140 150 0 0 162 0 0 
0 103 65 69 0 0 122 58 88 0 66 161 129 158 65 0 105 66 70 0 0 115 83 75 0 
3 3 0 1 146 142 119 120 151 258 136 129 111 120 219 2 5 0 0 121 75 87 94 89 214 
0 0 0 0 0 0 0 0 0 0 0 0 0 0 0 1007 1065 1074 1053 979 0 0 0 0 0 
0 23 63 171 0 0 23 64 140 0 0 22 54 179 0 0 22 61 167 0 0 19 62 167 0 
69 136 63 161 154 11 55 22 72 76 16 52 20 89 92 0 49 0 63 70 0 38 0 67 80 
111 149 147 114 12 119 148 202 111 5 297 312 391 337 211 97 154 165 107 9 294 250 364 275 137 
67 11 17 97 12 73 0 0 122 0 209 151 140 233 136 66 0 0 106 0 105 29 43 169 33 
134 107 48 52 50 144 105 47 70 34 54 48 15 0 0 87 76 23 9 13 84 57 11 0 0 
0 0 245 108 0 0 0 248 89 0 0 0 347 108 0 0 0 300 75 0 0 0 243 72 0 
115 164 151 119 94 0 46 63 0 0 0 52 59 0 0 38 65 91 33 30 0 41 93 0 1 
68 62 83 75 70 121 146 118 135 120 25 45 46 40 43 0 0 0 0 0 0 0 0 0 0 
0 0 0 158 0 0 0 0 169 0 196 188 191 369 211 0 0 0 163 0 0 0 0 146 0 
0 0 0 0 0 156 142 191 157 164 0 0 0 0 0 0 0 0 0 0 73 68 76 74 91 
114 0 0 77 43 149 42 53 145 113 241 71 103 174 177 89 0 0 80 49 218 70 92 169 127 
0 85 0 0 0 0 91 0 0 0 0 69 0 0 0 115 158 87 131 90 55 148 49 53 47 
0 0 96 0 0 87 91 185 110 107 0 0 92 0 0 7 9 99 2 7 14 14 84 9 15 
276 236 196 266 118 115 122 85 114 0 93 99 59 93 0 278 232 159 284 117 145 127 77 160 8 
0 238 0 225 0 0 204 0 221 0 8 226 7 216 6 0 204 0 207 0 0 217 0 231 0 
0 42 0 120 0 0 49 0 139 0 0 46 0 138 0 63 146 75 208 64 0 60 0 119 0 
0 0 0 0 74 74 70 73 58 130 85 71 73 81 127 0 0 0 0 69 0 0 0 0 76 
66 276 314 43 201 22 205 233 4 121 72 259 311 58 201 91 286 317 84 237 185 334 374 150 296 
0 59 37 0 90 22 81 52 15 115 28 92 94 41 99 0 65 29 0 84 0 68 30 0 76 
126 97 108 122 138 17 0 0 35 0 12 0 0 37 0 17 0 0 43 0 98 70 63 116 87 
69 0 65 0 0 63 0 75 0 0 112 53 107 48 50 99 16 78 13 12 66 0 73 0 0 
0 22 96 0 110 0 11 75 0 119 0 16 78 0 126 0 14 109 0 151 0 18 74 0 109 
18 48 124 64 23 55 73 137 86 42 0 40 113 35 0 41 71 144 95 38 0 26 96 60 0 
0 68 0 0 0 0 76 0 0 0 141 262 129 147 139 0 109 0 0 0 15 96 22 26 33 
0 0 0 86 0 72 78 72 144 98 0 0 0 95 0 0 0 0 95 0 94 78 77 188 84 
57 0 106 61 0 61 0 129 68 0 70 0 124 63 0 52 0 127 67 0 49 0 117 56 0 
93 57 0 37 0 123 88 18 50 27 107 94 0 24 0 126 61 0 45 0 105 62 0 36 0 
0 0 0 0 34 254 239 254 253 277 0 0 0 0 56 0 0 0 0 49 0 1 0 0 47 
103 60 67 137 98 68 49 62 121 86 27 0 0 63 10 32 0 0 61 16 43 12 7 67 34 
31 62 8 6 10 19 52 0 0 0 23 78 0 0 0 129 171 130 126 117 30 75 0 0 0 
0 0 0 21 0 186 170 197 198 164 0 0 0 23 0 0 0 0 22 0 0 0 0 19 0 
81 98 161 166 104 0 0 64 72 0 0 0 83 74 0 0 0 81 72 0 0 0 79 83 0 
62 57 59 48 68 41 0 0 0 11 76 62 48 48 72 30 0 0 0 22 92 49 45 49 60 
0 0 28 0 87 10 0 39 7 104 0 0 43 0 100 6 3 39 5 113 91 107 145 82 196 
66 119 160 76 80 31 92 108 31 30 0 39 78 0 0 0 44 81 0 0 0 44 77 0 0 
0 0 122 0 0 0 0 95 0 0 84 117 225 117 105 0 0 93 0 0 0 0 113 0 0 
100 117 34 55 147 40 47 0 0 96 42 59 0 0 72 44 45 0 0 88 54 46 0 0 88 
0 48 0 12 16 48 104 44 62 66 0 56 0 19 7 0 54 0 32 23 19 56 8 39 29 
10 7 112 6 15 0 0 100 0 0 0 0 101 0 0 40 45 143 33 33 93 86 187 69 102 
0 0 0 51 75 88 80 63 117 163 0 0 0 49 73 0 0 0 36 84 0 0 0 47 73 
93 165 76 71 84 22 106 0 0 0 30 114 5 5 9 22 74 0 0 0 24 79 0 2 0 
70 37 100 47 97 20 0 42 5 58 19 0 45 0 72 21 0 55 0 57 0 0 29 0 54 
52 0 4 0 4 67 0 6 0 0 93 59 46 53 76 81 15 2 9 0 137 86 88 81 82 
39 34 118 47 48 6 0 81 0 0 0 0 77 0 0 2 0 70 0 0 36 38 111 33 21 
0 62 65 0 0 3 72 53 0 0 21 104 74 21 21 32 109 58 40 42 0 62 50 0 0 
4 0 84 0 40 41 41 120 39 67 6 0 80 0 18 0 0 90 1 24 22 0 91 0 21 
0 2178 0 0 0 0 2259 0 0 0 0 2114 0 0 0 0 2172 0 0 0 0 2138 0 0 0 
18 84 70 13 14 70 142 148 65 51 8 90 80 5 0 26 120 100 69 33 6 88 54 1 0 
69 114 98 0 0 63 130 122 0 0 75 140 120 0 0 77 123 109 0 0 63 125 121 0 0 
0 87 0 104 0 83 157 65 169 76 84 129 39 160 51 0 68 1 121 0 0 94 0 98 0 
0 0 0 0 0 1276 1242 1235 1199 1266 0 0 0 0 0 0 0 0 0 0 0 0 0 0 0 
0 0 80 125 0 0 0 75 105 0 0 0 81 127 0 0 0 81 125 0 0 0 72 128 0 
144 50 54 95 44 165 58 46 114 63 87 0 0 41 0 86 0 0 42 0 89 0 0 42 0 
0 132 0 0 86 0 151 0 0 87 0 163 0 0 89 0 147 0 0 78 0 152 0 0 100 
191 258 171 182 86 116 199 85 94 11 247 312 206 219 118 242 346 227 201 122 171 323 247 185 142 
99 79 288 279 87 0 0 194 192 4 117 118 276 305 103 0 0 167 180 6 24 14 199 193 23 
140 105 91 140 235 4 22 0 10 151 12 13 4 10 149 210 211 156 192 343 185 220 218 202 354 
0 115 0 0 0 0 101 0 0 0 0 114 0 0 0 7 115 4 7 3 264 335 272 254 244 
46 23 35 9 42 40 15 27 0 37 40 12 30 0 30 67 15 26 0 40 106 94 85 72 112 
200 66 0 100 0 202 65 0 104 0 201 52 0 103 0 188 57 0 97 0 195 58 0 112 0 
0 0 1442 0 0 0 0 1464 0 0 0 0 1367 0 0 0 0 1484 0 0 0 0 1445 0 0 
66 5 6 48 22 94 55 47 93 68 95 63 63 70 75 59 30 17 66 36 57 0 0 28 13 
118 118 127 83 186 0 0 7 0 46 65 80 76 59 116 0 0 21 0 53 0 0 11 0 61 
46 92 0 127 0 147 194 102 223 85 127 138 94 225 96 55 81 0 115 0 38 72 0 113 0 
100 108 114 119 179 101 92 82 81 138 0 30 0 0 49 0 22 0 0 37 70 99 67 65 100 
0 70 0 0 0 33 127 33 29 28 37 134 38 27 28 30 117 23 25 30 34 128 40 33 45 
31 7 41 34 0 103 68 111 110 63 43 19 45 35 0 46 4 44 34 0 40 15 34 39 0 
152 0 0 0 0 132 0 0 0 0 230 89 112 107 115 134 0 0 0 0 139 0 0 0 0 
0 0 0 0 845 0 0 0 0 785 0 0 0 0 836 0 0 0 0 840 0 0 0 0 773 
82 131 91 195 194 0 9 5 109 62 0 14 10 81 66 0 19 11 97 57 35 49 42 114 75 
134 0 0 0 0 264 90 94 85 80 158 0 0 0 0 151 0 0 0 0 148 0 0 0 0 
0 0 0 0 0 76 56 73 70 74 0 0 0 0 0 149 122 148 149 147 0 0 0 1 0 
0 19 0 149 0 38 63 51 197 35 0 19 0 135 0 0 14 0 143 0 0 17 0 167 0 
139 43 96 80 144 96 0 74 23 49 111 18 96 45 77 200 105 160 109 160 85 0 40 20 57 
61 67 71 168 135 38 29 38 102 97 0 0 0 91 64 0 0 0 64 57 15 13 8 102 70 
0 9 72 0 0 93 111 205 93 103 0 14 77 1 0 61 88 181 57 72 0 7 77 0 0 
200 12 190 0 0 203 10 173 0 0 200 6 188 4 1 178 4 184 0 0 210 23 177 10 9 
402 136 367 140 272 431 225 452 219 283 382 182 387 231 285 282 43 250 82 172 251 74 281 61 155 
72 161 78 89 71 0 90 0 28 0 18 136 29 35 31 0 112 0 18 0 0 78 0 25 0 
0 0 33 0 58 35 46 78 44 114 55 75 90 52 120 0 0 33 0 61 0 0 49 0 58 
0 0 19 0 214 0 0 16 0 202 0 0 31 0 183 0 0 29 0 204 0 0 29 0 216 
0 0 0 58 0 0 0 0 66 0 60 65 48 160 47 0 0 0 63 0 99 84 101 179 93 
114 0 0 123 0 137 0 0 148 0 136 0 0 125 0 125 0 0 140 0 133 0 0 138 0 
1 39 77 71 8 101 173 187 170 115 148 194 219 211 138 2 55 99 107 17 69 115 134 127 36 
96 117 107 100 195 0 0 0 0 69 0 0 0 0 65 20 22 25 20 94 0 0 0 0 70 
126 220 137 124 130 0 117 0 0 0 82 198 84 85 81 6 110 3 0 10 97 205 86 76 101 
179 153 95 102 98 97 52 0 0 0 104 63 5 6 15 85 58 0 0 0 83 67 0 0 0 
0 127 0 0 0 42 173 53 56 71 0 135 0 0 0 61 200 84 86 73 0 115 0 0 0 
0 0 0 0 0 0 0 0 0 0 0 0 0 0 0 0 0 0 0 0 450 419 455 442 404 
0 0 33 0 0 70 78 89 69 84 0 0 31 0 0 74 74 79 50 74 16 23 56 19 24 
8 20 17 20 60 0 0 0 0 40 93 92 87 74 116 0 0 0 0 45 81 114 96 90 133 
0 0 0 133 0 0 0 0 120 0 0 0 0 143 0 0 0 0 146 0 78 77 83 216 85 
0 72 0 39 84 0 69 0 42 86 1 67 0 38 102 0 62 0 37 81 23 86 25 69 127 
0 23 0 13 0 86 102 87 78 85 84 83 78 78 76 0 21 0 15 0 123 156 126 141 120 
0 0 117 55 0 43 45 154 106 50 0 0 96 39 0 0 0 87 38 0 0 0 122 35 0 
58 0 0 0 0 128 67 61 81 70 103 22 20 20 16 136 46 47 54 43 62 0 0 0 0 
76 33 33 106 36 33 0 0 91 0 42 0 0 83 0 77 33 30 120 30 45 0 0 80 0 
0 0 31 23 0 0 0 24 28 0 101 99 105 112 97 0 0 15 38 0 0 0 34 34 0 
2 5 49 103 7 0 0 43 74 0 53 33 104 123 51 29 46 75 123 37 0 0 50 82 0 
43 3 37 37 9 33 0 29 29 14 102 60 96 92 69 56 11 37 44 13 36 0 39 39 0 
43 0 60 0 59 40 0 60 0 60 26 0 70 0 79 104 59 112 65 116 33 0 65 0 61 
81 40 166 80 43 68 5 159 60 30 53 0 126 16 6 158 59 209 107 98 101 36 193 79 55 
16 118 170 31 145 130 220 315 144 259 34 134 225 60 201 0 50 193 1 129 74 155 224 74 236 
16 21 22 56 49 43 40 38 81 72 0 0 0 32 28 0 0 0 25 17 75 91 94 132 105 
14 29 0 81 0 29 47 0 101 0 74 71 36 127 52 23 37 0 101 0 40 31 0 79 0 
0 0 56 0 0 168 146 212 160 184 0 0 64 0 0 0 0 76 0 0 0 0 73 0 0 
72 13 10 8 21 101 68 69 79 71 117 89 95 106 97 42 0 6 0 17 39 11 16 10 33 
22 132 90 18 35 0 104 75 7 6 0 91 48 0 25 0 89 52 8 15 50 148 106 46 88 
125 168 86 88 87 62 58 37 20 18 36 51 15 0 0 36 43 13 0 0 28 41 13 0 0 
76 89 19 20 21 52 43 0 0 0 62 65 18 8 17 59 74 31 33 43 86 69 46 30 51 
37 78 43 71 27 0 63 11 42 14 0 52 10 45 19 0 44 13 29 13 39 105 66 95 78 
0 0 56 27 10 0 0 45 35 3 0 0 43 40 5 43 53 121 94 61 54 49 99 93 63 
29 38 26 22 31 0 0 0 0 0 71 59 57 62 55 0 0 0 0 0 120 107 99 114 110 
45 37 26 39 41 0 0 1 0 0 0 0 0 0 0 55 59 67 58 67 121 105 117 165 122 
35 43 107 54 47 0 2 58 12 12 51 43 116 51 40 0 0 52 5 0 0 0 58 18 0 
0 0 103 0 0 0 0 72 0 0 19 20 32 0 18 0 0 73 0 0 0 0 88 0 0 
49 76 0 0 0 70 103 42 31 30 73 135 17 14 10 89 136 43 40 46 40 78 0 0 0 
86 115 66 50 59 9 43 2 0 0 71 128 60 48 52 38 69 26 17 17 24 52 0 0 0 
0 133 129 193 0 0 147 136 187 1 0 116 131 180 0 0 134 126 167 0 0 142 130 181 0 
18 0 0 207 0 14 0 0 142 0 122 108 122 245 109 12 0 0 136 0 33 1 2 154 1 
152 205 35 102 133 199 268 92 123 215 186 245 84 141 135 112 150 6 47 87 301 355 138 207 229 
78 199 153 107 113 8 46 76 10 6 33 86 107 34 40 29 90 71 13 35 0 69 57 0 0 
7 19 10 0 62 7 19 12 0 88 0 14 8 4 50 49 73 61 40 134 26 31 30 25 88 
699 505 590 406 515 476 246 300 136 189 479 284 358 199 264 362 162 191 57 163 551 382 471 302 394 
79 62 2 3 1 143 137 71 74 70 77 82 0 0 0 89 84 22 16 19 64 58 0 0 0 
157 294 101 144 124 276 391 151 271 199 138 301 92 160 93 44 187 0 43 0 85 210 47 96 41 
0 0 0 0 52 0 0 0 0 56 0 0 0 0 64 0 0 0 0 58 134 157 141 152 185 
157 0 0 59 0 162 0 0 55 0 147 0 0 42 0 174 0 0 46 0 157 0 0 44 0 
180 142 188 265 127 42 2 95 139 4 105 61 139 204 68 45 21 114 110 28 58 0 102 94 0 
106 86 83 60 11 169 142 146 114 112 81 58 86 26 12 232 191 199 150 146 126 133 107 38 50 
57 130 51 57 53 0 55 0 0 0 6 80 4 5 4 0 64 0 0 0 75 154 62 75 65 
0 0 0 16 0 0 0 0 19 0 0 0 0 19 0 0 0 0 19 0 181 195 219 223 208 
70 11 66 103 92 16 1 32 102 75 67 23 52 137 107 15 0 38 87 87 127 76 116 190 198 
0 96 81 0 106 0 102 87 0 106 1 122 61 0 88 0 87 86 0 119 0 122 81 0 111 
51 26 58 42 37 73 54 100 62 56 25 18 39 20 14 55 45 107 72 47 8 0 34 2 0 
79 0 0 0 53 66 0 0 0 50 83 0 0 0 60 67 0 0 0 52 172 87 77 89 160 
62 72 0 100 44 46 62 0 94 68 52 57 0 127 61 155 172 102 202 151 85 113 32 108 104 
81 106 118 90 75 12 42 40 13 9 0 14 46 0 0 61 77 99 57 51 27 32 66 25 13 
0 0 0 140 35 0 0 0 158 28 27 29 16 157 51 0 0 0 149 34 0 0 0 138 38 
0 0 0 188 14 203 193 167 442 223 0 0 0 206 16 160 163 179 379 158 0 0 0 187 11 
50 131 167 185 63 18 92 134 185 22 90 153 196 220 101 68 200 176 243 91 91 137 179 245 87 
0 0 0 1292 0 0 0 0 1291 0 0 0 0 1314 0 0 0 1 1371 0 0 0 0 1319 0 
216 0 0 0 0 214 14 20 16 22 194 0 0 0 0 215 0 0 0 0 171 0 0 0 0 
92 0 0 0 0 117 0 0 0 0 122 0 0 0 0 102 0 0 0 0 206 88 85 89 99 
253 115 86 162 161 103 0 0 13 12 209 60 48 52 41 182 33 60 118 81 294 205 155 222 234 
12 33 0 0 12 0 31 0 0 5 0 0 0 0 0 39 53 32 47 48 0 0 0 0 0 
64 76 155 109 86 0 0 56 0 0 0 0 64 0 0 0 0 60 0 0 196 165 227 186 176 
1 14 0 86 216 134 131 130 215 356 1 29 0 99 263 0 9 0 102 244 120 147 121 195 319 
11 23 83 8 263 4 0 65 6 192 119 110 183 132 315 159 167 231 178 372 2 3 65 2 196 
98 225 225 169 56 121 240 275 194 85 125 223 264 163 90 50 162 202 104 8 60 201 212 135 19 
115 0 0 3 0 103 0 0 0 0 123 0 0 0 0 119 0 0 0 0 158 18 29 38 32 
41 67 32 31 47 0 53 0 0 9 51 80 44 40 64 7 39 0 0 28 0 48 0 0 27 
609 625 639 678 621 0 0 0 0 0 0 0 0 0 0 0 0 0 0 0 0 0 0 0 0 
81 64 0 0 0 98 79 16 16 15 152 98 42 40 28 98 72 0 0 0 109 102 23 27 33 
40 0 0 83 87 90 51 54 113 148 23 0 0 67 72 53 10 15 72 65 39 33 39 92 93 
7 5 0 0 77 12 0 0 1 63 61 61 43 41 132 21 22 16 11 78 90 110 102 93 132 
56 0 0 0 0 64 0 0 0 0 66 0 0 0 0 203 135 147 147 141 52 0 0 0 0 
58 134 95 113 106 98 247 126 147 189 8 107 42 42 43 119 190 126 156 138 98 212 140 171 152 
0 0 0 0 0 31 35 30 19 21 0 0 0 0 0 58 67 68 67 90 100 94 96 96 127 
142 3 78 6 16 190 0 51 0 2 257 73 149 85 87 276 146 239 133 141 213 43 81 30 40 
18 0 29 0 0 19 0 15 0 0 43 0 30 20 0 84 53 79 69 65 19 3 25 0 3 
0 0 220 0 46 0 0 263 0 34 0 0 234 0 28 0 0 203 0 23 0 0 221 0 33 
100 63 0 110 42 97 83 0 98 82 126 130 35 113 80 91 71 0 106 70 94 101 0 105 39 
42 71 48 61 34 17 23 0 22 0 72 89 54 97 37 11 46 5 41 0 58 63 60 85 33 
0 0 53 59 0 73 51 99 103 64 0 0 37 37 0 52 53 97 88 46 46 31 77 70 27 
