694 688 561 579 673 984 1089 934 929 931 596 627 465 556 618 930 878 769 885 927 515 481 389 347 540 
212 160 224 205 184 0 1 0 0 0 132 112 143 133 133 0 0 0 0 0 0 0 0 0 0 
89 56 24 130 160 68 0 0 113 124 133 59 31 193 214 57 0 0 72 113 48 0 0 100 106 
201 0 132 168 190 230 36 194 255 267 347 131 338 355 383 290 60 199 233 249 166 3 132 211 193 
126 39 67 101 14 128 9 71 98 0 129 17 76 90 15 119 5 45 99 0 265 157 244 286 167 
118 7 19 0 94 93 7 10 0 131 186 98 117 80 190 171 78 95 64 165 258 122 139 128 255 
0 0 0 0 0 0 0 0 0 0 1031 1044 983 1000 1045 0 0 0 0 0 0 0 0 0 0 
0 0 0 247 0 0 0 3 227 0 108 106 100 363 116 112 105 84 368 118 0 0 0 235 1 
16 8 14 192 5 0 0 0 198 0 42 50 38 205 30 0 0 0 163 0 3 7 4 195 6 
0 0 0 0 0 0 0 0 0 0 0 0 0 0 0 71 79 78 82 112 229 222 221 244 215 
110 127 95 99 221 0 10 0 0 137 0 4 0 0 131 3 3 0 0 130 112 110 110 89 224 
144 151 151 153 157 0 0 0 0 0 0 0 0 0 0 0 0 0 0 0 87 84 65 67 82 
0 0 0 0 0 0 0 0 0 0 0 0 0 0 0 421 432 416 411 418 173 165 158 171 182 
0 215 0 0 95 0 191 0 0 103 145 366 169 145 230 0 202 0 0 104 0 238 0 0 85 
840 0 0 0 0 831 0 0 0 0 838 0 0 0 0 852 0 0 0 0 875 0 0 0 0 
21 15 224 157 209 71 48 239 199 274 115 121 312 281 275 206 200 403 366 351 119 92 289 236 318 
99 140 89 160 90 80 86 75 112 83 0 50 0 45 0 56 106 52 102 51 0 51 0 44 0 
32 12 14 5 18 139 97 107 89 111 33 0 0 0 17 26 0 0 0 25 123 113 100 95 140 
0 0 156 0 1 6 0 166 0 0 0 0 182 0 0 192 153 307 156 161 0 0 165 0 0 
0 83 53 61 0 0 101 55 62 0 42 117 114 124 42 0 108 75 72 0 0 94 81 53 0 
0 0 0 2 146 145 118 132 155 254 129 135 102 126 213 0 1 0 0 122 88 87 92 100 203 
0 0 0 0 0 0 0 0 0 0 0 0 0 0 0 1033 1086 1100 1068 1001 0 0 0 0 0 
0 18 51 132 0 0 17 52 114 0 0 18 46 141 0 0 17 50 139 0 0 15 51 139 0 
87 121 85 172 165 7 44 22 65 84 17 49 22 93 112 0 43 0 59 73 0 42 0 68 81 
137 143 153 81 0 119 146 199 70 5 292 310 362 288 215 111 132 169 90 4 300 264 345 219 152 
64 14 18 97 12 75 0 0 122 0 202 156 137 231 131 62 0 0 105 0 105 53 48 171 44 
120 88 43 47 30 141 103 47 60 33 64 54 20 0 0 81 77 16 11 13 76 49 8 0 0 
0 0 183 86 0 0 0 214 82 0 0 0 265 81 0 0 0 222 63 0 0 0 196 69 0 
108 134 135 107 105 0 45 62 0 0 0 45 55 0 0 36 63 97 32 34 0 36 85 0 1 
71 61 74 80 72 112 142 111 131 110 25 45 48 39 41 0 0 0 0 0 0 0 0 0 0 
0 0 0 174 0 0 0 0 188 0 251 256 245 458 262 0 0 0 180 0 0 0 0 163 0 
0 0 0 0 0 150 141 186 150 146 0 0 0 0 0 0 0 0 0 0 76 58 71 66 81 
122 0 0 78 45 160 35 65 148 127 257 94 97 177 180 91 0 0 76 50 229 77 96 182 145 
0 81 0 0 0 0 76 0 0 0 0 62 0 0 0 105 142 77 115 80 54 125 45 49 47 
0 0 95 0 0 85 85 176 105 104 0 0 92 0 0 7 9 97 4 8 14 13 82 9 15 
278 218 201 268 112 136 93 83 125 0 90 99 60 101 0 278 270 184 294 133 142 100 69 146 0 
0 229 0 211 0 0 194 0 209 0 8 215 7 206 6 0 196 0 199 0 0 208 0 212 0 
0 46 0 125 0 0 51 0 140 0 0 51 0 145 0 63 148 83 212 74 0 60 0 131 0 
0 0 0 0 76 82 69 78 60 134 87 71 71 80 127 0 0 0 0 76 0 0 0 0 74 
93 284 305 49 202 33 203 260 9 135 93 281 337 74 217 111 308 326 103 243 225 351 385 168 295 
0 46 35 0 80 20 62 49 14 93 28 85 90 40 79 0 64 28 0 67 0 65 28 0 72 
127 87 116 131 125 13 0 0 38 0 13 0 0 39 0 22 0 0 48 0 94 71 66 107 83 
80 0 76 0 0 66 0 82 0 0 125 61 117 50 58 111 17 91 13 13 79 0 86 0 0 
0 18 85 0 101 0 13 69 0 109 0 16 77 0 108 0 14 94 0 138 0 13 72 0 103 
13 70 152 73 14 74 91 165 117 58 0 43 125 40 0 43 83 177 104 50 0 24 111 55 0 
0 71 0 0 0 0 83 0 0 0 136 258 128 149 137 0 101 0 0 0 16 87 19 25 32 
0 0 0 87 0 78 94 74 147 101 0 0 0 88 0 0 0 0 93 0 94 81 84 180 77 
49 0 92 48 0 57 0 109 53 0 59 0 93 50 0 46 0 102 54 0 44 0 97 46 0 
79 46 0 30 0 104 74 16 49 24 93 87 0 25 0 111 54 0 41 0 87 60 0 33 0 
1 0 0 0 30 263 270 260 280 298 0 0 0 0 51 0 0 0 0 59 0 0 0 0 50 
117 57 64 144 101 75 41 60 119 90 24 0 0 62 11 39 0 0 63 14 46 12 7 76 39 
29 59 8 6 10 18 54 0 0 0 23 79 0 0 0 130 169 132 122 121 27 76 0 0 0 
0 0 0 21 0 186 169 196 198 163 0 0 0 23 0 0 0 0 22 0 0 0 0 19 0 
71 79 133 138 90 0 0 53 63 0 0 0 75 59 0 0 0 68 53 0 0 0 59 62 0 
69 67 68 57 74 44 0 0 0 11 90 70 56 61 86 38 0 0 0 23 106 55 47 59 64 
0 0 25 0 70 9 4 35 12 88 0 0 34 0 70 10 7 44 7 95 81 75 113 64 153 
55 105 136 64 70 24 79 94 24 24 0 32 69 0 0 0 37 71 0 0 0 39 65 0 0 
0 0 118 0 1 0 0 96 0 0 83 128 226 121 113 0 0 93 0 0 0 0 109 0 0 
102 114 34 56 146 35 42 1 0 87 42 57 0 0 70 42 46 0 0 75 59 48 0 0 76 
0 48 0 23 36 59 115 57 80 94 0 59 0 27 38 0 55 0 39 40 26 65 22 53 63 
9 7 107 5 12 0 0 91 0 0 0 0 87 0 0 37 40 124 29 33 83 82 160 61 87 
0 0 0 51 75 88 81 63 117 163 0 0 0 48 73 0 0 0 36 84 0 0 0 47 73 
124 216 97 96 104 24 140 0 0 0 34 142 8 8 12 27 95 0 0 0 23 111 1 0 0 
74 37 102 48 100 19 0 43 9 59 21 0 43 0 68 18 0 53 0 60 9 0 36 0 59 
47 0 11 0 3 77 0 2 0 0 104 53 63 59 70 99 33 0 3 0 147 78 77 102 65 
41 33 117 48 51 15 0 81 0 0 0 0 77 0 0 7 0 70 0 4 34 34 110 35 26 
0 60 64 0 0 0 68 36 0 1 21 104 75 21 21 30 107 48 40 41 0 61 47 0 0 
22 0 86 0 42 61 43 118 39 75 20 0 80 0 24 15 4 83 0 24 22 0 89 0 18 
0 2101 0 0 0 0 2170 0 0 0 0 2042 0 0 0 0 2101 0 0 0 0 2053 0 0 0 
24 96 91 14 18 86 173 173 86 77 5 107 107 5 0 33 153 131 62 38 5 91 79 0 0 
80 139 133 0 0 67 187 159 0 0 86 168 180 0 0 109 193 179 0 0 88 176 171 0 0 
0 79 0 98 0 74 122 56 168 80 63 130 37 134 52 0 72 0 99 0 0 91 0 86 0 
0 0 0 0 0 1281 1234 1237 1195 1260 0 0 0 0 0 0 0 0 0 0 0 0 0 0 0 
0 0 81 135 0 0 0 79 112 0 0 0 83 137 0 0 0 83 137 0 0 0 74 132 0 
186 59 75 122 53 191 58 62 130 74 119 0 0 49 0 125 0 0 50 0 131 0 0 57 0 
0 133 0 0 87 0 155 0 0 86 0 165 0 0 91 0 142 0 0 70 0 157 0 0 98 
177 294 186 250 113 97 200 28 106 6 294 445 251 353 140 166 279 142 182 54 184 351 263 288 129 
99 84 274 273 86 0 0 184 177 5 92 92 259 273 95 0 0 154 164 4 5 12 189 186 20 
136 124 108 143 247 7 15 4 6 151 7 14 9 4 146 205 234 171 188 358 217 236 235 216 381 
0 69 0 0 0 0 57 0 0 0 0 81 0 0 0 8 75 6 7 3 189 245 189 151 190 
62 29 44 14 52 50 17 33 0 43 49 15 37 0 39 73 13 33 0 49 123 123 106 87 142 
201 68 0 101 0 204 63 0 104 0 201 38 0 103 0 191 62 0 111 0 198 50 0 116 0 
0 0 1429 0 0 0 0 1451 0 0 0 0 1337 0 1 0 0 1454 0 0 0 0 1426 0 0 
81 0 7 57 31 117 71 54 115 86 123 73 89 101 103 64 28 21 74 30 60 0 0 29 10 
116 132 138 87 196 0 0 9 0 49 61 80 78 58 116 0 0 26 0 56 0 0 12 0 59 
47 87 0 119 0 158 201 100 214 85 89 113 59 173 73 59 86 0 100 0 44 69 0 111 0 
78 80 70 81 130 79 96 63 67 92 0 24 0 0 46 0 23 0 0 28 47 73 53 43 88 
0 65 0 0 0 27 118 33 33 26 32 121 32 30 31 21 112 22 24 31 39 112 41 33 43 
33 8 41 34 0 103 71 112 112 63 43 19 47 37 0 47 9 43 35 0 37 17 36 39 0 
150 0 0 0 0 123 0 0 0 0 215 80 101 108 102 121 0 0 0 0 137 0 0 0 0 
0 0 0 0 824 0 0 0 0 777 0 0 0 0 831 0 0 0 0 820 0 0 0 0 765 
130 108 0 143 62 126 102 3 155 74 192 183 51 221 121 125 86 5 153 98 144 152 0 204 97 
126 0 0 0 0 261 96 93 82 75 157 0 0 0 0 146 0 0 0 0 144 0 0 0 0 
0 0 0 0 0 76 60 78 71 74 0 0 0 0 0 151 127 149 151 148 0 0 0 0 0 
0 22 0 154 0 36 59 48 192 35 0 19 0 138 0 0 16 0 141 0 0 20 0 165 0 
162 66 130 124 156 107 0 91 32 59 99 1 111 78 85 208 113 187 154 196 69 0 62 51 66 
48 56 60 137 114 30 27 32 87 86 0 0 0 83 62 0 0 0 55 55 0 7 3 72 52 
0 11 69 0 0 89 101 181 90 91 0 11 75 0 0 59 83 169 53 67 0 6 72 0 0 
201 7 188 0 0 203 1 162 0 0 210 2 182 1 0 177 2 183 0 0 210 17 176 5 2 
352 136 362 153 248 384 217 454 223 259 372 172 390 221 240 220 42 246 99 144 222 76 282 74 134 
72 172 84 103 75 0 90 0 31 0 17 140 34 37 32 0 114 0 20 0 0 82 0 27 0 
0 0 35 0 60 40 47 80 47 125 61 80 93 56 136 0 0 35 0 66 0 0 53 0 60 
0 0 24 0 200 0 0 17 0 196 0 0 37 0 188 0 0 28 0 194 0 0 25 0 205 
0 0 0 56 0 0 0 0 66 0 60 65 52 162 48 0 0 0 72 0 101 85 97 179 101 
98 0 0 118 0 127 0 0 125 0 109 0 0 110 0 112 0 0 133 0 115 0 0 130 0 
0 49 83 81 1 109 170 196 196 112 156 211 240 222 134 25 80 124 123 40 76 117 126 144 50 
109 147 127 123 240 0 0 0 0 82 0 0 0 0 71 26 23 29 24 113 0 0 0 0 89 
121 213 132 120 127 0 112 0 0 0 75 187 85 85 80 9 109 5 0 9 97 198 88 76 99 
147 134 81 86 81 80 45 0 0 0 94 50 4 3 7 68 49 0 0 0 73 59 0 0 0 
0 130 0 0 0 39 173 55 63 70 0 133 0 0 0 67 205 90 90 72 0 124 0 0 0 
0 0 0 0 0 0 0 0 0 0 0 0 0 0 0 0 0 0 0 0 435 411 437 426 396 
0 0 36 0 0 73 79 92 75 87 0 0 29 0 0 77 75 85 59 79 18 25 58 22 26 
8 18 18 18 63 0 0 0 0 39 87 95 81 81 117 0 0 0 0 34 77 111 89 92 131 
0 0 0 133 0 0 0 0 120 0 0 0 0 139 0 0 0 0 148 0 75 72 82 207 85 
0 76 0 35 79 0 72 0 38 85 0 64 0 40 106 1 67 0 33 87 21 91 26 71 130 
0 111 0 0 0 0 108 0 0 0 0 106 0 0 0 0 96 0 0 0 97 185 99 105 92 
0 28 0 12 0 103 132 96 88 104 92 91 97 102 94 0 28 0 21 0 127 176 151 165 132 
0 0 120 57 0 43 45 156 109 51 0 0 104 39 0 0 0 91 40 0 0 0 131 35 0 
59 0 0 0 0 126 62 61 76 69 99 20 18 20 15 131 47 46 52 41 58 0 0 0 0 
81 35 33 111 36 38 0 0 90 0 48 0 0 85 0 83 34 30 120 31 54 0 0 82 0 
0 0 17 16 0 0 0 0 17 0 101 99 71 108 97 0 0 0 28 0 0 0 12 16 0 
4 8 58 108 9 0 0 51 80 0 52 34 115 136 52 32 39 79 125 38 0 0 55 87 0 
44 1 36 36 6 35 0 34 33 18 109 64 100 92 74 59 18 38 39 13 47 0 39 41 0 
44 0 61 0 59 41 0 62 0 57 33 0 73 0 80 115 56 122 70 121 37 0 67 0 64 
96 11 196 83 35 79 1 180 105 31 67 0 172 23 10 219 105 288 145 161 98 23 236 80 54 
11 103 162 41 138 136 208 299 143 253 33 124 196 57 165 0 65 156 4 109 88 153 220 130 220 
19 23 24 68 51 41 39 35 78 75 0 0 0 33 32 0 0 0 23 18 85 96 100 134 110 
18 30 1 83 0 29 47 0 102 0 77 72 39 128 53 25 37 0 103 0 40 32 0 80 0 
0 0 57 0 0 173 156 237 160 184 0 0 68 0 0 0 0 84 0 0 0 0 77 0 0 
80 11 11 5 25 115 85 77 90 95 138 102 99 120 117 55 0 5 0 18 50 18 20 6 30 
19 133 96 19 41 0 111 74 8 10 0 96 50 0 23 0 114 62 6 17 48 153 111 42 87 
143 190 98 102 109 72 66 43 22 28 42 51 18 0 0 44 51 15 0 0 37 46 15 0 0 
84 91 15 20 22 63 51 0 0 0 61 68 19 10 20 74 81 48 56 57 90 85 58 32 55 
38 76 40 71 29 0 62 10 42 16 2 51 11 46 19 0 43 13 31 13 38 103 64 95 77 
0 0 71 29 13 0 0 51 45 3 0 0 56 42 6 49 60 151 118 70 56 59 111 100 71 
29 38 26 22 31 0 0 0 0 0 71 59 57 62 55 0 0 0 0 0 120 107 99 114 110 
50 36 31 39 45 0 0 11 0 1 0 0 17 0 0 53 51 98 60 63 132 118 152 160 154 
40 42 104 48 46 7 9 62 18 16 58 39 117 43 42 0 0 52 0 0 0 0 53 11 0 
0 0 180 32 0 0 0 141 22 0 19 20 156 36 18 0 0 166 23 0 0 0 162 20 0 
43 70 0 0 0 66 93 38 30 29 67 108 17 13 9 79 118 37 37 41 37 65 0 0 0 
88 137 79 61 71 11 51 3 0 0 77 137 62 55 54 38 77 30 16 15 25 63 0 0 0 
0 121 118 170 0 0 131 121 167 0 0 113 125 169 0 0 120 120 159 0 0 134 124 166 3 
19 0 0 198 0 14 0 0 129 0 148 111 129 268 108 19 0 0 172 0 33 1 0 139 0 
142 171 53 101 135 168 243 87 109 201 140 189 78 100 149 100 118 25 36 96 227 302 130 163 197 
59 165 119 78 87 6 38 58 13 2 31 71 92 31 29 25 72 61 12 25 0 58 46 0 0 
5 27 17 12 74 16 38 23 7 116 8 21 14 11 58 69 92 77 57 159 34 39 41 36 100 
696 519 573 427 530 515 239 282 175 265 495 271 298 190 312 372 121 131 57 110 576 354 403 350 397 
70 56 0 1 0 156 141 63 74 64 73 71 0 0 0 86 87 22 14 15 67 57 0 0 0 
146 302 122 137 128 231 334 157 244 173 149 274 78 140 68 27 174 0 48 0 98 214 70 97 52 
0 0 0 0 55 0 0 0 0 58 0 0 0 0 68 0 0 0 0 59 137 162 149 158 190 
150 0 0 54 0 156 0 0 55 0 141 0 0 40 0 168 0 0 46 0 149 0 0 41 0 
172 160 208 293 147 40 3 101 151 4 86 57 136 221 71 37 10 118 117 34 36 0 90 107 2 
63 108 85 171 168 2 9 7 93 47 0 13 6 64 61 0 13 14 86 55 31 46 35 106 60 
146 155 80 71 31 200 190 139 124 134 116 102 56 35 24 262 216 163 135 135 142 141 98 49 71 
66 142 59 64 62 0 68 0 0 0 6 92 4 5 6 0 68 0 0 0 82 183 71 89 69 
0 0 0 22 0 0 0 0 19 0 0 0 0 20 0 0 0 0 27 0 177 195 226 222 222 
42 3 54 109 95 15 1 30 103 82 71 21 49 136 114 17 0 39 99 85 126 84 128 201 204 
0 91 74 0 96 0 94 80 0 103 0 116 59 0 89 0 86 88 0 98 0 120 79 0 91 
44 21 55 39 31 69 49 91 56 55 23 17 36 20 13 54 42 103 69 48 8 0 32 0 0 
84 0 0 0 50 62 0 0 0 49 94 0 0 0 60 65 0 0 0 48 185 91 79 94 153 
42 50 0 50 33 32 49 0 59 45 32 26 0 72 36 105 110 72 126 93 49 62 20 68 56 
68 85 95 75 60 9 36 38 10 9 0 13 43 0 0 56 69 83 50 44 21 29 54 19 13 
0 0 0 148 35 0 0 0 159 29 27 30 19 166 54 0 0 0 156 37 0 0 0 144 41 
0 0 0 184 13 225 192 182 438 235 0 0 0 194 13 166 155 168 354 144 0 0 0 192 11 
91 161 216 251 71 29 146 190 244 22 87 139 183 255 78 98 237 249 299 127 155 195 224 310 95 
0 0 0 1314 0 0 0 0 1315 0 0 0 0 1316 0 0 2 2 1382 1 0 0 0 1330 0 
195 0 0 0 0 197 13 18 17 19 178 0 0 0 0 197 0 0 0 0 166 0 0 0 0 
92 0 0 0 0 117 0 0 0 0 121 0 0 0 0 102 0 0 0 0 206 88 85 89 99 
177 71 57 106 110 73 0 0 9 6 157 46 47 61 61 142 48 55 95 94 188 114 104 149 124 
17 14 0 0 1 0 31 0 0 0 0 11 0 0 0 23 48 19 36 48 0 0 0 0 0 
78 85 144 118 96 0 0 47 0 0 0 0 68 0 0 0 0 56 0 0 197 181 222 196 195 
1 10 0 76 204 116 128 119 201 323 2 31 0 83 235 0 10 0 89 239 113 139 111 178 293 
14 16 83 12 261 5 0 64 8 183 134 112 174 128 310 144 150 239 187 372 1 4 65 3 210 
150 259 275 219 104 171 247 316 219 95 160 265 291 221 158 72 180 213 130 29 68 179 227 163 39 
108 0 0 1 0 98 0 0 0 0 112 0 0 0 0 116 0 0 0 0 147 17 28 44 34 
0 0 197 0 35 0 0 222 0 36 0 0 198 0 24 0 0 183 0 21 0 0 180 0 30 
39 67 40 32 48 0 40 1 0 26 38 73 41 28 57 0 36 0 0 31 0 48 0 0 22 
610 625 640 676 624 0 0 0 0 0 0 0 0 0 0 0 0 0 0 0 0 0 0 0 0 
63 47 0 0 0 79 67 15 13 13 127 81 34 34 27 84 60 0 0 0 93 88 22 23 28 
28 0 0 58 69 71 42 42 87 115 19 0 0 58 62 37 8 13 52 61 29 25 29 69 72 
0 0 48 65 0 86 57 108 101 70 0 0 42 39 0 67 53 116 91 52 48 33 94 80 30 
9 7 0 0 67 16 1 0 0 55 54 57 41 49 138 16 19 14 9 61 86 110 97 86 115 
55 0 0 0 0 62 0 0 0 0 64 0 0 0 0 202 133 145 146 141 52 0 0 0 0 
68 140 80 106 123 84 220 124 152 189 3 109 38 43 48 127 198 128 172 157 128 227 170 187 173 
0 0 0 0 0 31 37 30 19 21 0 0 0 0 0 59 67 67 66 90 98 94 96 98 128 
156 13 71 11 24 191 2 49 0 12 283 86 148 92 111 305 164 262 157 168 244 51 90 37 41 
