887 863 903 850 1006 1043 1133 1176 1055 1219 672 701 737 737 901 995 957 986 1004 1111 642 575 621 561 715 
181 155 167 167 157 0 0 1 0 0 119 93 125 100 101 0 0 0 0 0 0 0 0 0 0 
106 44 31 146 167 70 0 0 127 123 188 71 43 219 249 67 0 0 90 133 72 0 0 113 115 
255 24 94 55 73 165 0 0 2 1 323 72 186 117 119 376 159 274 195 175 281 62 138 70 78 
0 0 2 167 15 184 138 148 358 187 3 2 0 201 15 130 133 123 278 114 0 0 0 155 8 
124 31 113 121 22 125 15 78 93 0 127 38 77 99 23 116 4 55 102 0 293 185 267 289 189 
98 3 19 0 87 85 2 11 0 105 192 86 101 74 174 159 65 87 62 149 209 98 118 110 221 
0 0 0 0 0 0 0 0 0 0 1004 1017 964 987 1028 0 0 0 0 0 0 0 0 0 0 
0 0 0 214 0 0 0 2 208 0 94 92 86 319 109 90 88 79 329 108 0 0 0 200 0 
14 8 15 193 5 0 0 0 192 0 41 44 34 191 29 0 0 0 165 0 3 7 3 190 3 
53 141 184 255 71 47 162 189 268 50 121 205 246 335 132 66 197 208 266 88 100 166 181 305 62 
0 0 0 0 0 0 0 0 0 0 0 0 0 0 0 57 60 71 71 82 174 171 171 192 160 
78 105 70 64 201 0 9 0 0 109 0 5 0 0 112 0 4 0 0 127 87 87 91 63 183 
137 148 147 149 160 0 0 0 0 0 0 0 0 0 0 0 0 0 0 0 83 88 71 62 85 
0 0 0 0 0 0 0 0 0 0 0 0 0 0 0 430 431 424 404 421 192 177 184 186 201 
0 190 0 0 81 0 156 0 0 93 108 303 133 110 187 0 168 0 0 93 0 196 0 0 74 
796 0 0 0 0 788 0 0 0 0 783 0 0 0 0 812 0 0 0 0 823 0 0 0 0 
4 8 173 124 146 63 17 189 139 185 115 85 245 224 212 181 185 356 313 284 116 86 242 189 275 
87 133 83 136 70 72 88 66 117 76 0 48 0 47 0 41 90 55 91 47 0 42 0 38 0 
50 9 20 10 24 137 106 128 121 134 33 0 0 0 17 32 0 0 1 18 154 130 124 130 160 
0 0 140 0 0 0 0 129 0 0 0 0 141 0 0 159 121 251 125 148 0 0 152 0 0 
0 67 48 51 0 0 87 48 47 0 37 107 101 105 38 0 78 50 50 0 0 78 60 43 0 
0 2 0 3 152 146 123 129 139 264 130 129 120 125 209 2 2 0 0 128 83 93 102 87 205 
0 0 0 0 0 0 0 0 0 0 0 0 0 0 0 985 1043 1062 1030 962 0 0 0 0 0 
0 19 55 144 0 0 20 56 117 0 0 18 47 154 0 0 20 53 149 0 0 16 60 156 0 
65 46 0 0 0 81 68 16 14 14 131 82 34 36 26 87 62 0 0 0 93 88 22 27 29 
54 84 54 111 110 4 32 14 51 52 9 33 17 59 61 0 32 0 41 49 0 29 0 48 51 
96 124 106 70 6 102 118 161 78 2 268 289 310 251 192 117 125 130 65 3 257 202 288 204 142 
77 22 13 98 20 77 0 0 112 0 214 152 138 225 128 70 0 0 98 0 115 44 45 171 37 
110 86 45 51 33 127 88 45 53 27 55 46 16 0 0 80 71 18 14 15 76 49 8 0 0 
0 0 180 71 0 0 0 185 60 0 0 0 230 66 0 0 0 194 50 0 0 0 182 54 0 
148 198 212 156 124 2 67 82 0 2 0 49 82 0 0 74 105 126 58 39 0 46 110 0 0 
69 53 71 70 66 101 120 108 119 106 24 42 43 37 39 0 0 0 0 0 0 0 0 0 0 
0 0 0 170 0 0 0 0 174 0 235 235 225 414 249 0 0 0 176 0 0 0 0 157 0 
0 0 0 0 0 163 143 177 149 154 0 0 0 0 0 0 0 0 0 0 78 63 72 71 86 
102 0 2 61 42 126 29 48 99 85 202 73 86 142 133 72 0 0 63 35 180 66 79 125 114 
0 81 0 0 0 0 74 0 0 0 0 63 0 0 0 109 143 82 118 74 52 128 42 50 47 
0 0 99 0 0 88 88 182 114 108 0 0 94 0 0 7 9 103 4 9 15 13 88 7 15 
243 229 196 263 111 117 92 66 110 0 90 91 63 90 0 266 242 155 271 125 154 134 59 148 5 
0 0 0 0 0 32 39 33 22 23 0 0 0 0 0 65 75 83 73 103 114 120 118 115 148 
0 225 0 197 0 0 185 0 198 0 3 203 2 198 0 0 190 0 188 0 0 199 0 205 0 
0 36 0 110 0 0 48 0 121 0 0 44 0 118 0 57 122 60 182 57 0 50 0 108 0 
0 0 0 0 70 76 66 78 61 127 81 69 69 82 118 0 0 0 0 71 0 0 0 0 82 
43 235 234 5 216 19 191 186 0 127 53 231 249 12 209 101 310 269 103 278 181 321 267 89 228 
0 54 42 0 92 21 70 49 14 113 32 100 100 44 92 0 63 29 0 78 0 67 30 0 88 
143 116 121 136 133 19 0 0 43 0 13 0 0 47 0 25 0 0 44 0 108 71 65 131 83 
28 0 0 52 64 64 39 38 83 114 15 0 0 56 61 33 10 13 50 53 25 25 28 65 70 
115 0 83 0 0 89 0 98 0 0 163 73 154 58 75 147 21 108 18 12 98 0 103 0 0 
0 18 80 0 96 0 11 68 0 107 0 15 74 0 106 0 14 91 0 133 0 13 69 0 101 
18 47 144 75 17 61 82 168 111 53 0 41 133 32 0 59 82 172 109 48 0 24 115 62 0 
0 70 0 0 0 0 82 0 0 0 136 241 115 159 140 0 104 0 0 0 14 94 19 24 27 
0 0 0 71 0 62 64 51 125 82 0 0 0 70 0 0 0 0 81 0 71 63 57 149 61 
50 0 95 48 0 57 0 109 55 0 59 0 95 50 0 47 0 106 54 0 44 0 98 47 0 
93 50 0 34 0 124 83 19 51 27 107 101 0 27 0 125 57 0 47 0 103 63 0 38 0 
0 0 0 0 25 188 174 190 193 210 0 0 0 0 33 0 0 0 0 29 0 0 0 0 35 
89 46 57 106 77 58 37 49 97 68 24 0 0 51 10 27 0 0 49 10 37 12 8 55 27 
29 55 8 6 10 17 48 0 0 0 21 73 0 0 0 125 160 123 115 111 27 71 0 0 0 
0 0 0 21 0 186 170 197 198 164 0 0 0 23 0 0 0 0 22 0 0 0 0 19 0 
80 102 161 174 112 0 0 57 71 0 0 0 85 72 0 0 0 83 69 0 0 0 66 76 0 
63 57 59 48 69 40 0 0 0 11 76 62 48 48 72 30 0 0 0 22 92 50 45 49 60 
0 0 25 0 69 9 6 36 12 89 0 0 34 0 70 10 7 43 8 95 81 75 114 64 153 
596 602 621 653 605 0 0 0 0 0 0 0 0 0 0 0 0 0 0 0 0 0 0 0 0 
55 105 137 64 70 28 79 95 26 26 0 32 70 0 0 0 37 71 0 0 0 39 66 0 0 
0 0 110 0 0 0 0 91 0 0 76 114 207 112 101 0 0 85 0 0 0 0 104 0 0 
92 107 35 50 123 34 38 0 0 80 37 56 0 0 62 39 43 0 0 68 52 40 0 0 73 
0 53 0 0 0 28 89 42 35 47 0 58 0 8 0 0 62 0 31 0 5 33 2 20 0 
9 7 99 5 12 0 0 87 0 0 0 0 83 0 0 36 39 120 27 29 75 78 150 59 85 
0 0 0 51 75 87 81 63 117 163 0 0 0 49 73 0 0 0 36 84 0 0 0 46 73 
93 165 78 73 84 21 106 0 0 0 29 115 7 8 9 22 75 0 0 0 25 80 0 2 0 
77 38 106 51 108 21 0 45 13 66 23 0 49 11 82 21 0 58 13 65 14 0 44 14 70 
70 0 11 0 1 91 0 0 0 0 117 51 63 52 77 116 29 26 24 23 156 79 86 100 68 
59 30 119 46 39 34 0 84 0 0 29 0 79 0 0 26 0 71 0 0 79 41 121 49 41 
0 42 0 0 7 36 72 27 50 46 26 76 26 25 32 27 74 42 57 34 0 30 0 10 0 
90 75 98 47 61 34 27 33 0 10 57 62 58 26 45 44 27 37 0 12 35 26 38 0 6 
0 62 69 0 0 15 79 68 17 18 21 104 82 21 21 32 109 65 40 42 0 62 58 0 0 
58 102 57 52 49 37 110 36 41 33 19 84 21 21 31 28 63 28 30 31 0 66 0 0 0 
25 0 82 0 34 63 43 117 39 78 23 0 78 0 24 30 0 95 0 22 25 0 86 0 25 
0 2062 0 0 0 0 2116 0 0 0 0 1980 0 0 0 0 2066 0 0 0 0 1997 0 0 0 
27 172 114 20 7 87 225 196 76 77 2 158 126 3 0 49 245 188 102 40 6 107 94 0 0 
56 88 71 0 0 44 105 88 0 0 69 98 88 0 0 56 117 85 0 0 54 93 86 0 0 
1 108 0 135 0 90 194 110 234 106 103 192 71 220 75 2 103 0 142 0 2 109 0 117 0 
127 182 9 215 106 115 206 24 273 183 89 141 2 211 105 318 357 167 418 272 182 310 115 353 230 
0 0 0 0 0 1253 1205 1205 1162 1233 0 0 0 0 0 0 0 0 0 0 0 0 0 0 0 
0 0 80 125 0 0 0 75 105 0 0 0 81 126 0 0 0 81 125 0 0 0 72 128 0 
172 52 67 102 49 182 54 67 123 72 108 0 0 44 0 88 0 0 39 0 100 0 0 49 1 
0 128 0 0 95 0 164 0 0 88 0 179 0 0 94 0 153 0 0 80 0 156 0 0 111 
138 235 131 222 91 138 267 113 158 40 286 395 245 312 177 199 318 185 237 122 182 428 283 261 213 
53 62 210 215 91 4 0 129 100 22 80 88 191 238 106 0 0 94 106 36 33 37 158 153 61 
174 133 155 163 300 8 15 3 4 150 3 12 11 2 160 216 238 200 188 386 233 278 255 242 410 
0 78 0 0 0 0 60 0 0 0 0 73 0 0 0 10 66 6 7 3 178 207 192 166 182 
54 28 39 13 47 41 15 28 0 40 41 16 34 0 31 69 12 31 0 43 111 106 86 73 139 
203 77 0 100 0 205 70 0 102 0 206 59 0 104 0 192 69 0 113 0 203 56 0 114 0 
49 12 0 32 42 123 98 79 111 106 53 12 0 35 39 43 5 0 26 42 54 11 0 33 34 
55 0 0 0 0 62 0 0 0 0 64 0 0 0 0 202 134 145 145 141 52 0 0 0 0 
88 210 205 144 58 83 184 175 110 17 78 194 175 84 55 53 140 166 77 8 39 188 159 88 16 
109 6 16 71 27 137 82 65 133 86 135 81 95 125 111 83 31 31 81 38 67 0 0 41 13 
115 122 131 85 187 0 0 6 0 50 61 74 79 60 105 0 0 16 0 58 0 0 14 0 69 
37 62 0 64 0 140 142 91 136 61 84 83 30 111 41 51 52 0 61 0 35 50 0 63 0 
78 93 81 87 140 83 73 73 74 99 0 23 0 0 53 0 19 0 0 23 53 74 50 47 91 
0 72 0 0 0 30 129 37 40 28 36 140 34 31 32 25 116 22 24 37 40 119 41 36 51 
35 10 44 35 0 103 80 117 125 65 47 23 52 41 0 48 9 50 39 0 45 22 40 43 0 
1 13 0 109 237 144 157 139 251 380 2 29 0 92 266 0 12 0 91 282 131 173 129 203 351 
11 22 96 7 221 2 0 67 10 157 113 105 173 107 277 137 139 227 164 328 1 0 78 0 170 
146 0 0 0 0 143 0 0 0 0 236 83 108 108 115 130 0 0 0 0 131 0 0 0 0 
0 0 0 0 845 0 0 0 0 809 0 0 0 0 852 0 0 0 0 840 0 0 0 0 797 
137 134 0 167 57 140 137 1 143 110 178 206 52 226 133 129 143 10 189 108 111 169 0 179 45 
115 0 0 0 0 224 83 76 73 65 134 0 0 0 0 130 0 0 0 0 125 0 0 0 0 
55 29 73 47 36 99 75 123 71 66 24 19 41 21 14 78 56 139 92 59 10 0 36 0 0 
0 22 0 146 0 36 57 47 193 32 0 19 0 133 0 0 16 0 138 0 0 21 0 167 0 
104 76 126 142 167 58 0 81 62 69 35 0 72 82 65 95 72 133 143 141 12 2 53 61 52 
43 48 55 128 106 28 22 31 81 74 0 0 0 77 55 0 0 0 48 50 7 10 9 75 53 
0 8 57 0 0 73 82 154 74 82 0 9 60 0 0 47 66 142 44 52 0 5 53 0 0 
220 18 205 0 0 223 10 194 0 0 218 10 197 5 1 201 6 204 0 0 225 26 196 11 11 
0 0 0 0 0 68 52 68 61 66 0 0 0 0 0 139 115 129 138 134 0 0 0 0 0 
286 99 294 137 199 327 165 414 230 257 328 149 397 233 272 190 16 203 89 134 228 84 281 95 115 
69 162 70 85 71 0 95 0 28 0 17 138 29 34 27 0 109 0 17 0 0 82 0 23 0 
0 0 0 16 0 0 0 0 19 0 0 0 0 18 0 0 0 0 18 0 164 173 198 200 194 
0 0 35 0 64 40 55 87 50 125 63 82 104 60 143 0 0 37 0 74 0 0 56 0 64 
0 0 16 0 187 0 0 16 0 178 0 0 28 0 166 0 0 25 0 179 0 0 23 0 182 
0 0 0 50 0 0 0 0 59 0 54 59 45 140 45 0 0 0 59 0 85 78 82 158 86 
100 0 0 105 0 123 0 0 122 0 107 0 0 98 0 107 0 0 125 0 111 0 0 123 0 
16 52 34 79 0 102 169 143 175 101 179 231 212 243 160 9 59 83 102 26 95 122 89 137 64 
109 147 119 121 219 0 0 0 0 79 0 0 0 0 78 24 28 30 21 106 0 0 0 0 79 
97 203 85 89 89 0 102 0 0 0 22 147 16 37 25 2 114 0 0 3 131 267 111 123 129 
137 131 78 81 81 80 47 0 0 0 87 47 4 3 9 62 47 0 0 0 72 57 0 0 0 
0 102 0 0 0 32 160 50 50 57 0 112 0 0 0 56 180 74 77 61 0 110 0 0 0 
92 0 0 0 0 117 0 0 0 0 122 0 0 0 0 102 0 0 0 0 206 88 85 89 99 
0 0 0 0 0 0 0 0 0 0 0 0 0 0 0 0 0 0 0 0 442 424 446 444 412 
0 0 37 0 0 73 79 92 74 87 0 0 31 0 0 77 75 84 59 79 19 25 59 22 26 
7 15 16 17 52 0 0 0 0 35 76 78 71 67 99 0 0 0 0 31 68 98 77 74 104 
0 0 0 127 0 0 0 0 111 0 0 0 0 135 0 0 0 0 139 0 72 71 76 190 79 
0 63 0 34 62 2 51 0 38 63 1 29 0 36 85 0 40 0 31 65 19 59 25 56 102 
71 0 0 0 29 60 0 0 0 24 78 0 0 0 35 62 0 0 0 25 161 83 72 84 117 
0 112 0 0 0 0 108 0 0 0 0 106 0 0 0 0 96 0 0 0 96 185 99 105 92 
33 70 41 60 50 50 67 46 40 58 56 52 47 55 54 0 9 0 11 0 94 115 84 87 77 
0 0 126 60 0 44 45 167 113 55 0 0 109 39 0 0 0 95 38 0 0 0 132 39 0 
18 47 26 0 45 12 69 22 4 33 6 53 0 2 28 42 75 48 50 85 0 38 10 0 37 
59 0 0 0 0 127 62 62 75 70 98 18 18 19 15 131 47 46 52 42 59 0 0 0 0 
195 0 0 0 0 197 13 18 17 20 178 0 0 0 0 196 0 0 0 0 166 0 0 0 0 
83 35 33 111 37 39 0 0 91 0 48 0 0 85 0 82 35 30 120 31 55 0 0 83 0 
0 0 0 22 0 45 34 29 58 35 22 10 36 43 30 0 0 0 16 0 50 50 55 92 59 
0 0 63 43 0 0 0 55 43 0 101 99 148 132 97 0 0 62 47 0 0 0 67 42 0 
87 15 65 146 123 38 12 56 146 120 80 24 60 161 123 38 0 45 107 106 146 90 126 235 244 
0 9 66 117 6 0 0 63 99 0 61 36 142 156 55 38 52 94 148 48 0 0 59 99 0 
46 5 39 39 10 34 4 32 36 17 105 64 102 94 72 60 16 39 43 14 45 0 39 40 0 
44 0 64 0 69 39 0 65 0 53 29 0 75 0 76 96 62 109 74 122 35 0 71 0 59 
100 46 148 80 47 78 21 153 69 31 40 0 95 4 2 142 79 192 109 85 117 51 196 88 81 
11 124 164 35 144 169 295 314 148 314 38 171 198 64 213 0 91 161 0 127 107 219 256 128 274 
28 23 26 76 55 41 44 37 91 79 0 0 0 35 34 0 0 0 24 18 89 107 105 163 119 
21 34 0 93 0 30 58 0 130 0 98 91 48 162 65 34 40 0 124 0 50 39 0 100 0 
0 0 50 0 0 155 141 208 134 170 0 0 59 0 0 0 0 73 0 0 0 0 64 0 0 
58 103 58 85 45 15 32 0 37 0 93 117 96 144 50 17 59 6 54 8 78 73 80 110 42 
11 7 0 0 66 11 2 0 0 50 54 52 43 38 111 16 17 15 9 62 82 103 82 76 116 
59 11 10 6 20 86 60 62 63 64 94 73 78 87 83 39 0 5 0 12 34 11 14 7 21 
22 121 80 22 37 0 107 79 7 9 0 89 47 0 24 0 85 59 7 16 58 149 117 61 95 
124 160 84 85 85 60 57 37 17 17 35 50 15 0 0 35 42 13 0 0 27 39 13 0 0 
0 69 55 0 67 0 71 63 0 71 0 78 53 0 55 0 66 64 0 69 0 84 67 0 66 
95 0 0 64 0 83 0 0 73 0 99 0 0 69 0 99 0 0 51 0 122 15 23 94 29 
67 129 76 75 79 0 64 0 0 0 39 103 44 39 37 0 55 0 0 0 30 76 27 30 30 
65 78 13 21 21 49 44 0 0 2 51 67 17 9 16 63 70 36 39 47 81 77 48 28 43 
37 76 41 70 27 0 62 11 42 15 0 51 10 45 18 0 43 14 31 13 39 104 64 97 75 
0 0 56 31 12 0 0 52 39 3 0 0 52 50 6 52 60 142 113 68 63 56 111 101 74 
29 38 26 22 31 0 0 0 0 0 71 59 57 62 55 0 0 0 0 0 120 107 99 114 110 
53 36 41 33 43 0 0 16 0 0 0 1 20 0 0 54 48 100 57 49 135 107 157 154 134 
38 44 100 44 45 5 9 56 14 8 59 49 126 54 44 0 0 44 4 0 0 1 58 23 1 
0 0 180 32 0 0 0 141 23 0 19 20 156 37 18 0 0 166 23 0 0 0 162 23 0 
44 74 0 0 0 66 98 40 30 29 68 113 17 15 8 80 123 40 38 43 37 66 0 0 0 
84 3 90 81 100 157 74 186 169 181 174 88 183 191 211 153 58 121 126 169 103 6 93 133 128 
100 134 74 57 73 13 53 3 0 0 84 145 72 58 66 40 78 29 21 19 26 60 0 1 0 
0 119 106 171 0 0 130 115 164 0 0 114 113 169 3 0 120 114 158 0 0 133 122 164 1 
0 0 0 136 35 0 0 0 151 28 27 29 16 151 51 0 0 0 144 33 0 0 0 138 38 
24 0 0 156 0 14 0 0 127 0 117 80 122 239 114 24 0 0 116 0 27 2 0 132 0 
54 71 42 45 56 4 63 2 0 19 53 86 44 37 61 8 40 0 0 33 0 63 0 0 25 
137 126 19 42 88 201 222 75 86 212 155 177 63 81 109 83 101 1 22 52 217 267 112 132 134 
75 178 141 90 92 6 41 77 14 3 35 79 109 40 30 25 72 72 10 23 0 60 62 0 0 
8 29 15 8 68 16 35 30 7 113 14 16 15 5 57 66 82 73 45 157 35 43 41 27 101 
0 0 212 0 46 0 0 232 0 30 0 0 207 0 25 0 0 198 0 24 0 0 185 0 25 
722 522 634 449 556 473 195 312 170 211 504 314 393 186 318 368 155 188 39 160 553 322 480 327 433 
92 85 6 4 0 204 185 89 84 80 108 105 0 0 0 114 115 24 18 19 82 72 0 0 0 
175 289 143 151 131 255 377 171 270 174 127 274 89 152 75 43 184 0 50 0 90 190 52 94 35 
20 0 27 78 0 25 0 18 44 0 79 44 66 79 23 88 54 84 110 68 27 0 27 44 0 
0 0 0 0 63 0 0 0 0 72 0 0 0 0 79 0 0 0 0 65 167 177 174 179 230 
95 3 51 0 19 151 16 64 28 36 178 76 117 63 67 185 119 166 83 111 154 39 62 17 35 
52 38 112 127 31 0 0 72 104 0 54 50 131 131 43 0 0 91 100 0 0 0 82 82 0 
150 0 0 54 0 156 0 0 55 0 140 0 0 40 0 168 0 0 46 0 149 0 0 41 0 
0 0 0 0 0 0 0 3 0 0 3 0 0 0 0 0 0 1 0 0 0 0 43 1 23 
180 129 161 255 141 30 6 75 138 0 67 36 121 199 60 33 5 98 105 29 34 4 71 95 0 
63 26 26 63 70 39 0 0 26 56 52 0 0 21 29 56 0 0 33 37 87 44 43 73 80 
0 0 46 56 0 73 52 106 108 72 0 0 36 40 0 72 60 102 98 62 44 32 77 78 29 
0 0 0 32 0 74 60 43 90 55 0 0 0 16 0 44 44 62 87 47 43 49 44 91 39 
52 88 60 133 117 0 8 4 76 39 0 13 5 49 45 0 10 8 66 42 26 35 21 76 47 
66 78 113 97 69 0 0 33 0 0 0 0 48 0 0 0 0 47 0 0 162 159 188 182 167 
118 123 101 105 39 198 159 160 140 115 111 75 58 67 15 260 207 212 173 153 172 165 154 102 92 
0 0 1445 0 0 0 0 1469 0 0 0 0 1351 0 0 0 0 1481 0 0 0 0 1442 0 0 
0 0 0 1194 0 0 0 0 1180 0 0 0 0 1201 0 0 2 1 1273 1 0 0 0 1208 0 
