762 670 463 605 651 1083 949 870 1009 936 616 620 509 680 703 1023 809 750 855 896 558 448 379 418 568 
268 204 270 234 221 0 0 0 0 1 148 113 146 132 153 0 0 0 0 0 0 0 0 0 0 
108 41 38 153 187 72 0 0 121 143 146 52 29 185 196 46 0 0 73 123 56 0 0 97 119 
164 0 135 168 174 229 49 240 220 254 306 134 294 340 346 250 72 185 213 233 157 0 130 195 163 
133 29 91 128 27 126 12 62 94 2 113 24 55 87 17 118 5 52 116 0 261 177 235 284 169 
97 8 20 0 98 94 8 19 0 122 203 110 110 80 195 168 83 102 55 183 229 117 132 102 232 
0 0 0 0 0 0 0 0 0 0 1039 1055 997 1024 1066 0 0 0 0 0 0 0 0 0 0 
0 0 0 269 0 0 0 6 258 0 106 104 108 383 114 117 119 91 408 130 0 0 0 258 1 
18 10 13 212 5 0 0 0 198 1 42 54 39 213 32 0 0 0 171 0 4 10 4 215 3 
0 0 0 0 0 0 0 0 0 0 0 0 0 0 0 68 71 75 69 95 182 178 177 210 171 
74 87 61 69 167 0 9 0 0 117 0 3 0 0 99 0 4 0 0 102 88 84 79 75 173 
143 154 166 175 157 0 0 0 0 0 0 0 0 0 0 0 0 0 0 0 88 83 67 72 88 
0 0 0 0 0 0 0 0 0 0 0 0 0 0 0 430 434 423 410 419 191 180 177 188 204 
0 223 0 0 102 0 195 0 0 107 144 371 165 147 235 0 209 0 0 107 0 234 0 0 88 
824 0 0 0 0 819 0 0 0 0 812 0 0 0 0 845 0 0 0 0 852 0 0 0 0 
12 1 204 147 167 57 29 251 199 248 128 126 323 268 287 204 210 463 425 383 129 91 302 252 336 
82 130 71 139 63 76 77 64 105 68 0 42 0 43 0 39 98 39 87 44 0 45 0 39 0 
32 9 16 7 19 174 128 155 137 164 31 0 0 0 26 29 0 0 1 27 157 165 133 129 179 
0 0 161 0 0 0 0 149 0 0 0 0 165 0 0 183 144 287 148 149 0 0 158 0 0 
0 88 52 59 0 0 98 53 64 0 57 146 123 147 48 0 98 63 59 0 0 105 75 62 0 
0 2 3 2 148 130 129 117 150 242 136 109 111 99 227 0 1 0 0 113 109 97 91 85 183 
0 0 0 0 0 0 0 0 0 0 0 0 0 0 0 1003 1059 1069 1041 973 0 0 0 0 0 
0 19 56 154 0 0 18 54 135 0 0 19 52 170 0 0 19 59 156 0 0 16 56 160 0 
94 140 83 174 169 13 44 22 79 74 22 54 30 97 109 0 60 0 73 80 0 45 0 75 76 
123 119 128 101 0 113 127 192 91 0 316 301 344 309 198 111 126 156 83 0 279 241 322 253 153 
69 12 23 105 12 75 0 0 123 0 235 159 139 230 137 70 0 0 93 0 105 36 49 171 37 
114 89 39 46 31 143 85 44 61 32 52 44 15 0 0 81 70 19 12 12 75 53 11 0 0 
0 0 182 87 0 0 0 219 75 0 0 0 276 89 0 0 0 237 62 0 0 0 189 61 0 
113 149 155 106 93 0 50 67 0 0 0 52 57 0 0 40 67 93 33 33 0 44 100 0 0 
68 58 77 71 62 105 137 112 122 111 24 42 45 37 43 0 0 0 0 0 0 0 0 0 0 
0 0 0 165 0 0 0 0 174 0 203 202 190 376 209 0 0 0 171 0 0 0 0 154 0 
0 0 0 1 0 151 139 194 152 153 0 0 0 0 0 1 0 0 0 0 80 60 68 64 83 
129 0 29 85 46 139 39 61 147 97 244 93 103 179 164 97 0 0 87 51 207 83 94 177 132 
0 84 0 0 0 0 77 0 0 0 0 65 0 0 0 118 160 82 120 82 54 140 48 56 52 
0 0 104 0 0 90 88 187 114 111 0 0 107 0 0 4 4 103 0 5 14 15 84 7 14 
251 220 201 273 114 107 106 80 112 0 82 91 62 88 0 245 239 165 276 110 125 125 95 142 0 
0 229 0 214 0 0 185 0 203 0 8 214 7 207 7 0 194 0 198 0 0 202 0 218 0 
0 41 0 120 0 0 49 0 145 0 0 45 0 137 0 73 147 77 219 75 0 60 0 135 0 
0 0 0 0 79 97 79 89 68 161 92 85 80 97 141 0 0 0 0 80 0 0 0 0 91 
67 268 326 51 206 31 201 240 5 128 82 263 341 66 200 85 282 304 101 220 203 331 403 164 300 
0 57 41 0 110 24 93 65 19 126 33 120 118 48 112 0 72 30 0 87 0 80 39 0 97 
130 102 133 143 145 17 0 0 49 0 14 0 0 44 0 18 0 0 43 0 96 80 72 131 83 
69 0 67 0 0 64 0 77 0 0 114 55 111 48 52 100 16 78 13 13 67 0 74 0 0 
0 19 84 0 98 0 13 71 0 108 0 16 74 0 109 0 14 95 0 138 0 13 74 0 103 
14 48 139 74 21 49 67 139 100 52 0 44 112 37 0 45 72 149 98 31 0 26 96 59 0 
0 70 0 0 0 0 81 0 0 0 144 244 132 152 147 0 92 0 0 0 15 91 20 26 33 
0 0 0 83 0 70 71 59 133 92 0 0 0 79 0 0 0 0 94 0 88 71 64 168 72 
49 0 92 48 0 57 0 109 53 0 59 0 93 50 0 46 0 102 54 0 43 0 98 46 0 
86 55 0 34 0 118 84 17 48 27 104 92 0 31 0 121 62 0 47 0 99 65 0 34 0 
0 0 0 0 34 261 236 254 266 285 0 0 0 0 57 0 0 0 0 55 0 0 0 0 49 
118 69 74 142 99 73 48 56 112 92 30 0 0 58 13 35 0 0 60 13 47 14 9 72 38 
32 59 7 3 10 17 59 0 0 0 23 82 0 0 0 134 171 133 126 126 31 76 0 0 0 
0 0 0 21 0 186 170 198 199 163 0 0 0 23 0 0 0 0 22 0 0 0 0 19 0 
76 87 151 162 108 0 0 58 72 0 0 0 80 67 0 0 0 76 69 0 0 0 71 73 0 
66 57 63 51 74 42 0 0 0 11 80 63 51 50 74 31 0 0 0 24 95 49 45 49 64 
0 0 24 0 82 10 2 49 8 100 0 0 38 0 102 12 6 50 9 119 111 112 149 89 214 
67 128 157 77 80 38 98 123 33 31 0 42 82 0 0 0 44 88 0 0 0 41 78 0 0 
0 0 119 0 0 0 0 102 0 0 84 124 232 124 113 0 0 91 0 0 0 0 115 0 0 
107 114 34 58 146 35 47 0 0 87 46 60 0 0 71 44 41 0 0 81 62 47 0 0 87 
0 49 0 11 0 52 100 41 57 71 0 57 0 16 9 0 54 0 30 2 19 50 11 33 24 
14 9 126 8 13 0 0 103 0 0 0 0 107 0 0 55 52 142 32 34 101 111 203 80 113 
0 0 0 51 74 88 81 63 116 163 0 0 0 49 73 0 0 0 36 84 0 0 0 47 73 
94 165 78 73 81 22 106 0 0 0 30 114 7 8 9 22 75 0 0 0 24 79 0 1 0 
65 35 101 45 99 20 0 44 6 62 22 0 45 0 76 19 0 55 0 60 1 0 34 0 55 
61 0 13 0 2 76 7 13 0 0 102 58 51 51 77 102 29 8 8 0 132 91 94 90 69 
47 34 118 43 46 0 0 81 0 0 0 0 77 0 0 2 0 70 0 6 47 29 115 38 28 
0 62 63 0 0 0 70 31 0 0 21 104 78 21 21 32 109 63 40 42 0 62 54 0 0 
15 0 76 0 35 38 33 111 33 60 10 0 77 0 13 3 0 72 0 3 15 0 88 0 16 
0 2173 0 0 0 0 2254 0 0 0 0 2105 0 0 0 0 2180 0 0 0 0 2116 0 0 0 
19 112 99 20 19 74 163 143 70 62 5 91 88 1 0 28 162 119 71 36 3 101 84 0 0 
72 143 127 0 0 58 154 129 0 0 86 150 136 0 0 69 157 139 0 0 66 149 148 0 0 
0 83 0 116 0 84 145 60 160 80 57 143 33 135 47 0 82 0 113 0 0 87 0 92 0 
0 0 0 0 0 1285 1241 1247 1210 1276 0 0 0 0 0 0 0 0 0 0 0 0 0 0 0 
0 0 80 125 0 0 0 75 106 0 0 0 81 127 0 0 0 81 125 0 0 0 72 128 0 
147 45 50 83 43 141 55 50 111 60 82 0 0 37 0 84 0 0 38 0 86 0 0 41 0 
0 132 0 0 89 0 160 0 0 87 0 173 0 0 94 0 146 0 0 80 0 160 0 0 102 
185 308 183 221 95 129 271 101 108 10 253 359 240 231 101 297 412 280 257 165 162 314 245 177 113 
91 80 282 278 86 0 0 182 189 3 122 124 293 309 100 0 0 168 196 7 15 17 224 206 25 
139 111 104 139 245 9 14 2 1 150 17 14 10 12 150 212 197 155 170 342 199 234 222 208 365 
0 109 0 0 0 0 91 0 0 0 0 116 0 0 0 7 100 5 7 3 259 333 263 246 249 
52 24 41 12 53 49 15 31 0 41 41 11 39 0 29 77 20 34 0 50 120 109 102 85 134 
198 71 0 99 0 201 63 0 104 0 202 51 0 103 0 184 65 0 99 0 200 62 0 112 0 
0 0 1472 0 0 0 0 1509 0 0 0 0 1414 0 0 0 0 1510 0 0 0 0 1474 0 0 
53 0 7 41 19 83 53 43 89 64 84 53 58 61 60 52 22 15 55 28 49 0 0 22 10 
103 122 112 82 181 0 0 8 0 46 56 82 79 59 102 0 0 18 0 51 0 0 12 0 60 
35 74 0 77 0 122 166 97 169 85 73 96 49 123 55 47 64 0 69 0 32 64 0 80 0 
81 85 78 89 133 78 100 63 59 116 0 28 0 0 53 0 25 0 0 27 57 83 54 51 92 
0 64 0 0 1 28 112 31 31 25 32 125 35 31 30 23 109 20 24 31 35 110 39 32 43 
32 10 40 34 0 101 68 111 112 63 39 20 47 37 0 47 8 43 35 0 38 19 37 39 0 
149 0 0 0 0 129 0 0 0 0 219 78 106 106 100 123 0 0 0 0 129 0 0 0 0 
0 0 0 0 830 0 0 0 0 792 0 0 0 0 836 0 0 0 0 822 0 0 0 0 771 
84 126 88 212 199 0 11 5 101 60 0 13 6 82 75 0 22 11 109 64 29 44 27 107 86 
140 0 0 0 0 276 110 105 92 81 166 0 0 0 0 164 0 0 0 0 168 0 0 0 0 
0 0 0 0 0 73 55 80 71 76 0 0 0 0 0 153 122 152 157 155 0 0 0 0 0 
0 22 0 159 0 40 63 51 204 35 0 19 0 145 0 0 16 0 149 0 0 20 0 168 0 
135 53 102 72 129 87 0 58 16 47 92 7 86 29 55 187 101 154 91 146 76 0 30 21 45 
46 53 63 148 121 31 26 35 94 87 0 0 0 92 65 0 0 0 54 55 9 14 10 93 60 
0 0 68 0 0 78 95 187 81 94 0 6 61 0 0 60 72 182 55 67 0 0 65 0 0 
200 2 193 0 0 205 4 171 0 0 200 6 182 4 0 180 2 182 0 0 210 18 177 10 10 
340 127 376 148 226 406 199 431 222 257 373 154 386 216 246 264 19 274 91 140 243 48 270 86 107 
71 158 77 88 74 0 94 0 29 0 19 140 28 34 31 0 116 0 17 0 0 84 0 22 0 
1 0 34 0 64 36 46 80 46 120 56 75 93 56 129 0 0 36 0 66 0 0 52 0 60 
0 0 18 0 223 0 0 18 0 203 0 0 29 0 185 0 0 28 0 203 0 0 26 0 229 
0 0 0 53 0 0 0 0 63 0 55 63 47 143 46 0 0 0 63 0 95 83 87 168 91 
116 0 0 117 0 139 0 0 131 0 140 0 0 124 0 126 0 0 136 0 135 0 0 138 0 
0 26 71 58 0 102 163 183 180 113 166 199 221 227 155 8 64 101 105 16 90 112 124 132 57 
96 121 107 100 199 0 0 0 0 69 0 0 0 0 66 20 22 25 20 95 0 0 0 0 70 
113 204 121 115 112 0 109 0 0 0 69 176 77 80 74 0 105 0 0 0 72 185 69 61 73 
186 157 106 105 97 100 50 0 0 0 111 59 4 4 8 87 65 0 0 0 93 76 0 0 0 
0 127 0 0 0 40 182 66 62 68 0 153 0 0 0 67 216 94 98 79 0 122 0 0 0 
0 0 0 0 0 0 0 0 0 0 0 0 0 0 0 0 0 0 0 0 441 417 445 428 393 
0 0 35 0 0 73 79 92 75 87 0 0 31 0 0 77 75 85 59 79 19 25 59 22 26 
9 15 16 20 55 0 0 0 0 43 84 87 81 75 106 0 0 0 0 33 76 104 88 83 117 
0 0 0 133 0 0 0 0 120 0 0 0 0 151 0 0 0 0 151 0 78 74 79 213 92 
0 65 0 34 72 2 61 0 37 77 0 55 0 33 91 0 59 0 31 73 18 77 24 56 113 
0 27 0 20 0 84 97 81 66 78 82 80 77 73 79 0 13 0 13 0 122 156 125 144 120 
0 0 117 55 0 43 45 155 105 50 0 0 102 39 0 0 0 90 38 0 0 0 126 35 0 
59 0 0 0 0 126 62 61 76 69 99 20 18 20 15 131 47 46 52 41 58 0 0 0 0 
74 35 33 109 37 30 0 0 90 0 39 0 0 81 0 76 35 30 119 31 50 0 0 83 0 
0 0 63 40 0 0 0 55 41 0 101 99 149 127 97 0 0 62 44 0 0 0 67 40 0 
3 7 54 115 8 0 0 52 86 0 50 32 114 130 46 29 46 73 123 34 0 0 50 88 0 
66 4 67 51 15 55 1 46 46 32 142 77 131 126 101 75 13 52 43 21 62 0 51 46 0 
52 0 74 0 65 50 0 65 0 70 36 0 75 0 89 116 62 137 71 141 41 0 68 0 66 
71 22 131 64 48 65 17 114 60 30 50 0 74 27 7 129 52 161 86 80 89 19 159 57 60 
14 94 149 33 126 115 178 269 119 215 25 103 181 40 171 0 34 153 1 112 63 126 201 98 192 
20 25 30 70 55 50 45 42 89 84 0 0 0 39 30 0 0 0 25 18 87 101 103 143 121 
26 43 1 114 0 42 59 0 149 0 115 105 75 207 89 31 51 0 138 0 46 40 0 107 0 
0 0 57 0 0 165 144 229 153 179 0 0 60 0 0 0 0 70 0 0 0 0 66 0 0 
59 10 10 5 20 86 60 62 64 64 92 70 76 88 82 39 0 5 0 12 34 11 14 7 21 
20 139 89 18 41 0 109 80 6 8 0 87 49 0 25 0 117 65 5 12 46 155 112 46 88 
132 171 94 95 87 65 60 40 18 20 36 57 15 0 0 36 41 15 0 0 28 41 13 0 0 
80 94 16 22 22 54 54 2 0 0 56 73 19 11 18 74 77 43 46 51 91 86 57 33 52 
36 74 43 71 29 0 62 10 42 16 2 51 11 44 19 0 43 14 31 13 39 104 64 96 78 
0 0 66 28 13 0 0 50 37 4 0 0 46 43 7 47 57 133 108 72 63 54 118 103 68 
29 38 26 22 31 0 0 0 0 0 71 59 57 62 55 0 0 0 0 0 120 107 99 114 110 
44 34 10 35 45 0 0 0 0 0 0 0 0 0 0 39 42 81 60 72 118 79 97 153 134 
35 39 101 34 41 0 2 57 6 0 58 46 126 43 44 0 0 53 0 0 0 0 57 7 0 
0 0 134 1 0 0 0 69 0 0 19 20 60 0 18 0 0 89 4 0 0 0 109 3 0 
43 70 0 0 0 66 93 38 29 29 67 108 17 14 9 79 119 37 37 41 37 66 0 0 0 
82 113 65 53 63 12 46 3 0 0 70 127 59 51 51 35 67 26 17 14 22 52 0 0 0 
0 126 125 182 1 0 138 132 177 1 0 114 126 181 0 0 126 124 174 2 0 137 125 179 0 
19 0 0 207 0 12 0 0 143 0 133 107 120 248 109 13 0 0 133 0 22 0 0 152 1 
202 204 39 110 135 242 343 109 145 216 218 300 131 166 165 101 139 3 39 64 357 466 190 271 264 
63 173 111 86 91 6 41 66 11 3 28 71 97 32 26 20 73 56 10 26 0 57 48 0 0 
0 18 12 0 64 0 23 19 0 100 0 12 4 0 52 39 76 65 37 138 22 36 36 27 95 
732 573 640 444 566 478 251 312 169 259 478 295 357 172 292 339 167 178 44 187 570 390 481 318 384 
77 68 2 4 0 157 154 74 74 67 89 79 0 0 0 94 94 22 19 20 72 55 0 0 0 
166 306 124 149 137 271 394 163 269 186 155 297 91 156 85 38 193 0 39 0 79 203 54 79 30 
0 0 0 0 52 0 0 0 0 56 0 0 0 0 65 0 0 0 0 58 134 157 141 152 185 
151 0 0 56 0 158 0 0 55 0 142 0 0 41 0 169 0 0 47 0 149 0 0 41 0 
188 145 191 271 138 42 2 97 136 0 85 50 140 195 67 50 1 103 96 33 52 0 88 97 0 
111 108 86 54 17 186 183 157 124 120 103 102 88 46 21 235 219 206 143 128 117 141 109 38 52 
58 130 51 57 53 0 55 0 0 0 6 80 3 4 3 0 63 0 0 0 76 154 62 76 65 
0 0 0 16 0 0 0 0 22 0 0 1 0 18 0 0 1 0 20 0 177 194 224 211 216 
68 12 54 129 102 7 0 29 114 89 67 22 59 143 118 24 0 34 112 80 155 80 124 208 226 
0 107 80 0 93 0 113 83 0 113 0 120 58 0 87 0 99 97 0 116 0 116 82 0 97 
65 28 81 44 36 90 65 107 73 69 25 23 44 25 17 60 61 124 83 61 12 0 37 1 0 
77 0 0 0 56 69 0 0 0 50 86 0 0 0 60 69 0 0 0 46 173 98 75 94 150 
82 98 0 112 64 69 115 1 123 97 87 86 2 153 104 189 210 108 224 176 127 159 40 160 111 
88 112 116 91 86 15 38 65 14 12 0 14 54 0 0 77 88 105 66 54 29 35 62 22 10 
0 0 0 145 35 0 0 0 166 28 27 35 18 170 51 0 0 0 157 37 0 0 0 146 42 
0 0 0 179 14 202 184 152 413 219 1 0 0 192 17 149 158 160 349 138 0 0 0 182 10 
65 162 179 207 95 31 132 144 208 47 107 157 168 211 112 88 191 205 279 108 125 139 193 274 106 
0 0 0 1274 0 0 0 0 1301 0 0 0 0 1317 0 0 0 0 1363 0 0 0 0 1348 0 
195 0 0 0 0 197 13 17 17 20 178 0 0 0 0 196 0 0 0 0 166 0 0 0 0 
92 0 0 0 0 117 0 0 0 0 122 0 0 0 0 102 0 0 0 0 206 88 85 89 99 
167 88 54 83 107 64 0 0 12 8 139 43 51 56 49 166 50 57 104 91 239 132 124 183 169 
12 21 0 0 32 5 22 0 0 0 0 1 0 0 0 31 37 18 38 48 0 0 0 0 12 
61 69 129 100 63 0 0 45 0 0 0 0 62 0 0 0 0 57 0 1 160 162 193 186 168 
1 15 0 86 237 112 138 131 221 348 4 24 0 95 266 0 10 0 96 275 120 147 118 181 332 
10 31 74 15 262 1 3 62 7 206 119 108 190 121 309 157 165 237 186 387 4 3 69 2 215 
111 224 249 182 76 145 236 288 210 89 120 215 243 180 126 54 155 192 123 31 37 175 199 151 1 
109 0 0 16 0 106 0 0 0 0 120 0 0 0 0 117 0 0 0 0 146 16 27 4 36 
41 68 34 30 48 0 31 0 0 0 51 78 45 39 55 7 33 0 0 32 0 44 0 0 19 
615 630 645 688 631 0 0 0 0 0 0 0 0 0 0 0 0 0 0 0 0 0 0 0 0 
70 57 0 0 0 89 74 16 16 13 142 87 35 40 29 90 61 0 0 0 104 91 22 24 31 
36 0 0 66 76 88 48 49 100 127 17 0 1 64 67 43 10 14 63 70 28 30 37 80 81 
12 8 0 0 78 21 3 0 0 64 70 74 46 51 135 24 23 17 12 73 96 124 107 99 144 
55 0 0 0 0 62 0 0 0 0 64 0 0 0 0 202 133 145 146 141 52 0 0 0 0 
94 145 106 107 142 109 256 167 160 215 22 110 59 56 62 126 201 133 166 159 119 218 178 165 163 
0 0 0 0 0 33 39 31 21 23 0 0 0 0 0 63 71 74 74 94 112 105 107 104 137 
136 7 76 9 15 199 1 47 1 6 269 73 139 96 99 268 143 249 128 141 238 34 81 25 39 
16 0 29 0 0 20 0 15 0 0 29 0 31 17 0 83 51 77 72 64 30 3 26 0 2 
0 0 188 0 35 0 0 217 0 29 0 0 181 0 26 0 0 172 0 21 0 0 175 0 31 
108 65 0 121 47 106 87 5 107 67 119 114 30 149 67 76 58 0 114 48 82 80 1 126 39 
44 73 46 63 37 13 22 0 24 0 67 92 55 95 40 12 47 6 38 5 57 60 54 84 30 
0 0 49 53 0 78 48 100 97 62 0 0 40 34 0 58 45 98 83 48 43 31 77 72 28 
