898 840 750 742 831 1047 1120 1036 1039 1061 721 709 665 727 819 1028 969 960 1012 1033 649 499 500 481 662 
168 146 177 158 161 0 0 0 0 0 120 84 125 114 103 0 0 0 0 0 0 0 0 0 0 
113 31 37 215 229 111 0 0 140 149 189 51 47 240 244 66 0 0 132 137 81 0 1 166 133 
338 51 159 90 145 251 0 49 1 6 434 97 216 138 166 489 248 352 268 258 323 69 145 52 111 
0 0 0 58 0 99 85 74 143 82 0 2 0 35 0 61 53 83 116 62 62 65 61 132 60 
163 43 84 106 22 136 8 77 87 0 144 27 76 102 21 117 1 53 103 0 284 179 242 293 166 
117 9 25 0 94 90 5 13 0 120 193 101 107 85 193 172 77 98 62 157 239 109 133 114 240 
0 0 0 0 0 0 0 0 0 0 1027 1040 996 1010 1053 0 0 0 0 0 0 0 0 0 0 
0 0 0 271 0 0 0 2 275 0 118 118 106 390 133 117 105 100 406 132 0 0 0 253 0 
15 9 20 281 8 0 0 0 248 0 45 51 41 258 31 0 0 0 231 0 3 10 3 276 4 
0 0 0 0 0 0 0 0 0 0 0 0 0 0 0 60 67 72 66 84 189 170 157 191 165 
83 113 84 69 200 0 13 0 0 115 0 1 0 0 117 0 6 0 0 121 81 88 91 88 206 
140 142 147 149 152 0 0 0 0 0 0 0 0 0 0 0 0 0 0 0 84 81 71 66 86 
0 0 0 0 0 0 0 0 0 0 0 0 0 0 0 446 440 425 420 431 193 185 181 195 208 
0 205 0 0 84 0 166 0 0 97 136 330 148 142 220 0 182 0 0 98 0 228 0 0 76 
923 0 0 0 0 886 0 0 0 0 898 0 0 0 0 936 0 0 0 0 944 0 0 0 0 
14 0 209 118 142 39 9 196 128 144 104 112 276 232 196 185 194 385 316 290 117 88 256 214 259 
95 136 83 175 94 67 87 72 125 81 0 45 0 54 0 52 97 52 91 51 0 49 0 39 0 
47 9 19 10 25 155 120 133 119 130 40 0 0 0 23 30 0 0 0 30 153 127 127 127 176 
0 0 123 0 0 0 0 120 0 0 0 0 142 0 0 146 126 261 122 124 0 0 136 0 0 
0 67 43 48 0 0 79 44 45 0 34 98 95 97 35 0 72 47 50 0 0 70 56 43 0 
3 5 0 0 156 154 121 128 147 283 153 136 110 131 252 5 1 0 0 129 90 95 99 100 208 
0 0 0 0 0 0 0 0 0 0 0 0 0 0 0 1012 1069 1087 1068 991 0 0 0 0 0 
0 18 51 133 0 0 17 52 114 0 0 15 46 141 0 0 17 51 141 0 0 15 51 139 0 
75 64 0 0 0 105 83 15 16 15 155 111 37 51 30 101 76 0 0 0 107 111 24 26 34 
78 111 70 148 162 6 42 16 68 69 14 44 21 77 90 0 41 0 62 63 0 37 0 60 65 
97 105 106 72 0 92 112 167 86 1 273 279 289 264 178 110 122 117 71 0 252 209 279 204 119 
56 7 11 93 12 77 0 0 108 0 209 148 142 224 122 77 0 0 95 0 103 47 51 173 39 
107 79 41 42 32 141 89 41 57 28 58 47 12 0 0 88 65 14 9 12 77 46 7 0 0 
0 0 154 61 0 0 0 168 60 0 0 0 218 60 0 0 0 188 52 0 0 0 161 46 0 
118 165 164 122 109 0 51 70 0 0 0 54 62 0 0 39 62 95 32 33 0 42 95 0 0 
113 99 113 120 101 164 164 150 180 156 39 68 73 52 62 0 0 0 0 0 0 0 0 0 0 
0 0 0 161 0 0 0 0 169 0 232 235 221 409 244 0 0 0 172 0 0 0 0 151 0 
0 0 0 0 0 157 149 189 141 157 0 0 0 0 0 0 0 0 0 0 82 59 75 75 78 
111 2 0 89 48 145 36 64 144 107 213 76 97 173 168 89 0 0 82 39 198 69 93 178 133 
0 90 0 0 0 0 86 0 0 0 0 67 0 0 0 119 151 84 119 79 55 126 47 48 49 
0 0 124 0 0 110 98 232 125 135 0 0 107 0 0 9 14 144 3 16 19 15 109 10 20 
232 198 174 240 107 109 81 61 110 0 90 77 47 93 0 263 228 145 269 105 119 86 72 132 0 
0 0 0 0 0 35 41 30 22 22 0 0 0 0 0 70 73 77 71 101 114 112 114 109 148 
0 229 0 205 0 0 185 0 194 0 8 206 7 198 7 0 189 0 196 0 0 200 0 206 0 
0 43 0 135 0 0 47 0 144 0 0 51 0 142 0 63 150 71 218 75 0 57 0 126 0 
0 0 0 0 68 74 65 71 56 123 78 67 67 75 116 0 0 0 0 68 0 0 0 0 71 
65 340 351 68 227 25 216 239 5 167 56 293 334 43 227 100 343 305 93 274 188 414 408 165 297 
0 51 41 0 99 23 81 49 17 107 29 98 106 46 97 0 68 32 0 86 0 72 32 0 88 
107 84 102 115 113 14 0 0 34 0 12 0 0 36 0 19 0 0 44 0 82 65 55 104 88 
71 0 67 0 0 71 0 76 0 0 125 53 114 52 52 102 17 80 14 13 68 0 75 0 0 
0 18 81 0 96 0 12 69 0 107 0 16 74 0 107 0 14 92 0 133 0 13 69 0 101 
29 54 141 72 20 67 76 142 107 56 0 41 116 37 0 49 76 144 106 38 0 17 101 60 0 
0 68 0 0 0 0 86 0 0 0 113 243 112 148 122 0 94 0 0 0 14 91 17 28 27 
0 0 0 82 0 75 71 61 140 99 0 0 0 83 0 0 0 0 92 0 83 80 63 161 72 
61 0 121 61 0 79 0 124 69 0 76 0 122 62 1 55 0 137 78 0 56 0 113 55 0 
97 58 0 33 0 134 89 23 55 28 126 106 0 33 0 141 71 0 49 0 110 72 0 40 0 
0 0 0 0 25 201 192 200 201 217 0 0 0 0 34 0 0 0 0 35 0 0 0 0 37 
99 52 62 132 84 67 42 55 113 80 28 0 0 55 10 38 0 0 51 13 41 12 9 61 33 
29 65 8 5 15 17 65 0 0 0 21 90 0 0 0 147 196 145 132 123 30 91 0 0 0 
0 0 0 21 0 192 178 202 209 167 0 0 0 23 0 0 0 0 22 0 0 0 0 19 0 
72 81 135 140 91 0 0 51 63 0 0 0 76 61 0 0 0 67 54 0 0 0 59 63 0 
62 58 58 46 68 40 0 0 0 11 78 62 51 49 79 32 0 0 0 24 98 52 47 51 65 
0 0 25 0 69 9 6 36 12 89 0 0 33 0 70 10 7 42 8 95 80 75 114 64 152 
593 592 617 652 606 0 0 0 0 0 0 0 0 0 0 0 0 0 0 0 0 0 0 0 0 
65 128 151 82 84 34 90 105 28 32 0 34 78 0 0 0 41 77 0 0 0 45 71 0 0 
0 0 121 0 0 0 0 101 0 0 81 130 221 116 110 0 0 95 0 0 0 0 113 0 0 
105 124 45 59 148 44 49 0 0 99 50 59 0 0 75 43 48 0 0 80 60 43 0 0 96 
0 49 0 23 36 59 115 57 80 94 0 59 0 27 38 0 55 0 39 40 26 65 22 53 63 
9 7 99 5 12 0 0 86 0 0 0 0 83 0 0 36 39 120 27 29 75 78 150 59 85 
0 0 0 53 75 89 81 63 117 164 0 0 0 49 73 0 0 0 36 85 0 0 0 47 73 
115 186 93 93 92 28 123 0 0 0 33 129 8 10 7 29 83 0 0 0 28 100 3 3 0 
61 25 92 26 99 14 0 38 3 66 16 0 34 1 74 12 0 43 2 60 10 0 34 0 71 
78 0 2 0 5 84 0 2 0 0 105 55 36 60 82 127 48 27 37 36 198 115 103 143 126 
67 34 118 48 51 32 0 81 0 0 29 0 77 0 0 26 0 70 0 0 83 45 122 48 44 
90 79 93 51 61 35 30 26 0 12 58 69 54 28 44 46 29 29 0 12 36 32 33 0 9 
0 62 62 0 0 0 65 58 0 0 21 104 75 21 21 31 109 57 40 41 0 62 48 0 0 
50 79 51 38 37 35 100 31 37 26 0 59 11 0 14 23 49 20 26 18 0 37 0 0 0 
30 0 91 0 45 64 43 124 39 80 25 0 85 0 29 37 10 99 5 36 31 0 99 0 28 
0 2071 0 0 0 0 2129 0 0 0 0 2002 0 0 0 0 2090 0 0 0 0 2014 0 0 0 
42 151 141 30 27 91 246 237 93 67 4 121 106 0 0 31 204 148 89 62 13 135 109 0 0 
52 95 78 0 0 44 110 98 0 0 72 109 118 0 0 57 107 91 0 0 48 95 106 0 0 
18 142 0 183 0 124 233 123 347 129 145 251 133 345 125 4 149 0 204 0 7 144 0 158 0 
62 71 123 90 68 0 0 49 0 0 0 0 67 0 0 0 0 57 0 0 158 171 208 165 178 
0 0 0 0 0 1247 1198 1205 1165 1229 0 0 0 0 0 0 0 0 0 0 0 0 0 0 0 
0 0 80 125 0 0 0 75 106 0 0 0 81 127 0 0 0 81 125 0 0 0 72 128 0 
153 48 50 91 39 153 53 57 118 61 85 0 0 36 0 79 0 0 36 0 91 0 0 46 0 
0 117 0 0 75 0 135 0 0 70 0 143 0 0 80 0 122 0 0 65 0 134 0 0 95 
223 365 184 293 134 121 217 79 183 25 331 460 304 451 211 179 370 163 269 89 301 466 325 404 218 
98 83 301 301 92 0 0 201 211 2 121 123 310 327 121 0 0 176 205 9 16 12 214 210 24 
160 132 128 184 288 8 21 4 3 164 21 10 6 16 187 228 214 178 208 393 252 240 266 256 442 
0 62 0 0 0 0 52 0 0 0 0 63 0 0 0 7 59 4 7 3 159 195 159 135 155 
108 42 62 20 86 67 15 27 0 67 75 11 44 0 48 122 16 36 0 61 205 146 162 133 206 
202 76 0 101 0 204 68 0 101 0 206 61 0 104 0 190 70 1 112 0 202 60 0 117 0 
55 0 0 0 0 62 0 0 0 0 64 0 0 0 0 202 133 145 146 141 52 0 0 0 0 
101 255 259 166 64 135 274 308 165 71 130 263 267 150 101 56 199 269 99 8 78 268 267 144 31 
71 0 3 48 21 105 61 43 102 72 104 71 67 91 81 78 17 23 63 37 63 0 0 24 9 
121 127 151 91 201 0 0 9 0 60 71 85 87 68 127 0 0 20 0 62 0 0 13 0 78 
25 54 0 59 0 108 119 68 117 55 60 63 26 83 37 38 45 0 59 0 27 46 0 59 0 
84 80 95 96 133 90 81 78 71 108 0 24 0 0 51 0 17 0 0 26 67 67 65 58 89 
0 72 0 0 0 36 143 37 37 31 35 146 33 33 32 25 125 23 26 33 45 138 53 42 55 
33 11 38 34 0 103 71 111 112 63 43 21 43 37 0 47 9 41 35 0 41 20 35 38 0 
4 10 0 79 212 119 138 121 201 341 0 21 0 77 256 0 7 0 91 250 124 141 120 183 312 
9 19 87 6 243 1 0 55 7 174 108 96 168 115 267 155 138 202 167 350 2 7 64 0 191 
149 0 0 0 0 131 0 0 0 0 223 80 106 101 101 119 0 0 0 0 128 0 0 0 0 
0 0 0 0 833 0 0 0 0 785 0 0 0 0 839 0 0 0 0 832 0 0 0 0 774 
121 90 0 156 57 113 118 2 175 81 174 167 55 226 105 119 112 5 166 89 104 143 0 183 66 
208 0 0 0 0 366 112 115 102 91 235 0 0 0 0 231 0 0 0 0 208 0 0 0 0 
0 0 0 0 0 84 62 79 76 86 0 0 0 0 0 162 146 162 169 154 0 0 0 0 0 
0 26 0 153 0 35 57 51 201 32 0 20 0 142 0 0 18 0 145 0 0 21 0 165 0 
92 73 109 138 153 53 2 69 64 49 24 0 74 72 68 95 52 113 120 113 16 9 67 67 36 
47 51 59 141 119 30 23 34 89 80 0 0 0 80 59 0 0 0 53 51 7 10 9 79 55 
0 15 86 0 0 89 126 216 89 104 0 11 83 0 0 60 96 198 61 69 0 8 84 0 0 
212 14 197 0 0 208 5 185 0 0 206 5 196 3 1 184 7 202 0 0 221 26 192 10 12 
308 103 327 140 204 318 179 394 190 205 336 162 400 221 262 190 33 214 64 116 218 58 268 59 113 
68 158 72 84 69 0 91 0 27 0 16 130 30 35 27 0 109 0 18 0 0 78 0 22 0 
0 0 44 0 70 39 54 95 53 136 70 92 101 59 143 0 0 37 0 70 0 0 55 0 75 
0 0 16 0 188 0 0 16 0 179 0 0 28 0 170 0 0 25 0 182 0 0 23 0 185 
0 0 0 58 0 0 0 0 69 0 61 63 47 148 51 0 0 0 67 0 99 92 92 179 97 
104 0 0 104 0 119 0 0 121 0 106 0 0 98 0 107 0 0 119 0 104 0 0 115 0 
0 32 78 61 0 120 207 209 210 155 176 225 252 236 160 17 71 104 110 27 97 117 133 152 73 
120 172 142 117 248 0 0 0 0 89 0 0 0 0 88 24 33 37 24 139 0 0 0 0 97 
123 215 129 127 123 0 117 0 0 0 79 186 84 86 74 1 105 0 0 0 83 201 75 72 78 
157 138 86 82 83 79 46 0 0 0 88 49 3 4 8 64 49 0 0 0 77 58 0 0 0 
0 115 0 0 0 31 154 45 52 60 0 120 0 0 0 63 175 77 76 63 0 104 0 0 0 
0 0 0 0 0 0 0 0 0 0 0 0 0 0 0 0 0 0 0 0 449 425 472 451 398 
0 0 37 0 0 74 79 93 76 87 0 0 31 0 0 79 75 86 59 79 19 25 59 21 26 
8 15 16 17 53 0 0 0 0 39 84 87 74 75 102 0 0 0 0 40 73 103 84 83 115 
0 0 0 137 0 0 0 0 119 0 0 0 0 144 0 0 0 0 140 0 80 73 85 206 83 
0 68 0 31 69 3 64 0 39 76 0 56 0 33 90 2 60 0 32 73 19 78 25 53 113 
0 111 0 0 0 0 107 0 0 0 0 106 0 0 0 0 95 0 0 0 97 185 99 105 92 
0 0 0 34 0 81 70 80 71 77 48 27 45 48 56 0 0 0 20 0 114 109 116 146 107 
0 0 117 55 0 43 45 155 106 50 0 0 102 39 0 0 0 89 38 0 0 0 126 35 0 
0 14 1 0 0 3 83 22 0 29 0 75 0 1 19 3 59 4 0 0 0 61 18 0 13 
59 0 0 0 0 126 62 60 76 69 99 20 18 20 13 131 47 46 51 41 58 0 0 0 0 
83 35 33 111 37 39 0 0 91 0 48 0 0 85 0 80 33 29 114 32 55 0 0 83 0 
0 0 63 43 0 0 0 55 43 0 101 99 149 132 97 0 0 62 47 0 0 0 67 42 0 
35 0 0 70 124 105 84 96 147 217 42 4 3 97 135 47 21 31 106 120 36 36 55 99 135 
0 5 51 101 8 0 0 49 77 0 49 34 115 128 51 27 40 74 126 39 0 0 48 80 0 
73 5 63 49 17 58 4 55 40 24 150 78 138 141 110 91 23 56 51 16 65 0 52 43 0 
43 0 60 0 57 39 0 58 0 54 28 0 77 0 72 98 51 111 68 113 30 0 59 0 58 
88 28 187 84 59 65 16 175 79 44 62 0 154 38 20 172 60 233 125 120 97 34 211 90 77 
6 91 152 23 131 132 188 277 135 260 26 128 198 47 189 0 42 155 0 136 109 153 247 131 248 
21 24 27 65 61 42 46 36 93 97 0 0 0 34 37 0 0 0 26 21 92 98 116 153 123 
18 31 1 83 1 29 45 0 102 0 77 71 38 127 53 25 36 0 99 0 40 32 0 79 0 
0 0 58 0 0 165 149 205 153 179 0 0 63 0 0 0 0 76 0 0 0 0 74 0 0 
12 7 0 0 70 16 1 0 0 64 68 58 47 41 128 25 21 17 13 75 91 118 93 89 146 
56 9 9 4 17 81 58 59 59 62 89 72 77 80 79 32 0 0 0 7 28 11 11 3 17 
17 96 66 15 28 0 81 62 4 5 0 67 39 0 15 0 73 47 5 11 43 116 93 39 73 
164 201 108 113 115 86 65 48 21 20 43 51 18 0 0 41 59 20 0 0 39 44 14 0 0 
95 0 0 12 0 83 0 0 38 0 98 0 0 24 0 100 0 0 0 0 122 15 23 49 29 
77 77 12 26 27 52 45 0 0 3 55 68 12 11 17 71 75 37 47 60 85 79 50 33 50 
36 72 35 69 26 0 56 10 40 13 0 47 4 45 16 0 40 0 26 6 36 98 58 94 76 
0 0 56 27 11 0 0 44 35 3 0 0 43 39 6 43 53 121 94 60 54 50 100 93 62 
29 38 26 22 31 0 0 0 0 0 71 59 57 62 55 0 0 0 0 0 118 107 99 114 110 
42 34 37 35 44 0 0 12 0 0 0 0 18 0 0 54 43 82 54 51 135 102 138 140 124 
34 47 111 53 58 6 11 68 14 18 62 52 129 58 56 0 0 53 4 0 0 5 62 27 5 
0 0 180 32 0 0 0 141 23 0 19 20 156 37 18 0 0 166 23 0 0 0 162 23 0 
46 119 0 0 0 91 164 56 66 51 95 188 38 20 17 107 194 67 68 57 40 105 0 0 0 
77 1 87 91 97 146 63 173 171 171 176 85 175 205 213 154 53 122 125 172 99 4 93 136 123 
102 145 78 64 77 16 61 1 0 0 95 166 75 56 69 46 90 36 21 21 25 77 0 1 0 
0 107 107 161 0 0 120 117 161 0 0 101 114 165 0 0 113 114 153 0 0 123 116 163 0 
12 0 0 130 0 9 0 0 95 0 91 65 87 187 84 10 0 0 97 0 20 0 0 104 0 
49 77 38 41 62 0 55 1 0 19 48 82 42 37 58 4 41 0 0 31 0 60 0 0 24 
113 127 27 50 79 146 178 73 79 181 117 152 43 55 96 71 82 7 18 59 192 210 89 118 138 
62 173 135 89 106 10 43 65 11 2 34 78 100 35 32 25 74 60 11 26 0 57 52 0 0 
6 16 13 0 73 11 31 24 0 100 0 18 15 1 52 58 85 66 44 149 27 36 37 29 99 
651 525 530 446 502 511 261 272 221 256 500 342 320 217 259 362 153 141 78 162 546 407 395 355 341 
73 56 0 6 0 144 140 67 64 61 74 76 0 0 0 84 80 21 16 16 61 51 0 0 0 
175 307 111 134 115 246 381 147 248 181 117 265 78 140 72 46 189 0 34 0 85 220 55 80 31 
9 0 0 74 0 2 0 0 40 0 67 53 44 77 30 80 57 54 92 74 22 0 14 43 0 
0 0 0 0 52 0 0 0 0 56 0 0 0 0 65 0 0 0 0 58 134 157 141 152 185 
63 5 28 0 14 115 13 52 28 32 118 51 83 52 57 130 55 105 66 92 111 29 42 17 29 
154 0 0 57 0 160 0 0 55 0 144 0 0 40 0 172 0 0 48 0 152 0 0 42 0 
157 121 153 235 111 46 0 82 115 4 76 42 117 169 68 54 4 103 95 25 43 0 75 89 0 
0 0 48 55 0 76 60 113 97 72 1 0 41 40 0 65 48 113 95 46 47 33 90 79 30 
81 121 91 184 175 0 4 1 100 46 0 16 5 59 59 0 10 11 93 55 40 42 29 111 60 
116 122 86 50 8 177 170 139 91 91 74 78 73 28 10 224 218 197 140 142 112 146 105 31 39 
70 151 58 70 69 0 65 0 0 0 7 94 4 5 4 0 67 0 0 0 84 175 69 88 75 
1 0 0 17 0 0 0 0 24 0 0 0 0 22 0 0 0 0 19 0 185 196 220 224 227 
46 0 0 33 39 116 87 74 103 101 49 0 0 33 38 42 0 0 25 42 50 0 0 21 33 
48 7 50 86 85 9 0 29 85 74 61 28 47 131 103 15 0 34 83 85 105 78 108 172 189 
0 69 55 0 67 0 71 62 0 72 0 79 53 0 55 0 66 64 0 69 0 84 67 0 65 
45 21 55 40 29 71 49 90 53 55 22 16 36 18 13 55 45 102 70 48 6 0 32 0 0 
77 0 0 0 51 62 0 0 0 54 85 0 0 0 58 67 0 0 0 47 171 88 80 90 153 
72 110 6 108 75 69 114 1 118 108 55 74 0 118 61 194 239 128 232 173 95 169 66 155 125 
91 0 0 0 0 112 0 0 0 0 118 0 0 0 0 97 0 0 0 0 197 88 85 89 99 
77 97 108 104 73 14 39 46 16 11 0 14 56 0 0 72 84 105 60 53 22 33 72 25 13 
0 0 0 141 35 0 0 0 159 28 27 29 16 158 51 0 0 0 152 34 0 0 0 140 38 
0 0 175 0 31 0 0 199 0 28 0 0 176 0 23 0 0 164 0 21 0 0 160 0 25 
0 0 0 144 14 137 120 113 315 149 0 0 0 169 15 92 89 87 231 95 0 0 0 132 8 
5 26 7 34 2 0 0 0 13 20 0 1 0 7 0 0 0 1 0 0 65 84 30 112 77 
27 109 148 198 32 8 96 136 157 20 55 123 160 197 37 43 155 196 210 86 53 118 145 208 35 
0 0 0 1189 0 1 0 0 1177 0 0 0 0 1209 0 0 0 3 1292 0 0 0 0 1204 0 
0 0 1457 0 0 0 1 1478 0 0 0 0 1368 0 0 0 0 1508 0 0 0 0 1460 0 0 
