755 681 608 705 677 1058 1078 1010 1036 1027 666 612 567 568 676 942 915 905 875 977 526 489 373 358 541 
195 159 225 198 180 0 0 0 0 0 131 103 133 110 130 0 0 0 0 0 0 1 0 0 0 
160 87 51 235 276 87 0 0 161 174 186 59 35 272 321 77 0 0 145 155 89 1 0 136 140 
156 0 124 160 156 195 46 169 209 212 279 120 264 299 321 238 45 167 219 231 154 0 129 202 171 
142 34 72 120 14 142 16 74 104 0 141 39 63 97 18 146 6 49 109 0 281 183 240 299 179 
102 7 19 0 92 92 4 20 0 111 182 94 111 85 192 185 71 99 67 164 242 105 130 115 253 
0 0 0 0 0 0 0 0 0 0 1024 1038 975 1007 1049 0 0 0 0 0 0 0 0 0 0 
0 0 0 258 0 0 0 2 240 0 116 107 96 364 120 112 106 95 383 129 0 0 0 237 0 
13 8 13 165 4 0 0 0 168 0 35 42 32 164 28 0 0 0 143 0 2 5 3 167 3 
0 0 0 0 1 0 0 0 0 0 0 0 0 0 0 75 70 90 86 113 200 198 203 247 200 
64 84 60 50 158 0 11 0 0 89 0 3 0 0 100 0 4 0 0 103 67 70 75 57 140 
154 146 154 161 165 0 0 0 0 0 0 0 0 0 0 0 0 0 0 0 89 89 66 67 84 
0 0 0 0 0 0 0 0 0 0 0 0 0 0 0 426 432 412 407 411 183 166 176 168 186 
0 208 0 0 86 0 195 0 0 99 136 344 157 141 223 0 206 0 0 100 0 227 0 0 83 
836 0 0 0 0 831 0 0 0 0 826 0 0 0 0 855 0 0 0 0 867 0 0 0 0 
48 14 188 144 139 58 21 181 166 154 110 109 224 245 203 171 174 334 315 279 156 94 222 217 241 
83 121 75 133 70 64 76 60 111 70 0 47 0 41 0 45 88 50 84 46 0 39 0 41 0 
30 10 11 10 19 170 120 134 122 164 30 0 0 0 19 30 0 1 0 27 167 157 143 137 183 
0 0 154 0 0 0 0 153 0 0 0 0 170 0 0 186 166 301 155 163 0 0 156 0 0 
0 87 53 63 0 0 110 53 67 0 44 121 122 144 44 0 107 82 64 0 1 125 84 56 0 
1 1 0 2 135 149 97 110 144 252 129 123 109 115 224 6 5 0 0 133 68 84 104 83 198 
0 0 0 0 0 0 0 0 0 0 0 0 0 0 0 1043 1084 1116 1089 1015 0 0 0 0 0 
0 20 55 148 0 0 17 54 124 0 0 19 52 152 0 0 19 53 156 0 0 15 54 153 0 
89 127 88 167 171 14 52 34 90 77 15 63 30 84 95 0 46 0 68 78 0 43 1 65 78 
103 126 125 75 4 105 136 186 87 1 289 308 361 312 210 88 121 145 93 0 288 253 333 250 133 
91 16 15 110 23 74 0 0 118 0 226 155 139 240 138 73 0 0 107 1 121 45 50 176 42 
105 79 42 40 29 129 88 44 51 28 52 50 13 0 0 76 65 16 10 12 78 45 10 0 0 
0 0 189 78 0 0 0 209 71 0 0 0 248 74 0 0 0 232 62 0 0 0 190 49 0 
111 145 152 106 101 0 47 65 0 0 0 43 54 0 1 40 59 92 32 34 0 37 79 0 1 
73 58 81 82 69 114 138 118 131 112 28 48 50 42 41 0 0 0 0 0 0 0 0 0 0 
0 0 0 172 0 0 0 0 176 0 234 242 229 417 244 0 0 0 176 0 0 0 0 157 0 
0 0 0 0 0 147 131 178 134 142 0 0 0 0 0 0 0 0 0 0 72 56 63 66 79 
129 1 14 79 51 151 39 57 134 110 246 97 87 166 171 93 0 0 78 39 205 72 82 168 126 
0 75 0 0 0 0 71 0 0 0 0 57 0 0 0 101 137 74 111 74 48 117 41 45 46 
0 0 98 0 0 88 85 181 109 106 0 0 96 0 0 4 9 103 4 11 14 14 83 5 15 
295 241 246 316 136 129 103 96 130 0 90 96 78 111 0 293 272 198 315 145 169 126 112 166 4 
0 224 0 202 0 0 181 0 193 0 7 202 6 196 4 0 188 0 192 0 0 197 0 203 0 
0 44 0 130 0 0 51 0 142 0 0 51 0 135 0 60 145 69 207 74 0 58 0 136 0 
0 0 0 0 95 104 91 104 69 158 107 87 93 97 149 0 0 0 0 82 0 0 0 0 94 
103 283 315 47 227 44 222 263 5 173 82 297 335 69 238 98 314 307 95 230 222 372 409 178 310 
0 57 44 0 95 21 72 51 14 99 35 92 103 39 100 0 66 29 0 83 0 70 31 0 79 
119 94 116 123 134 16 0 0 39 0 12 0 0 37 0 17 0 0 42 0 89 61 61 105 87 
80 0 75 0 0 77 0 82 0 0 144 63 123 54 56 128 18 87 15 14 76 0 83 0 0 
0 18 81 0 96 0 12 69 0 107 0 16 74 0 106 0 13 91 0 133 0 13 69 0 101 
18 50 146 74 17 52 79 160 97 53 0 38 121 37 0 48 75 157 106 42 0 26 110 58 0 
0 71 0 0 0 0 86 0 0 0 139 263 127 147 147 0 100 0 0 0 15 95 22 24 32 
0 0 0 112 0 76 96 71 169 114 0 0 0 103 0 0 0 0 112 0 122 102 89 203 104 
49 0 92 48 0 57 0 109 53 0 59 0 92 50 0 46 0 102 54 0 44 0 96 46 0 
77 46 0 28 0 103 73 16 46 24 92 86 0 25 0 110 53 0 40 0 87 58 0 33 0 
0 0 0 0 34 247 248 254 260 280 0 0 0 2 44 0 0 0 0 46 0 0 0 0 44 
116 56 64 135 88 80 44 62 118 90 30 0 0 62 12 37 0 0 55 12 49 14 8 66 34 
28 61 8 6 10 17 52 0 1 0 22 75 0 0 0 129 164 132 124 122 30 72 0 0 0 
0 0 0 22 0 193 176 202 203 166 0 0 0 23 0 0 0 0 23 0 0 0 0 19 0 
68 78 131 138 86 0 0 52 63 0 0 0 74 60 0 0 0 67 53 0 0 0 59 62 0 
63 58 59 48 68 41 0 0 0 11 76 62 48 48 72 30 0 0 0 22 92 49 45 49 60 
0 0 25 0 65 9 6 36 11 87 0 0 34 0 67 10 7 43 8 93 81 75 113 64 150 
55 105 137 64 70 28 78 95 26 26 0 31 70 0 0 0 37 71 0 0 0 39 66 0 0 
0 0 125 0 0 0 0 103 0 0 85 122 236 126 114 0 0 96 0 0 0 0 114 0 0 
103 127 35 69 152 40 42 0 0 92 45 67 0 0 74 47 48 0 0 88 64 56 0 0 98 
0 49 0 24 36 57 115 57 80 93 0 59 0 27 37 0 56 0 38 40 25 65 22 53 63 
9 6 98 5 12 0 0 87 0 0 0 0 83 0 0 36 39 118 27 28 75 77 150 59 85 
0 0 0 51 75 88 83 63 117 163 0 0 0 49 73 0 0 0 36 83 0 0 0 46 73 
108 179 84 83 89 23 123 0 0 0 33 126 4 9 11 27 83 0 0 0 22 88 0 0 0 
76 38 104 43 101 20 0 43 1 59 14 0 43 0 75 19 0 54 0 57 0 0 35 0 58 
57 0 2 1 3 66 0 1 0 0 84 46 36 53 75 80 9 0 11 0 154 98 91 111 71 
24 32 114 47 46 3 0 81 0 0 1 0 77 0 0 2 0 68 0 0 38 31 110 28 27 
0 61 68 0 0 0 68 43 0 0 21 104 76 21 21 32 108 57 40 41 0 62 49 0 0 
26 0 83 0 36 59 43 119 39 75 19 0 77 0 23 22 0 81 0 10 27 0 95 0 18 
0 2171 0 0 0 0 2221 0 0 0 0 2074 0 0 0 0 2160 0 0 0 0 2082 0 0 0 
19 113 96 14 14 81 165 167 76 57 9 108 100 5 0 35 152 123 62 45 7 93 80 0 0 
69 125 101 0 0 68 159 146 0 0 84 158 157 0 0 80 155 149 0 0 71 157 158 0 0 
0 102 0 107 0 81 172 76 170 92 58 149 33 149 53 0 69 0 130 0 0 95 0 88 0 
0 0 0 0 0 1272 1224 1230 1197 1259 0 0 0 0 0 0 0 0 0 0 0 0 0 0 0 
0 0 84 134 0 0 0 80 118 0 0 0 88 135 0 0 0 87 135 0 0 0 76 146 0 
171 58 62 121 52 168 67 66 125 62 112 0 0 53 0 94 0 0 42 0 108 0 0 46 0 
0 129 0 0 87 0 155 0 0 86 0 160 0 0 94 0 139 0 0 70 0 148 0 0 98 
239 300 195 273 135 94 183 65 103 0 345 494 288 434 156 201 289 144 236 56 212 391 277 328 153 
107 87 286 291 91 1 0 195 204 8 116 108 304 316 111 0 0 171 184 6 21 11 208 178 32 
155 132 133 178 300 10 27 1 13 196 16 14 7 7 177 247 240 183 228 391 241 276 259 256 443 
0 67 0 0 0 0 56 0 0 0 0 75 0 0 0 8 67 4 13 3 190 227 180 163 185 
93 37 55 22 85 66 4 21 0 73 73 2 31 0 48 110 12 24 0 67 198 134 154 131 205 
201 64 0 94 0 204 65 0 99 0 204 45 0 94 0 193 66 0 104 0 187 60 0 105 0 
0 0 1436 0 0 0 0 1460 0 0 0 0 1359 0 0 0 0 1474 0 0 0 0 1437 0 0 
97 4 7 63 29 131 89 61 115 86 109 77 71 94 85 70 33 24 84 35 68 0 0 33 13 
126 132 148 92 201 0 0 11 0 52 64 86 79 68 120 0 0 23 0 55 0 0 15 0 61 
30 67 0 112 0 97 144 74 186 64 102 100 81 206 81 50 62 0 96 0 23 56 0 106 0 
93 112 91 108 163 82 122 66 78 116 0 33 0 0 60 0 31 0 0 36 60 82 67 52 117 
0 77 0 0 0 37 137 32 36 35 40 152 34 35 37 30 128 23 28 40 55 129 45 38 48 
33 11 41 34 0 103 71 112 112 63 43 21 47 37 0 47 9 44 35 0 41 20 37 39 0 
154 0 0 0 0 127 0 0 0 0 224 87 104 115 100 127 0 0 0 0 135 0 0 0 0 
0 0 0 0 839 0 0 0 0 790 0 0 0 0 842 0 0 0 0 831 0 0 0 0 786 
121 99 0 138 56 120 109 4 166 65 165 170 39 202 111 124 112 2 143 97 127 120 0 202 73 
130 0 0 0 0 261 104 96 88 73 164 0 0 0 0 153 0 0 0 0 153 0 0 0 0 
0 0 0 0 0 74 58 74 65 72 0 0 0 0 0 152 120 146 151 141 0 0 0 0 0 
0 23 0 144 0 33 55 46 189 32 0 19 0 132 0 0 16 0 137 0 0 20 0 161 0 
150 53 107 97 158 100 0 71 11 44 90 0 92 42 61 213 112 178 114 179 73 0 49 24 54 
44 48 55 135 112 28 22 32 86 77 0 0 0 80 54 0 0 0 51 55 8 10 10 81 56 
0 9 67 0 0 84 111 203 100 94 0 11 82 0 0 59 98 195 49 66 0 5 71 0 0 
204 9 188 0 0 200 0 166 0 0 202 3 180 4 1 183 2 178 0 0 210 19 183 10 10 
384 146 395 170 258 353 164 409 193 229 357 149 418 243 232 243 32 220 99 130 232 68 300 77 112 
67 162 75 94 72 0 87 0 27 0 19 132 28 38 34 0 113 0 17 0 0 84 0 24 0 
0 0 34 0 59 37 45 77 47 111 55 76 90 54 121 0 0 33 0 62 0 0 49 0 59 
0 0 16 0 199 0 0 17 0 191 0 0 28 0 179 0 0 28 0 190 0 0 26 0 197 
0 0 0 51 0 0 0 0 62 0 58 65 47 152 50 0 0 0 69 0 91 84 88 172 91 
101 0 0 108 0 132 0 0 136 0 120 0 0 111 0 107 0 0 134 0 115 0 0 130 0 
0 41 84 76 7 95 164 174 199 108 156 189 216 233 136 27 80 117 126 37 80 107 110 140 48 
109 141 126 112 238 0 0 0 0 75 0 0 0 0 73 24 26 33 22 115 0 0 0 0 82 
119 211 127 119 127 0 109 0 0 0 77 185 84 85 77 5 104 2 0 6 79 173 63 64 77 
136 126 76 78 78 76 45 0 0 0 85 47 4 4 8 63 47 0 0 0 71 56 0 0 0 
0 131 1 0 0 33 172 61 59 68 0 138 0 0 0 68 212 90 93 73 0 121 0 0 0 
0 0 0 0 0 0 0 0 0 0 0 0 0 0 0 0 0 0 0 0 445 412 455 444 403 
0 0 36 0 0 73 79 92 75 87 0 0 31 0 0 76 75 85 59 79 19 25 59 22 25 
8 15 20 20 64 0 0 0 0 51 99 101 89 88 147 0 0 0 0 45 86 129 109 107 145 
0 0 0 132 0 0 0 0 113 0 0 0 0 137 0 0 0 0 143 0 76 73 78 196 83 
0 64 0 36 78 0 60 0 38 84 0 56 0 36 97 2 61 0 35 80 21 78 28 55 129 
0 112 0 0 0 0 108 0 0 0 0 106 0 0 0 0 96 0 0 0 96 185 99 105 92 
0 32 0 10 0 88 106 86 66 82 83 75 77 76 78 0 20 0 14 0 122 150 126 151 120 
0 0 117 55 0 43 45 155 106 50 0 0 102 39 0 0 0 89 38 0 0 0 126 35 0 
58 0 0 0 0 127 61 60 78 70 99 20 18 20 13 132 47 44 52 40 58 0 0 0 0 
83 35 33 111 37 39 0 0 91 0 48 0 0 85 0 83 35 30 120 32 55 0 0 83 0 
0 0 18 24 0 0 0 0 26 0 101 99 86 110 97 0 0 0 30 0 0 0 22 34 0 
0 0 23 23 53 19 26 69 45 84 20 21 59 42 66 38 42 83 63 83 2 9 49 28 67 
0 6 61 103 6 1 0 53 83 0 49 34 114 133 50 30 46 77 134 41 0 0 52 86 0 
50 2 40 39 8 38 6 37 42 19 111 68 105 103 73 65 15 38 52 17 48 0 43 41 1 
43 0 62 0 64 43 0 61 0 56 32 0 74 0 76 103 59 119 69 129 34 0 59 0 63 
95 24 202 94 59 99 14 187 93 38 76 0 167 41 22 200 91 264 148 127 123 30 211 74 63 
11 90 157 32 126 148 212 304 137 259 37 133 203 64 193 0 48 182 1 127 88 163 239 117 231 
19 21 23 59 48 40 39 34 76 72 0 0 0 31 29 0 0 0 23 17 75 89 89 124 99 
18 31 0 83 0 29 47 0 103 0 76 72 39 128 51 25 36 0 103 0 39 33 0 80 0 
0 0 52 0 0 164 146 217 152 177 0 0 61 0 0 0 0 77 0 0 0 0 72 0 0 
85 12 17 12 27 121 92 86 86 90 146 122 121 119 121 58 0 3 0 17 46 16 18 9 37 
20 128 93 18 39 1 103 75 6 10 0 93 50 0 21 0 104 62 7 17 48 159 117 44 89 
146 200 100 101 108 67 65 44 24 21 36 50 15 0 0 40 46 15 0 0 33 45 14 0 0 
80 88 18 20 20 59 57 0 0 0 63 77 16 7 21 78 98 57 49 60 96 92 56 31 51 
38 76 43 71 29 0 62 11 42 16 2 51 11 46 19 0 43 14 31 13 39 104 64 97 78 
0 0 56 28 11 0 0 49 40 2 0 0 46 44 7 46 56 131 103 65 58 52 108 101 72 
28 37 26 20 30 0 0 0 0 0 71 59 56 61 55 0 0 0 0 0 120 107 97 113 109 
45 37 42 38 43 0 0 17 0 0 0 0 22 0 0 53 43 84 53 53 127 98 137 147 134 
38 45 109 49 42 6 10 62 7 13 56 50 124 45 32 0 0 53 0 0 0 0 55 19 0 
0 0 180 32 0 0 0 141 22 0 19 20 156 37 18 0 0 166 23 0 0 0 162 23 0 
43 70 0 0 0 65 91 38 29 26 67 107 16 13 8 79 119 37 37 39 37 66 0 0 0 
86 119 71 53 70 12 46 3 0 0 77 136 67 52 66 37 77 26 19 17 23 55 0 0 0 
0 115 105 158 0 0 127 119 161 0 0 106 118 167 0 0 115 115 154 0 0 127 116 165 1 
20 0 0 200 0 14 0 0 136 0 141 110 132 267 108 17 0 0 153 0 31 1 3 147 2 
111 127 32 71 100 151 222 87 89 170 120 156 68 82 109 77 96 17 20 77 201 246 124 124 170 
68 204 143 100 109 6 54 71 16 1 38 88 113 33 31 21 101 76 14 32 0 73 63 0 0 
0 25 10 0 69 9 19 11 3 118 0 11 10 2 54 53 85 62 47 154 32 36 33 29 94 
703 549 565 386 530 507 235 271 182 221 466 279 338 198 292 349 167 154 60 140 535 353 429 365 373 
92 85 0 3 0 211 187 101 102 92 102 98 0 0 0 103 108 22 22 21 94 76 0 0 0 
156 313 119 139 134 252 360 139 254 181 143 274 88 159 76 40 197 0 45 0 100 232 75 114 56 
0 0 0 0 55 0 0 0 0 65 0 0 0 0 70 0 0 0 0 59 142 176 152 163 196 
58 4 30 0 12 122 15 52 27 30 133 61 88 49 56 146 76 134 64 81 122 38 45 26 28 
150 0 0 54 0 156 0 0 55 0 141 0 0 40 0 168 0 0 46 0 149 0 0 41 0 
145 141 182 267 139 31 0 86 143 2 63 35 112 175 61 34 4 107 114 32 44 0 72 99 0 
65 129 96 193 169 0 8 7 103 51 0 13 7 74 71 0 13 12 98 55 30 44 35 121 70 
137 153 80 44 13 206 193 145 90 111 121 110 79 28 15 259 228 182 113 130 158 165 98 65 63 
65 149 61 60 58 0 64 0 0 0 6 94 5 6 4 0 72 0 0 0 87 185 68 96 77 
0 0 0 17 0 0 0 0 20 0 0 0 0 23 0 0 0 0 21 0 182 191 218 226 217 
45 2 51 102 91 13 3 30 102 74 65 15 49 125 101 28 0 35 94 91 122 71 113 194 194 
0 86 71 0 84 0 93 77 0 102 0 117 57 0 84 0 83 79 0 94 0 120 81 0 93 
50 24 61 42 39 76 53 96 60 61 26 17 43 22 16 55 46 111 78 51 11 0 34 0 0 
85 0 0 0 51 63 0 0 0 50 89 0 0 0 59 68 0 0 0 50 179 92 82 96 148 
37 49 0 46 34 34 42 0 55 46 27 28 0 62 37 104 104 64 113 85 48 61 18 56 54 
71 87 96 76 62 10 36 39 13 9 0 14 44 0 0 58 69 84 51 45 21 29 55 19 13 
0 0 0 165 43 0 0 0 186 31 31 32 19 182 59 0 0 0 168 35 0 0 0 157 39 
0 0 0 184 12 211 187 163 436 216 0 0 0 198 12 156 168 179 361 160 0 0 0 196 10 
51 151 159 187 49 26 85 124 167 22 65 140 162 205 69 46 164 174 218 79 95 134 152 246 69 
0 0 0 1290 0 0 2 0 1303 0 0 0 0 1311 0 0 3 2 1356 2 0 0 0 1300 0 
195 0 0 0 0 196 13 18 17 20 178 0 0 0 0 196 0 0 0 0 166 0 0 0 0 
92 0 0 0 0 117 0 0 0 0 122 0 0 0 0 102 0 0 0 0 206 88 85 89 99 
163 37 67 41 38 122 0 12 3 0 254 68 89 70 68 251 118 163 146 149 206 87 90 59 74 
5 19 0 0 0 0 34 0 0 0 0 12 0 0 0 28 50 25 39 39 0 0 0 0 0 
84 86 161 115 93 0 0 46 0 0 0 0 69 0 0 0 0 57 0 0 221 208 277 264 225 
2 15 0 75 200 118 116 108 193 323 2 23 0 82 236 0 11 0 82 240 110 135 110 170 285 
11 7 83 8 231 2 7 58 4 178 106 107 177 111 275 136 141 236 165 338 2 5 66 0 191 
167 276 297 246 98 197 265 333 249 126 178 278 308 225 147 112 194 251 152 42 61 204 222 148 23 
118 0 0 4 0 113 0 0 0 0 116 0 0 0 0 118 0 0 0 1 149 16 25 40 38 
0 0 194 0 37 0 0 227 0 34 0 0 185 0 27 0 0 184 0 28 0 0 173 0 33 
38 69 38 32 50 0 36 0 0 24 45 72 40 35 60 0 33 0 0 28 2 54 0 0 22 
619 621 641 680 633 0 0 0 0 0 0 0 0 0 0 0 0 0 0 0 0 0 0 0 0 
67 51 0 0 0 85 69 18 15 14 136 86 37 34 28 93 63 0 0 0 99 91 24 24 28 
28 0 0 63 72 75 50 48 92 131 20 0 0 64 72 39 12 14 60 68 30 26 34 78 86 
0 0 54 71 0 81 54 110 106 75 0 0 46 44 0 73 62 125 99 55 58 31 98 82 43 
9 8 1 0 72 14 3 0 0 59 63 62 44 43 135 21 23 18 18 69 79 111 101 91 133 
55 0 0 0 0 62 0 0 0 0 64 0 0 0 0 202 133 145 146 140 52 0 0 0 0 
68 130 77 92 97 90 260 122 150 193 3 87 16 41 43 122 201 107 176 132 103 236 190 174 162 
0 0 0 0 0 30 36 32 19 23 0 0 0 0 0 61 73 70 67 96 105 96 100 100 142 
