1030 1025 960 904 1033 1203 1211 1269 1129 1206 816 777 744 795 992 1141 1028 1077 1111 1164 704 608 625 568 757 
190 167 192 175 183 0 0 0 0 0 146 78 125 108 111 0 0 0 0 0 0 0 0 0 0 
158 65 57 253 318 93 0 0 161 198 217 69 43 286 331 63 0 0 130 198 125 0 0 164 221 
322 49 129 101 69 211 0 47 16 4 418 117 207 159 132 464 243 347 268 244 294 67 92 68 72 
0 0 58 75 0 91 66 131 123 93 0 5 63 56 0 88 67 133 121 71 51 34 104 100 40 
192 49 167 202 45 147 17 104 149 6 138 29 116 135 25 145 7 92 154 4 316 212 298 350 207 
109 8 24 0 98 86 8 15 0 111 201 84 108 84 182 154 72 90 54 150 228 117 122 106 257 
0 0 0 0 0 0 0 0 0 0 1049 1056 1014 1046 1073 0 0 0 0 0 0 0 0 0 0 
0 0 0 295 0 1 0 4 266 1 106 111 93 386 106 116 134 98 435 148 0 0 0 256 0 
16 10 16 222 7 0 0 0 222 0 46 63 42 216 38 0 0 0 190 0 4 6 4 206 2 
0 0 0 0 0 0 0 0 0 0 0 0 0 0 0 58 68 79 66 84 190 155 169 202 159 
65 84 59 49 156 0 9 0 0 87 1 3 0 0 94 0 4 0 0 95 73 76 68 58 145 
148 157 156 157 163 0 0 0 0 0 0 0 0 0 0 0 0 0 0 0 82 95 68 71 88 
0 0 0 0 0 0 0 0 0 0 0 0 0 0 0 430 431 419 403 421 195 178 180 187 203 
0 203 1 0 86 0 172 0 0 97 130 334 156 136 208 0 185 0 0 99 0 216 0 0 75 
800 0 0 0 0 796 0 0 0 0 799 0 0 0 0 819 0 0 0 0 834 0 0 0 0 
21 1 180 115 120 57 15 172 144 142 101 105 268 222 197 164 148 337 301 263 135 100 243 208 244 
97 162 90 196 81 76 83 72 125 80 0 51 0 53 0 54 118 67 105 51 0 56 0 38 0 
36 14 12 7 29 138 111 105 110 121 30 0 0 0 18 26 0 0 0 24 129 110 99 103 141 
0 0 123 0 0 0 0 122 0 0 0 0 135 0 0 136 118 236 109 118 0 0 140 0 0 
0 73 50 49 0 0 83 45 49 0 37 106 102 105 40 0 79 55 53 0 0 74 57 46 0 
2 0 0 1 149 134 100 115 148 230 133 115 119 114 217 5 0 0 0 116 83 82 106 92 201 
0 0 0 0 0 0 0 0 0 0 0 0 0 0 0 1034 1108 1104 1074 1013 0 0 0 0 0 
0 17 60 148 0 0 21 55 127 0 0 23 53 155 0 0 18 52 148 0 0 16 54 165 0 
68 48 0 0 0 86 75 16 15 15 143 85 39 35 27 96 66 0 0 0 99 103 23 26 28 
62 93 65 133 128 4 38 14 57 66 12 38 19 70 68 0 37 0 49 55 0 31 0 55 57 
87 130 119 81 4 103 133 168 87 2 290 292 317 313 202 108 150 141 89 0 271 216 305 233 118 
71 10 17 108 15 82 0 0 131 0 215 156 142 233 128 56 0 0 110 0 103 43 41 185 36 
130 119 57 48 36 158 112 61 64 29 58 63 16 0 0 91 94 26 14 19 94 60 14 0 0 
0 0 135 56 0 0 0 148 52 0 0 0 179 51 0 0 0 158 43 0 0 0 136 41 0 
125 176 178 135 106 0 52 81 0 0 0 55 67 0 0 41 70 115 37 32 0 53 110 0 0 
77 59 75 80 63 110 125 123 117 110 25 46 49 43 43 0 0 0 0 0 0 0 0 1 0 
0 0 0 165 0 0 0 0 174 0 230 233 220 409 242 0 0 0 171 0 0 0 0 155 0 
0 0 0 0 0 175 169 208 167 167 0 0 0 0 0 0 0 0 0 0 91 63 88 72 93 
120 1 0 62 49 138 37 56 123 105 220 74 99 175 165 81 0 0 72 43 181 65 87 153 121 
0 86 0 0 0 0 81 0 0 0 0 64 0 0 0 111 154 81 120 83 53 125 44 49 50 
0 0 103 0 0 93 97 207 120 108 0 0 97 0 0 7 9 105 5 8 15 15 92 9 15 
245 195 176 255 100 119 90 69 122 0 83 85 48 107 0 276 221 153 291 119 137 113 74 153 1 
0 0 0 0 0 41 39 30 20 23 0 0 0 0 0 68 75 80 83 103 120 113 119 112 153 
0 238 0 212 0 0 187 0 207 0 7 213 7 204 7 0 191 0 204 0 0 212 0 216 0 
0 45 0 124 0 0 53 0 141 0 0 51 0 144 0 69 161 80 213 77 0 62 0 141 0 
0 1 0 0 77 86 76 76 60 133 88 76 72 80 131 0 0 0 0 68 0 0 0 0 81 
64 291 354 59 219 31 238 270 13 175 71 281 343 49 222 118 321 343 106 259 224 387 426 186 323 
0 49 36 0 90 20 62 52 13 96 31 92 98 39 89 0 66 31 0 72 0 67 31 0 78 
114 111 117 132 125 16 0 0 39 0 14 0 0 46 0 18 0 0 47 0 98 73 70 116 84 
69 0 65 0 0 63 0 75 0 0 113 53 107 48 50 99 16 78 13 12 66 0 73 0 0 
0 17 81 0 96 0 11 69 0 107 0 14 74 0 106 0 14 91 0 133 0 11 69 0 101 
14 63 155 82 20 53 80 165 102 50 0 38 122 38 0 48 78 160 112 44 0 26 110 63 0 
0 58 0 0 0 0 66 0 0 0 104 206 97 124 111 0 82 0 0 0 14 75 17 22 24 
0 0 0 83 0 69 74 65 145 89 0 0 0 80 0 0 0 0 88 0 79 73 72 171 72 
61 0 103 55 1 70 0 124 67 0 72 0 108 55 0 58 0 122 66 0 50 0 112 49 0 
99 58 0 39 0 140 94 18 55 26 120 110 0 33 0 134 68 0 45 0 105 72 0 40 0 
0 0 0 0 29 198 200 210 206 227 0 0 0 0 39 0 0 0 0 37 0 0 0 0 38 
89 47 57 109 77 58 37 49 96 68 24 0 0 52 10 28 0 0 48 11 37 12 8 56 27 
31 76 14 8 14 19 58 0 0 0 21 90 0 0 0 164 218 156 146 137 27 91 0 0 0 
0 0 0 21 0 185 170 197 198 164 0 0 0 23 0 0 0 0 22 0 0 0 0 18 0 
71 79 133 138 89 0 0 52 63 0 0 0 74 60 0 0 0 67 53 0 0 0 59 62 0 
71 65 66 51 81 46 0 0 0 11 88 75 56 58 82 32 0 0 0 21 99 52 50 54 64 
0 0 24 0 69 9 6 36 11 89 0 0 34 0 70 10 7 43 6 95 81 75 114 64 153 
585 586 604 638 586 0 0 0 0 0 0 0 0 0 0 0 0 0 0 0 0 0 0 0 0 
74 143 165 95 84 34 111 118 36 34 0 35 86 0 0 0 45 92 0 0 0 54 88 0 0 
0 0 110 0 0 0 0 91 0 0 76 114 207 112 101 0 0 85 0 0 0 0 104 0 0 
118 131 45 62 153 51 50 0 0 98 45 66 0 0 73 48 45 0 0 80 68 43 0 0 91 
0 49 0 23 36 59 115 57 80 94 0 59 0 27 38 0 54 0 39 40 26 64 22 52 62 
6 6 97 4 10 0 0 87 0 0 0 0 83 0 0 34 39 120 27 27 74 73 149 59 84 
0 0 0 54 80 97 88 67 130 185 0 0 0 58 80 0 0 0 41 94 0 0 0 53 79 
104 181 87 80 98 23 128 0 0 0 29 124 4 7 9 22 80 0 0 0 31 90 0 0 0 
66 30 97 35 92 14 0 39 7 65 19 0 39 0 79 19 0 55 0 62 8 0 43 9 71 
53 0 7 0 2 59 0 2 0 0 67 47 33 43 64 110 53 41 38 43 167 103 114 137 116 
57 27 114 41 42 21 0 77 0 0 14 0 74 0 0 21 0 68 0 0 54 33 105 21 12 
88 78 100 49 60 35 30 31 0 11 58 68 60 28 43 44 28 35 0 13 35 31 38 0 9 
0 62 68 0 0 0 61 38 0 0 21 104 72 21 21 32 108 55 40 42 0 62 47 0 0 
23 11 13 0 0 8 54 7 7 4 0 28 0 0 15 4 0 0 0 0 0 19 0 0 0 
30 0 91 0 44 64 41 122 39 80 24 0 84 0 29 37 8 99 5 36 31 0 98 0 28 
0 2119 0 0 0 0 2182 0 0 0 0 2051 0 0 0 0 2151 0 0 0 0 2065 0 0 0 
22 120 121 18 18 85 223 231 94 80 4 137 131 7 0 28 197 167 60 41 11 133 93 0 0 
58 87 75 0 0 44 108 92 0 0 63 89 103 0 0 56 102 90 0 0 57 104 93 0 0 
0 99 0 128 0 93 211 109 237 97 88 203 61 225 58 0 101 0 157 0 5 158 0 130 0 
75 97 140 118 101 0 0 49 0 0 0 0 74 0 0 0 0 55 0 0 184 226 245 245 229 
0 0 0 0 0 1261 1227 1223 1176 1256 0 0 0 0 0 0 0 0 0 0 0 0 0 0 0 
0 0 80 125 0 0 0 75 106 0 0 0 81 127 0 0 0 81 125 0 0 0 72 128 0 
158 59 60 96 41 157 57 52 111 73 95 0 0 36 0 88 0 0 42 1 103 0 0 46 0 
0 120 0 0 78 0 149 0 0 75 0 151 0 0 85 0 141 0 0 73 0 140 0 0 107 
142 249 155 211 90 82 152 19 98 0 243 350 228 347 132 137 235 133 231 58 193 297 264 317 134 
102 85 306 292 105 0 0 199 202 0 120 125 303 326 123 0 0 176 184 10 6 8 193 192 14 
169 131 128 163 286 11 23 2 17 176 23 25 6 33 173 228 228 188 203 394 231 290 266 259 417 
0 66 0 0 0 0 58 0 0 0 0 65 0 0 0 6 68 4 11 2 187 232 189 158 185 
72 29 47 16 56 58 14 29 0 41 57 11 34 0 41 105 13 24 0 46 155 136 121 107 149 
202 76 0 101 0 198 70 0 102 0 205 58 0 104 0 192 68 0 103 0 202 62 0 115 0 
55 0 0 0 0 62 0 0 0 0 64 0 0 0 0 202 133 145 146 141 52 0 0 0 0 
86 235 257 154 55 120 227 283 158 66 140 245 276 155 104 72 164 212 90 15 72 196 242 117 34 
109 5 14 60 27 132 71 57 122 101 128 77 71 102 101 87 32 22 84 44 63 0 0 31 11 
110 119 132 84 188 0 0 6 0 48 63 85 77 64 115 0 0 15 0 50 0 0 14 0 62 
43 83 0 111 0 134 175 93 204 82 111 123 80 193 85 52 77 0 101 0 37 68 0 104 0 
85 106 99 105 148 90 87 66 67 105 0 21 0 0 45 0 19 0 0 35 53 81 56 48 100 
0 76 0 0 0 34 152 37 36 35 42 150 40 34 39 27 132 25 32 41 44 140 53 40 60 
22 12 43 31 0 96 73 115 105 63 38 21 48 34 0 41 9 44 26 0 32 21 37 32 0 
1 9 0 64 202 112 118 116 197 328 1 26 0 79 235 0 15 0 85 233 112 132 112 162 292 
12 7 79 12 225 6 0 55 7 178 111 98 170 110 274 145 133 208 165 326 2 3 73 4 185 
162 0 0 0 0 156 0 0 0 0 246 87 109 117 108 137 0 0 0 0 154 0 0 0 0 
0 0 0 0 851 0 0 0 0 811 0 0 0 0 863 0 0 0 0 847 0 0 0 0 800 
146 129 0 216 55 163 159 6 217 107 197 181 47 263 130 130 141 7 179 100 130 152 0 206 76 
137 0 0 0 0 254 94 91 81 74 161 0 0 0 0 144 0 0 0 0 151 0 0 0 0 
0 0 0 0 0 77 62 81 68 78 0 0 0 0 0 148 124 144 151 144 0 0 0 0 0 
0 27 0 158 0 37 61 52 212 35 0 20 0 152 0 0 16 0 152 0 0 23 0 176 0 
83 54 94 113 129 43 0 57 61 41 23 0 67 63 49 94 65 110 115 106 10 0 47 58 36 
43 48 55 128 106 28 22 30 80 74 0 0 0 77 55 0 0 0 48 50 7 10 9 75 52 
0 9 60 0 0 78 99 167 81 90 0 12 67 0 0 56 75 167 54 56 0 5 58 0 0 
116 0 113 0 0 106 0 88 0 0 97 1 103 4 1 70 0 101 0 0 111 11 91 10 10 
285 98 281 109 208 334 154 417 185 257 329 164 419 207 269 180 29 212 41 143 193 52 267 37 113 
64 152 66 82 65 0 86 0 27 0 17 127 28 33 27 0 104 0 17 0 0 75 0 20 0 
0 0 43 0 67 39 51 92 49 144 77 87 107 56 148 0 0 37 0 73 0 0 54 0 79 
0 0 18 0 227 0 0 23 0 200 0 0 30 0 181 0 0 26 0 203 0 0 25 0 197 
0 0 0 56 0 0 0 0 73 0 57 61 50 157 53 0 0 0 64 0 113 91 102 189 103 
100 0 0 98 0 116 0 0 124 0 105 0 0 95 0 98 0 0 123 0 107 0 0 117 0 
5 47 76 67 0 100 176 184 167 124 163 227 224 206 134 18 75 99 103 15 59 119 112 120 36 
125 162 140 123 266 0 0 0 0 91 0 0 0 0 82 24 30 34 23 128 0 0 0 0 84 
141 261 159 134 156 0 136 0 0 0 93 218 102 102 86 1 109 0 0 1 110 238 96 90 110 
136 126 76 78 78 76 45 0 0 0 84 46 4 4 8 63 47 0 0 0 71 56 0 0 0 
0 99 0 0 0 29 143 45 45 55 0 117 0 0 0 60 167 73 69 58 0 102 0 0 0 
0 0 0 0 0 0 0 0 0 0 0 0 0 0 0 0 0 0 0 0 462 448 492 472 431 
0 0 36 0 0 73 78 92 74 86 0 0 31 0 0 77 75 85 59 79 19 25 59 22 25 
8 15 16 17 53 0 0 0 0 36 80 79 71 70 99 0 0 0 0 33 69 100 78 76 106 
0 0 0 149 0 0 0 0 127 0 0 0 0 154 0 0 0 0 158 0 84 80 85 221 91 
0 66 0 33 72 0 64 0 39 77 0 56 0 33 89 0 58 0 31 73 17 77 25 55 113 
0 112 0 0 0 0 108 0 0 0 0 106 0 0 0 0 96 0 0 0 96 185 99 105 93 
0 0 0 53 0 80 46 76 86 80 52 0 35 43 56 0 1 0 17 0 102 81 108 155 102 
0 0 117 52 0 43 45 155 105 50 0 0 102 37 0 0 0 89 35 0 0 0 126 33 0 
8 26 2 0 2 0 54 0 0 20 0 50 0 0 14 0 0 0 0 0 0 34 6 0 27 
59 0 0 0 0 126 62 61 76 69 96 20 18 20 15 131 46 46 52 40 58 0 0 0 0 
81 35 33 111 37 39 0 0 90 0 48 0 0 85 0 81 32 28 115 30 55 0 0 83 0 
0 0 63 43 0 0 0 55 43 0 101 99 149 132 97 0 0 62 47 0 0 0 67 42 0 
32 0 1 78 103 88 60 65 116 188 33 2 5 80 96 68 18 28 88 105 33 30 50 89 115 
0 10 50 100 10 0 0 52 93 0 60 43 122 141 62 30 43 81 140 39 0 0 51 88 0 
52 0 49 70 2 51 0 46 46 12 173 90 147 150 115 98 16 62 77 7 66 0 48 63 0 
44 0 65 0 64 39 0 63 0 51 27 0 68 0 75 103 54 114 68 119 31 0 59 0 57 
81 19 202 106 47 67 8 153 91 35 62 0 162 29 19 180 64 240 142 125 102 30 228 76 74 
10 64 136 24 111 138 170 263 115 222 33 116 186 42 156 0 36 140 0 101 87 122 208 119 186 
22 20 28 66 59 44 45 43 90 82 0 0 0 34 34 0 0 0 27 18 85 108 106 143 117 
19 30 0 83 0 32 48 0 104 0 78 72 39 131 54 26 40 0 103 0 40 32 0 80 0 
0 0 55 0 0 165 156 223 156 179 0 0 69 0 0 0 0 81 0 0 0 0 79 0 0 
10 7 0 0 66 12 0 0 0 61 63 64 46 41 125 20 20 17 16 79 87 114 95 90 136 
58 10 6 4 21 81 57 61 64 61 91 71 77 87 81 38 0 3 0 12 33 8 13 7 21 
21 111 77 18 33 0 104 72 6 5 0 81 49 0 20 0 87 60 6 12 56 132 113 50 96 
163 208 110 110 124 87 66 51 20 26 47 51 26 0 0 46 58 17 0 0 38 50 15 0 1 
95 0 0 9 0 83 0 0 27 0 99 0 0 18 0 100 0 0 0 0 122 15 23 41 29 
66 79 15 21 21 49 43 2 0 3 50 68 15 6 16 64 70 37 39 47 80 75 48 29 45 
38 75 43 71 28 0 62 10 42 16 0 51 11 46 19 0 42 14 30 12 39 104 62 97 78 
0 0 56 27 11 0 0 45 35 3 0 0 44 39 6 43 53 122 93 61 53 50 100 93 62 
29 38 26 22 31 0 0 0 0 0 70 59 57 62 54 0 0 0 0 0 120 106 99 113 109 
43 32 37 34 41 0 0 18 0 0 0 0 20 0 0 50 42 91 58 52 125 98 134 138 124 
29 36 107 38 49 0 7 51 11 19 56 51 127 49 49 0 0 50 2 0 0 2 58 19 13 
0 0 180 32 0 0 0 141 22 0 19 20 156 37 18 0 0 166 23 0 0 0 162 23 0 
46 113 0 0 0 98 160 69 59 56 97 178 36 20 19 109 193 67 67 59 40 104 0 0 0 
74 1 74 80 94 139 72 175 174 179 135 73 161 165 181 141 53 108 121 165 85 7 88 121 119 
109 142 79 66 85 15 66 3 0 0 87 158 82 67 70 47 87 42 23 20 28 69 0 0 0 
0 115 108 163 1 0 127 118 163 0 0 106 120 166 0 0 117 114 156 1 0 123 116 163 0 
13 0 0 131 0 9 0 0 96 0 91 65 86 191 88 10 0 0 101 0 22 0 0 104 1 
55 64 39 41 67 0 55 0 0 25 51 89 45 40 72 7 43 0 0 35 12 66 0 9 28 
106 118 34 51 78 151 183 74 81 147 111 139 60 59 96 57 74 7 19 58 183 211 104 105 135 
67 172 122 82 93 0 34 62 11 2 31 70 102 34 28 21 75 56 13 23 0 55 61 0 0 
4 19 6 3 65 0 27 33 0 95 0 20 11 3 50 59 86 80 44 159 30 34 32 28 97 
643 471 427 388 444 438 239 187 199 217 501 382 306 205 262 377 203 104 95 148 574 444 365 397 373 
99 69 2 4 0 169 149 76 81 79 72 89 0 0 0 95 90 28 15 18 65 60 0 0 0 
164 289 105 121 116 268 394 146 241 167 129 269 71 132 60 53 196 0 35 0 80 182 42 42 17 
0 0 0 0 53 0 0 0 0 63 0 0 0 0 69 0 0 0 0 64 147 169 152 162 201 
76 0 31 0 12 134 10 47 28 28 126 53 85 49 58 154 88 128 71 104 126 22 43 13 28 
150 0 0 54 0 156 0 0 55 0 140 0 0 40 0 168 0 0 46 0 149 0 0 41 0 
153 112 139 226 116 41 0 73 118 5 73 39 121 179 61 43 7 91 97 26 47 0 76 80 2 
57 98 75 161 136 0 9 4 91 45 0 14 5 54 45 0 11 10 73 40 31 34 29 102 59 
135 127 85 46 26 197 162 151 108 125 121 95 82 42 22 233 190 195 124 140 162 158 142 41 71 
57 129 51 56 53 0 55 0 0 0 6 80 3 5 4 0 64 0 0 0 76 154 61 76 65 
0 0 0 20 0 0 0 0 26 0 0 0 0 20 0 0 0 0 22 0 177 198 223 226 222 
46 0 0 24 38 118 90 77 96 103 50 0 0 30 38 42 2 0 16 42 49 0 0 21 32 
57 7 54 124 111 13 0 30 113 106 75 26 51 150 124 30 0 30 105 91 148 97 133 223 234 
0 81 68 0 73 0 80 67 0 83 0 93 60 0 69 0 72 74 0 85 0 97 73 0 75 
50 28 66 46 35 87 64 104 59 61 29 14 40 19 14 59 44 116 79 61 9 0 38 1 0 
76 0 0 0 55 70 0 0 0 50 93 0 0 0 60 67 0 0 0 52 182 90 79 94 161 
56 116 20 106 80 86 142 27 126 110 41 80 0 124 64 188 242 142 217 185 110 193 82 185 132 
80 98 119 84 73 10 40 45 15 9 0 16 51 0 0 65 82 99 70 52 23 35 58 23 14 
0 0 0 140 35 0 0 0 158 28 27 29 16 157 51 0 0 0 149 34 0 0 0 138 38 
0 0 195 0 37 0 0 213 0 30 0 0 192 0 25 0 0 181 0 23 0 0 178 0 26 
0 0 0 145 13 145 123 113 314 159 0 0 0 159 14 110 115 107 251 108 0 0 0 130 7 
39 127 145 185 73 17 81 103 152 18 58 138 147 180 77 48 159 152 185 72 57 123 150 210 72 
0 0 0 1246 0 0 0 0 1218 0 0 0 0 1249 0 0 0 0 1323 1 0 0 0 1257 0 
195 0 0 0 0 197 13 18 17 20 178 0 0 0 0 196 0 0 0 0 166 0 0 0 0 
92 0 0 0 0 117 0 0 0 0 122 0 0 0 0 102 0 0 0 0 206 88 85 89 99 
99 22 91 0 0 120 12 110 0 0 124 12 102 0 0 123 9 103 0 0 116 16 109 0 0 
0 0 0 35 0 75 62 48 101 53 0 0 0 23 0 48 47 63 87 50 44 47 46 97 41 
0 0 1453 0 0 0 0 1492 0 0 0 0 1365 0 0 0 0 1483 0 0 0 0 1450 0 0 
