766 666 646 576 717 1041 1097 991 960 995 710 664 651 628 793 1058 973 971 925 1014 541 515 421 349 579 
203 162 210 191 179 0 0 0 0 0 127 104 125 109 127 0 0 0 0 0 0 0 0 0 0 
144 104 59 229 260 67 0 0 135 160 175 52 28 213 250 54 0 0 99 147 88 0 0 132 135 
158 0 114 148 151 208 58 198 231 241 294 130 251 309 307 229 49 175 208 222 155 0 116 190 160 
175 57 114 173 44 144 5 79 117 0 119 24 66 107 20 138 0 50 125 0 302 194 266 321 193 
107 6 24 0 89 100 7 19 0 112 184 90 100 79 166 151 61 80 52 137 217 92 119 102 235 
0 0 0 0 0 0 0 0 0 0 1043 1047 1015 1030 1083 0 0 0 0 0 0 0 0 0 0 
0 0 0 269 0 0 0 5 257 0 118 117 100 371 117 115 113 100 408 124 0 0 0 248 0 
13 8 15 192 5 0 0 0 186 0 37 53 38 200 32 0 0 0 167 0 5 6 4 184 3 
0 0 0 0 0 0 0 0 0 0 0 0 0 0 0 58 62 62 63 79 169 158 150 175 152 
64 90 72 61 174 0 15 0 0 102 0 3 0 0 107 0 4 0 0 105 81 79 91 64 181 
162 165 177 184 182 0 0 0 0 0 0 0 0 0 0 0 0 0 0 0 88 98 83 68 97 
0 0 0 0 0 0 0 0 0 0 0 0 0 0 0 425 436 421 408 412 185 169 173 178 198 
0 206 0 0 85 0 176 0 0 96 101 304 114 100 177 0 189 0 0 95 0 217 0 0 75 
815 0 0 0 0 814 0 0 0 0 800 0 0 0 0 834 0 0 0 0 847 0 0 0 0 
17 12 191 147 170 50 7 188 152 160 124 91 252 241 221 155 159 365 309 306 125 89 269 217 304 
76 112 61 124 64 46 75 54 98 64 0 34 0 40 0 36 82 42 80 36 0 37 0 37 0 
39 7 14 8 20 132 96 111 104 131 34 0 0 0 14 28 0 0 0 20 118 107 92 108 139 
0 0 138 0 0 0 0 142 0 0 0 0 139 0 0 142 129 239 114 127 0 0 137 0 0 
0 65 43 47 0 0 81 44 46 0 36 98 91 102 34 0 71 47 50 0 0 69 55 45 0 
0 0 0 3 158 136 117 148 149 262 138 128 132 133 220 1 5 0 0 112 90 92 113 97 195 
0 0 0 0 0 0 0 0 0 0 0 0 0 0 0 1038 1093 1105 1080 1007 0 0 0 0 0 
0 16 54 150 0 0 13 58 125 0 0 20 53 159 0 0 19 53 161 0 0 13 58 171 0 
77 60 0 0 2 98 78 16 13 16 155 109 41 40 35 102 74 0 0 0 108 117 28 30 32 
100 147 88 193 185 10 52 29 100 87 12 50 27 86 100 0 55 0 73 66 0 43 1 68 90 
122 123 147 71 8 137 143 230 78 4 319 308 382 309 219 112 112 154 68 0 310 236 353 240 158 
78 18 21 95 23 71 0 0 104 0 201 140 134 213 119 70 0 0 95 0 106 48 44 173 35 
133 125 45 45 37 155 115 63 61 34 70 60 16 0 0 108 86 23 15 16 101 62 11 0 0 
0 0 173 76 0 0 0 199 72 0 0 0 243 63 0 0 0 208 53 0 0 0 183 53 0 
131 160 164 118 101 0 54 70 0 0 0 56 63 0 0 40 66 95 32 34 0 55 102 0 0 
83 61 83 78 83 120 137 125 135 133 28 48 52 43 57 0 0 0 0 0 0 0 0 0 0 
0 0 0 162 0 0 0 0 174 0 230 234 220 405 242 0 0 0 168 0 0 0 0 153 0 
0 0 0 0 0 147 150 181 134 139 0 0 0 0 0 0 0 0 0 0 82 62 66 65 86 
142 0 6 98 56 154 39 58 142 117 249 88 95 176 172 108 0 0 89 46 228 89 108 194 149 
0 99 0 0 0 0 89 0 0 0 0 69 0 0 0 127 171 88 128 88 50 149 49 48 50 
0 0 95 0 0 85 85 176 105 104 0 0 91 0 0 7 9 97 4 8 14 13 81 9 15 
309 267 212 298 128 126 96 84 108 0 102 98 68 103 0 313 291 180 297 135 179 135 96 159 15 
0 0 0 0 0 43 46 34 22 23 0 0 0 0 0 77 80 87 85 114 119 109 102 125 144 
0 226 0 200 0 0 186 0 200 0 8 207 7 196 7 0 187 0 197 0 0 202 0 211 0 
0 43 0 123 0 0 51 0 139 0 0 48 0 145 0 68 140 65 210 68 0 58 0 125 0 
0 0 0 0 74 83 72 78 60 136 91 71 72 78 129 0 0 0 0 74 0 0 0 0 80 
121 304 362 78 229 22 212 260 11 141 95 292 372 66 214 138 330 362 123 274 217 361 394 167 293 
0 45 33 0 79 19 60 43 13 87 28 80 87 38 79 0 59 26 0 64 0 61 27 0 68 
119 95 113 124 125 16 0 0 40 0 13 0 0 42 0 18 0 0 45 0 89 66 60 116 80 
98 0 77 0 0 87 0 83 0 0 159 68 132 63 73 138 20 90 21 14 90 0 88 0 0 
0 18 83 0 98 0 12 69 0 108 0 16 74 0 108 0 14 95 0 137 0 13 72 0 105 
20 57 159 83 24 60 65 162 111 47 0 34 126 42 0 47 80 165 111 44 0 23 111 63 0 
0 74 0 0 0 0 83 0 0 0 135 264 134 154 135 0 105 0 0 0 16 88 22 29 29 
0 0 0 85 0 75 84 63 161 101 0 0 0 80 0 0 0 0 102 0 95 92 66 179 81 
53 0 109 59 0 67 0 124 68 0 73 0 113 54 0 60 0 122 60 0 59 0 117 49 0 
86 52 0 32 0 114 87 20 59 26 113 100 0 32 0 128 58 0 44 0 101 64 0 39 0 
0 0 0 0 26 212 193 205 217 236 0 0 0 0 35 0 0 0 0 31 0 0 0 0 37 
116 53 69 134 91 76 47 54 127 87 31 0 0 61 13 33 0 0 62 14 53 16 11 72 30 
30 55 9 8 10 21 47 0 0 0 23 77 0 0 0 145 184 134 122 129 28 73 0 0 0 
0 0 0 20 0 186 170 197 198 164 0 0 0 23 0 0 0 0 22 0 0 0 0 19 0 
75 83 144 150 95 0 0 53 65 0 0 0 78 64 0 0 0 68 54 0 0 0 64 63 0 
63 58 59 49 71 41 0 0 0 11 76 62 48 49 72 30 0 0 0 22 94 52 45 49 60 
0 0 25 0 69 9 6 36 12 89 0 0 34 0 70 10 7 43 8 95 81 75 114 64 153 
55 105 136 63 70 26 76 93 25 25 0 32 69 0 0 0 37 71 0 0 0 39 66 0 0 
0 0 122 0 0 0 0 99 0 0 86 122 234 123 115 0 0 97 0 0 0 0 113 0 0 
96 115 36 54 133 35 39 0 0 79 42 54 0 0 64 41 42 0 0 65 54 39 0 0 73 
0 49 0 23 36 59 112 57 80 93 0 55 0 27 38 0 50 0 38 40 25 60 22 53 63 
7 5 98 4 9 0 0 86 0 0 0 0 82 0 0 36 39 120 27 28 73 76 147 58 84 
0 0 0 53 75 89 84 63 119 166 0 0 0 49 73 0 0 0 37 85 0 0 0 47 73 
108 197 89 87 102 27 132 0 0 0 33 133 9 10 9 25 84 0 0 0 25 99 2 2 0 
55 23 84 33 94 14 0 31 2 66 9 0 33 0 73 18 0 40 0 64 1 0 35 0 71 
37 0 11 0 2 53 0 2 0 0 66 39 56 40 56 75 23 46 22 17 158 107 104 139 114 
56 34 118 48 44 25 0 81 0 0 16 0 77 0 0 19 0 70 0 0 68 37 113 37 35 
0 62 59 0 0 0 69 57 0 0 20 103 72 21 21 32 109 59 40 42 0 62 50 0 0 
26 0 88 0 33 58 43 121 38 75 21 0 75 0 11 26 1 84 0 21 26 0 89 0 21 
0 2122 0 0 0 0 2180 0 0 0 0 2061 0 0 0 0 2146 0 0 0 0 2059 0 0 0 
23 169 138 13 12 92 233 180 92 71 0 197 119 1 0 38 248 193 88 45 3 159 95 0 0 
92 139 141 0 0 69 150 138 0 0 99 150 128 0 0 117 162 152 0 0 78 156 145 0 0 
0 74 0 94 0 68 158 65 159 83 63 130 34 152 41 0 77 0 98 0 0 95 0 82 0 
0 0 0 0 0 1287 1243 1247 1211 1268 0 0 0 0 0 0 0 0 0 0 0 0 0 0 0 
0 0 80 125 0 0 0 75 106 0 0 0 81 127 0 0 0 81 125 0 0 0 72 128 0 
146 62 56 93 41 155 61 57 108 63 93 0 0 45 0 81 0 0 38 0 97 0 0 47 0 
0 130 0 0 92 0 161 0 0 75 0 170 0 0 108 0 157 0 0 79 0 145 0 0 107 
139 221 142 214 99 74 120 18 106 0 274 340 228 337 144 93 208 64 165 35 169 289 232 279 120 
106 76 291 280 95 0 0 200 191 0 105 95 272 285 106 0 0 165 192 5 13 16 217 218 34 
153 125 125 150 271 9 21 1 7 170 11 17 6 15 174 241 242 195 207 411 243 287 254 242 427 
0 67 0 0 0 0 51 0 0 0 0 70 0 0 0 7 64 5 7 6 164 204 167 141 160 
75 34 49 29 87 71 7 27 0 70 56 6 32 0 44 124 16 30 0 58 181 137 126 123 185 
200 68 0 99 0 204 63 0 98 0 205 46 0 104 0 190 57 0 105 0 201 50 0 107 0 
56 0 0 0 0 63 0 0 0 0 66 0 0 0 0 213 138 148 155 147 53 0 0 0 0 
0 0 1460 0 0 0 0 1482 0 0 0 0 1367 0 0 0 0 1486 0 0 0 0 1467 0 0 
69 3 14 50 21 103 63 47 87 68 91 64 58 72 70 61 23 21 63 36 52 0 0 22 12 
119 123 129 93 187 0 0 7 0 50 59 76 70 59 107 0 0 17 0 56 0 0 18 0 61 
42 87 0 101 0 148 201 102 226 92 112 126 85 203 88 56 82 0 107 0 43 75 0 110 0 
77 90 90 94 132 86 76 75 70 104 0 27 0 0 45 0 21 0 0 25 59 74 51 48 88 
0 81 0 0 0 32 135 34 33 30 36 158 40 33 36 31 131 23 28 35 42 129 42 34 55 
32 9 40 34 0 91 69 105 110 58 43 20 42 37 0 45 9 44 35 0 39 20 33 38 0 
141 0 0 0 0 125 0 0 0 0 205 77 99 101 103 119 0 0 0 0 135 0 0 0 0 
0 0 0 0 834 0 0 0 0 799 0 0 0 0 853 0 0 0 0 844 0 0 0 0 785 
129 155 0 204 60 170 173 0 207 96 186 241 32 291 122 118 159 2 229 93 158 182 2 263 73 
125 0 0 0 0 262 107 87 81 75 153 0 0 0 0 142 0 0 0 0 153 0 0 0 0 
0 0 0 0 0 72 54 70 64 70 0 0 0 0 0 143 120 140 144 138 0 0 0 0 0 
0 24 0 148 0 35 60 47 190 32 0 19 0 139 0 0 17 0 145 0 0 20 0 167 0 
138 52 140 103 164 104 0 82 32 50 85 0 109 42 79 194 104 188 130 166 75 0 44 49 76 
44 50 59 133 107 29 23 32 84 77 0 0 0 80 57 0 0 0 48 50 7 10 9 82 55 
0 8 69 0 0 85 114 190 86 98 0 10 80 1 0 66 84 182 58 66 0 8 65 0 1 
199 4 186 0 0 199 0 172 0 0 200 5 185 4 1 171 0 176 0 0 205 18 174 10 10 
291 108 301 107 176 311 154 370 164 234 340 167 363 181 216 217 18 200 23 117 203 51 241 18 100 
65 158 71 86 67 0 92 0 29 0 17 129 28 36 26 0 107 0 17 0 0 76 0 22 0 
0 0 33 0 58 36 47 79 44 113 56 75 89 53 121 0 0 33 0 61 0 0 49 0 59 
0 0 22 0 227 0 0 18 1 227 0 0 36 0 205 0 0 31 0 216 0 0 26 0 221 
0 0 0 50 0 0 0 0 66 0 57 62 46 147 47 0 0 0 63 0 87 82 86 166 93 
96 0 0 111 0 130 0 0 127 0 117 0 0 111 0 116 0 0 129 0 112 0 0 130 0 
4 46 80 73 7 90 169 177 187 112 161 208 227 222 151 16 53 90 85 11 51 86 107 104 25 
110 138 123 116 237 0 0 0 0 79 0 0 0 0 79 20 29 29 22 106 0 0 0 0 77 
146 254 151 142 148 0 143 0 0 0 99 223 106 115 85 1 132 2 5 6 119 230 99 99 93 
136 125 75 78 77 76 43 0 0 0 85 45 4 4 6 63 44 0 0 0 71 56 0 0 0 
0 125 0 0 0 43 179 61 69 76 0 145 0 0 0 67 216 91 102 75 0 127 0 0 0 
0 0 0 0 0 0 0 0 0 0 0 0 0 0 0 0 0 0 0 0 436 406 449 420 385 
0 0 37 0 0 73 79 92 74 87 0 0 31 0 0 77 75 85 59 79 19 25 59 22 26 
8 14 15 16 51 0 0 0 0 36 80 79 71 68 99 0 0 0 0 33 68 98 78 76 105 
0 0 0 141 0 0 0 0 130 0 0 0 0 151 0 0 0 0 155 0 87 80 83 226 97 
0 67 0 34 71 2 63 0 39 75 0 53 0 34 91 0 58 0 32 73 16 77 22 56 106 
0 113 0 0 0 0 109 0 0 0 0 106 0 0 0 0 97 0 0 0 95 188 100 106 92 
0 18 0 24 0 83 73 82 71 80 63 55 68 42 70 0 0 0 0 0 108 120 115 138 112 
0 0 117 55 0 43 45 155 106 50 0 0 102 39 0 0 0 89 38 0 0 0 125 35 0 
59 0 0 0 0 126 62 61 76 69 99 19 18 20 15 131 47 46 52 41 58 0 0 0 0 
83 35 32 111 37 39 0 0 90 0 48 0 0 84 0 83 35 30 120 32 55 0 0 81 0 
0 0 29 32 0 0 0 8 27 0 116 114 100 138 108 0 0 16 38 0 0 0 24 32 0 
29 0 0 65 89 84 59 63 120 166 20 0 0 76 93 39 10 18 70 82 32 34 35 87 94 
3 6 60 105 8 0 0 47 75 0 51 32 106 119 46 28 42 71 118 40 0 0 57 85 0 
65 5 52 60 12 49 2 43 45 25 145 83 121 135 96 88 19 52 56 23 54 0 45 46 2 
43 0 57 0 66 42 0 58 0 56 30 0 76 0 89 99 58 119 67 118 33 0 63 0 58 
103 15 180 106 48 93 11 161 97 38 80 0 147 38 17 219 99 277 166 161 103 35 189 100 60 
13 116 199 30 150 150 217 339 126 294 36 114 233 60 196 0 43 177 1 142 89 173 278 126 248 
22 22 25 70 65 46 41 44 96 88 0 0 0 32 35 0 1 0 23 24 89 105 110 143 115 
27 37 0 112 2 36 58 0 125 0 104 88 46 162 72 42 47 0 129 0 47 38 0 99 0 
0 0 61 0 0 181 150 217 159 183 0 0 70 0 0 0 0 74 0 0 0 0 75 0 0 
16 4 0 0 91 20 2 0 0 86 80 87 64 64 152 29 26 24 17 109 126 164 134 126 190 
87 18 13 7 34 129 85 84 82 95 152 108 101 111 107 65 0 6 0 23 45 14 18 8 34 
19 104 71 14 35 0 92 69 6 8 0 74 41 0 21 0 82 52 5 13 43 123 104 41 81 
149 186 93 98 92 71 63 39 21 20 37 51 14 0 0 42 48 14 0 0 31 44 14 0 0 
73 86 16 14 20 55 54 0 0 0 63 72 12 13 15 66 86 38 41 52 87 87 52 26 45 
37 76 43 71 29 0 61 11 42 15 0 51 10 46 18 0 43 12 31 13 37 104 63 97 78 
0 0 56 26 8 0 0 45 34 3 0 0 44 38 6 43 52 122 93 61 52 46 100 93 63 
29 38 26 22 31 0 0 0 0 0 71 59 57 62 55 0 0 0 0 0 120 107 99 114 110 
39 29 31 29 38 0 0 14 0 0 0 0 18 0 0 46 40 72 51 44 108 86 120 120 107 
40 45 110 49 45 3 1 51 3 1 62 54 132 58 42 0 0 53 0 0 0 1 60 19 0 
0 0 180 32 0 0 0 141 23 0 19 20 156 37 18 0 0 166 23 0 0 0 162 23 0 
47 96 0 0 0 82 107 43 33 34 78 134 18 17 11 94 134 39 39 46 37 80 0 0 0 
101 129 77 60 64 18 49 3 0 0 90 143 69 58 66 41 78 31 19 17 26 57 0 0 0 
0 117 110 165 0 0 130 124 168 0 0 110 126 170 0 0 121 115 161 2 0 133 120 172 0 
19 0 0 196 0 13 0 0 135 0 146 115 130 277 118 16 0 0 161 0 30 0 0 149 0 
125 156 30 92 103 169 225 84 86 169 145 191 68 106 115 88 110 6 25 80 251 287 118 148 190 
76 196 147 107 110 8 68 73 14 4 35 97 120 47 31 22 80 70 16 30 0 80 63 1 0 
6 34 12 2 85 16 36 26 0 127 3 21 17 7 65 74 100 88 59 179 30 44 39 22 110 
692 524 524 409 461 483 285 329 244 233 440 316 347 210 262 375 195 184 101 143 529 367 436 370 328 
82 67 0 3 0 184 171 79 80 90 79 95 0 0 0 108 93 22 17 26 69 65 0 0 0 
147 317 122 130 115 237 363 137 243 172 98 261 77 115 67 21 185 0 21 0 101 226 59 78 49 
0 0 0 0 54 0 0 0 0 62 0 0 0 0 77 0 0 0 0 63 158 186 160 178 202 
77 2 40 0 13 142 17 61 36 40 147 69 105 55 67 177 81 146 66 99 123 42 52 13 28 
150 0 0 52 0 155 0 0 53 0 141 0 0 39 0 168 0 0 45 0 149 0 0 41 0 
184 135 167 248 133 44 2 96 128 5 85 32 128 199 63 43 7 106 110 25 53 0 86 99 2 
74 142 92 203 183 0 12 6 105 58 0 14 8 78 65 0 16 10 105 68 33 47 43 123 70 
81 71 70 97 20 145 142 123 132 106 61 44 55 53 3 178 142 173 155 102 136 122 150 89 75 
59 134 55 58 55 0 55 0 0 0 4 82 2 5 4 0 64 0 0 0 78 156 68 81 67 
0 0 0 17 0 0 0 0 20 0 0 0 0 20 0 0 0 0 19 0 183 195 222 227 215 
30 0 0 8 38 89 88 77 82 101 25 0 0 0 33 16 0 0 0 38 28 0 0 0 30 
47 8 46 111 92 18 1 43 101 79 65 26 60 140 114 28 0 37 92 83 134 81 113 204 216 
0 90 77 0 87 0 87 81 0 103 0 119 58 0 74 0 85 83 0 98 0 115 77 0 100 
55 25 69 46 35 77 59 115 69 60 21 17 45 22 15 63 50 107 82 51 13 0 36 2 0 
82 0 0 0 58 67 0 0 0 50 90 0 0 0 60 69 0 0 0 52 176 91 81 95 150 
104 164 37 150 140 69 167 25 158 144 33 113 9 134 81 195 278 165 259 214 118 213 120 215 176 
72 88 100 78 64 10 38 39 13 9 0 14 44 0 0 60 69 85 53 45 21 29 56 19 13 
0 0 0 158 43 0 0 0 168 29 28 33 18 169 59 0 0 0 169 35 0 0 0 149 38 
0 0 0 152 19 162 142 136 341 174 0 0 0 175 16 132 124 125 275 119 0 0 0 139 9 
40 147 156 167 50 25 105 146 193 35 80 146 177 193 72 50 180 174 257 106 82 116 160 224 63 
0 0 0 1289 0 0 2 0 1291 0 0 0 0 1321 0 0 2 0 1374 1 0 0 0 1328 0 
195 0 0 0 0 197 13 18 17 20 178 0 0 0 0 196 0 0 0 0 166 0 0 0 0 
92 0 0 0 0 117 0 0 0 0 122 0 0 0 0 102 0 0 0 0 205 88 85 89 99 
234 20 62 42 40 164 0 15 0 0 308 88 110 121 119 279 169 221 197 165 232 89 113 68 75 
13 22 0 0 0 0 42 0 0 0 0 0 0 0 0 0 0 0 0 20 0 0 0 0 0 
79 110 166 138 124 0 0 74 0 0 0 0 88 0 0 0 0 63 0 0 220 194 285 236 231 
2 7 0 81 218 124 136 141 219 354 1 24 0 83 262 0 10 0 88 251 109 146 116 183 318 
12 10 82 7 227 5 0 61 7 174 121 98 165 117 283 150 158 224 178 340 2 7 65 1 195 
132 278 290 236 98 179 271 291 214 89 134 258 290 185 122 55 175 239 140 27 85 235 253 140 38 
95 0 0 17 0 83 0 0 0 0 99 0 0 0 0 100 0 0 0 0 122 15 23 21 29 
0 0 197 0 34 0 0 224 0 31 0 0 192 0 26 0 0 191 0 22 0 0 181 0 33 
0 0 55 62 0 81 56 108 106 66 0 0 37 42 0 64 60 109 103 55 42 35 87 83 33 
53 79 45 50 71 8 59 0 0 30 51 82 47 42 70 5 42 0 0 36 5 68 7 9 35 
0 0 0 35 0 75 64 49 109 56 0 0 0 21 0 48 48 65 94 56 43 49 45 99 44 
601 597 623 661 611 0 0 0 0 0 0 0 0 0 0 0 0 0 0 0 0 0 0 0 0 
0 0 9 0 11 0 1 0 0 0 19 0 1 0 0 0 0 0 0 0 0 0 0 1 0 
