821 812 734 713 840 1080 1150 1033 1002 1133 660 735 563 613 850 943 910 884 977 1030 637 554 481 418 653 
201 153 201 193 182 0 0 0 0 0 132 103 146 123 109 0 0 0 0 0 0 0 0 0 0 
138 44 26 195 231 77 0 0 166 137 191 83 61 296 282 86 0 0 97 138 74 0 0 149 124 
0 0 64 81 2 103 71 144 133 97 1 3 59 54 0 63 61 132 112 58 69 42 121 108 50 
132 41 100 130 42 108 7 71 83 0 116 36 78 93 28 113 5 55 107 0 230 145 215 244 143 
114 10 21 0 99 97 7 17 0 117 212 97 113 88 195 158 78 102 57 162 260 124 151 135 277 
0 0 0 0 0 0 0 0 0 0 1037 1044 1001 1041 1066 0 0 0 0 0 0 0 0 0 0 
0 0 0 286 0 0 0 0 278 0 125 129 110 406 127 124 122 112 450 153 0 0 0 261 0 
14 7 17 175 5 0 0 0 174 0 37 43 35 177 30 0 0 0 154 0 3 6 3 174 3 
0 0 0 0 0 0 0 0 0 0 0 0 0 0 0 60 78 88 67 87 183 173 158 198 170 
76 96 74 61 175 0 12 0 0 107 0 3 0 0 96 0 4 0 0 110 89 86 84 71 168 
146 149 157 158 161 0 0 0 0 0 0 0 0 0 0 0 0 0 0 0 83 84 66 69 84 
0 0 0 0 0 0 0 0 0 0 0 0 0 0 0 428 436 425 411 418 192 181 182 187 205 
0 213 0 0 86 0 173 0 0 100 136 340 156 146 222 0 194 0 0 104 0 227 0 0 79 
808 0 0 0 0 805 0 0 0 0 794 0 0 0 0 829 0 0 0 0 836 0 0 0 0 
23 2 201 160 176 56 20 222 182 207 110 115 317 237 242 163 180 405 353 358 117 103 297 245 337 
81 134 89 156 72 57 80 62 111 64 0 53 0 52 0 39 95 51 82 45 0 55 0 35 0 
40 9 19 9 21 141 102 120 117 128 29 0 0 0 16 29 0 0 0 20 133 130 113 104 154 
0 0 130 0 0 0 0 119 0 0 0 0 135 0 0 129 114 219 108 116 0 0 147 0 0 
0 64 43 46 0 0 78 43 45 0 35 96 90 97 33 0 70 47 47 0 0 69 55 42 0 
0 1 0 2 147 140 114 122 149 241 146 120 112 116 215 0 6 0 0 130 93 95 101 97 205 
0 0 0 0 0 0 0 0 0 0 0 0 0 0 1 1030 1090 1100 1072 1001 0 0 0 0 0 
0 20 55 138 0 0 19 53 118 0 0 18 47 147 0 0 18 52 139 0 0 17 53 144 0 
90 56 0 0 0 114 93 25 23 23 190 130 49 44 34 120 90 0 0 0 112 116 27 31 36 
58 89 61 120 118 5 34 14 52 57 10 35 19 67 67 0 29 0 41 56 0 31 0 54 57 
138 134 128 101 11 142 151 193 110 1 353 319 374 336 240 128 137 144 96 3 327 284 358 279 150 
57 10 11 108 9 74 0 0 127 0 225 163 139 237 129 76 0 0 118 0 123 45 49 193 47 
114 103 45 48 36 152 106 51 58 32 71 59 15 0 0 99 85 20 12 13 99 55 11 0 0 
0 0 148 61 0 0 0 168 62 0 0 0 198 57 0 0 0 183 52 0 0 0 149 45 0 
130 163 175 128 119 0 54 73 0 0 0 51 66 0 0 42 62 92 32 36 0 42 108 0 0 
63 51 68 66 58 98 116 101 112 98 22 39 42 35 37 0 0 0 0 0 0 0 0 0 0 
0 0 0 174 0 0 0 0 184 0 221 226 201 388 221 0 0 0 184 0 0 0 0 162 0 
0 0 0 0 0 163 162 188 137 155 0 0 0 0 0 0 0 0 0 0 76 61 73 70 86 
104 1 1 52 42 123 35 46 95 101 199 72 80 124 141 77 0 0 54 39 181 64 80 114 112 
0 79 0 0 0 0 81 0 0 0 0 62 0 0 0 117 149 92 136 98 56 136 48 52 57 
0 0 104 0 0 100 101 219 120 124 0 0 104 0 0 7 9 117 6 8 14 15 101 9 17 
268 230 189 272 118 125 83 71 100 0 83 84 50 93 0 267 228 170 277 125 141 128 79 147 0 
0 0 0 0 0 31 35 30 19 22 0 0 0 0 0 59 67 68 63 90 100 94 95 97 127 
0 224 0 201 0 0 180 0 194 0 8 203 6 197 7 0 186 0 192 0 0 197 0 204 0 
0 47 0 135 0 0 54 0 160 0 0 47 0 147 0 75 165 86 222 93 0 63 0 149 0 
0 0 0 0 81 87 76 82 65 149 95 80 84 86 137 0 0 0 0 79 0 0 0 0 82 
69 262 320 46 228 9 176 230 9 135 100 251 351 51 225 108 293 311 104 222 203 328 382 152 254 
0 51 34 0 90 24 71 52 16 108 36 93 97 42 96 0 66 28 0 78 0 68 28 0 76 
124 102 132 139 132 16 0 0 39 0 15 0 0 44 0 16 0 0 46 0 98 81 67 135 87 
74 0 67 0 0 69 0 79 0 0 120 56 116 50 52 107 21 84 13 14 69 0 81 0 0 
0 18 81 0 96 0 12 69 0 107 0 16 74 0 105 0 14 91 0 132 0 13 69 0 101 
28 71 167 102 30 72 81 170 122 65 0 44 124 43 0 48 82 177 126 55 0 30 118 68 0 
0 68 0 0 0 0 70 0 0 0 121 236 112 136 122 0 91 0 0 0 14 80 18 24 29 
0 0 0 71 0 60 64 51 123 81 0 0 0 70 0 0 0 0 80 0 71 63 57 147 61 
52 0 94 51 0 61 0 114 59 0 64 0 97 53 0 48 0 108 56 0 47 0 101 46 0 
84 53 0 34 0 115 81 19 60 28 106 97 0 29 0 123 58 0 47 0 92 65 0 36 0 
0 0 0 0 29 203 194 205 203 236 0 0 0 0 35 0 0 0 0 35 0 0 0 0 38 
96 52 62 122 79 62 39 51 97 71 24 0 0 56 9 30 0 0 48 10 40 10 9 59 30 
32 71 9 8 11 19 58 0 0 0 21 82 0 0 0 168 199 158 144 134 29 86 0 0 0 
0 0 0 21 0 186 170 197 198 164 0 0 0 23 0 0 0 0 22 0 0 0 0 19 0 
100 107 172 189 112 0 0 58 84 0 0 0 89 81 0 0 0 82 67 0 0 0 74 83 0 
73 67 64 55 75 44 0 0 0 11 87 69 52 59 78 33 0 0 0 30 101 54 49 56 66 
0 0 25 0 69 9 6 36 12 89 0 0 34 0 70 10 7 43 8 95 81 75 114 64 153 
586 586 605 638 587 0 0 0 0 0 0 0 0 0 0 0 0 0 0 0 0 0 0 0 0 
74 139 153 82 94 34 97 110 33 38 0 36 83 0 0 0 46 99 0 0 0 46 71 0 0 
0 0 117 0 0 0 0 105 0 0 87 128 237 126 118 0 0 94 0 0 0 0 120 0 0 
110 126 43 58 149 44 36 0 0 102 46 53 0 0 69 49 37 0 0 77 64 38 0 0 95 
0 49 1 25 37 65 123 68 83 102 0 63 0 27 41 0 62 0 43 41 26 76 22 53 65 
9 7 98 5 11 0 0 87 0 0 0 0 83 0 0 36 39 120 27 29 75 78 150 57 85 
0 0 0 53 76 94 79 65 120 169 0 0 0 51 77 0 0 0 39 84 0 0 0 52 75 
94 165 78 73 84 22 106 0 0 0 30 115 2 6 9 20 74 0 0 0 25 80 0 0 1 
67 25 101 38 93 18 0 41 6 66 18 0 42 0 80 19 0 52 0 63 5 0 42 0 71 
45 11 13 0 6 46 0 0 2 0 48 42 48 40 58 92 52 51 36 43 158 105 113 135 114 
61 35 128 54 51 22 0 85 0 0 17 0 80 0 0 22 0 76 0 0 59 35 122 47 34 
24 0 22 0 3 13 2 0 0 0 2 7 0 0 0 15 0 0 0 0 11 0 0 0 0 
0 62 62 0 0 0 64 43 0 0 21 104 80 21 20 32 109 59 40 42 0 62 53 0 0 
17 0 3 3 0 0 49 0 0 0 0 3 0 0 7 0 0 0 0 0 0 0 0 0 0 
30 0 91 0 45 64 43 124 39 80 25 0 85 0 29 37 10 99 5 36 31 0 99 0 28 
0 2123 0 0 0 0 2171 0 0 0 0 2062 0 0 0 0 2131 0 0 0 0 2064 0 0 0 
20 145 111 20 7 86 211 226 88 61 0 137 132 1 0 42 214 159 77 44 0 142 96 0 0 
69 126 108 0 0 54 151 124 0 0 100 149 134 0 0 85 141 131 0 0 74 138 137 0 0 
0 112 0 115 0 99 172 79 193 96 66 159 33 169 50 0 100 0 115 0 0 110 0 119 0 
0 0 0 0 0 1282 1221 1230 1204 1261 0 0 0 0 0 0 0 0 0 0 0 0 0 0 0 
0 0 93 140 0 0 0 84 117 0 0 0 92 150 0 0 0 95 144 0 0 0 77 148 0 
163 56 52 101 45 154 58 58 123 73 86 0 0 42 0 86 0 0 40 0 100 0 0 48 0 
0 115 0 0 74 0 137 0 0 68 0 146 0 0 81 0 125 0 0 65 0 141 0 0 95 
168 269 164 243 106 60 171 39 142 1 309 432 241 369 160 119 277 93 190 7 190 358 233 296 122 
104 91 290 307 101 2 0 163 196 1 140 116 266 321 108 0 0 146 184 8 20 10 173 175 35 
146 130 105 150 257 12 28 4 6 156 8 18 10 16 162 214 232 183 187 366 227 267 253 230 411 
0 72 0 0 0 0 54 0 0 0 0 69 0 0 0 11 73 4 7 2 181 226 172 147 170 
48 23 37 11 42 40 14 28 0 38 41 11 34 0 32 64 13 31 0 42 106 97 86 74 114 
215 71 0 105 0 218 72 0 112 0 217 57 0 105 0 200 65 0 132 0 210 45 0 121 0 
55 0 0 0 0 62 0 0 0 0 64 0 0 0 0 202 133 145 146 141 52 0 0 0 0 
167 281 321 217 61 203 292 363 244 114 210 303 353 247 154 128 240 295 151 41 79 221 253 160 16 
66 5 8 47 21 92 70 52 97 68 90 69 58 81 86 58 22 22 68 32 53 0 0 26 12 
138 141 150 114 213 0 0 9 0 50 75 90 88 78 134 0 0 20 0 55 0 0 17 0 62 
40 88 0 85 0 135 181 97 178 83 88 111 51 123 65 53 79 0 82 0 36 67 0 78 0 
71 85 72 80 112 74 77 55 57 88 0 20 0 0 43 0 19 0 0 26 53 65 49 43 83 
0 93 0 0 0 36 163 33 35 34 45 170 38 45 41 32 143 32 27 38 49 155 49 43 54 
20 11 41 10 0 81 71 112 97 61 19 21 47 28 0 23 9 43 23 0 25 19 37 14 0 
4 16 90 4 234 5 0 55 3 170 109 88 169 103 271 139 128 218 166 332 2 0 76 0 183 
153 0 0 0 0 148 0 0 0 0 238 83 109 117 121 133 0 0 0 0 137 0 0 0 0 
0 0 0 0 838 0 0 0 0 790 0 0 0 0 852 0 0 0 0 830 0 0 0 0 786 
131 114 0 167 50 119 133 4 179 82 170 163 39 233 107 106 101 8 178 74 130 148 0 190 79 
129 0 0 0 0 260 99 87 81 79 151 0 0 0 0 147 0 0 0 0 148 0 0 0 0 
0 0 0 0 0 72 56 72 65 72 0 0 0 0 0 144 119 140 141 142 0 0 0 0 0 
0 22 0 151 0 39 63 50 198 34 0 19 0 139 0 0 16 0 144 0 0 20 0 177 0 
94 60 101 120 141 53 4 69 58 56 22 6 60 75 64 96 62 112 122 121 14 0 58 60 52 
43 49 56 132 109 28 24 32 85 76 0 0 0 79 56 0 0 0 48 50 7 10 9 75 56 
0 9 61 0 0 78 96 173 81 90 0 10 66 2 0 57 79 163 49 60 0 6 65 0 0 
213 18 197 0 0 213 3 183 0 0 211 8 191 4 0 186 5 191 0 0 208 22 182 10 9 
274 101 318 111 200 290 124 316 136 214 327 133 367 188 275 182 8 184 38 135 215 44 239 17 141 
76 162 73 92 71 0 99 0 29 0 19 137 29 38 29 0 107 0 21 0 0 79 0 22 0 
0 0 33 0 58 35 45 78 44 113 55 74 89 53 121 0 0 33 0 61 0 0 48 0 57 
0 0 17 0 233 0 0 22 0 209 0 0 30 0 188 0 0 29 0 204 0 0 25 0 210 
0 0 0 51 0 0 0 0 62 0 57 61 49 144 45 0 0 0 60 0 90 79 83 163 87 
102 0 0 123 0 142 0 0 128 0 129 0 0 101 0 122 0 0 128 0 117 0 0 136 0 
4 32 80 82 0 98 151 171 180 113 146 189 230 232 141 5 51 98 84 19 54 90 113 133 49 
122 154 145 114 255 0 0 0 0 93 0 0 0 0 75 21 31 33 26 131 0 0 0 0 105 
140 256 157 148 151 0 130 0 0 0 89 216 93 98 85 2 107 0 0 5 96 220 86 90 92 
149 138 80 82 81 83 47 0 0 0 88 49 4 4 8 66 48 0 0 0 74 59 0 0 0 
0 120 0 0 0 39 190 56 77 77 0 145 0 0 0 74 209 89 101 66 0 124 0 0 0 
0 0 0 0 0 0 0 0 0 0 0 0 0 0 0 0 0 0 0 0 455 434 467 448 426 
0 0 40 0 0 78 85 104 76 92 0 0 33 0 0 88 86 91 65 85 19 25 59 23 29 
9 15 19 18 57 0 0 0 0 40 87 89 76 73 106 0 0 0 0 37 68 109 82 81 116 
0 0 0 152 0 0 0 0 139 0 0 0 0 169 0 0 0 0 164 0 87 87 93 237 92 
0 68 0 34 72 0 62 0 38 77 1 56 0 36 91 2 60 0 32 72 19 78 25 55 113 
0 112 0 0 0 0 108 0 0 0 0 106 0 0 0 0 96 0 0 0 97 185 99 105 92 
0 1 0 26 0 82 69 84 71 79 51 8 61 49 54 0 0 0 21 0 110 110 110 131 105 
0 0 117 55 0 43 45 155 106 50 0 0 102 39 0 0 0 89 38 0 0 0 126 35 0 
59 0 0 0 0 126 62 61 76 69 99 20 18 20 15 130 47 45 51 40 58 0 0 0 0 
83 35 33 111 37 39 0 0 91 0 47 0 0 85 0 83 35 29 120 32 55 0 0 83 0 
0 0 63 43 0 0 0 55 43 0 101 99 149 132 97 0 0 62 47 0 0 0 67 42 0 
33 0 0 65 93 87 66 51 106 163 33 2 0 77 97 59 23 23 74 91 31 31 43 73 97 
4 7 52 114 8 0 0 59 89 0 59 37 130 147 59 36 49 88 134 45 0 0 53 96 0 
49 5 39 41 9 35 4 36 37 17 113 66 109 99 79 65 17 44 51 16 51 0 44 39 2 
42 0 62 0 56 38 0 57 0 55 27 0 71 0 73 97 54 115 75 109 35 0 62 0 57 
94 21 165 107 65 76 11 138 87 30 51 0 106 44 7 176 33 170 144 91 104 27 169 72 74 
14 67 143 23 96 132 168 258 125 233 29 83 180 48 160 0 26 137 1 111 83 113 227 130 200 
23 26 24 69 59 47 43 44 91 81 0 0 0 40 34 0 0 0 25 21 85 103 108 146 122 
18 31 0 82 0 29 47 0 103 0 76 72 39 128 53 25 36 0 103 0 40 33 0 80 0 
0 0 58 0 0 160 146 217 150 176 0 0 58 0 0 0 0 75 0 0 0 0 69 0 0 
13 7 1 0 73 17 4 0 0 62 62 63 49 43 133 27 25 13 12 72 92 104 100 95 125 
75 12 11 6 22 122 81 79 79 74 114 92 91 109 101 49 0 5 0 13 33 10 13 0 26 
23 118 78 23 32 0 92 72 7 6 0 84 43 0 20 0 95 60 6 18 51 136 112 46 95 
166 207 105 105 117 80 63 53 21 28 41 51 20 0 0 44 55 13 0 0 38 50 13 0 0 
95 0 0 7 0 83 0 0 0 0 99 0 0 24 0 100 0 0 0 0 122 15 23 38 29 
66 79 14 21 21 47 44 2 0 0 48 65 14 6 13 63 68 36 39 46 79 74 48 30 42 
37 74 39 68 26 0 58 10 40 14 0 43 7 42 13 0 34 8 28 10 34 96 51 87 70 
0 0 56 27 11 0 0 45 35 3 0 0 44 40 6 43 53 122 94 61 54 50 100 93 63 
29 38 26 22 31 0 0 0 0 0 71 59 57 62 55 0 0 0 0 0 120 107 99 114 110 
42 32 39 32 42 0 0 14 0 0 0 0 19 0 0 47 46 79 57 55 127 97 137 147 124 
32 42 107 45 48 1 0 56 3 12 56 52 129 53 41 0 0 54 0 0 0 0 57 16 0 
0 0 176 32 0 0 0 137 23 0 19 19 154 37 18 0 0 163 23 0 0 0 161 23 0 
46 78 0 0 0 82 108 49 39 31 78 117 19 21 8 88 131 41 44 44 38 71 0 0 0 
102 1 101 86 119 192 95 228 208 192 199 110 208 224 233 178 57 127 130 171 117 7 107 151 113 
103 133 91 67 76 14 55 3 0 0 91 149 82 59 67 37 80 35 17 19 24 64 0 0 0 
0 127 109 169 0 0 134 126 175 0 0 110 127 177 0 0 130 123 162 0 0 130 121 170 0 
17 0 0 161 0 11 0 0 125 0 116 87 124 273 114 11 0 0 125 0 22 2 1 135 1 
43 69 37 38 62 0 54 0 0 24 40 81 38 38 60 0 36 0 0 30 0 61 0 0 27 
132 146 40 80 103 169 246 97 99 172 145 188 87 96 124 85 109 13 32 63 239 288 135 160 191 
57 171 118 80 93 6 41 70 11 3 30 77 95 31 32 20 80 65 12 26 0 57 49 0 0 
0 38 0 0 76 23 46 22 0 131 1 26 5 0 52 85 117 92 53 199 48 59 51 50 133 
742 519 575 434 543 502 262 286 220 235 465 282 329 227 280 412 182 159 88 171 578 394 430 377 383 
93 73 0 2 0 172 161 89 80 82 76 86 0 0 0 107 95 24 19 20 63 60 0 0 0 
167 309 119 157 132 258 382 161 279 181 127 273 90 166 92 36 182 0 57 0 104 207 66 108 43 
0 0 0 0 53 0 0 0 0 64 0 0 0 0 68 0 0 0 0 62 148 170 152 162 203 
84 5 43 0 15 141 15 71 27 34 155 59 120 62 54 179 97 142 83 93 143 21 49 25 21 
150 0 0 54 0 156 0 0 55 0 141 0 0 40 0 168 0 0 46 0 149 0 0 41 0 
158 119 142 214 114 42 0 79 120 0 83 44 129 172 62 56 10 93 99 25 58 0 87 85 0 
80 131 95 238 230 0 7 0 118 66 0 25 4 79 73 0 18 12 108 74 39 53 31 115 72 
141 130 95 64 13 223 224 198 162 160 131 115 110 60 13 286 241 232 176 150 173 171 157 60 69 
58 134 52 57 54 0 57 0 0 0 5 84 4 2 3 0 68 0 0 0 77 162 62 82 69 
0 0 0 17 0 0 0 0 21 0 0 0 0 18 0 0 0 0 17 0 183 193 215 226 214 
39 0 0 20 36 111 86 76 86 101 34 0 0 17 30 35 0 0 9 39 37 0 0 19 28 
38 2 54 121 97 17 1 42 98 93 59 21 46 133 112 20 0 33 102 89 121 89 126 224 215 
0 89 73 0 83 0 88 80 0 86 0 97 67 0 68 0 85 84 0 89 0 116 75 0 81 
52 25 61 45 38 79 64 102 60 57 21 21 41 19 13 64 49 108 76 47 10 0 36 0 0 
79 0 0 0 55 72 0 0 0 50 89 0 0 0 60 66 0 0 0 52 188 93 82 89 152 
87 128 21 110 84 64 140 8 117 103 51 99 3 120 68 211 269 143 238 184 115 204 86 172 157 
69 84 92 73 61 9 34 36 12 8 0 13 44 0 0 54 67 82 49 44 17 28 52 19 13 
0 0 0 160 39 0 0 0 179 33 33 35 20 170 58 0 0 0 174 43 0 0 0 178 43 
0 0 0 140 13 149 128 122 321 164 0 0 0 162 15 117 121 114 254 109 0 0 0 134 8 
42 131 177 174 63 27 112 173 179 37 54 148 152 182 75 91 210 238 254 141 92 168 208 295 93 
0 0 0 1262 0 0 0 0 1251 0 0 0 0 1254 0 0 0 1 1326 1 0 0 0 1263 0 
188 0 0 0 0 190 13 18 17 20 176 0 0 0 0 190 0 0 0 0 166 0 0 0 0 
102 0 0 0 0 132 0 0 0 0 142 0 0 0 0 113 0 0 0 0 229 97 100 98 108 
289 55 125 99 74 213 0 39 8 3 421 108 212 144 133 458 237 341 278 278 269 43 109 48 70 
4 32 0 0 0 10 47 8 0 2 0 39 0 0 21 0 6 1 0 0 0 26 0 0 8 
0 0 202 0 30 0 0 226 0 27 0 0 201 0 21 0 0 193 0 15 0 0 180 0 24 
70 89 136 122 96 0 0 45 0 0 0 0 66 0 0 0 0 55 0 0 186 210 251 238 225 
1 16 0 85 207 108 117 117 212 336 2 32 1 75 250 0 13 0 78 243 118 141 119 181 298 
62 27 29 67 75 41 0 0 30 59 57 0 0 26 39 58 0 0 36 40 91 45 47 77 82 
0 0 1460 0 0 0 0 1479 0 0 0 0 1365 0 0 0 0 1473 0 0 0 0 1451 0 0 
0 0 0 34 0 72 63 48 99 55 0 0 0 22 0 47 43 60 85 49 38 45 44 92 37 
