1110 1154 1062 1030 1086 1362 1422 1304 1300 1319 772 882 816 801 937 1213 1113 1111 1095 1115 791 710 675 698 816 
183 145 177 178 153 0 0 0 0 0 123 81 127 121 95 0 0 0 0 0 0 0 0 0 0 
122 40 33 186 214 73 0 0 146 159 207 93 68 305 291 76 0 0 102 140 83 0 0 123 147 
233 11 49 9 54 167 0 3 2 1 414 88 151 68 114 396 171 244 211 180 287 42 114 53 66 
0 0 1 170 12 183 147 154 376 192 0 2 0 184 17 140 131 137 300 120 0 0 0 160 7 
151 29 70 124 22 132 15 64 105 0 131 36 88 117 21 127 10 46 109 0 291 197 249 311 176 
104 3 7 0 88 87 1 16 0 97 174 94 101 69 182 163 75 98 58 160 206 114 116 107 238 
0 0 0 0 0 0 0 0 0 0 1011 1029 978 1005 1033 0 0 0 0 0 0 0 0 0 0 
0 0 0 232 0 0 0 2 227 0 97 98 92 344 112 97 99 81 352 119 0 0 0 219 0 
16 9 14 213 5 0 0 0 210 0 49 52 42 202 33 0 0 0 203 0 3 9 4 222 3 
40 153 180 240 63 22 156 222 229 31 127 203 259 329 86 49 230 237 305 111 110 160 229 298 61 
0 0 0 0 0 0 0 0 0 0 0 0 0 0 0 64 62 64 66 82 178 151 154 175 155 
77 96 61 52 169 0 11 0 0 104 0 0 0 0 101 0 3 0 0 107 73 82 76 62 171 
155 157 168 167 187 0 0 0 0 0 0 0 0 0 0 0 0 0 0 0 91 86 64 67 80 
0 0 0 0 0 0 0 0 0 0 0 0 0 0 0 421 422 411 392 407 162 161 160 171 184 
0 206 0 0 85 0 180 0 0 103 127 357 164 136 222 0 207 0 0 105 0 224 0 0 85 
795 0 0 0 0 788 0 0 0 0 783 0 0 0 0 814 0 0 0 0 824 0 0 0 0 
52 21 219 149 188 43 14 199 153 207 119 107 265 254 260 193 178 386 345 354 141 115 301 234 330 
83 132 85 136 72 75 82 61 119 74 0 43 0 46 0 43 90 52 88 44 0 39 0 46 0 
43 9 16 7 26 139 107 120 104 129 30 0 0 0 13 27 0 0 0 25 143 127 110 106 155 
0 0 155 0 0 0 0 145 0 0 0 0 158 0 0 159 135 290 121 144 0 0 170 0 0 
0 65 44 47 0 0 81 48 51 0 35 99 93 100 35 0 72 50 48 0 0 68 56 43 0 
2 0 0 2 153 139 130 138 157 272 167 138 139 145 266 2 0 0 0 133 91 94 131 98 210 
0 0 0 0 0 0 0 0 0 0 0 0 0 0 0 992 1060 1064 1038 959 0 0 0 0 0 
0 19 58 150 0 0 25 63 133 0 0 20 59 171 0 0 17 65 158 0 0 18 59 169 0 
70 56 0 0 0 87 73 21 15 13 136 89 36 35 29 92 64 0 0 0 104 101 24 24 32 
63 99 61 142 137 7 41 18 63 63 15 36 17 69 78 0 36 0 52 63 0 31 0 60 52 
70 112 110 67 4 84 120 134 78 0 265 268 303 250 188 87 116 109 75 3 220 194 245 194 109 
94 15 25 128 16 93 0 0 131 0 257 167 161 265 147 85 0 0 115 0 126 56 56 207 48 
99 74 37 40 28 119 83 41 50 27 49 43 13 0 0 73 63 16 11 12 70 44 9 0 0 
0 0 182 75 0 0 0 186 60 0 0 0 222 70 0 0 0 195 51 0 0 0 181 55 0 
156 209 219 157 132 2 75 91 0 0 0 59 98 0 0 75 109 146 69 49 2 57 122 0 0 
63 51 67 66 58 96 114 101 111 98 22 39 42 35 37 0 0 0 0 0 0 0 0 0 0 
0 0 0 168 0 0 0 0 178 0 236 240 223 416 246 0 0 0 174 0 0 0 0 156 0 
0 0 0 0 0 162 144 184 147 143 0 0 0 0 0 0 0 0 0 0 77 66 68 66 84 
98 1 0 53 30 122 25 45 95 82 201 59 80 134 141 70 0 0 47 31 169 54 78 120 98 
0 76 0 0 0 0 76 0 0 0 0 57 0 0 0 107 143 77 118 76 52 122 45 49 46 
0 0 113 0 0 97 99 197 112 112 0 0 100 0 0 5 8 109 4 6 14 14 95 9 16 
234 225 189 237 104 115 112 70 96 0 83 80 62 87 0 261 252 151 264 119 126 119 73 122 0 
0 0 0 0 0 40 36 30 23 22 0 0 0 0 0 71 80 78 74 101 114 108 114 111 146 
0 225 0 198 0 0 179 0 189 0 3 198 3 189 2 0 186 0 189 0 0 194 0 203 0 
0 40 0 115 0 0 51 0 126 0 0 46 0 121 0 61 124 62 187 58 0 55 0 115 0 
0 0 0 0 79 99 83 88 68 146 99 83 87 98 133 0 0 0 0 78 0 0 0 0 86 
84 306 305 35 255 21 229 233 9 154 80 282 307 41 236 151 351 318 121 295 217 364 324 154 289 
0 51 35 0 82 20 64 50 15 96 29 88 91 38 85 0 64 27 0 69 0 70 29 0 72 
122 113 123 137 146 16 0 0 41 0 14 0 0 40 0 23 0 0 54 0 97 76 67 128 93 
27 0 0 59 76 82 56 40 94 149 23 0 0 64 63 39 7 12 56 60 29 25 31 83 86 
75 0 76 0 0 69 0 85 0 0 126 58 122 56 57 109 18 80 14 12 71 0 79 0 0 
0 18 81 0 96 0 12 69 0 107 0 16 74 0 105 0 14 91 0 133 0 12 69 0 101 
17 49 137 75 19 53 70 161 94 50 0 40 122 34 0 48 73 155 102 43 0 24 109 57 0 
0 58 0 0 0 0 66 0 0 0 104 206 96 123 111 0 82 0 0 0 14 75 17 22 24 
0 0 0 72 0 62 64 51 126 83 0 0 0 72 0 0 0 0 81 0 73 64 58 148 62 
49 0 92 48 0 57 0 109 53 0 59 0 93 50 0 46 0 102 54 0 43 0 97 46 0 
77 46 0 29 0 103 70 16 47 24 92 85 0 25 0 110 53 0 41 0 87 56 0 32 0 
0 0 0 0 23 177 158 177 182 192 0 0 0 0 30 0 0 0 0 29 0 0 0 0 32 
86 46 51 104 71 57 37 49 93 67 23 0 0 49 6 26 0 0 44 11 35 10 7 52 23 
29 53 8 6 10 16 45 0 0 0 21 69 0 0 0 125 155 121 112 110 27 69 0 0 0 
0 0 0 20 0 184 170 197 197 163 0 0 0 22 0 0 0 0 22 0 0 0 0 18 0 
78 100 144 163 102 0 0 54 65 0 0 0 80 60 0 0 0 76 61 0 0 0 67 72 0 
63 56 59 47 68 41 0 0 0 11 76 61 48 47 72 30 0 0 0 22 92 49 45 49 60 
0 0 25 0 69 9 6 36 12 89 0 0 34 0 71 10 7 43 8 96 81 75 114 65 153 
598 608 619 652 601 0 0 0 0 0 0 0 0 0 0 0 0 0 0 0 0 0 0 0 0 
62 121 155 71 80 31 90 106 29 38 0 38 77 0 0 0 48 84 0 0 0 45 72 0 0 
0 0 110 0 0 0 0 91 0 0 76 114 207 112 101 0 0 85 0 0 0 0 104 0 0 
124 153 51 65 164 40 49 0 0 98 42 71 0 0 81 48 55 0 0 84 67 46 0 0 99 
0 48 0 8 5 43 102 27 54 50 0 52 0 11 5 0 54 0 23 4 15 51 3 17 5 
9 7 99 5 11 0 0 87 0 0 0 0 83 0 0 36 39 120 27 29 75 78 150 59 85 
0 0 0 51 75 88 80 63 117 163 0 0 0 48 73 0 0 0 36 84 0 0 0 47 73 
94 165 78 73 84 22 106 0 0 0 30 115 7 8 9 22 75 0 0 0 24 80 0 0 0 
70 29 95 40 101 21 0 38 9 66 16 0 45 0 80 19 0 52 2 65 11 0 37 7 71 
75 0 11 0 2 89 0 0 0 0 121 61 66 59 82 125 47 43 30 27 181 79 99 119 93 
60 29 116 47 48 32 0 81 0 0 28 0 77 0 0 26 0 70 0 0 79 39 119 46 36 
0 35 0 0 1 37 68 31 49 44 34 73 39 15 30 22 68 33 47 32 0 35 1 5 0 
80 59 83 44 51 31 19 23 0 0 56 63 54 28 44 46 17 26 0 13 36 24 33 0 10 
0 60 66 0 0 8 75 64 17 16 21 104 79 21 20 32 109 65 40 41 0 62 56 0 0 
58 102 56 51 48 38 109 36 41 31 19 83 21 21 31 28 64 28 30 31 0 66 0 0 0 
25 0 86 0 40 60 43 120 39 77 24 0 77 0 18 27 6 92 0 29 30 0 96 0 18 
0 2061 0 0 0 0 2116 0 0 0 0 1990 0 0 0 0 2074 0 0 0 0 1987 0 0 0 
17 86 70 9 11 64 125 140 63 42 7 73 86 2 0 24 138 98 62 31 3 89 55 0 0 
64 106 75 0 0 51 118 108 0 0 76 118 101 0 0 58 113 89 0 0 58 103 112 0 0 
2 108 0 119 1 89 195 87 225 126 84 184 51 201 73 0 101 0 125 0 1 109 0 122 0 
109 172 11 202 99 122 152 3 194 152 77 138 1 218 118 304 357 202 394 251 198 323 171 285 270 
0 0 0 0 0 1258 1231 1216 1179 1246 0 0 0 0 0 0 0 0 0 0 0 0 0 0 0 
0 0 80 125 0 0 0 75 106 0 0 0 81 127 0 0 0 79 125 0 0 0 72 128 0 
180 59 62 99 57 178 59 61 118 71 114 0 0 49 0 88 0 0 39 0 106 0 0 58 0 
0 132 0 0 88 0 164 0 0 77 0 166 0 0 86 0 151 0 0 71 0 146 0 0 112 
170 246 108 216 81 148 264 77 154 45 282 428 217 290 156 192 348 190 233 143 211 388 231 231 160 
47 51 211 181 70 1 0 124 88 12 65 71 172 196 78 4 3 80 106 22 36 32 148 127 37 
161 127 120 154 261 8 25 5 7 164 11 8 9 8 154 223 231 183 191 384 232 269 228 242 408 
0 75 0 0 0 0 53 0 0 0 0 69 0 0 0 7 69 4 7 4 176 212 176 156 160 
54 25 45 16 56 45 15 31 0 46 47 13 35 0 33 84 14 39 0 49 127 115 123 86 144 
202 76 0 101 0 196 71 0 99 0 205 59 0 104 0 186 64 0 109 0 200 65 0 115 0 
55 0 0 0 0 62 0 0 0 0 64 0 0 0 0 202 133 145 146 139 52 0 0 0 0 
77 187 216 116 42 81 174 191 105 23 83 183 172 75 50 49 157 191 85 2 47 179 214 76 9 
87 0 8 49 25 105 77 44 112 75 123 79 76 85 84 65 23 26 64 39 64 0 0 19 15 
117 121 140 89 195 0 0 8 0 48 64 77 85 62 107 0 0 18 0 50 0 0 11 0 56 
46 69 0 69 0 136 155 88 141 58 92 77 49 109 61 57 61 0 83 0 33 58 0 70 0 
74 84 77 85 131 74 73 61 60 96 0 20 0 0 53 0 18 0 0 27 48 77 50 50 85 
0 81 0 0 1 31 132 35 38 31 36 145 38 34 32 26 133 24 29 39 48 145 47 47 55 
32 11 40 34 0 103 71 112 110 62 42 21 47 37 0 46 8 44 35 0 40 20 36 39 0 
1 15 2 101 253 148 144 160 236 393 0 42 1 112 291 0 20 0 119 292 133 167 141 218 372 
21 24 89 9 225 4 1 78 9 181 120 101 181 116 281 141 157 233 186 344 4 8 71 3 190 
152 0 0 0 0 134 0 0 0 0 223 85 99 101 107 126 0 0 0 0 134 0 0 0 0 
0 0 0 0 847 0 0 0 0 806 0 0 0 0 858 0 0 0 0 850 0 0 0 0 798 
98 80 2 119 47 86 83 0 115 62 121 124 37 173 78 89 70 0 114 60 72 90 0 151 43 
111 0 0 0 0 215 83 74 73 63 132 0 0 0 0 127 0 0 0 0 122 0 0 0 0 
58 33 73 60 38 108 71 140 78 75 26 25 51 24 14 84 80 167 98 69 8 0 43 0 0 
0 25 0 151 0 33 61 48 199 36 0 21 0 147 0 0 18 0 143 0 0 24 0 170 0 
111 46 112 138 150 70 0 80 60 62 24 0 70 82 73 113 80 153 137 152 18 0 51 56 42 
43 47 55 128 102 27 22 31 81 72 0 0 0 77 53 0 0 0 48 49 6 9 9 75 52 
0 10 63 0 0 82 86 163 80 89 0 10 69 0 0 51 83 156 46 59 0 5 63 0 0 
110 0 110 0 0 101 0 84 0 0 92 1 100 4 1 69 0 100 0 0 108 11 88 10 9 
0 0 0 0 0 63 40 69 60 66 0 0 0 0 0 148 127 144 150 145 0 0 0 0 0 
320 118 331 128 204 352 168 422 175 250 341 175 393 204 285 199 30 220 52 146 217 66 267 54 141 
76 171 74 93 73 0 103 0 34 0 18 157 30 37 27 0 114 0 18 0 0 97 0 23 0 
0 0 33 0 58 35 46 78 44 113 55 74 89 53 121 0 0 33 0 61 0 0 49 0 57 
0 0 16 0 187 0 0 16 0 178 0 0 28 0 166 0 0 24 0 179 0 0 22 0 182 
0 0 0 48 0 0 0 0 59 0 53 58 45 140 45 0 0 0 59 0 85 78 82 158 86 
97 0 0 102 0 115 0 0 118 0 101 0 0 96 0 100 0 0 132 0 105 0 0 123 0 
9 66 64 54 0 100 196 153 146 108 183 246 210 203 144 1 80 74 84 0 95 139 105 136 37 
120 151 142 120 257 0 0 0 0 89 0 0 0 0 81 29 32 35 27 122 0 0 0 0 98 
113 211 132 125 120 0 116 0 0 0 71 181 83 87 76 0 110 4 3 9 93 194 83 76 88 
157 136 79 84 81 86 48 0 0 0 90 47 4 4 9 69 50 0 0 0 72 61 0 0 0 
0 139 0 0 0 44 190 57 59 73 0 149 0 0 0 84 236 94 103 79 0 145 0 0 0 
92 0 0 0 0 117 0 0 0 0 122 0 0 0 0 102 0 0 0 0 206 88 85 89 99 
0 0 0 0 0 0 0 0 0 0 0 0 0 0 0 0 0 0 0 0 428 400 434 417 385 
0 0 37 0 0 73 79 92 75 87 0 0 31 0 0 77 75 85 59 79 19 25 59 22 26 
8 15 16 17 52 0 0 0 0 36 80 79 71 69 99 0 0 0 0 33 68 98 77 76 105 
0 0 0 127 0 0 0 0 111 0 0 0 0 135 0 0 0 0 139 0 72 71 76 190 78 
0 54 0 31 63 0 37 0 34 70 0 39 0 36 82 0 33 0 31 68 19 67 23 56 94 
71 0 0 0 23 59 0 0 0 17 78 0 0 0 24 62 0 0 0 16 161 83 71 83 109 
0 120 0 0 0 0 109 0 0 0 0 111 0 0 0 0 104 0 0 0 105 193 108 109 98 
0 34 15 34 21 55 60 45 43 50 41 35 22 21 33 0 0 0 12 0 74 100 70 83 60 
0 0 117 55 0 43 45 155 106 50 0 0 102 39 0 0 0 89 38 0 0 0 126 35 0 
9 33 0 0 0 8 63 14 0 17 7 48 0 0 23 17 39 20 17 51 0 37 12 0 18 
59 0 0 0 0 126 62 61 76 69 99 19 18 19 15 131 47 46 52 41 58 0 0 0 0 
195 0 0 0 0 193 4 11 11 12 178 0 0 0 0 196 0 0 0 0 166 0 0 0 0 
82 35 32 110 37 38 0 0 91 0 48 0 0 85 0 83 35 30 120 32 55 0 0 82 0 
0 0 0 22 0 44 30 42 55 27 29 13 40 44 32 0 0 0 21 0 50 50 54 95 58 
0 0 63 43 0 0 0 55 43 0 101 99 149 132 97 0 0 62 47 0 0 0 67 42 0 
70 6 57 124 106 26 3 44 116 74 70 24 49 139 116 29 0 30 94 82 147 86 120 204 201 
5 6 54 110 6 1 0 52 87 0 54 33 118 136 55 32 55 87 129 46 0 0 59 96 0 
52 5 61 48 11 44 6 42 50 25 131 91 139 131 96 71 21 54 56 18 55 0 52 44 3 
43 0 59 0 60 42 0 60 0 54 27 0 74 0 80 97 53 110 69 110 31 0 59 0 63 
113 49 189 97 77 90 14 170 82 43 60 0 129 32 8 161 72 208 140 108 139 49 192 97 88 
10 90 152 24 119 144 209 303 142 272 35 118 194 42 190 0 53 160 1 118 79 147 225 111 236 
25 27 23 73 57 47 44 40 83 82 0 0 0 40 35 0 0 0 23 19 92 104 100 142 113 
19 34 0 102 0 31 54 0 144 0 109 94 48 173 66 35 43 0 138 0 56 40 0 111 0 
0 0 51 0 0 150 133 193 136 163 0 0 57 0 0 0 0 68 0 0 0 0 66 0 0 
45 80 50 74 43 13 24 0 29 0 71 105 67 101 47 13 49 2 43 4 67 65 62 90 34 
5 4 0 0 60 8 0 0 0 50 44 49 38 33 106 13 13 13 6 61 71 97 78 74 107 
61 11 11 6 21 92 60 62 67 67 97 77 80 90 84 41 0 2 0 11 35 10 14 6 20 
21 92 65 13 29 0 83 64 5 5 0 71 39 0 18 0 75 47 4 13 44 118 97 36 78 
124 160 83 85 85 60 57 37 18 18 36 51 14 0 0 35 42 13 0 0 28 39 13 0 0 
0 69 55 0 67 0 71 63 0 72 0 79 53 0 55 0 66 64 0 69 0 84 67 0 66 
99 0 0 42 0 83 0 0 44 0 103 0 0 37 0 101 0 0 34 0 127 16 23 66 29 
62 74 3 16 16 48 36 0 0 0 50 63 14 2 11 62 61 36 39 43 78 70 44 28 44 
38 64 43 71 24 0 44 11 42 7 0 17 0 40 4 0 16 14 31 0 38 89 64 97 68 
0 0 56 27 11 0 0 45 35 3 0 0 44 40 6 43 53 122 94 61 54 50 100 93 63 
29 38 26 22 31 0 0 0 0 0 71 59 57 62 55 0 0 0 0 0 120 107 99 114 110 
44 33 35 33 44 0 0 15 0 0 0 0 19 0 0 50 44 89 59 56 128 101 146 142 120 
40 45 110 45 55 6 10 63 5 15 59 50 129 36 50 0 0 53 0 0 4 5 65 10 5 
0 0 180 32 0 0 0 141 22 0 19 20 156 37 18 0 0 166 21 0 0 0 162 21 0 
43 70 0 0 0 66 92 38 30 28 67 106 17 14 9 79 119 37 37 40 37 66 0 0 0 
69 0 77 89 90 138 64 173 168 174 165 81 181 208 216 116 37 95 110 155 83 3 94 133 108 
97 158 90 74 79 13 76 4 0 0 101 182 83 73 73 51 86 33 23 22 24 60 0 0 0 
0 115 109 165 0 0 129 124 166 1 0 110 123 173 4 0 121 117 158 0 0 130 121 172 3 
0 0 0 154 37 1 0 0 177 34 29 33 19 183 57 0 0 0 158 38 0 0 0 158 46 
22 0 0 160 0 12 0 0 126 0 113 81 116 246 106 14 0 0 114 0 28 1 0 119 1 
50 81 50 45 70 0 61 6 1 27 29 82 41 28 51 3 38 0 0 29 0 64 0 0 32 
145 141 32 56 105 196 262 105 100 215 142 180 80 90 115 83 75 2 13 68 218 287 121 149 192 
58 161 109 80 81 6 43 63 12 3 27 72 93 30 26 19 77 52 12 23 0 58 50 0 0 
1 18 6 0 62 0 26 15 0 99 0 11 2 8 49 57 75 68 45 146 27 35 38 25 89 
0 0 198 0 39 0 0 223 0 29 0 0 200 0 24 0 0 186 0 22 0 0 185 0 27 
593 373 508 352 460 404 147 284 147 185 449 207 306 170 258 298 110 157 24 123 492 272 414 321 323 
77 58 0 3 0 152 142 70 70 63 75 77 0 0 0 94 81 19 17 16 68 58 0 0 0 
136 279 118 132 127 238 367 153 237 186 111 248 75 130 68 23 176 0 15 0 73 200 59 79 56 
22 0 29 76 0 24 0 15 48 0 72 43 65 79 25 86 53 79 107 65 29 0 20 45 0 
0 0 0 0 63 0 0 0 0 72 0 0 0 0 80 0 0 0 0 73 156 192 171 195 244 
70 7 29 0 14 114 16 49 29 23 127 49 82 45 50 144 69 126 69 83 120 31 38 23 24 
61 43 125 123 32 0 0 89 115 0 50 48 139 144 42 0 0 99 99 0 0 0 91 80 0 
150 0 0 54 0 156 0 0 55 0 141 0 0 40 0 168 0 0 46 0 149 0 0 41 0 
182 129 180 251 131 39 0 87 120 0 89 52 123 205 76 41 2 96 95 19 38 0 85 90 3 
0 0 53 57 0 76 54 104 113 67 0 0 51 42 0 65 45 106 86 59 43 35 82 72 41 
56 105 92 171 169 0 10 4 93 47 0 15 7 57 56 0 11 14 79 51 37 40 23 111 55 
143 133 80 95 12 212 180 139 149 132 86 89 54 52 10 262 186 188 137 135 176 178 146 91 103 
111 19 94 0 0 133 14 116 0 0 135 11 101 0 0 126 9 100 0 0 125 23 115 0 0 
58 136 53 61 56 0 56 0 0 0 5 84 2 5 4 0 67 0 0 0 78 156 63 81 69 
0 0 0 16 0 0 0 0 23 0 0 0 0 26 0 0 0 0 18 0 184 208 231 225 223 
57 26 25 66 74 39 0 0 29 55 51 0 0 25 35 52 0 0 35 36 88 37 41 74 80 
0 0 0 36 0 75 64 49 101 55 0 0 0 25 0 47 47 62 92 50 44 49 43 96 39 
46 12 0 33 39 118 93 77 104 104 50 11 0 35 39 42 5 0 25 43 50 11 0 29 34 
56 80 132 118 76 0 0 39 0 0 0 0 66 0 0 0 0 48 0 0 176 190 222 186 194 
0 0 0 1202 0 0 0 0 1193 0 0 0 0 1210 0 0 3 2 1270 0 0 0 0 1215 0 
0 0 1442 0 0 0 0 1471 0 0 0 0 1353 0 0 0 0 1471 0 0 0 0 1445 0 0 
