978 825 789 750 881 1121 1179 1087 1070 1123 748 715 687 748 845 1060 1011 993 1042 1055 644 537 521 522 699 
174 156 176 154 179 0 0 0 0 0 137 88 121 116 100 0 0 0 0 0 0 0 0 0 0 
120 38 40 208 228 82 0 0 141 149 171 55 42 232 253 57 0 0 126 147 86 0 5 164 133 
329 37 147 94 145 229 0 58 0 6 433 98 224 132 175 494 227 376 268 274 292 60 142 63 114 
0 0 2 47 0 101 73 66 139 80 0 2 0 32 0 65 54 78 120 60 56 61 54 129 55 
157 36 79 133 23 138 3 68 80 0 150 25 73 111 19 126 2 52 96 0 294 186 260 293 173 
117 13 21 1 100 95 2 17 1 118 210 102 104 88 193 172 72 103 63 162 253 113 133 115 264 
0 0 0 0 0 0 0 0 0 0 1033 1035 994 1021 1054 0 0 0 0 0 0 0 0 0 0 
0 0 0 260 0 0 0 1 260 0 112 107 97 382 125 120 113 87 410 136 0 0 0 243 0 
15 10 17 227 6 0 0 0 219 0 45 50 37 228 35 0 0 0 195 0 3 6 3 210 3 
0 0 0 0 0 1 0 0 0 0 0 0 0 0 0 62 64 72 72 82 196 155 151 184 160 
93 112 72 70 196 0 15 0 0 111 0 0 0 0 106 0 4 0 0 118 93 95 99 75 202 
137 147 144 153 159 0 0 0 0 0 0 0 0 0 0 0 0 0 0 0 82 77 68 66 80 
0 0 0 0 0 0 0 0 0 0 0 0 0 0 0 442 438 424 416 427 193 183 181 188 212 
0 212 0 0 84 0 182 0 0 102 126 328 146 141 210 0 190 0 0 96 0 226 0 0 75 
912 0 0 0 0 888 0 0 0 0 898 0 0 0 0 929 0 0 0 0 932 0 0 0 0 
9 2 185 128 144 35 11 194 153 139 100 104 278 225 189 169 187 377 327 291 115 99 264 217 241 
98 163 89 189 90 68 93 70 122 84 0 50 0 51 0 52 112 50 105 53 0 52 0 45 0 
51 9 15 10 22 147 131 121 123 132 37 0 0 0 21 30 0 0 0 22 144 140 114 121 164 
0 0 129 0 0 0 0 132 0 0 0 0 155 0 0 141 121 254 130 129 0 2 140 0 0 
0 63 42 46 0 0 78 40 45 0 35 96 89 97 32 0 69 46 47 0 0 69 54 42 0 
2 7 0 0 161 144 122 130 149 286 161 141 114 138 253 3 1 0 0 139 97 98 106 103 218 
0 0 0 0 0 0 0 0 0 0 0 0 0 0 0 1015 1071 1086 1056 988 0 0 0 0 0 
0 18 51 134 0 0 17 52 114 0 0 18 47 141 0 0 17 50 142 0 0 15 52 140 0 
78 56 0 0 0 100 84 17 18 14 164 116 42 47 35 106 82 0 0 0 125 112 24 27 34 
79 110 74 146 161 6 39 21 61 68 11 42 23 86 100 0 43 0 56 65 0 36 0 66 69 
88 99 111 69 0 90 125 162 79 1 275 289 304 250 176 110 125 125 70 0 247 202 283 208 126 
60 8 14 90 10 74 0 0 108 0 206 152 138 224 124 74 0 0 95 0 104 44 46 164 39 
106 76 41 42 30 135 89 33 52 30 54 46 12 0 0 90 70 10 7 11 78 45 0 0 0 
0 0 145 60 0 0 0 163 54 0 0 0 201 59 0 0 0 173 50 0 0 0 153 44 0 
116 163 166 124 117 0 55 71 0 0 0 48 66 0 0 44 65 94 32 35 0 41 96 0 0 
101 95 117 119 100 152 171 152 164 153 39 61 65 50 66 0 0 0 0 0 0 0 0 0 0 
0 0 0 158 0 0 0 0 167 0 229 234 220 405 242 0 0 0 163 0 0 0 0 150 0 
0 0 0 0 0 155 154 186 149 154 0 0 0 0 0 0 0 0 0 0 79 60 75 72 84 
113 1 0 74 45 126 33 55 124 110 223 74 92 152 156 78 0 0 75 44 194 74 85 167 132 
0 88 0 0 0 0 81 0 0 0 0 61 0 0 0 119 156 81 118 86 52 125 45 51 50 
0 0 129 0 0 114 112 240 132 136 0 0 115 0 0 8 13 144 6 13 18 18 111 10 23 
258 219 182 259 117 116 86 65 116 0 99 81 54 92 0 284 243 166 284 117 142 96 78 136 0 
0 0 0 0 0 34 45 30 20 22 0 0 0 0 0 68 71 77 73 101 115 115 114 111 146 
0 235 0 209 0 0 185 0 198 0 8 212 7 206 7 0 190 0 195 0 0 202 0 210 0 
0 43 0 131 0 0 51 0 143 0 0 51 0 136 0 59 141 70 211 69 0 56 0 123 0 
0 0 0 0 68 74 65 71 56 124 81 67 68 76 116 0 0 0 0 68 0 0 0 0 72 
70 343 364 61 224 28 229 245 8 173 56 301 329 39 217 87 348 320 98 245 174 414 409 152 289 
0 53 38 0 94 19 77 49 16 103 33 93 105 46 94 0 66 29 0 74 0 75 30 0 75 
111 89 102 115 115 13 0 0 33 0 12 0 0 37 0 16 0 0 44 0 80 65 59 104 81 
70 0 65 0 0 63 0 75 0 0 113 53 107 47 50 99 15 78 13 12 66 0 73 0 0 
0 18 81 0 96 0 12 69 0 107 0 16 74 0 106 0 13 91 0 133 0 13 69 0 101 
22 48 152 79 23 71 75 157 110 57 0 38 119 41 0 55 74 157 106 39 0 21 108 66 0 
0 71 0 0 0 0 87 0 0 0 119 237 113 140 120 0 93 0 0 0 15 91 21 26 30 
0 0 0 83 0 67 70 59 139 98 0 0 0 84 0 0 0 0 92 0 88 74 66 168 73 
60 0 121 62 0 76 0 124 67 0 75 0 121 58 0 57 0 141 72 0 60 0 114 58 0 
102 59 0 36 0 141 94 21 62 30 124 112 0 38 0 147 70 0 50 0 110 69 0 42 0 
0 0 0 0 24 195 197 196 204 218 0 0 0 0 37 0 0 0 0 32 0 0 0 0 35 
99 50 59 127 89 62 42 57 107 73 25 0 0 59 10 31 0 0 52 12 40 11 10 62 34 
29 62 9 6 13 18 56 0 0 0 21 83 0 0 0 153 190 142 132 128 29 82 0 0 0 
0 0 0 21 0 185 170 197 198 164 0 0 0 23 0 0 0 0 22 0 0 0 0 19 0 
71 79 133 137 89 0 0 52 63 0 0 0 74 60 0 0 0 66 53 0 0 0 59 62 0 
65 61 60 51 69 42 0 0 0 12 78 64 51 51 76 31 0 0 0 24 99 51 49 52 64 
0 0 25 0 69 9 6 36 12 89 0 0 34 0 70 10 7 43 8 95 78 75 113 64 153 
598 597 616 647 603 0 0 0 0 0 0 0 0 0 0 0 0 0 0 0 0 0 0 0 0 
65 127 150 83 86 34 92 107 32 30 0 35 78 0 0 0 45 80 0 0 0 49 78 0 0 
0 0 118 0 0 0 0 99 0 0 80 129 227 116 110 0 0 93 0 0 0 0 114 0 0 
104 124 45 59 145 43 44 0 0 94 45 61 0 0 73 41 47 0 0 81 64 45 0 0 102 
0 49 0 23 36 59 115 57 80 94 0 59 0 27 38 0 55 0 39 40 26 65 22 53 63 
9 7 99 5 11 0 0 87 0 0 0 0 82 0 0 36 39 120 27 29 75 78 150 59 84 
0 0 0 51 75 88 81 63 117 163 0 0 0 49 73 0 0 0 36 84 0 0 0 47 73 
112 191 90 91 88 28 130 0 0 0 35 130 8 11 9 28 88 0 0 0 29 94 4 6 0 
65 23 88 21 95 16 0 34 3 65 13 0 33 0 75 21 0 48 5 61 13 0 38 2 71 
80 2 7 0 3 90 0 4 0 0 117 57 45 62 82 126 56 31 34 36 190 115 101 141 119 
67 34 118 48 52 32 0 81 0 0 29 0 77 0 0 26 0 70 0 0 83 45 122 48 45 
89 76 88 48 57 33 30 27 0 11 57 69 48 23 43 46 28 28 0 11 35 31 34 0 10 
0 62 67 0 0 0 69 49 0 0 21 104 71 21 21 30 106 60 40 40 0 62 50 0 0 
50 72 49 40 37 35 84 31 39 20 0 53 7 0 15 21 39 18 21 19 0 41 0 0 0 
30 0 91 0 45 64 43 124 39 79 25 0 85 0 29 35 10 98 4 36 30 0 98 0 28 
0 2070 0 0 0 0 2133 0 0 0 0 2007 0 0 0 0 2079 0 0 0 0 2007 0 0 0 
35 121 113 29 18 85 209 218 101 70 0 140 103 1 0 26 193 147 79 48 8 119 98 0 0 
52 89 74 0 0 45 106 90 0 0 65 91 107 0 0 57 101 85 0 0 50 94 98 0 0 
15 155 0 205 0 142 244 122 362 144 163 302 140 395 143 4 150 0 217 0 8 147 0 174 0 
57 73 133 103 66 0 0 50 0 0 0 0 68 0 0 0 0 59 0 0 161 190 224 189 196 
0 0 0 0 0 1247 1208 1202 1172 1229 0 0 0 0 0 0 0 0 0 0 0 0 0 1 0 
0 0 83 131 0 0 0 76 109 0 0 0 86 132 0 0 0 84 131 0 0 0 72 135 0 
145 52 56 93 43 161 52 53 112 69 91 0 0 37 0 80 0 0 36 0 101 0 0 48 0 
0 117 0 0 76 0 134 0 0 68 0 143 0 0 79 0 124 0 0 64 0 133 0 0 94 
192 336 185 307 124 131 245 73 167 26 319 459 307 431 199 188 365 175 283 91 297 450 331 405 197 
98 82 303 298 94 0 0 214 211 2 124 105 297 314 115 1 0 182 197 16 16 14 215 204 23 
169 146 124 172 292 7 26 6 3 173 16 16 5 17 183 226 226 184 199 402 248 267 279 258 466 
0 60 0 0 0 0 46 0 0 0 0 60 0 0 0 7 59 1 7 3 149 184 149 127 144 
94 39 62 26 65 70 13 27 0 70 78 13 37 0 37 126 10 32 0 58 199 149 152 114 193 
202 76 0 101 0 203 63 0 101 0 205 59 0 104 0 190 71 0 110 0 201 55 0 115 0 
55 0 0 0 0 62 0 0 0 0 64 0 0 0 0 202 133 145 146 141 52 0 0 0 0 
98 246 251 140 50 149 246 301 158 68 143 263 296 145 110 62 184 254 88 11 77 257 280 134 26 
64 0 2 43 18 102 65 52 99 64 98 70 65 86 80 82 20 27 69 46 60 0 0 26 8 
124 124 156 95 204 0 0 9 0 64 74 85 86 75 130 0 0 21 0 64 0 0 18 0 77 
21 48 0 53 0 100 119 61 105 47 55 58 25 78 33 36 38 0 50 0 25 46 0 52 0 
83 86 86 85 131 87 74 73 65 107 0 24 0 0 54 0 19 0 0 29 59 71 57 56 90 
0 89 0 0 0 33 162 45 39 40 36 142 35 43 32 26 143 29 32 39 43 140 55 46 59 
33 11 41 34 0 103 70 112 112 63 42 21 46 37 0 45 9 42 35 0 41 20 34 39 0 
0 8 0 75 212 130 141 126 205 348 0 20 0 83 266 0 4 0 89 255 119 150 116 181 311 
11 16 78 8 235 0 0 50 7 169 106 91 158 111 269 146 138 199 167 318 1 9 64 1 178 
148 0 0 0 0 142 0 0 0 0 230 86 112 104 108 119 0 0 0 0 139 0 0 0 0 
0 0 0 0 828 0 0 0 0 785 0 0 0 0 841 0 0 0 0 835 0 0 0 0 775 
123 110 0 158 59 130 120 4 202 105 172 160 58 251 107 117 111 6 169 83 129 153 0 203 59 
223 0 0 0 0 361 108 115 102 92 230 0 0 0 0 244 0 0 0 0 217 0 0 0 0 
0 0 0 0 0 81 63 74 78 85 0 0 0 0 0 160 141 162 163 153 0 0 0 0 0 
0 24 0 148 0 35 56 48 193 32 0 20 0 139 0 0 16 0 144 0 0 21 0 171 0 
86 74 116 132 150 55 2 65 71 49 33 0 60 81 74 97 63 120 125 117 26 1 62 80 50 
44 53 57 145 120 33 26 33 85 80 0 0 0 84 64 0 0 0 56 52 7 10 9 80 59 
0 14 87 0 0 92 129 224 96 111 0 13 85 0 0 63 101 220 62 74 0 7 80 0 0 
214 15 194 0 0 215 5 182 0 0 207 6 195 4 1 182 7 193 0 0 222 26 188 11 10 
323 115 355 143 217 362 189 446 200 210 357 184 422 241 274 212 34 223 75 144 233 58 278 70 121 
67 158 73 83 67 0 88 0 29 0 17 134 27 34 27 0 108 0 17 0 0 76 0 22 0 
0 0 40 0 67 43 56 91 48 130 67 86 97 57 134 0 0 37 0 72 0 0 55 0 75 
0 0 16 0 187 0 0 16 0 178 0 0 28 0 165 0 0 25 0 179 0 0 23 0 182 
0 0 0 52 0 0 0 0 66 0 61 61 44 151 48 0 0 0 67 0 102 89 88 175 96 
106 0 0 111 0 117 0 0 118 0 113 0 0 96 0 112 0 0 126 0 107 0 0 123 0 
0 36 78 79 0 112 193 204 211 154 168 220 252 229 157 17 63 111 107 27 95 120 122 148 64 
121 177 143 117 255 0 0 0 0 92 0 0 0 0 89 25 30 36 24 149 0 0 0 0 104 
123 209 129 130 122 0 107 0 0 0 77 178 89 88 76 2 101 0 0 4 98 196 72 72 84 
157 133 85 86 81 79 46 0 0 0 91 48 4 4 9 68 52 0 0 0 79 61 0 0 0 
0 110 0 0 0 33 148 42 51 60 0 121 0 0 0 59 178 73 72 65 0 105 0 0 0 
0 0 0 0 0 0 0 0 0 0 0 0 0 0 0 0 0 0 0 0 449 424 464 441 402 
0 0 37 0 0 73 79 91 75 87 0 0 31 0 0 77 75 85 59 79 19 25 59 22 26 
8 16 19 17 55 0 0 0 0 36 85 86 75 73 106 0 0 0 0 36 72 102 88 79 110 
0 0 0 133 0 0 0 0 109 0 0 0 0 137 0 0 0 0 134 0 76 72 80 197 81 
0 67 0 35 71 1 66 0 40 78 0 59 0 37 94 2 63 0 32 75 19 79 25 57 114 
0 112 0 0 0 0 108 0 0 0 0 106 0 0 0 0 96 0 0 0 97 185 99 105 92 
0 0 0 26 0 75 70 79 67 68 44 17 38 48 43 0 0 0 21 0 101 111 119 155 108 
0 0 117 55 0 43 44 155 106 50 0 0 102 39 0 0 0 89 38 0 0 0 126 35 0 
0 11 2 0 0 2 80 31 0 27 0 78 0 0 20 0 63 6 0 0 0 59 23 0 5 
59 0 0 0 0 126 62 60 76 69 97 20 15 20 15 131 47 45 50 40 58 0 0 0 0 
83 35 33 111 37 39 0 0 91 0 48 0 0 85 0 83 35 30 120 32 55 0 0 83 0 
0 0 63 43 0 0 0 55 43 0 101 99 149 132 97 0 0 62 47 0 0 0 67 42 0 
37 0 0 69 117 104 88 90 120 210 40 2 6 92 121 47 18 27 86 120 29 19 47 80 121 
0 6 46 100 7 0 0 49 78 0 55 33 117 126 51 28 48 71 131 40 0 0 46 80 0 
72 3 51 47 14 60 7 50 40 26 146 85 157 151 110 90 22 72 60 22 58 0 53 46 0 
41 0 63 0 59 37 1 59 0 56 28 0 71 0 80 92 49 113 66 115 30 0 61 0 54 
96 26 183 77 58 65 15 170 75 40 65 0 142 38 19 164 66 221 120 109 91 43 206 89 69 
11 89 144 20 123 130 182 251 148 254 32 108 192 49 187 0 43 149 0 121 107 145 226 125 255 
21 23 28 67 56 45 39 39 89 91 0 0 0 33 29 0 0 0 26 21 85 102 108 146 117 
17 30 1 83 0 29 47 0 102 0 75 72 39 127 53 25 36 0 101 0 38 33 0 80 0 
0 0 53 0 0 164 146 212 154 179 0 0 66 0 0 0 0 73 0 0 0 0 72 0 0 
12 7 0 0 71 16 1 0 0 67 63 63 53 46 128 25 21 15 13 77 95 122 97 99 153 
61 6 8 3 19 86 57 62 64 66 92 70 78 89 85 33 0 3 0 9 32 8 12 5 20 
18 92 64 15 29 0 81 62 5 4 0 67 39 0 15 0 72 47 5 12 43 116 93 38 74 
156 200 106 114 117 85 67 50 23 21 42 51 17 0 0 44 58 19 0 2 35 45 17 0 0 
95 0 0 9 0 83 0 0 31 0 99 0 0 22 0 100 0 0 0 0 122 15 23 31 29 
76 79 13 23 28 61 52 0 0 3 56 73 13 11 20 73 75 39 42 61 87 77 48 36 55 
34 73 37 70 23 0 57 7 40 13 0 44 4 46 17 0 35 0 24 5 35 93 59 96 76 
0 0 56 27 11 0 0 45 32 3 0 0 44 40 6 43 53 122 92 61 54 50 100 93 63 
29 38 24 22 31 0 0 0 0 0 70 59 56 62 52 0 0 0 0 0 119 106 96 114 109 
43 38 38 32 45 0 0 13 0 0 0 1 18 0 0 54 45 81 56 52 121 96 136 132 120 
34 44 108 60 57 4 12 64 17 18 59 52 131 57 53 0 0 49 6 1 0 6 59 30 11 
0 0 177 32 0 0 0 130 23 0 19 20 151 37 18 0 0 162 23 0 0 0 157 23 0 
45 116 0 0 0 87 151 62 69 53 89 189 30 18 18 111 189 66 69 62 39 103 0 0 0 
74 0 79 85 94 134 58 166 164 158 157 82 172 191 202 146 52 114 123 158 96 4 91 125 110 
98 141 80 65 73 15 63 1 0 0 85 167 73 57 69 48 90 36 20 20 24 75 0 0 0 
0 113 107 163 0 0 125 118 163 0 0 108 117 166 0 0 114 114 154 0 0 127 118 162 0 
13 0 0 130 0 9 0 0 95 0 91 65 86 187 84 11 0 0 93 0 20 1 0 103 0 
50 76 39 46 70 0 60 0 0 23 49 80 41 37 61 6 41 0 0 32 0 57 0 0 29 
114 122 14 51 83 165 179 78 100 182 130 162 52 65 105 75 87 5 21 85 209 239 93 114 161 
66 176 141 90 109 7 42 70 15 3 32 78 106 41 33 23 76 62 16 26 0 63 52 0 0 
8 25 14 0 79 8 27 24 0 96 0 19 15 4 54 58 82 73 42 150 28 36 41 33 101 
628 580 548 453 497 476 239 256 208 229 462 330 325 194 263 352 149 121 76 118 549 390 423 364 353 
72 55 0 2 1 154 144 66 69 76 79 77 0 0 0 92 83 20 15 15 65 54 0 0 0 
169 301 113 141 117 245 373 156 261 182 117 265 80 151 77 39 187 0 38 0 75 219 50 82 32 
13 0 0 72 0 4 0 0 39 0 64 51 40 79 28 70 51 45 107 71 15 0 13 37 0 
0 0 0 0 53 0 0 0 0 57 0 0 0 0 66 0 0 0 0 58 134 157 142 152 187 
58 3 34 0 15 101 15 53 24 29 114 49 81 48 56 136 64 114 61 88 103 27 42 17 30 
153 0 0 56 0 160 0 0 57 0 146 0 0 40 0 169 0 0 47 0 154 0 0 42 0 
164 126 161 252 117 36 2 81 128 5 79 37 127 178 69 37 6 101 98 26 41 0 72 92 3 
0 0 50 56 0 82 57 116 109 66 0 0 46 41 0 65 55 111 98 50 48 28 92 85 33 
68 105 79 167 176 0 4 1 86 41 0 13 0 54 57 0 10 8 83 53 31 41 27 104 69 
104 106 80 41 6 153 170 121 99 86 74 72 63 20 12 206 193 173 141 124 102 125 87 20 37 
62 145 56 61 59 0 59 0 0 0 6 86 5 5 2 0 70 0 0 0 83 169 65 81 73 
0 0 0 16 0 0 0 0 20 0 0 0 0 19 0 0 0 0 19 0 184 197 220 224 218 
46 0 0 33 39 118 80 76 103 104 48 0 0 33 39 41 1 0 25 43 48 0 0 25 32 
52 6 50 99 82 15 0 30 90 72 59 25 49 122 100 21 0 34 83 84 104 78 110 171 184 
0 69 55 0 67 0 71 63 0 72 0 79 53 0 55 0 66 64 0 69 0 84 67 0 66 
40 21 53 39 29 70 46 89 51 54 21 14 30 19 9 49 43 96 68 48 5 0 28 1 0 
82 0 0 0 56 64 0 0 0 58 80 0 0 0 60 72 0 0 0 48 177 94 74 91 149 
66 97 6 105 70 64 89 0 97 80 45 72 0 90 50 179 207 116 220 165 93 151 61 145 112 
90 0 0 0 0 115 0 0 0 0 117 0 0 0 0 99 0 0 0 0 204 88 85 89 99 
75 90 110 86 70 9 36 41 11 7 0 13 55 0 0 62 83 93 64 49 21 34 69 16 13 
0 0 0 140 35 0 0 0 158 27 28 29 16 157 51 0 0 0 149 34 0 0 0 138 38 
0 0 181 0 32 0 0 204 0 27 0 0 178 0 24 0 0 180 0 21 0 0 165 0 24 
0 0 0 142 12 135 121 117 302 147 0 0 0 167 16 96 99 86 228 92 0 0 0 132 8 
32 117 161 203 33 11 83 128 166 16 48 141 132 186 39 49 156 183 200 84 68 120 158 227 21 
3 20 7 26 0 0 0 0 9 14 0 0 0 0 0 0 0 2 0 0 67 85 37 100 71 
0 0 0 1245 0 0 0 0 1215 0 0 0 0 1245 0 0 0 5 1329 1 0 0 0 1273 0 
0 0 1456 0 0 0 0 1488 0 0 0 0 1373 0 0 0 0 1503 0 0 0 0 1461 0 0 
