815 795 660 690 757 1085 1175 1014 1061 1017 618 676 520 647 781 967 942 914 974 961 533 544 383 454 601 
216 191 212 206 182 0 0 0 0 0 144 93 140 127 143 0 0 0 0 0 0 0 0 1 0 
109 47 47 173 220 69 0 0 143 155 137 43 39 208 222 59 0 0 98 119 54 0 0 111 115 
156 0 123 156 165 223 45 219 239 255 311 135 271 330 344 240 48 183 208 245 160 0 134 211 179 
139 21 74 102 26 131 2 61 87 0 111 11 62 81 22 124 0 25 107 0 269 169 225 267 182 
95 5 17 0 82 75 5 11 0 94 165 77 93 72 165 150 75 91 60 140 200 99 109 94 205 
0 0 0 0 0 0 0 0 0 0 1013 1026 969 992 1034 0 0 0 0 0 0 0 0 0 0 
0 0 0 247 0 0 0 3 236 0 110 100 95 369 113 109 108 86 368 122 0 0 0 227 0 
13 10 13 188 5 0 0 0 194 0 43 50 37 184 36 0 0 0 172 0 3 6 3 197 3 
0 0 0 0 0 0 0 0 0 0 0 0 0 0 0 64 64 69 61 97 192 184 177 208 198 
91 102 84 74 201 0 12 0 0 136 0 4 0 0 124 0 5 0 0 136 99 82 95 77 209 
147 159 153 165 170 0 0 0 0 0 0 0 0 0 0 0 0 0 0 0 87 88 69 77 92 
0 0 0 0 0 0 0 0 0 0 0 0 0 0 0 426 427 414 402 412 187 176 179 187 201 
0 219 0 0 91 0 188 0 0 99 138 356 159 141 226 0 206 0 0 101 0 229 0 0 85 
826 0 0 0 0 807 0 0 0 0 802 0 0 0 0 839 0 0 0 0 851 0 0 0 0 
14 6 182 133 153 40 18 163 129 167 98 96 254 208 191 160 160 319 293 272 127 80 254 214 266 
81 119 79 138 71 56 76 55 114 60 0 45 0 46 0 34 86 44 85 37 0 37 0 35 0 
28 8 12 6 18 120 83 104 92 101 29 0 0 0 17 20 0 0 0 20 111 97 88 93 127 
0 0 168 0 0 0 0 148 0 0 0 0 176 0 1 192 168 317 156 161 1 0 177 0 0 
0 87 51 58 0 0 97 55 65 0 43 118 107 127 47 0 87 71 62 0 0 98 72 54 0 
5 4 1 2 134 150 130 127 159 269 157 141 128 133 248 5 2 0 1 132 90 98 118 96 205 
0 0 0 0 0 0 0 0 0 0 0 0 0 0 0 1005 1059 1086 1047 981 0 0 0 0 0 
0 21 54 156 0 0 17 58 139 0 0 21 61 171 0 0 19 55 158 0 0 18 58 159 0 
64 45 0 0 0 79 66 15 14 13 128 81 34 34 27 84 59 0 0 0 93 87 22 23 28 
99 160 94 219 194 13 49 26 80 91 21 53 33 114 102 0 51 0 84 85 0 54 1 78 86 
111 121 133 82 3 89 134 179 77 6 311 308 363 304 203 111 136 159 79 2 311 259 357 269 157 
90 25 27 110 18 77 0 0 125 0 228 157 150 242 137 71 0 0 102 0 130 52 41 185 38 
141 118 60 55 47 169 127 63 62 33 63 61 17 0 0 96 109 20 16 22 97 76 9 0 0 
0 0 181 73 0 0 0 203 66 0 0 0 231 69 0 0 0 222 58 0 0 0 176 61 0 
106 134 135 96 89 0 42 54 0 0 0 40 56 0 0 35 65 93 32 34 0 42 83 0 2 
74 62 85 80 76 110 126 117 125 109 27 44 48 41 42 0 0 0 0 0 0 0 0 0 0 
0 0 0 168 0 0 0 0 174 0 230 234 220 410 242 0 0 0 171 0 0 0 0 154 0 
0 0 0 0 0 137 126 162 125 132 0 0 0 0 0 0 0 0 0 0 69 52 62 60 75 
137 6 18 92 71 142 27 56 136 110 266 77 93 189 170 98 0 0 80 39 225 96 96 195 143 
0 71 0 0 0 0 69 0 0 0 0 57 0 0 0 106 138 78 114 76 55 119 43 49 48 
0 0 97 0 0 92 91 187 111 112 0 0 100 0 0 7 11 109 5 8 16 14 89 9 16 
244 225 190 258 114 104 108 79 110 0 73 106 64 94 0 245 236 166 275 105 123 145 84 148 0 
0 0 0 0 0 39 46 32 31 27 0 0 0 0 0 71 87 84 83 114 125 123 111 125 143 
0 232 0 187 0 0 182 0 179 0 0 204 4 186 0 0 192 0 177 0 0 201 0 186 0 
0 42 0 118 0 0 54 0 145 0 0 48 0 140 0 58 144 70 206 73 0 59 0 122 0 
0 0 0 0 73 86 70 79 62 135 83 73 73 81 125 0 0 0 0 79 0 0 0 0 79 
86 277 338 50 230 41 198 247 1 130 96 297 341 71 208 89 298 311 105 240 218 360 393 177 316 
0 45 33 0 79 19 59 45 13 88 28 80 87 38 79 0 57 26 0 64 0 61 27 0 68 
125 104 121 143 131 17 0 0 50 0 13 0 0 51 0 18 0 0 45 0 105 80 71 125 91 
84 0 75 0 0 80 0 87 0 0 147 67 140 55 60 127 24 99 16 16 85 0 82 0 0 
0 18 81 0 96 0 12 69 0 107 0 16 74 0 106 0 14 91 0 133 0 13 69 0 101 
23 52 151 80 18 61 83 169 107 62 0 36 119 32 0 51 73 165 108 48 0 27 109 63 0 
0 73 0 0 0 0 81 0 0 0 141 268 135 143 140 0 100 0 0 0 17 99 20 27 30 
0 0 0 100 0 79 105 69 169 113 0 0 0 104 0 0 0 0 119 0 107 87 97 226 81 
54 0 98 52 0 63 0 117 55 0 64 0 97 54 0 50 0 112 57 0 47 0 107 46 0 
77 46 0 29 0 103 73 16 47 24 92 84 0 24 0 109 53 0 40 0 86 58 0 33 0 
1 0 0 0 34 256 248 256 264 279 0 0 0 0 51 0 0 0 0 59 2 0 0 0 49 
96 54 58 118 81 63 41 51 102 70 23 0 0 54 11 33 0 0 57 12 39 13 7 64 30 
33 64 8 6 10 18 58 0 0 0 25 81 0 0 0 133 169 133 126 122 29 79 0 0 0 
0 0 0 21 0 187 173 198 200 164 0 0 0 23 0 0 0 0 23 0 0 0 0 19 0 
71 79 133 138 89 0 0 52 63 0 0 0 74 60 0 0 0 67 53 0 0 0 59 62 0 
63 57 59 48 68 41 0 0 0 11 75 62 48 48 72 30 0 0 0 22 90 49 45 49 60 
0 0 25 0 69 9 6 35 12 88 0 0 33 0 70 10 7 42 8 95 81 75 114 64 153 
55 105 136 64 69 27 77 95 26 26 0 31 70 0 0 0 37 71 0 0 0 38 66 0 0 
0 0 125 0 0 0 0 101 0 0 82 126 228 118 110 0 0 100 0 0 0 0 118 0 0 
108 128 39 65 166 48 49 0 0 109 46 72 0 0 94 52 49 0 0 95 70 57 0 0 102 
0 48 0 21 36 59 115 57 79 94 0 59 0 27 36 0 54 0 39 40 25 64 20 53 59 
9 7 99 5 11 0 0 87 0 0 0 0 83 0 0 36 39 120 27 27 75 79 150 59 85 
0 0 0 50 75 88 81 63 117 163 0 0 0 49 73 0 0 0 36 84 0 0 0 46 73 
111 186 89 79 96 24 120 0 2 0 30 136 7 9 10 27 86 0 0 0 25 97 3 3 0 
76 36 100 45 99 17 0 41 6 58 19 0 40 0 68 20 0 57 5 61 0 0 38 0 59 
51 0 6 0 1 61 0 0 0 0 71 47 32 48 69 58 0 0 6 0 160 96 89 125 95 
40 33 117 42 47 4 0 81 0 0 0 0 76 0 0 8 0 70 0 0 33 27 100 26 16 
0 62 63 0 0 0 65 49 0 0 21 103 78 21 21 32 109 59 39 42 0 62 49 0 0 
26 0 74 0 31 50 38 108 36 68 19 0 70 0 17 22 0 79 0 6 22 0 92 0 17 
0 2090 0 0 0 0 2167 0 0 0 0 2039 0 0 0 0 2109 0 0 0 0 2043 0 0 0 
10 83 70 5 0 62 147 133 53 60 0 84 83 3 0 17 144 100 59 22 0 83 59 0 0 
63 99 102 1 0 58 127 122 0 0 78 137 115 0 0 74 127 122 0 0 70 135 120 0 0 
3 111 0 126 0 82 181 72 194 93 78 146 33 160 48 0 86 0 124 0 0 98 0 85 0 
0 0 0 0 0 1299 1266 1254 1215 1280 0 0 0 0 0 0 0 0 0 0 0 0 0 0 0 
0 0 80 125 0 0 0 75 106 0 0 0 81 127 0 0 0 81 125 0 0 0 71 127 0 
159 67 57 100 55 175 71 69 119 77 109 0 0 56 0 99 0 0 38 0 114 0 0 55 0 
0 131 0 0 90 0 151 1 0 79 0 162 0 0 87 0 153 0 0 69 0 147 0 0 93 
211 291 161 261 93 82 192 52 107 6 301 422 240 368 115 210 293 182 243 90 189 338 297 279 113 
96 75 283 282 95 3 0 206 199 0 96 104 282 290 89 2 0 170 195 3 12 10 193 205 5 
179 138 126 179 304 13 25 0 21 190 27 23 11 19 200 278 253 195 235 437 289 305 294 284 456 
0 70 0 0 0 0 52 0 0 0 0 71 0 0 0 7 67 4 7 4 164 203 167 141 166 
48 32 41 11 47 44 13 35 0 39 50 13 44 0 28 80 12 29 0 50 143 124 118 90 163 
199 58 0 101 0 204 60 0 101 0 201 43 0 103 0 188 59 0 108 0 198 53 0 116 0 
0 0 1453 0 0 0 0 1466 0 0 0 0 1361 0 0 0 0 1468 0 0 0 0 1437 0 0 
91 4 13 73 38 139 77 78 131 104 147 86 111 124 133 82 29 29 87 62 81 0 0 38 20 
115 123 140 86 198 0 0 6 0 50 57 79 74 62 113 0 0 16 0 55 0 0 12 0 61 
39 83 0 112 0 125 170 91 205 78 112 126 87 208 88 44 74 0 102 0 31 65 0 106 0 
104 126 153 127 192 100 118 96 82 138 0 28 0 0 53 0 24 0 0 41 59 85 65 60 110 
0 75 0 0 0 33 141 36 35 30 39 148 38 32 36 28 128 22 32 35 45 143 47 38 49 
33 11 40 34 0 103 70 111 112 62 43 21 47 37 0 47 9 44 35 0 41 20 37 39 0 
141 0 0 0 0 123 0 0 0 0 212 83 98 101 98 120 0 0 0 0 137 0 0 0 0 
0 0 0 0 823 0 0 0 0 775 0 0 0 0 831 0 0 0 0 821 0 0 0 0 763 
129 98 0 162 60 131 98 3 156 79 193 185 54 219 124 139 124 5 168 104 135 148 0 187 67 
132 0 0 0 0 258 100 88 83 75 160 0 0 0 0 149 0 0 0 0 146 0 0 0 0 
0 0 0 0 0 92 60 91 78 78 0 0 0 0 0 195 157 176 181 188 0 0 0 0 0 
0 24 0 149 0 34 58 46 190 32 0 22 0 136 0 0 16 0 143 0 0 21 0 165 0 
172 58 114 107 164 111 0 80 36 73 109 9 105 78 91 225 120 194 134 190 83 0 51 35 69 
43 48 55 128 106 28 21 29 80 73 0 0 0 77 55 0 0 0 48 50 7 10 9 75 53 
0 7 64 0 0 87 112 187 91 93 0 10 84 0 0 64 92 180 52 67 0 8 71 0 0 
193 0 188 0 0 191 0 169 0 0 194 1 185 3 0 169 4 179 0 0 204 23 182 6 9 
288 86 359 131 210 332 154 385 196 202 319 129 360 171 199 205 4 219 42 97 229 52 248 44 121 
66 154 72 86 67 0 88 0 29 0 19 130 29 37 29 0 105 0 18 0 0 80 0 22 0 
0 0 33 0 58 35 46 78 43 113 54 74 89 52 121 0 0 33 0 61 0 0 49 0 58 
0 0 18 0 200 0 0 16 0 195 0 0 36 0 180 0 0 25 0 198 0 0 27 0 195 
0 0 0 50 0 0 0 0 59 0 54 59 45 140 45 0 0 0 59 0 85 78 82 158 86 
122 0 0 120 0 142 0 0 138 0 147 0 0 124 0 127 0 0 138 0 133 0 0 138 0 
14 34 81 68 0 78 150 155 165 100 178 211 239 210 143 2 51 99 93 0 56 72 101 99 48 
117 135 133 115 232 0 0 0 0 81 0 0 0 0 78 34 26 31 26 118 0 0 0 0 95 
123 218 128 120 125 0 112 0 0 0 80 187 83 87 79 1 103 0 0 1 65 165 54 47 62 
136 126 76 78 78 76 45 0 0 0 85 47 4 4 8 63 47 0 0 0 71 56 0 0 0 
0 130 0 0 0 42 183 50 63 76 0 131 0 0 0 66 207 91 95 66 0 119 0 0 0 
0 0 0 0 0 0 0 0 0 0 0 0 0 0 0 0 0 0 0 0 435 412 449 419 399 
0 0 37 0 0 73 79 91 75 87 0 0 30 0 0 77 75 85 59 79 19 25 57 22 26 
8 15 18 20 61 2 0 0 0 52 105 107 91 96 136 0 0 0 0 42 85 128 112 106 142 
0 0 0 129 0 0 0 0 120 0 0 0 0 144 0 0 0 0 147 0 81 77 83 212 82 
1 73 0 36 75 5 72 0 44 83 0 63 0 43 94 0 61 0 36 82 23 83 28 61 122 
0 115 0 0 0 0 112 0 0 0 0 110 0 0 0 0 99 0 0 0 101 194 102 111 93 
0 23 0 0 0 90 100 91 68 88 78 83 78 68 79 0 20 0 5 0 123 152 126 147 119 
0 0 117 55 0 43 46 158 106 50 0 0 104 39 0 0 0 91 38 0 0 0 129 35 0 
57 0 0 0 0 119 62 61 74 66 94 20 17 19 15 127 44 45 52 39 57 0 0 0 0 
83 35 33 111 37 39 0 0 91 0 46 0 0 84 0 83 35 29 120 32 55 0 0 83 0 
0 0 17 24 0 0 0 0 25 0 100 99 97 111 97 0 0 0 30 0 0 0 27 20 0 
38 0 0 76 111 94 66 96 126 177 33 5 5 86 121 55 26 25 82 125 38 39 53 92 121 
2 7 52 103 6 0 0 51 73 0 46 31 104 122 46 29 39 75 113 35 0 0 45 79 0 
85 2 55 62 15 57 7 50 56 28 150 81 146 144 91 87 15 54 64 13 56 0 58 75 1 
43 0 70 0 69 47 0 69 0 61 31 0 80 0 82 103 58 121 69 133 39 0 61 0 64 
102 25 205 96 32 72 1 162 74 20 70 0 158 32 1 226 102 283 164 141 131 26 217 101 65 
12 85 183 31 138 146 225 342 158 307 31 127 240 40 201 0 55 189 1 121 99 174 292 116 249 
21 21 22 58 49 41 38 34 76 73 0 0 0 31 30 0 0 0 23 17 78 95 94 125 102 
22 36 2 99 0 41 55 0 118 0 97 83 53 152 64 33 40 0 125 0 48 36 0 97 0 
0 0 58 0 0 173 164 228 168 189 0 0 63 0 0 0 0 78 0 0 0 0 74 0 0 
9 11 1 0 74 12 0 0 0 72 61 70 48 46 148 21 22 15 14 77 98 120 106 97 150 
92 18 16 8 34 120 88 93 86 103 157 115 115 118 125 69 0 9 0 23 47 15 18 12 29 
23 136 94 22 36 2 110 88 6 8 0 96 50 0 25 0 102 57 6 18 49 152 118 43 96 
158 195 101 107 108 88 70 58 21 31 45 57 19 0 0 41 59 20 0 0 33 50 15 0 0 
71 93 10 19 17 59 54 0 0 0 65 76 17 9 15 87 92 44 44 54 87 95 51 32 48 
38 76 40 68 27 0 60 3 38 10 0 51 6 45 16 0 42 12 29 9 34 103 62 95 74 
0 0 63 30 13 0 0 46 38 0 0 0 52 49 8 46 53 132 107 66 56 57 112 97 65 
30 41 28 23 33 0 0 0 0 0 75 62 60 68 56 0 0 0 0 0 127 117 107 121 121 
39 29 33 31 38 0 0 14 0 0 0 0 18 0 0 46 40 74 51 45 108 86 121 120 107 
39 43 110 48 50 7 10 62 17 12 60 46 125 45 42 0 0 50 0 0 0 0 55 17 6 
0 0 180 32 0 0 0 141 23 0 19 20 156 37 18 0 0 166 23 0 0 0 162 23 0 
48 77 0 0 0 77 104 38 33 33 78 121 19 15 9 92 129 40 36 41 39 71 0 0 0 
85 119 69 56 63 12 41 4 0 0 77 130 66 56 55 37 71 30 16 15 22 56 0 0 0 
0 118 106 161 0 0 127 122 164 0 0 107 118 165 2 0 116 113 160 1 0 128 118 164 0 
23 0 0 213 0 11 0 0 138 0 155 113 138 275 118 16 0 0 170 0 30 0 0 147 0 
181 203 68 127 128 220 350 133 143 249 176 243 91 133 157 90 127 21 34 88 316 397 175 218 270 
57 156 112 76 79 7 41 60 13 4 30 66 86 31 25 21 67 55 11 23 0 57 42 0 0 
4 18 18 7 70 8 26 19 2 118 7 18 10 2 48 51 85 76 48 151 25 42 37 27 92 
681 557 568 422 506 462 227 304 176 174 486 317 384 221 315 409 200 165 88 154 577 320 444 341 349 
84 72 2 3 2 180 149 78 74 74 79 83 0 0 0 107 83 24 20 20 76 60 0 0 0 
141 304 115 130 125 238 356 137 238 164 114 260 63 128 64 31 205 0 23 0 105 222 75 87 61 
0 0 0 0 55 0 0 0 0 56 0 0 0 0 67 0 0 0 0 60 139 163 145 159 190 
74 5 45 0 16 153 20 60 26 38 154 53 102 52 56 171 87 132 73 106 136 32 52 21 30 
148 0 0 53 0 156 0 0 55 0 141 0 0 39 0 166 0 0 46 0 148 0 0 41 0 
167 128 156 258 128 33 0 74 133 2 66 35 123 179 57 39 8 98 96 28 29 0 80 98 0 
66 124 83 184 172 0 9 5 98 53 0 13 6 65 64 0 17 12 97 56 31 40 32 112 65 
134 143 92 61 24 209 192 150 113 126 120 116 88 50 31 242 224 198 127 148 149 179 118 61 72 
59 130 51 56 53 0 55 0 0 0 5 77 4 4 3 0 63 0 0 0 73 154 60 76 65 
0 0 0 17 0 0 0 0 19 0 1 0 0 19 0 0 0 0 19 0 178 183 213 220 208 
57 0 53 113 91 23 3 31 108 91 70 21 49 131 113 22 0 25 80 78 131 74 118 188 199 
0 84 64 0 87 0 91 81 0 98 0 109 60 0 73 0 78 87 0 97 0 119 80 0 83 
64 36 82 50 49 97 69 129 75 70 31 22 63 31 17 69 53 139 94 70 12 0 47 0 0 
76 0 0 0 51 73 0 0 0 50 87 0 0 0 59 64 0 0 0 52 184 90 82 92 152 
106 160 39 164 131 86 173 53 171 152 49 109 18 134 77 244 309 206 316 242 154 265 175 255 204 
70 87 94 75 62 10 36 38 13 9 0 12 44 0 0 58 68 82 51 45 20 28 52 19 13 
0 0 0 140 35 0 0 0 158 28 27 29 16 157 50 0 0 0 148 34 0 0 0 138 38 
0 0 0 152 16 162 148 149 360 181 0 0 0 179 16 138 137 133 280 125 0 0 0 142 10 
59 148 169 187 69 53 111 137 181 41 80 156 167 195 84 74 188 179 246 104 120 150 175 238 98 
0 0 0 1283 0 0 2 0 1296 0 0 0 0 1313 0 1 3 2 1366 3 0 0 0 1314 0 
195 0 0 0 0 197 13 18 17 20 178 0 0 0 0 196 0 0 0 0 166 0 0 0 0 
92 0 0 0 0 117 0 0 0 0 122 0 0 0 0 102 0 0 0 0 206 88 85 89 99 
193 40 65 36 44 154 1 14 1 0 257 83 83 77 81 225 135 177 147 126 205 47 82 66 72 
0 29 0 0 0 0 36 0 0 0 1 14 0 0 0 24 53 18 34 36 0 0 0 0 1 
60 85 134 109 96 0 0 44 0 0 0 0 65 0 0 0 0 53 0 0 176 198 237 216 203 
1 5 4 71 208 122 121 113 193 331 2 30 0 78 245 0 12 0 81 237 114 142 117 174 292 
13 11 83 4 241 7 0 59 8 192 116 106 175 118 300 146 147 220 181 352 2 0 69 1 204 
133 304 298 241 98 147 237 308 202 76 128 273 290 207 103 84 194 236 127 17 33 184 244 151 3 
117 0 0 12 1 98 0 0 0 0 119 0 0 0 0 115 0 0 0 0 147 23 29 34 39 
0 0 203 0 38 0 1 234 0 32 0 0 200 0 24 0 0 201 0 24 0 0 186 0 31 
0 0 55 71 0 82 62 115 115 74 0 0 44 39 0 71 59 125 97 53 49 36 100 86 31 
47 74 46 48 70 0 46 2 0 22 35 68 35 19 51 2 39 0 0 28 0 50 3 0 31 
611 625 640 689 625 0 0 0 0 0 0 0 0 0 0 0 0 0 0 0 0 0 0 0 0 
55 0 0 0 0 62 0 0 0 0 64 0 0 0 0 202 133 145 146 141 52 0 0 0 0 
0 0 0 34 0 72 63 45 100 55 0 0 0 24 0 42 41 61 89 48 39 47 39 89 40 
