916 821 774 740 783 1162 1223 1170 1126 1155 655 642 631 663 797 992 993 921 957 1012 626 561 513 482 651 
200 151 196 186 162 0 0 0 0 0 119 95 128 114 117 0 0 0 0 0 0 0 0 0 0 
135 75 38 251 294 65 0 0 155 195 174 66 43 257 279 77 0 0 123 148 68 0 0 156 198 
153 0 109 152 156 223 39 172 192 197 309 156 271 340 326 234 48 171 209 215 155 0 117 177 123 
185 54 92 168 51 152 7 64 110 0 128 31 76 103 14 152 0 47 116 0 311 192 279 322 178 
114 8 20 0 102 98 0 13 0 112 213 111 122 80 192 193 72 108 68 178 252 123 144 125 279 
0 0 0 0 0 0 0 0 0 0 1017 1030 976 1000 1038 0 0 0 0 0 0 0 0 0 0 
0 0 0 263 0 0 0 2 246 0 108 106 88 368 118 108 104 81 376 129 0 0 0 235 0 
13 7 13 180 5 0 0 0 189 0 38 48 40 182 33 0 0 0 160 0 3 6 5 191 3 
0 0 0 0 0 0 0 0 0 0 0 0 0 0 0 65 74 67 74 94 201 176 184 192 181 
63 78 57 49 149 0 11 0 0 89 0 3 0 0 93 0 5 0 0 93 70 71 69 59 144 
195 201 225 203 216 0 0 0 0 0 0 0 0 0 0 0 0 0 0 0 112 104 84 91 100 
0 0 0 0 0 0 0 0 0 0 0 0 0 0 0 438 442 438 425 444 206 185 186 196 212 
0 201 0 0 84 0 171 0 0 97 125 330 144 126 214 0 184 0 0 93 0 221 0 0 75 
802 0 0 0 0 797 0 0 0 0 789 0 0 0 0 827 0 0 0 0 838 0 0 0 0 
8 7 185 127 137 42 6 177 151 150 113 102 264 224 205 186 169 370 321 263 125 83 231 212 260 
65 108 69 127 62 52 68 50 96 52 0 33 0 39 0 35 80 43 80 35 0 37 0 36 0 
31 8 11 8 21 119 93 98 93 107 33 0 0 0 21 25 0 0 0 19 121 98 84 93 127 
0 0 156 0 0 0 1 152 0 0 0 0 169 0 0 172 155 295 147 156 0 0 163 0 0 
0 99 54 68 0 0 105 57 70 0 51 142 118 144 48 0 111 77 76 0 0 130 87 68 0 
1 0 0 3 170 139 102 136 151 270 155 131 136 117 239 5 1 0 0 125 89 98 109 93 208 
0 0 0 0 0 0 0 0 0 0 0 0 0 0 0 1033 1078 1104 1069 996 0 0 0 0 0 
0 18 53 133 0 0 17 53 116 0 0 19 46 141 0 0 17 52 140 0 0 15 51 139 0 
86 62 0 0 0 114 94 20 19 19 175 111 48 54 37 118 94 0 0 0 135 118 28 34 36 
92 133 92 177 177 10 57 22 82 76 13 43 22 88 93 0 45 0 69 61 0 44 0 77 83 
101 139 150 88 2 118 158 193 99 0 333 352 409 338 248 107 155 169 105 0 300 261 365 269 149 
95 27 29 110 33 84 0 0 119 0 232 160 147 245 137 85 0 0 99 0 116 54 51 186 45 
109 94 49 44 33 141 99 44 59 27 58 48 14 0 0 95 69 20 12 16 83 57 9 0 0 
0 0 199 76 0 0 0 206 76 0 0 0 238 68 0 0 0 223 50 0 0 0 186 55 0 
132 168 168 116 108 0 56 77 0 0 0 53 68 0 0 41 68 104 33 41 0 47 104 0 0 
73 55 77 76 65 107 136 114 124 110 27 41 47 35 41 0 0 0 0 0 0 0 0 0 0 
0 0 0 171 0 0 0 0 177 0 242 243 230 427 251 0 0 0 177 0 0 0 0 160 0 
0 0 0 0 0 171 161 193 140 162 0 0 0 0 0 0 0 0 0 0 87 70 75 73 99 
133 2 15 78 55 155 46 59 134 107 248 81 87 166 165 95 0 0 76 42 217 90 91 167 137 
0 80 0 0 0 0 74 0 0 0 0 57 0 0 0 106 142 78 113 75 51 119 44 46 46 
0 0 105 0 0 96 91 193 120 115 0 0 101 0 0 8 9 105 4 8 16 15 92 10 15 
263 214 196 243 108 121 109 76 120 0 91 102 61 95 0 273 248 170 273 121 133 114 71 124 0 
0 0 0 0 0 36 43 32 21 25 0 0 0 0 0 73 76 78 80 117 118 106 108 113 145 
0 228 0 203 0 0 181 0 197 0 7 206 7 198 6 0 189 0 193 0 0 201 0 203 0 
0 43 0 124 0 0 54 0 143 0 0 50 0 134 0 66 141 70 210 69 0 57 0 128 0 
0 0 0 0 73 93 83 87 70 141 105 79 84 91 151 0 0 0 0 78 0 0 0 0 86 
84 325 341 61 236 34 216 263 1 155 72 293 357 62 225 109 338 333 111 254 214 384 419 178 291 
0 69 51 0 124 24 99 68 15 138 39 117 110 49 115 0 75 37 0 84 0 84 35 0 98 
124 101 131 146 134 16 0 0 40 0 14 0 0 49 0 20 0 0 58 0 95 80 67 122 90 
79 0 73 0 0 78 0 82 0 0 136 60 115 51 55 111 16 86 13 12 72 0 79 1 0 
0 18 82 0 99 0 11 71 0 109 0 16 78 0 110 0 14 94 0 136 0 12 71 0 102 
10 59 153 94 22 57 74 170 121 61 0 44 114 42 0 48 74 164 122 48 0 26 109 68 0 
0 66 0 0 0 0 72 0 0 0 122 235 118 140 123 0 96 0 0 0 15 82 20 23 27 
0 0 0 85 0 72 89 66 159 103 0 0 0 84 0 0 0 0 94 0 97 75 69 191 74 
65 0 119 55 0 69 0 138 61 0 74 0 114 63 0 58 0 123 60 0 53 0 121 50 0 
81 46 0 30 0 109 78 16 47 24 105 90 0 26 0 119 53 0 44 0 96 65 0 34 0 
0 0 0 0 26 195 175 191 194 203 0 0 0 0 35 0 0 0 0 34 0 0 0 0 33 
109 57 71 140 101 77 43 68 127 79 27 0 0 73 12 47 0 0 59 15 52 16 10 69 36 
30 57 8 7 10 21 53 0 0 0 23 78 0 0 0 140 172 133 123 122 27 76 0 0 0 
0 0 0 21 0 186 170 197 198 164 0 0 0 23 0 0 0 0 22 0 0 0 0 19 0 
71 79 132 138 89 0 0 52 63 0 0 0 74 60 0 0 0 67 53 0 0 0 59 61 0 
65 58 61 48 69 41 0 0 0 12 82 63 51 50 74 31 0 0 0 22 96 51 46 51 62 
0 0 25 0 69 8 5 36 11 86 0 0 33 0 70 10 7 43 8 94 81 75 114 64 153 
56 110 147 68 74 30 85 101 29 29 0 34 73 0 0 0 42 75 0 0 0 39 69 0 0 
0 0 129 0 0 0 0 100 0 0 86 121 226 125 113 0 0 94 0 0 0 0 114 0 0 
107 123 47 64 154 54 35 0 0 100 52 53 0 0 77 47 37 0 0 74 72 37 0 0 91 
0 60 0 26 44 64 140 70 91 113 0 61 0 31 48 0 57 0 43 45 30 67 24 61 76 
9 7 99 5 12 0 0 87 0 0 0 0 83 0 0 35 39 120 27 29 75 78 150 59 85 
0 0 0 51 75 88 81 63 117 163 0 0 0 49 73 0 0 0 36 84 0 0 0 47 73 
111 196 93 87 98 24 118 0 0 0 35 133 6 9 12 25 81 0 0 0 24 91 1 1 0 
57 33 95 27 95 10 0 41 9 62 13 0 42 0 71 14 0 47 0 62 0 0 34 3 63 
49 0 5 0 2 62 0 0 1 0 80 49 59 57 65 91 30 25 6 5 178 94 96 119 97 
59 34 118 48 52 23 0 81 0 0 18 0 77 0 0 15 0 70 0 0 58 35 116 39 29 
0 62 64 0 0 0 62 55 0 0 21 104 73 20 21 32 109 57 40 42 0 62 48 0 0 
23 0 80 0 43 62 43 117 39 76 23 0 78 0 15 26 3 79 0 19 29 0 93 0 20 
0 2164 0 0 0 0 2229 0 0 0 0 2097 0 0 0 0 2196 0 0 0 0 2105 0 0 0 
14 91 92 17 11 84 159 158 70 59 7 116 102 2 0 33 142 110 81 39 4 110 85 0 0 
80 125 120 0 0 71 143 133 0 0 90 139 127 0 0 93 145 128 0 0 83 139 133 0 0 
0 88 0 95 0 76 151 79 181 85 71 128 40 176 46 0 71 0 122 0 0 96 0 105 0 
0 0 0 0 0 1301 1269 1249 1225 1284 0 0 0 0 0 0 0 0 0 0 0 0 0 0 0 
0 0 86 135 0 0 0 79 114 0 0 0 87 135 0 0 0 83 135 0 0 0 78 133 0 
155 61 55 92 50 161 63 57 114 71 101 0 0 46 0 91 0 0 38 0 99 0 1 44 0 
0 114 0 0 76 0 136 0 0 70 0 141 0 0 80 0 123 0 0 65 0 135 0 0 92 
142 249 152 219 101 73 170 30 114 2 248 390 196 298 123 104 248 93 165 31 172 298 221 235 108 
94 90 300 295 95 0 0 183 200 0 101 100 284 302 96 0 0 165 181 0 0 5 207 212 18 
151 125 115 158 248 12 22 0 7 169 11 15 9 12 157 220 225 180 200 363 216 272 230 225 376 
0 69 0 0 0 0 52 0 0 0 0 67 0 0 0 8 67 5 7 3 178 220 181 156 173 
66 34 57 12 62 64 13 28 0 56 47 11 35 0 40 87 16 33 0 59 165 124 115 103 165 
202 63 0 99 0 202 65 0 101 0 204 48 0 99 0 184 56 0 108 0 199 50 0 109 0 
0 0 1437 0 0 0 0 1461 0 0 0 0 1341 0 0 0 0 1457 0 0 0 0 1437 0 0 
98 8 13 66 31 135 85 67 120 82 138 88 74 104 98 68 32 26 87 42 76 0 1 33 15 
124 129 142 91 201 0 0 8 0 49 63 84 76 65 120 0 0 20 0 55 0 0 12 0 62 
44 88 0 113 0 136 185 99 216 80 119 134 92 213 94 53 79 0 106 0 39 68 0 108 0 
60 69 60 66 99 64 64 50 49 77 0 20 0 0 37 0 18 0 0 24 42 58 42 39 70 
0 79 0 0 0 38 154 38 33 30 38 153 36 36 37 30 139 28 31 38 41 141 50 35 56 
33 11 40 34 0 103 69 111 112 63 43 18 46 36 0 45 8 41 35 0 41 20 37 39 0 
139 0 0 0 0 117 0 0 0 0 199 75 93 99 99 111 0 0 0 0 130 0 0 0 0 
0 0 0 0 840 0 0 0 0 791 0 0 0 0 850 0 0 0 0 842 0 0 0 0 785 
117 97 0 154 47 131 107 0 177 72 171 174 40 222 102 111 95 1 147 75 132 125 2 215 83 
136 0 0 0 0 264 105 95 85 72 167 0 0 0 0 148 1 0 0 0 150 0 0 0 0 
0 0 0 0 0 72 55 70 64 69 0 0 0 0 0 140 116 137 141 135 0 0 0 0 0 
0 22 0 143 0 33 55 46 186 32 0 19 0 132 0 0 16 0 136 0 0 20 0 160 0 
143 62 101 87 170 98 0 92 18 67 83 7 101 48 69 205 124 187 132 187 81 1 60 32 67 
43 47 55 128 108 29 20 31 81 74 0 0 0 77 55 0 0 0 48 51 7 10 9 76 54 
0 10 70 0 0 76 107 183 89 96 0 13 72 0 0 72 87 182 62 70 0 6 69 0 0 
208 8 187 0 0 204 4 177 0 0 200 7 192 3 0 177 2 189 0 0 211 23 180 8 8 
376 117 357 159 235 381 160 418 174 230 374 146 409 198 232 246 16 232 51 133 244 72 296 48 132 
65 152 69 83 66 0 86 0 27 0 17 128 28 34 27 0 104 0 17 0 0 75 0 22 0 
0 0 33 0 57 33 46 77 43 113 55 74 89 53 121 0 0 33 0 61 0 0 49 0 58 
0 0 20 0 211 0 0 18 0 204 0 0 32 0 190 0 0 30 0 197 0 0 28 0 202 
0 0 0 51 0 0 0 0 60 0 56 63 48 149 45 0 0 0 59 0 89 82 86 163 89 
105 0 0 123 0 141 3 0 134 0 112 0 0 110 0 109 0 0 130 0 118 0 0 124 0 
3 45 81 62 12 90 159 171 179 106 155 197 223 209 134 16 70 103 90 14 48 92 105 105 32 
115 141 121 114 225 0 0 0 0 78 0 0 0 0 80 25 24 30 25 101 0 0 0 0 77 
134 223 137 128 130 0 123 0 0 0 84 195 91 89 85 0 107 0 0 0 62 190 57 54 69 
150 157 88 89 85 84 53 0 0 0 102 58 4 5 10 67 58 0 0 0 76 64 0 0 0 
0 138 0 0 0 39 166 54 62 67 0 146 0 0 0 67 215 91 97 71 0 128 0 0 0 
0 0 0 0 0 0 0 0 0 0 0 0 0 0 0 0 0 0 0 0 440 409 439 426 398 
0 0 37 0 0 72 79 92 75 87 0 0 30 0 0 77 75 84 59 79 19 25 58 22 26 
7 14 15 16 53 0 0 0 0 37 80 80 73 70 99 0 0 0 0 32 68 99 80 77 106 
0 0 0 133 0 0 0 0 123 0 0 0 0 154 0 0 0 0 153 0 80 75 84 217 87 
0 68 0 32 72 2 63 0 37 76 1 55 0 35 91 0 58 0 32 73 19 78 25 55 113 
0 112 0 0 0 0 108 0 0 0 0 106 0 0 0 0 96 0 0 0 97 185 99 105 92 
0 27 0 0 0 86 91 84 64 78 79 74 73 57 66 0 13 0 9 0 121 143 124 126 116 
0 0 117 55 0 43 45 155 105 50 0 0 101 39 0 0 0 89 38 0 0 0 125 35 0 
62 0 0 0 0 130 66 64 77 70 105 20 19 21 15 137 49 46 52 42 60 0 0 0 0 
83 35 33 111 37 39 0 0 91 0 48 0 0 84 0 83 35 30 120 31 55 0 0 83 0 
0 0 3 23 0 0 0 0 21 0 101 99 90 114 97 0 0 0 39 0 0 0 24 28 0 
32 0 0 76 105 93 76 101 134 195 35 0 7 89 123 50 24 30 96 114 37 30 58 98 142 
0 8 52 128 9 0 0 52 98 0 52 35 122 151 57 31 37 82 132 44 0 0 50 106 0 
51 5 42 36 4 44 4 36 42 13 127 68 104 94 72 65 24 41 46 14 50 0 44 44 1 
47 0 67 0 60 42 0 65 0 56 28 0 72 0 88 107 58 127 73 124 36 0 64 0 64 
87 13 189 87 43 86 0 185 81 36 57 0 160 45 18 195 112 279 139 139 100 25 219 88 66 
0 107 166 35 136 140 219 327 116 268 33 139 209 42 182 0 53 173 0 112 99 180 262 112 229 
30 23 26 72 68 52 46 58 102 96 0 0 0 42 34 0 0 0 26 20 106 119 132 163 132 
32 40 0 104 0 37 54 0 132 0 102 89 43 148 67 32 50 0 123 0 47 34 0 91 0 
0 0 56 0 0 166 152 205 154 179 0 0 66 0 0 0 0 77 0 0 0 0 76 0 0 
11 10 1 0 89 21 2 0 0 89 82 89 57 60 171 27 27 22 25 102 125 173 124 135 211 
84 13 21 4 28 133 87 93 78 94 154 120 113 110 120 60 0 6 0 20 48 15 18 0 42 
18 92 65 13 28 0 81 62 4 6 0 67 39 0 16 0 73 47 5 12 43 116 93 38 76 
145 189 100 101 99 71 66 40 21 21 42 51 17 0 0 39 46 15 0 0 31 44 15 0 0 
87 93 18 19 21 62 57 0 0 0 64 74 16 0 25 70 79 41 46 45 88 89 62 40 48 
38 76 41 71 28 0 62 10 42 16 0 51 9 45 18 0 43 14 30 12 39 104 63 96 78 
0 0 56 27 11 0 0 45 34 3 0 0 44 40 5 43 53 122 93 60 54 50 100 93 63 
30 38 26 26 33 0 0 0 0 0 80 68 68 72 56 0 0 0 0 0 137 117 116 137 128 
38 29 33 31 36 0 0 14 0 0 0 0 18 0 0 43 37 73 44 39 99 76 110 114 93 
38 40 106 50 50 4 4 60 11 0 59 51 130 54 42 0 0 53 0 0 0 0 60 23 0 
0 0 180 32 0 0 0 141 23 0 19 20 156 37 18 0 0 166 23 0 0 0 162 23 0 
55 87 1 0 0 79 110 48 37 33 87 133 18 17 13 92 139 44 41 47 45 79 0 0 0 
96 133 82 63 72 14 49 0 0 0 96 135 65 63 58 35 71 30 20 17 24 63 0 0 0 
0 117 110 172 0 0 130 123 170 0 0 112 127 177 0 0 119 117 160 0 0 129 124 168 0 
16 0 0 210 0 13 0 0 148 0 137 107 132 284 112 24 0 0 171 0 22 1 0 152 1 
131 154 31 89 88 179 234 68 97 177 129 171 87 115 123 77 96 4 38 57 242 281 149 181 209 
64 185 127 82 97 6 52 65 8 3 32 78 100 33 28 25 85 63 15 28 0 67 53 0 0 
11 26 16 11 71 12 40 28 11 126 13 21 18 11 59 71 93 80 53 160 34 43 42 32 107 
612 491 491 361 452 434 250 258 202 235 447 328 336 199 284 370 183 185 89 174 518 339 365 341 351 
97 69 2 4 1 185 160 73 80 84 72 82 0 0 0 105 96 21 18 20 68 55 0 0 0 
135 282 109 121 120 217 346 123 219 157 81 229 66 108 35 28 185 1 25 0 93 218 60 85 40 
0 0 0 0 52 0 0 0 0 58 0 0 0 0 68 0 0 0 0 60 141 163 149 162 200 
59 0 29 0 15 114 12 53 26 33 119 49 89 45 53 133 66 119 69 82 116 28 50 18 26 
151 0 0 56 0 158 0 0 56 0 146 0 0 41 0 171 0 0 48 0 152 0 0 41 0 
164 122 150 252 119 29 1 75 129 3 56 38 119 183 59 39 9 97 101 25 31 0 65 91 2 
71 119 100 191 173 0 9 6 98 50 1 12 9 69 65 0 15 11 100 60 35 44 38 120 65 
116 99 80 84 12 176 170 174 132 127 62 66 68 53 10 244 206 232 181 151 122 127 137 65 49 
58 130 51 57 53 0 55 0 0 0 2 77 2 4 4 0 64 0 0 0 76 154 62 76 65 
0 0 0 17 0 0 0 0 24 0 0 0 0 22 0 0 0 0 25 0 183 205 219 234 226 
22 3 0 2 37 80 88 77 68 98 21 0 0 0 32 21 0 0 0 42 23 0 0 0 30 
66 0 44 102 84 25 3 31 88 97 74 21 50 129 113 18 0 39 89 90 132 77 131 205 199 
0 90 71 0 92 0 83 78 0 95 0 123 56 0 75 0 85 86 0 87 0 116 80 0 98 
45 23 55 38 31 72 50 92 56 55 23 16 36 19 12 54 43 102 71 49 8 0 32 0 0 
79 0 0 0 49 69 0 0 0 50 89 0 0 0 59 73 0 0 0 52 186 92 78 93 156 
99 155 17 140 127 53 165 2 141 129 40 125 4 123 72 222 294 162 276 250 121 242 110 206 142 
84 101 115 88 69 12 35 39 10 10 0 15 45 0 0 66 77 85 58 48 22 29 58 21 13 
0 0 0 161 40 0 0 0 175 34 32 30 18 170 58 0 0 0 168 35 0 0 0 151 40 
0 0 0 143 17 157 139 128 335 178 0 0 0 172 18 126 129 124 272 121 0 0 0 141 8 
55 152 171 209 76 24 95 130 179 24 78 150 174 202 88 62 185 170 257 104 81 143 156 224 89 
0 0 0 1282 0 0 1 0 1294 0 0 0 0 1318 0 0 0 0 1353 0 0 0 0 1336 0 
195 0 0 0 0 197 13 18 17 20 178 0 0 0 0 196 0 0 0 0 166 0 0 0 0 
92 0 0 0 0 117 0 0 0 0 122 0 0 0 0 102 0 0 0 0 205 88 85 89 99 
193 13 88 49 25 147 0 19 0 0 324 89 99 95 86 335 176 283 231 223 206 76 89 69 64 
0 20 3 0 0 0 38 0 0 0 0 3 1 0 2 0 13 0 0 45 0 1 0 0 0 
85 103 154 131 116 0 0 53 0 0 0 0 73 0 0 0 0 63 0 0 238 221 279 243 235 
1 11 4 75 206 115 130 120 198 336 1 26 0 73 243 0 8 3 82 245 112 145 115 164 301 
8 21 75 11 231 0 1 51 9 171 120 104 170 113 282 150 145 220 162 342 2 3 62 0 186 
131 256 267 208 76 144 233 296 208 79 142 250 270 183 121 76 188 226 108 31 44 196 219 141 16 
95 0 0 12 0 83 0 0 0 0 98 0 0 0 0 100 0 0 0 0 120 13 23 12 29 
0 0 202 0 34 0 0 224 0 29 0 0 188 0 25 0 0 173 0 22 0 0 181 0 29 
0 0 44 49 0 63 45 89 85 56 0 0 35 32 0 50 43 88 71 41 37 27 71 64 24 
53 79 45 51 75 0 59 0 0 33 29 77 32 31 61 0 35 0 0 35 0 59 0 0 36 
625 625 649 698 633 0 0 0 0 0 0 0 0 0 0 0 0 0 0 0 0 0 0 0 0 
55 0 0 0 0 64 0 0 0 0 66 0 0 0 0 210 140 147 146 147 55 0 0 0 0 
0 0 0 37 0 76 61 50 102 55 0 0 0 22 0 46 44 64 93 53 43 49 43 99 39 
