662 629 493 537 661 1045 1007 855 928 1000 659 586 408 609 680 885 850 704 850 838 476 425 333 390 448 
221 170 228 212 204 0 1 0 0 0 129 126 137 115 138 0 0 0 0 0 0 0 1 0 0 
105 40 31 168 180 79 0 0 124 153 136 40 29 208 202 45 0 0 73 114 67 3 2 109 107 
167 1 128 192 190 213 35 174 219 218 339 134 271 340 336 245 32 145 206 240 158 0 107 208 156 
164 33 116 149 18 159 10 90 112 0 116 17 91 121 18 134 3 55 105 1 298 202 261 346 180 
103 8 15 0 102 99 0 12 0 119 179 87 114 91 203 169 76 109 62 175 222 117 124 103 239 
0 0 0 0 0 0 0 0 0 0 1050 1065 1016 1046 1108 0 0 0 0 0 0 0 0 0 0 
0 0 0 251 0 0 0 6 244 0 103 103 97 361 121 104 100 94 382 127 0 0 0 231 0 
15 8 17 191 4 0 0 0 197 0 39 46 39 187 32 0 0 0 171 0 2 7 0 192 3 
0 0 0 0 0 0 0 0 0 0 0 0 0 0 0 62 66 77 72 92 183 164 168 180 173 
73 83 69 61 164 0 11 0 0 108 0 3 0 0 104 0 3 0 0 109 82 84 90 79 163 
145 144 151 164 154 0 0 0 0 0 0 0 0 0 0 0 0 0 0 0 86 77 67 62 87 
0 0 0 0 0 0 0 0 0 0 0 0 0 0 0 435 431 416 405 415 193 177 179 190 205 
0 212 0 0 93 0 188 0 0 105 136 357 161 145 231 0 192 0 0 105 0 227 0 0 89 
832 0 0 0 0 808 0 0 0 0 810 0 0 0 0 856 0 0 0 0 855 0 0 0 0 
23 8 216 155 199 78 67 272 249 304 129 124 349 302 311 228 218 471 418 413 150 99 300 253 350 
93 132 74 148 65 65 87 61 106 68 0 54 0 52 0 43 99 45 104 38 0 46 0 39 0 
30 6 11 5 21 148 113 130 115 130 30 0 0 0 14 26 0 0 0 26 155 137 140 131 162 
0 0 163 0 0 0 0 143 0 0 0 0 162 0 0 174 148 287 138 147 0 1 158 0 0 
0 99 56 73 0 0 113 56 75 0 70 160 129 159 55 0 107 65 67 0 0 109 77 73 0 
0 0 0 3 149 129 129 113 153 249 119 115 99 116 232 3 8 0 0 127 78 95 91 94 210 
0 0 0 0 0 0 0 0 0 0 0 0 0 0 0 1005 1059 1077 1049 977 0 0 0 0 0 
0 22 67 166 0 0 27 74 143 0 0 19 51 175 0 0 19 58 169 0 0 18 62 157 0 
78 143 74 149 157 8 35 13 72 73 14 58 22 79 87 0 43 0 59 60 0 47 0 60 66 
151 148 170 109 16 146 157 239 99 6 323 327 420 326 233 126 157 196 105 2 321 285 417 268 152 
61 20 24 96 17 74 0 0 120 0 219 157 147 237 137 65 0 0 112 0 104 52 44 169 33 
136 113 52 53 42 162 103 62 63 31 60 46 16 0 0 89 89 20 12 15 99 53 11 0 0 
0 0 236 93 0 0 0 235 82 0 0 0 263 90 0 0 0 247 68 0 0 0 194 70 0 
129 159 161 113 107 0 47 63 0 0 0 52 71 0 0 42 70 98 35 33 0 57 114 0 1 
73 56 80 75 67 108 138 112 141 111 22 43 46 41 39 0 0 0 0 0 0 0 0 0 0 
0 0 0 165 0 0 0 0 174 0 204 204 184 364 190 0 0 0 171 0 0 0 0 156 0 
0 0 0 0 0 155 142 184 149 162 0 0 0 0 0 0 0 0 0 0 81 60 73 69 97 
134 3 25 91 54 153 43 63 133 109 259 85 109 183 170 91 0 0 91 48 226 80 94 179 141 
0 84 0 0 0 0 78 0 0 0 0 67 0 0 0 120 151 82 121 83 55 136 46 54 55 
0 0 104 0 0 88 91 189 113 117 0 0 103 0 0 6 13 105 3 9 14 15 86 10 15 
268 200 199 265 101 124 90 58 126 0 92 88 48 108 0 281 226 151 282 124 144 118 65 152 12 
0 237 0 219 0 0 198 0 213 0 8 212 6 218 7 0 196 0 206 0 0 212 0 233 0 
0 42 0 140 0 0 59 0 153 0 0 48 0 146 0 68 151 74 222 79 0 69 0 138 0 
0 0 0 0 71 79 71 76 60 137 80 74 71 78 123 0 0 0 0 74 0 0 0 0 75 
72 244 317 50 202 28 182 251 0 133 93 246 307 58 201 103 275 296 96 227 203 315 360 156 283 
0 53 36 0 102 19 81 45 12 117 34 98 100 46 103 0 64 31 0 84 0 70 26 0 83 
122 97 105 117 126 14 0 0 38 0 16 0 0 41 0 16 0 0 49 0 86 64 65 108 82 
69 0 65 0 0 63 0 75 0 0 113 53 107 48 50 99 16 78 13 12 66 0 73 0 0 
0 20 95 0 112 0 12 75 0 120 0 16 76 0 120 0 15 98 0 144 0 13 77 0 109 
15 50 138 71 24 42 71 141 97 45 0 40 112 33 0 45 76 141 95 43 0 23 103 60 0 
0 73 0 0 0 0 82 0 0 0 142 256 136 148 144 0 96 0 0 0 15 88 22 28 33 
0 0 0 92 0 80 74 73 161 110 0 0 0 87 0 0 0 0 100 0 90 85 78 196 83 
50 0 101 51 0 61 0 122 62 0 65 0 103 55 0 48 0 117 57 0 48 0 115 49 0 
85 51 0 31 0 109 83 20 51 26 101 94 0 25 0 122 61 0 45 0 93 64 0 37 0 
0 0 0 0 38 258 243 253 264 290 0 0 0 0 54 0 0 0 0 52 1 0 0 0 53 
98 55 66 133 92 66 43 57 114 77 26 0 0 56 9 31 0 0 55 14 44 14 9 65 31 
31 61 8 6 10 17 49 0 0 0 24 77 0 0 0 137 167 125 124 116 29 76 0 0 0 
0 0 0 21 0 185 170 197 198 164 0 0 0 23 0 0 0 0 22 0 0 0 0 19 0 
80 90 149 166 101 0 0 61 70 0 0 0 84 70 0 0 0 81 70 0 0 0 75 73 0 
63 57 59 48 69 41 0 0 0 12 75 62 48 48 72 24 0 0 0 22 91 49 45 49 60 
0 0 21 0 80 7 0 31 3 90 0 0 29 0 93 11 2 48 8 115 105 112 148 91 203 
69 122 160 85 84 37 88 113 28 27 0 40 76 0 0 0 48 89 0 0 0 45 76 0 0 
0 0 123 0 0 0 0 93 0 0 78 118 219 117 112 0 0 88 0 0 0 0 110 0 0 
103 117 34 58 143 34 43 0 0 82 44 60 0 0 75 48 44 0 0 85 58 46 0 0 83 
0 48 0 13 12 45 93 47 49 48 0 55 0 14 2 0 55 0 25 5 6 51 6 26 24 
10 9 127 8 14 0 0 100 0 0 0 0 101 0 0 44 47 146 34 33 85 94 189 78 98 
0 0 0 51 75 88 81 63 117 163 0 0 0 49 73 0 0 0 36 84 0 0 0 47 73 
89 152 71 71 83 19 103 0 0 0 24 108 6 3 5 19 68 0 0 0 23 78 3 3 1 
69 36 105 41 94 21 0 42 6 54 19 0 42 0 74 21 0 56 0 54 0 0 31 0 55 
47 0 11 0 4 72 0 8 0 0 87 55 67 54 73 81 18 0 4 0 131 89 84 98 63 
39 33 118 48 46 12 0 81 0 0 0 0 77 0 0 5 0 69 0 1 28 22 107 28 21 
0 62 67 0 0 0 68 44 0 0 21 104 76 20 21 32 108 60 40 42 0 62 47 0 0 
6 0 81 0 31 33 41 113 36 70 11 0 73 0 21 0 0 82 0 22 16 0 94 0 20 
0 2190 0 0 0 0 2242 0 0 0 0 2094 0 0 0 0 2194 0 0 0 0 2148 0 0 0 
18 95 81 15 13 77 141 156 63 69 9 96 84 7 0 31 137 89 66 33 6 84 66 2 0 
56 116 98 0 0 57 126 114 0 0 77 125 116 0 0 70 125 110 0 0 56 121 117 0 0 
1 79 0 132 0 92 185 65 216 93 100 200 45 200 48 0 75 0 109 0 0 137 0 121 0 
0 0 0 0 0 1274 1233 1239 1202 1269 0 0 0 0 0 0 0 0 0 0 0 0 0 0 0 
0 0 79 125 0 0 0 75 107 0 0 0 81 128 0 0 0 81 125 0 0 0 72 128 0 
130 47 48 83 37 159 51 49 103 63 77 0 0 36 0 78 0 0 33 0 80 0 0 43 0 
0 142 0 0 90 0 168 0 0 87 0 175 0 0 94 0 161 0 0 76 0 161 0 0 108 
185 262 154 190 110 118 225 100 102 26 221 335 231 204 105 237 350 244 212 142 195 316 233 165 146 
97 70 278 284 99 0 0 189 185 13 136 114 306 333 111 0 0 155 188 4 13 24 204 204 36 
126 106 98 128 226 6 23 4 8 148 10 19 7 6 142 196 199 158 171 328 200 226 215 200 344 
0 110 0 0 0 0 101 0 0 0 0 131 0 0 0 8 97 4 7 3 261 323 262 240 247 
46 23 36 11 41 38 12 26 0 37 38 12 32 0 29 63 12 28 0 39 104 96 85 71 110 
200 70 0 99 0 203 72 0 102 0 201 55 0 104 0 183 68 0 98 0 202 65 1 120 0 
0 0 1451 0 0 0 0 1474 0 0 0 0 1358 0 0 0 0 1479 0 0 0 0 1455 0 0 
58 0 4 44 23 82 56 46 86 66 78 50 56 66 69 53 22 15 58 33 48 0 0 22 11 
117 125 132 91 189 0 0 7 0 48 57 78 74 62 113 0 0 19 0 56 0 0 15 0 62 
42 85 0 109 0 157 189 104 210 90 125 145 84 213 97 56 75 0 107 0 37 63 0 105 0 
95 109 107 108 165 89 90 80 67 130 0 27 0 0 50 0 26 0 0 37 60 97 69 56 116 
0 67 0 0 0 27 124 36 37 29 35 137 35 32 28 26 121 25 26 32 35 118 43 34 47 
32 8 41 33 0 103 67 112 111 63 41 21 47 36 0 47 6 44 34 0 41 13 37 39 0 
164 0 0 0 0 127 0 0 0 0 222 82 102 110 107 114 0 0 0 0 134 0 0 0 0 
0 0 0 0 831 0 0 0 0 785 0 0 0 0 833 0 0 0 0 831 0 0 0 0 768 
76 133 95 209 190 0 12 6 102 62 0 15 8 85 85 1 15 9 117 70 35 51 42 141 93 
135 0 1 0 0 264 96 85 85 72 157 0 0 0 0 148 0 0 0 0 148 0 0 0 0 
0 0 0 0 0 77 56 71 66 74 0 0 0 0 0 153 125 146 149 142 0 0 0 0 0 
0 21 0 154 0 40 62 51 197 35 0 19 0 140 0 0 16 0 138 0 0 20 0 175 0 
149 54 106 81 149 107 0 75 27 54 114 21 108 60 79 204 121 175 96 170 89 1 45 32 61 
55 60 66 171 129 37 26 36 96 88 0 0 0 88 69 0 0 0 57 60 11 11 10 87 72 
0 10 68 0 0 82 107 191 91 103 0 10 74 1 0 57 73 174 57 67 0 6 62 0 0 
198 10 187 0 0 202 1 170 0 0 199 4 182 0 0 175 0 183 0 0 209 17 172 7 9 
382 160 368 130 227 404 209 469 215 266 393 184 413 191 240 283 61 250 67 159 241 57 260 43 133 
65 152 69 83 66 0 86 0 27 0 17 128 28 33 26 0 104 0 17 0 0 75 0 21 0 
0 0 33 0 58 35 46 78 44 113 55 74 89 53 121 0 0 33 0 61 0 0 49 0 58 
0 0 18 0 216 0 0 19 0 202 0 0 30 0 190 0 0 26 0 200 0 0 25 0 221 
0 0 0 63 0 0 0 0 64 0 59 66 46 162 47 0 0 0 67 0 100 85 95 183 98 
117 0 0 118 0 141 0 0 130 0 136 0 0 119 0 122 0 0 138 0 134 0 0 134 0 
4 16 74 63 0 103 151 181 159 94 170 211 218 187 139 1 44 89 98 6 83 87 114 114 51 
96 117 107 99 195 0 0 0 0 69 0 0 0 0 65 20 22 25 20 94 0 0 0 0 70 
120 214 134 124 129 0 112 0 0 0 79 192 86 88 80 5 103 0 0 8 81 191 73 70 86 
178 145 94 92 93 88 48 0 0 0 97 54 6 5 10 86 62 0 0 0 84 59 0 0 0 
0 125 0 0 0 38 174 52 59 69 0 139 0 0 0 69 211 92 96 66 0 126 0 0 0 
0 0 0 0 0 0 0 0 0 0 0 0 0 0 0 0 0 0 0 0 445 416 438 423 393 
0 0 37 0 0 73 79 92 75 87 0 0 31 0 0 77 75 85 59 79 19 25 59 22 26 
8 15 16 17 52 0 0 0 0 37 80 79 71 69 99 0 0 0 0 33 68 98 79 76 106 
0 0 0 138 0 0 0 0 119 0 0 0 0 150 0 0 0 0 154 0 76 77 81 218 87 
1 77 0 35 75 1 77 0 41 88 0 60 0 39 103 0 65 0 37 88 17 84 26 58 123 
0 29 0 23 0 90 94 88 62 87 80 72 75 68 78 0 17 0 14 0 123 152 126 146 120 
0 0 117 55 0 43 46 155 106 50 0 0 102 39 0 0 0 89 38 0 0 0 126 36 0 
59 0 0 0 0 126 61 61 76 69 99 21 18 20 15 131 47 46 52 41 58 0 0 0 0 
76 35 33 111 37 33 0 0 91 0 42 0 0 85 0 75 35 30 120 32 50 0 0 83 0 
0 0 48 38 0 0 0 43 37 0 101 98 136 127 95 0 0 48 45 0 0 0 57 36 0 
3 5 50 95 8 0 0 46 71 0 46 27 100 113 44 27 37 67 110 34 0 0 46 74 0 
43 5 40 40 10 34 5 39 37 19 106 64 102 99 76 62 17 44 46 16 51 0 40 42 1 
42 0 63 0 68 44 0 63 0 57 28 0 77 0 77 105 55 120 67 116 32 0 60 0 62 
99 31 161 84 56 53 6 137 74 25 44 0 112 18 0 142 51 188 112 97 96 25 177 81 65 
4 95 153 25 131 134 223 294 136 253 21 118 200 52 195 0 52 172 1 120 74 155 230 114 231 
19 21 22 57 48 40 38 34 75 72 0 0 0 31 29 0 0 0 22 17 75 87 89 123 99 
22 34 0 97 0 32 48 0 116 0 83 77 46 138 55 26 41 0 111 0 43 38 0 88 0 
0 0 53 0 0 165 146 215 153 179 0 0 62 0 0 0 0 74 0 0 0 0 73 0 0 
64 12 10 5 21 91 62 68 70 68 98 78 80 90 89 43 0 6 0 13 36 12 14 9 24 
26 150 81 17 36 0 103 81 13 6 0 99 53 0 27 0 104 64 6 15 55 162 125 50 91 
129 174 94 92 88 67 70 38 21 18 38 53 15 0 0 37 45 11 0 0 28 42 11 0 0 
69 84 10 14 17 47 51 0 0 0 54 74 10 3 14 68 76 35 38 52 83 79 47 28 42 
38 76 43 71 29 0 62 11 40 16 0 51 11 46 19 0 41 14 31 13 39 103 64 96 78 
0 0 56 27 11 0 0 45 33 3 0 0 44 40 6 43 53 120 94 61 54 50 100 92 62 
29 38 26 22 31 0 0 0 0 0 71 59 57 62 55 0 0 0 0 0 120 107 99 114 110 
52 35 6 35 42 0 0 0 0 0 0 0 0 0 0 54 50 73 58 67 134 98 108 146 144 
35 39 104 42 48 2 8 60 13 7 53 51 131 47 34 0 0 51 6 0 0 1 59 19 0 
0 0 95 0 0 0 0 67 0 0 19 20 85 0 18 0 0 91 0 0 0 0 115 0 0 
43 70 0 0 0 62 90 37 26 27 67 108 16 14 9 79 119 37 36 41 37 66 0 0 0 
86 122 72 51 60 12 44 2 0 0 76 128 60 53 54 36 71 26 15 14 24 54 0 0 0 
0 139 126 174 0 0 142 138 182 0 0 118 138 186 0 0 130 131 170 0 0 142 133 184 0 
14 0 0 206 0 14 0 0 141 0 128 103 113 252 108 19 0 0 161 0 26 1 0 151 1 
130 170 40 100 108 177 282 86 138 194 160 191 86 135 142 93 144 13 42 78 246 325 147 186 206 
95 311 204 133 160 8 81 99 13 7 52 125 154 45 48 47 119 111 20 36 0 87 74 0 0 
6 22 14 0 56 8 24 21 1 91 0 13 9 4 43 52 76 67 44 130 28 34 33 26 84 
742 548 635 460 519 476 215 328 185 212 440 259 334 180 297 372 132 205 52 200 590 335 448 333 405 
75 62 0 3 0 168 153 69 71 74 87 74 0 0 1 102 87 24 14 19 70 54 0 0 0 
163 305 117 160 138 285 389 163 281 186 154 299 99 170 94 48 188 0 55 0 102 221 67 108 47 
0 0 0 0 51 0 0 0 0 56 0 0 0 0 65 0 0 0 0 58 134 156 141 151 184 
150 0 0 54 0 156 0 0 55 0 140 0 0 40 0 168 0 0 46 0 149 0 0 41 0 
176 161 202 300 151 38 0 92 140 2 104 59 153 231 92 57 16 122 135 32 48 4 104 103 3 
107 87 79 38 16 164 160 139 113 121 85 91 79 32 17 230 201 186 140 139 121 131 109 35 60 
58 129 51 56 53 0 55 0 0 0 6 80 4 5 4 0 64 0 0 0 76 154 62 76 65 
0 0 0 19 0 0 0 0 19 0 0 0 0 18 0 0 0 0 19 0 173 191 224 223 206 
65 15 52 110 96 15 1 33 104 75 65 25 55 130 100 21 1 32 82 84 131 71 117 183 187 
0 98 77 0 111 0 99 86 0 113 0 120 56 0 83 0 88 106 0 114 0 121 79 0 113 
48 27 59 43 36 76 56 95 61 61 25 20 41 24 15 57 57 116 76 59 8 0 34 0 0 
82 0 0 0 56 65 0 0 0 47 87 0 0 0 59 66 0 0 0 50 193 100 83 102 157 
66 85 0 83 50 57 105 8 105 75 60 54 2 118 71 184 216 122 211 161 103 149 38 123 125 
90 114 122 111 80 14 46 49 22 13 0 14 50 0 0 66 86 107 67 52 26 44 71 26 14 
0 0 0 145 35 0 0 0 165 29 27 31 16 160 51 0 0 0 153 34 0 0 0 145 39 
0 0 0 179 14 211 177 162 428 217 0 0 0 196 12 145 159 172 358 152 0 0 0 188 10 
51 134 177 196 75 34 124 159 191 33 101 169 175 229 102 84 215 209 253 114 88 145 185 255 95 
0 0 0 1296 0 0 0 0 1311 0 0 0 0 1313 0 0 0 1 1374 0 0 0 0 1317 0 
215 0 0 0 0 219 15 21 18 22 190 0 0 0 0 212 0 0 0 0 179 0 0 0 0 
92 0 0 0 0 117 0 0 0 0 122 0 0 0 0 102 0 0 0 0 206 88 85 89 99 
255 97 68 140 142 107 3 0 21 13 198 62 48 61 73 214 59 74 150 89 310 152 160 230 208 
14 27 0 0 3 0 39 0 0 0 0 0 0 0 0 39 52 12 47 50 0 1 1 0 0 
57 81 141 95 84 0 0 59 0 0 0 0 59 0 0 0 0 77 0 1 144 165 211 157 168 
1 17 0 88 224 136 143 120 245 368 0 42 1 102 279 0 9 0 93 270 134 159 120 208 330 
7 12 72 2 246 3 0 56 13 182 106 113 178 114 278 142 156 231 188 364 1 0 66 0 198 
103 212 210 154 44 140 221 260 169 74 126 237 248 148 99 55 148 179 77 10 80 202 224 134 41 
112 0 0 1 0 97 0 0 0 0 119 0 0 0 0 117 0 0 0 0 145 21 26 22 35 
42 59 29 27 46 0 49 0 0 8 50 79 44 40 65 6 36 0 0 26 2 47 0 5 12 
610 621 640 673 625 0 0 0 0 0 0 0 0 0 0 0 0 0 0 0 0 0 0 0 0 
81 71 0 0 0 98 76 17 15 15 152 98 40 40 35 104 73 0 0 0 114 104 24 31 38 
41 0 0 72 79 89 50 49 99 140 24 0 0 70 71 47 9 16 68 65 36 32 38 88 85 
16 10 0 0 79 20 2 0 0 66 69 75 58 41 138 21 24 18 11 91 103 118 104 108 155 
55 0 0 0 0 62 0 0 0 0 64 0 0 0 0 202 133 145 146 141 52 0 0 0 0 
70 149 104 113 127 98 284 158 164 221 9 113 76 67 66 116 215 154 194 153 134 248 199 189 193 
0 0 0 0 0 28 34 29 17 19 0 0 0 0 0 59 67 68 65 90 100 93 96 95 125 
167 12 84 12 24 206 2 50 0 11 306 88 148 91 107 308 163 269 160 156 243 60 90 34 51 
19 0 29 0 0 19 0 15 0 0 34 3 39 12 0 78 53 77 43 65 24 2 24 0 3 
0 0 218 0 40 0 0 250 0 41 0 0 222 0 34 0 0 204 0 22 0 0 206 0 31 
104 74 0 115 63 109 78 0 90 76 140 126 34 131 73 92 69 0 91 70 87 85 0 106 38 
42 68 44 67 34 12 22 0 26 0 64 86 54 95 39 12 44 6 37 5 59 57 59 88 30 
0 0 49 57 0 75 53 103 102 61 0 0 35 37 0 61 54 99 83 50 45 30 77 77 27 
