732 713 577 661 638 1058 1092 961 927 919 598 589 468 587 657 939 859 816 848 931 560 387 384 468 502 
280 221 269 280 248 0 2 0 0 0 172 137 177 150 166 0 0 0 0 1 0 0 0 0 0 
107 50 25 171 182 79 0 0 133 160 118 47 25 194 213 60 0 0 73 125 58 0 0 106 141 
139 0 115 172 173 198 38 198 218 221 296 128 287 339 336 241 43 165 227 241 165 0 124 196 176 
235 62 153 179 55 162 10 89 130 0 153 35 72 91 14 151 4 51 144 2 398 221 340 383 232 
136 12 23 0 103 115 9 21 0 142 234 103 104 110 218 224 87 110 82 188 272 140 154 118 299 
0 0 0 0 0 0 0 0 0 0 1024 1041 982 1004 1038 0 0 0 0 0 0 0 0 0 0 
0 0 0 259 0 0 0 3 245 1 108 107 93 367 125 126 109 83 393 131 0 0 0 233 0 
19 11 14 200 5 0 0 0 218 0 42 47 37 227 32 0 0 0 186 0 4 4 2 225 2 
0 0 0 0 0 0 0 0 0 0 0 0 0 0 0 61 68 78 73 98 202 193 187 209 186 
59 76 53 44 142 0 10 0 0 88 0 3 0 1 90 0 4 0 0 90 69 64 66 58 133 
141 145 143 150 158 0 0 0 0 0 0 0 0 0 0 0 0 0 0 0 82 81 66 67 78 
0 0 0 0 0 0 0 0 0 0 0 0 0 0 0 433 428 416 405 412 191 179 180 189 205 
0 210 0 0 83 0 163 0 0 107 96 306 129 92 202 0 176 0 0 97 0 219 0 0 77 
821 0 0 0 0 815 0 0 0 0 806 0 0 0 0 830 0 0 0 0 848 0 0 0 0 
16 3 202 136 178 88 88 274 238 267 144 141 314 255 284 215 215 427 349 362 133 105 273 229 299 
98 143 99 156 78 85 105 68 149 80 0 44 0 50 0 43 107 53 99 50 0 45 0 48 0 
35 6 16 11 38 157 120 161 136 162 33 0 0 0 19 30 0 0 0 25 148 142 142 132 166 
0 0 160 0 0 0 0 147 0 0 0 0 167 0 0 188 159 287 144 159 0 0 150 0 0 
0 95 56 68 0 0 109 54 60 0 53 131 113 127 48 0 92 63 61 0 0 95 76 50 0 
0 0 0 2 168 151 109 132 161 260 154 133 137 127 239 5 3 0 2 135 86 88 115 89 219 
0 0 0 0 0 0 0 0 0 0 0 0 0 0 0 1006 1059 1075 1048 974 0 0 0 0 0 
0 18 65 179 0 0 24 61 144 0 0 20 61 175 0 0 21 63 183 0 0 21 67 182 0 
94 132 82 171 177 9 49 17 88 79 19 56 23 86 105 0 57 0 69 71 0 47 2 63 70 
130 152 176 104 0 130 156 208 112 3 323 351 405 350 220 136 133 185 123 0 289 273 362 282 128 
73 8 18 86 10 76 0 0 121 0 205 156 132 237 126 53 0 0 104 0 99 37 45 167 35 
101 74 38 40 28 121 83 42 51 27 47 43 13 0 0 73 62 16 11 12 71 44 9 0 0 
0 0 204 80 0 0 0 243 71 0 0 0 279 89 0 0 0 235 60 0 0 0 208 63 0 
110 147 151 99 88 0 44 58 0 0 0 49 54 0 0 37 68 97 34 30 0 42 94 0 2 
78 65 81 76 63 110 129 119 128 109 26 51 47 42 45 0 0 0 0 0 0 1 0 0 0 
0 0 0 175 0 0 0 0 188 0 228 232 220 431 250 0 0 0 183 0 0 0 0 163 0 
0 0 0 0 0 151 142 176 138 145 0 0 0 0 0 0 0 0 0 0 75 58 65 65 78 
153 8 19 90 70 165 54 63 147 122 267 111 118 191 183 99 0 3 97 43 235 96 108 207 148 
0 75 0 0 0 0 71 0 0 0 0 57 0 0 0 101 136 74 110 74 48 117 42 46 46 
0 0 96 0 0 90 88 185 106 111 0 0 94 0 0 7 10 101 6 7 14 13 84 9 15 
284 270 203 250 121 124 129 73 82 0 81 126 60 64 0 271 271 161 259 119 153 152 83 103 0 
0 46 0 136 0 0 53 0 156 0 0 52 0 157 0 72 157 79 235 88 0 60 0 143 0 
0 0 0 0 73 75 75 75 57 133 80 75 68 77 131 0 0 0 0 76 0 0 0 0 78 
77 282 312 58 205 15 185 242 6 124 60 253 316 74 212 83 262 307 104 241 191 324 358 169 263 
0 77 43 0 107 18 86 60 14 115 38 132 99 43 129 0 77 36 0 87 0 93 36 0 113 
104 92 105 121 118 13 0 0 36 0 13 0 0 35 0 17 0 0 39 0 87 64 60 106 75 
69 0 64 0 0 63 0 75 0 0 113 53 107 48 50 99 16 78 13 12 66 0 72 0 0 
0 20 83 0 101 0 12 73 0 112 0 18 77 0 112 0 14 101 0 141 0 13 72 0 106 
11 55 138 67 19 59 76 168 93 57 0 45 121 34 0 51 71 162 103 46 0 26 110 55 0 
0 80 0 0 0 0 100 0 0 0 180 302 169 193 177 0 119 0 0 0 16 111 17 24 43 
0 0 0 71 0 61 64 51 124 81 0 0 0 70 0 0 0 0 81 0 71 63 57 147 61 
50 0 100 51 0 61 0 113 55 0 60 0 95 53 0 46 0 108 56 0 44 0 102 51 0 
77 46 0 29 0 103 73 16 47 24 92 86 0 25 0 110 53 0 41 0 87 58 0 33 0 
0 0 0 0 46 236 236 243 248 266 0 0 0 0 58 0 0 0 0 59 0 0 0 0 54 
126 59 73 146 99 78 44 61 130 97 32 0 0 67 12 40 0 0 63 15 49 19 10 71 38 
29 54 8 6 10 17 48 0 0 0 21 73 0 0 0 125 160 122 115 111 27 72 0 0 0 
0 0 0 21 0 186 170 197 198 164 0 0 0 23 0 0 0 0 22 0 0 0 0 19 0 
71 79 133 138 89 0 0 52 63 0 0 0 74 60 0 0 0 67 53 0 0 0 59 62 0 
70 62 63 59 76 50 0 0 0 11 86 68 56 59 84 35 0 0 0 22 99 57 46 56 68 
0 0 29 0 82 3 0 45 9 101 0 0 38 0 89 1 6 39 0 99 108 101 143 83 204 
62 124 151 73 75 33 90 114 28 28 0 36 85 0 0 0 44 83 0 0 0 39 70 0 0 
0 0 121 0 0 0 0 103 0 0 82 119 229 125 107 0 0 94 0 0 0 0 112 0 0 
106 120 34 56 137 37 43 0 0 93 44 62 0 0 71 48 43 0 0 79 62 54 0 0 82 
0 49 0 22 36 59 115 56 80 94 0 59 0 27 38 0 55 0 39 40 26 65 22 53 63 
10 7 122 5 16 0 0 112 0 0 0 0 96 0 0 42 46 147 29 34 97 96 177 69 104 
0 0 0 50 75 88 81 63 117 163 0 0 0 49 73 0 0 0 36 83 0 0 0 47 73 
98 167 82 77 86 22 107 0 0 0 32 119 5 7 9 22 77 0 0 0 25 80 2 0 0 
78 37 106 55 107 21 0 45 14 66 23 0 49 11 82 19 0 58 13 64 14 0 43 14 71 
58 0 9 0 2 64 3 9 0 0 112 54 64 58 84 101 19 0 0 0 149 85 92 93 64 
23 34 118 47 48 0 0 81 0 0 0 0 77 0 0 6 0 70 0 0 43 31 107 31 26 
0 62 69 0 0 4 74 49 13 1 21 104 79 21 21 32 108 56 36 42 0 62 55 0 0 
0 0 90 0 43 18 23 99 14 62 0 0 84 0 28 0 2 91 0 29 0 0 96 0 26 
0 2155 0 0 0 0 2214 0 0 0 0 2082 0 0 0 0 2151 0 0 0 0 2093 0 0 0 
26 161 121 25 14 106 253 227 105 97 11 163 144 5 0 49 264 221 115 43 17 173 132 2 1 
72 126 112 0 0 60 158 135 0 0 74 165 123 0 0 84 163 118 0 0 78 150 124 0 0 
0 88 0 115 0 79 171 81 211 89 82 153 42 162 45 0 99 0 119 0 0 108 0 101 0 
0 0 0 0 0 1316 1273 1262 1232 1295 0 0 0 0 0 0 0 0 0 0 0 0 0 0 0 
0 0 80 125 0 0 0 75 106 0 0 0 81 126 0 0 0 81 125 0 0 0 72 128 0 
135 45 49 79 38 138 50 49 104 56 77 0 0 36 0 78 0 0 35 0 82 0 0 40 0 
0 123 0 0 77 0 144 0 0 72 0 158 0 0 89 0 138 0 0 76 0 153 0 0 107 
130 211 144 192 78 118 247 113 131 26 287 356 282 309 142 222 304 249 234 118 171 282 241 209 138 
82 79 258 264 80 0 0 179 184 0 104 103 267 297 90 0 0 150 185 4 1 14 171 191 13 
130 109 112 146 246 6 14 2 4 155 4 6 7 5 156 206 200 158 189 334 194 224 215 223 365 
0 128 0 0 0 0 107 0 0 0 0 116 0 0 0 7 122 4 7 2 275 355 288 272 259 
51 17 36 8 47 50 17 26 0 41 51 16 35 0 31 74 14 29 0 44 110 100 88 75 122 
202 76 0 101 0 207 75 0 104 0 206 59 0 103 0 198 71 0 114 1 200 61 0 117 0 
0 0 1438 0 0 0 0 1467 0 0 0 0 1345 0 0 0 0 1465 0 0 0 0 1427 0 0 
79 3 12 50 21 108 63 48 91 84 119 68 69 85 91 88 28 20 65 41 61 0 0 26 11 
106 114 128 75 177 0 0 9 0 45 55 75 74 58 106 0 0 16 0 49 0 0 11 0 58 
43 85 0 99 0 136 179 95 188 81 97 111 73 161 75 54 68 0 89 0 37 63 0 94 0 
93 111 102 133 173 97 101 82 74 122 0 28 0 0 56 0 25 0 0 30 64 88 60 62 105 
0 72 0 0 2 30 125 33 33 30 36 133 40 31 33 25 115 24 28 36 41 120 51 37 45 
32 10 39 32 0 102 70 109 107 62 42 20 43 36 0 46 9 44 34 0 40 20 36 37 0 
136 0 0 0 0 126 0 0 0 0 205 76 97 98 102 117 0 0 0 0 129 0 0 0 0 
0 0 0 0 832 0 0 0 0 791 0 0 0 0 842 0 0 0 0 825 0 0 0 0 782 
78 123 94 192 168 0 9 12 92 51 0 13 6 68 69 0 18 13 95 58 37 45 38 117 65 
133 0 0 0 0 255 100 93 94 80 148 0 0 0 0 152 0 0 0 0 145 0 0 0 0 
0 0 0 0 0 81 63 74 68 73 0 0 0 0 0 151 123 157 151 148 0 0 0 0 0 
0 22 0 143 0 33 55 46 186 31 0 19 0 132 0 0 15 0 136 0 0 20 0 160 0 
165 64 114 124 180 107 0 67 41 66 115 0 103 71 79 202 102 164 128 177 80 0 39 27 63 
60 60 67 165 131 32 23 41 96 88 0 0 0 94 65 0 0 3 54 56 7 13 10 90 67 
0 8 59 0 0 75 90 164 81 88 0 11 67 0 0 53 72 163 45 57 0 6 60 0 0 
131 0 127 0 0 117 0 97 0 0 110 1 112 3 1 86 0 113 0 0 126 11 110 12 12 
340 119 332 151 229 343 159 372 177 224 331 137 348 166 231 211 17 198 37 126 201 54 242 19 120 
66 156 70 87 68 0 88 0 30 0 19 131 28 34 27 0 109 0 17 0 0 76 0 22 0 
0 0 33 0 57 35 47 78 43 112 55 75 89 53 122 0 0 34 0 61 0 0 49 0 55 
0 0 15 0 223 0 0 13 0 201 0 0 33 0 183 0 0 26 0 205 0 0 27 0 223 
0 0 0 52 0 0 0 0 62 0 57 62 46 144 46 0 0 0 60 1 90 82 89 173 90 
120 0 0 121 0 153 0 0 134 0 140 0 0 124 0 124 0 0 138 0 139 0 0 138 0 
0 36 71 63 9 109 167 178 174 118 171 217 223 219 146 25 70 113 102 38 77 112 107 123 53 
98 122 109 101 207 0 0 0 0 70 0 0 0 0 69 20 23 25 20 96 0 0 0 0 72 
96 192 106 96 103 0 110 0 0 0 63 171 67 70 53 10 107 6 0 13 94 193 80 76 94 
141 130 78 80 79 76 45 0 0 0 89 50 4 4 8 68 47 0 0 0 72 60 0 0 0 
0 125 0 0 0 42 182 61 61 63 0 143 0 0 0 68 205 90 89 73 0 114 0 0 0 
0 0 0 0 0 0 0 0 0 0 0 0 0 0 0 0 0 0 0 0 439 401 444 425 391 
0 0 37 0 0 73 78 92 74 87 0 0 31 0 0 77 75 85 58 79 19 24 59 21 26 
8 15 17 17 53 0 0 0 0 37 82 88 76 77 104 0 0 0 0 35 73 107 90 83 110 
0 0 0 133 0 0 0 0 122 0 0 0 0 148 1 0 0 0 155 0 87 77 83 214 86 
1 66 0 34 72 3 64 0 39 77 1 56 0 36 91 2 60 0 32 73 19 77 21 55 113 
0 20 0 10 0 71 89 73 67 72 75 76 74 83 74 0 13 0 18 0 123 148 126 149 120 
0 0 120 59 0 43 46 161 112 53 0 0 103 39 0 0 0 94 39 0 0 0 128 36 0 
73 0 0 0 0 150 72 73 84 76 130 21 26 24 19 157 51 57 61 47 72 0 0 0 0 
83 35 32 110 37 39 0 0 91 0 48 0 0 85 0 83 35 30 120 32 55 0 0 83 0 
0 0 63 42 0 0 0 55 43 0 101 99 149 132 97 0 0 62 47 0 0 0 67 42 0 
3 8 51 102 8 0 0 45 72 0 49 27 107 114 47 27 38 69 117 39 0 0 45 78 0 
66 8 51 41 9 43 0 46 50 13 138 81 139 101 98 91 15 50 51 9 53 0 61 47 0 
39 0 56 0 57 38 0 57 0 52 26 0 66 0 72 88 48 103 64 103 29 0 56 0 54 
78 22 134 57 45 58 9 130 69 33 60 0 115 33 21 123 41 174 91 90 77 27 166 67 66 
14 105 179 40 154 117 203 336 124 252 27 121 202 63 170 0 55 172 4 134 72 130 218 87 218 
28 30 25 87 69 51 51 43 103 94 0 0 0 38 45 0 0 0 30 21 96 111 114 159 131 
17 29 0 83 0 29 43 0 103 0 77 71 38 129 52 25 36 0 104 0 38 33 0 81 0 
0 0 55 0 0 179 151 216 149 194 0 0 60 0 0 0 0 80 0 0 0 0 72 0 0 
59 11 10 6 19 85 60 61 61 64 94 73 77 86 82 39 0 4 0 12 33 11 13 7 20 
21 151 100 20 46 1 121 82 11 16 0 107 57 0 35 0 121 60 8 24 51 179 123 46 95 
152 208 110 100 108 70 71 44 23 21 41 63 15 0 0 43 48 14 0 0 31 48 18 0 0 
62 57 0 0 0 72 43 1 0 0 60 58 22 12 15 77 61 56 49 59 74 50 37 0 39 
37 63 43 69 24 0 53 11 38 16 0 41 11 45 18 0 34 14 31 12 38 96 64 96 77 
0 0 72 32 12 0 0 52 36 3 0 0 52 48 9 52 59 149 112 74 59 56 116 115 77 
33 40 32 25 36 0 0 0 1 0 78 67 66 72 64 0 0 0 0 0 134 118 114 129 121 
42 30 21 21 36 0 0 0 1 0 0 0 20 0 0 59 63 103 73 77 119 95 139 151 139 
23 32 96 16 34 0 0 52 0 0 59 49 130 41 47 0 0 50 0 0 0 0 55 0 0 
0 0 112 8 0 0 0 53 4 0 19 20 56 0 18 0 0 90 6 0 0 0 90 0 0 
43 70 0 0 0 66 93 38 30 29 66 106 16 14 8 79 119 37 37 40 37 66 0 0 0 
99 123 72 52 66 14 49 0 0 0 85 143 71 55 68 39 74 27 14 15 22 58 0 0 0 
0 116 110 166 0 0 129 120 170 0 0 111 124 174 0 0 118 118 160 0 0 129 120 170 2 
16 0 0 206 0 15 0 0 141 0 142 106 128 263 109 14 0 0 152 0 29 1 0 153 4 
180 219 43 135 150 209 325 86 167 228 186 257 89 163 148 106 160 16 57 89 304 405 166 228 247 
83 212 148 93 104 8 46 70 12 5 39 87 96 35 31 23 84 64 12 31 0 71 48 0 0 
5 23 20 5 74 10 28 23 4 121 7 24 15 3 61 52 88 69 55 152 32 43 44 27 103 
607 432 531 364 480 406 158 227 155 247 428 232 317 165 248 314 138 137 39 141 491 329 383 292 361 
93 69 0 3 0 190 165 81 83 76 97 89 0 0 0 99 105 22 20 19 76 62 0 0 0 
157 307 130 156 127 252 378 152 262 183 127 289 98 150 68 25 189 0 47 0 85 204 61 83 46 
0 0 0 0 52 0 0 0 0 56 0 0 0 0 65 0 0 0 0 58 134 157 141 152 185 
150 0 0 54 0 156 0 0 55 0 141 0 0 40 0 168 0 0 46 0 149 0 0 41 0 
187 159 216 293 157 37 0 74 138 2 94 48 152 239 68 40 6 118 109 34 48 1 91 89 0 
141 103 90 67 46 185 141 118 102 116 99 66 49 40 23 236 173 160 132 145 181 163 144 69 93 
72 167 65 80 72 0 68 0 0 0 6 103 5 5 5 0 86 0 0 0 91 194 77 106 81 
0 0 0 15 0 0 0 0 20 0 0 0 0 21 0 0 0 0 20 0 187 195 220 232 228 
42 4 50 100 93 15 4 38 95 69 66 23 50 134 114 22 0 34 90 87 133 81 121 212 210 
0 85 67 1 77 0 81 73 0 77 0 90 55 0 66 0 80 73 0 84 1 101 83 0 79 
44 19 55 37 30 71 49 91 53 52 20 15 35 19 13 52 40 102 71 48 6 0 32 0 0 
84 0 0 0 54 64 0 0 0 50 82 0 0 0 60 72 0 0 0 53 174 95 82 94 148 
66 97 0 109 51 50 80 0 130 67 59 66 3 162 82 157 212 107 249 156 68 145 42 121 93 
91 124 120 105 87 16 41 57 20 14 0 14 50 0 0 67 90 103 65 53 24 39 68 24 14 
0 0 0 140 35 0 0 0 158 28 27 29 16 157 51 0 0 0 149 34 0 0 0 138 38 
0 0 0 187 14 241 203 186 472 254 0 0 0 203 16 169 175 176 371 156 7 0 0 203 9 
49 120 149 159 61 22 72 110 137 16 63 112 128 144 51 47 172 154 193 83 84 118 151 228 82 
0 0 0 1266 0 0 0 0 1270 0 0 0 0 1289 0 0 0 0 1341 1 0 0 0 1293 0 
216 1 0 0 0 224 13 20 18 23 185 0 0 0 0 211 1 0 0 1 195 0 0 0 0 
92 0 0 0 0 117 0 0 0 0 122 0 0 0 0 102 0 0 0 0 206 88 84 89 99 
179 84 62 127 136 79 0 0 13 11 160 54 52 59 63 173 46 51 97 85 201 165 124 165 146 
55 66 125 103 71 0 0 57 0 0 0 0 51 0 0 0 0 53 0 0 166 167 210 175 167 
1 15 0 69 199 119 122 116 194 333 2 24 0 81 238 0 9 0 84 243 113 138 108 168 290 
10 10 76 7 244 4 0 51 10 188 119 102 163 121 294 138 147 200 172 349 2 3 48 2 184 
139 253 277 215 97 143 212 291 208 92 142 240 302 188 134 29 152 215 109 2 36 182 206 146 17 
128 0 0 15 0 111 0 0 0 0 124 0 0 0 0 113 0 0 0 0 150 18 30 46 39 
43 64 36 25 39 0 46 0 0 22 50 79 41 35 59 7 34 0 0 34 0 48 0 0 22 
614 628 646 684 629 0 0 0 0 0 0 0 0 0 0 0 0 0 0 0 0 0 0 0 0 
74 61 0 0 0 105 83 24 17 16 163 105 40 40 32 105 70 0 0 0 116 112 24 27 35 
28 0 0 54 67 70 42 38 83 116 19 0 0 59 65 34 8 16 50 56 26 20 24 60 77 
19 8 0 0 87 15 4 0 0 77 74 81 50 50 159 26 30 18 20 90 100 117 104 106 141 
55 0 0 0 0 62 0 0 0 0 64 0 0 0 0 202 133 145 146 141 52 0 0 0 0 
74 144 111 109 126 98 240 145 152 197 25 116 55 51 52 114 170 139 146 142 112 209 173 155 162 
0 0 0 0 0 35 38 32 20 23 0 0 0 0 0 64 74 69 68 92 107 100 101 105 133 
146 10 61 0 19 200 0 49 7 20 269 94 146 95 92 320 168 262 168 150 217 50 80 39 37 
25 0 39 0 0 17 0 22 0 0 24 0 30 4 0 104 81 108 77 90 38 2 34 0 0 
0 0 194 0 37 0 0 221 0 25 0 0 199 0 30 0 0 191 0 20 0 0 188 0 32 
106 60 0 129 42 112 80 5 116 74 121 101 36 164 74 99 67 0 110 48 82 74 0 125 42 
41 66 43 62 33 12 22 0 24 0 59 83 51 88 37 12 43 6 36 5 56 56 54 80 29 
0 0 48 52 0 71 51 104 95 63 0 0 41 38 0 58 52 100 80 45 42 32 84 77 29 
3 0 0 0 17 0 30 0 0 0 0 0 0 0 0 38 56 46 50 73 0 0 0 0 0 
0 233 0 214 0 0 192 0 206 0 7 208 7 211 5 0 196 0 205 0 0 203 0 216 0 
89 15 80 0 0 100 11 90 0 0 109 9 86 0 0 108 8 85 0 0 101 14 94 0 0 
