859 871 672 698 872 1124 1179 978 949 1061 718 795 605 671 803 1091 1047 922 982 1069 648 607 465 440 639 
185 165 189 179 171 0 0 0 0 0 130 92 130 106 118 0 0 0 0 0 0 0 0 0 0 
100 39 31 123 174 63 0 0 114 109 128 58 35 210 203 51 0 0 76 122 48 0 0 105 125 
163 0 136 157 178 224 43 216 251 234 289 128 286 309 313 246 49 182 211 230 160 0 127 183 157 
161 51 94 140 52 128 8 72 91 0 116 20 67 90 22 114 0 54 111 0 268 178 251 274 155 
103 7 10 0 94 100 6 22 0 119 211 99 100 87 191 179 73 94 59 147 237 105 131 114 242 
0 0 0 0 0 0 0 0 0 0 1038 1054 999 1024 1067 0 0 0 0 0 0 0 0 0 0 
0 0 0 304 0 0 0 3 277 0 132 128 122 437 134 140 116 107 440 152 0 0 0 272 0 
17 11 15 193 6 0 0 0 204 0 40 46 43 190 30 0 0 0 165 0 4 7 3 191 3 
0 0 0 0 0 0 0 0 0 0 1 0 0 0 0 64 74 82 66 83 196 174 173 209 165 
74 101 62 68 179 0 16 0 0 102 0 3 0 0 105 0 4 0 0 116 80 91 89 75 191 
134 143 141 160 156 0 0 0 0 0 0 0 0 0 0 0 0 0 0 0 77 78 69 64 80 
0 0 0 0 0 0 0 0 0 0 0 0 0 0 0 436 440 423 412 425 195 183 188 191 212 
0 193 0 0 78 0 164 0 0 93 124 316 146 130 203 0 178 0 0 89 0 207 0 0 73 
838 0 0 0 0 832 0 0 0 0 815 0 0 0 0 849 0 0 0 0 859 0 0 0 0 
37 2 173 162 172 45 24 208 157 189 107 104 257 277 237 183 193 394 372 358 140 84 280 256 342 
79 132 87 153 70 54 82 61 105 55 0 43 0 48 0 42 98 50 100 47 0 41 0 44 0 
36 10 15 10 22 118 97 105 90 107 26 0 0 0 21 26 0 0 0 22 127 99 89 98 132 
0 0 135 0 0 0 0 129 0 0 0 0 131 0 0 134 114 229 108 118 0 0 138 0 0 
0 70 47 51 0 0 86 46 51 0 36 102 99 108 35 0 74 51 54 0 0 71 56 51 0 
0 1 3 4 136 159 122 146 179 279 143 135 114 131 224 2 2 0 0 111 72 88 102 95 203 
0 0 0 0 0 0 0 0 0 0 0 0 0 0 0 1034 1105 1115 1075 1027 0 0 0 0 0 
0 18 60 154 0 0 21 57 133 0 0 19 51 159 0 0 19 52 161 0 0 15 58 166 0 
70 48 0 0 0 92 68 16 16 13 141 86 36 40 29 95 62 0 0 0 99 94 22 20 31 
91 124 85 165 171 3 47 24 56 70 13 43 25 75 97 0 40 0 59 73 0 36 0 53 70 
118 134 129 77 0 119 132 194 96 5 310 317 385 323 218 129 128 153 77 2 300 252 353 266 163 
77 14 20 99 23 75 0 0 107 0 202 137 126 211 123 68 0 0 92 0 113 43 42 163 40 
157 132 58 62 42 186 120 59 77 40 66 59 19 0 0 118 98 26 13 13 103 58 11 0 0 
0 0 145 61 0 0 0 158 56 0 0 0 200 56 0 0 0 169 45 0 1 0 147 46 0 
137 170 202 141 126 0 53 83 0 0 0 48 74 0 0 41 74 106 37 40 0 41 111 0 0 
74 54 74 73 63 110 124 108 123 104 24 45 47 37 41 0 0 0 0 0 0 0 0 0 0 
0 0 0 164 0 0 0 0 174 0 228 234 219 409 241 0 0 0 171 0 0 0 0 155 0 
0 0 0 0 0 159 152 189 147 171 0 0 0 0 0 0 0 0 0 0 75 69 74 68 83 
116 1 4 78 43 122 27 53 124 96 235 66 98 164 160 79 0 0 73 36 193 73 92 160 118 
0 112 0 0 0 0 98 0 0 0 0 85 0 0 0 140 201 113 153 118 69 171 52 60 70 
0 0 125 0 0 112 114 211 130 115 0 0 109 0 0 10 10 110 6 10 20 18 96 12 18 
266 230 209 267 116 123 115 81 128 0 96 103 59 97 0 268 241 185 285 116 131 110 89 160 1 
0 0 0 0 0 31 36 33 20 23 0 0 0 0 0 59 70 70 71 93 108 99 103 104 135 
0 228 0 207 0 0 185 0 198 0 10 208 8 204 7 0 193 0 198 0 0 201 0 209 0 
0 42 0 138 0 0 54 0 161 0 0 50 0 150 0 78 170 89 236 94 1 62 0 141 0 
0 0 0 0 76 85 77 77 59 150 90 71 78 78 133 0 0 0 0 73 0 0 0 0 80 
115 299 364 70 267 45 212 288 11 196 98 275 371 62 272 119 318 331 96 279 243 365 437 168 322 
0 44 33 0 79 19 60 45 13 88 28 81 87 38 79 0 59 26 0 64 0 61 27 0 68 
106 90 108 127 119 13 0 0 35 0 15 0 0 42 0 19 0 0 43 0 89 66 61 109 81 
78 0 71 0 0 67 0 78 0 0 131 59 118 50 53 109 15 91 13 15 75 0 74 0 0 
0 19 88 0 101 0 12 72 0 115 0 16 74 0 113 0 14 99 0 143 0 13 79 0 114 
29 78 161 99 35 72 81 166 119 62 0 45 122 43 0 44 80 173 121 59 0 29 105 65 0 
0 63 0 0 0 0 75 0 0 0 131 234 123 138 130 0 89 0 0 0 14 83 20 23 27 
0 0 0 71 0 61 64 51 123 81 0 0 0 70 0 0 0 0 80 0 71 63 57 147 61 
64 0 108 52 0 71 0 124 59 0 75 0 107 57 0 52 0 114 66 0 56 0 121 50 0 
86 55 0 32 0 123 85 25 56 30 111 105 0 30 0 132 64 0 46 0 100 69 0 38 0 
0 0 0 0 27 203 191 199 211 243 0 0 0 0 34 0 0 0 0 39 0 0 0 0 41 
120 57 73 143 99 75 48 61 131 90 28 0 0 65 12 49 0 0 61 16 47 14 14 75 32 
29 75 10 6 14 20 54 0 0 0 19 90 0 0 0 161 211 166 151 133 30 99 0 0 0 
0 0 0 21 0 186 170 197 198 164 0 0 0 23 0 0 0 0 22 0 0 0 0 19 0 
71 79 133 137 89 0 0 52 63 0 0 0 74 60 0 0 0 67 53 0 0 0 59 61 0 
63 57 61 50 72 44 0 0 0 10 78 63 47 48 74 27 0 0 0 25 92 51 49 49 64 
0 0 26 0 69 8 6 36 11 89 0 0 34 0 70 8 7 42 7 96 81 75 115 63 152 
585 586 605 638 586 0 0 0 0 0 0 0 0 0 0 0 0 0 0 0 0 0 0 0 0 
66 128 164 76 84 30 86 105 28 28 0 36 79 0 0 0 42 83 0 0 0 50 68 0 0 
0 0 127 0 0 0 0 94 0 0 82 124 229 127 111 0 0 92 0 0 0 0 114 0 0 
111 133 38 59 134 43 45 0 0 86 44 65 0 0 64 49 49 0 0 75 63 45 0 0 84 
0 49 0 23 36 59 115 57 80 94 0 59 0 27 38 0 55 0 39 40 26 65 22 53 63 
9 7 100 5 12 0 0 87 0 0 0 0 84 0 0 36 39 119 26 29 76 78 152 59 85 
0 0 0 53 80 105 93 74 139 182 0 0 0 61 77 0 0 0 44 97 0 0 0 50 80 
119 190 95 95 104 23 130 0 0 0 33 128 7 8 11 26 91 0 0 0 23 97 0 0 0 
71 36 99 44 102 18 0 34 8 66 16 0 42 0 81 17 0 50 6 61 13 0 38 9 71 
50 7 33 0 1 48 0 21 0 0 63 42 67 32 54 93 58 66 37 42 155 112 140 135 112 
31 12 94 27 27 19 0 70 0 0 6 0 70 0 0 16 0 62 0 0 0 0 63 0 0 
1 0 50 28 8 0 2 0 1 0 0 27 10 0 0 1 0 0 0 0 13 0 0 0 0 
0 62 57 0 0 0 57 45 0 1 21 103 78 21 20 32 109 61 39 41 0 62 51 0 0 
28 0 84 0 41 59 43 114 39 78 25 0 80 0 22 29 0 78 0 28 27 0 95 0 23 
0 2125 0 0 0 0 2187 0 0 0 0 2079 0 0 0 0 2147 0 0 0 0 2074 0 0 0 
25 113 123 13 18 83 218 226 113 74 4 135 127 10 0 45 183 176 92 62 4 135 117 0 0 
85 149 100 0 0 57 153 134 0 0 86 134 147 0 0 86 144 136 0 0 70 149 142 0 0 
0 99 0 123 0 87 157 73 211 86 67 173 42 176 51 0 94 0 125 0 0 107 0 108 0 
0 0 0 0 0 1281 1236 1240 1202 1261 0 0 0 0 0 0 0 0 0 0 0 0 0 0 0 
0 0 91 133 0 0 0 77 112 0 0 0 89 143 0 0 0 86 139 0 0 0 79 139 0 
140 49 53 93 47 142 49 47 106 56 88 0 0 37 0 75 0 0 34 0 80 0 0 41 0 
0 127 0 0 90 0 156 0 0 79 0 161 0 0 89 0 135 0 0 75 0 154 0 0 102 
145 226 149 224 94 44 103 4 85 0 238 343 223 337 151 105 211 79 152 39 153 260 219 269 124 
104 87 294 312 88 0 0 212 211 6 132 109 302 347 107 0 0 164 198 12 1 8 203 209 12 
141 115 109 161 243 1 21 2 8 171 9 11 6 6 159 211 195 163 199 340 225 262 230 239 375 
0 73 0 0 0 0 57 0 0 0 0 69 0 0 0 7 64 5 8 5 180 229 171 157 176 
50 24 38 15 43 41 13 31 0 40 43 13 35 0 31 71 13 35 0 44 115 105 91 77 125 
202 69 0 101 0 205 67 0 104 0 204 56 0 103 0 187 64 0 113 0 198 52 0 112 0 
55 0 0 0 0 62 0 0 0 0 64 0 0 0 0 202 133 145 146 140 52 0 0 0 0 
0 0 1461 0 0 0 0 1493 0 0 0 0 1375 0 0 0 0 1490 0 0 0 0 1456 0 0 
92 0 12 62 28 116 64 53 119 78 108 63 82 89 89 78 24 25 78 33 63 0 0 29 8 
139 142 136 92 213 0 0 8 0 51 75 76 85 80 141 0 0 17 0 56 0 0 13 0 62 
44 85 0 114 0 134 176 96 207 83 115 129 87 210 92 51 78 0 106 0 37 68 0 106 0 
98 109 129 139 175 96 113 102 115 164 0 31 0 0 58 0 30 0 0 53 67 111 78 73 129 
0 70 0 0 0 28 131 32 34 29 42 136 34 32 33 24 113 20 26 29 35 120 42 34 54 
33 11 41 34 0 101 71 111 112 63 43 21 47 37 0 47 9 44 35 0 41 19 37 39 0 
163 0 0 0 0 160 0 0 0 0 254 86 109 126 121 155 0 0 0 0 167 0 0 0 0 
0 0 0 0 819 0 0 0 0 775 0 0 0 0 826 0 0 0 0 818 0 0 0 0 762 
132 128 0 148 44 141 132 4 179 75 201 195 46 255 112 120 126 5 168 77 128 153 1 202 47 
128 0 0 0 0 261 100 87 83 71 158 0 0 0 0 150 0 0 0 0 145 0 0 0 0 
0 0 0 0 0 79 59 75 64 74 0 0 0 0 0 150 120 153 146 141 0 0 0 0 0 
0 22 0 142 0 33 55 45 185 32 0 19 0 132 0 0 16 0 136 0 0 20 0 158 0 
78 53 76 102 125 32 0 40 45 34 13 0 47 61 50 61 47 87 108 79 4 0 39 62 28 
43 51 57 128 108 28 22 31 84 78 0 0 0 77 56 0 0 0 52 51 7 10 8 84 56 
0 10 60 0 0 76 87 169 83 85 0 13 68 0 0 53 73 167 46 60 0 5 56 0 0 
195 1 183 0 0 197 0 168 0 0 197 2 172 4 1 170 1 181 0 0 202 16 171 9 9 
280 89 284 97 175 327 142 337 166 203 325 129 355 183 222 200 4 180 28 112 200 32 235 25 106 
74 172 75 92 72 0 97 0 35 0 21 146 29 38 28 0 112 0 18 0 0 79 0 22 0 
0 0 33 0 58 35 46 78 44 113 55 74 89 53 121 0 0 33 0 61 0 0 49 0 58 
0 0 18 0 213 0 0 17 0 215 0 0 32 0 199 0 0 27 0 201 0 0 27 0 215 
0 0 0 53 0 0 0 0 65 0 60 59 46 148 52 0 0 0 62 0 86 83 88 165 93 
103 0 0 100 0 115 0 0 117 0 104 0 0 95 0 102 0 0 120 0 104 0 0 122 0 
4 45 88 86 1 100 188 186 191 114 149 201 219 213 139 6 79 117 104 15 62 114 135 151 58 
111 137 142 114 243 0 0 0 0 79 0 0 0 0 84 24 29 37 26 126 0 0 0 0 102 
144 255 160 144 160 0 124 0 0 0 86 205 87 97 83 1 107 1 0 0 89 208 75 60 86 
136 126 76 78 77 76 45 0 0 0 85 47 4 4 8 63 47 0 0 0 71 56 0 0 0 
0 134 0 0 0 50 192 70 70 75 0 151 0 0 0 75 228 105 108 76 0 131 0 0 0 
0 0 0 0 0 0 0 0 0 0 0 0 0 0 0 0 0 0 0 0 420 394 422 409 383 
0 0 36 0 0 73 79 91 74 87 0 0 31 0 0 76 73 83 58 76 19 21 59 22 23 
8 15 16 17 52 0 0 0 0 36 80 79 71 69 99 0 0 0 0 32 68 98 78 76 105 
0 0 0 141 0 0 0 0 128 0 0 0 0 153 0 0 0 0 153 0 86 80 87 217 93 
0 66 0 33 72 1 64 0 39 76 0 51 0 34 88 0 59 0 31 73 16 78 25 52 112 
0 112 0 0 0 0 108 0 0 0 0 106 0 0 0 0 96 0 0 0 96 185 99 105 92 
0 0 0 34 0 85 85 89 71 82 60 27 63 52 65 0 0 0 24 0 105 106 113 152 101 
0 0 124 58 0 46 51 171 111 58 0 0 109 42 0 0 0 98 40 0 0 0 134 38 0 
59 0 0 0 0 126 62 61 76 69 99 20 18 20 15 131 47 46 52 41 58 0 0 0 0 
82 35 33 111 37 39 0 0 90 0 48 0 0 84 0 83 35 30 120 32 55 0 0 83 0 
0 0 58 38 0 0 0 47 42 0 100 99 135 130 97 0 0 58 46 0 0 0 64 41 0 
37 0 0 124 90 185 149 138 244 271 9 1 0 102 85 56 55 51 144 117 77 74 95 204 164 
2 6 48 102 6 0 0 47 76 0 51 30 110 113 47 27 42 68 118 36 0 0 48 83 0 
60 7 48 46 14 52 4 37 48 21 121 77 128 120 91 77 16 61 62 24 57 0 45 49 0 
41 0 60 0 59 43 0 66 0 53 26 0 71 0 76 96 59 124 69 110 34 0 58 0 57 
95 29 155 88 53 66 10 138 74 39 69 0 112 30 14 174 54 175 119 96 95 30 176 68 62 
8 84 153 30 115 123 194 292 119 227 34 117 198 52 183 0 48 154 5 110 77 131 219 106 199 
18 19 22 58 51 40 39 34 73 74 0 0 0 32 29 0 0 0 22 18 75 91 91 125 102 
19 34 0 85 0 31 49 0 106 0 79 74 40 133 54 27 38 0 104 0 43 34 0 82 0 
0 0 63 0 0 164 157 216 152 178 0 0 60 0 0 0 0 73 0 0 0 0 71 0 0 
15 7 0 0 81 20 2 0 1 74 67 84 53 58 154 24 24 20 16 90 121 152 123 115 182 
55 11 9 6 20 86 60 62 64 64 94 73 78 85 83 38 0 5 0 12 34 11 13 7 21 
18 94 67 15 29 0 84 63 4 6 0 67 37 0 18 0 74 46 5 12 45 117 92 38 79 
155 204 118 111 116 83 64 49 22 21 43 51 18 0 0 38 50 16 0 0 43 46 15 0 0 
82 0 0 6 0 72 0 0 0 0 95 0 0 24 0 94 0 0 0 0 116 15 23 48 29 
44 82 1 0 0 24 59 0 0 1 14 68 3 0 0 29 56 10 15 21 45 77 40 25 43 
38 76 43 71 29 0 62 11 42 16 2 50 10 46 18 0 43 14 31 13 39 104 64 97 78 
0 0 56 26 11 0 0 45 35 3 0 0 44 40 6 43 53 122 94 61 54 50 100 92 63 
29 38 26 22 32 0 0 0 0 0 72 60 58 62 55 0 0 0 0 0 120 107 99 114 110 
44 39 34 33 42 0 0 16 0 0 0 0 18 0 0 54 49 99 60 46 129 104 137 148 128 
38 40 107 56 50 3 1 57 0 7 62 54 129 56 45 0 0 51 3 0 0 1 59 22 0 
0 0 180 32 0 0 0 141 22 0 19 20 156 37 17 0 0 166 23 0 0 0 162 23 0 
42 70 0 0 0 66 93 38 30 29 67 107 17 14 9 79 119 37 37 41 37 65 0 0 0 
95 132 76 65 75 15 55 5 0 0 90 152 71 58 69 44 79 31 17 20 24 61 0 0 0 
0 122 124 175 0 0 134 124 167 1 0 123 134 179 0 0 119 118 167 0 0 127 121 178 0 
10 0 0 118 0 8 0 0 82 0 89 63 84 179 84 11 0 0 91 0 19 0 0 93 0 
62 84 52 53 80 15 66 12 9 35 51 86 45 40 69 7 41 0 0 36 15 70 10 13 40 
154 194 51 125 129 201 292 111 137 215 175 235 90 134 139 102 118 17 55 82 284 340 152 220 232 
79 175 153 98 105 7 39 62 14 1 33 84 109 44 30 23 76 63 15 24 0 75 62 0 0 
8 34 18 13 83 24 40 34 17 123 8 25 13 11 62 72 96 83 54 184 40 47 52 34 123 
636 489 504 360 442 471 223 289 178 200 475 296 331 189 264 385 152 158 86 146 556 342 434 338 356 
87 59 0 3 0 150 149 73 77 74 70 77 0 0 0 99 86 19 20 15 61 56 0 0 0 
167 307 128 136 127 247 383 159 263 174 160 293 95 150 81 38 193 0 45 0 79 212 45 94 41 
0 0 0 0 62 0 0 0 0 66 0 0 0 0 67 0 0 0 0 62 151 169 148 164 207 
62 2 36 0 15 129 14 58 37 36 122 57 112 59 65 161 95 134 76 117 126 41 52 20 36 
149 0 0 54 0 155 0 0 55 0 141 0 0 40 0 168 0 0 46 0 149 0 0 41 0 
164 106 142 214 112 39 0 90 103 0 86 42 120 183 53 61 6 93 92 25 56 0 83 82 0 
59 102 81 172 150 0 8 3 95 45 0 16 6 62 48 0 11 9 79 44 32 40 25 98 58 
141 127 95 56 15 210 199 151 120 129 134 100 89 37 11 249 218 202 154 157 186 181 137 71 60 
62 140 54 57 53 0 56 0 0 0 5 83 4 5 4 0 63 0 0 0 78 156 65 78 66 
0 0 0 16 0 0 0 0 19 0 0 0 0 18 0 0 0 0 18 0 164 173 200 200 194 
39 0 0 26 37 112 85 76 87 102 39 0 0 21 33 41 0 0 9 42 44 0 0 19 33 
41 0 38 82 76 20 1 32 77 71 58 20 48 113 99 12 0 34 73 76 116 75 106 169 185 
0 79 69 0 74 0 83 68 0 78 0 89 66 0 60 0 76 70 0 72 0 97 75 0 71 
47 23 57 41 32 74 51 92 55 55 23 17 36 18 12 54 45 104 70 49 8 0 32 1 0 
91 0 0 0 61 73 0 0 0 53 105 0 0 0 61 72 0 0 0 54 203 98 91 99 162 
59 102 10 128 77 68 159 15 151 115 41 84 0 130 80 217 277 174 300 207 138 226 123 209 183 
68 83 96 75 60 9 33 36 13 5 0 12 42 0 0 55 67 85 47 44 19 27 55 17 13 
0 0 0 161 42 0 0 0 183 31 30 32 16 178 60 0 0 0 178 37 0 0 0 163 41 
0 0 0 150 13 164 136 134 341 168 0 0 0 171 15 128 132 129 265 113 0 0 0 145 8 
42 141 179 158 71 5 117 174 188 28 86 161 186 187 93 55 221 212 224 91 97 166 201 247 96 
0 0 0 1265 0 0 1 0 1275 0 0 0 0 1265 0 0 0 0 1338 0 0 0 0 1277 0 
195 0 0 0 0 197 13 18 17 20 178 0 0 0 0 196 0 0 0 0 166 0 0 0 0 
92 0 0 0 0 117 0 0 0 0 122 0 0 0 0 102 0 0 0 0 206 88 84 89 99 
305 57 129 158 118 229 0 39 4 16 424 102 170 114 147 447 268 357 279 276 357 105 127 105 111 
12 31 0 0 0 0 54 13 0 21 0 41 0 0 10 1 0 0 4 0 0 35 0 0 0 
82 113 163 127 111 0 0 56 0 0 0 0 76 0 0 0 0 57 0 0 224 253 294 260 245 
3 10 0 71 219 120 131 120 210 345 0 23 0 78 259 0 4 0 83 251 124 141 118 171 314 
16 14 83 15 229 3 0 65 6 167 110 89 178 111 271 137 134 222 166 331 3 2 70 1 184 
138 269 314 228 98 186 248 323 236 113 168 267 289 221 158 71 178 249 131 18 74 207 258 157 32 
0 0 205 0 37 0 0 236 0 34 1 0 220 0 30 0 0 191 0 30 0 0 190 0 33 
0 0 43 49 0 63 45 86 83 53 0 0 34 31 0 49 42 86 72 41 35 26 68 60 24 
68 27 29 80 85 46 0 0 30 68 67 0 0 31 47 60 0 0 43 46 99 51 53 90 88 
