775 568 510 621 688 1142 1002 946 1069 1096 702 593 520 690 773 1046 920 875 945 984 602 419 403 449 613 
232 193 248 227 208 0 0 0 0 0 136 106 149 122 147 0 0 0 0 0 0 0 0 0 0 
109 37 40 175 210 83 0 0 137 154 153 67 30 222 231 44 0 0 87 128 77 0 0 127 131 
131 0 108 139 134 195 42 171 199 195 273 114 240 284 288 216 40 157 182 216 139 0 105 175 154 
147 35 82 124 34 133 10 71 106 0 114 22 76 87 25 127 5 47 110 0 265 185 236 285 169 
120 13 23 0 96 97 5 16 0 130 189 100 95 79 201 159 83 99 58 160 235 114 118 106 243 
0 0 0 0 0 0 0 0 0 0 1035 1050 987 1020 1068 0 0 0 0 0 0 0 0 0 0 
0 0 0 249 0 1 0 3 236 1 101 102 94 355 111 108 102 87 379 121 0 0 0 230 0 
15 8 16 208 5 0 0 0 194 0 43 55 42 213 40 0 0 0 178 0 3 8 4 227 3 
0 0 0 0 0 0 0 0 0 0 0 1 0 0 0 70 79 81 85 86 186 179 175 210 183 
82 93 81 63 199 0 10 0 0 135 0 4 0 0 110 0 5 0 0 118 98 92 90 80 184 
138 148 155 156 157 0 0 0 0 0 0 0 0 0 0 0 0 0 0 0 80 85 67 72 81 
0 0 0 0 0 0 0 0 0 0 0 0 0 0 0 440 443 427 418 439 201 184 193 189 211 
0 235 0 0 95 0 206 0 0 105 148 373 166 143 237 0 213 0 0 102 0 245 0 0 85 
823 0 0 0 0 818 0 0 0 0 816 0 0 0 0 847 0 0 0 0 858 0 0 0 0 
9 0 194 151 176 50 31 243 146 215 116 110 293 232 259 159 178 380 351 325 95 84 257 199 276 
87 147 92 166 83 71 92 80 121 78 0 47 0 58 0 58 110 45 102 54 0 47 0 59 0 
36 6 14 6 18 176 139 148 131 145 36 0 0 0 16 29 0 0 0 30 165 140 140 139 167 
0 0 161 0 0 0 0 143 0 0 0 0 159 0 0 177 148 278 144 147 0 0 154 0 0 
0 80 55 66 0 0 102 56 67 0 57 143 121 139 53 0 90 61 63 0 0 113 67 57 0 
0 0 0 3 143 137 113 106 145 234 127 113 107 108 217 6 2 0 0 106 98 96 107 98 191 
0 0 0 0 0 0 0 0 0 0 0 0 0 0 0 1001 1050 1069 1040 972 0 0 0 0 0 
0 24 69 184 0 0 18 67 152 0 0 20 71 188 0 0 22 62 183 0 0 16 59 197 0 
95 134 85 178 178 8 48 20 78 74 21 60 27 97 111 0 48 0 79 82 0 54 0 68 80 
114 138 129 78 5 114 144 182 93 0 321 309 367 328 203 119 141 141 79 0 283 243 338 245 130 
65 15 19 102 16 69 0 0 111 0 203 152 130 221 123 62 0 0 101 0 105 38 41 168 38 
113 88 45 41 31 138 89 50 60 31 50 43 14 0 0 81 71 18 13 14 81 45 11 0 0 
0 0 189 84 0 0 0 211 75 0 0 0 265 88 0 0 0 240 62 0 0 0 178 59 0 
117 140 147 99 87 0 44 55 0 0 0 47 53 0 0 43 68 97 32 31 0 43 83 0 0 
69 57 77 77 61 118 132 118 144 113 25 43 47 41 44 0 0 0 0 0 0 0 0 0 0 
0 0 0 174 0 0 0 0 190 0 211 220 213 411 224 0 0 0 177 0 0 0 0 164 0 
0 0 0 0 0 155 138 190 145 159 0 0 0 0 0 0 0 0 0 0 81 57 71 64 85 
147 0 40 95 65 151 35 61 145 117 254 98 101 193 177 97 0 0 91 45 211 89 99 192 144 
0 93 0 0 0 0 76 0 0 0 0 64 0 0 0 123 158 84 125 84 50 135 46 50 54 
0 0 98 0 0 85 90 189 113 106 0 0 96 0 0 6 8 103 3 6 13 13 87 9 18 
262 252 211 279 129 129 117 85 119 0 82 111 67 95 0 272 283 168 279 135 145 140 100 152 2 
0 232 0 215 0 0 187 0 205 0 9 218 7 205 8 0 189 0 198 0 0 208 0 213 0 
0 41 0 127 0 0 54 0 151 0 0 46 0 141 0 72 149 78 219 82 0 55 0 137 0 
0 0 0 0 81 82 76 89 64 147 89 80 79 93 135 0 0 0 0 76 0 0 0 0 89 
51 241 308 41 179 15 199 247 2 120 67 250 314 54 174 76 264 278 92 216 206 318 372 163 257 
0 59 47 0 119 25 111 66 20 138 38 121 112 52 117 0 77 37 0 83 0 77 46 0 103 
120 104 125 140 146 18 0 0 44 0 13 0 0 49 0 17 0 0 49 0 97 78 71 127 92 
69 0 65 0 0 64 0 77 0 0 113 53 107 48 50 101 16 79 13 13 68 0 74 0 0 
0 19 84 0 99 0 12 73 0 110 0 15 74 0 111 0 16 95 0 138 0 13 71 0 107 
25 48 125 66 22 53 84 135 91 41 0 41 110 26 0 38 67 141 99 30 0 21 101 45 0 
0 75 0 0 0 0 72 0 0 0 136 266 134 147 140 0 95 0 0 0 16 96 19 29 30 
0 0 0 85 0 74 73 59 138 92 0 1 0 86 0 0 0 0 98 0 85 68 64 174 72 
49 0 87 48 0 57 0 106 53 0 59 0 88 50 0 46 0 101 54 0 44 0 94 46 0 
84 51 0 32 0 109 83 17 51 26 104 92 0 27 0 122 57 0 42 0 99 66 0 35 0 
0 0 0 0 35 260 246 254 261 285 0 0 0 0 52 0 0 0 0 51 0 0 0 0 51 
100 60 61 131 91 67 46 54 107 86 26 0 0 57 13 30 0 0 60 12 41 13 9 61 33 
30 62 8 6 10 19 55 0 0 0 23 76 0 0 0 134 170 127 126 118 27 77 0 0 0 
0 0 0 21 0 186 170 197 198 164 0 0 0 23 0 0 0 0 22 0 0 0 0 18 0 
83 95 158 164 115 0 0 61 72 0 0 0 80 71 0 0 0 77 69 0 0 0 74 78 0 
66 65 62 54 78 45 0 0 0 12 94 70 51 56 81 33 0 0 0 26 96 50 50 50 67 
0 0 28 0 84 12 6 47 12 105 0 0 41 0 90 15 8 52 8 114 109 114 153 85 208 
74 142 161 76 88 43 102 123 31 33 0 44 90 0 0 1 46 86 0 0 0 43 78 0 0 
0 0 128 0 0 0 0 97 0 0 88 121 225 122 110 0 0 92 0 0 0 0 112 0 0 
105 120 35 68 149 39 41 0 0 93 43 59 0 0 79 49 45 0 0 94 64 49 0 0 88 
0 49 0 15 0 50 102 49 51 57 0 56 0 20 9 0 52 0 31 0 14 42 11 31 27 
9 8 123 7 16 0 0 101 0 0 0 0 100 0 0 44 49 149 32 32 99 96 195 71 99 
0 0 0 51 75 88 81 63 117 163 0 0 0 49 73 0 0 0 36 84 0 0 0 47 73 
95 172 81 74 84 22 107 0 0 0 33 117 7 8 9 23 77 0 0 0 25 81 2 3 0 
76 35 105 50 101 21 0 42 8 60 21 0 46 0 75 22 0 55 0 60 0 0 33 0 58 
67 0 14 0 3 76 8 14 0 0 102 53 61 52 81 107 34 19 8 1 151 76 85 96 70 
31 34 118 42 51 0 0 81 0 0 0 0 77 0 0 4 0 70 0 2 36 31 103 38 20 
0 62 64 0 0 0 65 37 0 0 20 103 75 20 21 32 109 55 40 42 0 61 52 0 0 
10 0 79 0 28 25 36 98 34 50 3 0 65 0 5 0 0 66 0 4 9 0 81 0 11 
0 2156 0 0 0 0 2245 0 0 0 0 2090 0 0 0 0 2171 0 0 0 0 2117 0 0 0 
16 88 72 12 13 72 146 145 64 55 5 86 79 6 0 23 150 96 57 27 7 93 66 0 0 
72 147 115 0 0 60 149 131 0 0 84 141 134 0 0 77 159 134 0 0 61 151 148 0 0 
0 92 0 98 0 79 150 58 193 89 73 166 41 164 54 0 78 0 109 0 0 94 0 82 0 
0 0 0 0 0 1278 1236 1235 1203 1270 0 0 0 0 0 0 0 0 0 0 0 0 0 0 0 
0 0 80 125 0 0 0 74 106 0 0 0 81 127 0 0 0 79 125 0 0 0 72 128 0 
126 41 49 78 37 134 51 46 94 56 77 0 0 33 0 76 0 0 33 0 81 0 0 39 0 
0 130 0 0 91 0 152 0 0 85 0 164 0 0 91 0 143 0 0 77 0 148 0 0 95 
181 274 166 174 73 114 208 98 110 6 218 354 204 248 84 224 344 241 237 113 156 297 242 194 122 
92 82 272 263 90 0 0 181 180 5 122 119 293 303 101 0 0 159 186 4 15 24 199 189 25 
142 119 116 152 256 9 17 3 5 147 11 17 9 19 163 196 211 164 181 355 220 258 245 214 356 
0 121 0 0 0 0 95 0 0 0 0 124 0 0 0 7 101 4 7 3 271 342 274 259 256 
46 23 36 11 41 39 14 27 0 37 38 12 33 0 29 63 13 29 0 40 104 96 85 73 111 
201 69 0 101 0 203 67 0 104 0 203 54 0 104 0 180 59 0 96 0 204 60 2 116 0 
0 0 1482 0 0 0 0 1503 0 0 0 1 1409 0 0 0 0 1503 0 0 0 0 1468 0 0 
62 0 8 48 18 92 58 50 84 64 87 63 54 70 74 63 26 15 67 28 48 0 0 21 10 
107 113 121 77 176 0 0 7 0 46 55 80 64 57 100 0 0 20 0 50 0 0 10 0 56 
31 69 0 77 0 127 156 96 147 82 69 94 49 140 55 43 60 0 65 0 28 61 0 68 0 
74 84 78 81 126 77 89 63 58 115 0 23 0 0 51 0 24 0 0 33 59 77 54 51 97 
0 67 1 0 0 26 112 27 33 26 34 126 33 31 30 23 106 22 27 29 37 117 44 33 52 
30 11 41 33 0 102 70 112 111 63 42 21 47 34 0 47 9 44 35 0 41 19 37 38 0 
144 0 0 0 0 130 0 0 0 0 214 72 102 97 102 117 0 0 0 0 126 0 0 0 1 
0 0 0 0 831 0 0 0 0 786 0 0 0 0 838 0 0 0 0 827 0 0 0 0 771 
75 123 90 204 174 0 12 5 110 62 0 15 10 69 76 0 17 8 107 68 31 41 25 116 70 
143 0 0 0 0 284 100 92 89 77 178 0 0 0 1 161 0 0 0 0 150 0 0 0 0 
0 0 0 0 0 76 58 72 75 75 0 0 0 0 0 158 130 155 156 166 0 0 0 0 0 
0 22 0 148 0 40 63 51 200 35 0 19 0 135 0 0 16 0 143 0 0 20 0 167 0 
135 46 97 75 138 91 0 73 25 48 104 12 87 39 65 180 105 148 96 149 77 0 37 19 44 
51 55 66 145 125 34 26 37 89 92 0 0 0 90 64 0 0 0 54 55 8 9 10 92 60 
0 5 63 0 0 98 91 190 100 110 0 9 78 0 0 67 73 183 54 79 0 0 62 0 0 
204 5 190 0 0 202 3 172 0 0 197 4 182 3 0 178 0 178 0 0 213 20 184 9 10 
342 131 328 134 192 387 194 430 196 227 337 149 389 181 236 256 23 251 74 134 215 36 253 59 110 
65 152 69 82 66 0 86 0 27 0 17 128 28 32 27 0 104 0 17 0 0 75 0 21 0 
0 0 35 0 60 37 48 80 44 116 56 77 92 56 126 0 0 34 0 64 0 0 52 0 59 
0 0 17 0 221 0 0 19 0 207 0 0 29 0 186 0 0 30 0 207 0 0 29 0 214 
0 0 0 53 0 0 0 0 64 0 56 61 50 146 45 0 0 0 62 0 93 82 92 166 93 
118 0 0 115 0 143 0 0 139 0 143 0 0 124 0 125 0 0 138 0 135 0 0 137 0 
2 44 97 76 5 112 187 199 190 112 167 213 242 231 140 18 73 114 108 28 77 126 134 146 61 
96 117 107 100 195 0 0 0 0 69 0 0 0 0 65 20 22 25 20 94 0 0 0 0 70 
107 205 122 114 117 0 111 0 0 0 63 180 79 79 74 0 108 0 0 0 74 183 71 70 82 
183 175 101 104 95 104 51 0 0 0 109 59 7 5 8 94 71 0 0 0 89 65 0 0 0 
0 123 0 0 0 39 185 62 54 77 0 137 0 0 0 60 211 86 89 73 0 119 0 0 0 
0 0 0 0 0 0 0 0 0 0 0 0 0 0 0 0 0 0 0 0 458 416 452 428 397 
0 0 37 0 0 73 79 92 75 87 0 0 31 0 0 77 75 85 59 79 19 25 59 21 26 
9 15 19 18 53 0 0 0 0 38 79 82 74 72 101 0 0 0 0 34 70 105 80 81 110 
0 0 0 134 0 0 0 0 122 0 0 0 0 147 0 0 0 0 152 0 79 77 84 209 85 
0 66 0 32 69 1 64 0 38 77 0 55 0 33 86 2 60 0 32 72 19 78 25 56 112 
0 24 0 28 0 83 99 87 71 77 85 78 77 66 76 0 15 0 18 0 123 152 126 151 117 
0 0 116 55 0 43 44 155 106 50 0 0 102 39 0 0 0 89 38 0 0 0 126 35 0 
59 0 0 0 0 125 61 61 75 68 98 20 18 19 15 131 46 45 51 41 57 0 0 0 0 
79 35 33 111 37 29 0 0 91 0 39 0 0 85 0 76 35 30 120 32 49 0 0 83 0 
0 0 63 43 0 0 0 55 43 0 101 98 149 132 97 0 0 62 47 0 0 0 67 42 0 
2 9 51 107 7 0 0 52 82 0 51 30 108 128 49 30 44 84 120 36 0 0 50 85 0 
52 2 57 48 13 51 0 48 40 17 155 86 140 141 115 88 12 57 54 22 56 0 50 44 0 
53 0 69 0 73 55 0 77 0 80 36 0 89 0 96 117 59 138 70 139 42 0 76 0 72 
84 25 147 75 56 65 13 133 61 32 53 0 93 30 9 141 50 171 104 87 88 33 181 63 63 
18 95 174 30 146 134 211 290 118 253 31 120 198 58 191 0 48 164 1 114 75 140 216 105 231 
22 21 23 65 54 43 41 36 83 80 0 0 0 33 32 0 0 0 25 19 78 101 97 131 105 
29 47 1 114 1 35 66 0 153 0 117 102 71 176 78 34 54 0 141 0 51 43 0 111 0 
0 0 56 0 0 165 149 225 152 177 0 0 63 0 0 0 0 79 0 0 0 0 70 0 0 
60 12 10 6 21 87 61 62 64 64 96 76 78 86 83 40 0 5 0 12 34 11 14 7 21 
24 132 84 21 34 0 113 79 9 9 0 91 55 0 21 0 115 66 6 13 50 160 120 46 95 
129 164 85 91 89 61 59 38 18 18 36 54 15 0 0 35 43 14 0 0 28 41 13 0 0 
74 93 16 22 22 57 50 3 0 3 56 78 19 10 17 70 77 38 46 51 91 83 54 33 51 
37 76 43 71 29 0 62 10 40 16 2 51 10 46 19 0 44 14 31 13 39 103 64 97 78 
0 0 59 29 11 0 0 48 35 3 0 0 44 42 7 45 55 133 97 68 56 54 110 99 69 
29 38 26 22 30 0 0 0 0 0 71 59 56 62 54 0 0 0 0 0 120 106 99 114 109 
49 35 11 38 41 0 0 0 0 0 0 0 0 0 0 52 43 74 61 72 119 108 104 157 144 
30 34 94 38 39 0 4 56 12 0 61 49 128 43 47 0 0 53 0 2 0 0 60 7 0 
0 0 126 4 0 0 0 78 0 0 18 20 70 0 18 0 0 85 4 0 0 0 120 5 0 
45 73 0 0 0 70 100 42 30 32 69 115 18 16 11 84 123 37 39 43 38 66 0 0 0 
81 110 65 50 58 12 42 3 0 0 70 121 59 48 51 33 65 26 16 14 22 52 0 0 0 
0 126 129 184 0 0 136 134 176 0 0 114 138 191 2 0 127 125 170 0 0 144 130 179 0 
25 0 0 207 0 11 0 0 143 0 135 108 119 248 109 15 0 0 137 0 24 2 0 152 4 
175 198 38 116 121 215 324 110 157 212 181 269 117 149 150 105 151 8 37 74 287 422 188 230 253 
68 181 114 82 101 6 41 62 14 4 32 74 109 31 35 26 73 57 11 27 0 55 54 0 0 
0 24 19 0 61 0 23 17 0 95 4 14 14 0 46 52 62 63 38 134 25 32 31 28 95 
725 601 689 467 596 478 266 334 175 228 462 294 399 192 292 388 147 192 54 181 616 392 498 351 441 
87 68 0 4 2 176 156 73 76 68 92 85 0 0 0 92 90 23 18 18 74 62 0 0 0 
182 307 135 161 130 279 377 169 281 193 166 284 104 177 96 59 179 0 56 0 92 183 55 75 30 
0 0 0 0 52 0 0 0 0 56 0 0 0 0 65 0 0 0 0 58 134 157 141 152 185 
149 0 0 54 0 156 0 0 55 0 140 0 0 40 0 167 0 0 46 0 147 0 0 41 0 
187 147 184 258 136 51 0 93 133 0 105 62 133 204 74 61 4 112 105 30 59 0 89 93 0 
125 130 100 65 15 189 191 162 123 115 102 96 84 44 20 241 217 218 146 146 132 157 131 53 51 
58 131 52 57 54 0 55 0 0 0 6 80 4 5 4 0 64 0 0 0 76 154 62 76 65 
0 0 0 17 0 0 0 0 21 0 0 0 0 21 0 0 0 0 22 0 181 196 223 230 217 
61 10 61 124 100 10 0 33 114 92 69 21 49 139 107 16 0 41 107 77 150 77 126 212 206 
0 120 80 0 100 0 100 82 0 104 0 129 59 0 88 0 99 100 0 101 0 119 78 0 104 
54 25 61 48 35 80 58 104 68 61 25 17 43 21 14 62 56 125 79 53 8 0 33 3 0 
78 0 0 0 51 64 0 0 0 50 85 0 0 0 60 64 0 0 0 50 176 92 83 94 154 
72 110 0 112 50 67 109 1 139 86 97 105 6 157 91 173 214 113 226 180 108 146 41 146 122 
85 111 112 87 78 12 36 46 14 8 0 13 47 0 0 65 82 97 64 52 27 32 58 24 12 
0 0 0 140 37 0 0 0 160 28 28 29 16 157 51 0 0 0 149 34 0 0 0 138 38 
0 0 0 179 12 202 182 156 433 210 0 0 0 195 12 147 158 158 345 139 0 0 0 172 6 
66 155 177 193 91 36 115 158 195 39 75 139 158 220 99 83 220 215 247 119 112 155 194 260 96 
0 0 0 1282 0 0 0 0 1268 0 0 0 0 1305 0 0 0 0 1351 1 0 0 0 1330 0 
195 0 0 0 0 197 13 18 17 20 178 0 0 0 0 196 0 0 0 0 166 0 0 0 0 
92 0 0 0 0 117 0 0 0 0 122 0 0 0 0 102 0 0 0 0 205 88 85 89 99 
178 73 57 90 90 71 0 0 13 11 168 40 47 45 37 161 43 58 86 68 225 144 125 147 164 
14 12 0 0 20 0 38 0 0 1 0 0 0 0 0 38 42 22 39 60 0 0 0 0 6 
63 65 115 98 74 1 0 45 0 0 0 0 59 0 0 0 0 60 0 0 160 162 191 174 163 
1 11 0 95 240 116 127 122 226 361 1 28 0 85 268 0 16 1 94 294 126 162 119 198 334 
21 29 78 17 262 6 4 53 5 192 127 118 191 135 328 160 155 255 209 398 2 8 61 7 222 
136 233 263 220 82 122 239 307 195 91 137 234 282 190 121 43 149 191 94 12 51 163 206 147 0 
124 0 0 13 0 110 0 0 0 0 121 0 0 0 0 120 0 0 0 0 154 20 30 6 40 
49 70 33 35 50 0 40 0 0 0 51 83 44 40 55 7 32 0 0 27 0 50 0 0 11 
618 634 641 689 633 0 0 0 0 0 0 0 0 0 0 0 0 0 0 0 0 0 0 0 0 
69 57 0 0 0 93 72 17 15 15 139 94 36 37 29 93 72 0 0 0 106 103 25 30 34 
35 0 0 64 75 87 49 47 94 127 22 0 2 58 71 49 10 15 63 69 30 31 35 80 85 
12 4 0 0 78 16 1 0 0 69 66 72 45 46 141 22 21 15 15 78 107 127 99 104 147 
55 0 0 0 0 62 0 0 0 0 64 0 0 0 0 202 133 146 146 142 52 0 0 0 0 
71 150 94 113 134 95 247 120 149 201 8 101 36 40 45 124 194 128 151 126 118 224 163 165 170 
0 0 0 0 0 34 36 31 21 24 0 0 0 0 0 60 72 72 66 94 103 102 104 103 131 
155 13 66 12 14 180 1 36 0 9 284 70 138 96 97 283 149 244 153 159 219 56 87 29 40 
10 0 29 0 0 22 0 15 0 0 28 0 32 18 0 81 53 79 69 65 27 2 26 0 0 
0 0 215 0 42 0 0 225 0 34 0 0 191 0 28 0 0 188 0 23 0 1 172 0 28 
105 73 0 117 40 99 72 0 111 80 135 120 37 138 77 83 56 0 125 56 77 78 0 131 37 
48 74 48 73 36 14 23 0 28 0 69 99 62 99 41 15 46 7 43 5 63 61 59 87 32 
0 0 49 53 0 76 53 99 103 62 0 0 42 33 0 55 43 103 81 43 44 30 83 70 27 
2 0 0 0 0 0 0 0 0 0 0 0 0 0 0 0 0 0 0 0 0 0 0 14 0 
