922 844 718 735 855 1089 1138 1039 962 1088 741 674 638 720 784 1076 1014 976 1024 1056 666 569 476 443 659 
234 186 244 210 200 0 0 0 0 0 151 90 153 131 148 0 0 0 0 0 0 0 0 0 0 
121 54 27 201 240 93 0 0 167 142 153 45 23 222 206 89 0 0 126 147 89 3 0 136 162 
161 0 113 181 159 247 37 217 259 231 314 144 277 351 356 226 62 166 235 222 160 0 123 216 172 
163 58 102 146 45 126 9 71 119 0 135 26 80 111 22 110 2 47 115 0 286 180 238 312 176 
101 9 22 2 100 105 5 20 0 117 203 93 106 82 179 159 67 89 56 149 229 112 134 104 242 
0 0 0 0 0 0 0 0 0 0 1037 1041 992 1023 1053 0 0 0 0 0 0 0 0 0 0 
0 0 0 282 0 1 0 2 260 0 137 119 118 398 129 122 131 104 437 132 0 0 0 256 0 
13 8 14 175 5 0 0 0 189 0 40 45 36 177 30 0 0 0 152 0 3 6 3 180 3 
0 0 0 0 0 0 0 0 0 0 0 0 0 0 0 67 73 77 69 96 204 186 166 209 182 
75 98 69 65 170 0 16 0 0 96 0 1 0 0 101 0 4 0 0 102 80 72 80 70 173 
163 166 163 172 167 0 0 0 0 0 0 0 0 0 0 0 0 0 0 0 93 92 86 72 89 
0 0 0 0 0 0 0 0 0 0 0 0 0 0 0 443 441 433 414 427 195 185 188 197 210 
0 193 0 0 80 0 164 0 0 94 118 313 139 120 198 0 177 0 0 91 0 208 0 0 74 
807 0 0 0 0 803 0 0 0 0 797 0 0 0 0 828 0 0 0 0 838 0 0 0 0 
57 20 205 152 174 66 12 204 149 169 117 102 286 228 223 199 180 353 339 316 143 97 261 229 301 
78 126 78 145 60 61 88 69 113 70 0 38 0 56 0 49 93 53 88 44 0 43 0 50 0 
30 7 12 8 19 114 94 101 93 98 31 0 0 0 16 29 0 0 1 18 115 99 83 95 127 
0 0 144 0 0 0 0 133 0 0 0 0 144 0 0 146 129 251 113 128 0 0 156 0 0 
0 77 49 52 0 0 88 45 51 0 38 105 94 109 37 0 76 51 52 0 0 71 61 42 0 
0 2 0 3 132 149 101 110 146 233 148 142 113 125 227 3 5 0 2 125 78 87 101 95 192 
0 0 0 0 0 0 0 0 0 0 0 0 0 0 0 1041 1108 1095 1086 1023 0 0 0 0 0 
0 20 63 150 0 0 20 60 137 0 0 20 50 166 0 0 18 59 165 0 0 16 57 168 0 
76 53 0 0 0 90 80 15 16 15 146 103 39 41 30 94 66 0 0 0 109 104 25 28 36 
75 124 72 172 151 4 48 17 65 72 11 46 21 74 94 0 39 0 56 71 0 32 0 62 66 
126 133 156 90 15 140 143 222 76 6 321 317 379 317 217 149 141 172 95 9 308 254 366 248 157 
82 11 16 111 21 74 0 0 111 0 224 164 139 247 132 83 0 0 117 0 109 43 41 183 38 
115 95 44 46 29 138 95 46 58 32 61 46 14 0 0 85 76 18 13 14 85 48 5 0 0 
0 0 162 66 0 0 0 178 61 0 0 0 212 63 0 0 0 190 56 0 0 0 153 52 0 
152 191 203 138 125 3 62 81 0 0 0 56 69 0 0 40 73 113 34 45 0 49 102 0 0 
93 61 84 89 82 136 157 131 136 147 32 59 63 46 55 0 0 0 0 0 0 0 0 0 0 
0 0 0 176 0 0 0 0 188 0 238 242 226 426 253 0 0 0 178 0 0 0 0 164 0 
0 0 0 0 0 146 135 170 140 140 0 0 0 0 0 0 0 0 0 0 76 54 67 62 80 
141 0 9 87 56 155 46 68 132 109 246 103 99 182 168 102 0 0 80 46 215 83 102 168 125 
0 117 0 0 0 0 96 0 0 0 0 83 0 0 0 138 195 120 146 103 78 162 49 63 57 
0 0 114 0 0 102 102 203 121 117 0 0 107 0 0 11 10 103 6 11 15 13 97 12 15 
278 257 216 286 124 107 110 64 111 0 95 117 53 113 0 281 266 169 317 132 142 135 89 156 2 
0 0 0 0 0 35 40 35 19 25 0 0 0 0 0 80 83 87 81 116 117 112 106 113 149 
0 233 0 207 0 0 191 0 205 0 8 209 7 204 8 0 194 0 207 0 0 203 0 209 0 
0 45 0 127 0 0 51 0 150 0 0 47 0 144 0 71 154 70 224 80 0 56 0 144 0 
0 0 0 0 75 85 72 83 63 136 89 76 73 83 128 0 0 0 0 75 0 0 0 0 76 
92 280 354 64 267 47 196 267 8 190 85 276 364 62 270 95 312 313 88 262 191 343 398 160 323 
0 57 40 0 101 24 83 54 17 113 29 98 97 45 90 0 66 26 0 76 0 75 35 0 85 
117 96 110 122 133 15 0 0 38 0 13 0 0 40 0 19 0 0 45 0 94 69 67 122 88 
94 0 74 0 0 77 0 91 0 0 138 64 131 60 60 120 18 98 15 14 75 1 99 0 0 
0 18 84 0 100 0 13 74 0 118 0 18 82 0 115 0 14 99 0 146 0 14 85 0 117 
19 57 159 96 35 60 73 172 121 65 0 45 122 40 0 50 87 168 126 56 0 28 108 65 0 
0 65 0 0 0 0 73 0 0 0 120 231 114 137 131 0 93 0 0 0 14 80 18 25 30 
0 0 0 83 0 67 76 56 145 88 0 0 0 75 0 0 0 0 91 0 81 75 69 172 70 
49 0 92 48 0 57 0 109 52 0 59 0 93 49 0 46 0 102 54 0 44 0 98 47 0 
80 48 0 29 0 107 75 17 48 26 100 92 0 27 0 114 55 0 42 0 94 60 0 37 0 
0 0 0 0 27 204 202 202 206 234 0 0 0 0 40 0 0 0 0 35 0 0 0 0 39 
117 57 71 139 93 77 47 62 125 80 28 0 0 59 13 41 0 0 66 15 51 15 9 68 37 
34 88 10 8 15 20 73 0 0 0 23 98 0 0 0 165 203 162 146 148 28 101 0 0 0 
0 0 0 22 0 188 168 203 205 168 0 0 0 23 0 0 0 0 25 0 0 0 0 19 0 
72 83 137 148 93 0 0 53 66 0 0 0 77 64 0 0 0 72 53 0 0 0 59 64 0 
59 54 53 45 67 39 0 0 0 10 76 60 42 41 71 30 0 0 0 22 92 49 44 48 60 
0 0 28 0 85 10 7 40 16 107 0 0 40 0 77 10 9 51 10 109 94 86 135 76 175 
585 585 605 638 586 0 0 0 0 0 0 0 0 0 0 0 0 0 0 0 0 0 0 0 0 
60 128 160 75 79 32 85 105 35 29 0 35 81 0 0 0 42 91 0 0 0 41 80 0 0 
0 0 121 0 0 0 0 98 0 0 80 122 220 116 110 0 0 94 0 0 0 0 113 0 0 
90 105 34 50 119 33 38 0 0 76 37 52 0 0 60 38 41 0 0 65 51 40 0 0 70 
0 49 0 22 34 59 114 56 79 92 0 59 0 26 36 0 54 0 39 40 26 65 22 52 61 
9 7 99 5 12 0 0 87 0 0 0 0 83 0 0 34 39 120 27 29 75 77 150 59 85 
0 0 0 56 83 96 87 63 126 174 0 0 0 50 80 0 0 0 37 89 0 0 0 50 76 
101 192 85 82 91 28 127 0 0 0 28 130 2 0 0 21 82 0 0 0 23 97 3 3 0 
72 29 93 30 94 15 0 44 6 62 18 0 41 0 70 19 0 54 3 57 11 0 38 8 66 
45 0 33 0 2 45 0 24 0 0 57 45 68 40 41 92 48 68 31 34 137 106 136 137 101 
42 19 97 39 39 26 0 74 0 0 17 0 61 0 0 17 0 62 0 0 36 5 62 0 2 
0 0 33 6 0 0 0 0 0 0 0 18 0 0 0 0 0 0 0 0 10 0 0 0 2 
0 61 65 0 0 0 63 51 0 0 18 100 76 21 21 32 106 57 40 42 0 54 57 0 0 
24 0 86 0 37 62 43 119 37 73 23 0 80 0 26 27 0 81 0 20 28 0 93 0 24 
0 2107 0 0 0 0 2182 0 0 0 0 2054 0 0 0 0 2117 0 0 0 0 2064 0 0 0 
27 140 140 19 7 90 263 269 132 93 11 153 155 3 0 70 245 229 97 62 7 159 124 3 0 
70 126 89 0 0 57 119 117 1 0 73 116 117 0 0 78 125 99 0 0 56 115 118 0 0 
0 109 0 127 0 93 218 89 206 107 77 168 45 176 54 0 84 0 129 0 0 116 0 118 0 
0 0 0 0 0 1276 1238 1239 1200 1265 0 0 0 0 0 0 0 0 0 0 0 0 0 0 0 
0 0 84 135 0 0 0 78 109 0 0 0 87 146 0 0 0 86 139 0 0 0 79 139 0 
133 45 47 81 38 136 50 49 99 56 84 0 0 34 0 71 0 0 32 0 79 0 0 43 0 
0 120 0 0 79 0 139 0 0 73 0 151 0 0 86 0 131 0 0 70 0 137 0 0 91 
162 260 145 241 99 97 157 22 117 2 304 403 207 345 136 147 228 75 154 28 192 306 212 265 105 
94 76 260 285 76 0 0 188 196 0 98 100 275 281 85 0 0 160 185 4 0 4 203 180 7 
150 115 114 142 248 0 21 0 23 156 12 10 7 16 160 183 205 172 189 353 202 227 229 229 360 
0 72 0 0 0 0 56 0 0 0 0 67 0 0 0 8 67 4 7 4 163 212 174 148 170 
76 38 50 19 64 66 11 22 0 70 58 10 34 0 42 104 9 31 0 55 184 139 134 113 178 
204 71 0 103 0 213 67 0 105 0 207 57 0 109 0 194 69 0 114 0 209 51 0 111 0 
55 0 0 0 0 62 0 0 0 0 64 0 0 0 0 202 133 145 146 141 52 0 0 0 0 
0 0 1440 0 0 0 0 1461 0 0 0 0 1344 0 0 0 0 1467 0 0 0 0 1432 0 0 
56 4 6 39 20 78 51 41 78 58 76 51 49 60 62 49 23 16 53 27 47 0 0 23 10 
124 123 122 94 203 0 0 9 0 50 62 82 78 70 120 0 0 22 0 55 0 0 11 0 60 
45 92 0 118 0 141 189 99 219 89 118 140 91 215 95 54 79 0 107 0 39 73 0 115 0 
72 85 79 75 128 75 76 62 70 99 0 24 0 0 45 0 18 0 0 34 52 78 49 50 84 
0 69 0 0 0 31 137 32 31 29 35 146 39 35 33 27 124 27 28 32 38 116 40 30 50 
33 8 41 34 0 103 70 111 112 62 43 20 47 37 0 47 7 44 35 0 41 19 37 39 0 
156 0 0 0 0 154 0 0 0 0 242 83 114 114 127 137 0 0 0 0 175 0 0 0 0 
0 0 0 0 827 0 0 0 0 781 0 0 0 0 836 0 0 0 0 825 0 0 0 0 771 
109 95 0 135 48 126 102 1 146 66 160 172 41 214 109 114 104 3 169 82 110 160 0 185 54 
129 0 0 0 0 257 100 97 82 70 157 0 0 0 0 153 0 0 0 0 159 0 0 0 0 
0 0 0 0 0 72 55 70 64 70 0 0 0 0 0 140 116 137 141 135 0 0 0 0 0 
0 22 0 156 0 33 57 49 206 34 0 18 0 142 0 0 15 0 149 0 0 18 0 178 0 
112 66 121 138 161 81 0 81 60 63 59 0 92 77 65 137 89 154 138 145 19 0 59 52 54 
53 67 70 155 134 34 26 42 95 91 0 0 0 91 67 0 0 0 59 57 10 16 10 93 66 
0 7 62 0 0 76 94 173 80 89 0 9 66 1 0 53 73 159 45 61 0 5 58 0 0 
199 4 194 0 0 207 3 172 0 0 206 5 187 4 1 173 0 190 0 0 212 24 185 11 10 
317 108 321 124 200 358 152 375 177 230 392 160 368 177 245 239 29 196 48 134 231 57 235 42 133 
71 175 73 95 74 0 97 0 31 0 19 141 35 41 28 0 118 0 18 0 0 82 0 22 0 
0 0 34 0 63 36 48 81 45 115 57 80 90 57 129 0 0 36 0 63 0 0 53 0 60 
0 0 22 0 209 0 0 17 0 201 0 0 31 0 198 0 0 30 0 204 0 0 26 0 206 
0 0 0 50 0 0 0 0 59 0 52 58 43 138 45 0 0 0 59 0 85 78 81 158 85 
87 0 0 95 0 108 0 0 113 0 100 0 0 89 0 92 0 0 114 0 98 0 0 110 0 
9 48 83 67 10 112 174 186 170 127 157 222 261 229 163 3 56 106 96 14 82 111 126 119 40 
105 142 120 116 232 0 0 0 0 78 0 0 0 0 75 21 26 28 24 117 0 0 0 0 88 
140 259 157 154 158 0 139 0 0 0 93 215 86 91 92 0 109 0 0 0 85 218 85 71 84 
136 126 76 78 78 76 45 0 0 0 85 47 4 4 8 63 47 0 0 0 71 56 0 0 0 
0 137 0 0 0 45 195 68 75 79 0 156 0 0 0 78 227 101 117 74 0 135 0 0 1 
0 0 0 0 0 0 0 0 0 0 0 0 0 0 0 0 0 0 0 0 416 387 420 403 374 
0 0 36 0 0 75 81 95 77 90 0 0 32 0 0 77 77 89 60 80 17 25 60 20 27 
6 11 14 17 50 0 0 0 0 36 80 79 71 69 99 0 0 0 0 33 64 96 75 75 104 
0 0 0 132 0 0 0 0 129 0 0 0 0 147 0 0 0 0 151 0 79 76 84 212 83 
0 65 0 32 72 0 62 0 39 75 0 54 0 33 90 0 60 0 32 73 17 77 24 55 113 
0 112 0 0 0 0 108 0 0 0 0 106 0 0 0 0 96 0 0 0 97 185 99 105 92 
0 0 0 9 0 77 51 84 65 80 56 21 64 57 58 0 0 0 18 0 108 83 103 135 108 
0 0 117 55 0 43 45 155 106 49 0 0 102 39 0 0 0 89 38 0 0 0 126 35 0 
59 0 0 0 0 126 62 61 76 69 97 19 16 19 13 131 46 46 52 39 58 0 0 0 0 
83 34 33 111 37 39 0 0 89 0 48 0 0 84 0 83 33 30 119 32 54 0 0 83 0 
0 0 37 33 0 0 0 25 35 0 101 99 116 120 97 0 0 31 34 0 0 0 50 31 0 
28 0 0 61 90 82 62 68 111 162 26 0 3 74 90 53 16 28 74 90 31 29 47 77 100 
3 7 51 98 7 0 0 48 82 0 57 32 113 123 48 31 41 74 115 37 0 0 49 88 0 
54 4 44 47 9 47 3 37 43 22 123 78 117 116 90 72 18 51 51 22 48 0 48 44 2 
45 0 60 0 63 39 0 62 0 60 28 0 72 0 75 102 60 123 69 122 33 0 61 0 57 
86 7 169 113 43 86 3 158 84 26 57 0 138 33 3 188 71 256 135 115 101 28 202 68 60 
12 84 147 30 128 146 225 306 116 267 34 117 205 38 163 0 57 168 2 113 88 154 239 108 214 
36 22 32 79 57 55 60 58 109 108 0 0 0 43 33 0 0 0 32 18 110 115 123 171 135 
18 31 0 85 0 29 48 0 105 0 76 75 40 134 57 28 37 0 107 0 40 33 0 79 0 
0 0 54 0 0 165 148 210 154 179 0 0 58 0 0 0 0 77 0 0 0 0 65 0 0 
11 11 0 0 88 22 3 0 0 83 90 82 67 65 166 34 23 18 23 101 140 174 150 154 215 
60 7 10 0 16 90 63 72 65 74 107 84 86 97 95 41 1 4 0 10 33 8 6 2 22 
18 92 65 15 29 0 81 62 5 6 0 68 39 0 18 0 73 47 5 12 43 117 93 38 76 
156 196 104 96 106 82 64 50 22 23 41 51 24 0 0 41 48 13 0 0 36 47 17 0 0 
85 94 16 16 17 52 58 0 0 0 65 73 17 10 17 76 86 40 42 51 89 83 56 30 48 
38 75 42 71 28 0 61 11 41 15 0 50 11 43 18 0 42 13 31 13 39 102 63 96 77 
0 0 56 27 11 0 0 45 35 3 0 0 44 40 6 42 53 122 94 61 53 50 99 92 62 
27 37 21 21 27 0 0 0 0 0 71 59 56 62 54 0 0 0 0 0 120 107 99 114 110 
47 35 35 35 44 0 0 18 0 0 0 0 22 0 0 52 48 96 57 55 131 103 143 140 130 
40 41 106 52 45 2 0 54 14 7 61 52 130 55 51 0 0 51 0 0 0 1 54 16 0 
0 0 180 32 0 0 0 141 23 0 19 20 156 37 18 0 0 166 23 0 0 0 162 23 0 
43 70 0 0 0 66 93 38 28 29 67 108 17 14 9 79 119 36 37 41 37 66 0 0 0 
89 118 72 56 69 12 46 2 0 0 77 130 64 56 60 37 70 25 16 14 24 55 0 0 0 
0 119 109 166 0 0 126 115 165 0 0 105 120 167 0 0 119 109 157 0 0 128 119 165 0 
13 0 0 131 0 10 0 0 95 0 91 64 87 189 84 11 0 0 99 0 20 1 0 106 0 
61 84 52 51 79 12 66 12 10 36 49 86 45 40 70 7 41 0 0 36 14 70 11 11 39 
127 162 52 94 108 171 266 83 101 191 143 199 95 103 138 95 126 21 31 84 240 312 137 175 203 
86 198 149 107 119 8 50 60 13 3 37 90 117 37 34 28 91 69 13 21 0 74 58 0 0 
8 27 16 11 72 15 29 25 7 100 7 21 14 8 58 61 88 71 55 165 33 44 37 31 108 
619 466 468 335 461 436 262 249 212 224 467 327 331 213 302 355 185 134 58 141 506 353 349 316 340 
106 86 2 6 1 186 176 72 81 75 79 91 0 0 0 102 103 23 16 17 71 68 0 0 0 
138 283 114 139 115 249 357 138 227 159 113 260 69 129 58 41 189 0 43 0 97 213 47 86 27 
0 0 0 0 54 0 0 0 0 66 0 0 0 0 74 0 0 0 0 66 146 175 155 174 211 
67 4 36 0 18 132 14 57 33 34 125 48 93 50 53 138 68 126 67 86 120 26 46 20 30 
151 0 0 55 0 157 0 0 55 0 141 0 0 40 0 170 0 0 46 0 150 0 0 43 0 
161 119 174 270 119 41 2 87 122 1 79 49 124 188 64 45 10 89 101 24 41 0 79 83 0 
57 89 70 137 129 0 9 3 78 43 0 13 5 55 54 0 10 9 76 48 28 39 22 87 53 
132 143 98 114 47 205 166 141 143 120 94 100 48 70 4 225 163 161 131 112 184 181 154 111 79 
58 130 50 57 52 0 55 0 0 0 6 77 3 5 4 0 61 0 0 0 71 153 58 75 64 
0 0 0 18 0 0 0 0 19 0 0 0 0 18 0 0 0 0 19 0 164 174 201 200 197 
41 7 0 25 31 110 87 76 98 101 45 0 0 26 34 36 0 0 17 37 42 0 0 16 28 
63 0 55 127 108 26 2 32 97 99 86 25 54 171 133 23 0 40 86 99 141 88 131 212 218 
0 99 77 0 92 0 92 80 0 104 0 112 63 0 73 0 92 91 0 92 0 107 80 0 92 
47 22 55 38 32 72 51 92 56 55 23 16 36 20 13 52 45 102 70 47 8 0 32 0 0 
81 0 0 0 53 66 0 0 0 50 88 0 0 0 59 71 0 0 0 52 183 94 84 95 155 
69 117 15 147 102 76 135 25 144 122 35 104 0 122 82 223 259 148 267 200 152 255 141 238 204 
90 112 120 94 87 12 36 45 15 11 0 16 58 0 0 84 82 103 63 57 28 38 67 24 19 
0 0 0 154 41 0 0 0 180 31 29 36 17 181 67 0 0 0 168 36 0 0 0 153 46 
0 0 0 141 11 146 131 119 317 163 0 0 0 163 16 115 117 108 249 112 0 1 0 128 6 
37 152 191 179 64 16 127 163 204 14 90 147 199 199 66 60 214 202 246 100 90 151 207 240 89 
0 0 0 1273 0 0 1 0 1283 0 0 0 0 1284 0 0 1 1 1335 0 0 0 0 1269 0 
195 0 0 0 0 197 13 18 17 20 178 0 0 0 0 196 0 0 0 0 166 0 0 0 0 
92 0 0 0 0 117 0 0 0 0 122 0 0 0 0 102 0 0 0 0 206 88 85 89 99 
228 24 58 33 27 165 0 20 0 1 351 100 121 97 126 320 161 254 189 202 271 52 85 51 66 
16 14 0 0 0 0 46 3 0 5 0 22 0 0 14 0 0 0 0 0 0 12 0 0 0 
87 110 167 127 111 0 0 61 0 0 0 0 94 0 0 1 0 74 0 0 232 266 321 285 259 
2 14 6 83 225 128 135 133 228 362 0 26 3 90 269 0 17 3 92 270 127 156 129 196 331 
7 15 81 4 218 1 0 60 9 171 102 102 170 104 265 139 144 211 159 320 0 3 68 2 185 
145 284 286 211 82 169 266 322 205 98 161 276 280 187 118 78 202 248 124 24 70 215 238 159 27 
93 0 0 7 0 84 0 0 5 0 98 0 0 11 0 102 0 0 0 0 123 15 23 56 29 
21 0 49 14 22 1 0 0 24 11 0 0 0 0 0 1 0 2 0 1 0 0 14 0 0 
0 0 43 48 0 63 45 87 83 54 0 0 34 31 0 50 43 86 72 41 36 27 70 62 24 
0 0 0 41 0 92 85 57 113 70 0 0 0 25 0 51 61 71 99 60 49 59 52 105 47 
0 0 211 0 39 0 0 235 0 34 0 0 209 0 31 0 0 198 0 27 0 0 206 0 31 
