718 618 447 531 616 984 1058 858 1024 961 602 548 433 632 687 904 856 706 858 854 566 421 311 399 486 
268 214 277 268 239 0 1 0 0 0 156 131 166 143 155 0 0 0 0 0 0 0 0 0 0 
132 87 38 196 225 83 0 0 139 169 156 48 31 230 237 76 0 0 108 152 68 0 0 112 131 
156 0 156 182 182 219 31 229 217 246 333 131 337 351 362 233 55 195 212 249 164 0 151 227 177 
166 42 109 147 55 142 9 70 107 0 162 22 64 97 18 158 2 39 116 0 322 194 274 345 181 
103 9 17 0 94 82 4 11 0 107 180 86 108 85 189 174 65 97 60 163 221 102 116 101 238 
0 0 0 0 0 0 0 0 0 0 1028 1038 991 1010 1058 0 0 0 0 0 0 0 0 0 0 
0 0 0 274 0 1 0 3 240 1 114 104 90 374 121 123 99 93 396 125 0 0 0 245 0 
15 8 13 185 6 0 0 0 187 0 38 44 34 182 33 0 0 0 158 1 3 5 3 193 3 
0 0 0 0 0 0 0 0 0 0 0 0 0 0 1 64 76 87 90 97 221 202 206 226 206 
88 118 85 92 192 0 12 0 0 131 0 3 0 0 121 0 3 0 0 147 111 99 87 79 192 
148 159 159 161 175 0 0 0 0 0 0 0 0 0 0 0 0 0 0 0 83 88 68 70 80 
0 0 0 0 0 0 0 0 0 0 0 0 0 0 0 443 436 423 418 422 193 181 183 194 204 
0 229 0 0 95 0 211 0 0 107 136 381 167 149 231 0 209 0 0 105 0 241 0 0 89 
814 0 0 0 0 801 0 0 0 0 794 0 0 0 0 833 0 0 0 0 837 0 0 0 0 
12 1 194 137 207 60 59 236 191 265 124 114 282 242 278 184 180 386 344 363 93 94 256 186 290 
80 106 82 131 62 55 72 56 104 61 0 38 0 41 0 42 86 42 96 40 0 40 0 39 0 
38 11 14 7 25 154 110 128 128 140 33 0 0 0 22 24 0 0 0 20 143 151 124 131 182 
0 0 162 0 0 0 0 145 0 0 0 0 160 0 0 174 160 280 142 148 0 0 156 0 0 
0 97 57 70 1 0 111 63 79 0 58 154 126 157 57 0 105 71 63 0 0 96 75 65 0 
1 0 0 0 127 131 99 86 141 244 121 113 105 103 195 4 1 0 0 114 82 106 93 91 203 
0 0 0 0 0 0 1 0 0 0 0 0 0 0 0 1002 1054 1073 1040 973 0 0 0 0 0 
0 21 58 146 0 0 16 58 125 0 0 20 55 161 0 0 17 57 155 0 0 17 54 155 0 
87 149 82 173 165 8 45 22 71 78 16 54 20 88 98 0 47 0 67 77 0 35 0 64 76 
130 135 153 105 0 109 167 187 103 1 300 314 360 317 220 115 145 145 100 1 282 264 343 271 142 
72 14 23 93 22 74 0 0 112 0 215 145 140 228 133 67 0 0 101 2 107 45 39 164 37 
118 93 41 44 34 144 93 45 58 26 54 43 12 0 0 83 72 17 11 13 84 47 14 0 0 
0 0 220 85 0 0 0 218 77 0 0 0 275 89 0 0 0 247 67 0 0 0 201 63 0 
118 150 152 102 100 0 47 61 0 0 0 52 56 0 0 32 67 93 31 31 0 39 92 0 0 
65 52 70 68 62 104 119 108 116 107 26 43 43 37 39 0 0 0 0 0 0 0 0 0 0 
0 0 0 165 0 0 0 0 174 0 208 215 201 387 214 0 0 0 171 0 0 0 0 155 0 
0 0 0 0 0 155 135 189 141 151 0 0 0 0 0 0 0 0 0 0 77 61 68 65 79 
148 11 20 97 61 149 36 61 154 107 250 104 106 183 176 92 0 0 74 50 217 82 108 195 146 
0 82 0 0 0 0 86 0 0 0 0 66 0 0 0 120 160 85 131 84 55 145 43 56 55 
0 0 95 0 0 85 85 176 105 104 0 0 92 0 0 7 9 97 4 8 14 13 82 9 15 
239 222 185 251 110 115 97 79 113 0 74 90 53 85 0 233 240 150 256 105 123 113 68 124 1 
0 232 0 212 0 0 185 0 201 0 8 209 8 209 7 0 192 0 198 0 0 207 0 214 0 
0 42 0 131 0 0 49 0 146 0 0 51 0 136 0 67 150 70 215 66 0 58 0 135 0 
0 0 0 0 83 100 76 94 62 137 101 82 86 100 150 0 0 0 0 75 0 0 0 0 86 
72 222 307 36 194 20 170 231 5 128 78 228 311 29 188 82 251 288 85 206 209 313 395 146 269 
0 68 44 0 105 30 90 62 15 117 31 110 108 40 106 0 73 32 0 84 0 77 35 0 93 
112 89 101 116 115 14 0 0 35 0 12 0 0 35 0 17 0 0 40 0 85 66 56 112 74 
69 0 64 0 0 63 0 75 0 0 113 53 107 48 50 99 16 78 13 12 66 0 73 0 0 
0 18 83 0 96 0 11 74 0 116 0 16 76 0 116 0 13 96 0 145 0 13 71 0 105 
9 51 115 63 17 46 60 128 78 37 0 35 107 33 0 42 64 129 85 31 0 22 87 57 0 
0 65 0 0 0 0 87 0 0 0 146 257 135 148 142 0 91 0 0 0 17 99 19 27 29 
0 0 0 76 0 63 67 54 133 86 0 0 0 75 0 0 0 0 84 0 71 66 60 159 63 
49 0 92 48 0 57 0 109 53 0 59 0 93 50 0 46 0 102 54 0 44 0 97 46 0 
77 47 0 30 0 105 73 16 49 25 95 88 0 25 0 114 54 0 41 0 88 58 0 33 0 
0 0 0 1 47 268 248 256 266 291 0 0 0 0 56 0 2 0 0 51 0 0 0 0 51 
89 48 56 108 76 58 37 49 96 67 24 0 0 52 9 28 0 0 47 10 37 12 8 56 27 
31 58 8 6 10 17 47 0 0 0 21 76 0 0 0 126 163 126 118 115 27 72 0 0 0 
0 0 0 21 0 186 170 196 198 164 0 0 0 23 0 0 0 0 22 0 0 0 0 19 0 
81 84 155 157 104 0 0 59 71 0 0 0 80 67 0 0 0 75 60 0 0 0 65 68 0 
80 66 69 65 79 52 0 0 0 12 102 77 59 51 90 34 0 0 0 25 122 63 60 59 71 
0 0 26 0 77 8 0 44 13 104 0 0 50 0 89 14 8 55 8 117 109 115 157 93 214 
67 127 162 78 81 44 98 118 32 30 0 44 85 0 0 0 54 84 0 0 0 47 75 0 0 
0 0 120 0 0 0 0 94 0 0 82 121 223 119 108 0 0 98 0 0 0 0 112 0 0 
105 117 34 60 137 35 45 0 0 85 45 63 0 0 74 47 44 0 0 85 62 51 0 0 86 
0 47 0 13 0 48 99 49 65 58 0 53 0 18 14 0 55 0 24 8 20 53 12 26 33 
11 7 138 6 17 0 0 110 0 0 0 0 106 0 0 43 51 150 33 36 97 97 191 78 103 
0 0 0 51 75 88 81 63 117 163 0 0 0 49 73 0 0 0 36 84 0 0 0 47 73 
94 165 77 73 84 22 106 0 0 0 30 115 6 8 9 21 75 0 0 0 25 80 3 3 1 
72 38 104 49 104 21 0 43 8 58 21 0 45 0 74 21 0 57 0 61 0 0 36 0 53 
56 0 9 0 2 70 0 8 0 0 100 55 67 55 76 110 22 0 11 0 157 83 86 99 86 
34 34 113 44 44 0 0 79 0 0 0 0 73 0 0 3 0 66 0 0 33 26 100 29 23 
0 61 67 0 0 0 57 42 0 0 21 104 71 21 21 30 109 52 38 41 0 61 52 0 0 
5 0 78 0 32 25 32 107 34 62 0 0 74 0 15 3 0 78 0 12 0 0 91 0 9 
0 2179 0 0 0 0 2271 0 0 0 0 2125 0 0 0 0 2181 0 0 0 0 2127 0 0 0 
23 130 112 21 24 94 203 192 93 72 11 119 120 6 0 46 179 135 92 45 10 136 103 2 1 
59 113 100 0 0 62 145 120 0 0 81 142 125 0 0 81 142 134 0 0 69 140 125 0 0 
0 83 0 102 0 78 145 74 160 87 57 141 28 132 43 0 66 0 101 0 0 92 0 97 0 
0 0 0 0 0 1282 1243 1248 1204 1260 0 0 0 0 0 0 0 0 0 0 0 0 0 0 0 
0 0 85 130 0 0 0 80 108 0 0 0 85 130 0 0 0 82 126 0 0 0 76 135 0 
156 48 55 93 42 153 56 52 106 61 83 0 0 47 0 91 0 0 37 0 84 0 0 51 0 
0 139 0 0 83 0 171 0 0 87 0 178 0 0 102 0 142 0 0 83 0 167 0 0 103 
183 266 168 208 113 115 212 90 109 19 195 321 193 239 100 234 313 225 225 121 156 292 194 159 119 
97 89 300 293 99 0 0 191 187 0 116 116 271 307 103 0 0 164 180 2 26 27 206 202 26 
163 145 118 186 271 5 25 7 28 173 20 23 11 30 185 236 244 198 227 380 255 270 252 259 420 
0 135 0 0 0 0 93 0 0 0 0 122 0 0 0 7 115 5 7 4 269 353 270 252 246 
46 23 36 11 41 39 13 27 0 37 37 11 33 0 29 63 12 29 0 40 104 95 85 73 111 
200 73 0 101 0 205 74 0 104 0 205 56 0 104 0 195 71 0 108 0 203 65 0 117 0 
0 0 1473 0 0 0 0 1492 0 0 0 0 1382 0 0 0 0 1497 0 0 0 0 1461 0 0 
76 5 11 57 28 110 68 49 114 90 103 75 57 92 77 69 32 23 76 41 67 0 0 36 17 
98 108 108 72 165 0 0 6 0 39 54 66 66 53 99 0 0 15 0 44 0 0 13 0 56 
35 75 0 98 0 125 177 104 199 84 93 106 75 181 78 49 66 0 86 0 30 64 0 95 0 
75 85 69 81 127 78 79 62 59 112 0 25 0 0 42 0 23 0 0 36 57 71 53 50 86 
0 72 0 0 0 31 120 33 34 28 38 134 32 34 30 23 114 23 25 32 38 118 40 34 47 
33 11 41 34 0 103 71 112 112 63 43 21 47 37 0 47 9 44 35 0 40 20 37 39 0 
160 0 0 0 0 148 0 0 0 0 228 90 104 103 116 138 0 0 0 0 141 0 0 0 1 
0 0 0 0 834 0 0 0 0 787 0 0 0 0 841 0 0 0 0 835 0 0 0 0 780 
81 127 83 212 188 0 13 4 94 64 0 13 7 64 63 0 12 15 98 64 32 45 28 120 61 
137 0 0 0 0 264 104 91 80 78 163 0 0 0 0 157 0 1 0 0 158 0 0 0 0 
0 0 0 0 0 72 56 71 65 70 0 0 0 0 0 141 119 139 143 137 0 0 0 0 0 
0 22 0 145 0 34 56 46 192 33 0 19 0 135 0 0 16 0 139 0 0 20 0 164 0 
147 51 104 87 135 105 0 68 43 52 110 17 99 72 80 193 104 152 105 153 80 0 51 28 58 
57 60 65 156 128 36 27 42 101 97 0 0 0 96 74 0 0 0 56 57 11 13 11 104 72 
0 10 75 0 0 91 106 184 110 106 0 16 78 0 0 68 83 190 54 73 0 4 76 0 0 
204 4 193 0 0 204 0 176 0 0 199 3 190 4 2 181 4 181 0 0 214 21 183 10 11 
342 121 379 151 213 398 203 463 201 270 376 172 417 230 250 230 23 261 70 110 197 33 258 48 112 
65 152 70 84 66 0 86 0 27 0 17 128 28 35 27 0 104 0 17 0 0 75 0 22 0 
0 0 33 0 58 35 46 78 44 113 55 73 89 53 121 0 0 33 0 61 0 0 49 0 58 
0 0 19 0 219 1 0 17 0 213 0 0 31 0 182 0 0 33 0 219 0 0 28 0 237 
0 0 0 56 0 0 0 0 68 0 66 65 50 156 48 0 0 0 64 0 99 84 95 180 92 
118 0 0 116 0 139 0 0 133 0 140 0 0 122 0 126 0 0 138 0 134 0 0 136 0 
2 38 89 77 0 109 179 191 197 123 169 228 249 243 161 9 66 111 102 33 83 112 138 149 74 
95 119 109 99 199 0 0 0 0 69 0 0 0 0 68 21 22 27 21 97 0 0 0 0 72 
119 211 125 117 120 0 110 0 0 0 72 181 82 82 72 2 107 3 0 8 85 187 81 71 86 
169 161 92 92 89 95 50 0 0 0 106 61 4 3 7 77 59 0 0 0 81 64 0 0 0 
0 133 0 0 0 47 184 62 62 82 0 142 0 0 0 69 222 91 101 75 0 113 0 0 1 
0 0 0 0 0 0 0 0 0 0 0 0 0 0 0 0 0 0 0 0 444 411 442 436 393 
0 0 37 0 0 72 78 92 75 87 0 0 30 0 0 77 74 85 59 79 19 24 59 21 25 
8 17 17 20 57 0 0 0 0 37 88 83 75 78 103 0 0 0 0 34 74 106 81 78 111 
0 0 0 133 0 0 0 0 131 0 0 0 0 142 0 0 0 0 151 0 80 77 82 205 91 
0 66 0 34 77 2 66 0 40 80 1 57 0 36 91 0 60 0 33 77 18 78 26 57 116 
0 28 0 20 0 81 97 72 79 81 82 79 79 80 78 0 22 0 25 0 121 154 123 148 118 
0 0 117 55 0 43 45 155 106 50 0 0 102 39 0 0 0 89 38 0 0 0 126 35 0 
59 0 0 0 0 126 63 61 76 69 99 20 18 20 14 131 47 46 52 41 58 0 0 0 0 
83 35 33 111 37 39 0 0 91 0 48 0 0 85 0 83 35 30 119 32 54 0 0 83 0 
0 0 62 43 0 0 0 55 43 0 101 99 149 132 97 0 0 62 47 0 0 0 67 42 0 
3 6 49 97 7 0 0 47 73 0 47 30 101 117 45 27 38 70 112 34 0 0 46 76 0 
52 3 48 40 10 44 8 38 42 18 117 72 116 106 83 70 16 42 50 18 51 0 49 46 0 
47 0 69 0 65 51 0 68 0 60 28 0 82 0 87 113 65 130 71 120 39 0 64 0 65 
91 29 146 78 53 68 11 129 65 35 55 0 105 30 10 143 49 183 114 99 92 29 170 79 63 
11 103 167 39 130 140 187 305 141 236 30 102 195 55 185 0 54 170 11 114 86 145 228 117 219 
19 21 22 57 48 40 38 34 75 72 0 0 0 31 29 0 0 0 22 17 75 90 89 124 99 
24 39 0 101 0 36 50 0 126 0 102 102 55 162 74 29 49 0 124 0 48 39 0 97 0 
0 0 52 0 0 165 156 219 152 179 0 0 64 0 0 0 0 79 0 0 0 0 70 0 0 
62 11 10 6 20 91 66 72 69 67 107 84 98 92 95 40 0 5 0 12 38 12 15 7 22 
20 124 80 19 39 0 99 74 7 9 0 89 52 0 22 0 103 57 8 14 53 147 107 44 88 
144 175 99 95 97 65 65 40 18 21 37 54 17 0 0 37 45 15 0 0 28 42 13 0 0 
54 75 0 0 4 45 56 3 0 0 50 68 12 0 13 59 79 30 36 39 53 68 34 3 30 
38 76 43 71 29 0 62 11 42 16 2 51 11 45 19 0 43 13 31 13 39 104 63 97 78 
0 0 62 29 11 0 0 55 34 3 0 0 45 42 6 46 61 139 116 77 57 58 118 101 72 
29 38 26 22 30 0 0 0 0 0 71 59 57 62 55 0 0 0 0 0 120 107 99 113 110 
50 38 0 39 40 0 0 0 0 0 0 0 0 0 0 50 46 75 59 71 122 100 127 154 126 
28 33 101 28 37 0 5 53 0 0 58 51 130 41 38 0 0 53 0 0 0 0 62 0 0 
0 0 98 3 0 0 0 74 0 0 19 20 64 0 17 0 0 80 1 0 0 0 98 0 0 
46 76 0 0 0 70 97 41 30 30 70 115 17 15 9 87 129 44 40 44 39 76 0 0 0 
81 110 64 50 59 12 43 0 0 0 70 121 59 48 51 34 65 26 16 14 22 52 0 0 0 
0 118 110 173 0 0 129 117 169 0 0 103 124 168 0 0 116 118 164 0 0 132 121 168 0 
21 0 0 218 0 15 0 0 147 0 162 126 156 287 124 14 0 0 163 0 28 1 1 177 3 
142 173 38 89 116 225 330 112 147 202 182 257 96 153 121 112 144 16 37 60 281 374 173 202 214 
60 175 123 73 84 6 47 66 13 4 31 81 104 33 27 24 95 69 9 28 0 63 50 0 0 
0 20 14 0 60 5 19 17 0 93 0 14 13 2 45 54 72 70 36 131 23 36 32 26 83 
701 539 653 498 539 511 258 349 200 264 496 290 357 226 290 408 178 207 101 193 543 389 499 359 445 
93 72 0 2 0 184 174 93 81 84 96 93 0 0 0 105 113 26 23 19 98 85 0 0 0 
169 285 125 165 126 264 364 171 288 202 159 275 117 184 93 48 187 9 74 1 81 176 55 108 38 
0 0 0 0 52 0 0 0 0 56 0 0 0 0 65 0 0 0 0 57 134 157 141 152 185 
150 0 0 54 0 156 0 0 55 0 141 0 0 40 0 168 0 0 46 0 149 0 0 39 0 
189 157 193 266 140 39 5 97 138 0 94 58 132 200 64 47 4 94 101 29 48 0 97 87 0 
118 138 106 89 31 181 177 156 134 112 77 85 72 44 10 245 233 230 173 152 144 154 147 54 65 
63 141 58 59 58 0 56 0 0 0 7 88 4 6 4 0 71 0 0 0 84 161 69 79 71 
0 0 0 16 0 0 0 0 21 0 0 0 0 22 0 0 0 0 19 0 180 191 220 226 212 
63 10 48 96 92 12 1 27 100 81 67 25 46 143 106 19 0 30 89 78 130 74 111 194 193 
0 113 76 0 101 0 112 87 0 109 0 130 61 0 88 0 98 92 0 107 0 121 82 0 110 
61 37 72 46 40 92 53 120 65 68 28 24 48 25 12 67 67 139 85 68 12 0 35 0 0 
83 0 0 0 58 70 0 0 0 50 89 0 0 0 59 71 0 0 0 52 189 98 82 101 158 
58 67 0 78 45 41 67 0 82 55 42 51 0 104 54 138 168 97 187 136 72 124 32 104 85 
85 101 112 87 74 13 40 45 14 9 0 15 52 0 0 68 82 94 55 53 24 35 61 20 15 
0 0 0 140 35 0 0 0 157 28 27 28 15 157 51 0 0 0 149 34 0 0 0 138 38 
0 0 0 187 14 246 198 187 445 229 0 0 0 195 16 161 163 168 348 163 2 0 0 202 13 
52 145 172 179 62 47 113 144 176 31 90 163 192 211 82 64 185 194 226 103 110 156 190 244 87 
0 0 0 1273 0 0 0 0 1254 0 0 0 0 1290 0 0 3 2 1343 1 0 0 0 1298 0 
195 0 0 0 0 197 13 18 17 20 178 0 0 0 0 194 0 0 0 0 166 0 0 0 0 
92 0 0 0 0 121 0 0 0 0 122 0 0 0 0 104 0 0 0 0 211 90 86 90 101 
205 108 76 136 133 94 0 0 14 14 157 67 80 57 63 169 69 108 143 113 252 157 162 244 182 
13 14 0 0 17 0 30 0 0 0 0 0 0 0 0 38 47 28 51 58 0 0 0 0 0 
51 67 114 89 68 0 0 39 0 0 0 0 51 0 0 0 0 52 0 0 153 145 179 160 157 
0 10 0 83 241 120 144 119 214 362 0 28 0 79 261 0 15 0 92 275 122 143 122 198 327 
6 6 72 1 251 2 0 70 6 177 121 116 182 119 310 162 147 240 185 365 2 1 60 0 196 
126 260 244 200 87 143 223 270 175 68 143 247 236 187 109 66 166 209 109 9 61 184 207 133 23 
116 0 0 6 0 105 0 0 7 0 117 0 0 0 0 114 0 0 0 0 144 19 31 16 32 
46 68 42 37 52 0 50 0 0 0 51 81 45 40 64 7 35 0 0 23 0 56 0 0 24 
626 635 658 694 635 0 0 0 0 0 0 0 0 0 0 0 0 0 0 0 0 0 0 0 0 
67 55 0 0 0 82 68 16 17 13 139 80 36 35 29 90 65 0 0 0 102 93 24 25 30 
40 0 0 72 78 85 50 47 100 134 20 0 1 62 69 49 10 19 68 69 35 31 33 84 91 
15 12 1 0 84 24 4 0 4 76 73 75 50 44 141 21 25 13 13 78 94 117 110 98 151 
55 0 0 0 0 62 0 0 0 0 64 0 0 0 0 202 133 145 147 140 53 0 0 0 0 
71 159 119 120 137 103 266 167 177 224 17 114 60 60 65 116 198 135 172 161 108 226 190 178 179 
0 0 0 0 0 31 35 30 18 20 0 0 0 0 0 59 67 68 65 88 100 94 96 97 126 
168 0 79 0 21 213 6 66 18 8 297 91 163 103 105 309 149 278 154 160 245 68 110 34 48 
19 0 33 16 0 23 0 15 8 0 28 0 18 11 0 100 68 90 83 74 29 4 30 0 0 
0 0 202 0 37 0 0 220 0 38 0 0 188 0 26 0 0 190 0 24 0 0 183 0 34 
105 54 0 128 58 110 59 0 109 81 135 120 33 140 78 83 58 0 104 66 102 79 0 141 49 
48 71 47 68 35 12 22 0 26 0 65 88 54 90 38 13 49 5 36 5 63 61 57 83 30 
0 0 45 55 0 71 48 91 92 59 0 0 37 34 0 55 45 90 80 42 39 28 71 69 26 
