769 757 563 658 657 953 1034 861 892 909 581 591 468 576 596 776 822 707 879 764 473 460 361 400 422 
241 192 234 225 216 0 0 1 0 0 139 109 135 127 132 0 0 0 0 0 0 0 0 0 0 
131 54 28 169 178 83 0 0 147 152 150 52 33 256 231 73 0 0 85 147 80 0 0 130 138 
159 0 145 180 196 226 55 227 245 274 318 138 306 361 366 276 68 200 253 277 180 0 146 215 197 
201 49 94 170 27 158 10 83 132 4 165 20 59 121 21 175 7 50 135 1 356 211 292 369 227 
123 8 23 0 98 92 4 20 0 117 195 87 107 95 188 201 73 105 67 188 247 121 130 113 246 
0 0 0 0 0 0 0 0 0 0 1060 1060 1028 1026 1081 0 0 0 0 0 0 0 0 0 0 
0 0 0 281 0 0 0 4 271 0 123 107 103 401 121 129 116 102 429 138 0 0 0 264 0 
17 8 15 209 6 0 0 0 197 0 40 50 43 201 35 0 0 0 162 0 3 7 3 207 4 
0 0 0 0 0 0 0 0 0 0 0 0 0 0 0 65 79 82 84 103 199 200 191 230 186 
94 103 74 82 221 0 11 0 0 133 0 4 0 0 124 0 5 0 0 121 105 84 88 84 195 
152 154 155 161 162 0 0 0 0 0 0 0 0 0 0 0 0 0 0 0 82 83 69 63 83 
0 0 0 0 0 0 0 0 0 0 0 0 0 0 0 429 426 419 405 413 183 172 176 180 200 
0 218 0 0 87 0 183 0 0 102 116 345 156 125 215 0 213 0 0 102 0 233 0 0 87 
816 0 0 0 0 815 0 0 0 0 818 0 0 0 0 843 0 0 0 0 849 0 0 0 0 
26 1 177 124 173 85 73 242 214 245 123 115 268 245 251 170 195 403 347 322 110 103 247 221 297 
92 133 91 154 66 85 82 72 110 80 0 48 0 42 0 46 99 47 89 52 0 43 0 48 0 
31 10 13 8 24 128 92 116 114 121 28 0 0 0 13 24 0 0 0 22 120 113 105 102 138 
0 0 152 0 0 0 0 146 0 0 0 0 172 0 0 177 159 286 147 159 0 0 152 0 0 
0 67 45 47 0 0 78 45 47 0 36 102 100 106 34 0 77 49 53 0 0 72 58 45 0 
0 0 0 3 150 144 118 141 145 258 138 126 121 116 215 0 1 0 0 111 86 97 83 91 202 
0 0 0 0 0 0 0 0 0 0 0 0 0 0 0 1011 1064 1076 1042 983 0 0 0 0 0 
0 24 66 174 0 0 21 66 148 0 0 19 53 171 0 0 25 62 163 0 0 18 64 176 0 
95 156 87 183 181 17 51 21 89 88 25 66 26 96 120 0 62 0 64 93 0 42 0 70 80 
121 111 139 83 3 108 159 219 110 4 336 331 396 318 241 112 150 169 76 4 295 245 365 242 126 
68 11 17 89 11 71 0 0 110 0 197 148 134 213 120 60 3 0 97 2 98 38 43 156 36 
121 85 43 47 30 143 100 48 60 32 56 56 16 0 0 84 83 19 11 14 83 61 9 0 0 
0 0 231 84 0 0 0 239 75 0 0 0 286 87 0 0 0 291 64 0 0 0 220 64 0 
131 155 161 117 108 1 54 63 0 0 0 51 58 0 0 44 73 95 38 37 0 54 88 0 0 
65 56 76 67 63 106 135 111 129 108 26 42 47 39 43 0 0 0 0 0 0 0 0 0 0 
0 0 0 165 0 0 0 0 174 0 209 221 198 397 222 0 0 0 171 0 0 0 0 155 0 
0 0 0 0 0 180 171 206 151 180 0 0 0 0 0 0 0 0 0 0 83 58 74 72 90 
136 0 7 76 62 164 42 65 149 120 264 115 112 199 187 111 0 1 91 49 234 97 107 193 152 
0 81 0 0 0 0 82 0 0 0 0 69 0 0 0 111 154 85 126 85 51 130 47 51 52 
0 0 99 0 0 90 89 179 110 107 0 0 92 0 0 7 10 99 4 8 14 13 84 9 16 
270 240 210 281 136 120 102 77 141 0 74 95 68 105 0 267 261 183 285 131 150 109 87 163 0 
0 42 0 118 0 0 48 0 135 0 0 51 0 137 0 65 141 72 202 69 0 52 0 126 0 
0 0 0 0 80 83 81 79 61 145 86 74 72 77 129 0 0 0 0 78 0 0 0 0 80 
90 263 337 63 239 31 179 258 6 166 102 258 337 66 242 99 262 306 97 250 207 308 375 160 286 
0 59 45 0 99 22 86 56 19 109 30 112 95 42 111 0 87 36 0 88 0 86 31 0 101 
100 83 95 105 108 11 0 0 32 0 12 0 0 35 0 14 0 0 37 0 79 58 54 96 72 
75 0 72 0 0 64 0 77 0 0 118 53 114 48 53 104 16 79 13 13 69 0 76 0 0 
0 19 85 0 99 0 12 71 0 116 0 17 78 0 113 0 15 95 0 146 0 13 73 0 104 
21 52 138 69 20 51 75 160 101 47 0 42 121 37 0 54 72 159 107 41 0 27 109 54 0 
0 79 0 0 0 0 90 0 0 0 144 267 136 144 137 0 94 0 0 0 17 94 21 28 31 
0 0 0 77 0 65 79 57 138 92 0 0 0 85 0 0 0 0 93 0 80 75 64 172 66 
49 0 92 48 0 57 0 108 53 0 59 0 93 50 0 45 0 102 54 0 44 0 98 46 0 
77 46 0 29 0 103 73 16 47 24 92 86 0 25 0 110 53 0 41 0 87 58 0 33 0 
0 0 0 0 38 249 246 254 253 276 0 0 0 0 48 0 0 0 0 50 0 0 0 0 46 
105 52 70 124 81 60 41 55 105 74 26 0 0 54 14 29 0 0 50 13 40 13 10 69 29 
31 55 8 6 11 17 49 0 0 0 22 75 0 0 0 128 161 126 120 113 27 74 0 0 0 
0 0 0 22 0 193 178 202 207 167 0 0 0 25 0 0 0 0 22 0 0 0 0 19 0 
78 81 144 147 100 0 0 54 71 0 0 0 81 65 0 0 0 73 63 0 0 0 61 63 0 
64 58 66 50 72 43 0 0 0 11 78 59 46 51 75 31 0 0 0 22 93 53 46 52 64 
0 0 29 0 86 0 0 51 13 105 0 0 44 0 98 0 1 39 0 108 114 116 150 99 211 
64 121 162 77 85 36 99 115 32 30 0 45 83 0 0 0 43 87 0 0 0 44 76 0 0 
0 0 119 0 0 0 0 97 0 0 80 121 227 116 109 0 0 88 0 0 0 0 116 0 0 
99 118 34 57 132 40 41 0 0 86 42 55 0 0 67 42 45 0 0 77 64 48 0 0 78 
0 49 0 23 36 59 115 56 80 94 0 59 0 27 38 0 55 0 39 40 26 65 22 53 63 
17 12 130 4 15 0 0 129 0 0 0 0 107 0 0 49 50 156 42 37 107 102 192 94 116 
0 0 0 51 75 88 81 63 117 163 0 0 0 49 73 0 0 0 36 84 0 0 0 47 73 
89 163 78 72 81 22 103 0 0 0 30 113 7 3 7 21 75 0 0 0 25 80 2 2 0 
77 38 106 55 108 21 0 45 14 66 23 0 49 11 82 22 0 58 13 65 13 0 44 15 70 
52 0 16 0 1 73 0 13 0 0 101 52 68 50 72 71 0 6 0 0 156 84 72 98 61 
34 34 118 43 50 1 0 81 0 0 0 0 76 0 3 5 0 70 0 3 39 35 116 35 26 
0 62 57 0 0 0 63 45 0 0 21 103 68 21 20 22 99 30 34 31 0 62 49 0 0 
0 0 84 0 45 25 32 110 28 70 0 0 78 0 26 0 0 95 0 25 0 0 96 0 28 
0 2165 0 0 0 0 2252 0 0 0 0 2104 0 0 0 0 2179 0 0 0 0 2122 0 0 0 
23 113 115 18 18 90 188 189 95 78 5 109 114 5 0 39 194 171 89 48 12 101 88 0 0 
64 122 95 0 0 60 142 112 1 0 67 145 114 0 0 66 133 103 0 0 67 131 114 0 0 
0 88 0 100 0 85 164 76 202 102 72 160 47 171 49 0 88 0 110 0 0 118 0 88 0 
0 0 0 0 0 1282 1253 1242 1210 1267 0 0 0 0 0 0 0 0 0 0 0 0 0 0 0 
0 0 81 125 0 0 0 75 106 0 0 0 81 127 0 0 0 81 125 0 0 0 72 128 0 
133 51 47 81 36 144 48 52 97 55 77 0 0 34 0 79 0 0 33 0 81 0 0 42 0 
0 128 0 0 93 0 143 0 0 82 0 175 0 0 94 0 141 0 0 79 0 151 0 0 116 
173 237 153 212 82 138 247 100 132 15 295 329 249 285 158 268 336 234 262 141 187 287 251 219 121 
95 90 299 296 88 0 0 181 193 1 120 118 284 324 94 1 0 164 183 8 8 17 211 203 20 
153 117 114 151 267 8 24 3 12 162 12 0 5 3 165 212 209 165 181 342 219 256 244 220 386 
0 133 0 0 0 0 89 0 0 0 0 131 0 0 1 7 100 2 5 0 267 344 274 257 251 
62 34 52 11 53 50 19 40 0 42 56 13 45 0 35 85 16 36 0 54 137 128 114 94 151 
202 75 0 101 0 205 72 0 104 0 205 56 0 105 0 195 66 0 109 0 197 54 0 104 0 
0 0 1455 0 0 0 0 1473 0 0 0 0 1359 0 0 0 0 1491 0 0 0 0 1447 0 0 
81 6 12 63 27 103 60 58 105 80 105 64 73 97 88 67 27 20 68 35 56 0 0 24 8 
104 115 111 76 172 0 0 6 0 42 59 71 68 55 103 0 0 14 0 47 0 0 10 0 59 
46 89 0 122 0 151 196 106 234 93 126 153 91 230 103 56 84 0 113 0 38 77 0 117 0 
78 89 84 91 125 83 93 64 60 97 0 28 0 0 47 0 22 0 0 29 62 88 59 56 95 
0 108 0 0 0 56 178 39 49 44 54 209 49 47 41 30 164 32 47 50 64 191 56 59 63 
33 9 41 33 0 103 70 112 112 63 42 21 45 37 0 47 9 39 34 0 40 19 37 38 0 
148 0 0 0 0 127 0 0 0 0 205 77 100 98 99 113 0 0 0 0 125 0 0 0 0 
0 0 0 0 831 0 0 0 0 786 0 0 0 0 839 0 0 0 0 830 0 0 0 0 775 
70 140 93 202 196 0 13 4 106 58 0 15 6 67 63 0 14 16 99 74 34 46 36 122 68 
130 0 0 0 0 248 92 85 83 73 150 0 0 0 0 153 0 0 0 0 145 0 0 0 0 
0 0 0 0 0 83 63 72 67 80 0 0 0 0 0 150 126 150 149 145 0 0 0 0 0 
0 22 0 143 0 33 56 45 188 32 0 19 0 133 0 0 16 0 137 0 0 20 0 161 0 
143 50 123 97 151 96 0 93 42 56 94 18 110 73 83 195 116 179 134 170 74 1 45 41 66 
57 56 68 158 124 35 31 39 97 95 0 0 0 89 68 0 0 0 52 58 7 12 10 94 66 
0 8 75 0 0 97 119 195 99 113 0 14 79 0 0 69 90 204 55 68 0 5 72 0 0 
210 7 207 0 0 216 0 180 0 0 209 5 196 3 0 195 1 192 0 0 218 15 189 10 10 
307 105 339 103 201 366 167 402 178 224 331 151 361 185 217 222 8 217 48 138 211 53 247 13 130 
65 152 69 83 66 0 86 0 27 0 17 128 28 34 27 0 104 0 17 0 0 75 0 22 0 
0 0 33 0 58 35 46 78 44 113 55 74 89 53 121 0 0 33 0 61 0 0 49 0 58 
0 0 18 0 229 0 0 20 0 210 0 0 30 0 191 0 0 27 0 216 0 0 27 0 232 
0 0 0 54 0 0 0 0 63 0 57 65 46 148 45 0 0 0 62 0 91 85 85 170 91 
114 0 0 115 0 141 0 0 142 0 135 0 0 123 0 126 0 0 135 0 128 0 0 132 0 
0 32 91 73 0 111 171 197 182 135 160 213 246 219 150 29 79 129 115 45 74 118 126 126 64 
95 116 107 99 193 0 0 0 0 69 0 0 0 0 65 20 22 25 19 93 0 0 0 0 70 
121 217 128 126 127 0 114 0 0 0 80 187 84 84 82 9 111 4 2 9 97 198 80 81 100 
146 137 78 84 87 79 47 0 0 0 87 48 5 5 9 64 47 0 0 0 72 60 0 0 0 
0 131 0 0 0 41 187 49 68 79 0 140 0 0 0 73 226 101 99 72 0 130 0 0 0 
0 0 0 0 0 0 0 0 0 0 0 0 0 0 0 0 0 0 0 0 450 415 448 441 401 
0 0 36 0 0 73 81 93 77 91 0 0 31 0 0 78 74 85 59 77 20 25 60 22 26 
8 15 15 17 52 0 0 0 0 35 80 78 71 69 99 0 0 0 0 33 68 98 78 75 105 
0 0 0 134 0 0 0 0 127 0 0 0 0 145 0 0 0 0 146 0 85 76 84 206 84 
0 68 0 34 71 0 62 0 39 74 0 56 0 36 90 0 60 0 32 72 19 78 22 55 112 
0 7 0 15 0 87 84 82 66 81 81 71 75 69 77 0 11 0 15 0 123 153 126 137 120 
0 0 117 55 0 43 44 155 106 50 0 0 102 39 0 0 0 89 38 0 0 0 126 35 0 
67 0 0 0 0 134 71 61 79 74 116 25 21 22 16 153 57 50 56 41 61 0 0 0 0 
83 35 33 111 37 39 0 0 91 0 48 0 0 85 0 82 34 28 119 32 55 0 0 83 0 
0 0 62 32 0 0 0 55 35 0 101 97 147 125 96 0 0 62 42 0 0 0 67 33 0 
3 6 49 103 7 0 0 46 71 0 49 31 104 121 49 29 40 71 117 37 0 0 49 81 0 
53 5 44 41 10 45 7 42 40 23 119 79 124 108 85 67 21 49 51 20 53 0 45 41 0 
49 0 59 0 61 48 0 59 0 58 30 0 77 0 81 113 61 118 70 128 43 0 63 0 64 
67 25 133 79 48 59 16 118 82 32 52 0 105 38 15 125 48 157 105 94 81 33 165 65 54 
11 89 166 42 144 109 169 288 111 225 36 89 173 45 171 0 30 163 8 114 66 114 215 88 201 
27 23 25 71 52 47 43 36 84 81 0 0 0 35 32 0 0 0 28 18 84 104 104 150 117 
18 30 0 83 0 29 46 0 103 0 77 71 39 128 53 25 37 0 103 0 40 33 0 80 0 
0 0 52 0 0 149 133 191 133 159 0 0 56 0 0 0 0 67 0 0 0 0 63 0 0 
67 11 9 0 19 100 77 76 73 82 132 99 95 95 103 55 0 4 0 16 35 9 9 0 20 
20 150 95 17 48 0 121 75 7 15 0 111 49 0 34 0 120 71 6 20 49 172 120 44 92 
154 218 110 106 119 71 68 49 23 31 44 71 15 0 0 43 53 16 0 0 30 51 21 0 0 
86 55 7 9 0 67 47 0 0 0 74 57 19 12 21 95 86 47 44 52 88 62 51 0 34 
43 76 43 71 27 0 64 11 42 16 0 51 11 47 19 0 41 14 29 13 39 104 65 97 79 
0 0 59 29 11 0 0 46 36 3 0 0 45 42 6 45 54 131 100 63 56 53 108 97 66 
31 40 28 23 35 0 0 0 0 0 72 64 59 65 57 0 0 0 0 0 131 113 102 124 119 
35 0 3 22 27 0 0 0 0 0 0 0 0 0 0 70 60 90 68 74 93 81 126 136 135 
26 36 97 19 39 0 0 55 0 0 59 48 131 42 44 0 0 53 0 0 0 0 60 0 0 
0 0 86 5 0 0 0 51 0 0 19 19 50 0 18 0 0 36 2 0 0 0 79 0 0 
43 70 0 0 0 66 93 38 29 27 66 108 17 14 8 79 119 36 37 41 37 66 0 0 0 
86 122 73 52 62 12 44 3 0 0 75 131 69 56 53 37 69 32 17 17 24 55 0 0 0 
0 114 105 161 0 0 127 119 164 0 0 108 120 165 0 0 117 115 156 0 0 125 118 162 2 
15 0 0 205 0 13 0 0 142 0 142 108 128 258 108 15 0 0 158 0 34 1 1 152 3 
154 176 46 98 130 186 286 90 109 189 153 211 103 120 150 102 148 8 41 93 265 289 130 171 213 
60 155 114 72 88 6 40 60 9 2 29 68 91 29 28 20 65 58 10 22 0 58 49 0 0 
0 22 4 0 64 9 19 22 0 112 0 21 12 3 56 51 84 81 42 142 22 43 43 26 100 
602 454 555 416 525 438 165 256 140 224 461 266 325 179 315 386 98 163 49 185 531 311 428 337 404 
89 58 2 4 4 185 163 81 76 72 95 90 0 0 0 96 101 28 18 17 83 65 0 0 0 
151 314 122 149 132 260 380 155 274 189 134 275 88 146 72 35 189 0 62 0 93 223 72 97 50 
0 0 0 0 52 0 0 0 0 56 0 0 0 0 65 0 0 0 0 58 134 157 141 152 185 
153 0 0 54 0 158 0 0 55 0 143 0 0 40 0 171 0 0 46 0 154 0 0 41 0 
188 141 205 272 136 40 0 90 130 0 102 36 146 224 75 67 5 111 118 30 52 0 94 89 0 
150 135 87 50 52 180 156 100 93 109 108 86 40 9 16 233 181 158 112 139 154 192 118 49 91 
74 181 63 77 77 0 78 0 0 0 6 102 4 9 4 0 84 0 0 0 97 198 77 111 90 
0 0 0 17 0 0 0 0 22 0 0 0 0 24 0 0 0 0 18 0 189 200 226 226 231 
75 8 63 130 118 23 3 42 121 101 71 19 46 137 122 27 0 41 103 94 143 80 126 207 215 
0 77 63 0 78 0 79 72 0 78 0 93 61 1 57 0 73 73 0 85 0 100 71 0 74 
45 21 60 39 34 74 53 95 57 60 22 18 38 20 12 55 45 103 71 46 8 0 31 1 0 
75 0 0 0 52 63 0 0 0 49 84 0 0 0 57 64 0 0 0 49 170 87 73 87 147 
63 88 0 76 41 50 74 2 104 63 56 74 1 141 72 144 171 83 186 128 74 129 38 120 71 
94 121 121 107 89 11 41 51 20 13 0 13 55 0 0 75 92 106 66 56 26 41 68 24 13 
0 0 0 140 35 0 0 0 158 28 27 29 16 157 51 0 0 0 149 34 0 0 0 138 38 
0 0 0 182 8 252 214 202 460 234 0 0 0 206 12 165 176 175 358 152 0 0 1 188 14 
63 159 185 205 75 32 70 147 167 24 76 125 181 198 85 69 183 200 236 84 92 134 179 258 77 
0 0 0 1298 0 0 0 0 1302 0 0 0 0 1310 0 0 1 2 1378 2 0 0 0 1332 0 
212 0 0 0 0 221 14 20 17 21 189 0 0 0 0 207 0 0 0 0 179 0 0 0 0 
92 0 0 0 0 117 0 0 0 0 122 0 0 0 0 102 0 0 0 0 206 88 85 89 99 
145 81 49 95 92 75 0 0 9 12 145 41 41 40 44 138 44 61 81 68 181 125 100 135 118 
72 108 164 101 87 0 0 66 0 0 0 0 90 0 0 0 0 64 0 0 211 196 223 201 192 
0 13 1 76 210 127 138 118 203 342 1 29 1 85 253 0 14 1 96 256 118 143 118 180 309 
10 6 87 8 231 3 0 40 12 177 129 114 176 128 297 144 151 215 177 356 0 5 56 1 192 
132 300 281 220 90 159 253 290 200 84 155 298 278 186 127 91 214 250 107 24 71 217 259 148 23 
123 0 0 14 0 111 0 0 0 0 122 0 0 0 0 119 0 0 0 0 157 21 28 45 40 
47 66 33 31 57 0 39 1 0 23 51 81 45 40 59 4 36 0 0 30 0 44 0 0 20 
615 634 644 684 631 0 0 0 0 0 0 0 0 0 0 0 0 0 0 0 0 0 0 0 0 
89 58 0 0 0 106 84 16 20 12 154 98 38 47 30 106 73 0 0 0 123 102 25 27 34 
30 0 0 60 68 73 43 38 86 121 18 0 1 62 65 34 10 13 55 56 28 25 29 69 73 
20 9 0 0 73 15 0 0 0 63 67 68 46 49 139 22 18 15 12 76 95 114 101 98 138 
55 0 0 0 0 62 0 0 0 0 64 0 0 0 0 202 133 145 146 141 52 0 0 0 0 
91 142 125 112 123 115 253 175 156 200 25 121 67 57 60 113 191 134 151 129 120 229 171 165 179 
0 0 0 0 0 33 41 33 22 24 0 0 0 0 0 62 69 71 67 97 105 102 102 109 148 
122 12 73 10 24 186 6 61 11 17 244 74 131 84 86 288 151 242 158 149 217 52 89 35 46 
24 0 32 0 0 26 0 19 0 0 23 0 26 9 0 100 64 108 65 81 22 5 30 0 1 
0 0 184 0 33 0 0 233 0 31 0 0 196 0 27 0 0 189 0 25 0 0 182 0 31 
105 68 0 131 37 124 81 0 115 57 126 111 33 122 77 81 61 1 84 42 75 64 0 105 33 
41 66 43 62 32 11 19 0 24 0 61 83 51 87 37 11 41 4 35 2 56 56 52 76 22 
0 0 47 68 0 77 53 120 101 71 0 0 50 57 0 72 60 112 103 58 55 29 101 95 32 
3 0 0 0 0 0 34 0 0 0 0 5 0 0 0 38 40 43 51 63 0 0 0 0 0 
0 246 0 228 0 0 208 0 217 0 8 226 7 219 7 0 206 0 210 0 0 212 0 223 0 
