807 777 611 610 702 1054 1118 1013 1048 986 566 634 462 573 696 889 935 807 901 903 572 587 466 422 550 
241 190 253 224 197 0 1 0 0 0 147 107 153 138 146 0 0 0 0 0 0 0 0 0 0 
170 62 70 268 293 100 0 0 186 186 171 67 26 254 268 100 0 1 133 160 90 0 0 150 211 
138 0 125 152 159 209 56 197 191 208 307 141 278 325 328 255 64 171 202 242 157 1 126 176 149 
160 51 111 154 56 142 12 85 121 3 129 25 104 115 22 122 3 51 116 0 283 184 274 328 199 
119 16 27 0 98 101 5 18 0 122 210 120 138 97 203 184 84 113 77 164 268 120 151 125 282 
0 0 0 0 0 0 0 0 0 0 1016 1025 973 999 1035 0 0 0 0 0 0 0 0 0 0 
0 0 0 242 0 1 0 3 244 1 100 100 90 354 116 108 104 84 369 116 0 0 0 233 0 
18 8 14 192 9 0 0 0 197 0 37 46 35 191 32 0 0 0 171 0 3 9 4 195 4 
0 0 0 0 0 0 0 0 0 0 0 0 0 0 0 61 70 70 69 89 196 176 173 192 167 
80 91 61 56 163 0 11 0 0 96 0 3 0 0 112 0 4 0 0 103 84 82 77 67 154 
145 153 156 152 155 0 0 0 0 0 0 0 0 0 0 0 0 0 0 0 86 81 66 66 81 
0 0 0 0 0 0 0 0 0 0 0 0 0 0 0 443 433 426 411 425 193 184 180 192 205 
0 203 0 0 88 0 186 0 0 95 130 343 157 139 216 0 188 0 0 96 0 222 0 0 82 
811 0 0 0 0 807 0 0 0 0 810 0 0 0 0 826 0 0 0 0 844 0 0 0 0 
23 4 179 149 178 32 18 159 158 170 117 102 263 234 224 173 165 345 326 292 142 82 265 233 284 
71 104 66 127 62 48 63 54 97 54 0 38 0 41 0 36 75 43 75 33 0 37 0 41 0 
34 10 11 6 18 127 89 102 90 121 35 0 0 0 19 26 0 0 0 22 120 108 91 106 144 
0 0 169 0 0 0 0 159 0 0 0 0 184 0 0 185 168 310 151 173 0 0 163 0 0 
0 89 60 63 0 0 113 60 75 0 52 138 118 143 47 0 111 79 69 0 0 119 93 64 0 
4 8 2 9 155 153 140 144 160 269 129 146 124 128 241 10 7 0 0 130 81 92 103 90 210 
0 0 0 0 0 0 0 0 0 0 0 0 0 0 0 1018 1079 1088 1058 988 0 0 0 0 0 
0 18 51 133 0 0 17 52 114 0 0 18 46 141 0 0 17 50 139 0 0 15 51 139 0 
74 48 0 0 0 85 74 18 16 15 147 98 37 35 33 103 63 0 0 0 106 96 27 26 28 
83 131 89 178 176 7 63 26 90 75 13 42 33 76 89 0 54 0 66 71 0 43 0 79 75 
103 144 153 105 5 103 148 204 106 3 331 331 406 353 236 123 138 152 90 0 311 263 342 273 165 
73 19 20 98 19 73 0 0 113 0 202 144 131 220 128 56 1 0 96 3 105 46 44 171 42 
102 77 40 41 28 127 87 43 51 28 52 45 13 0 0 77 64 18 11 12 76 50 9 0 0 
0 0 162 67 0 0 0 191 74 0 0 0 206 57 0 0 0 209 53 0 0 0 161 54 0 
129 160 179 119 99 0 48 74 0 0 0 51 64 0 0 43 67 99 35 32 0 45 98 0 2 
66 58 72 78 64 105 125 109 121 108 23 41 46 38 40 0 0 0 0 0 0 0 0 0 0 
0 0 0 168 0 0 0 0 177 0 232 236 224 414 246 0 0 0 172 0 0 0 0 156 0 
0 0 0 0 0 179 192 222 165 178 0 0 0 0 0 0 0 0 0 0 98 85 91 87 112 
137 8 21 94 62 156 49 54 128 113 246 99 99 170 168 101 0 0 72 49 220 94 87 180 130 
0 80 0 0 0 0 76 0 0 0 0 60 0 0 0 103 147 82 114 77 50 121 42 46 46 
0 0 107 0 0 96 93 205 118 120 0 0 98 0 0 7 10 107 4 10 15 15 95 11 16 
284 253 194 279 122 134 123 74 124 0 99 122 63 104 0 299 278 194 315 138 131 122 86 143 0 
0 0 0 0 0 38 39 33 27 28 0 0 0 0 0 70 75 75 77 112 112 114 105 114 140 
0 225 0 205 0 0 183 0 197 0 8 210 6 205 7 0 191 0 193 0 0 203 0 208 0 
0 40 0 122 0 0 53 0 131 0 0 48 0 137 0 63 137 67 203 70 0 57 0 120 0 
0 0 0 0 78 79 68 76 65 135 89 73 78 82 130 0 0 0 0 75 0 0 0 0 81 
70 279 315 27 228 17 186 234 3 122 74 282 298 50 223 100 294 303 89 228 206 355 398 168 286 
0 53 41 0 92 27 83 50 15 121 30 100 102 49 95 0 69 32 0 77 0 75 31 0 85 
127 99 121 156 136 13 0 0 40 0 15 0 0 50 0 21 0 0 55 0 94 77 63 130 83 
78 0 76 0 0 82 0 82 0 0 135 57 121 58 62 121 17 89 13 11 76 0 83 0 0 
0 18 81 0 96 0 12 68 0 106 0 16 73 0 104 0 13 91 0 132 0 13 69 0 100 
23 67 151 92 29 65 80 175 127 67 0 40 120 43 0 49 83 170 118 51 0 27 107 67 0 
0 70 0 0 0 0 80 0 1 0 133 249 120 141 129 0 98 0 0 0 16 86 21 24 27 
0 0 0 85 0 72 82 64 154 97 0 0 0 80 0 0 0 0 94 0 84 76 64 175 70 
62 0 111 56 0 67 0 125 57 0 72 0 107 60 0 57 0 123 65 0 53 0 119 51 0 
77 46 0 29 0 103 73 16 46 24 92 86 0 25 0 110 53 0 41 0 87 58 0 33 0 
0 0 0 0 24 193 181 191 198 209 0 0 0 0 32 0 0 0 0 30 0 0 0 0 35 
102 57 64 131 92 70 43 57 110 88 25 0 0 60 14 41 0 0 57 10 44 12 8 64 35 
31 57 8 6 10 17 51 0 0 0 21 79 0 0 0 131 170 132 120 121 30 77 0 0 0 
0 0 0 21 0 186 170 197 198 164 0 0 0 23 0 0 0 0 22 0 0 0 0 19 0 
71 79 133 138 89 0 0 52 63 0 0 0 74 60 0 0 0 67 53 0 0 0 59 62 0 
63 57 59 48 68 41 0 0 0 10 76 62 48 48 72 30 0 0 0 22 92 49 45 49 60 
0 0 25 0 71 8 6 36 12 91 0 0 34 0 70 10 7 45 7 95 81 75 115 64 155 
57 105 138 66 72 28 81 96 26 26 0 33 72 0 0 0 37 72 0 0 0 40 67 0 0 
0 0 123 0 0 0 0 99 0 0 83 122 216 119 110 0 0 89 0 0 0 0 111 0 0 
127 158 51 75 170 52 56 0 0 106 67 71 0 0 83 54 47 0 0 91 79 46 0 0 116 
0 64 0 27 43 69 146 67 98 126 0 68 0 35 45 0 61 0 42 52 35 70 22 60 72 
9 7 99 5 12 0 0 87 0 0 0 0 83 0 0 36 39 120 27 29 75 78 150 59 85 
0 0 0 51 74 88 81 63 117 163 0 0 0 49 73 0 0 0 36 84 0 0 0 47 73 
113 198 89 84 102 25 130 0 0 0 37 142 9 8 11 24 85 0 0 0 24 100 0 0 0 
71 37 101 38 96 17 0 40 2 68 12 0 47 0 75 15 0 51 0 59 0 0 32 0 65 
47 0 6 0 1 58 2 0 0 0 76 51 37 46 57 70 22 0 11 0 158 94 102 125 88 
39 34 118 47 50 12 0 81 0 0 6 0 77 0 0 5 0 69 0 0 43 30 109 32 24 
0 62 64 0 0 0 73 46 0 0 21 104 78 21 21 32 109 55 40 42 0 62 47 0 0 
27 0 80 0 40 60 43 119 39 74 22 0 82 0 19 20 0 88 0 14 27 0 95 0 23 
0 2150 0 0 0 0 2220 0 0 0 0 2069 0 0 0 0 2157 0 0 0 0 2082 0 0 0 
23 112 81 18 5 79 173 163 68 45 4 121 122 5 0 28 167 169 76 32 0 111 91 0 0 
59 106 93 0 0 55 119 124 0 0 71 128 123 0 0 80 124 116 0 5 62 117 120 0 0 
0 92 0 117 0 82 165 75 211 104 71 144 33 179 48 0 78 0 126 0 0 91 0 90 0 
0 0 0 0 0 1283 1240 1239 1205 1270 0 0 0 0 0 0 0 0 0 0 0 0 0 0 0 
0 0 80 125 0 0 0 75 106 0 0 0 81 127 0 0 0 81 125 0 0 0 72 128 0 
139 44 50 89 41 141 51 51 109 63 96 0 0 46 0 81 0 0 34 0 86 0 0 47 0 
0 120 0 0 84 0 143 2 0 73 0 158 0 0 85 0 136 0 0 75 0 141 0 0 97 
132 233 143 200 82 82 167 43 113 10 257 351 201 301 141 106 217 74 163 33 184 300 223 241 131 
82 87 282 294 74 0 0 201 205 0 102 107 272 300 92 0 0 173 204 4 5 7 201 204 15 
133 117 107 148 233 8 23 4 2 155 6 16 8 2 153 205 228 170 189 351 227 252 251 232 400 
0 66 0 0 0 0 51 0 0 0 0 67 0 0 0 6 68 5 7 3 173 208 179 148 169 
76 41 47 17 66 67 16 30 0 63 69 13 35 0 41 107 18 32 0 55 201 151 151 134 162 
200 66 0 101 0 205 66 0 104 0 205 46 0 104 0 193 59 0 113 0 191 55 0 111 0 
0 0 1456 0 0 0 0 1477 0 0 0 0 1365 0 0 0 0 1483 0 0 0 0 1449 0 0 
98 6 14 75 26 117 80 68 118 82 107 74 75 98 80 59 26 25 80 33 66 0 2 39 11 
102 120 121 77 189 0 0 8 0 49 53 75 66 65 113 0 0 16 0 52 0 0 11 0 62 
39 84 0 113 0 126 173 92 205 81 115 128 88 207 91 49 75 0 108 0 33 64 0 106 0 
62 74 62 69 100 68 70 54 51 77 0 23 0 0 39 0 19 0 0 23 42 64 45 43 70 
0 70 0 0 0 28 126 36 37 29 39 131 34 35 30 26 116 24 23 30 40 123 42 36 44 
34 12 44 34 0 102 71 113 116 63 38 21 47 37 0 45 9 44 35 0 39 20 37 39 0 
151 0 0 0 0 120 0 0 0 0 206 80 100 99 98 116 0 0 0 0 132 0 0 0 0 
0 0 0 0 827 0 0 0 0 785 0 0 0 0 837 0 0 0 0 829 0 0 0 0 771 
124 102 0 157 59 111 107 2 168 70 166 160 48 218 100 108 102 11 156 88 127 154 1 198 63 
132 0 0 0 0 258 98 96 85 73 156 0 0 0 0 146 0 0 0 0 152 0 0 0 0 
0 0 0 0 0 80 55 73 69 70 0 0 0 0 0 171 137 165 154 168 0 0 0 0 0 
0 22 0 145 0 33 55 46 187 32 0 19 0 133 0 0 16 0 138 0 0 20 0 162 0 
131 71 102 85 134 91 0 62 23 46 91 0 103 49 70 186 107 148 110 150 70 0 47 29 54 
43 48 55 128 106 28 22 31 81 74 0 0 0 77 55 0 0 0 48 50 7 9 9 74 53 
0 11 73 0 0 88 116 201 98 100 0 12 81 1 0 67 106 196 68 74 0 6 81 0 0 
200 14 188 0 0 200 3 174 0 0 201 8 185 4 1 177 7 183 0 0 211 25 180 10 10 
375 132 381 155 245 406 162 432 188 227 389 145 387 204 262 260 25 271 57 140 263 65 305 63 142 
65 153 69 83 71 0 87 0 27 0 17 129 28 35 27 0 109 0 17 0 0 75 0 22 0 
0 0 33 0 58 35 46 78 44 113 55 74 89 53 121 0 0 33 0 61 0 0 49 0 58 
0 0 17 0 225 0 0 19 0 212 0 0 33 0 199 0 0 28 0 208 0 0 26 0 201 
0 0 0 54 0 0 0 0 61 0 57 60 49 147 47 0 0 0 63 0 87 84 86 165 90 
104 0 0 120 0 138 0 0 145 0 137 0 0 119 0 128 0 0 136 0 126 0 0 133 0 
10 33 75 66 0 104 141 167 168 113 147 203 226 222 146 4 66 90 91 4 50 72 96 98 32 
120 136 124 120 237 0 0 0 0 83 0 0 0 0 83 22 30 31 22 111 0 0 0 0 83 
129 216 129 122 127 0 116 0 0 0 79 185 84 87 78 4 102 0 0 1 60 172 55 57 75 
158 161 89 89 98 98 63 0 0 0 103 69 5 5 9 82 56 0 0 0 88 72 0 0 0 
0 128 0 0 0 36 169 50 48 61 0 144 0 0 0 59 203 85 99 66 0 125 0 0 0 
0 0 0 0 0 0 0 0 0 0 0 0 0 0 0 0 0 0 0 0 445 410 444 430 404 
0 0 36 0 0 72 75 85 68 80 0 0 26 0 0 76 65 76 54 76 19 25 52 22 26 
8 14 16 17 52 0 0 0 0 37 80 79 71 69 100 0 0 0 0 33 68 99 78 77 105 
0 0 0 131 0 0 0 0 123 0 0 0 0 144 0 0 0 0 156 0 79 78 80 209 82 
0 68 0 30 66 0 60 0 39 70 0 55 0 33 87 0 58 0 31 68 11 76 22 54 106 
0 112 0 0 0 0 108 0 0 0 0 107 0 0 0 0 96 0 0 0 97 185 99 106 92 
0 18 0 0 0 82 81 71 75 76 79 76 74 79 78 0 11 0 17 0 120 150 121 147 111 
0 0 117 55 0 43 45 155 106 50 0 0 102 39 0 0 0 89 38 0 0 0 126 34 0 
59 0 0 0 0 126 62 61 76 69 99 20 18 20 15 131 47 46 52 41 58 0 0 0 0 
83 35 33 111 37 39 0 0 91 0 48 0 0 85 0 83 35 30 119 31 55 0 0 83 0 
0 0 27 32 0 0 0 0 21 0 101 99 110 127 97 0 0 0 37 0 0 0 29 29 0 
29 0 0 86 110 106 96 99 136 209 36 2 12 92 116 67 32 30 110 143 36 35 43 114 132 
3 6 50 102 7 0 0 50 80 0 52 33 111 128 48 32 39 72 121 38 0 0 48 88 0 
56 5 49 48 13 47 3 38 46 28 125 73 113 127 92 79 18 43 57 17 47 0 44 43 0 
46 0 67 0 60 43 0 60 0 57 29 0 71 0 79 103 59 115 68 125 34 0 59 0 59 
84 23 204 89 36 56 3 173 90 16 48 0 144 30 6 193 93 271 153 130 104 29 202 101 53 
20 93 174 32 123 138 193 321 120 279 40 119 209 51 189 0 43 177 0 120 107 163 251 110 249 
19 21 22 56 48 40 37 34 75 71 0 0 0 31 29 0 0 0 21 17 75 89 88 123 99 
21 38 0 102 0 40 55 0 124 0 94 81 49 155 69 34 48 0 123 0 45 37 0 96 0 
0 0 56 0 0 165 141 215 153 179 0 0 60 0 0 0 0 78 0 0 0 0 75 0 0 
13 4 1 0 93 23 0 0 0 102 95 86 76 71 170 26 15 20 19 95 131 167 150 154 211 
94 13 21 7 29 133 84 86 79 99 159 118 113 117 115 67 0 9 0 24 43 16 18 9 39 
12 81 58 10 25 0 76 56 1 5 0 60 33 0 15 0 59 42 1 11 43 109 92 38 76 
154 202 98 98 107 83 67 48 21 25 43 51 16 0 0 43 55 16 0 0 38 46 19 0 0 
77 83 12 21 17 55 56 0 0 0 56 69 14 11 18 65 74 36 45 45 83 81 47 27 47 
38 75 42 71 29 0 62 11 41 16 0 50 11 46 19 0 42 14 31 11 39 102 64 97 78 
0 0 64 30 12 0 0 55 38 0 0 0 54 45 7 46 56 145 102 68 58 56 107 99 69 
32 40 28 23 34 0 0 0 0 0 75 68 60 68 59 0 0 0 0 0 141 117 113 124 123 
39 29 33 31 38 0 0 14 0 0 0 0 18 0 0 43 35 70 44 42 99 77 111 110 100 
33 43 104 54 51 3 8 63 16 2 53 51 124 58 46 0 0 49 0 0 1 0 56 16 0 
0 0 180 32 0 0 0 141 23 0 19 20 156 37 18 0 0 166 23 0 0 0 162 23 0 
43 71 0 0 0 66 96 38 28 29 66 110 18 14 9 80 122 38 35 43 39 69 0 0 0 
92 127 77 57 72 15 50 4 0 0 83 140 69 61 59 37 76 29 18 16 25 66 0 0 0 
0 119 114 168 0 0 134 122 171 0 0 116 127 172 1 0 125 122 167 0 0 131 123 177 2 
20 0 0 203 0 16 0 0 152 0 151 118 138 281 119 18 0 0 185 0 25 1 0 154 1 
137 155 27 77 94 188 258 93 98 188 153 176 78 97 117 91 122 2 17 66 225 265 133 162 205 
94 248 178 116 132 16 72 94 21 9 54 103 147 42 41 27 146 93 26 57 0 102 52 0 0 
13 26 17 12 67 15 32 28 7 104 9 22 15 9 53 61 89 74 56 154 31 39 36 27 101 
678 476 540 421 466 480 239 318 198 257 459 323 369 188 313 417 157 198 94 164 545 328 388 324 350 
103 70 2 3 1 181 172 74 75 84 79 87 0 0 0 105 92 22 21 23 70 69 0 0 0 
144 288 121 129 135 226 359 147 228 166 99 244 59 106 54 29 185 1 20 0 104 221 64 79 47 
0 0 0 0 55 0 0 0 0 60 0 0 0 0 72 0 0 0 0 62 146 169 153 173 195 
62 2 36 0 9 129 12 61 35 30 140 57 94 50 46 146 79 129 65 89 131 29 45 11 22 
150 0 0 54 0 156 0 0 55 0 141 0 0 40 0 168 0 0 46 0 149 0 0 41 0 
155 135 163 273 137 33 0 75 132 0 69 37 103 199 65 34 11 102 111 35 31 0 67 97 2 
65 112 95 185 166 0 7 0 100 51 0 11 3 72 57 0 13 12 101 66 25 42 34 112 60 
148 144 95 69 27 222 208 155 148 135 133 89 82 59 20 283 234 195 163 159 174 158 138 78 76 
58 130 51 57 53 0 55 0 0 0 6 80 4 5 4 0 64 0 0 0 76 154 62 76 65 
0 0 0 20 0 0 0 0 22 0 0 0 0 24 0 0 0 0 19 0 183 199 220 224 228 
22 6 0 2 34 83 82 77 61 101 8 0 0 0 35 0 0 0 0 37 17 0 0 0 28 
72 4 52 109 100 23 6 32 106 74 69 24 56 132 106 21 0 39 85 87 130 82 127 198 193 
0 91 76 0 93 0 96 83 0 100 0 114 57 0 71 0 89 97 0 88 0 116 82 0 100 
55 24 71 52 46 85 62 124 67 70 27 24 47 30 14 65 52 129 89 62 6 0 38 0 0 
84 0 0 0 52 67 0 0 0 50 86 0 0 0 59 72 0 0 0 51 182 95 82 93 159 
69 160 14 122 126 70 187 3 132 176 51 131 6 142 85 226 313 173 278 257 113 256 107 205 149 
92 112 127 101 80 12 39 43 14 12 0 20 58 0 0 80 78 117 59 67 27 33 65 24 17 
0 0 0 140 35 0 0 0 158 28 27 29 16 157 51 0 0 0 149 34 0 0 0 138 38 
0 0 0 156 12 172 152 141 356 189 0 0 0 181 19 147 140 136 283 133 0 0 0 151 9 
69 178 203 241 96 26 113 121 197 39 102 165 184 229 104 56 220 200 298 126 109 163 205 253 110 
0 0 0 1274 0 0 1 0 1263 0 0 0 0 1291 0 0 0 0 1356 2 0 0 0 1301 0 
195 0 0 0 0 197 13 18 17 20 178 0 0 0 0 196 0 0 0 0 166 0 0 0 0 
92 0 0 0 0 117 0 0 0 0 122 0 0 0 0 102 0 0 0 0 206 88 85 89 99 
207 28 58 34 15 160 0 21 2 0 329 106 126 94 101 350 185 250 209 193 199 76 109 51 66 
0 25 0 0 0 0 34 0 0 0 0 0 0 1 0 11 18 0 25 34 0 5 0 0 0 
93 93 182 147 134 0 0 51 0 0 0 1 79 0 0 0 0 62 0 0 249 250 301 288 247 
4 9 0 73 210 119 122 114 188 331 0 29 2 74 236 0 9 0 78 241 117 138 113 177 295 
12 18 83 5 248 4 5 53 9 177 121 104 177 119 279 141 141 208 167 341 1 1 60 0 196 
124 262 280 213 95 167 252 300 194 109 148 251 316 180 124 74 174 236 104 12 73 208 231 138 38 
109 0 0 15 0 96 0 0 0 0 114 0 0 0 0 111 0 0 0 0 141 17 26 41 32 
0 0 202 0 38 0 0 235 0 31 0 0 207 0 30 0 0 197 0 27 0 0 193 0 35 
0 0 54 68 0 80 49 119 109 67 0 0 44 43 0 64 60 125 94 54 45 34 94 86 32 
50 73 50 52 76 0 44 0 0 23 43 73 39 36 63 0 31 0 0 29 0 51 2 0 24 
611 625 645 690 628 0 0 0 0 0 0 0 0 0 0 0 0 0 0 0 0 0 0 0 0 
55 0 0 0 0 61 0 0 0 0 64 0 0 0 0 202 132 145 146 140 52 0 0 0 0 
0 0 0 36 0 77 65 49 103 57 0 0 0 23 0 47 49 63 93 52 44 50 45 98 40 
6 0 0 0 0 0 0 0 0 0 7 20 0 0 0 6 1 0 0 7 0 0 0 0 0 
