957 892 827 812 860 1123 1181 1117 1017 1048 669 748 687 707 784 1098 1051 1037 1020 1059 650 614 576 534 601 
185 144 199 164 174 0 0 0 0 0 132 80 128 112 102 0 0 0 0 0 0 1 0 0 0 
128 36 40 215 234 75 0 0 132 136 181 61 79 271 264 59 0 0 110 131 72 0 0 154 143 
273 58 112 84 81 226 0 31 0 13 396 102 196 116 141 442 212 316 223 220 315 69 131 71 82 
0 0 3 150 13 158 123 126 330 175 2 4 0 181 17 113 118 110 272 105 0 0 0 146 9 
124 16 62 115 22 144 8 75 107 0 126 22 63 80 20 123 1 51 105 0 302 183 254 312 173 
107 2 18 0 91 88 1 19 0 108 201 91 105 101 198 160 73 96 69 154 227 109 133 109 251 
0 0 0 0 0 0 0 0 0 0 1015 1037 987 1005 1051 0 0 0 0 0 0 0 0 0 0 
0 0 0 249 0 0 0 2 236 0 105 101 91 344 112 104 94 82 367 117 0 0 0 230 0 
18 10 14 218 5 0 0 1 222 0 43 51 34 196 31 0 0 0 183 0 2 5 0 218 3 
48 143 181 206 56 32 137 193 221 66 121 168 237 288 106 77 209 232 240 103 81 138 170 263 63 
0 0 0 0 2 0 0 0 0 1 0 0 0 0 0 63 73 75 72 96 181 169 162 205 180 
74 87 64 51 166 0 10 0 0 94 0 3 0 0 97 0 4 0 0 107 76 81 86 64 162 
132 143 153 164 151 0 0 0 0 0 1 0 0 0 0 0 0 0 0 0 79 83 65 69 82 
0 0 0 0 0 0 0 0 0 0 0 0 0 0 0 434 434 425 412 416 192 182 185 190 209 
0 212 0 0 83 0 181 0 0 103 131 350 157 143 215 0 197 0 0 95 0 223 0 0 77 
970 0 0 0 0 917 0 0 0 0 937 0 0 0 0 976 0 0 0 0 965 0 0 0 0 
13 5 194 129 124 30 9 151 105 122 90 93 252 201 168 165 191 348 334 258 134 84 238 201 231 
91 141 78 159 74 74 91 81 133 76 0 44 0 50 0 42 95 43 102 46 0 43 0 53 0 
37 10 15 9 26 151 122 128 126 139 43 0 0 0 17 33 0 0 0 20 149 136 121 121 175 
0 0 130 0 0 0 0 121 0 0 0 0 150 0 0 148 115 239 121 120 0 0 147 0 0 
0 64 43 46 0 0 78 43 45 0 35 97 91 97 33 0 70 47 47 0 0 69 55 42 0 
0 2 0 4 144 151 125 129 147 261 158 129 118 122 244 0 1 0 0 123 92 92 92 89 201 
0 0 0 0 0 0 0 0 0 0 0 0 0 0 0 1007 1070 1088 1043 994 0 0 0 0 0 
0 18 51 132 0 0 17 52 114 0 0 18 47 141 0 0 17 50 139 0 0 15 51 139 0 
66 48 0 0 0 85 73 15 15 13 139 87 37 38 30 88 65 0 0 0 99 92 23 23 30 
71 119 75 163 164 9 44 22 80 69 10 41 20 85 105 0 46 0 55 69 0 43 0 69 75 
92 103 109 65 3 91 103 137 61 0 249 265 290 251 190 113 108 115 69 4 246 199 270 198 122 
85 18 17 107 16 76 0 0 127 0 212 160 147 244 152 86 0 0 107 5 117 52 50 189 44 
142 115 52 51 38 152 117 52 62 34 82 72 22 0 0 102 87 21 16 20 87 61 9 0 0 
0 0 155 63 0 0 0 166 55 0 0 0 207 62 0 0 0 176 54 0 0 0 154 49 0 
122 157 176 119 108 1 48 70 0 0 0 46 66 0 0 46 67 108 35 39 0 48 107 0 1 
101 78 106 95 82 146 141 141 147 139 32 60 58 56 53 0 0 0 0 0 0 0 0 0 0 
0 0 0 166 0 0 0 0 175 0 234 236 222 414 241 0 0 0 171 0 0 0 0 159 0 
0 0 0 0 0 168 154 192 148 163 0 0 0 0 0 0 0 0 0 0 82 72 79 68 82 
111 0 0 55 45 152 39 49 108 116 249 68 79 153 163 102 0 0 67 51 212 71 90 175 138 
0 96 0 0 0 0 85 0 0 0 0 72 0 0 0 117 172 94 138 89 57 135 49 59 47 
0 0 117 0 0 97 99 228 121 116 0 0 113 0 0 9 11 130 6 8 19 14 95 11 22 
244 198 185 248 108 111 65 68 99 0 80 76 60 88 0 251 219 148 263 98 120 99 83 134 6 
0 0 0 0 0 34 39 30 20 23 0 0 0 0 0 67 78 82 75 105 117 116 116 122 150 
0 224 0 201 0 0 180 0 194 0 8 203 7 197 7 0 184 0 192 0 0 197 0 204 0 
0 37 0 122 0 0 53 0 136 0 0 50 0 147 0 65 142 74 205 75 0 57 0 127 0 
0 0 0 0 69 73 65 71 55 123 79 67 67 75 115 0 0 0 0 68 0 0 0 0 72 
83 289 297 21 263 42 210 199 1 173 87 274 271 41 218 112 317 283 101 284 214 379 360 151 322 
0 49 37 0 86 23 68 60 12 100 31 90 92 42 83 0 64 29 0 67 0 66 33 0 76 
123 109 117 126 136 16 0 0 33 0 14 0 0 38 0 22 0 0 49 0 90 70 66 115 95 
77 0 68 0 0 71 0 80 0 0 121 56 118 59 56 114 15 92 12 15 71 0 80 0 0 
0 17 81 0 96 0 12 69 0 107 0 16 74 0 106 0 14 91 0 133 0 13 69 0 101 
11 41 142 73 19 51 70 145 90 52 0 31 113 36 0 41 65 159 90 39 0 24 110 56 0 
0 63 0 0 0 0 74 0 0 0 109 227 103 132 115 0 88 0 0 0 15 76 18 24 26 
0 0 0 77 0 64 68 58 135 86 0 0 0 75 0 0 0 0 87 0 74 70 59 159 65 
62 0 125 67 0 84 0 137 70 0 87 0 126 63 0 71 0 134 78 0 56 0 126 64 0 
98 78 0 34 0 150 105 23 61 31 120 109 0 31 0 139 70 0 46 0 114 72 0 47 0 
0 0 0 0 24 199 190 214 203 232 0 0 0 0 40 0 0 0 0 34 0 0 0 0 33 
113 54 68 127 88 76 44 63 117 81 32 0 0 65 11 40 0 0 64 13 44 16 9 73 34 
31 66 10 7 12 20 64 0 0 0 22 100 0 0 0 155 208 160 146 139 30 96 0 0 0 
0 0 0 20 0 186 171 199 198 164 0 0 0 23 0 0 0 0 22 0 0 0 0 19 0 
77 84 144 149 101 0 0 59 73 0 0 0 83 64 0 0 0 75 58 0 0 0 67 65 0 
65 59 63 51 74 42 0 0 0 12 81 65 48 51 74 33 0 0 0 22 98 50 47 51 63 
0 0 25 0 67 8 6 36 12 89 0 0 34 0 70 10 7 43 8 95 81 75 114 64 153 
603 600 621 656 604 0 0 0 0 0 0 0 0 0 0 0 0 0 0 0 0 0 0 0 0 
66 124 161 76 78 32 90 106 29 29 0 36 78 0 0 0 45 79 0 0 0 43 71 0 0 
0 0 121 0 0 0 0 98 0 0 83 131 230 116 116 0 0 98 0 0 0 0 114 0 0 
116 144 47 68 167 44 53 0 0 101 50 72 0 0 80 47 51 0 0 79 68 52 0 0 96 
0 48 0 22 36 59 115 57 80 93 0 59 0 26 38 0 55 0 36 40 26 65 21 52 63 
7 7 98 5 12 0 0 87 0 0 0 0 83 0 0 36 39 120 27 29 75 78 150 59 85 
0 0 0 51 75 88 81 63 117 163 0 0 0 49 73 0 0 0 36 84 0 0 0 47 73 
107 172 79 84 92 24 120 0 0 0 40 129 10 10 10 27 91 0 0 0 29 92 0 0 0 
67 27 88 34 100 19 0 35 1 66 10 0 42 0 73 18 0 49 2 61 10 0 37 5 68 
62 0 4 0 3 80 0 0 0 0 116 54 36 49 77 109 34 0 28 22 159 90 78 104 79 
67 34 118 48 45 31 0 81 0 0 29 0 77 0 0 26 0 70 0 0 83 45 122 48 37 
89 78 97 49 60 33 29 28 0 10 55 68 59 27 42 44 28 33 0 13 34 31 34 0 9 
0 62 67 0 0 0 65 58 0 0 19 103 78 21 21 32 109 57 38 42 0 60 46 0 0 
57 95 57 49 47 36 100 35 36 27 15 72 18 13 19 27 58 26 27 29 0 61 0 0 0 
29 0 87 0 44 60 43 120 39 77 24 0 81 0 26 32 4 94 0 32 28 0 94 0 27 
0 2095 0 0 0 0 2152 0 0 0 0 2011 0 0 0 0 2090 0 0 0 0 2039 0 0 0 
27 123 119 14 13 96 215 188 86 80 11 131 116 3 0 39 210 143 60 37 3 120 86 0 0 
64 89 68 0 0 47 110 88 0 0 65 100 97 0 0 51 107 88 0 0 60 100 99 0 0 
10 127 0 171 0 119 231 118 312 132 139 225 124 325 111 0 121 0 207 0 3 141 0 148 0 
64 66 129 101 85 0 0 37 0 0 0 0 56 0 0 0 0 51 0 0 181 201 230 207 214 
0 0 0 0 0 1250 1204 1207 1168 1238 0 0 0 0 0 0 0 0 0 0 0 0 0 0 0 
0 0 84 134 1 0 0 81 114 0 0 0 90 146 0 0 0 91 130 0 0 0 88 134 0 
159 54 59 116 53 162 65 64 127 67 93 0 0 49 0 82 0 0 47 0 98 0 0 52 1 
0 119 0 0 78 0 134 0 0 71 0 146 0 0 78 0 130 0 0 67 0 133 0 0 97 
188 262 159 264 97 153 246 113 146 47 321 413 257 367 171 205 350 216 249 111 257 452 297 270 195 
98 81 287 301 98 0 0 202 207 2 120 119 292 329 115 0 0 168 194 3 14 11 213 200 25 
164 147 136 197 302 6 26 5 12 203 13 26 10 20 184 250 240 183 233 416 264 300 286 309 471 
0 59 0 0 0 0 49 0 0 0 0 64 0 0 0 7 60 4 7 2 159 191 155 133 147 
68 31 49 15 57 54 14 36 0 48 53 16 47 0 40 75 14 35 0 49 162 117 120 104 172 
202 76 0 101 0 200 69 0 100 0 205 59 0 101 0 193 68 0 110 0 200 55 0 109 0 
55 0 0 0 0 62 0 0 0 0 64 0 0 0 0 202 132 145 146 141 52 0 0 0 0 
85 242 249 151 59 78 203 219 119 35 77 201 208 84 72 54 156 190 66 2 48 199 228 88 5 
110 12 10 61 26 148 92 75 134 86 125 93 80 111 101 96 32 27 84 43 74 0 0 36 12 
124 124 145 100 191 0 0 7 0 46 64 78 84 66 124 0 0 20 0 62 0 0 17 0 68 
20 48 0 51 0 97 119 58 104 46 55 57 25 78 36 35 38 0 50 0 26 43 0 54 0 
94 96 79 85 150 95 91 75 71 114 0 25 0 0 62 0 23 0 0 34 56 79 59 54 90 
0 69 0 0 1 31 127 32 35 29 38 133 34 33 33 25 114 23 24 34 37 111 46 33 46 
33 9 38 32 0 103 70 112 108 63 43 21 46 33 0 47 6 43 31 0 41 19 37 37 0 
2 18 0 68 212 126 137 121 213 349 1 25 3 80 251 0 18 0 93 253 115 152 115 181 308 
10 21 79 6 234 5 0 63 8 181 104 104 174 129 284 154 153 229 196 363 2 1 70 4 195 
151 0 0 0 0 131 0 0 0 0 230 83 112 103 117 131 0 0 0 0 128 0 0 0 0 
0 0 0 0 837 0 0 0 0 789 0 0 0 0 836 0 0 0 0 836 0 0 0 0 784 
141 101 0 173 56 143 123 0 201 69 178 169 39 238 117 115 117 4 170 90 109 108 0 168 49 
163 0 0 0 0 324 102 106 102 90 193 0 0 0 0 187 0 0 0 0 169 0 0 0 0 
0 0 0 0 0 81 64 76 69 75 0 0 0 0 0 153 128 146 149 147 0 0 0 0 0 
0 23 0 148 0 35 59 48 192 34 0 21 0 137 0 0 16 0 146 0 0 21 0 171 0 
100 60 113 124 160 51 0 82 74 70 31 4 89 77 68 98 58 138 133 138 15 1 53 61 42 
49 64 56 150 130 32 23 36 92 83 0 0 0 89 74 0 0 0 54 61 9 12 10 84 64 
0 9 61 0 0 81 93 178 87 88 0 10 67 1 0 53 77 162 50 60 0 7 61 0 0 
115 0 112 0 0 101 0 91 0 0 92 0 100 4 1 72 0 104 0 0 110 10 97 10 11 
292 120 328 142 221 337 195 416 212 240 323 170 408 226 277 201 17 224 62 134 193 74 274 45 127 
71 165 78 92 72 0 96 0 32 0 18 139 31 39 31 0 109 0 19 0 0 85 0 22 0 
0 0 36 0 67 41 51 85 46 132 65 84 97 55 131 0 0 37 0 72 0 0 52 0 69 
0 0 16 0 187 0 0 16 0 178 0 0 28 0 166 0 0 25 0 179 0 0 23 0 182 
0 0 0 53 0 0 0 0 62 0 58 63 46 144 46 0 0 0 65 0 91 86 93 170 91 
104 0 0 109 0 130 0 0 124 0 112 0 0 100 0 101 0 0 127 0 102 0 0 120 0 
10 52 86 55 4 95 170 201 185 136 170 230 247 222 146 4 55 101 89 14 89 114 119 147 64 
118 150 139 116 257 0 0 0 0 86 0 0 0 0 83 27 24 34 27 128 0 0 0 0 107 
122 224 143 131 140 0 122 0 0 0 79 193 87 91 75 0 105 0 0 1 90 204 73 83 90 
149 133 89 93 93 82 46 0 0 0 92 48 4 5 8 68 52 0 0 0 79 60 0 0 0 
0 111 0 0 0 34 153 49 50 60 0 114 0 0 0 61 175 76 73 61 0 102 0 0 0 
0 0 0 0 0 0 0 0 0 0 0 0 0 0 0 0 0 0 0 0 454 431 475 445 417 
0 0 36 0 0 74 82 92 75 87 0 0 31 0 0 77 76 85 59 79 19 26 59 22 27 
8 15 16 17 52 0 0 0 0 35 79 79 70 69 99 0 0 0 0 32 68 98 78 76 104 
0 0 0 127 0 0 0 0 111 0 0 0 0 135 0 0 0 0 139 0 72 71 76 190 79 
0 71 0 35 73 3 71 0 40 78 1 57 0 40 95 2 60 0 32 77 22 78 28 56 116 
0 110 0 0 0 0 106 0 0 0 0 104 0 0 0 0 96 0 0 0 97 185 99 105 92 
0 0 0 28 0 77 54 75 73 74 50 12 44 35 57 0 0 0 12 0 101 89 109 127 103 
0 0 117 55 0 43 45 155 106 50 0 0 102 39 0 0 0 89 37 0 0 0 126 35 0 
1 28 0 0 0 0 70 13 1 27 0 62 0 0 29 0 44 0 0 0 0 42 18 0 10 
59 0 0 0 0 127 62 62 76 69 100 20 18 21 16 132 49 46 53 41 58 0 0 0 0 
83 35 33 111 37 39 0 0 91 0 48 0 0 85 0 83 35 30 120 32 55 0 0 83 0 
0 0 63 43 0 0 0 55 43 0 101 99 149 131 97 0 0 62 47 0 0 0 67 42 0 
39 0 0 80 126 107 93 108 178 257 42 8 10 90 143 73 25 38 99 142 36 33 52 112 140 
3 7 57 100 7 0 0 55 84 0 50 37 124 142 59 30 45 82 125 39 0 0 50 87 0 
57 8 46 52 12 44 1 42 46 24 139 78 136 123 112 77 12 56 62 24 57 0 45 46 0 
44 0 65 0 59 48 0 66 0 58 27 0 76 0 83 99 59 116 76 117 40 0 64 0 64 
85 35 179 88 55 62 5 165 88 33 57 0 127 6 5 171 74 226 138 110 118 38 211 95 62 
13 101 155 36 139 159 212 328 148 301 36 132 223 48 193 0 43 177 2 134 107 169 272 148 272 
24 24 38 66 59 48 51 44 95 97 0 0 0 40 34 0 0 0 27 14 91 114 114 161 128 
22 34 0 96 0 32 58 0 121 0 89 86 45 139 55 27 41 0 118 0 44 42 0 93 0 
0 0 53 0 0 166 149 203 150 179 0 0 60 0 0 0 0 77 0 0 0 0 76 0 0 
58 110 67 82 48 19 33 0 35 0 79 120 84 118 55 2 64 0 68 5 84 73 91 118 44 
10 7 0 0 79 16 3 0 0 66 68 74 53 49 126 23 23 19 17 87 91 121 95 108 148 
59 11 10 6 20 84 60 61 64 62 94 73 78 86 83 39 0 4 0 11 34 10 14 6 21 
19 107 86 17 31 0 97 71 6 4 0 78 45 0 23 0 85 57 5 18 57 138 99 42 90 
145 196 96 99 102 82 65 46 19 18 39 50 17 0 0 39 53 17 0 0 34 46 19 0 0 
102 0 0 20 0 89 0 0 22 0 106 0 0 29 0 102 0 0 0 0 125 16 23 58 29 
73 86 16 26 23 58 45 4 0 2 61 77 18 9 17 69 79 38 44 52 83 77 51 32 50 
33 59 20 67 20 0 43 1 39 12 1 34 5 43 11 0 26 0 29 0 23 80 56 91 62 
0 0 55 27 11 0 0 45 35 2 0 0 44 41 6 42 53 123 97 61 54 50 101 92 64 
29 38 26 22 31 0 0 0 0 0 71 59 57 62 55 0 0 0 0 0 120 107 99 114 110 
40 32 37 33 40 0 0 18 0 0 0 0 19 0 0 48 42 80 55 47 119 91 128 127 119 
33 44 104 47 55 2 9 61 0 16 55 52 127 52 49 0 0 49 3 2 0 6 56 22 0 
0 0 180 32 0 0 0 141 23 0 19 20 156 37 18 0 0 166 23 0 0 0 162 23 0 
41 113 0 0 0 93 156 59 62 50 99 172 26 23 15 100 188 66 69 58 36 97 0 0 0 
76 4 86 92 94 161 75 190 199 190 178 85 189 211 227 173 58 129 132 174 109 10 103 141 126 
108 141 80 64 79 14 68 0 0 0 99 169 84 72 61 45 84 30 22 15 23 76 0 0 0 
0 118 114 167 0 0 131 123 174 1 0 111 126 171 0 0 120 115 161 0 0 128 119 169 0 
13 0 0 131 0 9 0 0 95 0 90 64 83 188 80 10 0 0 99 0 20 1 0 105 1 
49 70 44 46 54 0 49 0 0 19 51 84 45 40 54 7 38 0 0 31 5 58 0 0 31 
139 151 37 64 100 167 206 82 97 192 128 146 54 55 101 78 83 1 14 73 216 247 110 122 167 
62 174 128 89 93 7 45 58 11 0 35 74 106 38 29 22 71 56 15 24 0 68 47 0 0 
0 23 10 8 69 11 26 23 5 104 0 15 10 0 50 46 58 65 34 140 25 21 34 20 86 
587 439 462 351 429 406 159 217 175 202 428 240 269 168 227 293 108 96 59 109 524 301 342 316 377 
72 56 0 1 0 143 132 62 62 64 67 73 0 0 0 89 76 20 15 15 61 50 0 0 0 
130 287 127 115 120 236 376 159 239 181 101 271 70 140 69 29 181 0 27 0 87 219 50 75 47 
16 0 9 81 0 0 0 0 48 1 66 49 57 87 31 81 59 64 110 87 22 0 8 41 1 
0 0 0 0 54 0 0 0 0 59 0 0 0 0 69 0 0 0 0 63 140 161 151 163 193 
60 4 29 0 11 107 19 54 25 25 122 49 86 51 50 126 66 118 62 85 111 28 44 17 24 
151 0 0 55 0 155 0 0 56 0 141 0 0 40 0 168 0 0 47 0 149 0 0 40 0 
191 127 180 246 123 44 0 98 128 4 113 52 137 202 79 57 7 114 94 28 59 0 90 88 2 
0 0 48 59 0 81 67 110 113 72 0 0 40 40 0 57 60 116 99 52 45 48 97 88 31 
55 88 70 144 125 0 9 4 80 41 0 15 5 53 52 0 10 8 70 48 30 33 22 81 53 
124 93 83 86 31 162 119 122 121 82 92 67 57 49 6 243 169 183 150 132 149 141 143 100 81 
72 161 59 73 63 0 70 0 0 0 5 98 5 5 5 0 70 0 0 0 90 184 76 103 77 
0 0 0 19 0 0 0 0 23 0 0 0 0 19 0 0 0 0 20 0 178 188 215 218 208 
43 0 0 33 39 112 87 74 104 104 47 1 0 35 39 39 2 0 24 43 45 0 0 29 34 
55 7 54 115 98 22 5 34 117 95 72 29 59 143 115 22 0 40 81 94 136 84 134 196 221 
0 109 88 0 83 0 95 95 1 86 0 102 65 0 69 0 97 89 0 88 0 116 82 0 75 
47 24 56 41 33 71 52 92 53 54 23 17 36 20 13 55 44 101 70 49 8 0 32 0 0 
70 0 0 0 48 60 0 0 0 46 78 0 0 0 53 61 0 0 0 44 161 83 72 84 138 
73 107 2 130 87 59 141 1 128 89 49 81 0 146 71 205 264 153 249 187 111 186 82 194 152 
92 0 0 0 0 117 0 0 0 0 122 0 0 0 0 102 0 0 0 0 206 88 84 89 99 
70 87 96 76 62 10 36 39 13 9 0 14 44 0 0 58 69 84 51 45 21 29 55 19 13 
0 0 0 140 35 0 0 0 161 28 27 29 16 157 52 0 0 0 152 34 0 0 0 138 38 
0 0 0 40 0 83 65 50 108 64 0 0 0 28 0 48 49 64 97 54 53 55 45 105 43 
92 18 83 0 0 107 12 101 0 0 119 9 91 0 0 117 8 89 0 0 110 15 99 0 0 
0 0 0 1228 0 0 0 0 1216 0 0 0 0 1230 0 0 2 0 1311 1 0 0 0 1223 0 
0 0 177 0 29 0 0 195 0 25 0 0 169 0 23 0 0 166 0 20 0 0 159 0 25 
0 0 1455 0 0 0 0 1477 0 0 0 0 1370 0 0 0 0 1488 0 0 0 0 1451 0 0 
