823 674 554 639 742 1063 1025 923 891 971 722 648 512 567 794 995 896 873 906 993 634 534 424 434 617 
202 178 218 189 174 0 0 0 0 0 134 92 148 125 135 0 0 0 0 0 0 0 0 0 0 
154 71 32 209 261 78 0 0 173 171 157 46 18 220 238 89 0 0 134 168 104 1 1 176 171 
183 2 136 204 186 231 41 209 264 253 355 147 327 385 379 271 40 149 243 221 152 1 112 212 167 
172 58 117 168 65 132 8 73 104 1 123 26 81 97 22 122 4 48 130 0 299 188 275 333 178 
97 7 18 0 83 87 0 17 0 98 191 91 98 71 171 142 62 83 47 139 209 100 116 97 230 
0 0 0 0 0 0 0 0 0 0 1052 1068 1018 1030 1095 0 0 0 0 0 0 0 0 0 0 
0 0 0 287 0 1 0 4 269 1 116 115 116 395 124 113 115 107 416 131 1 0 0 252 0 
17 10 14 192 6 0 0 0 202 0 37 51 42 201 42 0 0 0 178 0 3 7 3 201 4 
0 0 0 0 0 0 0 0 0 0 0 0 0 0 0 58 68 68 63 78 171 144 146 175 149 
79 98 67 57 169 0 10 0 0 108 0 3 0 0 106 0 4 0 0 108 87 82 84 64 176 
149 150 156 158 154 0 0 0 0 0 0 0 0 0 0 0 0 0 0 0 84 81 70 74 88 
0 0 0 0 0 0 0 0 0 0 0 0 0 0 0 430 437 424 411 425 191 180 186 189 210 
0 194 0 0 80 0 169 0 0 94 101 284 111 102 153 0 178 0 0 93 0 211 0 0 75 
809 0 0 0 0 803 0 0 0 0 796 0 0 0 0 827 0 0 0 0 833 0 0 0 0 
27 5 195 134 158 44 12 207 159 171 104 99 280 232 221 207 213 401 337 325 132 97 266 240 287 
94 131 86 149 76 73 84 68 115 83 0 37 0 53 0 51 94 60 93 42 0 46 0 39 0 
36 8 12 5 15 133 100 108 98 111 26 0 0 0 17 22 0 0 0 21 117 99 93 103 136 
0 0 151 0 0 0 0 135 0 0 0 0 146 0 0 150 129 254 118 127 0 0 156 0 0 
0 65 45 49 0 0 80 44 47 0 35 98 92 99 32 0 74 48 48 0 0 78 57 42 0 
1 0 0 1 145 151 120 129 150 268 148 138 134 144 239 1 4 0 0 117 77 95 107 100 207 
0 0 0 0 0 0 0 0 0 0 0 0 0 0 0 1057 1108 1116 1101 1013 0 0 0 0 0 
0 23 60 150 0 0 19 61 138 0 0 23 49 155 0 0 20 55 161 0 0 16 58 174 0 
76 57 0 0 0 97 83 16 15 14 153 101 39 51 32 97 73 0 0 0 119 123 29 30 34 
94 131 86 171 159 6 45 25 77 82 18 58 27 82 90 0 45 0 66 94 0 32 0 61 87 
96 145 148 93 3 115 156 229 136 0 317 335 397 343 217 116 135 178 107 3 315 259 366 284 156 
80 12 18 104 15 73 0 0 104 0 250 177 152 246 136 84 0 0 101 0 124 40 42 165 38 
119 94 36 45 33 140 96 42 49 25 50 43 8 0 0 75 65 18 7 8 80 42 8 0 0 
0 0 159 71 0 0 0 195 63 0 0 1 216 74 0 0 0 196 56 0 0 0 167 57 0 
130 178 176 131 117 0 60 68 0 0 0 52 68 0 0 43 78 108 36 36 0 39 95 0 0 
86 59 87 89 76 123 155 128 137 125 38 51 59 43 48 0 0 0 0 0 0 0 0 0 0 
0 0 0 173 0 0 0 0 182 0 236 240 231 432 253 0 0 0 176 0 0 0 0 162 0 
0 0 0 0 0 152 136 173 139 146 0 0 0 0 0 0 0 0 0 0 76 58 72 68 79 
106 1 0 66 32 139 45 64 130 104 231 80 90 172 155 85 0 0 73 44 187 83 86 170 122 
0 89 0 0 0 0 84 0 0 0 0 65 0 0 0 129 159 95 135 99 61 145 47 57 52 
0 0 119 1 0 100 107 204 122 116 0 0 107 0 0 11 13 118 5 8 15 14 100 10 15 
260 226 199 260 114 120 98 78 125 0 93 95 49 97 0 270 249 168 274 116 130 115 72 143 9 
0 0 0 0 0 35 38 34 22 30 0 0 0 0 0 77 81 86 80 116 117 110 110 113 144 
0 222 0 201 0 0 181 0 194 0 8 202 7 198 7 0 186 0 191 0 0 197 0 203 0 
0 44 0 126 0 0 54 0 147 0 0 45 0 143 0 73 157 70 224 72 0 58 0 142 0 
0 0 0 0 78 81 77 87 62 144 87 74 83 90 130 0 0 0 0 81 0 0 0 0 79 
83 281 349 47 249 35 195 267 9 163 99 283 355 71 266 109 318 354 97 271 237 364 404 175 343 
0 53 37 0 112 29 82 66 19 124 36 125 111 52 104 0 74 35 0 95 0 70 34 0 98 
114 99 110 124 130 15 0 0 38 0 15 0 0 36 0 17 0 0 50 0 90 72 65 121 88 
76 0 72 0 0 71 0 79 0 0 129 57 116 57 58 115 19 91 13 14 73 0 84 0 0 
0 18 81 0 96 0 12 69 0 107 0 16 74 0 106 0 14 91 0 133 0 13 69 0 101 
24 67 156 88 22 59 83 173 113 57 0 48 122 39 0 50 83 161 117 52 0 30 109 64 0 
0 67 0 0 0 0 69 0 0 0 126 243 117 141 129 0 90 0 0 0 14 84 20 26 27 
0 0 0 87 0 66 87 63 146 99 0 0 0 81 0 0 0 0 96 0 90 72 77 180 83 
59 0 97 51 0 62 0 120 58 0 65 0 105 55 0 56 0 109 56 0 47 0 108 47 0 
88 59 0 33 0 117 87 20 52 28 110 106 0 29 0 131 61 0 47 0 98 69 0 39 0 
0 0 0 0 26 208 189 203 207 226 0 0 0 0 42 0 0 0 0 34 0 0 0 0 40 
111 57 72 133 98 75 45 63 121 88 27 0 0 61 13 40 0 0 60 19 50 15 10 74 34 
31 66 8 5 15 18 58 0 0 0 21 82 0 0 0 152 191 142 138 122 28 83 0 0 0 
0 0 0 21 0 186 170 197 198 164 0 0 0 23 0 0 0 0 22 0 0 0 0 19 0 
75 85 141 144 91 0 0 51 65 0 0 0 78 61 0 0 0 70 56 0 0 0 63 64 0 
65 58 61 53 71 42 0 0 0 13 77 63 49 48 73 31 0 0 0 23 94 50 47 51 60 
0 0 30 0 78 9 8 41 13 91 0 0 37 0 73 10 7 51 7 100 91 80 126 71 171 
586 588 605 645 588 0 0 0 0 0 0 0 0 0 0 0 0 0 0 0 0 0 0 0 0 
55 105 137 64 70 25 79 94 26 26 0 32 70 0 0 0 37 71 0 0 0 39 66 0 0 
0 0 122 0 0 0 0 97 0 0 83 123 228 130 112 0 0 93 0 0 0 0 115 0 0 
89 105 34 50 119 33 38 0 0 75 37 52 0 0 60 39 41 0 0 64 51 40 0 0 70 
0 47 0 26 37 58 121 59 85 97 0 60 0 28 38 0 52 0 41 41 28 63 24 53 62 
9 7 103 4 12 0 0 89 0 0 0 0 85 0 0 40 43 127 25 29 81 82 163 62 89 
0 0 0 51 75 88 81 63 116 162 0 0 0 49 73 0 0 0 36 84 0 0 0 47 73 
117 195 94 91 102 29 134 0 0 0 29 147 3 0 5 31 84 0 0 0 22 89 0 0 0 
68 31 96 32 84 18 0 40 4 42 18 0 39 0 50 20 0 50 0 36 15 0 40 8 51 
41 0 12 0 3 41 0 9 0 0 59 29 42 33 43 89 51 62 35 33 138 106 119 136 115 
62 33 113 46 49 27 0 79 0 0 20 0 77 0 0 18 0 65 0 0 66 28 102 28 31 
0 0 26 0 0 0 5 0 0 0 0 19 1 0 0 1 0 0 0 5 13 0 0 0 0 
0 60 62 0 0 0 71 54 0 0 21 100 78 21 21 32 108 60 40 42 0 62 55 0 0 
28 0 89 0 43 60 43 123 39 77 25 0 84 0 29 36 8 99 0 34 29 0 97 0 27 
0 2118 0 0 0 0 2194 0 0 0 0 2057 0 0 0 0 2124 0 0 0 0 2068 0 0 0 
30 163 138 16 19 98 220 191 92 91 11 152 138 7 0 34 239 182 87 68 7 150 85 0 0 
76 140 101 0 0 67 139 153 0 0 96 152 140 0 0 102 160 148 0 0 67 150 161 0 0 
0 89 0 121 0 70 164 79 195 91 68 145 35 168 52 1 82 0 129 0 0 96 0 110 0 
0 0 0 0 0 1310 1275 1261 1224 1289 0 0 0 0 0 0 0 0 0 0 0 0 0 0 0 
0 0 88 133 0 0 0 77 111 0 0 0 88 139 0 0 0 86 136 0 0 0 77 132 0 
130 46 45 78 38 127 47 48 99 55 80 0 0 34 0 76 0 0 32 0 78 0 0 40 0 
0 129 0 0 83 0 146 0 0 85 0 164 0 0 87 0 138 0 0 73 0 142 0 0 103 
160 271 197 248 115 82 167 50 129 4 285 393 246 388 158 110 267 115 226 44 183 310 268 266 129 
98 74 306 278 77 0 0 218 204 0 115 101 276 297 85 0 0 169 192 1 19 10 224 197 12 
149 105 111 159 249 1 18 3 9 163 5 11 8 7 146 201 211 174 186 360 218 256 246 226 382 
0 71 0 0 0 0 53 0 0 0 0 72 0 0 0 7 71 5 7 3 176 220 185 152 178 
82 34 61 17 68 73 16 35 0 64 72 12 43 0 44 97 16 30 0 53 175 156 152 111 184 
204 73 0 103 0 208 71 0 106 0 211 53 0 106 0 197 64 0 108 1 204 55 0 115 0 
55 0 0 0 0 58 0 0 0 0 62 0 0 0 0 200 133 144 146 141 48 0 0 0 0 
0 0 1441 0 0 0 0 1463 0 0 0 0 1344 0 0 0 0 1460 0 0 0 0 1437 0 0 
55 1 8 38 19 80 50 40 79 58 77 51 50 60 61 49 22 17 53 27 49 0 0 21 10 
127 124 134 102 200 0 0 6 0 44 62 76 88 68 118 1 0 19 0 50 0 0 12 0 61 
45 87 0 117 0 139 182 99 224 90 123 134 99 216 93 54 78 0 108 0 38 70 0 111 0 
65 74 65 71 111 71 71 62 56 90 0 22 0 0 44 0 18 0 0 26 42 64 49 40 81 
0 102 0 0 0 38 162 38 38 33 43 183 43 45 43 36 154 38 35 43 55 157 51 44 60 
32 11 39 34 0 103 71 112 112 63 41 21 47 36 0 45 8 43 33 0 41 20 36 39 0 
166 0 0 0 0 141 0 0 0 0 239 84 109 120 120 132 0 0 0 0 148 0 0 0 0 
0 0 0 0 846 0 0 0 0 802 0 0 0 0 858 0 0 0 0 851 0 0 0 0 788 
124 117 1 178 60 148 156 5 185 85 200 188 52 245 119 125 131 6 211 96 125 163 2 204 56 
133 0 0 0 0 261 102 94 85 74 163 0 0 0 0 150 0 0 0 0 146 0 0 0 0 
0 0 0 0 0 79 58 74 68 75 0 0 0 0 0 157 144 162 156 157 0 0 0 0 0 
0 23 0 166 0 35 67 47 217 40 0 20 0 151 0 0 19 0 161 0 0 22 0 186 0 
153 82 147 176 208 95 0 99 63 96 62 6 110 97 110 164 111 173 157 203 21 0 61 55 59 
58 71 67 165 148 35 31 39 98 91 0 0 0 92 72 0 0 0 62 60 11 22 12 101 72 
0 10 66 0 0 78 93 180 89 93 0 10 72 1 0 56 70 159 52 64 0 7 64 0 0 
200 6 195 0 0 216 2 165 0 0 199 2 183 4 1 176 2 181 0 0 220 19 182 10 10 
304 89 318 119 149 324 151 348 146 202 323 115 345 180 235 223 33 215 43 96 224 45 214 12 106 
72 175 77 100 71 0 96 0 31 0 18 142 32 39 27 0 114 0 20 0 0 84 0 22 0 
0 0 33 0 58 34 45 77 44 112 53 73 88 53 120 0 0 33 0 61 0 0 49 0 58 
0 0 22 0 212 0 0 19 0 206 0 0 33 0 192 0 0 28 0 206 0 0 30 0 209 
0 0 0 50 0 0 0 0 59 0 54 59 45 140 44 0 0 0 59 0 85 78 82 158 86 
95 0 0 98 0 112 0 0 111 0 105 0 0 93 0 96 0 0 123 0 100 0 0 114 0 
4 45 96 52 0 105 152 199 157 100 167 214 244 205 154 0 55 117 70 1 51 87 112 95 21 
103 137 125 109 230 0 0 0 0 81 0 0 0 0 75 20 25 26 23 108 0 0 0 0 79 
143 261 162 171 163 0 141 0 0 0 97 210 91 108 86 2 112 0 0 1 112 258 95 86 101 
136 126 75 78 78 76 45 0 0 0 85 47 4 4 7 63 47 0 0 0 71 56 0 0 0 
0 136 0 0 0 42 206 66 68 81 0 151 0 0 0 72 223 97 97 75 0 133 0 0 0 
0 0 0 0 0 0 0 0 0 0 0 0 0 0 0 0 0 0 0 0 414 388 419 404 374 
0 0 33 0 0 69 72 77 71 83 0 0 26 0 0 76 75 79 59 79 19 25 55 22 26 
8 15 16 16 52 0 0 0 0 35 80 79 71 69 99 0 0 0 0 33 68 98 78 76 105 
0 0 0 139 0 0 0 0 129 0 0 0 0 151 0 0 0 0 151 0 81 86 82 220 84 
0 68 0 33 72 0 64 0 38 77 0 56 0 36 90 0 60 0 31 73 17 77 24 56 112 
0 112 0 0 0 0 108 0 0 0 0 106 0 0 0 0 96 0 0 0 97 185 99 105 92 
0 1 0 0 0 91 47 84 86 86 58 29 62 50 67 0 0 0 16 0 99 73 104 132 105 
0 0 116 54 0 43 45 155 106 50 0 0 102 36 0 0 0 89 38 0 0 0 124 35 0 
61 0 0 0 0 129 63 63 75 69 102 20 19 20 15 134 47 46 52 44 58 0 0 0 0 
83 35 33 111 37 39 0 0 91 0 48 0 0 85 0 83 35 30 120 32 55 0 0 83 0 
0 0 45 29 0 0 0 21 31 0 101 98 116 113 97 0 0 29 36 0 0 0 43 28 0 
33 0 0 70 96 96 82 78 119 175 28 1 4 74 99 42 15 30 69 97 32 31 48 80 102 
3 6 52 102 7 0 0 47 74 0 52 30 109 121 46 28 43 70 117 36 0 0 46 82 0 
42 4 36 35 10 38 3 34 32 17 104 61 99 89 70 58 15 39 44 15 44 0 41 40 0 
41 0 56 0 59 42 0 57 0 55 27 0 69 0 70 89 51 105 69 108 31 0 58 0 53 
95 14 162 109 43 86 12 141 82 32 77 0 121 37 11 177 52 230 148 135 110 36 192 82 71 
12 116 182 37 146 131 234 327 137 276 33 140 215 51 173 0 78 182 2 125 89 150 249 103 228 
24 28 26 75 63 51 50 52 96 96 0 0 0 42 35 0 0 0 31 18 101 114 119 158 132 
21 37 0 99 0 36 52 0 125 0 83 84 41 140 60 26 42 0 115 0 43 36 0 88 0 
0 0 59 0 0 167 144 211 153 180 0 0 61 0 0 0 0 74 0 0 0 0 66 0 0 
11 8 0 0 97 15 2 0 0 82 79 86 69 57 172 28 26 18 17 105 117 159 129 136 208 
85 16 15 9 28 114 71 74 79 88 142 105 96 104 110 56 0 5 0 17 44 13 14 9 26 
18 92 65 15 29 0 81 62 2 6 0 67 39 0 18 0 73 47 0 12 43 116 93 33 76 
142 194 96 97 101 73 63 46 21 20 42 51 21 0 0 41 51 15 0 0 32 45 14 0 0 
66 93 14 17 15 53 57 0 0 0 60 83 20 7 17 76 79 36 37 45 102 93 52 34 45 
35 74 42 65 28 0 62 10 42 13 0 49 7 44 18 0 43 13 31 11 35 100 64 89 75 
0 0 55 27 10 0 0 44 34 3 0 0 43 40 6 43 53 122 93 61 54 50 99 93 63 
26 36 25 20 29 0 0 0 0 0 71 58 57 62 55 0 0 0 0 0 119 107 97 114 109 
44 36 37 34 43 0 0 18 0 0 0 0 21 0 0 49 44 87 58 52 122 105 147 145 128 
39 44 110 52 49 3 0 59 12 0 62 49 131 58 45 0 0 52 6 0 0 1 59 24 0 
0 0 179 32 0 0 0 141 22 0 19 20 156 36 18 0 0 166 23 0 0 0 161 22 0 
44 72 0 0 0 67 98 41 30 30 69 110 18 14 9 80 122 36 37 45 39 67 0 0 0 
81 110 65 50 59 11 42 3 0 0 70 121 59 47 51 34 65 26 16 14 22 52 0 0 0 
0 115 106 163 0 0 126 119 163 0 0 108 120 166 1 0 115 115 155 0 0 127 117 165 0 
13 0 0 137 0 9 0 0 100 0 95 67 90 190 84 14 0 0 101 0 20 1 1 107 1 
60 81 49 49 81 11 59 7 8 36 46 79 41 37 69 4 38 0 0 31 15 66 10 13 37 
119 162 21 84 112 168 232 97 93 180 142 182 85 90 142 89 103 25 35 100 225 278 122 164 214 
105 210 178 110 151 4 51 81 12 0 42 107 129 45 42 30 103 85 16 30 0 78 68 0 0 
0 13 9 0 63 1 11 16 0 99 0 7 10 8 46 63 83 61 37 146 25 37 30 22 87 
738 603 540 452 549 543 305 308 258 268 524 357 392 262 291 443 192 186 99 174 638 428 431 385 394 
86 63 1 4 1 165 148 66 71 67 74 78 0 0 0 94 85 23 14 20 65 55 0 0 0 
138 291 102 126 131 241 357 131 212 164 107 253 68 132 62 39 190 0 44 0 85 218 70 91 47 
0 0 0 0 55 0 0 0 0 64 0 0 0 0 78 0 0 0 0 64 155 185 157 168 212 
85 0 40 0 14 150 14 60 25 37 156 70 111 54 53 167 89 146 81 120 149 33 73 23 24 
150 0 0 54 0 156 0 0 55 0 141 0 0 40 0 168 0 0 46 0 149 0 0 41 0 
186 140 186 267 131 41 6 89 150 5 82 49 142 206 79 58 13 113 111 31 51 0 87 98 2 
54 88 68 137 120 0 7 4 84 43 0 15 6 53 46 0 10 10 72 43 27 32 24 81 49 
139 122 80 103 23 219 170 137 134 126 101 96 34 52 2 257 178 140 141 107 169 175 120 59 82 
58 130 51 57 53 0 55 0 0 0 6 80 4 5 4 0 64 0 0 0 76 153 62 75 65 
0 0 0 16 0 0 0 0 19 0 0 0 0 17 0 0 0 0 18 0 164 173 198 200 194 
27 0 0 11 19 103 83 77 86 88 28 0 0 11 23 28 0 0 0 30 34 0 0 5 22 
50 4 42 98 76 16 4 26 86 72 63 23 46 125 99 20 0 33 75 71 111 73 110 168 182 
0 85 74 0 91 2 89 79 0 95 0 102 58 0 69 0 102 79 0 86 0 115 81 0 91 
47 22 54 40 33 65 51 92 55 52 18 17 35 20 11 53 42 102 70 45 6 0 30 0 0 
73 0 0 0 51 65 0 0 0 50 87 0 0 0 60 68 0 0 0 52 172 91 77 95 144 
79 136 20 155 104 72 161 26 147 133 53 106 0 159 89 240 283 167 290 205 153 237 145 256 194 
72 87 98 75 62 11 38 39 13 9 0 14 43 0 0 58 69 83 51 45 21 29 57 19 12 
0 0 0 153 40 0 0 0 171 33 30 31 16 173 59 0 0 1 166 40 0 0 0 147 39 
0 0 0 141 14 152 128 127 327 165 0 0 0 163 15 122 122 118 264 114 0 0 0 132 9 
56 152 188 191 82 36 125 160 198 34 68 139 164 176 52 81 203 211 245 120 103 145 193 277 103 
0 0 0 1268 0 0 0 0 1244 0 0 0 0 1292 0 0 0 0 1346 0 0 0 0 1291 0 
211 0 0 0 0 215 13 19 17 25 194 0 0 0 0 210 0 0 0 0 174 0 0 0 0 
92 0 0 0 0 117 0 0 0 0 122 0 0 0 0 101 0 0 0 0 205 87 82 89 99 
164 23 71 22 26 154 0 14 1 0 284 68 112 87 83 294 146 211 157 156 219 57 88 62 64 
24 37 0 0 0 0 42 1 0 3 0 38 0 0 17 0 0 0 0 39 0 9 0 0 0 
100 91 145 124 97 0 0 54 0 0 0 0 91 0 0 1 0 56 0 0 228 234 266 233 227 
3 15 0 79 209 120 141 117 204 350 1 32 1 79 245 0 15 1 84 246 119 150 120 174 311 
8 9 73 7 227 2 0 56 7 164 110 98 149 119 272 137 137 207 172 327 1 1 56 1 176 
134 289 293 234 92 175 323 328 236 109 129 285 290 202 143 62 208 229 145 23 62 218 225 135 23 
96 0 0 11 0 85 0 0 19 0 100 0 0 0 0 102 0 0 0 0 124 16 24 38 30 
39 33 88 43 51 0 0 0 24 32 0 2 0 0 0 0 0 0 0 0 0 0 22 0 0 
0 0 225 0 43 0 0 246 0 34 0 0 234 0 33 0 0 216 0 28 0 0 209 0 32 
0 0 42 84 0 142 109 127 192 113 0 0 34 50 0 96 92 153 163 94 82 78 114 165 58 
