853 809 653 778 800 1138 1194 1072 1096 1118 724 695 634 764 811 1007 960 907 1058 1064 667 565 457 533 679 
174 131 180 150 147 0 0 0 0 0 115 82 107 95 100 0 0 0 0 0 0 0 0 0 0 
170 53 49 250 262 88 0 0 154 185 236 87 53 350 344 80 0 0 113 172 85 0 0 154 139 
0 0 56 69 0 84 49 119 108 75 2 2 68 44 0 64 57 134 110 63 43 30 106 81 39 
144 36 86 121 26 116 9 73 98 0 122 31 70 101 23 117 1 54 97 0 250 165 236 255 155 
108 7 1 0 102 98 7 6 0 130 202 106 103 87 205 167 77 102 58 163 245 118 144 122 274 
0 0 0 0 0 0 0 0 0 0 1039 1057 1013 1031 1074 0 0 0 0 0 0 0 0 0 0 
0 0 0 303 0 0 0 3 276 0 139 127 131 425 128 136 138 114 446 143 0 0 0 273 0 
13 9 15 192 6 0 0 0 190 0 43 49 38 193 44 0 0 0 178 0 4 7 5 188 4 
0 0 0 0 0 0 0 0 0 0 0 0 0 0 0 70 72 80 74 81 209 164 169 215 169 
58 78 55 47 140 0 10 0 0 84 0 3 0 0 87 0 3 0 0 93 66 65 70 56 131 
158 158 169 178 171 0 0 0 0 0 0 0 0 0 0 0 0 0 0 0 85 89 73 80 85 
0 0 0 0 0 0 0 0 0 0 0 0 0 0 0 429 432 419 407 411 191 177 182 186 203 
0 197 0 0 83 0 169 0 0 97 130 321 152 134 222 0 183 0 0 100 0 214 0 0 76 
802 0 0 0 0 799 0 0 0 0 789 0 0 0 0 821 0 0 0 0 832 0 0 0 0 
41 12 242 163 186 49 20 232 155 185 109 123 305 249 230 186 209 427 338 353 148 106 291 264 333 
70 124 74 141 70 61 69 63 111 68 0 37 0 41 0 38 90 49 86 43 0 40 0 35 0 
32 12 14 7 24 128 94 111 96 123 28 0 0 0 14 26 0 0 0 20 117 106 92 98 141 
0 0 135 0 0 0 0 131 0 0 0 0 145 0 0 143 124 243 120 112 0 0 138 0 0 
0 77 50 56 0 0 92 45 48 0 41 107 101 108 35 0 77 56 52 0 0 76 63 44 0 
1 0 0 6 148 150 101 106 137 248 135 107 98 119 212 3 1 0 0 124 86 100 110 84 209 
0 0 0 0 0 0 0 0 0 0 0 0 0 0 0 1031 1082 1101 1070 1016 0 0 0 0 0 
0 19 53 138 0 0 17 55 121 0 0 18 47 152 0 0 17 55 148 0 0 15 58 154 0 
82 65 0 0 0 115 92 17 19 13 172 133 47 43 32 114 79 0 0 0 119 110 23 26 30 
72 119 80 178 160 8 44 16 75 83 15 42 19 81 88 0 39 0 56 67 0 39 0 58 70 
106 124 114 77 4 96 129 164 83 0 263 277 309 283 183 105 120 129 75 0 255 216 283 216 137 
65 10 17 106 10 78 0 0 118 0 217 155 136 236 124 72 3 0 108 0 111 49 44 188 39 
128 113 45 53 35 167 110 54 64 34 63 56 16 0 0 104 89 21 13 14 96 55 12 0 0 
0 0 135 56 0 0 0 148 52 0 0 0 179 51 0 0 0 159 43 0 0 0 136 41 0 
151 212 205 149 131 0 69 96 0 0 0 55 79 0 0 50 78 111 40 44 0 53 110 0 0 
63 51 67 66 58 96 114 101 111 98 22 39 42 35 37 0 0 0 0 0 0 0 0 0 0 
0 0 0 170 0 0 0 0 180 0 240 247 230 423 249 0 0 0 174 0 0 0 0 158 0 
0 0 0 0 0 164 153 192 141 158 0 0 0 0 0 0 0 0 0 0 90 59 81 72 83 
108 1 0 46 44 121 30 50 97 93 201 64 83 133 146 79 0 0 48 37 182 59 67 130 115 
0 95 0 0 0 0 90 0 0 0 0 72 0 0 0 136 174 97 149 94 60 142 52 55 58 
0 0 106 0 0 92 95 202 115 120 0 0 103 0 0 9 10 111 5 7 15 15 92 10 15 
280 253 211 258 123 124 116 84 116 1 87 121 68 92 0 275 267 191 284 133 149 142 95 153 0 
0 0 0 0 0 31 34 30 19 22 0 0 0 0 0 59 67 68 65 90 100 95 97 97 127 
0 224 0 201 0 0 180 0 192 0 5 203 5 193 7 0 184 0 190 0 0 197 0 201 0 
0 39 0 132 0 0 49 0 153 0 0 49 0 148 0 62 149 79 223 74 0 60 0 150 0 
0 0 0 0 87 93 87 93 67 151 106 88 85 86 149 0 0 0 0 80 0 0 0 0 90 
69 303 360 39 236 5 230 266 5 139 58 283 354 35 210 81 339 322 92 237 183 362 365 141 276 
0 47 36 0 91 19 64 47 13 93 33 85 99 42 91 0 68 30 0 73 0 67 30 0 72 
121 105 106 119 127 14 0 0 37 0 14 0 0 39 0 17 0 0 42 0 88 68 62 111 91 
69 0 65 0 0 63 0 75 0 0 113 53 107 48 50 99 16 78 13 12 66 0 73 0 0 
0 18 81 0 96 0 12 68 0 107 0 16 74 0 106 0 14 91 0 134 0 13 69 0 101 
15 47 134 80 17 37 72 135 106 51 0 41 106 39 0 35 60 148 104 42 0 21 93 59 0 
0 58 0 0 0 0 66 0 0 0 104 206 97 124 111 0 82 0 0 0 14 75 17 22 24 
0 0 0 72 0 63 67 53 129 88 0 0 0 76 0 0 0 0 83 0 77 67 58 156 63 
49 0 92 48 0 57 0 109 53 0 59 0 93 50 0 46 0 102 54 0 44 0 98 46 0 
77 46 0 29 0 103 73 16 47 24 92 86 0 25 0 110 53 0 41 0 87 58 0 33 0 
0 0 0 0 25 205 186 194 214 228 0 0 0 0 34 0 0 0 0 37 0 0 0 0 37 
86 46 55 103 71 50 32 48 92 63 23 0 0 50 9 28 0 0 45 10 32 10 6 52 27 
30 72 11 8 10 21 57 2 0 0 20 87 0 0 0 156 196 149 137 138 29 90 0 0 0 
0 0 0 21 0 190 176 199 207 166 0 0 0 23 0 0 0 0 24 0 0 0 0 19 0 
97 106 171 184 112 0 0 62 78 0 0 0 93 75 0 0 0 79 60 0 0 0 71 77 0 
63 57 59 48 68 41 0 0 0 10 76 62 48 48 72 30 0 0 0 22 92 49 45 49 60 
0 0 25 0 64 9 6 36 12 88 0 0 34 0 68 10 6 43 8 92 81 75 114 62 151 
585 586 605 638 586 0 0 0 0 0 0 0 0 0 0 0 0 0 0 0 0 0 0 0 0 
73 155 182 92 97 51 126 130 32 30 0 46 91 0 0 0 53 100 0 0 0 57 81 0 0 
0 0 110 0 0 0 0 91 0 0 75 114 207 112 101 0 0 85 0 0 0 0 104 0 0 
107 124 44 57 157 42 45 0 0 91 50 67 0 0 70 45 45 0 0 82 69 45 0 0 88 
0 49 0 23 36 59 115 57 80 93 0 59 0 27 35 0 54 0 38 40 25 63 21 53 62 
8 7 99 4 12 0 0 84 0 0 0 0 83 0 0 36 39 119 26 29 75 78 149 59 85 
0 0 0 54 82 106 99 73 143 183 0 0 0 58 91 0 0 0 45 91 0 0 0 51 86 
114 191 94 94 99 29 137 0 0 0 34 135 8 10 9 27 93 0 0 0 37 90 2 4 0 
68 24 95 36 101 19 0 40 9 64 14 0 41 0 77 16 0 49 0 64 13 0 35 7 71 
49 3 15 0 3 54 0 9 0 0 65 43 57 45 61 103 56 55 36 44 164 114 110 133 117 
57 34 118 48 47 29 0 81 0 0 18 0 77 0 1 17 0 70 0 0 58 37 119 37 34 
47 35 45 28 25 15 8 0 0 0 21 34 38 18 22 41 0 1 0 0 20 5 7 0 0 
0 62 65 0 0 0 61 47 0 0 21 104 73 21 21 32 109 57 40 42 0 62 52 0 0 
13 0 2 0 0 0 22 0 0 0 0 3 0 0 0 15 0 0 1 0 0 0 0 0 0 
29 0 90 0 43 64 43 123 39 80 24 0 83 0 29 36 8 99 3 35 30 0 98 0 28 
0 2116 0 0 0 0 2191 0 0 0 0 2065 0 0 0 0 2127 0 0 0 0 2063 0 0 0 
23 134 130 15 20 103 210 241 88 88 11 133 129 5 0 52 187 152 77 47 6 137 104 2 0 
64 99 97 0 0 63 128 121 0 0 82 128 126 0 0 62 146 123 0 0 68 127 127 0 0 
0 94 0 117 0 88 169 76 223 113 63 153 40 167 52 0 91 0 135 0 0 108 0 101 0 
77 97 137 116 97 0 0 42 0 0 0 1 72 0 4 0 0 56 0 0 192 219 247 230 224 
0 0 0 0 0 1266 1224 1218 1182 1245 0 0 0 0 0 0 0 0 0 0 0 0 0 0 0 
0 0 89 141 0 0 0 84 116 0 0 0 92 144 0 0 0 94 149 0 0 0 86 143 0 
148 46 48 86 40 155 55 51 106 62 80 0 0 35 0 85 0 0 37 0 89 0 0 50 0 
0 125 0 0 80 0 141 0 0 74 0 151 0 0 87 0 134 0 0 65 0 145 0 0 93 
163 235 156 213 107 93 156 50 127 0 277 367 230 315 131 117 240 87 187 45 190 318 272 275 137 
95 87 303 300 101 1 1 201 195 12 123 113 303 315 103 0 0 170 198 7 24 15 214 188 32 
138 120 123 143 259 8 29 3 5 156 10 15 8 3 175 231 241 184 197 372 226 255 244 231 393 
0 66 0 0 0 0 55 1 0 0 0 60 0 0 0 7 67 4 9 4 167 209 176 151 170 
62 28 45 14 49 53 15 30 0 50 49 15 39 0 37 80 14 31 0 48 129 111 108 87 151 
206 74 0 104 0 223 74 0 112 0 217 56 0 110 0 197 72 0 122 5 217 63 0 113 0 
55 0 0 0 0 62 0 0 0 0 64 0 0 0 0 202 133 145 146 141 52 0 0 0 0 
145 279 284 179 68 190 272 356 206 87 176 290 316 188 125 104 204 275 147 21 82 219 240 162 27 
97 4 9 52 25 108 80 62 110 74 99 73 61 79 84 81 27 22 76 39 62 0 0 35 11 
129 139 144 101 203 0 0 13 0 47 75 76 72 61 124 0 0 19 0 57 0 0 13 0 66 
33 84 0 95 0 132 176 95 194 82 96 116 70 167 74 51 77 0 93 0 34 68 0 97 0 
92 115 124 109 179 101 110 78 78 134 0 22 0 0 55 0 22 0 0 31 75 96 72 67 140 
0 78 0 0 0 37 146 40 35 33 47 147 44 34 36 32 134 26 31 47 41 141 55 45 65 
20 4 35 15 0 81 64 108 87 62 23 20 43 12 0 24 4 38 0 0 18 9 32 19 0 
3 15 3 76 218 118 125 117 200 336 2 32 2 80 242 0 16 0 87 249 120 143 118 177 310 
8 18 84 5 214 2 0 64 6 168 99 95 169 94 250 124 136 214 160 315 0 8 71 0 171 
155 0 0 0 0 138 0 0 0 0 240 83 108 112 116 134 0 0 0 0 141 0 0 0 0 
0 0 0 0 851 0 0 0 0 798 0 0 0 0 857 0 0 0 0 835 0 0 0 0 791 
141 96 0 176 63 127 118 1 189 63 207 185 54 264 117 113 95 2 178 89 142 161 0 211 66 
134 0 0 0 0 265 98 89 83 76 162 0 0 0 0 156 0 0 0 0 149 0 0 0 0 
0 0 0 0 0 72 52 70 64 70 0 0 0 0 0 140 115 136 141 134 0 0 0 0 0 
0 23 0 149 0 37 59 47 196 34 0 19 0 137 0 0 17 0 141 0 0 22 0 165 0 
82 56 109 128 149 52 0 65 57 52 20 0 58 65 67 104 52 124 148 120 11 0 50 56 45 
43 48 55 128 106 28 22 31 81 74 0 0 0 77 55 0 0 0 48 50 7 10 9 75 53 
0 9 62 0 0 75 97 168 84 94 0 11 72 1 0 52 76 172 49 59 0 5 59 0 0 
215 14 209 0 0 215 5 186 0 0 220 9 200 4 1 199 4 194 0 0 225 24 192 10 10 
287 108 311 120 190 323 133 354 137 194 369 156 364 200 279 216 24 204 40 133 201 60 232 25 129 
65 152 69 83 66 0 86 0 27 0 17 128 28 34 27 0 104 0 17 0 0 75 0 22 0 
0 0 33 0 58 35 46 78 44 113 55 74 89 53 121 0 0 33 0 61 0 0 49 0 58 
0 0 20 0 225 0 0 20 0 199 0 0 30 0 181 0 0 28 0 194 0 0 25 0 199 
0 0 0 50 0 0 0 0 59 0 54 59 45 140 45 0 0 0 59 0 85 78 82 158 86 
103 0 0 113 0 132 0 0 134 0 116 0 0 111 0 114 0 0 145 0 122 0 0 130 0 
0 20 67 73 0 87 155 167 201 117 162 199 229 223 153 0 41 89 90 31 67 105 112 142 46 
119 164 144 125 259 0 0 0 0 98 0 0 0 0 97 27 26 32 29 136 0 0 0 0 94 
142 259 160 137 157 0 138 0 0 0 90 219 90 95 84 0 104 1 0 0 97 228 89 85 94 
147 143 79 83 92 83 53 0 0 0 94 53 4 4 8 69 51 0 0 0 83 60 0 0 0 
0 94 0 0 0 29 135 41 45 52 0 105 0 0 0 54 161 67 67 54 0 96 0 0 0 
0 0 0 0 0 0 0 0 0 0 0 0 0 0 0 0 0 0 0 0 461 430 463 457 412 
0 0 38 0 0 83 92 105 81 100 0 0 36 0 0 81 88 95 67 92 24 29 69 26 28 
8 16 20 20 59 0 0 0 0 39 86 88 77 75 108 0 0 0 0 35 74 106 80 78 110 
0 0 0 159 0 0 0 0 133 0 0 0 0 174 0 0 0 0 158 0 94 85 97 249 94 
0 68 0 34 70 0 61 0 39 77 0 55 0 34 88 0 59 0 31 73 18 78 25 55 112 
0 116 0 0 0 0 113 0 0 0 0 110 0 0 0 0 100 0 0 0 98 190 104 109 99 
0 0 0 48 0 80 52 79 68 65 53 0 43 51 50 0 0 0 16 0 102 101 107 143 107 
0 0 117 55 0 43 45 155 106 50 0 0 102 39 0 0 0 89 38 0 0 0 126 35 0 
59 0 0 0 0 126 62 61 76 69 99 20 18 20 15 131 47 46 52 41 58 0 0 0 0 
83 35 33 111 37 39 0 0 91 0 48 0 0 85 0 83 35 30 120 32 55 0 0 82 0 
0 0 62 42 0 0 0 51 43 0 101 99 145 129 97 0 0 59 44 0 0 0 67 42 0 
32 0 0 67 102 99 80 70 135 196 27 1 6 77 117 47 21 24 80 97 36 36 59 95 104 
0 6 51 103 11 0 0 55 88 0 49 37 125 140 58 32 46 84 135 37 0 0 50 89 0 
55 5 49 44 12 44 5 45 47 18 131 83 119 130 98 74 20 48 60 23 60 0 50 55 3 
39 0 54 0 55 38 0 56 0 51 26 0 66 0 70 88 48 102 63 104 30 0 55 0 53 
96 33 153 88 57 81 14 148 76 34 61 0 93 28 12 163 57 181 100 109 82 31 174 53 69 
16 64 145 32 105 132 176 306 148 235 42 112 203 53 150 0 29 151 0 95 66 147 226 104 208 
29 26 28 76 57 49 44 43 104 90 0 0 0 34 35 0 0 0 33 19 106 104 111 167 126 
18 32 0 89 0 29 48 0 106 0 78 73 40 136 53 26 38 0 106 0 41 33 0 81 0 
0 0 57 0 0 175 162 227 157 185 0 0 67 0 0 0 0 76 0 0 0 0 72 0 0 
12 7 0 0 78 17 0 0 0 67 70 66 52 43 139 25 23 15 13 84 93 124 87 100 149 
88 15 16 9 37 133 90 92 105 95 142 117 106 136 127 53 0 6 0 16 46 14 15 8 28 
19 103 78 15 40 0 95 67 5 7 0 74 41 0 18 0 78 54 7 15 51 126 117 46 82 
154 201 101 105 114 67 62 44 19 22 41 48 16 0 0 38 49 15 0 0 32 50 18 0 0 
95 0 0 15 0 83 0 0 17 0 99 0 0 16 0 100 0 0 0 0 122 15 23 37 29 
67 69 12 15 22 49 36 0 0 1 48 62 12 0 14 64 68 32 34 47 80 72 45 28 44 
38 75 43 70 29 0 61 11 42 15 2 51 11 45 19 0 43 14 30 13 39 104 64 97 78 
0 0 56 27 11 0 0 45 35 3 0 0 44 40 6 43 53 122 94 61 54 50 100 93 63 
28 38 25 22 31 0 0 0 0 0 71 59 57 62 55 0 0 0 0 0 120 107 99 114 110 
49 32 40 32 43 0 0 19 0 0 0 0 26 0 0 51 43 91 57 51 138 105 146 143 120 
37 43 105 47 48 3 9 55 3 0 53 47 118 44 42 0 0 49 1 0 0 3 54 16 0 
0 0 180 31 0 0 0 141 23 0 18 20 156 37 18 0 0 166 23 0 0 0 162 23 0 
46 119 0 0 0 90 157 62 53 63 108 189 33 21 16 107 192 63 67 69 38 111 0 0 0 
79 1 78 83 88 146 71 172 168 172 166 88 172 193 206 148 49 104 115 152 96 7 89 126 108 
113 147 77 66 84 14 56 5 0 0 81 159 71 60 63 48 85 38 20 18 27 62 0 0 0 
0 125 112 169 1 0 132 120 171 0 0 113 127 171 2 0 121 121 158 0 0 131 129 169 2 
21 0 0 146 0 9 0 0 106 0 106 78 104 226 98 12 0 0 109 0 23 1 0 112 1 
51 66 43 42 62 0 49 0 5 19 47 81 38 37 65 0 32 0 0 32 0 62 0 0 20 
147 158 46 87 103 180 243 89 111 199 154 194 80 127 124 98 117 2 35 74 237 292 121 171 187 
59 166 116 84 95 6 41 69 11 2 30 72 94 30 30 23 77 63 12 26 0 53 49 0 0 
12 27 13 14 81 18 37 24 15 128 12 25 16 9 56 67 92 77 54 171 40 44 41 34 108 
709 572 560 430 509 495 239 290 204 257 501 336 349 222 307 398 199 188 94 171 575 384 485 375 377 
92 61 0 3 1 167 145 74 67 67 70 80 0 0 0 98 92 27 17 17 64 54 0 0 0 
165 293 92 147 120 249 359 128 267 173 124 275 73 164 74 32 186 0 46 0 87 215 53 93 29 
0 0 0 0 53 0 0 0 0 66 0 0 0 0 78 0 0 0 0 64 160 166 160 175 206 
58 0 31 0 16 101 8 47 24 26 120 44 92 46 55 136 64 122 65 79 118 30 43 22 25 
150 0 0 54 0 156 0 0 55 0 140 0 0 40 0 167 0 0 46 0 149 0 0 40 0 
160 123 153 224 108 36 1 88 112 5 84 40 125 176 64 54 7 104 102 24 50 0 98 85 1 
80 139 118 201 191 0 12 7 106 54 0 17 7 81 62 0 17 13 105 63 50 53 32 114 70 
128 104 108 49 14 218 189 188 131 143 110 96 77 19 16 279 228 224 158 162 144 168 154 31 77 
57 130 51 56 52 0 54 0 0 0 6 79 4 5 4 0 63 0 0 0 76 154 62 76 65 
0 0 0 23 0 0 0 0 21 0 0 0 0 19 0 0 0 0 21 0 178 196 220 228 223 
45 8 0 21 39 111 85 72 85 99 44 0 0 26 37 40 1 0 16 42 46 0 0 24 34 
47 9 61 121 99 11 6 40 108 103 65 19 50 141 110 18 0 40 89 84 113 85 127 196 196 
0 76 65 0 73 0 76 65 0 79 0 82 58 0 57 0 75 69 0 74 0 91 68 0 70 
51 29 65 46 35 79 61 104 66 61 22 20 33 24 15 65 54 115 75 50 7 0 39 0 0 
81 0 0 0 55 62 0 0 0 49 89 0 0 0 58 71 0 0 0 51 185 91 75 95 150 
65 109 13 122 76 70 133 17 129 107 46 90 8 129 72 203 237 146 261 188 113 178 83 166 134 
70 88 90 76 62 10 36 34 12 8 0 14 39 0 0 57 68 78 51 45 21 29 52 19 13 
0 0 0 141 36 0 0 0 160 28 27 29 16 158 51 0 0 0 149 34 0 0 0 139 38 
0 0 0 143 12 153 128 123 316 172 0 0 0 162 13 119 120 111 251 111 0 0 0 130 6 
44 158 180 179 51 16 129 137 192 20 103 182 218 203 94 69 237 224 265 108 104 195 232 265 121 
0 0 0 1271 0 0 0 0 1261 0 0 0 0 1277 0 0 0 1 1340 0 0 0 0 1301 0 
195 0 0 0 0 197 13 18 17 20 178 0 0 0 0 196 0 0 0 0 166 0 0 0 0 
100 0 0 0 0 134 0 0 0 0 137 0 0 0 0 110 0 0 0 0 222 95 100 97 107 
281 28 126 95 44 211 0 35 9 0 372 116 201 124 114 468 232 336 242 238 285 40 100 70 59 
61 27 29 68 76 40 0 0 29 59 56 0 0 26 38 57 0 0 35 41 92 44 47 78 86 
0 0 0 37 0 76 68 50 103 58 0 0 0 26 0 48 48 63 94 53 44 51 44 98 39 
5 22 0 0 0 0 58 15 0 10 0 51 0 0 7 0 33 0 2 0 0 36 11 0 18 
0 0 219 0 35 0 0 223 0 29 0 0 228 0 28 0 0 199 0 26 0 0 196 0 23 
0 0 1468 0 0 0 0 1488 0 0 0 0 1378 0 0 0 0 1495 0 0 0 0 1458 0 0 
