996 898 752 836 939 1196 1163 1158 1176 1242 708 662 591 770 782 1102 968 955 1072 1119 663 603 534 562 759 
189 161 206 166 192 0 0 0 0 0 138 92 147 110 121 0 0 0 0 0 0 0 0 0 0 
135 55 24 187 212 69 0 0 155 157 162 81 56 269 260 54 0 0 103 155 61 0 0 147 132 
264 33 110 59 36 231 0 23 0 0 457 104 166 99 126 440 197 281 209 205 313 45 100 53 64 
0 0 73 96 0 180 111 207 212 124 0 2 60 79 0 136 100 216 218 135 135 110 187 201 94 
165 36 101 151 27 128 7 78 114 0 133 32 86 100 21 134 6 65 119 0 292 177 262 295 164 
111 3 29 0 111 102 0 19 0 119 221 107 111 85 210 170 79 102 59 170 261 134 144 131 280 
0 0 0 0 0 0 0 0 1 0 1044 1054 1005 1036 1076 0 0 0 0 0 0 0 0 0 0 
0 0 0 276 0 0 0 4 252 0 115 114 94 377 120 126 102 90 400 128 0 0 0 234 0 
13 8 14 181 6 0 0 0 183 0 37 45 34 177 33 0 0 0 162 0 3 7 3 185 3 
0 0 0 0 0 0 0 0 0 0 0 0 0 0 0 61 71 71 72 83 191 176 169 201 172 
69 85 57 52 156 0 10 1 0 88 0 1 0 0 100 0 4 0 0 94 80 71 77 62 146 
155 154 166 166 181 0 0 0 0 0 0 0 0 0 0 0 0 0 0 0 85 87 74 65 89 
0 0 0 0 0 0 0 0 0 0 0 0 0 0 0 442 438 426 407 428 194 181 182 190 204 
0 207 0 0 85 0 173 0 0 101 132 327 152 131 218 0 183 0 0 95 0 224 0 0 75 
811 0 0 0 0 806 0 0 0 0 799 0 0 0 0 828 0 0 0 0 835 0 0 0 0 
30 12 184 135 144 46 9 163 119 137 116 105 265 214 190 184 176 360 309 291 132 84 238 211 277 
102 139 96 161 88 75 92 66 121 73 0 42 0 55 0 47 101 58 84 57 0 49 0 35 0 
34 10 12 6 21 123 105 108 105 122 32 0 0 3 18 29 0 0 0 26 120 113 89 104 146 
0 0 135 0 0 0 0 125 0 0 0 0 144 0 0 137 113 234 109 122 0 0 139 0 0 
0 69 44 57 0 0 88 48 49 0 38 105 100 106 35 0 73 53 52 0 0 73 57 45 0 
0 0 0 0 143 128 111 121 163 262 118 136 115 126 232 0 4 0 0 135 92 101 109 98 200 
0 0 0 0 0 0 0 0 0 0 0 0 0 0 0 1023 1111 1105 1071 1016 0 0 0 0 0 
0 20 58 151 0 0 18 53 136 0 0 18 56 164 0 0 17 54 152 0 0 18 58 172 0 
71 53 0 0 0 82 70 15 15 13 131 83 34 35 30 85 61 0 0 0 98 90 21 23 30 
65 113 72 139 134 6 43 17 66 66 10 41 26 73 83 0 38 0 51 60 0 35 0 66 61 
89 122 125 61 5 98 131 164 72 0 282 292 335 281 198 99 131 128 69 0 227 200 280 205 116 
81 16 14 111 26 76 0 0 116 0 215 147 144 232 132 63 0 0 107 0 111 52 46 179 39 
131 107 50 54 40 170 115 58 64 36 80 72 14 0 0 113 83 25 12 17 111 67 11 0 0 
0 0 138 58 0 0 0 151 55 0 0 0 186 52 0 0 0 167 45 0 0 0 138 42 0 
153 214 211 143 137 0 74 80 0 0 0 57 69 0 0 42 76 104 33 44 0 51 109 0 0 
72 59 79 80 62 122 124 107 122 114 27 44 49 40 42 0 0 0 0 0 0 0 0 0 0 
0 0 0 172 0 0 0 0 191 0 237 233 217 421 229 0 0 0 188 0 0 0 0 167 0 
0 0 0 0 0 139 127 162 126 135 0 0 0 0 0 0 0 0 0 0 69 52 63 59 76 
115 10 0 65 46 129 34 54 105 96 210 69 102 144 154 78 0 0 65 42 185 60 81 129 112 
0 85 0 0 0 0 85 0 0 0 0 76 0 0 0 126 149 84 126 81 60 144 46 50 58 
0 0 106 0 0 89 93 199 110 113 0 0 97 0 0 7 8 99 4 8 16 13 90 9 16 
295 233 222 290 112 134 98 74 128 0 95 97 65 101 0 299 272 183 299 130 163 133 85 168 16 
0 0 0 0 0 31 36 30 20 22 0 0 0 0 0 62 67 73 70 96 106 98 106 103 136 
0 235 0 216 0 0 190 0 206 0 8 212 7 203 9 0 194 0 200 0 0 205 0 215 0 
0 43 0 119 0 0 54 0 146 0 0 51 0 145 0 67 146 69 215 75 0 57 0 129 0 
0 0 0 0 87 93 83 85 63 145 99 80 76 94 136 0 0 0 0 72 0 0 0 0 86 
89 282 353 53 233 44 212 279 12 169 84 270 343 58 243 115 343 349 118 280 204 351 405 174 306 
0 45 33 0 79 18 60 45 12 87 28 81 87 37 79 0 59 26 0 64 0 61 27 0 68 
115 104 101 123 130 16 0 0 36 0 14 0 0 41 0 18 0 0 42 0 87 69 60 114 81 
71 0 68 0 0 65 0 76 0 0 115 56 112 50 50 103 16 79 14 14 67 0 73 0 0 
0 17 80 0 96 0 12 69 0 106 0 16 74 0 106 0 14 91 0 132 0 13 69 0 101 
14 46 137 80 17 47 65 144 100 53 0 41 115 33 0 39 70 149 110 41 0 27 97 59 0 
0 58 0 0 0 0 66 0 0 0 104 206 97 124 111 0 82 0 0 0 14 75 17 22 24 
0 0 0 73 0 67 72 62 151 102 0 0 0 89 0 0 0 0 96 0 86 69 68 178 71 
53 0 101 49 0 60 0 116 57 0 59 0 104 53 0 50 0 113 60 0 47 0 105 52 0 
78 46 0 31 0 107 76 16 50 24 94 86 0 25 0 110 54 0 43 0 92 59 0 37 0 
0 0 0 0 26 187 189 198 203 222 0 0 0 0 36 0 0 0 0 34 0 0 0 0 38 
89 47 57 108 77 58 37 48 96 68 24 0 0 52 10 28 0 0 48 11 36 12 8 55 27 
27 85 10 8 13 16 65 0 0 0 21 91 0 0 0 164 224 174 147 141 27 91 0 0 0 
0 0 0 21 0 203 187 209 207 179 0 0 0 24 0 0 0 0 24 0 0 0 0 20 0 
71 79 133 138 89 0 0 52 63 0 0 0 74 60 0 0 0 67 51 0 0 0 59 62 0 
63 57 59 48 68 40 0 0 0 11 76 62 47 48 72 30 0 0 0 22 92 49 45 49 60 
0 0 25 0 69 9 6 35 12 89 0 0 34 0 70 8 7 43 8 95 81 75 114 64 153 
585 586 605 638 586 0 0 0 0 0 0 0 0 0 0 0 0 0 0 0 0 0 0 0 0 
70 135 171 90 87 39 103 116 33 32 0 38 89 0 0 0 49 90 0 0 0 53 76 0 0 
0 0 110 0 0 0 0 91 0 0 76 114 207 112 101 0 0 85 0 0 0 0 104 0 0 
103 116 37 59 140 36 40 0 0 92 41 65 0 0 64 44 47 0 0 77 57 41 0 0 86 
0 49 0 22 36 58 115 57 80 94 0 59 0 25 38 0 55 0 39 40 26 65 22 53 63 
9 7 99 5 12 0 0 87 0 0 0 0 83 0 0 36 39 120 27 29 75 78 150 59 85 
0 0 0 56 82 101 103 73 138 196 0 0 0 56 91 0 0 0 39 99 0 0 0 53 88 
106 178 86 82 96 25 115 0 0 0 32 121 6 10 9 20 76 0 0 0 28 84 1 4 0 
58 28 84 28 97 15 0 35 2 66 13 0 34 0 76 15 0 46 0 61 0 0 38 0 70 
55 10 14 0 4 55 0 1 0 0 73 47 56 47 56 106 56 41 32 40 180 116 113 142 124 
64 34 118 48 49 28 0 81 0 2 26 0 77 0 2 24 0 70 0 0 70 38 113 42 34 
62 36 53 35 18 27 14 9 0 0 31 32 28 6 20 31 9 18 0 0 30 18 16 0 0 
0 62 61 0 0 0 56 37 2 0 21 104 74 21 21 32 108 59 40 42 0 62 49 0 0 
4 0 0 0 0 2 40 11 0 0 0 39 0 0 0 12 0 0 0 0 0 0 0 0 0 
30 0 87 0 45 64 43 117 39 80 25 0 79 0 29 33 8 95 0 34 31 0 97 0 28 
0 2109 0 0 0 0 2171 0 0 0 0 2019 0 0 0 0 2104 0 0 0 0 2039 0 0 0 
14 112 93 7 10 66 165 180 76 71 0 106 90 4 0 36 157 120 69 34 3 108 79 0 0 
67 151 122 0 0 63 161 139 0 0 109 145 144 0 0 83 162 136 0 0 72 145 133 0 0 
0 113 0 138 0 82 193 84 222 84 79 170 38 178 53 0 86 0 125 1 0 127 0 94 0 
69 86 125 106 94 0 0 43 0 0 0 0 73 0 0 0 0 56 0 0 163 206 244 206 195 
0 0 0 0 0 1241 1197 1206 1163 1238 0 0 0 0 0 0 0 0 0 0 0 0 0 0 0 
0 0 87 131 0 0 0 74 112 0 0 0 79 141 0 0 0 81 130 0 0 0 74 140 0 
177 59 64 102 54 188 58 66 142 82 98 0 0 49 0 101 0 0 39 0 107 0 0 56 0 
0 132 0 0 76 0 150 0 0 73 0 156 0 0 91 0 133 0 0 65 0 144 0 0 94 
159 325 208 268 115 110 224 73 141 6 311 514 320 400 213 188 393 234 265 67 251 440 359 367 193 
101 93 307 309 100 0 0 206 203 14 130 117 311 325 124 0 0 163 200 10 22 22 212 211 12 
122 112 110 138 239 10 24 4 3 149 9 13 7 7 150 202 204 159 187 324 206 237 225 212 364 
0 66 0 0 0 0 59 0 0 0 0 67 0 0 0 7 67 4 8 4 175 225 181 152 178 
61 22 52 12 44 47 9 29 0 39 45 12 42 0 37 80 12 33 0 46 133 108 104 83 125 
203 76 0 102 0 207 74 0 103 0 207 60 0 105 0 192 71 0 109 0 203 61 0 110 0 
55 0 0 0 0 62 0 0 0 0 64 0 0 0 0 202 133 145 146 141 52 0 0 0 0 
156 258 293 205 92 172 264 314 212 81 168 269 324 216 146 71 163 239 114 17 66 195 227 154 16 
108 2 11 69 29 138 84 68 129 81 127 79 73 95 111 94 37 26 85 47 69 0 0 36 19 
113 121 138 85 204 0 0 7 0 50 66 79 81 73 118 0 0 19 0 59 0 0 12 0 65 
46 86 0 110 0 142 176 100 201 81 112 131 87 204 91 52 78 0 101 0 38 66 0 107 0 
85 100 78 86 130 83 94 73 69 108 0 25 0 0 48 0 24 0 0 25 65 81 66 51 98 
0 75 0 0 1 36 144 44 37 32 38 153 40 37 41 32 132 28 38 46 50 149 46 40 70 
27 11 41 18 0 94 71 112 106 63 34 21 47 26 0 42 9 44 20 0 24 20 37 29 0 
1 17 0 83 206 117 142 118 202 338 0 28 0 88 253 0 10 5 76 238 116 141 122 183 301 
12 21 87 9 240 4 0 61 10 177 119 97 172 123 291 145 133 221 171 348 3 2 77 3 198 
158 0 0 0 0 151 0 0 0 0 231 82 102 106 118 132 0 0 0 0 139 0 0 0 0 
0 0 0 0 866 0 0 0 0 808 0 0 0 0 863 0 0 0 0 859 0 0 0 0 806 
163 108 0 213 49 155 142 5 216 110 199 194 48 275 116 138 109 2 162 93 138 170 0 252 62 
136 0 0 0 0 256 96 86 83 73 161 0 0 0 0 147 0 0 0 0 147 0 0 0 0 
0 0 0 0 0 76 55 72 64 75 0 0 0 0 0 148 122 147 151 145 0 0 0 0 0 
0 24 0 153 0 38 61 53 196 32 0 20 0 147 0 0 15 0 149 0 0 19 0 176 0 
100 64 134 153 141 57 0 91 74 43 36 0 87 97 49 126 76 145 155 125 28 0 59 70 35 
43 48 55 127 106 28 22 31 80 74 0 0 0 76 55 0 0 0 47 50 7 10 9 75 52 
0 8 61 0 0 76 98 171 84 90 0 11 72 0 0 50 78 167 51 57 0 5 59 0 0 
211 11 192 0 0 213 8 181 0 0 215 9 181 3 0 195 1 182 0 0 219 23 180 9 9 
238 73 292 72 172 252 102 329 114 172 305 141 350 174 218 146 5 185 29 103 180 54 221 7 104 
65 152 69 83 66 0 86 0 27 0 17 128 28 34 27 0 104 0 17 0 0 74 0 22 0 
0 0 42 0 68 45 67 93 50 138 73 101 109 66 156 0 0 36 0 73 0 0 49 0 80 
0 0 16 0 205 0 0 19 0 197 0 0 28 0 173 0 0 26 0 204 0 0 24 0 199 
0 0 0 61 0 0 0 0 72 0 61 70 48 151 55 0 0 0 69 0 95 88 89 179 93 
93 0 0 110 0 118 0 0 117 0 108 0 0 100 0 97 0 0 128 0 115 0 0 119 0 
0 40 84 73 0 118 197 193 172 120 173 211 241 232 147 10 78 112 99 15 84 115 135 128 58 
116 165 143 113 256 0 0 0 1 85 0 0 0 0 72 22 27 33 22 124 0 0 0 0 96 
143 264 161 158 158 0 140 0 0 0 100 218 95 91 81 1 107 1 0 0 109 216 90 81 100 
137 127 76 78 78 76 45 0 0 0 85 47 4 4 7 63 48 0 0 0 71 56 0 0 0 
0 94 0 0 0 29 135 41 45 52 0 105 0 0 0 54 161 67 67 54 0 96 0 0 0 
0 0 0 0 0 0 0 0 0 0 0 0 0 0 0 0 0 0 0 0 451 441 458 444 433 
0 0 37 0 0 73 79 92 75 87 0 0 31 0 0 77 75 85 59 79 19 25 59 22 26 
7 16 15 17 53 0 0 0 0 38 83 84 76 81 110 0 0 0 0 38 75 112 82 79 114 
0 0 0 145 0 0 0 0 124 0 0 0 0 160 0 0 0 0 159 0 81 81 93 222 94 
0 68 0 33 72 0 64 0 39 75 1 56 0 36 88 0 60 0 32 69 17 77 25 55 111 
0 112 0 0 0 0 108 0 0 0 0 106 0 0 0 0 96 0 0 0 97 185 99 105 92 
0 0 0 23 0 86 51 82 80 83 34 0 50 66 56 0 1 0 25 0 98 105 113 155 109 
0 0 117 55 0 43 46 155 106 49 0 0 102 39 0 0 0 90 38 0 0 0 125 35 0 
7 15 0 0 0 0 65 14 0 20 0 47 0 0 33 0 0 0 0 0 0 41 9 0 16 
59 0 0 0 0 126 62 60 74 69 97 20 18 19 15 131 47 45 52 40 58 0 0 0 0 
83 35 33 111 37 39 0 0 91 0 48 0 0 85 0 83 35 30 120 32 55 0 0 83 0 
0 0 63 42 0 0 0 54 40 0 98 95 147 129 95 0 0 62 45 0 0 0 67 41 0 
42 0 0 103 129 128 76 120 169 228 44 1 11 96 143 71 38 41 148 124 38 37 65 122 149 
3 6 67 132 11 0 0 64 122 0 69 55 165 188 67 43 77 112 185 61 0 0 59 118 0 
49 6 45 43 11 45 6 36 46 19 118 75 121 107 86 63 21 43 46 22 52 0 46 38 0 
38 0 52 0 54 37 0 56 0 50 26 0 66 0 69 87 47 100 64 101 30 0 54 0 53 
128 35 191 128 61 79 12 159 93 39 71 0 129 35 13 178 68 238 133 129 120 40 199 99 81 
2 65 166 22 120 153 183 348 130 289 30 130 228 45 172 0 50 168 2 121 90 153 270 112 235 
23 30 24 65 59 45 45 39 86 87 0 0 0 38 35 0 0 0 25 18 92 103 102 138 117 
20 32 0 86 0 30 50 0 107 0 80 72 39 130 53 25 37 0 107 0 40 33 0 83 0 
0 0 62 0 0 173 167 236 157 183 0 0 66 0 0 0 0 76 0 0 0 0 78 0 0 
12 7 0 0 73 13 2 0 0 52 60 60 49 42 120 19 20 15 12 71 84 104 95 83 125 
64 11 11 6 19 89 60 66 70 66 95 77 83 91 91 40 0 5 0 13 34 10 14 5 22 
22 103 79 18 30 0 100 75 6 5 0 75 45 0 18 0 82 52 7 15 51 133 123 52 90 
151 208 103 103 122 76 66 45 19 19 39 52 17 0 0 42 62 15 0 0 35 52 17 0 0 
95 0 0 16 0 83 0 0 4 0 99 0 0 28 0 100 0 0 0 0 122 15 23 49 29 
64 74 14 22 21 48 39 2 0 0 48 66 17 9 15 60 68 37 37 45 78 72 47 28 44 
36 76 43 71 27 0 62 11 42 16 0 50 11 46 19 0 42 12 31 13 39 103 64 97 78 
0 0 56 26 11 0 0 45 35 3 0 0 44 40 6 43 52 122 94 61 53 50 100 93 63 
28 38 25 22 31 0 0 0 0 0 70 59 57 62 55 0 0 0 0 0 119 106 99 112 108 
42 38 39 39 43 0 0 15 0 0 0 0 18 0 0 54 46 96 57 51 131 104 138 140 121 
35 40 107 51 56 0 0 58 9 14 60 48 127 48 52 0 0 52 0 0 0 0 54 12 0 
0 0 180 32 0 0 0 141 22 0 18 20 156 37 18 0 0 166 23 0 0 0 162 23 0 
41 118 0 0 0 92 155 61 53 51 101 187 36 22 24 101 191 59 79 56 37 110 0 0 0 
72 0 71 84 89 130 58 160 150 155 153 76 162 190 197 146 47 105 125 139 93 2 86 128 103 
117 154 94 75 95 14 66 4 0 0 93 158 78 65 69 49 90 38 20 20 25 65 0 0 0 
0 120 110 167 0 0 131 122 173 0 0 111 125 167 0 0 121 120 162 0 0 132 124 175 0 
11 0 0 131 0 8 0 0 95 0 91 65 87 187 83 10 0 0 101 0 20 1 0 104 1 
49 72 48 41 73 3 54 0 2 21 45 76 42 34 64 5 31 0 0 32 1 58 0 0 28 
116 142 40 70 93 166 223 73 102 177 132 184 82 88 127 82 107 8 20 77 217 232 113 130 167 
79 209 143 108 114 6 68 76 13 5 39 95 115 37 31 29 88 67 14 27 1 75 61 0 0 
6 20 14 4 67 13 21 25 0 102 3 18 14 7 52 58 84 75 43 146 25 35 39 24 95 
646 474 502 414 485 444 247 243 201 234 501 347 320 230 327 364 198 161 123 201 575 387 449 379 387 
81 65 2 4 2 165 133 72 68 71 69 74 0 0 0 91 88 22 15 19 63 57 0 0 0 
164 301 109 144 123 260 380 151 266 187 137 286 82 160 72 36 201 0 38 0 95 210 66 94 34 
0 0 0 0 55 0 0 0 0 66 0 0 0 0 70 0 0 0 0 60 151 177 150 170 197 
68 3 29 0 19 149 16 78 26 35 143 61 109 50 58 167 89 145 79 99 134 39 55 18 31 
150 0 0 54 0 156 0 0 55 0 141 0 0 40 0 168 0 0 46 0 149 0 0 41 0 
162 116 160 225 109 37 0 87 120 3 76 35 120 165 62 40 0 90 97 22 51 0 73 81 0 
64 104 89 183 151 0 13 6 102 53 0 15 5 64 53 0 12 11 84 50 34 46 31 98 68 
97 97 57 13 11 132 154 98 60 81 89 88 61 0 5 187 175 151 77 99 112 136 96 8 39 
58 130 50 57 53 0 55 0 0 0 6 80 3 5 4 0 64 0 0 0 76 154 63 75 65 
0 0 0 16 0 0 0 0 23 0 0 0 0 20 0 0 0 0 18 0 180 195 213 221 218 
46 0 0 22 39 111 78 73 93 100 47 0 0 23 37 42 3 0 18 43 49 0 0 23 34 
59 6 56 126 93 14 2 32 91 91 70 27 51 149 120 13 0 33 98 101 121 84 126 203 213 
0 69 54 0 67 0 71 63 0 72 0 79 53 0 55 0 66 64 0 69 0 84 67 0 65 
54 30 67 41 35 80 60 112 73 63 26 19 41 23 14 65 62 129 92 57 12 0 34 0 0 
74 0 0 0 52 64 0 0 0 48 81 0 0 0 58 64 0 0 0 52 174 88 81 89 145 
81 130 6 135 96 77 152 11 117 114 41 108 1 129 66 207 252 144 256 190 133 209 101 213 165 
76 111 121 99 79 9 40 42 15 12 0 18 56 0 0 73 84 101 68 53 22 34 64 23 16 
0 0 0 140 35 0 0 0 158 28 27 29 16 157 51 0 0 0 149 34 0 0 0 138 38 
0 0 0 161 13 184 174 138 385 196 0 0 0 186 16 143 153 139 306 141 1 0 3 175 12 
24 93 129 137 60 24 90 100 142 10 71 105 121 143 58 39 131 114 147 62 47 87 118 169 38 
0 0 0 1241 0 0 0 0 1246 0 0 0 0 1241 0 0 2 0 1323 2 0 0 0 1251 0 
195 0 0 0 0 197 13 18 17 20 178 0 0 0 0 196 0 0 0 0 166 0 0 0 0 
92 0 0 0 0 117 0 0 0 0 122 0 0 0 0 102 0 0 0 0 206 88 85 89 99 
57 24 27 58 67 40 0 0 18 47 50 0 0 2 30 56 0 0 31 31 89 45 48 64 80 
0 0 218 0 34 0 0 234 0 30 0 0 224 0 27 0 0 215 0 23 0 0 204 0 28 
0 0 1451 0 0 0 0 1483 0 0 0 0 1365 0 0 0 0 1492 0 0 0 0 1450 0 0 
