824 777 627 633 733 1133 1091 998 987 1071 670 671 458 564 716 1040 861 792 911 963 587 455 311 427 579 
268 203 251 227 221 0 2 0 0 0 154 145 151 139 155 0 0 0 0 0 0 0 0 0 0 
110 44 34 148 214 81 0 0 115 144 157 51 27 208 224 68 0 0 84 135 69 0 0 106 118 
146 0 133 188 174 213 30 227 237 244 316 131 315 358 361 237 63 227 268 257 179 2 148 235 181 
179 39 99 141 53 138 6 72 92 2 163 18 62 103 17 154 4 44 121 0 337 200 264 315 212 
109 7 11 0 84 91 2 14 0 117 187 94 106 89 182 153 66 104 63 158 225 104 125 112 236 
0 0 0 0 0 0 0 0 0 0 1061 1052 987 1014 1066 0 0 0 0 0 0 0 0 0 0 
0 0 0 287 0 0 0 3 265 0 110 106 96 398 120 130 111 107 429 136 0 0 0 270 0 
12 9 14 175 4 0 0 0 181 0 37 42 34 177 26 0 0 0 156 0 3 6 3 177 3 
0 0 0 0 0 0 0 0 0 0 0 0 0 0 0 79 79 88 84 94 206 212 205 231 212 
87 106 81 63 219 0 16 0 0 145 0 5 0 0 134 0 5 0 0 149 82 91 89 69 180 
161 183 182 194 205 0 0 0 0 0 0 0 1 0 0 1 0 0 0 0 106 105 92 87 100 
0 0 0 0 0 0 0 0 0 0 0 0 0 0 0 451 444 428 420 440 195 181 180 192 204 
0 204 0 0 90 0 176 0 0 99 132 344 152 132 220 0 199 0 0 94 0 219 0 0 78 
801 0 0 0 0 798 0 0 0 0 793 0 0 0 0 828 0 0 0 0 834 0 0 0 0 
16 13 204 164 209 83 71 275 225 263 138 121 307 272 297 184 181 412 359 358 141 102 273 225 297 
83 128 70 138 65 62 81 62 125 75 0 47 0 43 0 44 90 45 86 49 0 37 0 40 0 
27 7 14 6 21 116 92 93 96 111 30 0 0 0 16 20 0 0 0 18 109 99 91 92 121 
0 0 158 0 0 0 0 149 0 0 0 0 160 0 0 180 150 291 146 153 0 1 154 0 0 
0 81 54 71 0 0 105 54 72 0 54 141 126 141 45 0 91 58 61 0 0 105 71 56 0 
0 0 0 1 129 123 96 104 137 206 131 122 107 105 193 1 3 0 0 108 84 87 100 79 175 
0 0 0 0 0 0 0 0 0 0 0 0 0 0 0 1000 1051 1069 1040 970 0 0 0 0 0 
0 19 59 150 0 0 19 60 129 0 0 18 53 161 0 0 19 50 154 0 0 15 58 152 0 
95 148 78 174 168 12 53 27 79 74 25 49 21 94 98 0 50 0 67 77 0 44 0 68 70 
127 127 134 99 3 119 129 180 93 0 284 289 346 286 181 119 121 143 94 0 308 246 350 270 138 
70 11 24 104 22 74 0 0 114 0 207 153 137 224 130 66 0 0 99 2 112 44 47 172 39 
128 103 46 49 36 150 104 47 54 28 62 50 17 0 0 82 92 21 11 17 97 52 12 0 0 
0 0 209 84 0 0 0 239 72 0 0 0 269 88 0 0 0 257 62 0 0 0 192 63 0 
112 150 142 102 95 0 54 58 0 0 0 50 57 0 0 36 65 91 32 32 0 38 83 0 0 
69 54 76 79 66 122 138 112 126 124 25 43 46 41 45 0 0 0 0 0 1 0 0 0 0 
0 0 0 170 0 0 0 0 180 0 201 228 215 421 233 0 0 0 184 0 0 0 0 166 0 
0 0 0 0 0 149 140 195 144 151 0 0 0 0 0 0 0 0 0 0 80 62 67 69 89 
142 4 20 70 51 147 34 59 136 104 247 104 112 197 159 95 0 0 65 47 213 95 104 186 135 
0 78 0 0 0 0 83 0 0 0 0 67 0 0 0 110 149 80 118 91 51 133 44 50 47 
0 0 100 0 0 89 88 186 106 108 0 0 93 0 0 7 9 108 4 8 15 14 83 9 15 
272 242 184 263 122 117 98 48 110 0 93 108 45 95 0 270 242 158 280 111 141 150 64 150 0 
0 236 0 227 0 0 199 0 214 0 7 220 7 220 11 0 206 0 210 0 0 208 0 233 0 
0 42 0 124 0 0 53 0 141 0 0 47 0 132 0 72 141 84 219 66 0 61 0 134 0 
0 0 0 0 83 85 74 84 61 150 96 83 80 99 136 0 0 0 0 77 0 0 0 0 91 
70 228 301 32 177 42 179 237 7 134 72 238 309 49 195 108 253 311 79 209 223 320 375 168 285 
0 55 36 0 97 20 70 49 13 101 33 97 102 45 109 0 71 26 0 74 0 69 28 0 80 
109 87 97 116 113 13 0 0 38 0 13 0 0 36 0 17 0 0 41 0 86 66 57 102 77 
69 0 65 0 0 63 0 75 0 0 112 48 107 48 48 99 15 78 13 12 66 0 73 0 0 
0 18 86 0 102 0 13 75 0 114 0 18 77 0 112 0 15 95 0 141 0 14 72 0 105 
18 48 146 67 19 55 65 157 89 44 0 38 119 35 0 41 77 153 101 37 0 32 108 58 0 
0 80 0 0 0 0 78 1 0 0 136 267 135 149 140 0 110 0 0 0 13 88 19 23 29 
0 0 0 71 0 61 64 51 123 81 0 0 0 70 0 0 0 0 80 0 71 63 57 147 61 
49 0 92 48 0 57 0 109 53 0 59 0 93 50 0 46 0 102 54 0 44 0 98 46 0 
77 46 0 29 0 102 73 16 47 24 92 86 0 25 0 110 53 0 41 0 87 58 0 33 0 
0 0 0 0 37 270 238 254 258 282 0 0 0 1 53 0 0 0 0 54 0 0 0 0 51 
95 53 59 114 80 56 44 53 103 72 23 0 0 56 10 24 0 0 48 11 33 15 8 57 30 
29 59 8 4 10 18 52 0 0 0 24 75 0 0 0 129 171 129 120 117 30 79 0 0 0 
0 0 0 20 0 186 170 197 197 164 0 0 0 23 0 0 0 0 22 0 0 0 0 19 0 
82 94 162 169 115 0 0 60 70 0 0 0 84 77 0 0 0 88 66 0 0 0 72 79 0 
72 63 61 51 75 45 0 0 0 11 80 69 48 49 74 32 0 0 0 24 99 50 48 53 69 
0 0 36 0 78 12 6 50 13 107 0 0 52 0 89 14 9 58 9 118 114 115 152 99 214 
62 121 156 78 74 31 87 103 29 33 0 41 74 0 0 0 40 82 0 0 0 43 73 0 1 
0 0 120 0 0 0 0 96 0 0 76 122 228 126 114 0 0 93 0 0 0 0 113 0 0 
106 116 34 60 144 36 48 0 0 90 47 63 0 0 76 46 42 0 0 83 52 51 0 0 85 
0 43 0 23 36 59 108 57 80 94 0 52 0 27 38 0 52 0 39 40 26 62 22 53 63 
9 7 115 6 15 0 0 111 0 0 0 0 98 0 0 42 40 137 32 33 93 92 177 70 103 
0 0 0 51 75 88 81 63 117 163 0 0 0 49 73 0 0 0 36 84 0 0 0 47 73 
94 165 78 73 83 22 106 0 0 0 30 115 7 8 9 22 75 0 0 0 25 80 0 2 1 
75 35 102 49 103 17 0 44 9 58 13 0 46 0 78 19 0 55 0 54 0 0 34 1 60 
56 0 9 0 2 68 0 8 0 0 81 54 47 49 73 94 37 0 5 4 149 80 87 90 65 
41 34 118 44 46 0 0 79 0 1 0 0 75 0 0 3 0 70 0 0 55 42 104 29 27 
0 62 61 0 0 0 64 54 0 0 21 104 70 19 21 32 109 63 40 42 0 61 44 0 0 
0 0 76 0 36 9 23 94 16 58 0 0 69 0 18 0 0 78 0 23 0 0 86 0 25 
0 2148 0 0 0 0 2224 0 0 0 0 2068 0 0 0 0 2159 0 0 0 0 2083 0 0 0 
25 122 104 17 17 89 187 155 79 62 5 131 114 7 0 35 188 122 81 43 5 105 82 0 0 
59 112 83 0 0 47 129 110 0 0 78 113 109 0 0 57 132 97 0 0 53 122 106 0 0 
0 102 0 108 0 80 164 69 189 78 67 160 37 167 49 0 77 0 114 0 0 125 0 99 0 
0 0 0 0 0 1291 1251 1256 1214 1273 0 0 0 0 0 0 0 0 0 0 0 0 0 0 0 
0 0 80 125 0 0 0 75 106 0 0 0 81 126 0 0 0 81 125 0 0 0 72 128 0 
176 52 52 114 46 179 64 55 115 68 89 0 0 43 0 100 0 0 41 0 101 0 0 52 0 
0 143 0 0 97 0 173 0 0 85 0 192 0 0 103 0 154 0 0 79 0 168 0 0 106 
172 216 141 191 79 102 229 84 140 28 271 376 224 302 134 262 316 248 244 147 135 328 222 193 132 
100 87 278 273 89 0 0 180 180 0 108 100 248 277 85 0 0 149 176 4 8 21 201 188 20 
153 133 110 166 264 5 21 2 22 185 11 20 7 33 171 228 234 174 199 374 233 256 247 245 396 
0 131 0 0 0 0 101 0 0 0 0 136 0 0 0 0 107 2 2 0 258 351 266 258 252 
58 27 40 15 54 44 15 40 0 52 46 10 40 0 33 83 14 34 0 48 127 108 105 87 141 
201 71 0 101 0 204 70 0 104 0 202 56 0 103 0 188 59 0 107 0 202 54 3 120 0 
0 0 1461 0 0 0 0 1478 0 0 0 0 1377 0 0 0 0 1478 0 0 0 0 1448 0 0 
68 4 6 42 22 91 56 47 98 68 76 54 51 71 70 55 27 13 58 28 52 0 0 18 13 
100 112 118 78 175 0 0 6 0 45 52 77 69 54 103 0 0 17 0 50 0 0 12 0 59 
48 93 0 119 0 162 204 101 240 99 136 149 100 236 102 58 78 0 116 0 43 77 0 128 0 
81 92 78 90 126 78 86 63 59 116 0 24 0 0 55 0 24 0 0 32 56 84 54 51 91 
0 71 0 0 0 29 121 37 33 28 38 137 40 33 30 27 125 33 28 36 40 128 48 41 49 
34 10 41 31 0 104 71 112 109 64 40 19 47 32 0 47 10 43 32 0 41 19 36 35 0 
144 0 0 0 0 133 0 0 0 0 212 80 95 99 96 121 0 0 0 0 132 0 0 0 0 
0 0 0 0 827 0 0 0 0 783 0 0 0 0 841 0 0 0 0 831 0 0 0 0 770 
91 129 89 213 201 0 10 4 108 51 0 16 6 69 67 0 19 9 111 62 38 49 35 113 69 
131 0 0 0 0 252 90 89 83 72 151 0 0 0 0 146 0 0 0 0 148 0 0 0 0 
0 0 0 0 0 72 55 70 64 70 0 0 0 0 0 140 116 137 141 135 0 0 0 0 0 
0 22 0 143 0 33 55 46 186 32 0 19 0 132 0 0 16 0 136 0 0 20 0 160 0 
141 54 92 94 142 102 0 76 39 58 109 24 92 63 84 195 99 144 109 163 88 0 39 35 56 
50 50 63 150 121 35 28 37 101 93 0 0 0 84 65 0 0 0 52 56 0 7 8 93 63 
0 9 68 0 0 95 130 192 91 106 0 14 72 0 0 68 91 189 51 65 0 6 69 0 0 
212 7 203 0 0 217 4 179 0 0 207 7 196 6 1 195 0 198 0 0 228 21 194 10 9 
308 78 314 136 171 372 176 414 194 213 347 147 379 208 234 192 9 204 35 106 202 23 265 41 91 
65 152 69 83 66 0 86 0 26 0 17 127 28 34 27 0 104 0 17 0 0 75 0 22 0 
0 0 33 0 58 35 46 78 44 113 55 74 89 53 121 0 0 33 0 61 0 0 49 0 57 
0 0 18 0 201 0 0 20 0 195 0 0 31 0 184 0 0 26 0 194 0 0 23 0 201 
0 0 0 53 0 0 0 0 62 0 60 63 53 149 46 0 0 0 65 0 91 84 89 176 89 
115 0 0 117 0 131 0 0 139 0 138 0 0 123 0 124 0 0 137 0 142 0 0 137 0 
0 52 101 84 9 122 195 216 215 137 157 212 250 240 160 16 74 131 127 29 85 120 135 150 73 
104 126 115 108 210 0 0 0 0 79 0 0 0 0 66 22 25 26 21 99 0 0 0 0 75 
118 209 127 117 121 0 113 0 0 0 69 184 83 80 75 3 111 1 0 5 80 179 66 64 68 
142 133 78 83 81 80 46 0 0 0 87 46 4 4 8 66 49 0 0 0 76 61 0 0 0 
0 123 0 0 0 35 177 55 58 72 0 133 0 0 0 67 200 88 88 69 0 127 0 0 0 
0 0 0 0 0 0 0 0 0 0 0 0 0 0 0 0 0 0 0 0 464 439 470 450 428 
0 0 37 0 0 73 79 92 75 87 0 0 31 0 0 77 75 85 59 79 19 25 58 22 26 
8 15 16 17 52 0 0 0 0 36 80 79 71 69 99 0 0 0 0 32 68 98 78 76 105 
0 0 0 132 0 0 0 0 118 0 0 0 0 145 0 0 0 0 149 0 75 74 80 208 87 
0 67 0 34 72 0 61 0 37 77 0 55 0 35 88 0 59 0 32 72 18 77 25 55 113 
0 18 0 14 0 81 97 75 66 81 81 72 75 64 80 0 13 0 12 0 123 149 125 142 120 
0 0 117 55 0 43 45 155 107 50 0 0 102 39 0 0 0 89 38 0 0 0 126 34 0 
63 0 0 0 0 134 64 73 82 72 110 21 20 22 16 150 49 48 53 44 61 0 0 0 0 
83 35 33 111 37 39 0 0 91 0 47 0 0 84 0 82 34 30 118 32 54 0 0 83 0 
0 0 63 43 0 0 0 55 43 0 100 99 149 132 97 0 0 62 47 0 0 0 67 42 0 
0 9 60 111 12 0 0 52 80 0 49 33 120 133 48 32 44 74 125 35 0 0 56 97 0 
72 2 35 34 9 44 9 35 37 19 143 81 114 102 91 86 16 50 36 11 73 0 47 20 0 
52 0 72 0 64 51 0 58 0 60 33 0 78 0 85 107 59 121 73 117 36 0 65 0 60 
100 26 155 85 50 67 3 138 70 30 56 0 126 31 4 148 62 178 109 100 98 39 215 73 79 
6 105 156 39 129 133 215 304 130 247 28 103 197 65 176 0 54 160 5 116 74 137 213 80 209 
29 30 26 71 64 57 47 40 91 85 0 0 0 40 34 0 0 0 24 20 93 106 111 146 116 
16 30 0 83 0 29 47 0 103 0 77 72 38 128 52 25 37 0 103 0 40 33 0 80 0 
0 0 58 0 0 165 151 209 158 178 0 0 68 0 0 0 0 71 0 0 0 0 79 0 0 
69 11 12 7 20 99 67 68 70 71 103 85 90 95 97 50 0 6 0 13 38 13 15 8 25 
21 134 87 19 42 0 100 74 8 12 0 86 54 0 23 0 106 52 5 14 49 153 113 43 86 
124 159 83 83 83 58 55 36 18 18 35 51 15 0 0 35 40 13 0 0 28 39 13 0 0 
44 74 0 0 0 46 55 0 0 0 62 67 14 0 8 62 64 31 32 38 60 66 43 0 25 
38 76 43 71 30 0 62 11 42 16 2 51 11 46 19 0 43 14 31 13 39 104 64 98 77 
0 0 62 27 12 0 0 49 39 1 0 0 47 41 5 47 60 135 106 69 55 54 109 104 69 
29 38 26 22 31 0 0 0 0 0 71 59 57 62 55 0 0 0 0 0 120 107 99 114 110 
45 33 28 39 41 0 0 0 0 0 0 0 7 0 0 56 52 101 65 66 125 119 133 172 149 
29 37 96 34 41 0 5 56 0 0 60 51 127 51 43 0 0 53 1 0 0 0 59 0 0 
0 0 106 4 0 0 0 50 2 0 19 20 65 0 18 0 0 68 4 0 0 0 106 0 0 
40 70 0 0 0 59 90 36 29 27 65 111 18 16 10 80 120 35 37 42 36 63 0 0 0 
80 110 64 47 58 10 42 2 0 0 68 121 58 48 51 34 65 26 16 14 21 52 0 0 0 
0 118 115 169 0 0 135 129 174 0 0 108 133 175 0 0 125 122 168 0 0 125 126 176 0 
16 0 0 207 0 14 0 0 143 0 139 108 132 262 109 16 0 0 141 0 25 1 1 152 1 
169 176 35 117 111 238 331 107 130 201 190 252 119 124 163 96 129 8 29 44 319 402 173 208 268 
73 191 128 84 101 12 47 76 18 3 38 83 97 34 32 28 85 71 13 29 0 79 60 0 0 
4 21 7 0 72 0 30 18 0 108 0 15 12 0 47 46 82 74 38 126 20 36 28 17 94 
650 517 576 394 522 434 149 266 139 213 458 263 372 160 289 341 170 165 50 161 514 334 450 262 377 
93 64 5 2 0 181 160 81 74 68 102 86 0 0 0 111 107 25 19 19 86 74 0 0 0 
184 333 145 159 137 287 438 176 295 207 171 317 131 183 105 44 213 0 46 0 91 222 74 105 68 
0 0 0 0 52 0 0 0 0 59 0 0 0 0 68 0 0 0 0 58 136 162 146 156 191 
149 0 0 54 0 156 0 0 55 0 141 0 0 40 0 167 0 0 46 0 149 0 0 41 0 
172 165 201 276 141 42 0 91 148 4 67 43 133 185 61 39 5 101 100 31 30 0 92 101 0 
102 94 73 75 4 162 134 132 118 79 89 57 55 51 1 212 174 190 121 105 139 126 131 51 51 
68 144 59 61 58 0 57 0 0 0 6 92 4 6 4 0 73 0 0 0 86 170 66 85 66 
0 0 0 16 0 0 0 0 19 0 0 0 0 18 0 0 0 0 19 0 176 189 205 209 200 
78 12 69 129 110 22 3 35 114 95 85 25 53 151 116 28 0 40 104 111 141 82 128 208 224 
0 123 85 0 112 0 106 83 0 114 0 129 61 0 100 0 92 90 0 96 0 128 85 0 117 
47 23 56 39 33 72 52 92 56 55 23 17 36 19 13 55 45 103 70 49 8 0 32 0 0 
81 0 0 0 55 68 0 0 0 47 83 0 0 0 60 70 0 0 0 51 175 84 81 96 152 
71 102 0 68 54 51 81 1 93 71 61 63 0 135 73 163 209 96 204 152 94 131 35 124 100 
82 113 118 88 77 12 33 53 14 3 0 11 46 0 0 68 80 102 57 53 26 30 59 18 12 
0 0 0 140 35 0 0 0 158 28 27 29 16 157 51 0 0 0 149 34 0 0 0 138 38 
0 0 0 187 15 242 218 194 460 245 0 0 0 202 15 149 167 163 365 163 4 0 3 189 10 
29 159 158 183 55 12 112 150 198 26 89 161 189 214 90 66 213 224 259 111 103 155 182 256 88 
0 0 0 1304 0 0 0 0 1299 0 0 0 0 1312 0 0 0 0 1363 0 0 0 0 1308 0 
195 0 0 0 0 197 13 18 17 19 178 0 0 0 0 196 0 0 0 0 165 0 0 0 0 
91 0 0 0 0 117 0 0 0 0 122 0 0 0 0 102 0 0 0 0 206 88 85 89 99 
170 88 70 95 118 69 0 0 11 16 130 38 47 57 64 116 48 85 101 105 223 120 122 191 155 
53 58 120 86 74 0 0 45 0 0 0 0 51 0 0 0 0 50 0 0 138 131 203 165 143 
0 13 1 81 203 120 129 112 196 336 0 28 0 79 238 0 14 0 93 237 123 135 113 189 295 
11 4 90 8 244 0 0 60 5 180 124 104 167 130 306 150 154 230 182 366 0 0 64 0 205 
145 283 321 274 91 173 247 311 179 78 151 266 330 220 132 82 190 232 138 31 61 196 251 138 7 
108 0 0 9 0 107 0 0 0 0 123 0 0 0 0 113 0 0 0 0 136 17 28 43 35 
41 58 35 28 53 0 41 0 0 0 51 83 45 39 53 7 33 0 0 27 0 41 0 0 19 
631 649 657 697 638 0 0 0 0 0 0 0 0 0 0 0 0 0 0 0 0 0 0 0 0 
75 62 0 0 0 90 79 17 19 14 160 96 35 41 30 103 73 0 0 0 119 104 25 29 35 
33 0 0 65 70 76 45 46 92 127 20 0 1 62 63 48 10 15 58 56 32 27 32 83 78 
15 8 3 0 93 26 3 0 0 74 71 77 48 42 134 32 27 15 19 91 102 139 107 102 152 
56 0 0 0 0 62 0 0 0 0 64 0 0 0 0 202 133 145 146 141 52 0 0 0 0 
50 122 121 103 99 99 291 152 155 214 16 90 49 12 25 86 186 122 140 119 103 232 202 188 179 
0 0 0 0 0 31 35 30 19 22 0 0 0 0 0 59 67 68 65 90 100 94 96 97 127 
166 11 92 12 25 209 3 64 5 16 288 84 172 101 112 324 175 280 167 179 220 43 86 29 42 
22 0 39 0 0 21 0 21 0 0 27 0 27 4 0 93 69 92 85 72 31 3 32 0 6 
0 0 187 0 33 0 0 217 0 33 1 0 198 0 24 0 0 179 0 25 0 0 179 0 32 
120 61 0 115 49 119 79 0 143 78 136 117 38 153 83 90 65 0 115 57 100 88 0 153 43 
41 65 42 62 33 12 22 0 24 0 61 83 50 88 37 11 43 6 35 5 56 55 54 80 29 
0 0 50 60 0 76 56 105 101 64 0 0 38 37 0 58 50 99 82 43 40 31 80 76 30 
4 0 0 0 12 0 28 0 2 0 0 0 0 0 0 35 50 32 46 72 0 0 0 0 0 
