785 729 543 607 655 1029 1122 978 1010 990 587 659 478 595 628 1044 939 920 957 1059 627 495 380 422 558 
218 185 232 203 206 0 1 0 0 0 143 98 136 110 136 0 0 0 0 0 0 0 0 0 0 
110 50 31 187 186 82 0 0 153 163 156 39 22 246 257 56 0 0 110 143 69 0 0 120 122 
160 1 130 175 181 223 44 199 228 226 295 120 268 296 343 239 43 154 215 226 152 0 120 190 170 
137 51 105 154 38 156 14 83 132 0 155 30 72 116 33 137 10 48 138 0 313 194 251 333 202 
122 9 24 2 106 107 2 24 0 141 204 111 117 95 221 207 84 115 83 178 282 126 155 137 287 
0 0 0 0 0 0 0 0 0 0 1023 1033 982 1001 1040 0 0 0 0 0 0 0 0 0 0 
0 0 0 259 0 0 0 4 250 0 102 106 102 386 118 101 103 91 391 124 0 0 0 252 0 
13 10 13 189 4 0 0 0 190 0 40 46 39 185 30 0 0 0 156 0 3 6 3 185 3 
0 0 0 0 0 0 0 0 0 0 0 0 0 0 0 65 63 83 75 98 215 221 203 241 214 
76 96 78 71 196 0 10 0 0 131 1 2 0 0 123 0 5 0 0 127 115 91 86 68 209 
138 143 149 150 154 0 0 0 0 0 0 0 0 0 0 0 0 0 0 0 80 85 65 66 81 
0 0 0 0 0 0 0 0 0 0 0 0 0 0 0 419 429 412 401 410 178 163 172 179 186 
0 224 0 0 89 0 199 0 0 100 138 385 167 143 229 0 205 0 0 110 0 235 0 0 91 
831 0 0 0 0 826 0 0 0 0 820 0 0 0 0 852 0 0 0 0 873 0 0 0 0 
21 2 205 142 190 74 40 261 197 263 127 121 298 258 267 197 199 399 339 368 121 97 300 251 335 
91 125 78 144 69 59 84 59 121 63 0 43 0 48 2 43 100 54 98 43 0 45 0 36 0 
32 10 13 7 18 138 99 126 110 133 35 0 0 0 24 24 0 0 0 21 140 121 102 112 156 
0 0 159 0 0 1 0 150 0 0 0 0 170 0 0 192 158 292 158 159 0 0 159 0 0 
0 79 51 55 0 0 110 54 66 0 45 125 120 138 44 0 93 75 70 0 0 98 77 61 0 
0 1 0 4 143 137 125 119 138 241 123 113 109 111 218 1 5 0 0 114 67 85 88 80 180 
0 0 0 0 0 0 0 0 0 0 0 0 0 0 0 1007 1051 1078 1046 970 0 0 0 0 0 
0 18 51 132 0 0 17 52 114 0 0 18 46 140 0 0 15 50 139 0 0 15 51 139 0 
90 141 96 174 177 10 47 22 73 92 18 45 31 81 96 0 46 0 61 70 0 42 0 57 80 
127 138 151 94 4 120 135 217 70 1 332 326 397 328 220 123 163 167 97 5 278 267 374 249 140 
68 11 16 103 10 69 0 0 124 0 224 166 150 248 142 58 0 0 108 0 98 47 45 187 44 
109 81 39 43 27 134 88 47 56 30 62 48 16 0 0 82 67 19 10 15 79 50 9 0 0 
0 0 174 81 0 0 0 203 79 0 0 0 245 68 0 0 0 221 57 0 0 0 193 55 0 
117 142 147 102 93 1 45 59 0 0 0 51 60 0 0 34 63 99 32 34 0 38 93 0 0 
68 56 76 69 63 106 119 111 120 108 25 42 43 34 41 0 0 0 0 0 0 0 0 0 0 
0 0 0 169 0 0 0 0 177 0 233 235 223 415 245 0 0 0 175 0 0 0 0 159 0 
0 0 0 0 0 167 139 189 157 153 0 0 0 0 0 0 0 0 0 0 81 56 70 70 86 
138 0 9 76 53 175 62 62 137 126 263 106 108 182 183 107 0 0 76 54 223 82 92 185 137 
0 90 0 0 0 0 77 0 0 0 0 65 0 0 0 115 151 80 128 81 56 133 49 49 50 
0 0 98 0 0 89 88 180 111 108 0 0 94 0 0 7 9 102 4 8 15 13 82 10 15 
255 222 187 286 121 136 90 82 129 0 83 97 71 108 0 270 241 172 281 109 131 107 84 153 0 
0 230 0 203 0 0 188 0 197 0 6 209 4 200 4 0 197 0 197 0 0 205 0 214 0 
0 39 0 124 0 0 49 0 132 0 0 50 0 136 0 62 144 74 211 69 0 52 0 128 0 
0 0 0 0 73 81 72 82 65 134 86 70 75 78 121 0 0 0 0 78 0 0 0 0 77 
93 255 324 52 222 24 208 262 10 131 94 273 345 59 208 79 281 296 84 221 217 349 374 157 286 
0 46 34 0 82 20 61 48 12 90 28 83 89 38 83 0 58 24 0 69 0 60 25 0 70 
130 89 112 123 126 15 0 0 33 0 12 0 0 43 0 18 0 0 44 0 88 64 62 107 80 
69 0 64 0 0 63 0 75 0 0 113 53 106 48 49 99 16 78 13 11 66 0 73 0 0 
0 19 96 0 106 0 13 76 0 136 0 19 83 0 121 0 16 103 0 158 0 13 76 0 117 
17 49 143 72 18 63 70 158 99 53 0 39 113 35 0 49 69 153 94 44 0 20 103 61 0 
0 71 0 0 0 0 77 0 0 0 129 248 124 150 136 0 91 0 1 0 16 82 20 25 30 
0 0 0 92 0 77 87 64 157 101 0 0 0 90 0 0 0 0 102 0 92 73 71 177 72 
49 0 97 49 0 59 0 115 58 0 61 0 104 55 0 46 0 105 55 0 46 0 106 48 0 
77 46 0 29 0 103 73 16 47 24 92 86 0 25 0 110 53 0 41 0 87 58 0 33 0 
0 0 0 0 41 256 244 254 257 280 0 0 0 0 47 0 0 0 0 43 0 0 0 0 52 
113 61 78 156 119 86 47 74 128 90 30 0 0 68 14 52 0 1 59 18 50 22 11 80 43 
33 64 8 6 10 19 49 0 0 0 25 76 0 0 0 137 169 133 125 121 27 77 0 0 0 
0 0 0 21 0 186 170 197 198 164 0 0 0 23 0 0 0 0 22 0 0 0 0 19 0 
71 79 133 138 89 0 0 52 63 0 0 0 74 60 0 0 0 67 53 0 0 0 59 62 0 
75 66 67 52 81 45 0 0 0 16 100 72 53 58 86 33 0 0 0 27 99 59 55 57 63 
0 0 25 0 69 9 5 34 12 89 0 0 34 0 70 10 7 43 8 95 81 75 114 64 153 
53 104 137 64 70 28 79 95 26 26 0 32 69 0 0 0 37 70 0 0 0 39 66 0 0 
0 0 120 0 0 0 0 97 0 0 80 123 230 120 112 0 0 92 0 0 0 0 113 0 0 
97 114 33 54 130 34 45 0 0 83 40 60 0 0 66 43 46 0 0 80 56 51 0 0 77 
0 49 0 23 36 59 115 57 80 94 0 59 0 27 38 0 55 0 39 40 26 64 22 53 64 
9 7 110 5 12 0 0 101 0 0 0 0 96 0 0 37 45 137 31 31 81 89 171 66 91 
0 0 0 51 75 88 81 63 117 163 0 0 0 49 73 0 0 0 36 84 0 0 0 47 73 
106 181 89 79 96 23 112 0 0 0 34 122 8 7 10 25 84 0 0 0 21 89 0 2 0 
75 38 105 44 104 17 0 44 4 53 14 0 47 0 70 20 0 57 5 59 0 0 40 0 57 
68 0 5 0 2 84 0 0 0 0 112 60 53 59 86 77 23 17 4 0 158 90 81 104 71 
40 32 118 41 40 9 0 80 0 0 0 0 77 0 0 1 0 70 0 0 42 34 103 37 16 
0 61 60 0 0 0 64 34 0 0 20 104 73 21 21 32 109 49 40 42 0 62 46 0 0 
19 0 80 0 33 60 43 115 39 69 16 0 74 0 21 17 0 74 0 20 21 0 89 0 14 
0 2127 0 0 0 0 2193 0 0 0 0 2066 0 0 0 0 2130 0 0 0 0 2064 0 0 0 
36 134 131 30 19 127 231 183 96 74 10 151 125 4 0 41 240 177 102 58 12 136 109 0 0 
79 144 112 0 0 66 166 155 0 0 104 168 153 0 0 113 174 159 0 0 66 158 169 0 0 
0 93 0 110 0 73 159 68 187 84 67 134 30 168 49 0 72 0 122 0 0 95 0 84 0 
0 0 0 0 0 1275 1232 1234 1190 1263 0 0 0 0 0 0 0 0 0 0 0 0 0 0 0 
0 0 80 125 0 0 0 75 106 0 0 0 81 127 0 0 0 81 125 0 0 0 72 128 0 
168 65 58 116 49 162 67 60 137 66 89 0 0 44 0 86 0 0 48 0 92 0 0 56 0 
0 111 0 0 72 0 131 0 0 66 0 138 0 0 76 0 121 0 0 63 0 129 0 0 90 
195 322 196 284 142 74 186 30 115 0 272 434 253 341 154 149 266 95 193 34 189 366 282 286 143 
113 102 295 305 94 0 0 194 189 1 101 100 284 302 113 0 0 167 190 9 4 11 214 187 27 
143 117 109 140 253 11 20 3 12 149 8 9 7 10 135 198 209 169 186 349 217 250 235 221 378 
0 66 0 0 0 0 57 0 0 0 0 71 0 0 0 7 68 4 10 4 165 197 167 147 163 
47 23 36 11 40 40 14 27 0 38 40 10 35 0 28 63 13 29 0 43 107 99 91 76 115 
198 61 0 101 0 205 64 0 104 0 202 45 0 104 0 187 57 0 105 0 200 60 0 109 0 
0 0 1442 0 0 0 0 1461 0 0 0 0 1355 0 0 0 0 1463 0 0 0 0 1431 0 0 
72 4 8 59 21 109 80 53 115 81 109 65 77 96 92 72 37 20 74 31 64 1 0 37 8 
121 122 149 92 195 0 0 6 0 47 59 83 80 71 124 0 0 21 0 54 0 0 14 0 61 
41 83 0 89 0 131 178 98 185 82 105 123 79 188 88 51 76 0 95 0 36 68 0 94 0 
67 75 68 78 120 68 75 65 59 93 0 25 0 0 41 1 19 0 0 24 49 66 46 42 80 
0 64 0 0 0 29 126 33 33 28 29 125 36 34 29 23 114 22 24 30 38 115 39 32 42 
33 5 40 32 0 95 68 111 110 62 41 17 43 37 0 43 5 40 33 0 40 15 33 39 0 
148 0 0 0 0 133 0 0 0 0 226 85 99 105 104 125 0 0 0 0 141 0 0 0 0 
0 0 0 0 842 0 0 0 0 784 0 0 0 0 842 0 0 0 0 834 0 0 0 0 777 
151 118 0 169 63 159 117 1 169 85 219 199 50 228 134 142 141 0 163 122 144 168 0 224 94 
130 0 0 0 0 262 102 84 82 78 153 0 0 0 0 155 0 0 0 0 148 0 0 0 0 
0 0 0 0 0 76 58 75 69 77 0 0 0 0 0 158 129 152 164 147 0 0 0 0 0 
0 22 0 153 0 39 63 50 204 34 0 19 0 138 0 0 16 0 144 0 0 20 0 170 0 
179 61 167 150 209 100 0 98 43 84 108 7 124 91 112 212 128 206 188 221 70 0 71 54 101 
56 59 59 158 131 29 28 34 95 90 0 0 0 97 69 0 0 0 60 57 4 9 8 84 56 
0 11 69 0 0 81 106 186 91 98 0 11 68 0 0 63 74 174 52 67 0 5 68 0 0 
197 11 186 0 0 200 1 172 0 0 198 5 181 4 0 174 1 182 0 0 206 22 180 8 9 
331 119 403 129 265 374 178 426 188 281 397 155 435 233 271 241 32 246 48 146 206 58 273 49 147 
78 172 87 95 72 0 92 0 29 0 20 142 33 41 31 0 115 0 20 0 0 83 0 25 0 
0 0 33 0 64 40 46 81 44 118 61 84 94 60 131 0 0 34 0 63 0 0 50 0 62 
0 0 16 0 187 0 0 16 0 179 0 0 28 0 166 0 0 25 0 179 0 0 23 0 182 
0 0 0 56 0 0 0 0 67 0 65 65 52 157 48 0 0 0 64 0 94 83 91 185 100 
103 0 0 113 0 126 0 0 132 0 121 0 0 110 0 106 0 0 134 0 119 0 0 132 0 
3 22 80 75 0 86 144 167 175 101 138 191 213 206 134 29 64 118 126 48 79 102 121 141 55 
109 139 124 123 229 0 0 0 0 77 0 0 0 0 73 24 24 31 23 108 0 0 0 0 76 
113 213 132 121 123 0 116 0 0 0 72 184 86 84 76 0 109 0 0 4 84 195 77 71 96 
151 139 81 82 83 82 48 0 0 0 89 50 4 5 10 69 52 0 0 0 74 58 0 0 0 
0 130 0 0 0 41 181 59 59 72 0 142 0 0 0 71 217 91 90 72 0 130 0 0 0 
1 0 0 0 0 0 0 0 0 0 0 0 0 0 0 0 0 0 0 0 455 407 449 432 397 
0 0 36 0 0 73 79 92 75 87 0 0 31 0 0 77 75 85 59 79 19 25 59 22 26 
10 17 18 19 57 0 0 0 0 42 92 87 77 75 103 0 0 0 0 36 71 105 84 82 123 
0 0 0 143 0 0 0 0 125 0 0 0 0 152 0 0 0 0 156 0 82 83 88 210 95 
0 73 0 29 77 0 74 0 37 84 0 63 0 31 94 0 64 0 31 79 17 72 23 56 119 
0 112 0 0 0 0 107 0 0 0 0 105 0 0 0 0 96 0 0 0 97 185 99 105 92 
1 39 0 18 0 100 125 99 94 98 96 94 88 90 87 0 23 0 17 0 132 175 150 151 133 
0 0 117 55 0 43 44 155 105 50 0 0 102 39 0 0 0 88 38 0 0 0 126 35 0 
59 0 0 0 0 126 62 61 76 69 99 20 18 20 15 131 47 46 52 41 58 0 0 0 0 
83 35 33 111 37 38 0 0 91 0 48 0 0 85 0 83 34 30 120 32 55 0 0 83 0 
0 0 24 17 0 0 0 0 16 0 101 99 82 115 97 0 0 0 33 0 0 0 10 28 0 
2 6 51 94 7 0 0 46 72 0 47 30 101 114 45 30 38 68 109 34 0 0 46 81 0 
52 7 46 45 10 42 3 40 39 23 119 70 114 110 84 64 16 45 41 13 50 1 45 41 0 
50 0 65 0 67 42 0 65 0 61 35 0 77 0 78 108 59 127 69 119 40 0 65 0 67 
89 34 169 78 60 81 13 155 88 38 67 0 133 37 15 176 80 222 128 107 98 48 189 65 59 
12 77 174 43 146 129 203 295 134 249 28 112 204 34 171 0 46 167 1 111 86 153 245 113 231 
19 21 22 57 48 40 38 33 74 72 0 0 0 31 29 0 0 0 22 17 75 89 89 124 99 
20 36 0 99 0 35 53 0 116 0 94 85 43 146 59 29 41 0 122 0 46 37 0 94 0 
0 0 60 0 0 164 149 227 153 181 0 0 64 0 0 0 0 84 0 0 0 0 76 0 0 
72 7 0 6 22 104 64 80 79 80 117 93 94 103 107 46 0 0 0 17 35 14 14 8 27 
21 154 94 20 50 0 130 84 11 17 0 118 57 0 31 0 131 74 8 18 50 177 115 46 92 
145 185 90 96 98 69 61 44 21 18 38 51 14 0 0 39 48 13 0 0 32 39 13 0 0 
67 94 18 11 19 52 57 0 0 0 60 72 22 9 14 83 79 40 47 52 85 86 59 31 47 
37 76 43 70 29 0 62 10 42 16 0 51 11 46 15 0 43 14 31 13 38 104 64 96 77 
0 0 65 28 15 0 0 54 44 5 0 0 54 49 8 54 57 157 119 72 62 58 113 106 76 
29 38 26 22 31 0 0 0 0 0 71 59 57 61 55 0 0 0 0 0 120 107 97 113 110 
49 36 31 38 46 1 0 1 0 0 0 0 7 0 0 68 50 80 62 65 139 103 145 152 150 
38 41 108 49 53 2 10 60 18 16 49 43 124 54 54 0 0 52 0 4 0 0 51 20 0 
0 0 180 32 0 0 0 141 23 0 19 20 156 37 18 0 0 166 23 0 0 0 162 23 0 
43 70 0 0 0 66 93 38 26 28 64 108 17 14 0 79 118 37 37 42 37 66 0 0 0 
82 112 67 50 59 13 42 3 0 0 74 124 59 48 52 34 67 27 16 14 23 53 0 0 0 
0 116 108 162 1 0 125 119 160 1 0 107 119 167 0 0 116 113 153 0 0 126 119 164 0 
18 0 0 213 0 11 0 0 131 0 142 110 124 258 107 12 0 0 153 0 29 2 0 157 2 
139 158 36 78 109 161 219 79 96 152 144 170 72 97 116 85 99 7 23 58 232 287 131 153 171 
73 194 130 92 99 1 42 66 12 2 36 86 102 29 32 29 95 69 10 27 0 68 55 0 0 
3 23 13 6 65 8 22 22 8 96 5 14 16 6 49 53 81 68 44 141 25 37 35 27 90 
627 489 502 382 462 474 236 292 166 223 470 294 320 193 277 368 147 155 32 109 505 332 393 269 338 
80 78 0 4 0 199 168 74 75 79 98 81 0 0 0 110 113 28 17 18 85 68 0 0 0 
150 286 96 120 131 242 383 137 236 171 143 292 99 157 85 40 183 0 19 0 94 212 62 91 43 
0 0 0 0 54 0 0 0 0 60 0 0 0 0 71 0 0 0 0 61 144 167 148 163 192 
150 0 0 54 0 156 0 0 55 0 141 0 0 40 0 168 0 0 46 0 149 0 0 41 0 
186 146 180 275 132 24 0 84 133 2 72 38 125 200 55 37 7 119 117 29 36 0 89 102 0 
65 115 84 181 157 0 8 7 94 50 0 13 6 61 58 0 8 13 92 53 29 44 34 110 57 
114 111 90 59 29 153 153 113 119 111 76 70 48 32 14 208 174 166 129 116 138 163 126 53 74 
67 155 58 65 61 0 59 0 0 0 6 88 6 6 5 0 69 0 0 0 84 187 74 90 75 
0 0 0 18 0 0 0 0 19 0 0 0 0 22 0 0 0 0 21 0 187 202 228 237 220 
60 4 53 105 76 14 5 31 105 88 65 28 58 143 112 14 0 40 93 89 137 76 126 192 211 
0 90 73 0 98 0 90 83 0 105 0 116 60 0 84 0 97 85 0 111 0 120 82 0 102 
44 23 56 40 31 70 52 91 56 55 21 17 34 18 13 55 44 102 71 49 7 0 31 0 0 
88 0 0 0 62 69 0 0 0 50 95 0 0 0 60 72 0 0 0 53 180 96 87 92 166 
60 71 0 70 42 42 63 0 75 52 37 43 0 89 53 117 131 67 138 100 56 92 23 84 70 
69 87 96 76 62 9 36 39 13 9 0 13 44 0 0 58 68 84 51 45 21 29 54 19 13 
0 0 0 140 35 0 0 0 158 28 27 29 16 157 51 0 0 0 149 34 0 0 0 138 38 
0 0 0 183 14 234 199 170 444 226 0 0 0 194 15 152 163 159 356 146 4 0 0 191 10 
56 139 179 193 75 42 110 169 194 40 96 139 168 203 80 67 201 203 247 113 127 143 188 249 99 
0 0 0 1287 0 0 0 0 1313 0 1 0 0 1318 0 0 2 3 1384 2 0 0 0 1322 0 
195 0 0 0 0 197 13 18 17 20 178 0 0 0 0 196 0 0 0 0 166 0 0 0 0 
92 0 0 0 0 117 0 0 0 0 122 0 0 0 0 102 0 0 0 0 206 88 85 89 99 
210 98 53 134 122 84 0 0 14 19 159 41 40 56 53 167 40 59 93 99 238 141 108 175 131 
15 29 0 0 0 0 40 0 0 0 3 12 0 0 4 23 39 16 36 34 0 0 0 0 2 
67 88 163 115 78 0 0 61 0 0 0 0 64 0 0 0 0 56 0 0 201 183 247 214 194 
2 8 0 79 204 120 116 112 187 329 1 24 0 76 240 0 15 0 80 246 113 132 108 173 304 
13 33 89 4 248 5 4 58 14 197 124 114 190 122 315 147 158 228 171 348 3 4 72 1 188 
132 246 277 214 98 181 242 298 206 103 143 245 268 183 130 55 144 204 116 34 54 185 196 146 38 
107 0 0 24 0 97 0 0 0 0 115 0 0 0 0 115 0 0 0 0 144 16 26 39 35 
0 0 195 0 37 0 0 225 0 32 0 0 190 0 24 0 0 184 0 24 0 0 175 0 33 
44 73 37 38 53 7 56 0 0 18 26 73 37 30 53 0 38 0 0 28 0 51 0 0 27 
609 618 639 680 620 0 0 0 0 0 0 0 0 0 0 0 0 0 0 0 0 0 0 0 0 
63 47 0 0 0 79 68 13 13 12 130 86 34 34 28 90 63 0 0 0 95 94 22 24 28 
26 0 0 53 64 67 40 38 80 110 17 0 0 55 58 33 10 14 50 53 24 25 25 66 68 
0 0 47 53 0 73 54 103 94 64 0 0 38 37 0 63 52 99 87 44 45 27 84 74 25 
12 7 0 0 81 14 1 0 0 65 60 66 48 45 135 20 25 13 15 75 94 109 100 89 132 
55 0 0 0 0 62 0 0 0 0 64 0 0 0 0 202 133 145 146 141 51 0 0 0 0 
78 155 130 126 149 108 283 160 168 235 22 131 67 64 71 127 218 136 162 154 121 240 194 201 177 
0 0 0 0 0 31 35 30 20 22 0 0 0 0 0 59 67 71 65 92 100 95 98 98 127 
161 10 73 11 17 215 4 66 5 19 281 78 159 93 101 317 176 287 162 162 235 38 102 36 41 
0 0 0 0 0 0 0 0 5 0 8 3 0 0 14 0 0 2 0 0 0 0 0 0 0 
17 0 29 0 0 22 0 15 15 0 26 0 28 10 2 85 53 81 58 66 22 2 26 0 2 
