1024 1047 933 1023 1030 1252 1279 1180 1184 1245 771 810 779 796 910 1077 1010 1023 1069 1011 731 591 592 620 714 
180 144 155 163 146 0 0 0 0 0 117 82 120 100 105 0 0 0 0 0 0 0 0 0 0 
118 39 33 174 208 85 0 0 135 127 171 58 67 265 262 72 0 0 91 126 58 0 0 122 131 
255 4 48 9 32 174 0 0 0 1 381 90 116 80 123 399 193 269 227 178 273 32 100 39 56 
0 0 1 179 16 167 157 151 363 198 2 4 0 202 17 135 136 132 298 133 0 0 0 152 7 
142 35 85 103 23 128 14 70 101 0 135 38 84 111 30 122 6 40 105 0 286 176 259 313 165 
95 6 21 0 84 76 1 17 0 96 161 80 95 75 164 134 55 87 53 134 188 96 112 90 205 
0 0 0 0 0 0 0 0 0 0 1010 1028 966 992 1030 0 0 0 0 0 0 0 0 0 0 
0 0 0 237 0 0 0 1 222 0 100 99 89 347 113 101 96 83 352 124 0 0 0 223 0 
16 9 15 195 5 1 0 0 196 0 37 46 40 188 31 0 0 0 171 0 4 6 3 201 3 
50 141 185 207 33 12 126 172 226 26 118 199 238 287 81 41 221 220 305 106 77 169 207 273 65 
0 0 0 0 0 0 0 0 0 0 0 0 0 0 0 66 74 70 76 94 199 179 187 206 186 
72 90 60 55 164 0 10 0 0 102 0 3 0 0 106 0 4 0 0 104 74 85 77 61 158 
147 148 155 145 157 0 0 0 0 0 0 0 0 0 0 0 0 0 0 0 80 83 70 67 83 
0 0 0 0 0 0 0 0 0 0 0 0 0 0 0 414 420 406 393 397 166 148 149 164 174 
0 215 0 0 90 0 179 0 0 97 125 343 156 146 217 0 209 0 0 100 0 222 0 0 79 
793 0 0 0 0 788 0 0 0 0 783 0 0 0 0 811 0 0 0 0 823 0 0 0 0 
23 6 194 128 185 53 15 204 145 192 144 107 266 235 248 193 187 362 307 335 146 101 291 219 320 
73 117 86 150 72 75 76 58 114 75 0 37 0 49 0 42 91 49 95 50 0 40 0 45 0 
48 8 16 6 23 126 104 117 103 128 37 0 0 0 15 29 0 1 0 24 134 122 109 118 139 
0 0 166 0 0 0 0 154 0 0 0 0 180 0 0 160 145 281 128 147 0 0 164 0 0 
0 64 42 46 0 0 78 42 45 0 35 96 88 97 32 0 70 43 47 0 0 69 51 42 0 
0 0 0 0 141 117 118 117 149 245 151 106 125 107 213 4 1 0 0 121 84 99 115 103 198 
0 0 0 0 0 0 0 0 0 0 0 0 0 0 0 995 1055 1067 1030 951 0 0 0 0 0 
0 24 60 169 0 0 23 64 129 0 0 20 55 163 0 0 18 70 165 0 0 18 66 164 0 
63 48 0 0 0 82 70 15 14 14 132 83 36 35 32 85 60 0 0 0 93 90 23 23 28 
57 94 63 126 121 10 40 15 58 62 12 36 20 68 76 0 37 0 45 57 0 33 0 56 52 
92 114 105 70 3 92 121 156 80 1 273 279 301 252 176 113 129 122 68 6 258 212 289 219 141 
87 17 17 116 24 84 0 0 129 0 256 166 163 256 138 96 3 0 116 5 131 50 46 201 40 
117 87 43 45 33 132 91 47 54 30 53 48 13 0 0 79 78 14 11 12 82 51 11 0 0 
0 0 175 73 0 0 0 187 60 0 0 0 226 62 0 0 0 192 49 0 0 0 193 61 0 
171 224 233 167 141 2 73 88 0 0 0 57 98 0 0 65 111 147 71 47 0 55 119 0 0 
62 51 67 66 58 96 114 102 111 98 22 39 43 35 37 0 0 0 0 0 0 0 0 0 0 
0 0 0 169 0 0 0 0 177 0 237 240 228 414 251 0 0 0 174 0 0 0 0 157 0 
0 0 0 0 0 169 155 194 153 154 0 0 0 0 0 0 0 0 0 0 74 66 71 75 97 
95 1 0 53 29 123 25 46 95 76 195 60 81 142 145 77 0 0 55 26 175 59 73 135 98 
0 75 0 0 0 0 72 0 0 0 0 57 0 0 0 101 137 74 110 74 48 117 42 46 46 
0 0 113 0 0 89 94 200 110 116 0 0 98 0 0 7 9 99 3 7 14 14 95 9 18 
229 210 182 239 104 110 86 69 94 0 83 83 55 77 0 252 235 166 263 125 129 119 76 117 3 
0 0 0 0 0 34 40 30 23 22 0 0 0 0 0 63 76 78 67 101 113 106 113 110 145 
0 225 0 203 0 0 180 0 194 0 5 203 2 196 0 0 188 0 190 0 0 199 0 204 0 
0 44 0 117 0 0 54 0 128 0 0 45 0 124 0 61 141 62 202 61 0 58 0 121 0 
0 0 0 0 86 108 83 98 74 163 98 94 86 101 153 0 0 0 0 80 0 0 0 0 92 
84 285 265 21 233 51 205 184 2 178 96 283 286 64 236 181 359 317 149 309 215 369 283 133 293 
0 46 33 0 82 21 63 45 14 89 28 87 92 38 84 0 62 26 0 65 0 62 28 0 73 
126 108 137 137 137 15 0 0 43 0 14 0 0 38 0 18 0 0 55 0 99 77 71 126 92 
29 0 0 61 71 81 53 48 98 129 18 0 0 55 63 40 11 16 53 60 31 31 38 78 81 
81 0 74 0 0 72 0 82 0 0 130 63 121 55 59 115 21 90 16 15 76 0 78 0 0 
0 18 82 0 96 0 12 69 0 107 0 15 75 0 107 0 14 91 0 133 0 13 69 0 101 
15 61 139 70 19 52 74 157 95 56 0 38 119 33 0 46 75 156 106 38 0 20 109 57 0 
0 58 0 0 0 0 66 0 0 0 104 206 97 124 111 0 82 0 0 0 13 75 16 22 24 
0 0 0 71 0 61 64 51 122 81 0 0 0 70 0 0 0 0 80 0 71 63 57 147 61 
49 0 92 48 0 57 0 109 53 0 59 0 93 50 0 46 0 102 54 0 44 0 98 46 0 
77 45 0 29 0 103 73 16 47 24 92 86 0 25 0 110 53 0 41 0 87 58 0 33 0 
0 0 0 0 23 177 158 177 182 192 0 0 0 0 30 0 0 0 0 29 0 0 0 0 32 
89 47 57 109 77 58 37 49 96 68 24 0 0 52 10 28 0 0 48 11 37 12 8 56 27 
29 55 8 6 9 17 48 0 0 0 21 73 0 0 0 125 160 123 115 111 27 72 0 0 0 
0 0 0 21 0 186 170 197 198 164 0 0 0 23 0 0 0 0 22 0 0 0 0 19 0 
77 92 140 152 99 0 0 59 70 0 0 0 77 67 0 0 0 77 65 0 0 0 61 67 0 
62 57 59 48 68 41 0 0 0 11 76 62 48 48 72 30 0 0 0 22 92 49 45 49 60 
0 0 25 0 69 9 6 36 12 89 0 0 34 0 70 10 7 43 8 95 80 75 114 64 153 
601 608 623 658 609 0 0 0 0 0 0 0 0 0 0 0 0 0 0 0 0 0 0 0 0 
60 113 149 68 75 31 84 102 28 33 0 33 75 0 0 0 39 79 0 0 0 40 71 0 0 
0 0 110 0 0 0 0 91 0 0 76 114 207 112 101 0 0 85 0 0 0 0 103 0 0 
116 137 42 63 156 43 48 0 0 97 45 66 0 0 76 45 53 0 0 77 60 48 0 0 91 
0 48 0 4 3 44 105 37 39 60 0 55 0 16 1 0 52 0 22 2 13 55 1 13 1 
9 8 100 5 12 0 0 88 0 0 0 0 84 0 0 37 41 122 29 30 77 78 153 61 87 
0 0 0 51 75 88 81 63 117 163 0 0 0 49 73 0 0 0 35 84 0 0 0 47 73 
94 162 77 72 82 22 106 0 0 0 28 112 7 6 8 22 75 0 0 0 23 79 0 0 0 
58 24 88 22 83 18 0 35 2 64 13 0 31 0 75 18 0 43 6 63 8 0 32 7 69 
81 0 4 0 3 94 0 0 0 0 124 60 66 62 80 128 40 36 29 25 184 99 101 110 89 
60 27 117 48 41 32 0 81 0 0 29 0 77 0 0 26 0 70 0 0 78 35 119 46 34 
0 40 0 0 0 33 70 34 45 38 39 79 38 28 29 23 70 34 49 24 0 31 0 2 0 
85 68 87 44 56 32 25 27 0 5 57 67 55 26 45 45 27 31 0 10 36 31 33 0 10 
0 62 70 0 0 12 75 68 11 20 21 104 80 21 20 32 109 62 40 42 0 62 59 0 0 
58 102 57 52 47 38 110 35 38 32 18 80 18 20 31 27 61 26 30 31 0 65 0 0 0 
20 0 77 0 37 55 43 114 39 70 19 0 78 0 16 24 0 90 0 20 26 0 92 0 14 
0 2080 0 0 0 0 2115 0 0 0 0 2000 0 0 0 0 2092 0 0 0 0 2007 0 0 0 
29 119 107 25 8 85 187 188 82 61 8 121 124 2 0 32 201 165 88 79 6 115 82 1 0 
63 113 91 0 0 60 132 118 0 0 71 124 122 0 0 65 125 103 0 0 61 114 99 0 0 
1 114 0 145 0 104 182 108 203 124 86 201 67 223 73 0 107 0 126 0 0 117 0 118 0 
112 146 25 181 134 109 175 39 179 154 69 125 5 226 109 269 338 217 377 269 219 298 174 333 255 
0 0 0 0 0 1258 1216 1212 1173 1253 0 0 0 0 0 0 0 0 0 0 0 0 0 0 0 
0 0 78 125 0 0 0 75 106 0 0 0 81 127 0 0 0 81 125 0 0 0 72 128 0 
176 54 58 93 42 185 66 63 110 67 113 0 0 53 0 95 0 0 41 0 106 0 0 47 0 
0 134 0 0 89 0 167 0 0 85 0 177 0 0 102 0 149 0 0 82 0 160 0 0 119 
178 271 126 189 105 135 243 79 138 46 259 430 201 310 152 220 324 157 165 121 180 439 239 219 155 
51 63 213 208 87 0 0 129 98 13 70 85 180 219 71 5 2 88 101 27 23 35 141 130 32 
144 123 125 158 251 7 28 4 9 159 10 12 14 3 150 213 240 188 204 380 225 250 229 236 393 
0 71 0 0 0 0 50 0 0 0 0 78 0 0 0 7 68 5 7 3 180 211 175 148 171 
52 28 41 16 54 46 17 35 0 45 49 11 41 0 32 78 15 41 0 51 132 113 116 85 153 
202 76 0 101 0 201 69 0 98 0 205 58 0 104 0 194 67 0 116 0 200 66 0 114 0 
58 12 3 39 44 138 100 96 116 126 57 12 0 42 50 53 5 0 33 51 54 5 0 30 39 
55 0 0 0 0 62 0 0 0 0 64 0 0 0 0 202 133 145 146 141 52 0 0 0 0 
91 218 209 121 46 93 194 214 109 27 77 200 181 91 47 60 148 183 72 6 63 212 216 87 24 
85 3 7 54 36 121 78 64 130 86 120 74 73 95 93 87 33 23 77 46 73 0 0 32 22 
110 115 129 89 195 0 0 6 0 51 65 75 83 58 120 0 0 18 0 62 0 0 14 0 69 
33 57 0 57 0 102 141 66 119 52 66 69 28 86 43 44 48 0 54 0 29 47 0 61 0 
92 100 90 104 160 91 95 73 63 105 0 26 2 0 61 0 26 0 0 42 57 84 60 61 107 
0 66 0 0 1 31 120 33 35 30 36 129 33 32 31 26 112 24 26 34 42 118 45 35 48 
33 10 41 34 0 102 71 112 109 62 43 20 47 35 0 47 9 44 35 0 41 19 37 39 0 
1 15 0 100 250 144 137 140 261 373 2 27 0 96 304 0 11 0 103 297 130 151 140 227 384 
20 23 82 8 228 4 3 65 6 166 110 101 180 117 276 141 145 230 171 332 2 4 68 3 179 
152 0 0 0 0 140 0 0 0 0 236 90 105 103 110 132 0 0 0 0 137 0 0 0 0 
0 0 0 0 854 0 0 0 0 807 0 0 0 0 857 0 0 0 0 846 0 0 0 0 793 
108 92 0 145 51 119 115 0 149 76 152 145 49 207 110 111 101 1 142 73 114 112 2 165 70 
111 0 0 0 0 215 83 74 73 63 132 0 0 0 0 127 0 0 0 0 122 0 0 0 0 
59 32 72 43 45 97 68 129 68 71 35 22 50 25 15 76 57 141 91 69 8 0 40 2 0 
0 24 0 156 0 36 64 51 200 38 0 22 0 151 0 0 18 0 152 0 0 23 0 180 0 
95 68 103 143 165 48 0 70 62 64 31 0 77 80 68 107 64 127 135 156 9 1 45 52 40 
43 49 55 127 106 28 22 32 81 73 0 0 0 76 55 0 0 0 47 50 5 10 8 75 53 
0 8 59 0 0 73 82 154 75 81 0 8 61 0 0 48 68 146 43 54 0 3 55 0 0 
111 0 110 0 0 101 0 83 0 0 90 0 100 4 1 67 0 100 0 0 107 10 88 10 10 
0 0 0 0 0 73 47 68 56 58 0 0 0 0 0 148 121 144 145 138 0 0 0 0 0 
322 126 370 145 223 368 213 474 205 285 341 185 421 204 292 198 37 250 61 148 215 67 286 59 117 
72 176 80 99 74 0 113 0 33 0 17 156 36 38 27 0 121 0 23 0 0 90 0 28 0 
0 0 36 0 61 37 49 84 46 119 58 86 95 64 134 0 0 37 0 65 0 0 53 0 60 
0 0 16 0 187 0 0 15 0 177 0 0 27 0 166 0 0 25 0 179 0 0 23 0 180 
0 0 0 50 0 0 0 0 59 0 54 59 45 140 45 0 0 0 59 0 85 78 82 158 86 
101 0 0 107 0 128 0 0 122 0 114 0 0 102 0 105 0 0 133 0 114 0 0 125 0 
13 58 60 47 0 103 191 171 156 108 180 247 220 200 145 12 79 75 77 0 90 131 88 105 53 
123 157 149 117 265 0 0 0 0 91 0 0 0 0 80 29 28 33 24 116 0 0 0 0 98 
118 212 126 118 123 0 108 0 0 0 72 178 82 81 71 3 105 0 0 5 87 194 80 79 95 
160 133 83 92 88 81 45 0 0 0 93 52 4 4 9 70 52 0 0 0 77 62 0 0 0 
0 144 0 0 0 43 200 61 63 77 0 146 0 0 0 74 218 100 92 73 0 143 0 0 0 
92 0 0 0 0 117 0 0 0 0 122 0 0 0 0 102 0 0 0 0 206 88 85 89 99 
0 0 0 0 0 0 0 0 0 0 0 0 0 0 0 0 0 0 0 0 447 409 449 439 397 
0 0 38 0 0 77 81 96 79 92 0 0 32 0 0 80 77 87 59 84 19 27 61 22 25 
8 15 16 17 52 0 0 0 0 36 80 79 71 69 99 0 0 0 0 33 68 98 78 76 105 
0 0 0 127 0 0 0 0 111 0 0 0 0 135 0 0 0 0 138 0 72 71 76 190 77 
0 48 0 32 53 0 36 0 38 58 0 24 0 36 72 0 34 0 30 57 19 48 24 56 93 
71 0 0 0 31 60 0 0 0 23 78 0 0 0 31 62 0 0 0 26 161 83 72 84 119 
0 112 0 0 0 0 107 0 0 0 0 106 0 0 0 0 96 0 0 0 96 185 99 105 92 
0 48 21 43 32 56 69 50 39 54 44 32 19 32 31 0 6 0 10 0 81 101 72 81 62 
0 0 117 54 0 43 45 155 106 50 0 0 102 39 0 0 0 89 38 0 0 0 126 35 0 
5 33 0 0 0 9 64 17 0 21 6 47 0 0 25 16 51 16 25 60 0 37 10 0 19 
59 0 0 0 0 124 62 61 76 69 98 19 18 18 14 130 45 46 52 41 58 0 0 0 0 
195 0 0 0 0 188 4 13 13 13 178 0 0 0 0 196 0 0 0 0 166 0 0 0 0 
83 35 33 111 37 39 0 0 91 0 48 0 0 85 0 83 35 30 120 32 55 0 0 83 0 
0 0 0 17 0 35 34 27 73 29 28 8 36 39 30 0 3 0 24 0 50 41 55 88 59 
0 0 63 43 0 0 0 55 43 0 100 99 148 130 97 0 0 62 47 0 0 0 67 41 0 
85 16 73 144 132 26 5 41 140 91 87 27 68 159 125 42 0 46 123 95 174 100 145 238 234 
0 7 55 111 9 0 0 55 92 0 59 36 119 147 55 28 48 86 139 40 0 1 51 96 0 
54 6 49 47 11 44 6 36 41 18 126 70 126 115 92 66 16 44 52 16 45 0 44 49 0 
49 0 68 0 63 47 0 66 0 61 32 0 73 0 83 101 60 112 71 119 35 0 62 0 67 
113 47 173 97 63 89 19 159 79 44 46 0 108 29 7 155 65 203 105 102 118 44 202 93 73 
13 100 173 24 133 143 228 312 165 290 32 135 215 66 202 0 63 163 1 137 105 190 283 136 268 
31 29 27 71 49 47 44 37 91 79 0 0 0 37 30 0 0 0 24 17 95 112 108 151 116 
24 32 0 103 0 36 53 0 120 0 97 93 50 155 73 35 39 0 121 0 51 40 0 106 0 
0 0 50 0 0 153 139 193 142 160 0 0 58 0 0 0 0 72 0 0 0 0 63 0 0 
45 75 46 61 37 12 22 0 26 0 63 91 56 94 40 12 43 0 38 5 63 60 56 91 31 
10 6 0 0 65 11 1 0 0 53 52 55 40 33 114 16 18 12 10 65 81 98 80 76 113 
70 10 11 7 19 88 66 66 74 67 100 78 82 100 90 43 0 5 0 12 36 12 16 7 22 
20 104 72 19 29 0 94 77 6 6 0 72 44 0 24 0 89 58 5 11 47 126 105 44 90 
124 160 84 85 85 60 57 36 18 18 36 50 15 0 0 35 41 13 0 0 28 39 13 0 0 
0 69 55 0 67 0 71 64 0 72 0 79 53 0 55 0 66 64 0 69 0 84 68 0 66 
95 0 0 58 0 83 0 0 52 0 99 0 0 46 0 100 0 0 34 0 122 15 23 75 29 
67 77 13 22 22 49 44 2 0 3 51 67 17 9 16 63 67 36 38 45 77 75 47 30 45 
37 52 37 65 16 0 42 11 40 12 0 20 0 25 0 0 10 14 31 3 38 84 62 95 69 
0 0 56 27 10 0 0 45 35 2 0 0 44 40 4 43 53 122 94 60 54 50 100 93 62 
28 37 25 19 31 0 0 0 0 0 71 59 56 62 55 0 0 0 0 0 119 107 98 114 110 
46 32 30 31 41 0 0 18 0 0 0 0 18 0 0 50 46 93 56 55 125 95 134 128 125 
40 44 109 45 54 7 10 61 10 15 62 53 131 41 52 0 0 53 0 0 6 8 63 13 9 
0 0 180 32 0 0 0 141 23 0 19 20 156 37 18 0 0 166 23 0 0 0 162 23 0 
43 70 0 0 0 66 93 38 29 29 67 108 17 14 8 79 119 37 36 41 37 66 0 0 0 
82 0 74 80 91 147 61 173 178 168 172 82 186 200 214 146 46 116 122 167 102 3 90 134 122 
111 157 86 72 82 16 79 5 0 0 104 197 80 67 72 53 97 33 28 23 30 76 0 0 0 
0 113 107 153 0 0 125 110 162 0 0 108 116 162 0 0 115 107 145 0 0 124 113 159 0 
0 0 1 151 37 0 0 0 168 32 27 30 16 178 56 0 0 0 157 37 0 0 0 150 42 
19 0 0 151 0 9 0 0 123 0 113 78 111 240 108 15 0 0 126 0 24 1 0 129 1 
52 77 49 47 67 0 60 1 0 25 39 77 38 34 59 3 36 0 0 34 0 61 0 0 32 
114 126 23 57 86 181 245 103 103 178 152 165 76 74 107 69 85 4 22 57 217 265 132 142 180 
59 166 113 76 80 6 43 57 12 5 29 77 93 30 28 21 70 59 10 24 0 53 49 0 0 
0 15 6 1 55 2 18 17 0 103 0 10 6 3 49 63 70 60 38 147 16 32 31 29 88 
0 0 212 0 42 0 0 233 0 31 0 0 216 0 25 0 0 204 0 26 0 0 201 0 30 
597 428 558 380 492 438 150 279 174 185 462 244 309 188 273 342 124 165 87 166 515 298 399 308 347 
94 63 0 4 0 149 149 73 82 64 75 82 0 0 0 98 88 23 14 17 70 64 0 0 0 
166 294 135 160 136 254 384 155 276 203 124 266 96 165 87 36 189 1 47 4 87 211 60 91 61 
22 0 30 78 0 25 0 15 49 0 74 47 65 83 25 85 54 83 109 66 18 0 19 37 0 
0 0 0 0 60 0 0 0 0 73 0 0 0 0 94 0 0 0 0 74 168 192 183 202 254 
62 5 35 0 17 109 11 54 26 31 115 51 86 43 51 137 74 124 62 83 116 28 48 17 25 
60 42 122 129 34 0 0 87 109 0 57 57 145 139 43 0 0 100 106 0 0 0 92 81 0 
150 0 0 54 0 156 0 0 55 0 141 0 0 40 0 168 0 0 46 0 149 0 0 41 0 
168 124 163 261 129 41 1 79 130 2 89 40 147 187 62 44 3 91 104 22 51 0 78 92 0 
0 0 52 55 0 74 51 103 111 71 0 0 38 38 0 65 52 116 88 59 39 34 83 76 33 
61 100 96 158 142 0 12 7 85 48 0 18 8 53 53 0 11 8 72 51 28 35 28 90 49 
129 120 81 99 39 198 172 151 153 133 93 77 63 66 11 257 186 195 135 126 184 186 162 117 103 
106 18 95 0 0 129 16 113 0 0 132 10 94 0 0 126 8 100 0 0 122 17 112 0 0 
60 137 55 63 54 0 57 0 0 0 6 83 4 5 4 0 65 0 0 0 76 157 65 80 69 
0 0 0 17 0 0 0 0 26 0 0 0 0 21 0 0 0 0 21 0 182 206 224 231 221 
61 26 27 66 75 36 0 0 27 52 56 0 0 24 38 54 0 0 33 38 90 43 47 75 83 
0 0 0 33 0 73 61 46 99 56 0 0 0 22 0 43 49 64 89 46 38 47 44 94 36 
67 92 134 125 86 0 0 42 0 0 0 0 68 0 0 0 0 55 0 0 163 190 218 182 191 
0 0 0 1205 0 0 0 0 1210 0 0 0 0 1225 0 0 1 2 1295 3 0 0 0 1239 0 
0 0 1440 0 0 0 0 1467 1 0 0 0 1347 0 0 0 0 1472 0 0 0 0 1440 0 0 
