972 958 896 899 948 1235 1238 1196 1148 1204 864 815 823 772 968 1055 1007 1007 987 1055 758 627 674 579 717 
141 114 134 130 124 0 0 0 0 0 101 67 103 88 82 0 0 0 0 0 0 0 0 0 0 
108 30 29 126 144 71 0 1 114 105 146 57 87 191 194 70 0 23 100 110 59 0 5 96 90 
768 553 526 405 549 513 219 241 158 243 589 384 319 225 300 468 205 204 159 244 700 471 476 445 478 
0 0 0 155 13 168 153 139 358 186 0 2 0 193 16 137 131 122 290 125 0 0 0 148 11 
171 46 118 155 59 139 8 89 101 3 141 30 92 120 34 135 4 66 128 1 301 173 272 307 176 
97 6 17 0 83 91 0 17 0 99 184 87 109 85 169 160 67 99 68 143 214 98 115 100 216 
0 0 0 0 0 0 0 0 0 0 1013 1032 968 991 1036 0 0 0 0 0 0 0 0 0 0 
0 0 0 216 0 0 0 3 207 1 94 91 86 316 105 91 88 75 323 106 0 0 0 201 0 
13 8 13 171 5 0 0 0 174 0 34 43 33 169 31 0 0 0 151 0 4 6 3 170 3 
193 160 206 279 144 50 6 116 142 4 111 65 148 225 70 48 13 126 107 26 65 0 103 99 0 
0 0 0 0 0 0 0 0 0 0 0 0 0 0 0 50 55 57 57 73 154 137 135 160 138 
59 75 56 45 139 0 9 0 0 86 0 3 0 0 89 0 4 0 0 93 68 70 71 57 139 
147 163 173 172 175 0 0 0 0 0 0 0 0 0 0 0 0 0 0 0 87 92 80 69 105 
0 0 0 0 0 0 0 0 0 0 0 0 0 0 0 427 429 418 403 412 192 178 179 186 205 
0 192 0 0 80 0 164 0 0 92 125 316 146 130 203 0 178 0 0 91 0 207 0 0 74 
798 0 0 0 0 796 0 0 0 0 789 0 0 0 0 816 0 0 0 0 834 0 0 0 0 
29 7 177 126 162 71 36 213 143 213 125 108 269 217 217 216 187 373 334 331 109 86 256 197 286 
76 128 72 142 66 54 82 64 108 66 0 44 0 42 0 53 86 49 85 46 0 40 0 40 0 
30 8 13 6 17 123 96 100 95 105 26 0 0 0 16 21 0 0 0 18 105 106 83 89 123 
0 0 118 0 0 0 0 111 0 0 0 0 130 0 0 135 104 233 106 113 0 0 133 0 0 
0 67 45 45 0 0 79 45 47 0 35 103 94 101 34 0 72 50 49 0 0 68 55 43 0 
21 1 3 8 162 172 149 140 167 261 178 149 130 158 244 14 10 2 7 143 90 90 114 104 230 
0 0 0 0 0 0 0 0 0 0 0 0 0 0 0 974 1032 1041 1010 941 0 0 0 0 0 
0 18 53 136 0 0 17 52 120 0 0 19 48 144 0 0 19 54 144 0 0 16 51 147 0 
63 47 0 0 0 79 67 14 14 13 128 81 34 32 27 84 60 0 0 0 93 88 21 22 27 
126 200 134 311 288 0 41 17 151 108 7 50 16 143 127 0 47 9 123 103 32 81 25 150 117 
91 112 107 73 9 92 105 138 75 0 249 263 279 257 181 107 114 115 69 1 247 190 268 211 136 
39 0 55 0 55 39 0 56 0 50 25 0 65 0 69 87 46 103 64 105 29 0 55 0 57 
99 26 33 107 32 80 0 0 118 0 219 155 150 229 135 83 9 7 109 13 123 56 54 181 45 
110 89 41 44 32 131 88 43 56 32 50 46 15 0 0 86 72 18 12 16 77 49 10 0 0 
0 0 135 56 0 0 0 148 52 0 0 0 179 51 0 0 0 159 43 0 0 0 136 41 0 
134 178 197 139 121 0 59 80 0 0 0 44 88 0 0 47 89 143 54 48 0 48 108 0 0 
63 50 68 66 58 95 114 101 109 98 21 39 42 34 38 0 0 0 0 0 0 0 0 0 0 
0 0 0 165 0 0 0 0 174 0 230 236 220 410 241 0 0 0 171 0 0 0 0 155 0 
0 0 0 0 0 138 127 163 126 134 0 0 0 0 0 0 0 0 0 0 69 53 62 60 75 
109 5 19 71 58 134 34 59 115 92 214 84 91 151 155 76 0 1 74 39 192 70 83 150 119 
0 79 0 0 0 0 76 0 0 0 0 58 0 0 0 105 144 79 118 78 50 123 45 46 48 
0 0 95 0 0 85 85 176 105 104 0 0 92 0 0 7 9 97 4 7 14 13 82 7 14 
272 256 227 305 133 130 135 85 110 0 78 110 67 93 0 293 290 185 305 146 162 169 103 178 11 
0 0 0 0 0 31 35 30 19 22 0 0 0 0 0 59 67 68 65 90 100 94 96 97 127 
0 234 0 206 0 0 182 0 198 0 8 208 8 211 8 0 189 0 197 0 0 211 0 208 0 
0 34 0 100 0 0 44 0 107 0 0 40 0 105 0 50 106 54 164 53 0 47 0 95 0 
0 0 0 0 68 74 64 71 55 123 78 66 67 75 116 0 0 0 0 68 0 0 0 0 72 
108 284 317 63 227 67 221 269 16 181 133 292 357 75 269 147 343 372 132 308 250 379 413 180 308 
0 43 33 0 79 19 58 45 13 88 28 78 87 38 78 0 58 26 0 64 0 60 27 0 67 
100 85 99 111 110 13 0 0 32 0 12 0 0 35 0 16 0 0 41 0 81 59 54 97 75 
28 0 0 53 64 67 41 38 81 113 18 0 0 54 60 34 10 14 51 55 26 24 26 66 70 
0 0 0 22 76 47 55 43 75 133 0 0 0 26 70 0 0 0 26 88 53 62 49 63 110 
68 0 65 0 0 62 0 75 0 0 113 53 107 48 50 99 16 78 13 12 66 0 73 0 0 
0 18 81 0 96 0 12 69 0 107 0 16 75 0 107 0 14 94 0 136 0 12 70 0 103 
22 67 147 79 19 66 89 152 114 57 0 49 117 40 0 48 82 150 102 39 0 30 107 67 0 
0 58 0 0 0 0 66 0 0 0 104 207 98 124 111 0 82 0 0 0 14 75 17 22 24 
0 0 0 71 0 61 64 51 123 81 0 0 0 70 0 0 0 0 80 0 71 63 57 147 61 
49 0 92 48 0 57 0 109 53 0 59 0 93 50 0 46 0 102 54 0 44 0 98 46 0 
77 46 0 29 0 103 73 16 47 24 92 86 0 25 0 110 52 0 41 0 87 58 0 33 0 
0 0 0 0 23 177 158 177 182 191 0 0 0 0 30 0 0 0 0 29 0 0 0 0 32 
88 46 56 106 77 56 36 49 96 68 20 0 0 50 10 24 0 0 46 10 31 10 7 53 24 
32 56 8 6 12 18 51 0 0 0 21 79 0 0 0 131 172 128 121 118 28 74 0 0 0 
0 0 0 21 0 186 169 197 198 164 0 0 0 23 0 0 0 0 22 0 0 0 0 19 0 
71 79 133 138 89 0 0 52 63 0 0 0 74 60 0 0 0 67 53 0 0 0 59 62 0 
62 56 59 48 68 40 0 0 0 11 76 62 48 48 72 30 0 0 0 22 92 49 45 49 60 
0 0 23 0 69 4 6 35 11 89 0 0 31 0 70 9 6 43 7 95 77 74 113 64 150 
585 587 605 640 587 0 0 0 0 0 0 0 0 0 0 0 0 0 0 0 0 0 0 0 0 
55 105 137 64 70 28 79 95 26 26 0 32 70 0 0 0 37 71 0 0 0 39 66 0 0 
0 0 110 0 0 0 0 90 0 0 76 114 207 112 101 0 0 85 0 0 0 0 104 0 0 
99 107 35 53 121 37 36 0 0 80 41 52 0 0 62 41 41 0 0 68 54 41 0 0 74 
0 56 0 25 39 61 122 59 85 99 0 61 0 27 41 0 61 0 39 41 29 69 23 57 67 
9 7 99 5 12 0 0 87 0 0 0 0 83 0 0 36 39 120 27 29 75 78 149 59 85 
0 0 0 51 77 89 82 64 119 168 0 0 0 50 76 0 0 0 36 85 0 0 0 47 75 
94 164 78 73 83 21 104 0 0 0 30 114 7 8 7 21 74 0 0 0 24 79 2 0 0 
76 38 107 53 110 20 0 46 12 63 21 0 49 9 81 22 0 59 11 63 13 0 45 16 72 
31 7 33 7 8 23 0 38 0 0 28 32 61 22 35 52 32 66 18 32 94 61 97 92 81 
67 34 118 48 53 32 0 81 0 4 29 0 77 0 7 26 0 70 0 8 83 45 122 48 47 
59 16 16 0 0 72 15 8 0 0 103 35 47 39 51 88 36 31 19 15 112 67 69 57 45 
0 49 0 8 5 37 79 42 63 56 42 85 41 40 35 28 80 39 64 38 1 43 3 16 7 
89 79 101 51 59 35 30 31 0 5 58 69 61 27 44 46 27 39 0 13 34 31 38 0 9 
0 58 70 0 0 14 79 67 19 17 20 102 81 20 19 32 103 67 39 40 0 60 59 0 0 
0 45 27 0 22 47 78 67 27 78 11 67 43 8 59 0 46 30 0 21 39 78 75 48 70 
56 100 56 52 48 37 110 36 40 31 19 83 19 21 30 27 63 27 30 31 0 64 0 0 0 
30 0 91 0 43 63 42 123 37 75 24 0 85 0 26 37 10 99 5 35 31 0 98 0 26 
0 2029 0 0 0 0 2081 0 0 0 0 1954 0 0 0 0 2052 0 0 0 0 1962 0 0 0 
24 150 141 18 31 77 224 215 80 77 7 153 141 5 3 75 245 163 98 78 6 151 97 0 3 
47 74 65 0 0 38 92 87 0 0 62 87 87 0 0 46 98 74 0 0 46 88 87 0 0 
0 91 1 119 0 70 145 82 212 87 79 154 68 208 69 0 92 0 124 0 2 105 0 113 0 
99 145 28 201 107 88 203 58 230 142 74 123 17 215 101 276 356 246 398 247 183 254 179 324 224 
0 0 0 0 0 1240 1197 1201 1154 1230 0 0 0 0 0 0 0 0 0 0 0 0 0 0 0 
0 0 80 125 0 0 0 75 106 0 0 0 81 127 0 0 0 81 125 0 0 0 72 128 0 
143 43 57 89 40 144 61 62 118 67 84 0 0 37 0 78 0 0 34 0 87 0 0 43 0 
0 122 0 0 83 0 144 0 0 71 0 155 0 0 87 0 129 0 0 65 0 144 0 0 103 
198 300 159 258 125 129 296 124 188 61 300 457 281 354 201 259 391 252 300 168 204 436 282 264 209 
67 51 0 3 1 132 123 60 62 58 68 66 0 0 0 78 73 19 15 16 56 48 0 0 0 
13 13 124 108 42 3 0 93 73 30 57 59 134 142 73 6 0 54 76 33 44 63 140 144 89 
136 122 114 151 248 3 24 4 14 159 14 13 9 16 149 202 203 164 169 336 203 235 229 199 390 
113 36 73 18 27 167 28 96 49 43 191 81 134 78 71 213 106 198 132 134 170 46 72 41 32 
0 60 0 0 0 0 49 0 0 0 0 64 0 0 0 6 63 4 6 3 152 194 152 134 153 
47 24 41 11 44 41 14 29 0 39 40 13 38 0 31 70 14 29 0 40 113 106 88 77 117 
162 414 377 386 192 56 167 242 208 24 145 296 370 359 131 65 241 237 194 66 29 202 201 212 21 
220 81 0 110 0 215 80 0 111 0 215 60 0 115 0 204 81 10 126 10 236 83 17 142 14 
66 17 1 47 49 168 123 97 131 140 65 12 0 45 46 60 6 0 30 46 66 14 0 39 41 
55 0 0 0 0 62 0 0 0 0 64 0 0 0 0 202 132 145 146 141 52 0 0 0 0 
68 181 198 97 42 81 165 178 99 46 67 164 173 66 56 35 123 144 42 5 70 186 195 83 42 
0 0 186 0 34 0 0 215 0 29 0 0 189 0 24 0 0 173 0 21 0 0 173 0 26 
66 5 8 45 20 87 59 44 96 62 88 59 60 73 67 55 26 19 62 26 56 0 0 26 11 
91 100 102 69 161 0 0 5 0 38 50 64 62 51 93 0 0 15 0 43 0 0 10 0 52 
35 72 0 89 0 133 163 81 142 64 103 95 48 141 56 50 56 0 75 0 32 55 0 79 0 
90 93 110 95 145 88 76 63 70 111 0 20 0 0 43 0 18 0 0 29 50 69 55 47 91 
0 63 0 0 1 28 112 31 31 27 32 121 32 30 29 24 108 22 24 30 36 108 39 32 43 
33 11 41 34 0 103 70 112 112 63 43 21 47 37 0 47 9 44 35 0 41 20 37 39 0 
6 34 2 84 159 94 128 104 196 261 17 70 2 99 236 0 41 6 85 178 85 102 77 160 231 
15 31 98 20 237 4 14 80 13 174 114 110 180 120 280 142 152 234 171 332 1 8 80 5 185 
152 0 0 54 0 158 0 0 55 0 141 0 0 41 0 173 0 0 46 0 150 0 0 41 0 
0 0 0 0 819 0 0 0 0 775 0 0 0 0 826 0 0 0 0 818 0 0 0 0 762 
142 101 6 171 62 144 128 5 210 96 183 176 52 241 114 128 126 5 166 89 160 181 25 236 80 
111 0 0 0 0 215 83 74 74 63 132 0 0 0 0 127 0 0 0 0 122 0 0 0 0 
70 32 69 49 44 100 67 119 73 75 25 18 44 22 13 71 54 123 91 64 12 0 36 2 0 
0 22 0 143 0 32 55 46 186 32 0 19 0 131 0 0 16 0 134 0 0 19 0 160 0 
0 0 42 49 0 63 43 87 82 52 0 0 34 32 0 50 43 86 71 39 36 27 71 61 25 
120 72 122 131 166 48 0 65 48 47 21 2 77 81 79 93 57 120 134 131 11 0 60 81 62 
43 48 58 131 110 29 24 32 85 78 0 0 0 80 57 0 0 0 47 53 8 10 8 76 56 
168 139 109 96 37 240 165 167 162 119 131 106 74 65 30 275 212 215 151 132 205 184 159 109 93 
132 0 0 0 0 113 0 0 0 0 196 72 95 96 95 103 0 0 0 0 119 0 0 0 0 
0 8 57 0 0 72 81 153 73 80 0 9 62 0 0 47 69 146 45 52 0 5 54 0 0 
63 27 30 71 74 42 0 0 30 59 58 0 0 28 39 60 0 0 36 41 93 47 47 82 87 
111 0 109 0 0 101 0 84 0 0 89 0 98 0 0 69 0 100 0 0 108 9 87 9 10 
0 0 0 0 0 70 46 69 56 67 0 0 0 0 0 139 117 135 138 134 0 0 0 0 0 
357 120 400 168 236 402 187 473 235 280 392 196 448 272 330 225 32 247 90 148 267 69 334 120 148 
214 290 130 169 150 282 365 164 280 185 182 277 111 180 106 61 171 5 78 0 105 192 66 103 35 
0 0 0 0 52 0 0 0 0 56 0 0 0 0 65 0 0 0 0 56 129 155 140 149 181 
0 0 0 16 0 0 0 0 21 0 0 0 0 19 0 1 0 0 18 0 167 174 201 204 194 
0 0 33 0 58 35 46 78 44 113 55 73 89 53 121 0 0 33 0 61 0 0 49 0 58 
0 0 16 0 187 0 0 16 0 178 0 0 28 0 166 0 0 25 0 179 0 0 23 0 182 
0 0 0 50 0 0 0 0 60 0 56 60 47 146 46 0 0 0 59 0 90 80 85 161 89 
87 0 0 94 0 109 0 0 110 0 99 0 0 89 0 92 0 0 113 0 97 0 0 109 0 
14 61 103 95 13 113 233 213 220 136 192 257 276 266 176 35 114 142 158 54 104 155 148 179 77 
65 162 71 86 73 0 90 0 25 0 19 131 28 38 27 0 106 0 18 0 0 77 0 21 0 
97 120 109 102 198 0 0 0 0 71 0 0 0 0 67 19 22 25 20 98 0 0 0 0 72 
91 179 80 76 74 0 87 0 0 0 14 120 7 11 7 0 100 3 0 0 117 242 90 104 106 
136 126 76 78 78 75 45 0 0 0 84 47 4 4 7 63 47 0 0 0 71 56 0 0 0 
0 102 0 0 0 32 149 44 47 57 0 110 0 0 0 63 171 70 75 61 0 109 0 0 0 
92 0 0 0 0 117 0 0 0 0 122 0 0 0 0 102 0 0 0 0 206 88 85 89 99 
0 0 0 0 0 0 0 0 0 0 0 0 0 0 0 0 0 0 0 0 425 390 433 410 383 
59 50 71 44 44 40 9 69 19 11 15 0 36 0 0 51 37 74 33 27 74 37 75 51 42 
0 0 37 0 0 73 79 92 75 87 0 0 31 0 0 76 75 85 59 79 19 25 59 22 26 
8 15 16 17 52 0 0 0 0 36 80 79 71 69 99 0 0 0 0 33 68 98 78 76 105 
0 0 0 127 0 0 0 0 111 0 0 0 0 135 0 0 0 0 139 0 72 71 76 190 79 
0 67 0 33 68 2 63 0 37 74 0 55 0 34 88 0 58 0 31 70 16 77 24 55 112 
72 0 0 0 48 64 0 0 0 45 81 0 0 0 52 62 0 0 0 45 163 82 75 86 143 
0 112 0 0 0 0 108 0 0 0 0 106 0 0 0 0 96 0 0 0 97 185 99 105 92 
26 57 40 60 46 44 64 51 34 55 50 54 43 41 47 0 7 0 4 0 87 104 85 86 70 
0 0 117 55 0 43 45 154 106 50 0 0 102 39 0 0 0 89 38 0 0 0 123 35 0 
33 74 41 19 64 13 70 24 11 46 8 53 7 3 45 48 81 59 51 99 0 38 12 0 47 
59 0 0 0 0 126 62 61 76 69 99 19 18 20 15 131 47 46 52 41 58 0 0 0 0 
195 0 0 0 0 197 13 18 17 20 178 0 0 0 0 196 0 0 0 0 166 0 0 0 0 
83 35 33 111 37 39 0 0 91 0 48 0 0 85 0 83 35 30 120 32 55 0 0 83 0 
0 14 0 40 0 54 59 53 91 48 40 45 43 77 40 0 15 0 40 0 50 65 55 111 59 
0 0 63 43 0 0 0 55 43 0 101 99 149 132 97 0 0 62 47 0 0 0 67 42 0 
40 0 23 0 4 38 0 0 0 0 77 0 17 20 12 83 53 76 48 43 38 6 17 0 2 
73 11 71 163 130 32 13 61 158 123 85 35 67 172 147 36 2 52 137 105 173 118 157 257 269 
3 6 48 95 7 0 0 45 71 0 46 28 99 113 45 27 38 66 107 34 0 0 45 75 0 
45 4 41 37 8 39 5 34 36 18 110 63 98 93 72 60 17 40 48 16 48 0 43 40 2 
0 0 0 36 0 78 69 50 108 62 0 0 0 27 0 48 49 67 95 52 44 52 44 100 40 
12 32 17 12 73 12 33 26 8 120 10 19 14 8 55 62 85 74 52 150 30 45 41 31 101 
73 24 146 102 41 56 23 123 110 32 60 2 139 72 21 165 102 214 164 125 72 40 180 99 64 
23 90 147 53 139 105 183 249 110 206 28 98 182 52 155 0 41 143 20 115 66 130 201 102 206 
19 21 22 57 48 40 37 33 73 72 0 0 0 32 29 0 0 0 22 17 77 88 89 125 96 
18 30 0 83 0 29 47 0 103 0 76 72 39 127 52 25 36 0 103 0 40 33 0 81 0 
0 0 51 0 0 152 134 196 136 160 0 0 57 0 0 0 0 68 0 0 0 0 64 0 0 
65 96 67 84 55 11 37 0 19 0 88 120 82 120 73 21 60 10 42 18 77 88 80 100 49 
12 7 0 0 66 14 0 0 0 52 60 55 50 39 110 19 20 15 14 64 86 108 89 81 120 
59 11 11 7 19 86 60 62 65 66 94 73 78 89 83 39 0 5 0 12 34 11 14 7 21 
18 90 65 14 29 0 78 62 5 6 0 65 39 0 18 0 68 47 5 12 43 115 93 38 75 
124 160 84 85 85 60 57 37 17 18 36 49 15 0 0 34 41 13 0 0 28 39 13 0 0 
69 22 41 37 65 52 0 28 12 22 80 11 48 28 35 106 59 79 42 76 56 0 16 13 26 
0 68 55 0 67 0 69 63 0 72 0 79 53 0 55 0 64 64 0 68 0 84 67 0 66 
22 0 29 77 0 25 0 14 43 0 74 46 65 80 27 87 52 76 107 62 33 0 25 48 0 
95 0 0 82 0 83 0 0 84 0 99 0 0 85 0 100 0 0 71 0 121 15 23 111 29 
67 128 76 75 79 0 63 0 0 0 39 103 44 39 37 0 55 0 0 0 30 77 27 30 30 
67 94 13 22 24 55 48 2 0 2 58 77 14 5 19 68 77 39 38 49 87 77 48 31 44 
42 27 88 84 24 0 0 62 85 0 41 36 102 99 32 0 0 70 77 0 0 0 64 64 0 
38 76 44 69 30 0 58 12 41 16 0 50 9 43 19 0 43 13 30 13 39 105 66 95 80 
0 0 56 27 11 0 0 44 35 3 0 0 44 40 5 43 53 121 94 60 54 50 100 92 63 
29 38 26 22 31 0 0 0 0 0 71 59 57 62 55 0 0 0 0 0 120 107 99 114 110 
39 29 33 31 37 0 0 14 0 0 0 0 18 0 0 46 40 74 50 45 108 86 121 119 107 
40 45 110 55 59 6 10 63 19 22 62 54 132 62 57 0 0 53 6 8 7 7 62 30 18 
0 0 180 32 0 0 0 141 23 0 19 20 156 37 18 0 0 166 23 0 0 0 162 23 0 
49 52 96 76 55 0 0 37 0 0 0 0 45 0 0 0 0 44 0 0 129 133 160 132 124 
45 77 0 0 0 71 103 39 30 29 71 118 17 15 7 82 127 41 41 42 38 67 0 0 0 
58 0 79 84 90 121 62 167 165 164 136 81 167 188 202 141 58 107 118 166 71 8 82 130 108 
78 98 64 46 50 12 37 3 0 0 67 117 59 45 49 34 62 26 15 14 22 50 0 0 0 
0 115 107 158 0 0 127 118 160 0 0 108 120 165 0 0 117 114 152 0 0 126 117 164 0 
0 0 0 146 36 0 0 0 168 30 29 30 18 163 54 0 0 0 151 34 0 0 0 148 41 
12 0 0 131 0 9 0 0 96 0 91 65 87 190 84 11 0 0 100 0 19 1 0 106 0 
62 76 51 51 75 13 57 11 3 31 48 82 44 38 64 5 34 0 0 34 10 64 9 9 36 
127 143 37 68 102 154 231 90 75 191 127 155 62 72 105 83 80 3 25 67 216 255 126 144 197 
0 0 0 979 0 0 0 0 977 0 0 0 0 992 0 4 5 5 1048 5 0 0 0 1008 0 
0 0 1419 0 0 0 0 1432 0 0 0 0 1320 0 0 0 0 1435 0 0 0 0 1408 0 0 
89 16 80 0 0 100 11 89 0 0 109 9 86 0 0 108 8 86 0 0 101 14 95 0 0 
0 0 0 0 0 0 0 0 9 0 0 0 0 0 0 0 0 0 0 0 0 0 0 0 0 
0 0 0 197 0 7 8 5 196 3 0 0 0 194 0 0 0 0 208 0 0 0 0 182 0 
