1037 892 864 847 986 1367 1244 1327 1244 1231 894 780 814 772 974 1192 982 1098 1120 1139 719 524 633 574 799 
175 123 165 147 149 0 0 0 0 0 116 81 112 91 91 0 0 0 0 0 0 0 0 0 0 
106 45 36 139 175 65 0 0 125 123 190 63 66 223 241 44 0 0 89 125 57 0 0 101 92 
89 37 28 50 51 37 0 0 1 5 89 28 33 28 31 61 25 42 50 40 101 70 61 78 78 
0 0 2 176 13 172 135 142 354 196 1 2 2 188 18 150 134 144 307 142 0 0 0 154 9 
183 45 121 141 45 138 13 87 120 0 138 31 100 129 31 130 0 69 112 0 321 198 273 319 192 
94 7 21 0 85 74 4 12 0 99 170 85 102 87 169 152 64 94 58 151 195 102 109 98 230 
0 0 0 0 0 0 0 0 0 0 1045 1061 1001 1020 1070 0 0 0 0 0 0 0 0 0 0 
0 0 0 254 0 0 0 2 237 0 107 113 100 357 121 102 101 91 369 118 0 0 0 237 0 
13 8 13 164 5 0 0 0 168 0 35 41 33 166 27 0 0 0 143 0 2 5 3 166 0 
209 200 241 333 169 46 3 112 146 3 68 49 135 204 61 34 5 129 112 34 41 2 93 87 0 
0 0 0 0 0 0 0 0 0 0 0 0 0 0 0 59 63 70 65 86 171 153 160 182 160 
79 103 69 73 200 0 11 0 0 119 0 5 0 0 119 0 5 0 0 121 102 95 114 77 199 
142 150 153 156 159 0 0 0 0 0 0 0 0 0 0 0 0 0 0 0 88 78 68 69 83 
0 0 0 0 0 0 0 0 0 0 0 0 0 0 0 422 425 413 402 410 188 176 179 185 201 
0 197 0 0 82 0 170 0 0 97 109 305 134 117 185 0 185 0 0 94 0 214 0 0 75 
799 0 0 0 0 795 0 0 0 0 792 0 0 0 0 818 0 0 0 0 828 0 0 0 0 
15 13 190 150 176 45 5 170 131 176 99 108 260 249 230 193 186 358 336 334 111 97 272 219 265 
99 193 93 207 98 82 106 90 148 95 0 53 0 60 0 59 127 68 114 61 0 49 0 48 0 
34 12 15 8 17 134 108 132 96 126 29 0 0 0 16 24 0 0 0 18 124 111 101 110 141 
0 0 150 0 0 0 0 147 0 0 0 0 167 0 0 199 166 323 158 168 0 0 162 0 0 
0 80 53 55 0 0 88 55 60 0 45 115 111 117 37 0 86 65 63 0 0 81 75 62 0 
0 0 0 5 160 145 103 145 153 257 150 129 122 119 231 0 2 0 0 124 90 94 109 106 222 
0 0 0 0 0 0 0 0 0 0 0 0 0 0 0 974 1032 1042 1009 940 0 0 0 0 0 
0 18 53 151 0 0 17 68 127 0 0 21 50 159 0 0 20 57 171 0 0 20 62 167 0 
69 58 0 0 0 91 78 18 17 18 161 97 39 39 32 96 65 0 0 0 107 103 27 25 40 
105 171 123 261 232 0 39 17 137 89 0 39 19 113 99 0 41 6 117 75 7 60 3 129 96 
83 86 95 77 2 82 95 119 77 0 233 254 270 240 169 87 102 103 61 0 229 181 246 201 114 
62 14 15 91 12 75 0 0 111 0 198 144 129 215 122 62 0 0 97 0 107 36 36 171 39 
150 134 60 55 45 169 128 59 65 38 69 67 13 0 0 105 100 22 18 19 110 62 10 0 0 
0 0 140 58 0 0 0 152 53 0 0 0 184 53 0 0 0 161 45 0 0 0 137 42 0 
154 197 201 148 117 0 71 88 0 0 0 52 92 0 0 64 106 149 60 46 0 50 107 2 0 
65 59 76 71 64 105 125 110 119 106 25 44 51 36 43 0 0 0 0 0 0 1 0 0 0 
0 0 0 165 0 0 0 0 174 0 230 234 220 409 242 0 0 0 171 0 0 0 0 155 0 
0 0 0 0 0 137 126 162 125 132 0 0 0 0 0 0 0 0 0 0 69 52 62 60 75 
93 1 0 66 38 119 33 44 100 94 181 72 79 142 134 71 0 0 70 31 171 60 79 140 113 
0 76 0 0 0 0 72 0 0 0 0 57 0 0 0 101 137 74 111 74 48 117 40 46 46 
0 0 95 0 0 85 85 176 105 104 0 0 92 0 0 7 9 97 4 8 14 13 82 9 15 
225 205 167 234 98 110 94 60 102 0 76 95 54 90 0 251 227 143 248 105 116 133 69 136 0 
0 0 0 0 0 31 36 32 19 22 0 0 0 0 0 61 67 73 65 91 101 94 95 96 131 
0 228 0 206 0 0 183 0 202 0 8 206 7 210 7 0 190 0 200 0 0 208 0 217 0 
0 36 0 104 0 0 44 0 118 0 0 40 0 110 0 53 113 56 183 60 0 50 0 98 0 
0 0 0 0 76 79 78 85 63 142 90 75 76 84 130 0 0 0 0 72 0 0 0 0 83 
68 271 286 18 232 44 188 233 1 147 105 301 345 36 251 146 303 322 111 295 214 368 332 141 281 
0 47 36 0 83 20 61 46 16 92 28 82 87 38 83 0 59 26 0 69 0 65 29 0 73 
103 85 99 109 109 13 0 0 32 0 12 0 0 37 0 16 0 0 39 0 84 59 56 98 76 
43 0 0 65 84 87 51 55 109 135 20 0 1 70 75 44 13 14 75 63 34 31 44 83 92 
71 0 65 0 0 64 0 78 0 0 116 54 113 49 51 100 17 78 13 12 70 0 74 0 0 
0 18 81 0 96 0 12 69 0 107 0 16 74 0 106 0 14 91 0 133 0 13 69 0 101 
18 50 143 79 25 59 81 170 100 54 0 49 131 34 0 56 86 157 104 39 0 28 120 66 0 
0 58 0 0 0 0 66 0 0 0 104 204 97 124 111 0 82 0 0 0 14 75 17 22 24 
0 0 0 73 0 60 64 52 128 83 0 0 0 73 0 0 0 0 83 0 75 65 58 152 64 
49 0 92 48 0 57 0 109 52 0 59 0 93 50 0 46 0 101 54 0 44 0 98 45 0 
77 45 0 29 0 103 73 15 46 24 91 86 0 25 0 110 53 0 39 0 87 58 0 33 0 
0 0 0 0 24 178 164 182 184 194 0 0 0 0 32 0 0 0 0 29 0 0 0 0 34 
87 46 55 108 77 58 35 49 95 68 24 0 0 51 10 28 0 0 48 11 37 12 8 56 26 
34 62 8 7 10 18 54 0 0 0 22 77 0 0 0 133 175 138 126 125 28 76 0 0 0 
0 0 0 20 0 186 170 197 198 164 0 0 0 23 0 0 0 0 22 0 0 0 0 19 0 
71 78 133 138 89 0 0 52 63 0 0 0 74 60 0 0 0 67 53 0 0 0 59 62 0 
63 57 59 48 67 41 0 0 0 10 74 57 46 45 66 30 0 0 0 21 91 47 42 47 54 
0 0 25 0 69 8 5 36 11 88 0 0 33 0 70 10 7 43 8 94 81 75 114 64 152 
585 586 606 638 586 0 0 0 0 0 0 0 0 0 0 0 0 0 0 0 0 0 0 0 0 
55 105 137 64 70 26 76 95 25 25 0 32 70 0 0 0 37 71 0 0 0 39 66 0 0 
0 0 110 0 0 0 0 91 0 0 76 114 207 112 101 0 0 85 0 0 0 0 103 0 0 
90 105 34 50 118 33 38 0 0 75 37 52 0 0 60 39 41 0 0 65 51 39 0 0 70 
0 46 0 7 0 38 94 42 51 54 0 56 0 14 9 0 54 0 27 7 10 41 4 28 25 
9 7 99 5 12 0 0 86 0 0 0 0 83 0 0 36 37 120 25 29 75 77 149 58 84 
0 0 0 51 75 88 81 63 117 163 0 0 0 49 73 0 0 0 36 84 0 0 0 47 73 
91 165 78 73 83 18 104 0 0 0 27 115 7 8 9 20 75 0 0 0 24 80 0 2 0 
78 38 106 55 108 21 0 45 14 66 23 0 47 12 82 21 0 58 13 65 15 0 44 15 71 
32 8 28 0 6 23 0 35 0 0 24 25 53 20 27 48 26 50 0 14 94 65 92 81 78 
67 34 118 48 54 32 0 81 0 4 29 0 77 0 7 26 0 70 0 8 83 44 122 48 47 
59 16 16 0 0 72 15 8 0 0 102 35 46 38 51 88 36 31 18 15 112 67 69 57 45 
2 44 0 8 1 38 70 38 55 46 26 84 32 32 26 28 71 43 67 35 0 40 0 21 4 
78 74 96 48 58 29 21 26 0 9 48 65 56 24 41 41 24 36 0 7 25 27 35 0 2 
0 62 70 0 0 16 81 71 20 20 21 104 82 21 21 32 109 67 40 42 0 61 59 0 0 
57 102 56 51 48 36 107 35 41 31 17 83 18 17 28 28 62 26 30 31 0 66 0 0 0 
21 0 86 0 37 57 43 116 39 76 24 0 79 0 14 27 4 86 0 20 28 0 92 0 19 
0 2049 0 0 0 0 2104 0 0 0 0 1977 0 0 0 0 2064 0 0 0 0 1984 0 0 0 
20 146 133 21 7 78 210 180 81 65 0 134 103 7 0 29 226 153 77 39 6 146 91 0 0 
58 93 73 0 0 42 107 107 0 0 74 102 97 0 0 59 102 90 0 0 57 99 92 0 0 
0 112 0 139 0 101 195 94 249 108 119 203 94 267 87 0 98 0 151 0 0 116 0 137 0 
87 129 8 163 85 97 196 1 255 145 80 106 9 198 100 270 331 187 354 309 156 271 134 268 225 
0 0 0 0 0 1253 1211 1205 1171 1247 0 0 0 0 0 0 0 0 0 0 0 0 0 0 0 
0 0 80 125 0 0 0 75 106 0 0 0 81 127 0 0 0 81 125 0 0 0 72 128 0 
125 43 47 80 37 133 47 48 96 57 81 0 0 34 0 70 0 0 32 0 76 0 0 40 0 
0 140 0 0 97 0 170 0 0 82 0 186 0 0 103 0 145 0 0 80 0 158 0 0 117 
242 337 186 298 140 104 309 100 161 45 336 442 314 399 173 325 429 302 297 203 284 480 315 268 209 
27 8 155 141 63 0 0 118 71 28 56 77 158 170 88 0 3 73 85 31 59 71 181 178 115 
145 126 134 163 287 19 23 5 5 181 6 13 10 7 161 215 224 190 197 376 248 269 252 241 400 
0 66 0 0 0 0 55 0 0 0 0 64 0 0 0 8 68 5 9 4 169 209 172 151 173 
47 22 34 12 42 41 14 29 0 38 41 14 35 0 30 69 13 29 0 40 112 100 92 76 113 
49 111 172 220 28 39 86 147 177 31 92 167 210 274 93 11 134 153 178 24 52 125 135 226 13 
200 70 0 102 0 209 67 0 107 0 205 60 0 104 0 200 69 0 114 0 203 65 0 113 0 
63 12 1 47 47 151 127 113 150 140 63 15 0 45 57 53 5 0 31 52 66 16 1 37 52 
55 0 0 0 0 62 0 0 0 0 64 0 0 0 0 202 133 145 146 141 52 0 0 0 0 
73 187 212 105 37 83 184 180 105 33 92 201 183 92 73 41 143 159 68 0 66 208 212 99 25 
107 12 9 73 27 120 87 58 107 85 125 86 81 92 114 90 45 24 87 49 77 0 0 30 15 
91 100 101 70 156 0 0 3 0 38 50 64 62 51 91 0 0 11 0 43 0 0 9 0 52 
31 57 0 70 0 107 137 74 131 51 70 80 32 106 46 45 51 0 64 0 33 48 0 62 0 
100 93 95 101 161 99 94 77 74 123 0 25 0 0 50 0 24 0 0 26 63 70 65 57 103 
0 68 0 0 1 27 121 34 37 27 34 132 32 30 33 24 108 25 24 33 40 116 40 34 47 
31 11 40 33 0 101 70 112 110 63 43 20 46 33 0 47 9 44 34 0 40 20 35 38 0 
0 15 0 104 242 154 158 142 252 387 3 29 0 99 283 0 15 0 110 281 126 162 133 204 332 
10 27 96 4 229 3 0 79 8 187 106 100 179 110 264 136 148 233 165 330 2 4 77 0 189 
151 0 0 54 0 159 0 0 54 0 144 0 0 41 0 169 0 0 46 0 149 0 0 41 0 
0 0 0 0 828 0 0 0 0 797 0 0 0 0 840 0 0 0 0 837 0 0 0 0 772 
158 105 0 173 54 147 110 5 173 93 211 180 51 227 113 114 110 0 162 74 112 142 0 199 52 
115 0 0 0 0 219 83 75 75 63 133 0 0 0 0 129 0 0 0 0 123 0 0 0 0 
57 21 61 43 34 91 67 113 70 72 25 18 48 18 11 66 58 118 84 63 11 0 34 1 0 
0 22 0 143 0 32 53 46 186 32 0 19 0 132 0 0 16 0 136 0 0 20 0 160 0 
0 0 43 49 0 63 45 87 83 54 0 0 34 32 0 50 43 86 73 41 36 27 70 62 24 
142 100 135 181 198 57 0 62 62 52 34 0 75 97 72 114 66 120 138 146 19 0 58 79 67 
57 58 66 158 114 33 23 31 97 79 0 0 0 86 69 0 0 0 50 59 9 8 9 87 61 
138 123 86 96 11 221 196 150 154 122 113 92 56 68 7 234 174 170 148 107 195 175 151 115 77 
129 0 0 0 0 110 0 0 0 0 185 71 90 92 91 104 0 0 0 0 118 0 0 0 0 
0 7 58 0 0 72 81 154 74 81 0 9 60 0 0 49 68 146 43 55 0 5 52 0 0 
214 3 200 0 0 222 0 180 0 0 200 1 184 5 0 179 2 196 0 0 210 16 182 10 12 
0 0 0 0 0 73 52 66 61 70 0 0 0 0 0 141 117 138 145 136 0 0 0 0 0 
333 136 390 150 247 377 203 460 221 299 375 198 463 274 306 199 14 231 75 118 194 70 308 52 146 
75 172 75 91 73 0 103 0 33 0 19 154 28 39 28 0 118 0 20 0 0 92 0 27 0 
0 0 0 16 0 0 0 0 19 0 0 0 0 17 0 0 0 0 18 0 165 175 198 200 195 
0 0 33 0 58 35 46 78 44 113 55 74 89 53 121 0 0 33 0 61 0 0 49 0 58 
0 0 16 0 187 0 0 16 0 178 0 0 28 0 166 0 0 25 0 179 0 0 23 0 182 
0 0 0 50 0 0 0 0 59 0 54 59 45 140 45 0 0 0 58 0 85 78 82 158 86 
87 0 0 94 0 113 0 0 112 0 100 0 0 89 0 97 0 0 114 0 99 0 0 111 0 
0 65 105 84 10 109 195 214 218 113 204 261 278 281 184 30 128 135 159 48 118 159 161 187 81 
106 125 116 113 223 0 0 0 0 74 0 0 0 0 71 23 27 29 21 108 0 0 0 0 75 
98 205 89 84 87 0 100 0 0 0 15 135 11 22 15 0 108 0 0 0 126 260 103 112 106 
136 126 76 78 78 76 45 0 0 0 85 47 4 4 8 63 47 0 0 0 71 56 0 0 0 
0 111 0 0 0 34 179 52 52 66 0 127 0 0 0 63 189 76 79 56 0 119 0 0 0 
96 0 0 0 0 120 0 0 0 0 125 0 0 0 0 103 0 0 0 0 213 89 87 89 99 
0 0 0 0 0 0 0 0 0 0 0 0 0 0 0 0 0 0 0 0 451 418 459 432 402 
0 0 37 0 0 73 79 92 75 87 0 0 31 0 0 77 75 85 59 79 19 25 59 22 26 
8 14 16 17 52 0 0 0 0 34 80 79 71 69 99 0 0 0 0 33 68 98 78 76 105 
0 0 0 127 0 0 0 0 111 0 0 0 0 135 0 0 0 0 139 0 72 71 76 190 79 
0 68 0 33 70 1 63 0 38 77 1 55 0 36 89 0 58 0 32 72 18 78 25 56 113 
71 0 0 0 42 60 0 0 0 31 78 0 0 0 44 62 0 0 0 35 162 83 72 84 132 
0 112 0 0 0 0 108 0 0 0 0 106 0 0 0 0 96 0 0 0 99 185 100 105 92 
28 63 40 57 48 50 62 46 40 49 49 39 40 37 44 0 8 0 9 0 79 100 79 86 70 
0 0 117 55 0 43 45 155 105 50 0 0 102 39 0 0 0 87 37 0 0 0 126 34 0 
15 62 28 0 33 9 67 21 2 30 3 50 0 0 30 39 71 51 46 67 0 38 12 0 34 
59 0 0 0 0 126 62 61 76 69 99 20 18 20 15 131 47 46 52 41 58 0 0 0 0 
198 0 0 0 0 199 13 17 18 20 180 0 0 0 0 197 0 0 0 0 166 0 0 0 0 
83 35 33 111 37 39 0 0 91 0 48 0 0 85 0 83 35 30 120 32 55 0 0 83 0 
0 11 0 36 0 48 54 51 82 43 34 36 39 70 34 0 12 0 34 0 50 57 55 103 59 
0 0 63 43 0 0 0 55 42 0 101 99 148 132 97 0 0 62 47 0 0 0 67 42 0 
56 6 70 146 130 13 14 53 113 122 61 18 59 171 114 24 7 43 95 103 135 103 142 230 243 
3 6 49 100 7 0 0 49 73 0 46 33 103 118 45 26 38 67 117 35 0 0 50 80 0 
76 4 58 61 9 55 9 47 54 16 165 91 141 131 105 91 26 56 62 19 79 0 70 54 0 
55 0 72 0 69 47 0 72 0 58 28 0 87 0 101 109 58 130 82 132 39 0 71 0 68 
143 92 219 131 96 95 27 177 91 30 53 0 117 29 6 180 80 236 138 106 177 82 251 128 117 
10 112 148 26 129 135 221 287 127 255 34 135 192 51 179 0 75 168 5 110 106 187 245 125 234 
19 21 22 57 48 40 38 35 75 72 0 0 0 31 29 0 0 0 22 17 75 89 89 123 99 
20 37 1 114 1 40 59 0 128 0 101 87 52 166 67 30 41 0 128 0 46 38 0 120 0 
0 0 49 0 0 147 133 190 133 159 0 0 56 0 0 0 0 67 0 0 0 0 63 0 0 
48 90 61 97 50 6 31 0 25 0 97 123 85 127 67 8 66 0 48 0 53 61 63 95 20 
10 5 0 0 58 12 2 0 0 47 53 53 41 36 103 19 19 14 11 61 78 95 75 74 108 
63 10 10 6 22 95 65 69 68 69 108 79 84 94 91 48 0 4 0 13 34 12 14 8 21 
28 139 97 19 40 0 108 82 6 5 0 84 60 0 26 0 110 63 6 20 56 146 143 51 103 
135 175 91 98 96 68 67 42 17 21 43 62 16 0 0 38 48 13 0 0 36 41 16 0 0 
0 69 55 0 67 0 71 62 0 72 0 79 53 0 55 0 66 64 0 69 0 84 67 0 66 
96 0 0 76 0 81 0 0 81 0 99 0 0 77 0 98 0 0 67 0 123 15 23 104 29 
68 131 76 77 80 0 64 0 0 0 39 105 46 40 36 0 58 0 0 0 30 77 28 30 30 
48 44 0 14 12 46 31 2 0 2 26 37 3 0 0 51 51 35 35 45 70 66 48 30 45 
42 27 87 77 24 0 0 62 81 0 40 36 102 92 32 0 0 72 72 0 0 0 64 58 0 
38 76 43 71 29 0 61 9 42 13 0 50 11 46 19 0 43 14 31 13 39 103 63 96 77 
0 0 55 26 9 0 0 45 35 2 0 0 41 39 6 43 53 122 93 61 53 49 99 93 62 
31 41 26 22 31 0 0 0 0 0 74 62 59 66 58 0 0 0 0 0 122 111 102 121 113 
38 33 37 32 40 0 0 17 0 0 0 0 19 0 0 50 47 88 55 54 122 98 139 139 110 
37 43 108 54 54 5 10 63 13 15 49 48 126 54 40 0 0 53 0 0 4 9 65 27 15 
0 0 179 32 0 0 0 141 23 0 19 20 156 37 16 0 0 166 22 0 0 0 162 23 0 
35 69 0 0 0 39 70 30 26 23 62 96 19 15 9 73 111 35 37 42 28 60 0 0 0 
66 0 64 62 89 130 68 167 159 155 135 75 161 171 199 132 47 107 108 157 85 0 71 112 118 
109 162 83 61 75 18 57 0 0 0 101 164 73 59 76 48 91 31 20 16 35 65 0 0 0 
0 116 108 161 0 0 127 119 162 0 0 108 120 166 0 0 117 115 156 0 0 123 114 163 0 
0 0 0 140 36 0 0 0 162 27 27 28 16 157 51 0 0 0 150 35 0 0 0 140 38 
17 0 0 154 0 9 0 0 110 0 99 73 97 207 97 11 0 0 118 0 21 1 0 117 0 
53 81 48 51 61 0 48 0 0 21 54 87 44 38 68 6 41 0 0 37 0 67 0 0 24 
116 107 20 59 79 147 212 66 91 187 92 113 41 60 92 62 58 0 13 48 174 190 74 116 126 
62 164 121 84 85 8 41 64 11 1 29 68 99 29 28 24 75 61 11 21 0 63 46 0 0 
2 20 10 7 78 12 31 19 0 117 0 17 12 4 54 62 86 70 46 154 31 49 38 31 101 
0 0 189 0 34 0 0 221 0 30 0 0 203 0 22 0 0 184 0 23 0 0 180 0 24 
696 535 606 377 554 434 168 264 140 233 531 328 349 231 312 387 158 146 57 177 615 382 456 396 434 
99 70 3 3 1 200 217 94 98 84 105 101 0 0 0 114 114 25 17 19 92 79 0 0 0 
153 266 108 119 127 230 342 125 216 173 107 243 74 127 55 24 169 0 39 0 77 193 58 74 23 
23 0 29 54 0 25 0 14 38 0 72 31 59 54 19 83 46 81 88 61 31 0 28 34 0 
0 0 0 34 0 76 63 49 97 55 0 0 0 20 0 44 45 61 87 46 42 44 41 98 37 
0 0 0 0 52 0 0 0 0 56 0 0 0 0 67 0 0 0 0 58 136 160 145 154 191 
0 0 0 197 0 6 8 5 196 0 0 0 0 193 0 0 0 0 208 0 0 0 0 182 0 
63 27 29 67 75 43 0 0 29 58 57 0 0 25 39 58 0 0 36 39 93 45 49 77 86 
44 56 104 77 59 0 0 34 0 0 0 0 48 0 0 0 0 47 0 0 138 140 195 160 143 
104 3 53 0 21 185 14 69 33 41 215 68 142 69 82 276 155 198 111 158 202 34 57 18 32 
0 0 1 1017 0 0 0 0 993 0 0 0 0 1019 0 0 0 2 1061 0 0 0 0 1047 0 
0 0 1427 0 0 0 0 1437 0 0 0 0 1326 0 0 0 0 1443 0 0 0 0 1416 0 0 
81 3 41 17 15 61 0 0 0 1 133 31 57 38 58 124 63 102 76 66 94 21 51 25 41 
