849 806 641 705 717 1145 1064 1017 993 1023 581 634 487 611 666 925 862 852 954 973 574 450 381 407 519 
311 233 314 284 243 0 1 0 0 0 182 149 168 145 169 0 0 0 0 0 0 1 0 0 0 
117 41 33 187 209 70 1 0 136 170 141 42 29 193 231 59 0 0 94 143 71 1 2 113 147 
161 0 127 176 183 205 26 198 215 243 316 129 274 334 325 225 41 192 240 230 172 0 125 209 163 
162 34 97 148 43 108 5 71 89 0 114 26 71 92 19 114 0 41 110 0 266 173 230 285 158 
118 0 19 0 106 115 2 22 0 125 223 111 121 87 209 199 88 109 66 178 249 135 137 123 278 
0 0 0 0 0 0 0 0 0 0 1041 1053 996 1021 1078 0 0 0 0 0 0 0 0 0 0 
0 0 0 272 0 0 0 0 251 0 113 107 105 382 119 122 111 94 385 133 0 0 0 245 1 
12 12 15 199 5 0 0 0 207 0 41 49 36 188 34 0 0 0 171 0 2 8 3 189 4 
0 0 0 0 0 0 0 0 0 0 0 0 0 0 0 64 70 85 86 91 209 202 190 213 189 
75 88 66 54 169 0 9 0 0 98 0 3 0 0 107 0 6 0 0 117 77 78 77 61 149 
150 144 153 157 159 0 0 0 0 0 0 0 0 0 0 0 0 0 0 0 84 85 67 70 84 
0 0 0 0 0 0 0 0 0 0 0 0 0 0 0 431 429 413 405 413 191 178 181 188 201 
0 197 0 0 83 0 171 0 0 100 92 300 120 98 191 0 177 0 0 98 0 217 0 0 75 
805 0 0 0 0 807 0 0 0 0 794 0 0 0 0 825 0 0 0 0 841 0 0 0 0 
10 0 175 146 176 77 75 249 218 255 138 121 300 261 306 193 194 373 332 333 103 87 267 250 321 
100 142 91 153 84 74 87 50 129 74 0 35 1 53 0 56 108 61 92 62 0 50 0 44 0 
35 8 24 8 39 150 115 146 136 159 34 0 0 0 30 24 0 0 0 29 157 152 142 124 172 
0 0 168 0 0 0 0 145 0 0 0 0 180 0 2 186 176 291 145 169 0 0 156 0 0 
0 89 48 63 0 0 105 56 60 0 49 133 125 122 45 0 88 61 56 1 0 91 70 56 0 
2 0 0 2 149 141 116 122 152 266 141 125 122 122 241 3 2 0 0 120 88 97 103 85 202 
0 0 0 0 0 0 0 0 0 0 0 0 0 0 0 1012 1066 1080 1048 983 0 0 0 0 0 
0 19 67 142 0 0 18 55 125 0 0 19 48 148 0 0 18 51 150 0 0 15 54 152 0 
83 138 73 159 181 10 49 19 78 77 16 50 27 83 103 0 49 0 64 73 0 46 0 67 78 
117 136 156 117 0 115 133 195 103 1 289 294 369 318 187 118 140 164 98 0 278 251 349 277 133 
70 14 15 105 12 77 0 0 118 0 210 158 138 227 132 66 0 1 96 0 100 38 40 172 38 
125 90 48 48 33 144 111 49 63 36 58 51 13 0 0 93 79 16 13 12 80 50 9 0 0 
0 0 220 79 0 0 0 235 74 0 0 0 287 88 0 0 0 258 59 0 0 0 200 64 0 
110 140 136 99 92 0 39 57 0 0 0 41 50 0 0 35 58 87 31 27 0 37 83 0 0 
76 61 77 73 64 106 130 124 121 107 26 43 49 39 42 0 0 0 0 0 0 0 0 0 0 
0 0 0 177 0 0 0 0 174 0 228 233 229 434 230 0 0 0 179 0 0 0 0 164 0 
0 0 0 0 0 141 129 165 126 135 0 0 0 0 0 0 0 0 0 0 71 52 64 61 78 
167 8 36 106 74 179 50 76 164 132 299 124 117 225 196 122 0 1 91 62 249 102 114 204 148 
0 76 0 0 0 0 73 0 0 0 0 59 0 0 0 105 141 74 116 75 49 124 43 48 47 
0 0 95 0 0 85 85 176 105 103 0 0 92 0 0 7 9 97 4 8 13 13 82 9 15 
280 285 213 291 135 132 144 83 122 0 80 116 69 109 0 291 294 196 289 139 153 164 98 151 6 
0 42 0 133 0 0 51 0 146 0 0 51 0 145 0 82 145 75 216 75 0 55 0 134 0 
0 0 0 0 68 74 65 71 55 123 78 67 67 75 116 0 0 0 0 68 0 0 0 0 72 
80 272 307 62 214 22 178 234 6 135 73 254 326 75 202 107 266 276 93 229 223 318 393 170 294 
0 63 44 0 107 23 78 58 15 119 34 124 97 46 126 0 87 35 0 85 0 86 34 0 111 
112 97 109 119 123 15 0 0 35 0 12 0 0 36 0 17 0 0 40 0 85 62 59 112 84 
72 0 69 0 0 63 0 81 0 0 121 57 111 54 53 104 18 86 13 12 68 0 78 0 0 
0 18 85 0 99 0 12 75 0 112 0 16 81 0 113 0 16 97 0 140 0 13 75 0 104 
8 53 139 73 16 53 87 173 104 55 0 50 121 34 0 45 68 157 99 35 0 25 110 60 0 
0 76 0 0 0 0 97 0 0 0 179 318 167 185 176 0 125 0 0 0 16 101 19 30 34 
0 0 0 71 0 61 64 52 124 81 0 0 0 70 0 0 0 0 81 0 72 63 57 147 62 
62 0 109 57 0 63 0 135 68 0 70 0 99 56 0 52 0 116 70 0 57 0 108 51 0 
77 46 0 29 0 103 73 16 47 24 92 86 0 25 0 110 52 0 41 0 87 58 0 33 0 
0 0 0 0 41 255 243 254 267 281 0 0 0 0 52 0 0 0 0 55 0 0 0 0 46 
111 57 74 139 98 79 46 55 121 85 27 0 0 59 10 41 0 0 59 12 48 14 17 65 36 
29 55 8 6 10 17 48 0 0 0 21 73 0 0 0 125 160 123 115 111 27 72 0 0 0 
0 0 0 24 0 193 177 202 205 167 0 0 0 24 0 0 0 0 22 0 0 0 0 20 0 
71 79 133 138 89 0 0 52 63 0 0 0 74 60 0 0 0 67 53 0 0 0 59 62 0 
71 61 65 46 77 51 0 0 0 11 82 66 53 54 77 33 0 0 0 21 110 51 50 58 68 
0 0 31 0 79 7 0 45 6 101 0 0 42 0 95 6 1 41 0 101 106 114 146 90 206 
58 115 148 74 78 30 82 106 30 29 0 38 78 0 0 0 40 82 0 0 0 42 75 0 0 
0 0 118 0 0 0 0 100 0 0 78 118 221 118 107 0 0 89 0 0 0 0 109 0 0 
116 124 36 57 143 38 47 0 0 92 53 63 0 0 77 50 46 0 0 84 65 50 0 0 92 
0 49 0 23 36 59 115 57 80 94 0 59 0 27 38 0 55 0 39 40 26 65 22 53 63 
8 11 112 8 14 0 0 112 0 0 0 0 104 0 0 40 52 139 31 32 92 87 186 80 101 
0 0 0 51 75 88 81 63 117 162 0 0 0 49 72 0 0 0 36 84 0 0 0 47 73 
94 165 77 73 84 22 106 0 0 0 30 115 7 8 9 22 75 0 0 0 25 80 3 3 1 
76 37 105 51 104 21 0 44 11 65 22 0 48 9 80 21 0 57 8 62 11 0 41 10 70 
63 0 7 0 1 64 0 10 0 0 88 46 71 53 73 77 19 0 0 0 141 89 98 92 66 
46 38 132 46 55 0 0 94 0 1 0 0 83 0 0 1 0 85 0 0 46 46 121 30 30 
0 62 60 0 0 0 65 50 1 0 21 104 77 21 21 32 109 54 40 42 0 62 52 0 0 
0 0 90 0 43 15 27 97 23 71 0 0 81 0 24 0 3 89 0 27 0 0 95 0 26 
0 2146 0 0 0 0 2222 0 0 0 0 2075 0 0 0 0 2135 0 0 0 0 2084 0 0 0 
24 119 102 13 14 69 188 171 91 68 7 126 105 11 0 28 179 140 82 35 6 137 91 0 0 
60 112 100 0 0 61 151 121 0 0 74 149 115 0 0 90 148 113 0 0 77 132 120 0 0 
0 97 0 138 0 97 195 92 230 100 79 188 40 197 57 0 98 0 177 2 0 113 0 142 0 
0 0 0 0 0 1299 1259 1262 1231 1287 0 0 0 0 0 0 0 0 0 0 0 0 0 0 0 
0 0 80 125 0 0 0 76 107 0 0 0 81 129 0 0 0 81 126 0 0 0 72 132 0 
137 48 45 87 41 146 48 51 100 61 80 0 0 35 0 73 0 0 38 0 83 0 0 40 0 
0 123 0 0 87 0 166 0 1 84 0 168 0 0 91 0 140 0 0 68 0 152 0 0 110 
118 201 141 157 64 115 247 101 107 23 286 383 257 274 134 186 305 220 210 101 159 343 241 184 134 
88 66 246 261 80 0 0 163 175 0 105 118 260 295 91 1 0 140 179 8 9 16 192 195 20 
128 129 114 156 276 10 18 5 0 158 9 11 12 8 170 203 215 170 195 363 225 247 244 224 388 
0 141 0 0 0 0 112 0 0 0 0 128 0 0 0 7 133 4 7 3 270 347 277 256 251 
52 25 46 11 47 43 16 34 0 44 45 13 35 0 34 67 14 40 0 46 122 105 95 90 128 
202 78 0 102 0 207 75 0 106 0 206 60 0 106 0 201 69 0 115 0 193 56 0 116 0 
0 0 1446 0 0 0 0 1468 0 0 0 0 1352 0 0 0 0 1471 0 0 0 0 1426 0 0 
83 7 10 56 24 108 59 54 94 87 105 63 62 90 77 68 27 18 66 31 60 0 0 23 12 
110 122 120 81 185 0 0 3 0 43 57 75 68 59 109 0 0 18 0 50 0 0 15 0 60 
46 88 0 101 0 149 196 101 214 85 90 115 67 174 75 56 88 0 93 0 40 71 0 98 0 
78 92 72 80 128 78 91 63 59 115 0 24 0 0 53 0 20 0 0 28 57 71 53 50 89 
0 71 0 0 0 31 132 35 35 28 39 136 37 32 28 27 125 27 26 33 45 123 46 36 47 
33 11 41 34 0 103 71 112 112 63 43 21 47 37 0 47 9 44 35 0 41 20 37 39 0 
156 0 0 0 0 131 0 0 0 0 225 86 117 105 108 127 0 0 0 0 126 0 0 0 0 
0 0 0 0 832 0 0 0 0 788 0 0 0 0 847 0 0 0 0 830 0 0 0 0 779 
83 132 103 208 201 0 9 6 106 51 0 14 3 82 60 0 10 17 116 65 37 42 45 112 67 
130 0 0 0 0 263 99 97 89 70 155 0 0 0 0 153 0 0 0 0 152 0 0 0 0 
0 0 0 0 0 84 67 75 74 79 0 0 0 0 0 154 130 166 160 151 0 0 0 0 0 
0 22 0 143 0 31 53 46 185 30 0 18 0 130 0 0 14 0 136 0 0 20 0 159 0 
175 53 127 113 160 97 0 83 26 70 96 0 109 61 85 217 121 181 128 170 54 0 24 33 51 
51 57 62 153 119 35 32 35 96 96 0 0 0 92 63 0 0 0 53 58 8 10 12 92 67 
0 8 62 0 0 79 96 165 76 87 0 9 68 0 0 58 72 167 51 61 0 5 63 0 0 
115 0 111 0 0 101 0 83 0 0 95 0 100 4 1 68 0 101 0 0 114 10 90 10 10 
350 100 348 161 217 370 154 431 214 205 372 136 388 182 224 251 14 232 71 111 218 37 260 35 93 
65 152 69 83 66 0 86 0 27 0 17 128 28 34 27 0 104 0 17 0 0 75 0 22 0 
0 0 33 0 59 34 46 79 47 114 55 74 90 53 123 0 0 33 0 60 0 0 49 0 58 
0 0 16 0 207 0 0 17 0 196 0 0 28 0 184 0 0 30 0 203 0 0 27 0 204 
0 0 0 52 0 0 0 0 63 0 56 64 45 145 50 0 0 0 61 0 91 85 87 169 91 
109 0 0 121 0 141 0 0 130 0 128 0 0 122 0 119 0 0 138 0 131 0 0 138 0 
0 53 97 77 1 121 195 205 206 135 162 243 242 248 155 33 88 130 128 47 80 121 136 146 66 
100 123 110 105 206 0 0 0 0 72 0 0 0 0 72 22 23 29 20 97 0 0 0 0 72 
86 183 87 80 88 0 111 0 0 0 58 157 62 74 53 8 107 5 5 13 92 191 79 76 93 
136 126 76 78 78 76 45 0 0 0 85 47 4 4 8 63 47 0 0 0 71 55 0 0 0 
0 123 0 0 0 37 176 64 55 60 0 135 0 0 0 68 203 91 82 75 0 122 0 0 0 
0 0 0 0 0 0 0 0 0 0 0 0 0 0 0 0 0 0 0 0 443 406 444 422 392 
0 0 37 0 0 73 79 92 75 87 0 0 31 0 0 77 75 85 59 79 19 25 59 22 26 
8 15 16 17 52 0 0 0 0 37 85 79 73 72 101 0 0 0 0 34 73 100 81 79 105 
0 0 0 132 0 0 0 0 117 0 0 0 0 151 0 0 1 0 151 0 81 79 82 214 85 
0 67 0 32 71 3 62 0 39 77 0 54 0 34 90 1 59 0 30 71 19 77 24 55 113 
0 10 0 21 0 72 77 60 57 66 79 70 72 66 75 0 17 0 12 0 122 147 126 129 120 
0 0 117 55 0 42 45 155 106 50 0 0 102 39 0 0 0 89 38 0 0 0 126 35 0 
66 0 0 0 0 134 66 64 86 78 119 24 17 18 14 139 54 60 58 49 65 0 0 0 0 
83 35 33 111 37 39 0 0 91 0 48 0 0 85 0 83 35 30 120 32 55 0 0 83 0 
0 0 63 43 0 0 0 55 43 0 101 99 148 132 95 0 0 62 47 0 0 0 67 42 0 
3 6 52 98 7 0 0 47 72 0 52 29 108 117 51 31 41 74 112 35 0 0 49 74 0 
51 4 50 38 0 36 0 42 34 2 110 69 114 104 68 71 19 35 38 1 57 0 56 32 0 
48 0 55 0 57 38 0 60 0 53 28 0 70 0 75 93 53 110 68 106 31 0 59 0 55 
75 25 141 66 49 57 12 124 78 36 51 0 108 30 17 109 50 177 112 86 75 38 159 65 62 
13 119 183 31 150 109 227 298 126 278 34 144 218 81 199 0 64 180 0 128 73 132 212 92 226 
33 34 29 93 68 50 49 51 101 90 0 0 0 43 40 0 0 0 30 20 94 123 110 161 127 
18 31 1 83 1 29 46 0 103 0 77 71 39 127 52 25 37 0 102 0 40 33 0 80 0 
0 0 65 0 0 187 159 226 161 189 0 0 68 0 0 0 0 82 0 0 0 0 75 0 0 
64 13 10 5 19 93 69 65 66 63 107 80 99 95 89 43 0 5 0 14 36 9 14 5 25 
22 159 90 21 51 0 122 86 7 13 0 114 51 0 31 0 116 66 8 14 53 180 124 48 100 
152 212 115 102 100 64 75 45 22 24 42 70 17 0 0 49 48 17 0 0 30 54 16 0 0 
45 62 6 0 0 68 52 0 0 0 77 61 19 8 19 90 71 47 47 56 85 48 40 0 35 
34 71 34 72 27 0 59 8 42 16 0 51 10 45 19 0 41 12 30 13 31 92 59 94 68 
0 0 64 32 13 0 0 48 39 3 0 0 49 42 5 48 58 132 109 69 56 56 114 106 73 
29 37 26 22 31 0 0 0 0 0 71 59 58 62 55 0 0 0 0 0 121 108 99 115 111 
36 25 21 17 35 0 0 0 0 0 0 0 12 0 0 63 60 106 70 71 110 82 129 151 134 
32 34 103 29 46 0 0 59 0 0 59 49 131 41 45 0 0 53 0 0 0 0 56 1 0 
0 0 95 9 0 0 0 54 0 0 19 20 48 0 18 0 0 67 7 0 0 0 98 0 0 
43 70 0 0 0 66 92 38 29 28 67 108 17 13 8 79 119 37 37 41 37 66 0 0 0 
82 116 67 56 60 12 43 3 0 0 75 126 60 51 53 36 72 26 16 18 23 54 0 0 0 
0 117 111 168 0 0 129 128 177 0 0 112 128 174 1 0 125 128 162 0 0 133 124 177 3 
16 0 0 207 0 17 0 0 143 0 125 108 114 261 109 18 0 0 150 0 29 1 1 153 4 
148 175 29 108 109 217 280 73 137 177 174 211 86 130 145 109 146 18 42 79 269 347 152 225 219 
69 206 129 88 89 9 50 81 11 3 41 90 113 36 30 30 96 63 11 24 0 69 54 0 0 
8 26 22 8 72 16 31 25 9 118 6 22 16 9 65 57 84 76 54 154 31 41 44 28 95 
614 452 550 361 499 390 201 223 142 229 474 291 335 161 279 317 127 114 26 131 531 340 399 310 421 
92 61 1 3 3 183 172 85 75 69 97 91 0 0 0 108 99 34 15 20 73 74 0 0 0 
165 303 117 152 121 271 398 153 271 179 154 290 91 177 83 42 192 0 62 0 94 208 59 97 34 
0 0 0 0 52 0 0 0 0 56 0 0 0 0 65 0 0 0 0 58 134 157 139 152 186 
150 0 0 54 0 155 0 0 53 0 141 0 0 39 0 168 0 0 46 0 149 0 0 41 0 
154 153 174 274 137 41 0 73 137 0 76 46 122 191 68 40 9 108 108 30 41 0 86 89 0 
117 82 70 69 23 171 144 126 102 107 85 59 51 30 9 237 173 178 130 134 156 156 151 76 79 
84 162 61 78 73 0 59 0 0 0 6 101 4 7 5 0 78 0 0 0 91 193 77 106 79 
0 0 0 18 0 0 0 0 23 0 0 0 0 20 0 0 0 0 19 0 177 197 221 223 221 
57 7 44 104 87 20 5 42 104 88 69 24 55 137 118 24 0 40 97 97 128 86 112 207 206 
0 85 67 0 80 0 81 70 0 79 0 88 62 0 62 0 75 72 0 82 0 95 76 0 79 
44 21 54 38 31 73 51 91 56 55 23 16 37 19 11 55 44 103 70 49 6 0 28 0 0 
75 0 0 0 49 63 0 0 0 48 81 0 0 0 55 63 0 0 0 46 165 86 77 88 151 
82 114 0 103 51 56 88 3 123 67 72 88 7 169 81 153 208 91 216 150 93 143 32 146 96 
79 114 111 98 75 10 43 48 13 12 0 14 51 0 0 75 81 103 60 58 22 34 64 21 17 
0 0 0 140 32 0 0 0 158 28 27 29 16 157 51 0 0 0 149 34 0 0 0 138 38 
0 0 0 191 18 243 215 186 470 253 0 0 0 207 19 167 179 179 369 173 1 3 0 201 15 
54 173 191 186 70 25 90 146 178 27 69 135 153 179 60 65 177 213 240 92 101 164 205 276 94 
0 0 0 1264 0 0 0 0 1282 0 0 0 0 1309 0 0 0 1 1347 1 0 0 0 1301 0 
215 0 0 0 0 227 14 20 17 23 192 0 0 0 0 214 0 0 0 0 190 0 0 0 0 
92 0 0 0 0 117 0 0 0 0 122 0 0 0 0 102 0 0 0 0 206 88 85 89 99 
190 101 81 106 145 79 0 0 10 23 148 36 41 57 69 164 39 54 101 96 251 170 161 197 157 
78 72 141 101 74 0 0 63 0 0 0 0 59 0 0 0 0 52 0 0 180 174 223 165 178 
1 10 0 77 199 116 124 116 189 332 1 18 3 67 237 0 11 1 77 241 112 133 113 170 292 
12 19 78 11 249 8 7 59 10 182 125 109 164 116 297 151 155 226 181 369 1 1 58 2 199 
118 248 292 197 93 123 180 292 183 90 138 214 282 189 133 49 135 197 104 11 56 160 222 130 11 
116 0 0 20 0 112 0 0 0 0 125 0 0 0 0 124 0 0 0 0 159 19 30 59 30 
42 56 40 34 49 0 33 0 0 0 49 81 44 39 52 6 36 0 0 31 0 56 0 0 21 
615 627 643 677 629 0 0 0 0 0 0 0 0 0 0 0 0 0 0 0 0 0 0 0 0 
94 68 0 0 0 122 100 18 19 17 180 116 46 50 39 130 87 0 0 0 148 117 33 37 46 
30 0 0 61 73 83 50 45 104 128 19 0 0 68 68 40 14 20 60 63 34 31 34 87 92 
12 9 0 0 79 16 2 0 2 65 72 66 46 41 134 23 24 15 12 67 92 117 100 92 135 
55 0 0 0 0 61 0 0 0 0 64 0 0 0 0 202 132 144 146 140 52 0 0 0 0 
62 120 77 79 95 83 223 115 131 183 14 84 45 34 37 106 181 103 106 125 109 203 139 138 157 
0 0 0 0 0 32 35 30 19 21 0 0 0 0 0 61 67 69 68 92 102 96 96 102 132 
136 14 84 0 18 218 7 64 21 23 271 89 153 97 100 298 163 267 168 157 240 55 94 44 50 
24 0 45 0 0 17 0 20 0 0 42 0 53 7 0 103 79 106 70 87 29 3 38 0 0 
0 0 197 0 35 0 0 228 0 34 0 0 197 0 28 0 0 185 0 24 0 0 188 0 29 
105 62 0 128 48 107 92 2 112 66 117 110 35 156 67 90 60 0 110 54 75 62 0 134 45 
41 66 42 61 33 12 22 0 20 0 61 83 51 88 37 12 43 6 35 5 56 56 54 79 29 
0 0 43 48 0 63 44 87 83 53 0 0 34 31 0 50 43 85 69 39 36 27 70 60 24 
8 2 0 0 33 0 30 0 0 0 0 2 0 0 0 34 51 47 50 79 0 0 0 0 1 
0 239 0 213 0 0 191 0 203 0 8 212 9 207 7 0 195 0 203 0 0 211 0 214 0 
95 17 81 0 0 107 11 99 0 0 116 10 91 0 0 118 7 95 0 0 110 15 104 0 0 
