785 793 664 707 807 1039 1113 988 955 1119 648 693 525 612 778 911 873 872 925 957 558 535 417 438 608 
202 173 217 204 183 0 0 0 0 0 141 104 146 125 126 0 0 0 0 0 0 0 0 0 0 
143 41 26 163 216 59 0 0 166 132 170 82 63 279 271 82 0 0 102 136 81 0 0 140 125 
0 0 67 86 1 102 81 160 141 90 3 4 70 51 0 73 57 142 114 63 65 42 125 111 45 
158 48 104 137 45 130 9 82 92 0 129 42 87 107 31 125 5 55 118 0 255 153 230 274 155 
116 8 21 0 105 89 4 14 0 113 210 100 124 90 203 165 79 101 58 165 253 126 138 129 280 
0 0 0 0 0 0 0 0 0 0 1053 1067 1002 1034 1085 0 0 0 0 0 0 0 0 0 0 
0 0 0 281 0 0 0 1 280 0 135 129 116 420 132 135 120 114 456 147 0 0 0 273 0 
13 8 15 177 2 0 0 0 174 0 37 45 35 182 30 0 0 0 159 0 3 7 4 173 3 
0 0 0 0 0 0 0 0 0 0 0 0 0 0 0 65 75 88 69 89 193 163 161 199 163 
85 95 76 64 192 0 14 0 0 125 0 5 0 0 109 0 4 0 0 121 102 100 84 70 185 
146 148 157 164 166 0 0 0 0 0 0 0 0 0 0 0 0 0 0 0 86 81 68 69 89 
0 0 0 0 0 0 0 0 0 0 0 0 0 0 0 430 434 423 414 426 190 175 181 187 206 
0 209 0 0 86 0 169 0 0 98 132 337 155 138 218 0 197 0 0 97 0 221 0 0 78 
820 0 0 0 0 807 0 0 0 0 801 0 0 0 0 832 0 0 0 0 847 0 0 0 0 
25 0 215 168 176 57 25 213 164 188 112 105 298 237 244 188 184 394 324 346 113 94 292 239 321 
73 141 86 153 79 65 76 65 99 62 0 43 0 54 0 39 90 53 87 45 0 49 0 37 0 
41 11 15 10 29 155 107 129 118 141 34 0 0 0 20 30 0 0 0 22 138 138 115 120 167 
0 0 129 0 0 0 0 121 0 0 0 0 139 0 0 127 109 227 111 117 0 0 141 0 0 
0 76 45 49 0 0 80 50 47 0 37 102 101 103 36 0 74 51 52 0 0 76 62 48 0 
0 1 0 2 134 137 117 124 157 264 134 119 115 125 214 0 9 0 0 131 93 94 101 92 213 
0 0 0 0 0 0 0 0 0 0 0 0 0 0 0 1033 1093 1100 1069 1019 0 0 0 0 0 
0 18 51 132 0 0 17 51 114 0 0 18 46 140 0 0 17 50 139 0 0 15 51 140 0 
84 60 0 0 0 103 96 23 22 21 191 127 54 42 34 126 82 0 0 0 122 108 24 31 39 
61 93 64 131 135 8 30 16 52 56 11 37 20 81 83 0 33 0 46 60 0 32 0 55 64 
125 137 130 104 5 131 165 216 101 5 341 335 362 341 235 135 139 139 92 1 310 247 345 252 157 
67 8 9 108 9 72 0 0 139 0 246 164 140 243 134 80 0 0 116 0 115 56 49 199 46 
124 94 44 52 39 167 100 56 58 36 65 57 17 0 0 90 89 19 11 14 90 54 10 0 0 
0 0 154 66 0 0 0 167 63 0 0 0 204 56 0 0 0 187 48 0 0 0 151 45 0 
130 158 169 126 112 0 52 74 0 0 0 50 63 0 0 39 65 93 32 35 0 42 107 0 0 
64 51 67 66 60 97 114 102 113 98 22 39 43 35 37 0 0 0 0 0 0 0 0 0 0 
0 0 0 174 0 0 0 0 180 0 205 211 196 380 205 0 0 0 176 0 0 0 0 161 0 
0 0 0 0 0 162 162 190 143 155 0 0 0 0 0 0 0 0 0 0 78 55 76 65 90 
99 1 4 54 42 118 37 45 89 87 186 66 71 122 130 78 0 0 54 38 172 61 73 119 109 
0 82 0 0 0 0 79 0 0 0 0 62 0 0 0 118 157 89 136 92 58 138 48 52 52 
0 0 111 0 0 100 108 210 120 123 0 0 113 0 0 7 11 115 6 11 14 13 102 10 15 
248 208 174 254 114 114 86 66 102 0 84 92 59 94 0 279 232 160 275 119 141 107 70 139 0 
0 0 0 0 0 31 35 30 19 22 0 0 0 0 0 59 67 68 65 90 100 94 96 97 127 
0 226 0 201 0 0 180 0 194 0 8 203 7 197 7 0 186 0 192 0 0 197 0 204 0 
0 50 0 140 0 0 54 0 164 0 0 48 0 147 0 74 160 93 226 90 0 64 0 155 0 
0 0 0 0 79 91 78 84 67 149 90 88 78 85 135 0 0 0 0 79 0 0 0 0 81 
76 267 337 48 225 12 180 239 6 147 95 287 338 41 238 110 324 332 109 245 205 348 395 168 274 
0 50 32 0 84 20 67 51 13 101 32 89 93 39 89 0 65 26 0 76 0 65 29 0 73 
118 105 123 154 148 16 0 0 40 0 14 1 0 48 0 18 0 0 52 0 103 77 73 141 89 
72 0 73 0 0 66 0 79 0 0 125 56 114 51 54 108 19 85 16 12 71 0 77 0 0 
0 18 80 0 97 0 12 69 0 111 0 16 76 0 107 0 14 93 0 134 0 13 70 0 102 
26 65 170 97 33 70 81 177 130 63 0 45 124 43 0 50 80 182 130 60 0 24 116 72 0 
0 71 0 0 0 0 72 0 0 0 116 232 117 141 126 0 88 0 0 0 15 85 17 23 29 
0 0 0 70 0 61 63 51 122 81 0 0 0 70 0 0 0 0 79 0 71 63 57 147 61 
56 0 95 49 0 61 0 122 61 0 62 0 99 53 0 48 0 111 62 0 50 0 106 50 0 
83 51 0 31 0 111 85 18 55 25 108 97 0 27 0 121 60 0 48 0 97 63 0 34 0 
0 0 0 0 24 208 190 198 208 234 0 0 0 0 38 0 0 0 0 36 0 0 0 0 39 
94 48 59 112 79 63 40 52 104 72 27 0 0 57 10 33 0 0 50 13 39 10 8 60 29 
30 68 10 8 14 18 57 0 0 0 21 90 0 0 0 164 197 153 141 139 29 85 0 0 0 
0 0 0 21 0 189 172 197 199 165 0 0 0 22 0 0 0 0 21 0 0 0 0 19 0 
95 104 166 176 102 0 0 59 76 0 0 0 85 76 0 0 0 80 65 0 0 0 74 75 0 
67 63 65 57 78 44 0 0 0 11 83 65 53 55 74 32 0 0 0 28 99 54 46 53 66 
0 0 24 0 69 9 6 36 12 89 0 0 34 0 70 10 7 42 8 95 81 75 113 64 153 
587 587 606 639 586 0 0 0 0 0 0 0 0 0 0 0 0 0 0 0 0 0 0 0 0 
73 131 154 85 88 33 97 113 31 38 0 37 83 0 0 0 42 88 0 0 0 50 74 0 0 
0 0 114 0 0 0 0 97 0 0 82 124 222 117 110 0 0 89 0 0 0 0 113 0 0 
110 130 47 59 153 49 36 0 0 99 46 57 0 0 70 53 36 0 0 76 72 45 0 0 98 
0 57 0 26 39 69 122 62 90 100 0 61 0 31 41 0 59 0 40 41 27 76 22 59 73 
9 6 99 5 12 0 0 87 0 0 0 0 83 0 0 36 39 120 27 29 75 78 150 58 85 
0 0 0 53 78 94 87 65 124 168 0 0 0 49 75 0 0 0 36 84 0 0 0 49 76 
93 165 78 73 84 21 106 0 0 0 29 115 1 8 9 20 75 0 0 0 24 80 0 0 0 
68 30 100 38 97 16 0 34 7 66 16 0 42 0 79 19 0 50 0 64 11 0 41 0 71 
40 11 16 0 4 57 0 0 0 0 46 39 48 41 57 99 57 56 38 45 153 104 108 131 115 
60 35 122 49 46 22 0 85 0 1 22 0 84 0 0 21 0 71 0 0 66 33 117 43 33 
28 0 17 5 5 17 1 0 0 0 7 4 0 0 0 24 0 1 0 0 22 0 0 0 0 
0 62 59 0 0 0 66 37 0 0 20 103 76 21 21 32 108 59 40 42 0 62 52 0 0 
31 0 6 8 0 0 38 0 0 0 0 6 0 0 5 0 0 0 0 0 0 0 0 0 0 
30 0 90 0 45 64 43 124 39 80 25 0 85 0 29 36 10 99 5 36 31 0 99 0 28 
0 2127 0 0 0 0 2162 0 0 0 0 2042 0 0 0 0 2123 0 0 0 0 2058 0 0 0 
19 135 122 10 3 89 199 198 77 56 0 112 108 2 0 34 210 160 80 51 0 128 92 0 0 
71 145 110 0 0 62 147 124 0 0 105 150 150 0 0 86 140 127 0 0 76 137 139 0 0 
0 103 0 112 0 88 169 76 201 92 77 173 39 169 39 0 93 0 109 0 0 109 0 109 0 
0 0 0 0 0 1266 1220 1229 1195 1254 0 0 0 0 0 0 0 0 0 0 0 0 0 0 0 
0 0 96 143 0 0 0 84 114 0 0 0 90 144 0 0 0 95 142 0 0 0 79 143 0 
158 50 54 105 42 149 58 53 118 73 90 0 0 38 0 82 0 0 41 0 94 0 0 43 0 
0 113 0 0 76 0 138 0 0 70 0 150 0 0 82 0 131 0 0 65 0 138 0 0 102 
181 281 156 245 110 77 190 45 142 1 302 441 275 399 164 135 295 96 192 13 190 370 254 295 137 
103 91 285 280 100 1 0 167 181 0 133 121 267 311 108 0 0 143 182 3 19 12 184 187 36 
158 122 122 160 253 14 21 3 7 165 11 23 9 11 176 212 222 188 197 357 217 269 252 226 391 
0 68 0 0 0 0 55 0 0 0 0 69 0 0 0 11 73 5 8 3 174 216 175 141 168 
46 23 36 11 41 39 14 27 0 37 38 10 32 0 29 63 13 29 0 40 104 96 84 73 111 
224 74 0 109 0 222 70 0 109 0 211 57 0 110 0 201 68 0 127 0 212 53 0 122 0 
55 0 0 0 0 62 0 0 0 0 64 0 0 0 0 202 133 145 145 141 52 0 0 0 0 
145 288 320 212 77 197 303 374 223 126 200 314 355 220 144 109 244 298 137 47 78 224 255 148 20 
70 7 10 50 24 94 75 57 104 72 94 69 62 83 84 62 30 20 67 41 58 0 0 31 12 
134 143 157 110 212 0 0 10 0 50 83 92 84 78 136 0 0 19 0 56 0 0 15 0 62 
43 89 0 82 0 136 176 99 178 89 88 109 55 129 63 54 81 0 83 0 35 70 0 79 0 
68 73 71 76 117 69 77 59 56 94 0 23 0 0 43 0 18 0 0 29 51 69 49 43 89 
0 88 0 0 0 39 154 36 36 34 47 156 41 35 38 30 137 28 36 44 50 144 49 39 60 
22 11 41 13 0 79 71 112 96 64 23 21 47 25 0 27 9 44 16 0 25 20 37 13 0 
5 11 82 5 233 5 0 61 5 173 112 97 178 101 266 137 129 214 165 324 1 0 74 0 176 
160 0 0 0 0 144 0 0 0 0 238 81 109 119 119 131 0 0 0 0 143 0 0 0 0 
0 0 0 0 841 0 0 0 0 792 0 0 0 0 858 0 0 0 0 832 0 0 0 0 783 
131 110 0 146 59 132 145 2 174 87 185 163 48 227 115 99 100 5 173 91 139 143 0 203 90 
135 0 0 0 0 262 109 93 84 73 160 0 0 0 0 146 0 0 0 0 141 0 0 0 0 
0 0 0 0 0 72 56 70 65 70 0 0 0 0 0 141 116 139 142 135 0 0 0 0 0 
0 22 0 159 0 39 63 50 203 34 0 19 0 139 0 0 16 0 144 0 0 20 0 172 0 
76 51 104 112 117 47 4 66 58 57 23 3 70 75 60 87 56 103 110 116 12 0 58 59 50 
48 51 57 133 111 28 24 33 82 75 0 0 0 81 56 0 0 0 48 52 6 11 9 79 57 
0 8 58 0 0 79 93 170 83 89 0 11 67 3 0 50 74 157 46 58 0 6 58 0 0 
211 15 199 0 0 214 7 183 0 0 212 8 190 3 0 188 4 187 0 0 212 24 187 10 11 
266 103 303 94 199 270 97 301 132 180 313 141 347 184 257 179 14 163 23 108 202 49 204 10 142 
71 162 73 92 69 0 93 0 28 0 16 140 29 35 28 0 106 0 17 0 0 79 0 23 0 
0 0 33 0 58 35 46 78 44 113 55 73 89 53 121 0 0 33 0 61 0 0 49 0 58 
0 0 18 0 235 0 0 24 0 214 0 0 31 0 193 0 0 29 0 206 0 0 26 0 209 
0 0 0 51 0 0 0 0 64 0 59 61 48 146 47 0 0 0 62 0 87 83 86 168 92 
101 0 0 118 0 135 0 0 127 0 119 0 0 101 0 114 0 0 133 0 113 0 0 136 0 
2 28 85 96 0 112 177 174 199 120 158 204 227 239 142 11 59 110 106 18 50 85 117 147 48 
111 141 137 113 249 0 0 0 0 97 0 0 0 0 80 23 32 29 25 126 0 0 0 0 95 
144 265 161 144 160 0 134 0 0 0 93 217 90 97 92 3 115 1 0 6 105 224 92 78 102 
151 140 81 82 83 82 47 0 0 0 90 53 4 4 8 67 46 0 0 0 72 59 0 0 0 
0 122 0 0 0 43 177 52 73 82 0 146 0 0 0 76 211 85 90 68 0 121 0 0 0 
0 0 0 0 0 0 0 0 0 0 0 0 0 0 0 0 0 0 0 0 458 430 464 454 417 
0 0 39 0 0 77 89 103 81 92 0 0 33 0 0 79 90 95 63 86 22 25 64 23 29 
7 15 19 18 54 0 0 0 0 39 85 89 80 68 112 0 0 0 0 36 69 112 80 81 114 
0 0 0 153 0 0 0 0 129 0 0 0 0 168 0 0 1 0 166 0 86 83 90 235 90 
1 68 0 34 72 0 62 0 38 75 1 56 0 36 91 2 60 0 32 73 19 78 25 56 113 
0 112 0 0 0 0 108 0 0 0 0 106 0 0 0 0 96 0 0 0 97 185 99 105 92 
0 0 0 31 0 90 72 84 64 78 50 5 62 61 52 0 0 0 20 0 104 114 105 142 98 
0 0 118 56 0 43 45 158 108 50 0 0 102 41 0 0 0 89 40 0 0 0 128 34 0 
59 0 0 0 0 126 62 61 75 69 99 20 18 20 15 131 46 45 52 41 57 0 0 0 0 
83 35 33 111 37 39 0 0 90 0 47 0 0 85 0 83 35 30 120 32 55 0 0 83 0 
0 0 62 43 0 0 0 54 43 0 100 99 149 132 96 0 0 62 47 0 0 0 67 42 0 
29 0 0 60 92 76 54 54 101 157 30 0 0 73 87 46 18 19 70 80 31 28 42 74 91 
3 6 53 118 8 0 0 60 87 0 58 36 123 148 58 29 46 87 146 44 0 0 53 95 0 
49 6 40 41 8 40 5 35 41 18 109 72 107 102 78 64 18 40 48 21 47 0 42 41 0 
45 0 61 0 58 41 0 61 0 58 28 0 76 0 78 99 60 117 79 110 32 0 63 0 55 
95 15 161 114 76 76 14 117 87 28 49 0 104 42 9 170 42 174 154 103 102 20 194 78 81 
10 72 153 29 103 135 183 264 128 232 35 101 176 50 149 0 42 147 2 102 98 121 227 125 194 
32 25 29 70 61 53 41 40 96 86 0 0 0 39 35 0 0 0 22 22 95 117 108 144 123 
18 31 1 83 1 29 47 0 103 0 77 72 38 128 53 23 37 0 103 0 40 33 0 81 0 
0 0 61 0 0 164 148 224 152 179 0 0 62 0 0 0 0 74 0 0 0 0 69 0 0 
15 10 0 0 73 14 2 0 1 66 59 67 47 41 124 20 22 15 12 67 91 107 98 90 124 
72 8 13 4 24 113 73 76 74 74 115 81 83 103 96 43 0 5 0 11 32 7 17 0 21 
24 114 71 19 28 0 94 70 7 7 0 78 46 0 20 0 88 53 6 14 55 132 107 40 88 
165 209 111 109 108 82 64 55 22 21 45 51 20 0 0 47 55 18 0 0 33 51 14 0 0 
95 0 0 5 0 83 0 0 0 0 99 0 0 16 0 100 0 0 0 0 123 15 23 28 28 
66 79 13 22 22 49 44 3 0 0 49 61 14 7 12 63 69 33 39 43 79 73 46 27 39 
37 70 37 70 27 0 61 9 42 15 0 45 9 42 15 0 41 11 28 11 36 98 55 89 71 
0 0 56 26 11 0 0 45 35 3 0 0 44 40 6 43 53 122 94 60 54 50 100 93 63 
29 38 26 22 31 0 0 0 0 0 71 59 57 62 55 0 0 0 0 0 120 107 99 114 110 
41 35 37 33 41 0 0 18 0 0 0 0 24 0 0 47 49 88 54 50 127 99 147 147 124 
29 39 104 40 45 4 1 56 6 15 54 50 129 54 53 0 0 50 0 0 0 0 53 19 0 
0 0 180 32 0 0 0 141 23 0 19 19 156 37 18 0 0 165 23 0 0 0 161 23 0 
47 76 0 0 0 89 112 48 43 34 82 123 16 15 7 87 137 45 44 45 39 73 0 0 0 
112 4 116 106 122 209 91 258 231 222 207 120 245 247 257 199 68 147 157 195 133 15 128 170 149 
104 139 85 63 76 14 61 3 0 0 96 161 76 59 68 43 84 34 18 14 29 78 0 0 0 
0 119 116 174 0 0 132 126 170 0 0 108 125 175 0 0 124 127 165 0 0 134 123 172 1 
15 0 0 162 0 9 0 0 128 0 119 81 121 274 115 11 0 0 126 0 23 1 0 131 1 
46 70 34 40 57 0 56 0 0 23 44 79 36 38 63 0 39 0 0 28 0 62 0 0 23 
120 146 31 76 101 159 234 85 102 162 136 166 75 89 110 85 103 13 35 65 228 272 119 148 175 
50 147 107 76 90 4 37 57 10 0 26 65 90 27 25 15 65 49 8 18 0 57 42 0 0 
0 27 1 0 76 18 39 30 0 108 3 26 6 0 58 87 99 97 67 179 52 55 43 35 119 
771 551 615 448 572 532 262 317 237 252 474 333 340 223 317 418 181 188 84 194 613 387 473 359 391 
97 74 2 3 1 176 163 77 77 81 73 83 0 0 0 108 97 25 17 16 68 65 0 0 0 
171 311 123 160 133 262 379 161 285 176 132 259 91 175 99 34 192 3 58 0 94 226 65 110 36 
0 0 0 0 55 0 0 0 0 58 0 0 0 0 75 0 0 0 0 61 145 171 157 162 198 
81 4 46 0 13 144 11 62 34 30 155 52 103 54 55 156 73 156 80 98 133 29 56 27 17 
149 0 0 54 0 156 0 0 55 0 141 0 0 40 0 168 0 0 46 0 149 0 0 41 0 
163 119 149 228 115 48 0 92 118 2 90 44 126 170 59 54 10 101 100 25 56 0 86 92 0 
76 135 98 214 192 2 8 4 109 65 0 20 6 79 68 0 13 8 109 60 31 45 34 104 74 
128 130 78 60 7 209 196 170 147 128 130 88 88 51 12 274 223 203 162 144 176 176 142 56 57 
59 136 50 57 55 0 56 0 0 0 6 83 4 3 4 0 65 0 0 0 79 160 65 76 67 
0 0 0 17 0 0 0 0 22 0 0 0 0 18 0 0 0 0 18 0 181 190 215 216 217 
38 0 0 26 34 107 85 76 92 99 32 0 0 12 25 34 0 0 7 38 37 0 0 13 26 
48 2 51 109 105 15 2 42 111 91 64 27 56 142 109 25 0 38 90 100 131 83 128 224 222 
0 89 72 0 79 0 88 80 0 88 0 96 68 0 61 0 87 78 0 77 0 114 80 0 78 
54 23 60 48 36 83 67 103 62 66 26 19 43 18 12 63 46 112 80 52 8 0 36 0 0 
78 0 0 0 57 70 0 0 0 50 85 0 0 0 60 68 0 0 0 52 181 95 83 90 152 
97 150 19 131 111 63 156 7 135 111 49 108 2 123 72 228 283 146 243 205 126 215 95 168 149 
71 86 96 73 62 9 36 39 12 9 0 14 44 0 0 58 68 84 51 45 21 29 55 19 12 
0 0 0 158 37 0 0 0 179 31 34 33 19 186 60 0 0 0 175 41 0 0 0 170 44 
0 0 0 139 13 142 126 119 306 159 0 0 0 158 15 113 116 108 245 106 0 0 0 126 8 
47 148 188 194 71 23 137 165 206 48 52 128 172 192 72 100 235 225 283 151 83 180 235 310 120 
0 0 0 1256 0 0 0 1 1261 0 0 0 0 1265 0 0 0 1 1330 1 0 0 0 1272 0 
171 0 0 0 0 185 13 18 17 20 162 0 0 0 0 180 0 0 0 0 149 0 0 0 0 
104 0 0 0 0 129 0 0 0 0 141 0 0 0 0 113 0 0 0 0 228 99 95 97 105 
278 53 119 94 58 214 0 40 6 4 407 97 182 128 131 449 222 331 269 277 263 45 90 57 56 
10 28 0 0 0 8 51 10 0 1 0 43 0 0 20 0 5 0 0 0 0 27 0 0 8 
0 0 196 0 33 0 0 231 0 28 0 0 207 0 22 0 0 195 0 17 0 0 176 0 24 
72 100 141 118 89 0 0 41 0 0 0 0 76 0 0 0 0 63 0 0 200 226 251 242 223 
3 12 0 87 207 118 123 118 198 349 4 26 1 85 254 0 17 0 81 263 117 141 122 188 306 
62 27 29 66 75 41 0 0 29 59 52 0 0 26 38 58 0 0 34 40 92 44 47 76 84 
0 0 0 37 0 70 61 46 97 52 0 0 0 23 0 46 47 62 92 53 38 47 40 94 36 
0 0 1450 0 0 0 0 1482 0 0 0 0 1362 0 0 0 0 1478 0 0 0 0 1453 0 0 
