656 634 480 524 620 1021 1093 868 1051 986 592 581 408 700 655 931 852 697 857 846 609 471 316 398 515 
282 224 315 281 240 0 1 0 0 0 170 155 182 170 166 0 0 0 0 0 0 0 0 0 0 
133 75 39 191 231 80 0 0 129 165 154 43 36 225 258 74 0 0 100 157 79 1 0 125 144 
165 0 157 178 192 216 25 242 234 260 336 131 318 352 356 262 50 200 236 244 172 1 134 223 158 
172 43 127 166 47 158 9 79 102 0 149 24 83 97 18 157 2 48 128 0 331 221 290 346 197 
104 7 10 0 100 87 6 11 0 122 194 89 105 87 200 169 76 99 61 173 222 113 121 103 248 
0 0 0 0 0 0 0 0 0 0 1018 1031 979 997 1043 0 0 0 0 0 0 0 0 0 0 
0 0 0 247 0 1 0 3 240 1 106 104 90 352 120 117 105 87 371 119 0 0 0 235 0 
15 8 13 181 5 0 0 0 186 0 39 43 37 182 30 0 0 0 156 0 3 6 3 188 3 
0 0 0 0 0 0 0 0 0 0 0 0 0 0 0 72 79 89 96 99 217 212 203 225 202 
92 116 85 84 200 0 10 0 0 127 0 4 0 0 116 0 3 0 0 134 120 96 87 72 184 
141 151 156 168 163 0 0 0 0 0 0 0 0 0 0 0 0 0 0 0 87 86 65 75 83 
0 0 0 0 0 0 0 0 0 0 0 0 0 0 0 446 437 426 423 432 195 183 183 194 206 
0 239 0 0 92 0 205 0 0 107 140 387 168 144 236 0 215 0 0 108 0 249 0 0 101 
805 0 0 0 0 805 0 0 0 0 794 0 0 0 0 832 0 0 0 0 838 0 0 0 0 
12 1 205 164 196 76 69 238 211 266 122 119 285 245 293 179 196 403 351 378 98 94 269 213 304 
77 119 78 125 66 66 70 57 101 68 0 40 0 42 0 43 75 41 82 41 0 42 0 34 0 
39 8 21 6 23 166 116 136 121 158 39 0 0 0 35 28 0 0 0 18 177 143 149 140 182 
0 0 156 0 0 0 0 145 0 0 0 0 161 0 0 175 153 274 141 150 0 0 159 0 0 
0 101 57 70 0 0 112 56 78 0 53 148 126 145 53 0 94 67 71 0 0 98 73 62 0 
2 0 0 0 119 136 97 98 136 231 137 109 109 90 202 2 1 0 0 123 83 91 107 97 199 
0 0 0 0 0 0 0 0 0 0 0 0 0 0 0 1000 1055 1072 1040 971 0 0 0 0 0 
0 20 66 162 0 0 18 63 133 0 0 24 58 182 0 0 16 57 163 0 0 16 57 160 0 
84 147 82 175 172 8 43 26 78 77 18 50 21 83 95 0 48 0 77 73 0 40 0 68 73 
131 144 155 104 0 122 152 206 102 2 297 307 372 329 224 122 151 167 99 1 285 272 366 262 135 
72 20 17 99 22 79 1 0 115 0 214 149 139 226 133 69 3 0 96 3 107 46 47 169 40 
109 83 39 45 31 138 87 46 52 29 52 43 13 0 0 77 71 19 11 12 82 48 11 0 0 
0 0 207 86 0 0 0 205 75 0 0 0 267 87 0 0 0 252 64 0 0 0 195 64 0 
117 152 157 105 98 0 50 65 0 0 0 52 59 0 0 34 69 92 33 35 0 44 94 0 0 
66 54 68 69 63 105 118 104 117 106 22 42 48 39 37 0 0 0 0 0 0 0 0 0 0 
0 0 0 165 0 0 0 0 174 0 215 223 205 398 225 0 0 0 171 0 0 0 0 154 0 
0 0 0 0 0 155 136 189 146 153 0 0 0 0 0 0 0 0 0 0 71 61 69 65 83 
149 9 26 87 60 146 48 58 155 108 255 102 109 187 172 98 0 0 76 50 225 91 101 196 141 
0 80 0 0 0 0 86 0 0 0 0 74 0 0 0 120 166 90 125 92 57 143 45 56 48 
0 0 95 0 0 85 85 176 105 104 0 0 92 0 0 7 9 97 4 8 14 13 82 9 15 
235 213 178 245 111 116 102 75 114 0 72 94 57 76 0 234 241 150 255 99 116 123 64 119 0 
0 229 0 210 0 0 187 0 198 0 8 211 7 207 7 0 196 0 201 0 0 204 0 212 0 
0 44 0 135 0 0 51 0 148 0 0 51 0 141 0 73 160 88 225 78 0 57 0 139 0 
1 0 0 0 83 96 81 94 63 155 97 84 80 97 151 0 0 0 0 75 0 0 0 0 88 
79 230 314 42 200 22 162 242 6 137 66 242 322 43 172 90 262 287 94 196 200 320 384 155 290 
0 54 38 0 104 23 86 54 14 125 31 107 111 42 103 0 69 32 0 75 0 73 31 0 87 
109 87 98 117 117 13 0 0 36 0 13 0 0 40 0 17 0 0 44 0 88 68 58 110 77 
69 0 65 0 0 63 0 75 0 0 113 52 107 48 50 99 16 78 13 12 66 0 73 0 0 
0 19 88 0 98 0 12 72 0 116 0 17 77 0 115 0 14 93 0 145 0 13 73 0 106 
10 46 111 63 16 37 54 126 77 34 0 38 100 32 0 33 73 123 79 27 0 20 82 56 0 
0 67 0 0 0 0 78 0 0 0 147 254 132 151 143 0 93 0 0 0 16 94 21 27 31 
0 0 0 74 0 64 66 56 140 87 0 0 0 77 0 0 0 0 82 0 76 67 60 158 68 
49 0 92 48 0 57 0 109 53 0 59 0 92 50 0 46 0 102 54 0 44 0 98 46 0 
76 48 0 31 0 106 74 16 50 25 95 89 0 25 0 114 54 0 42 0 88 60 0 33 0 
0 0 0 0 44 272 257 265 270 292 0 0 0 0 50 0 1 0 0 54 0 0 0 0 55 
89 46 57 107 77 58 37 49 96 68 24 0 0 51 9 28 0 0 48 11 37 12 8 56 27 
31 55 8 6 10 17 48 0 0 0 21 74 0 0 0 128 161 127 118 116 27 75 0 0 0 
0 0 0 21 0 186 170 197 198 164 0 0 0 23 0 0 0 0 22 0 0 0 0 19 0 
77 89 155 153 110 0 0 57 78 0 0 0 86 63 0 0 0 76 61 0 0 0 66 71 0 
85 81 75 68 89 56 0 0 0 11 104 82 60 56 91 45 0 0 0 26 132 66 67 62 85 
0 0 26 0 77 7 0 40 14 101 0 0 50 0 91 15 7 47 9 115 105 115 147 97 209 
71 129 165 81 82 40 113 121 33 30 0 44 88 0 0 0 47 91 0 0 0 45 82 0 0 
0 0 118 0 0 0 0 95 0 0 81 121 227 123 108 0 0 92 0 0 0 0 112 0 0 
104 116 34 59 140 34 43 0 0 93 52 61 0 0 79 49 44 0 0 84 63 48 0 0 83 
0 49 0 13 0 53 95 46 61 56 0 55 0 21 13 0 53 0 26 6 19 54 13 26 39 
9 8 132 5 15 0 0 106 0 0 0 0 106 0 0 43 45 151 38 37 94 93 189 84 107 
0 0 0 51 75 88 81 63 117 163 0 0 0 49 73 0 0 0 36 84 0 0 0 47 73 
94 165 78 73 84 22 106 0 0 0 30 115 7 8 9 22 75 0 0 0 25 80 3 3 0 
71 38 103 50 103 20 0 44 10 58 18 0 42 0 77 21 0 58 0 62 0 0 39 0 59 
59 0 13 0 2 75 0 8 0 0 96 51 76 54 74 98 24 0 10 0 149 77 93 96 88 
40 33 115 42 50 0 0 79 0 0 0 0 75 0 0 2 0 65 0 0 34 28 106 31 20 
0 61 68 0 0 0 62 41 0 0 21 104 74 21 21 32 109 53 40 42 0 62 51 0 0 
8 0 89 0 38 25 30 102 34 63 0 0 74 0 18 7 0 85 0 15 0 0 93 0 12 
0 2173 0 0 0 0 2264 0 0 0 0 2121 0 0 0 0 2170 0 0 0 0 2131 0 0 0 
22 113 95 14 21 73 151 162 67 57 7 102 93 4 0 33 140 117 70 31 6 102 74 3 0 
63 126 96 1 0 66 138 123 0 0 87 152 119 0 0 81 148 126 0 0 73 140 136 0 0 
0 90 0 116 0 75 143 57 156 88 60 139 36 160 43 0 80 0 109 0 0 93 0 91 0 
0 0 0 0 0 1282 1247 1248 1208 1261 0 0 0 0 0 0 0 0 0 0 0 0 0 0 0 
0 0 83 132 0 0 0 82 115 0 0 0 87 138 0 0 0 84 133 0 0 0 78 138 0 
141 48 52 94 36 142 54 52 111 62 80 0 0 41 0 80 0 0 35 0 84 0 1 46 0 
0 144 0 0 88 0 164 0 0 89 0 163 0 0 95 0 144 0 0 80 0 161 0 0 97 
187 250 164 200 108 123 202 89 111 20 218 328 183 230 102 217 313 210 228 122 151 274 208 167 127 
101 85 294 280 99 0 0 185 183 0 107 117 277 291 104 0 0 168 186 2 21 21 205 195 27 
160 146 124 182 281 6 23 3 26 175 17 28 12 34 182 234 243 193 226 379 235 277 266 249 431 
0 141 0 0 0 0 92 0 0 0 0 115 0 0 0 8 116 4 7 4 255 331 267 251 249 
46 21 36 9 41 38 12 27 0 37 38 11 33 0 28 63 9 29 0 39 102 93 85 71 109 
200 76 0 101 0 205 74 0 104 0 205 58 0 104 0 189 71 0 111 0 199 61 0 117 0 
0 0 1472 0 0 0 0 1495 0 0 0 0 1375 0 0 0 0 1499 0 0 0 0 1467 0 0 
76 3 8 49 24 103 65 48 103 70 100 68 57 81 70 63 34 19 70 33 59 2 1 36 13 
103 111 108 72 170 0 0 6 0 40 55 67 66 51 98 0 0 16 0 44 0 0 10 0 55 
43 84 0 99 0 141 182 107 188 86 101 110 77 182 70 58 72 0 82 0 36 65 0 82 0 
86 84 75 88 128 78 79 63 59 111 0 24 0 0 44 0 29 0 0 37 57 73 52 51 95 
0 69 0 0 0 31 117 34 33 30 36 132 32 32 35 23 123 23 26 34 37 116 41 34 46 
34 11 41 32 0 103 71 111 112 63 43 21 47 37 0 47 9 43 35 0 41 20 37 39 0 
161 0 0 0 0 147 0 0 0 0 230 93 108 104 119 135 0 0 0 0 133 0 0 0 0 
0 0 0 0 828 0 0 0 0 786 0 0 0 0 839 0 0 0 0 829 0 0 0 0 775 
76 126 85 203 178 0 13 5 93 55 0 13 6 67 77 0 15 8 99 63 34 51 32 120 71 
128 0 0 0 0 273 102 89 84 72 166 0 0 0 0 149 0 0 0 0 157 0 0 0 0 
0 0 0 0 0 73 58 71 65 73 0 0 0 0 0 142 117 141 145 141 0 0 0 0 0 
0 21 0 149 0 33 57 46 189 33 0 19 0 135 0 0 16 0 143 0 0 18 0 163 0 
141 50 102 100 141 103 0 68 35 65 106 12 104 65 80 188 108 154 107 163 77 0 55 30 56 
55 58 67 161 130 35 28 38 101 95 0 0 0 98 69 0 0 0 55 56 10 15 9 104 70 
0 11 79 0 0 96 112 193 112 103 0 13 80 0 0 68 87 201 72 76 0 6 81 0 0 
208 4 196 0 0 201 0 175 0 0 200 3 185 4 1 179 3 184 0 0 210 21 183 10 11 
326 124 367 136 211 374 205 484 218 242 355 156 389 236 228 211 17 254 66 121 183 46 270 52 92 
64 151 66 80 65 0 86 0 27 0 17 126 27 33 27 0 104 0 17 0 0 75 0 22 0 
0 0 33 0 58 35 46 78 44 113 55 74 89 53 121 0 0 33 0 61 0 0 49 0 58 
0 0 16 0 220 0 0 15 0 217 0 0 31 0 184 0 0 37 0 205 0 0 28 0 225 
0 0 0 55 0 0 0 0 72 0 58 68 53 159 47 0 0 0 67 0 101 84 96 178 96 
118 0 0 118 0 139 0 0 130 0 134 0 0 125 0 123 0 0 138 0 135 0 0 139 0 
0 38 84 72 0 109 181 198 202 118 166 233 246 230 151 3 63 106 100 26 75 124 144 154 71 
97 120 108 100 199 0 0 0 0 71 0 0 0 0 65 21 22 25 20 95 0 0 0 0 72 
114 210 126 114 120 0 113 0 0 0 73 179 80 81 75 2 106 2 0 9 81 191 77 71 84 
158 153 89 103 87 92 49 0 0 0 103 54 4 4 8 78 53 0 0 0 87 65 0 0 0 
0 130 0 0 0 46 184 64 68 79 0 147 0 0 0 69 216 94 104 77 0 116 0 0 0 
0 0 0 0 0 0 0 0 0 0 0 0 0 0 0 0 0 0 0 0 446 410 434 424 399 
0 0 37 0 0 73 79 92 75 87 0 0 31 0 0 76 73 85 59 79 19 25 59 21 26 
8 16 18 17 53 0 0 0 0 36 80 85 72 73 99 0 0 0 0 33 71 102 79 77 106 
0 0 0 133 0 0 0 0 122 0 0 0 0 142 0 0 0 0 148 0 81 74 88 209 87 
0 67 0 32 72 0 66 0 40 77 1 56 0 36 93 0 59 0 34 75 19 82 28 58 118 
0 25 0 19 0 82 91 76 68 77 81 76 76 81 77 0 19 0 26 0 117 150 120 152 113 
0 0 117 55 0 43 45 155 106 50 0 0 102 39 0 0 0 87 38 0 0 0 126 35 0 
59 0 0 0 0 125 62 61 76 69 99 20 18 20 15 130 47 46 52 40 58 0 0 0 0 
83 35 33 111 37 39 0 0 91 0 47 0 0 85 0 83 35 30 120 32 55 0 0 83 0 
0 0 63 43 0 0 0 55 43 0 101 99 149 132 97 0 0 62 47 0 0 0 67 42 0 
3 6 48 97 7 0 0 48 72 0 47 30 102 113 46 29 43 67 112 35 0 0 48 79 0 
49 4 45 39 8 41 5 36 39 20 116 69 118 104 81 68 22 40 48 16 53 0 47 43 0 
49 0 57 0 63 48 0 71 0 63 31 0 80 0 85 110 60 122 71 132 38 0 60 0 69 
96 28 149 79 60 66 10 139 75 32 57 0 109 31 6 153 53 187 114 94 93 29 171 73 55 
17 99 161 42 131 130 198 291 141 239 29 106 193 51 170 0 51 166 10 112 73 140 214 105 199 
20 21 22 57 48 41 38 34 74 72 0 0 0 31 29 0 0 0 23 17 75 88 91 123 99 
24 38 0 105 0 30 65 0 137 0 100 100 53 173 80 28 47 0 133 0 48 41 0 114 0 
0 0 52 0 0 165 152 220 153 179 0 0 64 0 0 0 0 81 0 0 0 0 71 0 0 
65 12 9 4 17 88 68 73 68 69 107 85 91 94 96 41 0 6 0 13 37 14 16 7 23 
19 121 82 19 38 0 103 79 7 7 0 90 50 0 23 0 106 59 8 14 49 147 109 44 87 
146 192 95 93 96 69 66 39 19 22 37 56 17 0 0 39 46 12 0 0 28 43 14 0 0 
45 69 0 0 0 44 54 2 0 0 43 56 12 2 11 56 67 28 24 36 47 55 30 0 17 
38 76 43 71 29 0 61 11 41 15 1 50 11 46 19 0 43 13 30 11 39 102 63 97 78 
0 0 62 29 11 0 0 53 39 3 0 0 45 47 6 48 57 139 106 73 57 57 109 105 74 
29 38 26 22 31 0 0 0 0 0 71 59 57 62 55 0 0 0 0 0 120 107 99 114 110 
50 36 0 37 42 0 1 0 0 0 0 0 0 0 0 55 57 71 57 66 125 108 115 152 118 
27 34 96 24 33 0 4 56 0 0 62 47 131 36 42 0 0 53 0 0 0 0 62 0 0 
0 0 108 2 0 0 0 81 0 0 19 20 68 0 18 0 0 71 2 0 0 0 102 0 0 
43 70 0 0 0 66 93 38 30 29 67 108 17 14 9 79 119 37 37 41 37 66 0 0 0 
81 110 64 50 59 12 42 1 0 0 70 121 59 48 51 33 65 26 16 14 22 52 0 0 0 
0 114 107 167 0 0 126 128 162 0 0 108 127 169 0 0 123 118 162 0 0 129 117 168 2 
18 0 0 223 0 12 0 0 152 0 160 121 153 289 119 15 0 0 171 0 27 0 0 171 3 
137 168 32 87 106 196 298 92 115 195 171 236 95 129 131 107 126 9 40 59 255 320 154 182 211 
65 180 114 75 93 8 53 64 16 4 31 77 94 30 31 22 90 63 10 25 0 72 51 0 0 
1 19 15 0 58 6 21 19 1 91 0 11 13 7 46 54 79 68 38 147 26 36 37 29 90 
707 527 650 496 554 502 249 313 199 262 465 286 385 191 308 390 152 212 76 195 531 371 457 342 395 
87 66 0 2 0 176 171 74 66 78 92 100 0 0 0 105 99 27 14 17 83 64 0 0 0 
173 290 126 158 128 271 375 172 292 188 152 253 110 190 93 49 185 9 75 0 89 183 61 106 40 
0 0 0 0 52 0 0 0 0 56 0 0 0 0 65 0 0 0 0 58 134 157 140 151 185 
150 0 0 54 0 156 0 0 55 0 141 0 0 40 0 168 0 0 46 0 149 0 0 41 0 
185 158 187 275 133 35 3 86 144 0 107 63 126 204 70 52 6 102 109 30 52 0 89 94 0 
114 132 107 65 27 188 172 142 120 104 78 78 76 23 7 249 228 221 155 142 133 157 125 49 62 
68 144 55 64 60 0 62 0 0 0 8 90 5 5 3 0 72 0 0 0 87 181 74 83 80 
0 0 0 19 0 0 0 0 21 0 0 0 0 20 1 0 0 0 24 0 178 193 221 224 216 
63 6 49 111 96 16 2 26 91 68 66 24 47 134 97 21 0 30 78 78 129 75 111 188 188 
0 109 77 0 101 0 102 83 0 110 0 128 61 0 87 0 93 86 0 100 0 123 80 0 103 
60 33 70 45 45 97 58 120 63 71 31 19 44 25 15 74 62 142 88 72 7 0 31 2 0 
81 0 0 0 52 67 0 0 0 50 87 0 0 0 60 69 0 0 0 52 188 98 83 99 160 
64 75 0 78 47 45 63 1 85 60 64 54 1 132 59 143 170 95 170 134 85 126 30 121 93 
87 107 113 89 69 12 37 48 15 8 0 14 51 0 0 66 81 93 53 52 25 33 59 23 15 
0 0 0 140 35 0 0 0 158 28 27 29 16 157 51 0 0 0 149 34 0 0 0 138 38 
0 0 0 189 15 240 212 182 447 239 0 0 0 200 18 156 185 166 339 163 0 0 0 201 14 
43 139 171 186 62 43 104 151 174 19 89 168 183 194 77 59 194 186 224 97 95 132 184 235 72 
0 0 0 1265 0 0 0 0 1270 0 0 0 0 1283 0 0 1 2 1340 2 0 0 0 1306 0 
195 0 0 0 0 197 13 18 17 20 178 0 0 0 0 195 0 0 0 0 166 0 0 0 0 
93 0 0 0 0 120 0 0 0 0 122 0 0 0 0 104 0 0 0 0 208 89 85 89 99 
278 130 71 127 143 81 0 0 16 19 171 79 79 64 69 182 80 122 163 117 289 145 174 229 195 
9 15 0 0 14 0 36 0 0 0 0 0 0 0 0 39 53 36 47 62 0 0 0 0 0 
48 62 108 77 69 0 0 42 0 0 0 0 55 0 0 0 0 47 0 0 156 148 185 153 155 
2 11 0 87 240 123 151 134 219 375 0 30 0 79 264 0 18 0 91 280 122 148 122 210 323 
4 1 71 1 235 2 0 65 5 177 130 116 179 119 303 151 157 241 181 369 2 3 65 0 197 
149 264 266 233 83 135 241 276 175 65 145 255 272 172 111 71 164 214 111 16 42 184 203 127 24 
110 0 0 11 0 105 0 0 0 0 118 0 0 0 0 117 0 0 0 0 143 17 26 18 34 
36 69 37 30 50 0 49 0 0 0 51 82 45 40 62 7 29 0 0 22 0 54 1 0 14 
625 634 650 691 638 0 0 0 0 0 0 0 0 0 0 0 0 0 0 0 0 0 0 0 0 
78 56 0 0 0 85 78 16 16 15 147 89 36 37 30 94 68 0 0 0 104 98 25 28 28 
36 0 0 61 72 86 48 48 99 143 22 0 0 63 70 43 10 15 71 66 33 29 34 83 88 
16 11 1 0 90 25 3 0 1 77 85 79 51 47 157 20 19 17 14 75 107 124 111 96 156 
55 0 0 0 0 62 0 0 0 0 64 0 0 0 0 202 133 145 146 141 52 0 0 0 0 
73 159 113 130 140 111 275 175 171 214 19 120 68 57 71 122 209 149 182 161 120 239 184 185 189 
0 0 0 0 0 31 35 29 19 22 0 0 0 0 0 58 67 68 65 90 100 94 96 97 127 
164 1 76 0 23 218 4 68 12 7 304 92 142 95 108 329 153 275 160 159 258 72 110 37 52 
20 0 36 11 0 25 0 15 5 0 27 0 21 10 0 91 62 96 67 79 33 3 29 0 0 
0 0 197 0 39 0 0 221 0 33 0 0 187 0 25 0 0 189 0 24 0 0 183 0 32 
108 58 0 133 51 107 75 0 124 72 138 112 31 136 66 89 65 0 106 69 97 87 0 147 49 
40 67 47 66 34 12 21 0 24 0 64 84 52 88 37 12 43 5 37 5 59 58 54 83 29 
0 0 47 54 0 69 47 97 88 61 0 0 40 36 0 50 43 97 82 44 40 29 72 69 25 
