710 687 503 661 613 999 960 872 998 939 661 604 451 694 705 874 862 784 906 892 549 465 308 450 537 
243 224 264 255 222 1 0 0 0 0 150 114 171 143 152 0 0 0 0 0 0 0 0 0 0 
84 41 19 159 190 82 0 0 122 108 142 49 24 197 185 50 0 0 62 123 57 0 0 111 112 
178 0 132 177 199 231 49 198 231 262 321 143 307 336 357 268 56 188 248 249 159 1 144 216 189 
142 25 76 118 21 123 8 54 96 0 130 13 51 95 17 119 0 40 107 0 267 162 224 277 165 
111 7 18 0 95 97 4 17 0 136 182 101 107 81 179 166 77 110 70 160 240 116 123 116 239 
0 0 0 0 0 0 0 0 0 0 1028 1049 997 1026 1062 0 0 0 0 0 0 0 0 0 0 
0 0 0 255 0 0 0 3 247 0 111 105 99 370 114 107 104 92 384 126 0 0 0 236 0 
13 8 12 183 5 0 0 0 185 0 41 47 38 183 30 0 0 0 164 0 2 6 2 196 0 
0 0 0 0 0 0 0 0 0 0 0 0 0 0 0 74 78 88 72 92 202 184 185 220 195 
81 91 66 56 173 0 9 0 0 118 0 3 0 0 103 0 4 0 0 107 86 81 80 73 169 
148 149 151 163 158 0 0 0 0 0 0 0 0 0 0 0 0 0 0 0 83 82 66 70 84 
0 0 0 0 0 0 0 0 0 0 0 0 0 0 0 438 452 437 419 431 187 182 181 183 197 
0 219 0 0 101 0 200 0 0 105 138 368 174 146 246 0 215 0 0 104 0 232 0 0 89 
813 0 0 0 0 808 0 0 0 0 808 0 0 0 0 841 0 0 0 0 848 0 0 0 0 
8 0 216 160 186 72 48 236 199 239 129 115 287 253 291 204 203 407 369 370 104 73 279 205 311 
87 130 88 158 78 60 76 67 123 75 0 47 0 42 0 47 101 52 108 42 0 45 0 49 0 
29 8 11 9 18 163 110 121 113 139 31 0 0 0 16 26 0 0 0 25 137 129 109 122 138 
0 0 175 0 0 0 0 159 0 0 0 0 173 0 0 189 140 283 140 143 0 0 161 0 0 
0 95 54 70 0 0 112 57 67 0 52 157 127 156 49 0 98 57 62 1 0 104 70 62 0 
4 0 0 4 150 122 108 105 148 252 139 120 125 119 241 3 4 0 0 111 75 94 99 94 214 
0 0 0 0 0 0 0 0 0 0 0 0 0 0 0 1006 1069 1084 1058 982 0 0 0 0 0 
0 21 59 165 0 0 21 64 138 0 0 19 54 166 0 0 19 58 158 0 0 16 63 155 0 
88 142 89 182 190 9 52 23 83 89 26 61 36 93 109 0 53 0 68 84 0 43 0 70 91 
117 137 152 104 4 123 130 189 99 1 316 302 356 313 209 126 122 144 96 2 304 249 354 290 147 
67 17 18 103 17 69 1 0 110 0 201 148 134 223 124 56 0 0 94 0 97 42 42 164 35 
105 89 41 43 35 146 88 47 54 31 50 43 14 0 0 85 72 17 12 13 80 52 10 0 1 
0 0 184 91 0 0 0 218 75 0 0 0 254 87 0 0 0 215 66 0 0 0 191 66 0 
115 162 153 106 110 0 48 61 0 0 0 54 57 0 0 40 69 94 35 37 0 41 89 0 0 
71 64 73 68 60 111 135 108 132 112 25 43 47 40 43 0 0 0 0 0 0 0 0 0 0 
0 0 0 166 0 0 0 0 174 0 209 211 195 382 216 0 0 0 172 0 0 0 0 157 0 
0 0 0 0 0 169 154 221 164 173 0 0 0 0 0 0 0 0 0 0 90 68 87 77 102 
140 3 24 98 57 150 38 60 141 118 251 83 106 185 180 99 0 0 93 51 216 87 102 201 142 
0 97 0 0 0 0 84 0 0 0 0 67 0 0 0 125 156 85 121 85 59 137 45 49 53 
0 0 101 0 0 86 89 189 110 111 0 0 94 0 0 6 8 98 2 5 14 14 88 6 16 
245 202 191 257 111 107 88 74 113 0 70 89 53 91 0 264 232 164 273 117 137 108 75 137 0 
0 235 0 223 0 0 188 0 203 0 8 207 7 206 7 0 199 0 199 0 0 204 0 216 0 
0 46 0 123 0 0 49 0 145 0 0 47 0 144 0 68 154 72 219 73 0 63 0 137 0 
0 0 0 0 74 89 77 75 60 142 91 73 72 89 129 0 0 0 0 74 0 0 0 0 84 
61 204 311 22 196 20 161 240 1 144 66 244 325 60 213 82 255 297 81 241 198 323 340 138 273 
0 69 43 0 118 19 97 77 24 123 38 119 114 61 113 0 76 36 0 95 0 77 35 0 109 
120 104 122 135 126 21 0 0 43 1 15 0 0 50 0 17 0 1 50 0 98 74 70 132 85 
70 0 65 0 0 64 0 77 0 0 114 53 111 51 50 99 16 83 13 12 67 0 74 0 0 
0 18 89 0 101 0 12 73 0 111 0 17 76 0 111 0 15 98 0 136 0 13 72 0 102 
15 47 122 60 13 41 56 128 82 33 0 40 114 36 0 36 66 135 82 29 0 26 88 50 0 
0 74 0 0 0 0 77 0 0 0 141 253 137 144 144 0 101 0 0 0 14 96 20 28 27 
0 0 0 83 0 66 72 61 142 88 0 0 0 84 0 0 0 0 97 0 81 80 73 182 71 
49 0 92 47 0 57 0 108 53 0 59 0 93 50 0 46 0 102 54 0 44 0 98 46 0 
83 49 0 31 0 114 78 17 52 24 101 90 0 26 0 121 56 0 44 0 95 63 0 38 0 
0 0 0 1 34 247 241 246 252 272 0 0 0 0 51 0 0 0 0 46 0 0 0 0 52 
101 64 67 137 94 68 50 59 114 91 28 0 0 57 10 36 0 0 56 13 44 14 8 71 29 
29 57 8 6 9 18 50 0 0 0 21 76 0 0 0 132 167 127 122 116 28 74 0 0 0 
0 0 0 21 0 186 170 197 198 164 0 0 0 23 0 0 0 0 22 0 0 0 0 19 0 
85 97 158 163 107 0 0 60 69 0 0 0 82 69 0 0 0 83 64 0 0 0 71 73 0 
65 58 62 48 68 41 0 0 0 11 77 62 47 49 72 30 0 0 0 22 91 49 48 48 60 
0 0 22 0 86 11 0 31 8 98 0 0 34 0 97 14 10 56 10 117 107 115 135 93 221 
67 125 153 70 79 33 87 111 32 26 0 41 76 0 0 0 46 82 0 0 0 45 79 0 0 
0 0 122 0 0 0 0 102 0 0 81 125 230 124 111 0 0 96 0 0 0 0 112 0 0 
105 116 34 56 146 42 43 0 0 94 48 63 0 0 77 44 44 0 0 89 59 49 0 0 82 
0 48 0 16 0 53 103 51 54 53 0 55 0 19 18 0 53 0 27 18 13 52 14 32 35 
11 10 127 8 16 0 0 101 0 0 0 0 101 0 0 44 45 142 30 34 97 87 189 71 98 
0 0 0 51 75 88 81 63 117 163 0 0 0 49 73 0 0 0 36 84 0 0 0 47 73 
93 163 78 72 84 21 107 0 0 0 28 112 6 7 9 18 75 0 0 0 24 79 0 3 0 
69 36 95 40 102 20 0 42 11 56 15 0 41 0 66 16 0 56 0 59 0 0 29 0 59 
61 7 7 0 2 81 9 15 0 0 103 57 55 54 74 105 35 8 7 0 162 86 92 95 83 
44 34 118 44 51 0 0 81 0 0 0 0 77 0 0 1 0 70 0 4 31 39 109 28 30 
0 61 62 0 0 0 67 41 0 1 21 104 77 21 21 32 108 64 40 42 0 59 53 0 0 
21 0 88 0 38 49 39 118 37 73 18 0 80 0 26 23 1 92 0 26 22 0 97 0 25 
0 2157 0 0 0 0 2239 0 0 0 0 2110 0 0 0 0 2156 0 0 0 0 2092 0 0 0 
19 108 109 12 12 90 185 181 82 77 9 112 111 3 0 27 165 124 88 47 3 117 86 0 0 
75 106 92 0 0 56 138 118 0 0 75 139 129 0 0 72 142 115 0 0 68 152 133 0 0 
0 77 0 86 0 71 130 57 153 76 55 120 35 114 37 0 66 0 89 0 0 93 0 85 0 
0 0 0 0 0 1287 1253 1245 1219 1278 0 0 0 0 0 0 0 0 0 0 0 0 0 0 0 
0 0 80 126 1 0 0 75 107 0 0 0 81 128 0 0 0 82 125 0 0 0 72 130 0 
141 46 48 85 41 146 55 45 102 65 79 0 0 36 0 86 0 0 38 0 82 0 0 42 0 
0 141 0 0 87 0 155 0 0 85 0 166 0 0 101 0 157 0 0 78 0 155 0 0 105 
230 269 193 191 88 163 239 121 97 25 266 340 219 265 95 288 369 291 269 183 213 344 296 192 143 
85 70 269 291 69 0 0 187 206 4 126 124 282 321 103 0 0 154 195 2 21 20 214 207 21 
140 107 103 142 246 11 22 2 11 160 16 15 9 13 164 205 194 162 191 342 204 265 230 233 366 
0 124 0 0 0 0 95 0 0 0 0 126 0 0 0 7 116 4 7 3 262 331 261 256 249 
48 23 36 14 43 43 15 27 0 39 40 13 34 0 30 68 13 30 0 41 109 103 90 74 119 
202 76 0 100 0 204 72 0 104 0 205 55 0 104 0 184 63 0 108 0 201 66 0 116 0 
0 0 1479 0 0 0 0 1499 0 0 0 0 1399 0 0 0 0 1510 0 0 0 0 1470 0 0 
51 0 3 31 19 76 48 35 77 56 73 48 47 54 55 42 20 10 52 25 45 0 0 20 6 
109 121 129 83 178 0 0 10 0 45 54 74 68 65 111 0 0 15 0 55 0 0 10 0 62 
34 74 0 80 0 126 156 95 156 81 77 95 50 134 59 43 60 0 63 0 30 56 0 83 0 
73 94 91 106 133 80 100 73 65 132 0 32 0 2 55 0 29 0 0 30 57 83 56 53 103 
0 63 0 0 0 27 115 32 31 29 35 125 33 30 29 24 109 22 23 32 37 112 39 34 43 
33 11 41 34 0 103 70 112 110 63 43 20 47 37 0 47 8 44 35 0 41 19 37 39 0 
151 0 0 0 0 131 0 0 0 0 217 86 108 105 104 127 0 0 0 0 135 0 0 0 0 
0 0 0 0 823 0 0 0 0 783 0 0 0 0 835 0 0 0 0 822 0 0 0 0 767 
91 134 97 241 195 0 11 8 111 51 1 14 8 80 86 0 27 10 113 72 33 55 47 132 98 
143 0 0 0 0 275 109 94 85 73 169 0 0 0 0 158 0 0 0 0 151 0 0 0 0 
0 0 0 0 0 73 56 70 64 70 0 0 0 0 0 146 117 141 142 137 0 0 0 0 0 
0 19 0 157 0 39 59 51 210 32 0 18 0 147 0 0 16 0 144 0 0 21 0 174 0 
128 50 104 66 143 108 0 71 22 68 108 11 99 45 77 199 99 152 105 157 86 0 37 32 49 
56 57 65 145 118 33 26 32 90 86 0 0 0 93 68 0 0 0 55 57 11 12 14 92 64 
0 6 65 0 0 97 123 196 96 109 0 10 69 0 0 60 84 187 63 81 0 0 77 0 0 
199 0 195 0 0 202 0 177 0 0 203 3 192 4 0 178 2 196 0 0 210 22 184 6 6 
363 133 373 158 199 409 194 439 209 243 351 158 389 191 242 250 17 242 87 131 214 56 267 52 100 
65 152 69 81 66 0 86 0 27 0 17 128 28 34 27 0 104 0 15 0 0 75 0 22 0 
0 0 33 0 58 35 46 78 44 113 55 74 89 53 121 0 0 32 0 60 0 0 49 0 58 
0 0 16 0 201 0 0 19 0 198 0 0 30 0 184 0 0 30 0 197 0 0 24 0 210 
0 0 0 52 0 0 0 0 62 0 56 60 48 144 45 0 0 0 60 0 90 81 88 170 88 
117 0 0 119 0 142 0 0 141 0 134 0 0 124 0 127 0 0 137 0 139 0 0 137 0 
0 25 68 59 0 95 155 171 172 102 152 211 232 230 151 0 47 100 107 10 73 88 124 151 58 
95 116 106 100 195 0 0 0 0 68 0 0 0 0 65 20 22 25 20 94 0 0 0 0 70 
110 203 119 111 115 0 111 0 0 0 67 179 78 82 69 2 101 0 0 1 70 174 75 65 77 
178 156 91 97 93 92 51 0 0 0 101 60 10 3 10 90 54 0 0 0 81 60 0 0 0 
0 116 0 0 0 41 180 51 55 66 0 145 0 0 0 66 199 83 91 75 0 117 0 0 0 
0 0 0 0 0 0 0 0 0 0 0 0 0 0 0 0 0 0 0 0 446 414 444 428 393 
0 0 37 0 0 69 79 85 69 84 0 0 31 0 0 77 75 85 59 79 18 22 59 20 24 
8 15 16 19 57 0 0 0 0 41 88 81 73 70 100 0 0 0 0 36 77 102 80 79 119 
0 0 0 132 0 0 0 0 126 0 0 0 0 146 0 0 0 0 155 0 77 77 86 208 86 
0 67 0 32 72 0 62 0 38 77 1 55 0 36 91 0 60 0 31 73 17 76 25 56 113 
0 31 0 24 0 78 99 80 76 81 82 80 76 63 79 0 18 0 17 0 123 146 126 145 120 
0 0 117 55 0 42 45 156 106 50 0 0 102 39 0 0 0 89 38 0 0 0 127 35 0 
62 0 0 0 0 133 68 62 83 69 101 20 17 21 16 138 50 51 53 39 61 0 0 0 0 
80 35 33 111 37 34 0 0 91 0 43 0 0 85 0 78 35 30 120 32 48 0 0 83 0 
0 0 63 43 0 0 0 55 43 0 101 99 149 132 97 0 0 61 47 0 0 0 66 42 0 
3 6 51 97 7 0 0 46 70 0 48 29 101 116 47 28 40 64 109 34 0 0 45 76 0 
65 5 51 56 8 47 5 34 38 20 138 73 118 114 91 76 18 49 53 19 55 0 51 43 3 
42 0 59 0 62 45 0 61 0 55 27 0 74 0 78 100 57 113 68 119 36 0 58 0 59 
88 25 149 84 42 53 14 125 66 27 52 0 113 12 3 138 48 175 105 85 101 12 174 61 63 
16 112 155 29 127 132 205 292 132 250 30 130 201 53 172 0 58 158 0 121 77 159 232 109 220 
19 20 22 57 48 40 38 34 75 71 0 0 0 31 28 0 0 0 22 16 75 89 89 122 98 
27 40 0 114 0 37 68 0 153 0 114 106 77 204 85 34 52 0 148 0 46 45 0 103 0 
0 0 57 0 0 165 146 219 152 178 0 0 61 0 0 0 0 70 0 0 0 0 69 0 0 
59 11 10 4 20 86 60 62 64 64 94 73 78 86 83 39 0 5 0 12 33 11 14 7 21 
27 163 87 22 43 0 129 85 8 8 0 108 54 0 19 0 134 73 5 17 59 163 145 54 100 
147 186 97 94 103 68 63 41 21 20 38 55 16 0 0 39 44 13 0 0 25 47 13 0 0 
70 88 13 20 20 48 50 0 0 3 53 67 16 9 18 70 72 40 41 52 83 77 49 32 42 
37 75 43 71 29 0 61 10 42 13 0 51 11 44 18 0 43 14 31 10 39 104 63 96 78 
0 0 59 27 12 0 0 47 37 2 0 0 44 45 6 44 59 128 101 65 54 53 104 96 64 
29 38 26 22 31 0 0 0 0 0 71 59 56 62 55 0 0 0 0 0 120 107 99 114 110 
46 31 6 36 40 1 0 0 0 0 0 0 0 0 0 50 49 76 68 71 111 109 109 154 133 
26 33 98 40 42 0 3 61 7 0 55 51 131 45 39 0 0 51 0 0 0 0 58 11 0 
0 0 122 0 0 0 0 68 1 0 19 20 76 0 18 0 0 106 1 0 0 0 99 0 0 
43 70 0 0 0 66 94 38 30 29 67 108 17 14 9 79 119 37 37 41 37 66 0 0 0 
81 110 65 48 58 12 42 3 0 0 70 121 58 48 51 34 65 26 16 14 22 52 0 0 0 
0 126 121 179 0 0 149 132 174 0 0 115 131 185 1 0 131 126 173 0 0 135 120 182 0 
16 0 0 206 0 14 0 0 143 0 127 108 125 250 109 18 0 0 146 0 32 0 1 152 3 
198 248 44 150 145 230 387 141 179 237 219 293 117 171 184 121 154 18 39 82 343 458 208 262 258 
89 244 152 122 137 3 59 87 16 4 45 100 121 44 34 37 103 88 22 32 0 81 63 0 0 
6 15 15 0 71 9 19 16 0 108 2 16 10 4 59 48 74 72 37 147 25 35 34 23 88 
719 514 621 425 575 455 211 263 159 202 462 272 358 188 269 386 171 203 49 176 535 331 452 300 404 
79 68 0 1 0 154 147 68 67 65 82 78 0 0 0 89 87 20 14 15 68 50 0 0 0 
173 311 123 153 143 283 423 180 284 198 170 295 88 163 93 45 181 0 37 0 95 210 53 74 40 
0 0 0 0 52 0 0 0 0 56 0 0 0 0 65 0 0 0 0 58 134 156 141 152 185 
150 0 0 54 0 156 0 0 53 0 140 0 0 40 0 168 0 0 46 0 149 0 0 41 0 
172 149 176 276 145 45 1 90 130 3 97 48 137 191 73 49 1 101 107 31 53 0 87 98 0 
118 104 74 54 17 194 174 150 118 116 100 102 67 49 12 247 210 191 121 116 142 130 115 24 43 
59 136 54 59 55 0 56 0 0 0 7 84 4 5 4 0 66 0 0 0 79 162 63 78 67 
0 0 0 18 0 0 0 0 23 0 0 0 0 18 0 0 0 0 18 0 178 192 219 221 209 
70 13 81 131 95 14 0 30 102 91 59 19 61 142 129 30 0 39 104 92 175 89 149 236 227 
0 101 84 0 103 0 107 87 0 110 0 127 57 0 81 0 97 89 0 103 0 122 82 0 105 
66 33 69 59 48 96 79 131 84 74 35 27 39 26 17 64 56 122 93 57 8 0 38 1 0 
76 0 0 0 51 65 0 0 0 50 83 0 0 0 60 68 0 0 0 48 177 86 79 100 148 
63 77 0 70 41 48 82 0 100 67 67 55 0 114 74 152 181 97 184 128 88 136 38 121 105 
102 114 136 104 87 13 43 59 18 9 0 17 53 0 0 74 91 118 70 68 28 40 77 31 18 
0 0 0 141 37 0 0 0 166 28 26 29 17 160 54 0 0 0 155 35 0 0 0 145 39 
0 0 0 177 15 194 186 161 423 213 0 0 0 201 15 144 156 154 344 148 0 0 0 179 15 
25 111 142 164 49 20 102 146 202 27 67 138 158 186 75 47 189 154 226 75 60 85 130 216 68 
0 0 0 1271 0 0 1 0 1272 0 0 0 0 1306 0 0 2 1 1366 2 0 0 0 1321 0 
195 0 0 0 0 197 13 18 17 20 178 0 0 0 0 195 0 0 0 0 166 0 0 0 0 
92 0 0 0 0 117 0 0 0 0 122 0 0 0 0 102 0 0 0 0 206 88 85 89 99 
161 65 60 89 93 66 0 0 20 9 152 44 48 53 54 170 59 63 100 92 230 143 105 161 143 
19 27 0 0 22 0 26 0 0 0 0 0 0 0 0 40 37 17 35 60 0 0 1 0 0 
56 88 149 105 87 0 0 55 0 0 0 0 70 0 0 0 0 66 0 0 168 203 247 219 202 
1 16 3 85 234 125 142 116 226 379 1 44 0 91 266 0 17 2 104 259 131 160 119 199 325 
14 24 88 6 251 1 4 62 10 189 109 111 167 118 304 144 155 239 188 374 2 0 75 0 200 
104 217 254 162 72 184 232 306 205 116 122 220 267 184 117 72 144 207 108 34 72 152 213 125 10 
113 0 0 11 0 110 0 0 0 0 123 0 0 0 0 119 0 0 0 0 158 18 29 13 36 
50 67 27 22 54 0 34 0 0 0 49 77 45 36 55 5 30 0 0 29 0 48 0 0 12 
620 629 650 691 641 0 0 0 0 0 0 0 0 0 0 0 0 0 0 0 0 0 0 0 0 
87 68 0 0 0 107 90 30 20 16 168 115 41 47 32 123 84 0 0 0 122 125 31 32 36 
40 0 0 70 89 91 46 55 111 142 20 0 1 58 64 41 9 15 68 67 29 28 34 80 86 
13 8 1 0 72 19 0 0 2 66 65 70 47 49 133 22 21 14 15 84 98 118 104 96 141 
55 0 0 0 0 62 0 0 0 0 64 0 0 0 0 202 133 145 146 141 52 0 0 0 0 
68 145 114 108 143 100 272 166 171 222 11 124 66 58 62 105 194 145 169 157 135 230 191 182 195 
0 0 0 0 0 32 36 34 20 23 0 0 0 0 0 62 73 73 67 91 104 95 103 102 133 
173 11 92 9 31 231 11 67 10 17 313 91 165 103 110 312 175 262 165 155 254 63 106 37 54 
21 0 29 0 0 19 0 15 0 0 36 0 28 17 0 83 55 81 64 68 21 3 26 0 1 
0 0 193 0 37 0 0 225 0 32 0 0 203 0 23 0 0 186 0 26 0 0 177 0 28 
117 76 0 140 60 124 81 0 117 96 147 133 39 154 98 105 81 0 117 69 106 116 0 130 44 
51 75 54 79 42 10 19 0 27 0 73 94 60 108 50 17 55 4 44 5 64 70 59 95 33 
0 0 46 53 0 72 48 93 96 56 0 0 36 32 0 54 46 94 79 49 40 32 75 67 24 
