866 809 716 764 829 1144 1086 985 1004 1072 669 646 587 642 798 993 951 828 970 968 559 532 437 476 636 
154 122 161 142 143 0 0 0 0 0 107 77 110 91 93 0 0 0 0 0 0 0 0 0 0 
150 50 41 207 255 76 0 0 131 164 196 66 76 305 331 64 0 0 93 156 61 0 0 133 142 
0 0 60 72 1 94 55 129 113 86 1 4 56 56 0 84 62 135 114 71 55 32 107 89 38 
169 49 110 144 40 158 13 95 115 0 157 44 97 122 40 137 5 61 109 0 301 190 276 298 186 
105 7 10 0 108 100 8 17 0 128 201 107 104 89 207 180 78 106 69 161 234 123 125 119 263 
0 0 0 0 0 0 0 0 0 0 1038 1051 999 1024 1062 0 0 0 0 0 0 0 0 0 0 
0 0 0 298 0 0 0 3 274 0 120 123 112 420 129 119 115 102 430 153 0 0 0 264 0 
15 9 12 186 5 0 0 0 189 0 38 48 35 190 32 0 0 0 176 0 4 6 5 189 3 
0 0 0 0 0 0 0 0 0 0 0 0 0 0 0 67 71 81 76 101 212 174 186 230 210 
73 82 54 51 164 0 9 0 0 91 0 2 0 0 97 0 4 0 0 99 76 79 73 64 149 
146 145 148 158 157 0 0 0 0 0 0 0 0 0 0 0 0 0 0 0 86 80 64 64 84 
0 0 0 0 0 0 0 0 0 0 0 0 0 0 0 423 425 411 401 409 189 176 178 184 198 
0 205 0 0 81 0 179 0 0 97 125 335 148 128 211 0 178 0 0 96 0 219 0 0 72 
817 0 0 0 0 808 0 0 0 0 800 0 0 0 0 831 0 0 0 0 841 0 0 0 0 
11 2 224 136 155 45 18 184 151 173 117 117 310 268 228 182 209 412 343 334 131 91 307 219 303 
79 111 81 147 65 56 64 54 104 61 0 43 0 41 0 35 83 47 80 36 0 39 0 32 0 
39 14 14 6 23 132 107 120 106 128 34 0 0 0 21 30 0 0 0 20 134 115 102 117 154 
0 0 135 0 0 0 0 113 0 0 0 0 133 0 0 140 112 246 106 125 0 0 138 0 0 
0 68 45 49 0 0 83 47 47 0 41 104 97 112 34 0 74 50 54 0 0 77 58 46 0 
0 2 3 6 143 134 104 100 147 253 136 124 119 105 215 1 5 0 0 127 79 103 107 101 206 
0 0 0 0 0 0 0 0 0 0 0 0 0 0 0 1017 1086 1092 1064 1006 0 0 0 0 0 
0 17 54 141 0 0 21 53 120 0 0 18 52 150 0 0 17 56 146 0 0 15 57 160 0 
77 60 0 0 0 86 85 17 16 14 173 106 37 39 29 114 78 0 0 0 110 108 27 22 29 
65 109 74 143 141 6 35 20 73 67 16 37 17 78 70 0 40 0 49 58 0 36 0 56 65 
69 125 104 64 0 69 123 162 62 2 266 292 309 289 199 85 135 134 84 0 233 198 253 209 120 
74 11 15 103 11 77 0 0 122 0 220 160 146 247 124 79 0 0 113 0 108 50 44 191 44 
132 112 48 55 40 163 109 61 63 37 66 57 15 0 0 95 89 19 13 18 95 56 10 0 0 
0 0 135 56 0 0 0 148 52 0 0 0 179 51 0 0 0 159 43 0 0 0 136 41 0 
137 185 197 135 120 0 59 71 0 0 0 57 74 0 0 39 67 99 38 40 0 53 110 0 0 
63 51 67 66 58 96 114 101 111 98 22 39 42 36 37 0 0 0 0 0 0 0 0 0 0 
0 0 0 170 0 0 0 0 184 0 241 246 227 429 253 0 0 0 176 0 0 0 0 161 0 
0 0 0 0 0 159 142 180 140 143 0 0 0 0 0 0 0 0 0 0 82 57 71 69 81 
108 5 1 52 45 121 35 44 107 94 190 69 73 132 148 79 0 0 64 43 180 63 67 118 115 
0 85 0 0 0 0 79 0 0 0 0 71 0 0 0 124 159 92 140 91 61 135 50 52 53 
0 0 112 0 0 96 111 219 118 122 0 0 107 0 0 8 10 119 4 8 18 15 103 9 20 
287 273 220 276 122 127 119 83 108 0 89 126 70 91 1 318 282 199 286 160 154 128 86 123 0 
0 0 0 0 0 31 35 30 19 22 0 0 0 0 0 58 67 68 65 90 99 94 95 97 127 
0 228 0 202 0 0 182 0 195 0 8 207 7 201 7 0 186 0 193 0 0 198 0 205 0 
0 42 0 139 0 0 50 0 144 0 0 51 0 150 0 74 162 81 235 92 0 61 0 143 0 
0 0 0 0 84 90 76 84 67 158 98 93 82 92 145 0 0 0 0 80 0 0 0 0 88 
97 336 360 75 220 16 199 273 7 143 85 266 346 59 167 84 351 328 95 255 193 353 409 149 268 
0 50 37 0 90 21 68 50 13 100 30 88 98 41 95 0 64 30 0 74 0 67 34 0 75 
115 101 113 118 127 14 0 0 41 0 13 0 0 42 0 19 0 0 41 0 94 70 63 110 87 
68 0 66 0 0 63 0 74 0 0 116 53 108 47 51 99 16 79 13 10 66 0 73 0 0 
0 18 81 0 96 0 12 69 0 107 0 16 74 0 106 0 14 91 0 133 0 13 69 0 101 
17 57 142 87 22 51 77 162 121 55 0 37 113 42 0 50 79 161 115 55 0 21 101 65 0 
0 59 0 0 0 0 72 0 0 0 117 225 103 137 127 0 93 0 0 0 14 82 17 23 29 
0 0 0 67 0 69 72 53 133 89 1 0 0 77 0 0 0 0 78 0 81 65 62 161 63 
53 0 96 54 0 65 0 121 55 0 67 0 98 57 0 47 0 109 53 0 48 0 104 50 0 
82 51 0 34 0 109 78 17 54 25 102 91 0 25 0 118 58 0 44 0 97 60 0 35 0 
0 0 0 0 31 198 194 200 197 227 0 1 0 0 37 0 0 0 0 38 0 0 0 0 39 
89 47 57 107 76 58 37 49 96 66 24 0 0 52 9 27 0 0 48 11 37 12 7 56 27 
30 72 11 7 16 17 51 0 0 0 21 87 0 0 0 151 184 143 144 129 30 84 0 0 0 
0 0 0 22 0 189 174 202 203 170 0 0 0 23 0 0 0 0 23 0 0 0 0 20 0 
101 100 179 191 112 0 0 64 86 0 0 0 99 78 0 0 0 80 63 0 0 0 67 74 0 
63 57 59 48 68 41 0 0 0 11 76 62 47 48 72 30 0 0 0 22 92 49 45 49 58 
0 0 25 0 69 9 6 36 12 89 0 0 34 0 70 10 7 43 8 94 80 75 114 64 153 
585 586 605 638 585 0 0 0 0 0 0 0 0 0 0 0 0 0 0 0 0 0 0 0 0 
73 140 166 82 97 39 113 127 35 34 0 43 82 0 0 0 53 99 0 0 0 54 75 0 0 
0 0 110 0 0 0 0 91 0 0 76 114 207 112 101 0 0 85 0 0 0 0 104 0 0 
111 129 41 63 145 37 43 0 0 92 48 64 0 0 68 45 48 0 0 78 60 44 0 0 85 
0 49 0 23 36 59 115 57 80 94 0 59 0 27 38 0 55 0 39 40 26 65 22 53 63 
10 7 101 7 12 0 0 89 0 0 0 0 88 0 0 39 42 128 28 30 79 80 158 59 89 
0 0 0 54 83 100 100 75 146 198 0 0 0 58 84 0 0 0 42 89 0 0 0 50 87 
116 193 94 91 100 27 137 0 0 0 37 134 11 9 9 29 90 0 0 0 35 100 2 6 0 
67 30 95 42 103 20 0 37 3 66 16 0 35 0 77 17 0 53 2 63 11 0 42 3 71 
39 2 0 0 6 31 0 15 0 0 41 36 62 25 55 96 46 43 27 42 150 112 120 135 121 
56 34 118 48 40 18 0 81 0 0 17 0 77 0 0 12 0 70 0 0 49 18 113 31 19 
41 17 38 10 17 22 3 0 0 0 0 19 15 10 3 32 0 0 0 0 26 0 0 0 0 
0 62 64 0 0 0 54 49 0 0 21 104 73 21 20 32 109 48 40 42 0 62 55 0 0 
20 0 0 0 0 0 16 0 0 0 0 1 0 0 0 14 0 0 0 0 0 0 0 0 0 
30 0 91 0 45 63 43 124 39 80 25 0 85 0 28 37 9 99 5 36 30 0 99 0 28 
0 2135 0 0 0 0 2196 0 0 0 0 2038 0 0 0 0 2131 0 0 0 0 2071 0 0 0 
16 118 121 2 12 80 207 220 83 84 3 119 105 2 0 47 204 140 72 52 10 131 123 0 0 
52 93 91 0 0 47 114 118 0 0 86 115 105 0 0 57 120 98 0 0 51 114 108 0 0 
0 104 0 104 0 86 173 85 186 92 68 182 34 198 50 0 108 0 140 0 0 112 0 118 0 
0 0 0 0 0 1271 1222 1221 1184 1258 0 0 0 0 0 0 0 0 0 0 0 0 0 0 0 
0 0 99 147 0 0 0 90 115 0 0 0 94 144 0 0 0 95 135 0 0 0 85 154 0 
173 49 51 110 40 158 57 61 130 73 93 0 0 47 0 110 0 0 45 0 106 0 0 47 0 
0 115 0 0 79 0 143 0 0 71 0 153 0 0 85 0 134 0 0 66 0 140 0 0 95 
171 287 162 260 130 76 189 52 143 5 315 426 280 402 152 117 257 129 220 51 232 378 274 321 152 
94 87 281 279 94 0 0 199 202 5 113 114 282 309 110 0 0 168 192 9 19 11 197 194 25 
143 119 107 145 248 13 24 0 20 173 15 23 5 29 164 216 231 173 203 366 214 254 222 222 375 
0 72 0 0 0 0 56 0 0 0 0 66 0 0 0 7 70 5 10 4 178 224 187 162 180 
58 28 43 7 58 59 20 35 0 46 47 12 37 0 39 73 14 31 0 45 135 108 108 84 143 
210 72 0 105 0 218 76 0 113 0 215 57 0 109 0 207 69 0 115 0 209 66 0 124 0 
57 0 0 0 0 64 0 0 0 0 66 0 0 0 0 203 139 151 147 145 55 0 0 0 0 
154 303 330 220 96 178 283 346 220 100 140 305 338 196 131 94 220 280 126 30 87 237 267 132 23 
86 0 5 62 33 126 99 70 151 85 120 82 90 105 94 81 26 18 84 49 71 0 0 54 15 
131 139 132 107 198 0 0 8 0 50 75 88 84 67 132 0 0 28 0 54 0 0 18 0 61 
40 86 0 78 0 140 187 100 196 85 94 114 70 152 70 54 80 0 75 0 34 68 0 85 0 
79 104 101 102 149 90 88 79 66 128 0 26 0 0 51 0 24 0 0 30 50 72 53 48 104 
0 98 0 0 0 37 177 56 41 38 38 183 42 40 37 43 159 30 43 59 45 157 58 44 65 
24 9 40 19 0 84 66 107 88 62 28 15 44 11 0 28 4 43 1 0 28 15 33 18 0 
1 9 0 78 198 112 114 106 171 328 0 20 0 68 232 0 3 0 70 236 112 140 116 168 291 
11 23 98 6 248 4 1 72 10 180 122 106 181 121 290 140 151 241 183 363 2 0 67 1 196 
161 0 0 0 0 153 0 0 0 0 233 85 103 119 111 124 0 0 0 0 139 0 0 0 0 
0 0 0 0 838 0 0 0 0 799 0 0 0 0 858 0 0 0 0 832 0 0 0 0 785 
104 69 0 141 49 107 92 3 163 72 141 133 43 201 91 89 83 1 145 76 100 106 5 164 45 
132 0 0 0 0 261 103 92 81 67 158 0 0 0 0 158 0 0 0 0 154 0 0 0 0 
0 0 0 0 0 72 55 72 64 70 0 0 0 0 0 140 117 138 141 135 0 0 0 0 0 
0 22 0 143 0 33 55 46 186 32 0 19 0 132 0 0 16 0 136 0 0 20 0 160 0 
81 61 103 137 137 51 0 78 54 51 32 1 60 76 64 95 62 118 124 115 10 2 53 66 35 
43 47 55 128 106 28 21 31 81 74 0 0 0 77 55 0 0 0 48 50 7 10 9 75 52 
0 8 63 0 0 83 95 173 83 87 0 9 71 1 0 56 79 168 48 61 0 6 63 0 0 
126 0 119 0 0 117 0 89 0 0 107 0 113 4 0 78 0 104 0 0 120 11 92 9 13 
301 106 312 113 193 312 120 336 117 197 334 140 356 169 259 218 19 205 56 137 216 58 221 20 127 
67 159 70 89 67 0 87 0 28 0 17 129 28 35 29 0 105 0 17 0 0 77 0 24 0 
0 0 29 0 58 35 46 74 43 113 55 74 85 53 121 0 0 23 0 61 0 0 43 0 58 
0 0 19 0 220 0 0 19 0 198 0 0 30 0 185 0 0 28 0 204 0 0 26 0 204 
0 0 0 50 0 0 0 0 59 0 54 59 45 140 45 0 0 0 59 0 85 78 82 158 86 
95 0 0 106 0 128 0 0 132 0 111 0 0 110 0 111 0 0 140 0 111 0 0 126 0 
0 27 65 88 0 102 189 174 218 118 177 207 226 244 143 0 45 97 111 9 67 125 106 162 52 
119 153 142 116 257 0 0 0 0 98 0 0 0 0 96 24 25 37 30 134 0 0 0 0 87 
143 261 161 149 161 0 139 0 0 0 88 221 99 98 100 1 112 1 0 1 102 226 74 67 80 
151 150 81 83 83 84 48 0 0 0 94 57 4 4 8 74 50 0 0 0 79 63 0 0 0 
0 94 0 0 0 29 135 41 45 52 0 105 0 0 0 54 161 67 67 54 0 96 0 0 0 
0 0 0 0 0 0 0 0 0 0 0 0 0 0 0 0 0 0 0 0 466 430 459 452 415 
0 0 43 0 0 81 95 107 87 101 0 0 39 0 0 93 85 104 68 89 23 32 64 22 28 
10 16 19 20 57 0 0 0 0 37 85 81 77 72 109 0 0 0 0 36 73 105 83 83 120 
0 0 0 153 0 0 0 0 137 0 0 0 0 163 0 0 0 0 164 0 84 82 93 243 104 
0 67 0 34 71 0 61 0 39 75 0 56 0 35 90 0 60 0 31 72 18 78 24 53 110 
0 112 0 0 0 0 108 0 0 0 0 106 0 0 0 0 96 0 0 0 97 185 99 105 92 
0 0 0 36 0 85 57 78 84 77 50 0 52 39 36 0 0 0 18 0 100 94 113 143 107 
0 0 117 55 0 43 46 159 107 50 0 0 104 39 0 0 0 89 39 0 0 0 127 37 0 
59 0 0 0 0 130 64 63 79 71 102 20 19 20 15 131 48 48 54 42 58 0 0 0 0 
83 35 33 111 37 39 0 0 91 0 48 0 0 85 0 83 35 30 120 32 55 0 0 83 0 
0 0 62 42 0 0 0 54 42 0 93 91 142 118 90 0 0 62 47 0 0 0 66 42 0 
40 0 0 91 120 116 99 87 185 224 41 1 1 94 152 66 21 20 99 121 44 41 62 116 138 
0 6 55 106 10 0 0 64 97 0 61 45 137 156 66 33 51 89 156 44 0 0 56 99 0 
68 6 54 64 10 54 5 37 54 24 152 84 133 135 116 92 17 58 58 19 78 0 59 53 0 
40 0 54 0 57 38 0 57 0 53 28 0 68 0 70 90 52 104 69 103 33 0 56 0 54 
119 29 183 111 56 68 15 134 95 30 67 0 126 39 14 175 59 184 123 101 110 33 187 61 68 
14 63 163 28 127 141 171 302 134 240 37 100 203 43 161 0 22 147 0 112 109 131 261 114 230 
24 26 28 72 74 43 41 40 95 96 0 0 0 37 34 0 0 0 46 20 92 105 109 171 125 
18 32 1 85 1 32 50 0 107 0 78 72 41 129 54 27 39 0 111 0 42 33 0 83 0 
0 0 58 0 0 170 164 220 162 185 0 0 67 0 0 0 0 87 0 0 0 0 70 0 0 
13 7 0 0 80 15 2 0 1 70 67 74 55 48 129 19 22 16 13 90 101 134 103 99 151 
73 12 12 4 17 115 78 82 78 84 129 86 94 123 109 47 0 4 0 16 42 5 18 0 23 
20 101 76 15 34 0 93 73 6 10 0 75 46 0 19 0 81 55 6 13 50 127 107 40 87 
156 206 105 111 117 85 65 53 21 24 43 51 17 0 0 45 58 18 0 0 34 48 16 0 0 
95 0 0 24 0 82 0 0 12 0 98 0 0 10 0 99 0 0 0 0 120 15 23 36 29 
67 80 13 21 19 49 44 0 0 2 45 67 13 0 14 68 71 38 37 49 84 72 48 30 42 
38 76 43 71 29 0 62 11 42 16 2 51 11 46 19 0 43 14 31 13 39 104 64 97 79 
0 0 55 26 10 0 0 44 35 3 0 0 43 40 6 42 51 120 94 61 54 49 99 92 63 
29 38 26 22 30 0 0 0 0 0 71 59 57 62 55 0 0 0 0 0 120 107 99 114 110 
41 32 36 32 43 0 0 15 0 0 0 0 19 0 0 52 44 88 51 45 122 97 132 135 121 
38 43 106 46 52 6 6 59 6 12 53 45 121 42 49 0 0 51 3 0 0 3 57 19 0 
0 0 180 32 0 0 0 141 23 0 19 20 156 37 18 0 0 166 23 0 0 0 162 23 0 
47 117 0 0 0 97 158 54 49 49 101 188 31 19 18 104 187 66 56 67 39 111 0 0 0 
60 0 72 67 100 129 69 187 157 186 140 69 163 167 206 130 47 105 100 160 63 6 76 122 129 
125 164 93 77 92 15 65 3 0 0 102 178 85 74 81 51 93 41 22 22 35 79 0 0 0 
0 117 103 166 0 0 129 117 167 0 0 108 117 170 3 0 119 113 157 0 0 128 113 166 3 
19 0 0 164 0 10 0 0 116 0 115 84 110 250 109 12 0 0 130 0 23 1 0 129 0 
48 59 24 42 52 0 56 0 0 23 36 72 43 40 56 0 34 0 0 28 0 60 0 0 22 
144 166 35 83 87 192 247 77 114 166 163 193 72 103 123 97 99 4 32 65 233 286 124 179 178 
58 158 112 75 86 3 41 62 13 0 28 74 91 34 23 22 73 52 12 22 0 55 46 0 0 
4 37 17 9 84 19 35 42 8 121 7 24 16 9 62 64 95 82 62 184 34 51 44 35 116 
696 517 569 421 509 473 238 284 232 216 510 324 314 195 333 404 164 189 69 178 563 396 446 373 367 
84 62 2 5 0 167 144 67 69 77 70 80 0 0 0 90 85 21 18 16 63 55 0 0 0 
136 290 104 140 121 248 360 141 241 169 117 266 73 153 80 29 180 0 44 0 71 210 69 101 37 
0 0 0 0 54 0 0 0 0 61 0 0 0 0 69 0 0 0 0 60 146 170 147 167 201 
77 0 38 0 20 129 14 72 26 39 136 55 100 63 63 160 97 135 82 96 150 32 41 25 36 
150 0 0 54 0 155 0 0 55 0 141 0 0 39 0 168 0 0 45 0 149 0 0 41 0 
161 113 150 220 103 39 2 91 118 0 75 44 133 173 63 50 8 101 100 21 51 0 81 83 0 
76 115 97 196 161 0 8 6 98 47 0 19 6 74 57 0 15 9 101 53 33 50 32 115 62 
136 120 100 62 13 222 213 178 144 133 108 101 101 45 13 270 237 233 169 142 175 164 162 42 77 
57 130 51 57 53 0 55 0 0 0 6 80 4 5 4 0 63 0 0 0 76 153 62 76 65 
0 0 0 17 0 0 0 0 21 0 0 0 0 21 0 0 0 0 18 0 176 191 216 231 217 
43 1 0 28 33 115 89 77 98 101 47 0 0 23 37 40 1 0 17 41 47 0 0 26 31 
51 7 57 115 101 25 12 37 112 93 68 28 53 138 108 15 0 38 89 93 115 84 119 199 207 
0 75 61 0 75 0 80 73 0 85 0 88 59 0 63 0 77 70 0 72 0 93 70 0 69 
46 22 56 37 33 71 51 91 55 54 23 14 36 20 13 53 44 102 72 47 8 0 31 0 0 
82 0 0 0 62 74 0 0 0 50 90 0 0 0 59 76 0 0 0 51 195 110 81 101 166 
74 120 6 143 93 66 141 10 127 135 51 105 0 129 80 202 240 146 274 188 107 190 86 185 144 
77 88 103 81 66 11 36 40 12 9 0 12 44 0 0 61 68 89 51 45 20 29 57 21 14 
0 0 0 140 35 0 0 0 159 28 26 27 16 157 49 0 0 0 149 34 0 0 0 138 38 
0 0 0 139 13 144 126 119 304 159 0 0 0 158 13 112 117 110 243 106 0 0 0 126 8 
66 165 189 190 74 43 137 157 207 27 104 190 197 213 81 73 213 192 254 101 125 171 226 272 112 
0 0 0 1280 0 0 0 0 1271 0 0 0 0 1288 0 0 0 1 1357 0 0 0 0 1300 0 
197 0 0 0 0 197 13 17 17 20 178 0 0 0 0 196 0 0 0 0 166 0 0 0 0 
99 0 0 0 0 126 0 0 0 0 138 0 0 0 0 108 0 0 0 0 227 92 94 92 106 
265 31 101 60 36 228 0 35 10 0 447 130 205 114 117 453 213 362 241 216 286 32 110 56 42 
68 28 30 65 87 41 0 0 26 65 55 0 0 18 34 59 0 0 36 43 101 49 48 85 93 
0 0 0 37 0 75 68 49 99 59 0 0 0 26 0 45 50 63 93 55 44 51 44 99 39 
2 22 0 0 0 0 65 15 0 5 0 47 0 0 0 0 18 0 0 0 0 37 9 0 28 
1 0 221 0 37 0 0 246 0 28 0 0 222 0 30 0 0 221 0 26 0 0 211 0 27 
89 16 80 0 0 100 11 90 0 0 109 9 86 0 0 108 8 85 0 0 101 14 94 0 0 
85 106 147 124 118 0 0 47 0 0 0 0 74 0 0 0 0 55 0 1 203 245 246 243 228 
0 0 1467 0 0 0 0 1483 0 0 0 0 1365 0 0 0 0 1498 0 0 0 0 1458 0 0 
