1060 993 967 972 960 1242 1261 1207 1203 1254 799 837 851 781 944 1196 1110 1112 1170 1098 714 627 639 597 743 
150 117 159 136 135 0 0 0 0 0 108 71 117 93 95 0 0 0 0 0 0 0 0 0 0 
79 34 29 141 164 70 0 1 129 138 149 57 43 225 228 53 0 0 78 127 54 0 0 95 118 
266 41 59 102 96 160 0 0 11 1 337 82 145 116 142 327 141 223 210 199 273 84 124 128 114 
0 0 2 151 14 161 126 129 336 172 2 2 0 180 18 119 127 127 272 118 2 0 0 142 9 
165 45 121 134 41 133 14 85 103 0 151 33 99 109 30 121 5 60 109 0 270 190 263 281 168 
110 8 20 0 101 80 3 16 0 92 199 91 121 105 191 172 66 101 69 150 243 118 136 110 253 
0 0 0 0 0 0 0 0 0 0 1032 1036 994 1008 1047 0 0 0 0 0 0 0 0 0 0 
0 0 0 225 0 0 0 4 225 1 105 101 90 339 114 99 95 78 350 114 0 0 0 219 0 
15 9 15 198 5 0 0 0 198 0 39 43 37 201 31 0 0 0 190 0 3 6 4 209 4 
229 211 244 330 162 36 1 106 160 0 75 39 115 208 46 45 0 132 126 27 43 0 81 99 0 
0 0 0 0 0 0 0 0 0 0 0 0 0 0 0 57 68 71 61 93 165 157 166 182 168 
72 113 75 56 189 0 12 0 0 114 0 5 0 0 121 0 5 0 0 121 88 85 83 69 189 
138 138 141 143 149 0 0 0 0 0 0 0 0 0 0 0 0 0 0 0 84 83 60 64 77 
0 0 0 0 0 0 0 0 0 0 0 0 0 0 0 431 436 426 412 422 193 179 189 184 210 
0 199 0 0 81 0 172 0 0 97 101 312 127 123 195 0 187 0 0 93 0 213 0 0 76 
795 0 0 0 0 791 0 0 0 0 786 0 0 0 0 815 0 0 0 0 823 0 0 0 0 
13 19 190 152 178 44 19 222 155 205 97 107 280 243 252 182 182 382 341 353 126 108 297 225 321 
107 139 101 181 91 72 100 65 147 90 0 54 0 47 0 50 106 50 127 56 0 47 0 56 0 
34 12 12 12 24 143 105 108 104 133 34 0 0 0 16 26 0 0 0 20 133 114 113 118 141 
0 0 124 0 0 0 0 139 0 0 0 0 147 0 0 160 123 296 140 146 0 0 151 0 0 
0 74 48 57 0 0 86 51 51 0 35 108 102 119 35 0 84 53 59 0 0 76 65 49 0 
4 0 0 4 155 148 122 137 141 265 162 137 126 128 223 2 8 0 0 142 91 95 102 83 228 
0 0 0 0 0 0 0 0 0 0 0 0 0 0 0 992 1046 1058 1030 954 0 0 0 0 0 
0 18 52 145 0 0 18 65 123 0 0 21 50 158 0 0 18 54 161 0 0 16 60 162 0 
77 49 0 0 0 89 74 18 14 17 152 103 42 40 32 100 72 0 0 0 108 102 23 25 35 
114 178 120 266 248 4 41 18 132 95 0 48 20 120 114 0 43 0 115 86 16 67 7 122 101 
77 100 91 61 6 86 104 138 67 0 247 266 274 241 166 92 113 115 73 0 226 185 240 195 118 
76 16 14 95 14 75 0 0 111 0 209 151 134 225 130 71 0 0 103 0 114 50 46 176 39 
152 123 57 62 43 179 124 55 60 36 70 65 15 0 0 106 93 20 14 16 104 53 9 0 0 
0 0 140 57 0 0 0 152 52 0 0 0 181 52 0 0 0 164 43 0 0 0 139 41 0 
147 198 202 143 124 0 62 85 0 0 0 50 88 0 0 63 95 138 56 41 0 57 105 0 0 
76 61 76 76 68 118 147 133 138 117 36 55 55 42 45 0 0 0 0 0 0 0 0 0 0 
0 0 0 165 0 0 0 0 174 0 230 234 220 409 242 0 0 0 171 0 0 0 0 155 0 
0 0 0 0 0 152 149 185 141 148 0 0 0 0 0 0 0 0 0 0 79 62 74 70 83 
99 1 0 58 28 127 34 52 102 93 203 74 87 134 151 74 0 0 62 32 190 60 77 150 107 
0 85 0 0 0 0 80 0 0 0 0 60 0 0 0 114 146 82 118 75 50 131 47 52 48 
0 0 103 0 0 90 94 190 111 112 0 0 99 0 0 8 9 101 4 8 16 13 92 10 16 
203 189 153 223 96 95 71 60 97 0 75 65 55 81 0 230 186 130 238 92 110 101 59 108 0 
0 0 0 0 0 36 41 33 26 24 0 0 0 0 0 76 87 84 74 118 107 118 110 110 148 
0 231 0 212 0 0 195 0 212 0 8 216 9 209 7 0 198 0 197 0 0 212 0 219 0 
0 35 0 104 0 0 44 0 111 0 0 40 0 106 0 51 109 53 169 56 0 50 0 96 0 
0 0 0 0 76 90 78 84 68 136 91 74 81 86 138 0 0 0 0 76 0 0 0 0 82 
92 266 322 6 248 59 202 244 7 188 129 261 335 37 256 174 312 322 111 322 217 333 362 148 267 
0 53 38 0 87 19 69 54 13 94 32 88 96 39 94 0 64 29 0 72 0 64 29 0 72 
100 83 95 106 108 13 0 0 32 0 12 0 0 35 0 15 0 0 38 0 80 58 54 95 73 
29 0 0 56 71 65 38 37 82 115 20 0 0 59 65 36 10 12 53 64 29 27 31 69 77 
69 0 65 0 0 63 0 75 0 0 113 53 108 48 50 99 16 78 13 12 66 0 73 0 0 
0 18 81 0 96 0 12 69 0 107 0 16 73 0 106 0 14 89 0 133 0 13 68 0 101 
13 60 147 75 21 60 78 173 105 51 0 45 124 46 0 54 82 172 100 41 0 26 112 66 0 
0 58 0 0 0 0 66 0 0 0 104 206 97 123 111 0 82 0 0 0 14 75 17 22 24 
0 0 0 71 0 59 64 50 122 80 0 0 0 70 0 0 0 0 80 0 71 63 57 147 61 
48 0 92 48 0 57 0 109 53 0 59 0 93 50 0 46 0 102 54 0 44 0 98 46 0 
80 49 0 33 0 107 78 18 53 26 101 92 0 29 0 114 56 0 45 0 92 62 0 38 0 
0 0 0 0 23 177 158 177 182 192 0 0 0 0 30 0 0 0 0 29 0 0 0 0 32 
89 47 57 109 76 58 37 49 96 68 24 0 0 52 10 28 0 0 48 11 37 12 8 56 27 
29 55 8 6 8 17 48 0 0 0 21 73 0 0 0 125 159 123 115 110 27 72 0 0 0 
0 0 0 21 0 202 182 215 210 179 0 0 0 23 0 0 0 0 23 0 0 0 0 21 0 
71 79 133 137 89 0 0 52 63 0 0 0 74 60 0 0 0 67 53 0 0 0 59 61 0 
69 65 67 53 70 42 0 0 0 12 80 67 52 50 75 32 0 0 0 25 102 52 47 50 66 
0 0 25 0 69 9 6 36 12 88 0 0 34 0 70 10 7 43 8 95 81 75 114 64 153 
585 586 605 637 585 0 0 0 0 0 0 0 0 0 0 0 0 0 0 0 0 0 0 0 0 
55 105 144 66 73 28 82 98 26 26 0 32 72 0 0 0 39 73 0 0 0 36 68 0 0 
0 0 110 0 0 0 0 91 0 0 76 114 207 112 101 0 0 85 0 0 0 0 104 0 0 
89 99 33 50 116 33 31 0 0 75 36 48 0 0 60 38 32 0 0 62 50 36 0 0 66 
0 44 0 0 0 43 101 39 51 38 0 56 0 10 0 0 54 0 28 0 12 43 3 18 6 
9 7 99 4 12 0 0 87 0 0 0 0 83 0 0 36 39 120 27 29 75 77 150 58 85 
0 0 0 51 75 88 81 63 117 163 0 0 0 49 73 0 0 0 36 84 0 0 0 47 73 
94 165 78 73 84 22 106 0 0 0 30 115 7 8 9 22 75 0 0 0 24 80 3 3 0 
75 37 106 52 107 19 0 45 12 66 22 0 49 11 82 19 0 58 13 64 11 0 43 14 71 
87 18 28 0 2 96 16 16 0 0 128 66 84 60 81 137 61 66 31 38 188 110 123 118 103 
67 34 117 48 54 32 0 78 0 4 29 0 75 0 6 25 0 69 0 8 83 45 119 48 47 
0 45 0 0 1 19 68 25 52 45 28 80 28 32 19 26 72 37 62 26 0 33 0 9 0 
90 78 100 50 60 34 30 31 0 11 57 68 56 27 42 45 27 39 0 13 35 30 38 0 9 
0 62 70 0 0 16 81 71 20 20 20 104 82 20 21 32 109 67 40 42 0 62 59 0 0 
56 102 57 51 49 38 109 35 40 33 19 83 21 21 31 27 64 27 30 30 0 66 0 0 0 
24 0 81 0 42 62 43 114 39 72 24 0 77 0 27 29 0 84 0 25 27 0 91 0 24 
0 2062 0 0 0 0 2110 0 0 0 0 1991 0 0 0 0 2075 0 0 0 0 1985 0 0 0 
21 134 108 14 11 85 177 183 78 55 5 126 105 3 0 35 211 142 90 44 4 123 84 0 0 
56 87 74 0 0 43 98 95 0 0 68 102 95 0 0 59 112 87 0 1 53 94 89 0 0 
0 113 0 133 0 107 194 90 251 107 92 207 69 236 69 0 100 0 147 0 2 107 0 107 0 
89 109 12 166 111 78 185 1 175 140 62 91 3 176 87 244 297 191 318 233 159 251 115 272 211 
0 0 0 0 0 1251 1210 1208 1173 1236 0 0 0 0 0 0 0 0 0 0 0 0 0 0 0 
0 0 80 131 0 0 0 81 112 0 0 0 83 131 0 0 0 82 126 0 0 0 76 133 0 
130 43 51 84 39 138 48 47 101 61 90 0 0 39 0 77 0 0 31 0 83 0 0 42 0 
0 144 0 0 92 0 174 0 0 84 0 182 0 0 97 0 152 0 0 80 0 163 0 0 113 
158 249 129 220 85 105 239 93 141 20 243 368 230 298 133 204 336 213 214 132 185 372 253 239 167 
19 18 178 177 70 0 0 121 80 36 70 82 180 207 119 0 1 68 84 30 59 73 163 177 114 
151 142 132 173 286 2 14 0 3 179 6 10 2 1 152 214 223 180 191 368 238 242 277 252 382 
0 65 0 0 0 0 52 0 0 0 0 69 0 0 0 7 66 4 9 4 183 212 174 155 171 
51 23 39 11 46 43 12 32 0 37 41 13 35 0 29 68 10 31 0 41 113 103 87 83 120 
44 137 136 176 51 37 131 162 201 40 86 160 206 237 63 18 146 165 195 75 67 117 150 225 27 
207 74 0 103 0 211 69 0 101 0 210 56 0 105 0 196 60 0 120 0 206 61 0 120 0 
60 16 2 39 46 138 117 93 134 123 59 14 0 46 46 51 1 0 25 50 61 9 1 33 33 
54 0 0 0 0 61 0 0 0 0 63 0 0 0 0 199 133 145 144 141 52 0 0 0 0 
82 241 229 161 43 94 216 238 110 32 117 221 220 107 72 57 180 205 78 7 61 230 256 103 22 
74 6 7 46 24 118 65 55 97 69 106 78 66 82 88 72 26 24 67 38 57 0 0 31 14 
114 114 127 84 177 0 0 7 0 44 57 74 84 66 110 0 0 16 0 48 0 0 11 0 63 
38 65 0 74 0 122 138 79 139 60 76 79 42 105 52 43 50 0 60 0 35 53 0 74 0 
88 87 101 91 147 95 84 74 75 111 0 26 0 0 64 0 18 0 0 33 77 94 63 63 111 
0 72 0 0 0 30 121 34 35 28 35 125 38 35 32 26 112 26 25 36 36 116 42 37 53 
33 11 42 35 0 105 72 115 112 63 43 20 48 37 0 47 8 44 35 0 42 21 37 39 0 
1 16 0 96 239 143 131 135 234 389 1 29 0 104 286 0 19 0 99 282 131 166 128 214 350 
14 26 101 4 223 4 0 79 5 180 115 100 181 111 281 141 148 230 169 334 3 7 81 2 189 
155 0 0 56 0 160 0 0 56 0 142 0 0 41 0 170 0 0 46 0 152 0 0 42 0 
0 0 0 0 845 0 0 0 0 797 0 0 0 0 851 0 0 0 0 843 0 0 0 0 777 
172 113 0 185 90 173 132 3 206 134 199 214 47 274 135 169 166 8 195 113 160 185 0 219 97 
116 0 0 0 0 228 88 77 78 66 134 0 0 0 0 131 0 0 0 0 126 0 0 0 0 
45 21 57 43 34 76 65 96 61 50 12 17 38 16 4 62 54 119 81 54 5 0 36 0 0 
0 22 0 141 0 33 54 46 185 32 0 19 0 130 0 0 15 0 136 0 0 20 0 160 0 
0 0 44 52 0 68 47 90 88 53 0 0 39 35 0 54 42 88 78 42 38 28 72 66 25 
116 71 126 151 161 39 0 50 53 47 26 0 62 75 59 81 24 98 116 89 0 0 35 81 32 
43 48 55 131 107 29 23 32 81 74 0 0 0 79 56 0 0 0 48 50 8 9 9 76 53 
174 153 109 96 29 241 200 162 162 132 148 102 83 99 9 295 210 225 157 153 227 201 176 133 102 
142 0 0 0 0 124 0 0 0 0 216 79 96 103 100 119 0 0 0 0 130 0 0 0 0 
0 8 58 0 0 73 82 151 76 81 0 9 63 0 0 47 68 146 43 53 0 5 54 0 0 
210 8 193 0 0 216 1 182 0 0 210 4 189 4 1 181 3 190 0 0 217 21 185 11 10 
0 0 0 0 0 67 52 69 61 69 0 0 0 0 0 138 115 134 139 133 0 0 0 0 0 
307 117 350 133 218 365 190 450 226 268 370 179 435 229 283 199 10 236 49 134 251 66 296 74 137 
77 175 84 89 73 0 113 0 29 0 18 160 32 40 27 0 132 0 20 0 0 98 0 24 0 
0 0 0 19 0 0 0 0 20 0 0 0 0 18 0 0 0 0 22 0 179 185 212 227 213 
0 0 33 0 59 35 46 78 44 114 56 74 90 53 122 0 0 33 0 62 0 0 49 0 59 
0 0 16 0 187 0 0 16 0 178 0 0 28 0 166 0 0 25 0 179 0 0 22 0 182 
0 0 0 50 0 0 0 0 60 0 54 59 45 140 45 0 0 0 58 0 85 78 83 158 86 
110 0 0 109 0 136 0 0 124 0 118 0 0 103 0 107 0 0 136 0 122 0 0 122 0 
7 61 84 101 12 103 194 185 199 116 196 235 251 275 171 22 97 110 131 22 79 109 112 166 46 
109 139 133 117 244 0 0 0 0 85 0 0 0 0 81 26 24 37 24 120 0 0 0 0 82 
91 206 92 96 83 0 102 0 0 0 20 148 17 21 17 1 111 1 0 3 117 259 101 116 107 
136 125 75 77 78 75 45 0 0 0 85 47 4 4 8 63 47 0 0 0 71 56 0 0 0 
0 108 0 0 0 31 167 50 53 60 0 124 0 0 0 60 189 73 77 61 0 109 0 0 0 
92 0 0 0 0 117 0 0 0 0 122 0 0 0 0 102 0 0 0 0 206 88 85 89 98 
0 0 0 0 0 0 0 0 0 0 0 0 0 0 0 0 0 0 0 0 442 415 463 427 407 
0 0 37 0 0 73 79 91 75 87 0 0 31 0 0 77 75 85 59 79 19 25 59 22 26 
8 15 16 17 51 0 0 0 0 36 80 79 71 69 99 0 0 0 0 33 68 98 78 76 105 
0 0 0 128 0 0 0 0 112 0 0 0 0 135 0 0 0 0 141 0 72 71 77 192 80 
0 68 0 32 68 0 61 0 37 74 0 55 0 34 88 0 59 0 31 71 17 77 23 54 110 
71 0 0 0 33 60 0 0 0 25 78 0 0 0 32 62 0 0 0 25 161 83 72 84 131 
0 112 0 0 0 0 108 0 0 0 0 105 0 0 0 0 96 0 0 0 97 185 99 105 92 
27 57 38 56 44 43 59 45 36 50 51 47 41 41 46 0 9 0 13 0 84 108 76 78 69 
0 0 119 56 0 48 47 160 111 52 0 0 104 39 0 0 0 92 40 0 0 0 128 36 0 
20 50 11 0 5 13 69 21 6 25 7 53 0 0 25 40 74 39 46 65 0 41 9 1 34 
59 0 0 0 0 125 62 61 76 69 99 20 18 20 15 130 47 46 52 41 58 0 0 0 0 
195 0 0 0 0 198 13 18 17 20 178 0 0 0 0 196 0 0 0 0 166 0 0 0 0 
83 35 33 111 37 39 0 0 91 0 48 0 0 85 0 83 35 30 120 32 55 0 0 83 0 
0 1 0 28 0 45 46 45 66 36 33 15 40 60 37 0 10 0 28 0 49 56 55 104 59 
0 0 63 42 0 0 0 55 43 0 101 99 149 132 96 0 0 62 47 0 0 0 66 42 0 
71 16 68 145 127 35 6 53 135 105 69 30 61 150 120 36 0 42 115 100 146 91 136 223 240 
0 5 48 94 5 0 0 45 69 0 46 29 98 113 44 26 37 66 108 34 0 0 44 75 0 
64 4 47 46 13 48 8 50 47 16 144 87 140 128 103 81 28 53 53 18 74 0 64 47 0 
50 0 75 0 71 47 0 80 0 72 32 0 81 0 78 120 71 141 81 130 39 0 66 0 68 
122 80 199 114 90 85 24 181 90 41 63 1 115 26 7 171 100 227 129 113 136 72 230 118 102 
11 120 168 38 142 153 256 333 149 287 38 134 211 46 188 0 80 165 2 141 121 195 272 138 270 
21 22 25 61 54 42 48 37 80 76 0 0 0 31 29 0 0 0 25 17 84 99 102 132 109 
26 38 0 110 0 35 60 0 135 0 101 93 51 165 63 31 42 0 135 0 45 39 0 107 0 
0 0 51 0 0 156 144 197 142 163 0 0 58 0 0 0 0 69 0 0 0 0 64 0 0 
60 85 60 84 55 14 29 0 26 0 79 106 70 125 51 17 55 6 50 5 52 55 65 98 17 
12 9 0 0 77 14 3 0 0 58 57 62 48 49 124 24 19 15 16 77 97 119 96 96 137 
59 11 9 6 19 86 58 62 64 63 90 68 72 82 80 38 0 2 0 9 28 11 9 0 20 
25 131 86 30 40 0 101 92 6 9 0 96 54 0 20 0 122 73 9 19 51 145 124 45 103 
126 167 85 89 86 60 57 39 19 19 37 52 15 0 0 37 43 14 0 0 30 41 13 0 0 
0 69 55 0 67 0 71 63 0 72 0 79 53 0 55 0 66 64 0 69 0 84 67 0 66 
97 0 0 77 0 85 0 0 82 0 102 0 0 81 0 100 0 0 66 0 126 15 23 106 29 
67 128 76 75 80 0 63 0 0 0 39 103 44 39 37 0 55 0 0 0 30 77 27 30 30 
53 63 0 9 13 46 40 0 0 0 35 55 8 0 5 53 62 27 32 41 67 65 37 28 44 
38 76 42 68 28 0 61 10 39 16 0 51 10 43 18 0 43 14 26 13 39 103 63 89 78 
0 0 55 27 11 0 0 45 33 3 0 0 43 40 6 43 53 121 94 61 54 50 100 93 63 
30 40 27 23 31 0 0 0 0 0 72 62 58 64 56 0 0 0 0 0 123 113 105 119 114 
43 32 40 37 43 0 0 15 0 0 0 0 18 0 0 42 41 81 53 42 130 109 141 139 126 
38 44 109 56 53 3 10 62 13 12 59 54 130 56 52 0 0 53 3 0 1 9 65 25 13 
0 0 180 31 0 0 0 141 23 0 18 20 156 37 18 0 0 164 23 0 0 0 161 23 0 
48 78 0 0 0 67 110 38 37 33 73 115 17 15 9 90 133 39 40 45 43 77 0 0 0 
74 2 79 81 86 135 61 167 161 157 162 87 165 185 196 139 44 101 119 152 94 3 89 131 105 
112 136 87 67 84 13 54 5 0 0 97 157 72 63 70 48 81 33 21 20 30 68 0 0 0 
0 116 109 164 0 0 127 119 164 0 0 110 120 168 0 0 115 115 157 1 0 125 118 167 0 
0 0 0 140 35 0 0 0 160 28 28 31 16 162 51 0 0 0 151 34 0 0 0 142 38 
17 0 0 154 0 10 0 0 116 0 115 79 105 231 103 17 0 0 118 0 20 0 0 122 0 
63 90 48 52 70 0 48 0 0 27 55 89 49 46 72 5 38 0 0 32 0 53 0 2 28 
110 123 19 53 97 162 216 76 88 178 121 141 42 54 112 83 68 2 30 59 210 250 109 125 143 
56 155 113 73 84 6 36 65 12 2 31 63 91 29 24 20 68 52 11 21 0 57 44 0 0 
0 12 9 0 72 10 32 19 1 107 0 15 6 0 49 57 84 64 34 134 23 36 27 20 90 
0 0 198 0 33 0 0 227 0 29 0 0 206 0 26 0 0 195 0 19 0 0 195 0 27 
682 468 558 404 524 490 183 258 158 204 495 279 323 193 295 350 144 158 14 165 534 321 405 307 375 
82 61 2 0 0 142 139 68 72 64 77 77 0 0 0 91 87 20 16 18 71 64 0 0 0 
157 295 125 158 137 236 343 135 245 173 113 242 82 139 65 37 181 0 61 0 83 197 71 107 44 
22 0 29 76 0 24 0 15 48 0 71 42 65 79 25 85 51 78 107 64 27 0 20 44 0 
0 0 0 36 0 73 65 49 99 55 0 0 0 26 0 46 46 63 90 51 42 48 43 96 40 
0 0 0 0 53 0 0 0 0 56 0 0 0 0 66 0 0 0 0 61 138 157 144 159 186 
71 2 56 0 17 127 13 68 22 34 132 71 106 54 74 157 101 171 87 113 134 39 66 20 24 
51 34 105 113 32 0 0 80 108 0 50 46 130 136 47 0 0 85 87 0 0 0 83 73 0 
63 28 31 68 76 43 0 0 30 60 58 0 0 26 39 58 0 0 37 41 93 45 49 80 85 
42 57 114 77 60 0 0 34 0 0 0 0 53 0 0 0 0 41 0 0 128 154 187 150 150 
0 0 0 1182 0 0 0 0 1169 0 0 0 0 1201 0 1 0 2 1269 1 0 0 0 1210 0 
0 0 1443 0 0 0 0 1463 0 0 0 0 1353 0 0 0 0 1460 0 0 0 0 1442 0 0 
