792 785 646 716 792 1051 1107 1024 1046 1135 672 678 593 665 795 952 979 909 974 1034 602 557 474 459 642 
202 134 202 188 169 0 0 0 0 0 154 95 141 113 119 0 0 0 0 0 0 0 1 0 0 
126 36 37 182 211 75 0 0 158 142 174 71 49 297 282 70 0 0 107 148 63 0 0 140 111 
0 0 78 87 4 103 66 150 125 100 3 8 70 65 0 75 51 128 125 69 69 43 143 119 50 
134 34 74 103 39 124 10 68 88 0 121 21 76 84 17 116 5 44 91 0 249 160 228 253 150 
124 7 19 2 100 98 7 21 0 122 203 101 119 93 189 170 74 104 59 155 243 113 142 121 275 
0 0 0 0 0 0 0 0 0 0 1045 1040 1010 1018 1068 0 0 0 0 0 0 0 0 0 0 
0 0 0 321 0 0 0 5 299 0 127 141 120 442 128 140 123 106 479 149 0 0 0 297 0 
17 12 16 206 5 0 0 0 189 0 43 44 39 202 35 0 0 0 185 0 3 6 3 208 3 
0 0 0 0 0 1 0 0 0 0 0 0 0 0 0 61 72 78 70 83 186 163 152 209 170 
83 102 67 63 186 0 12 0 0 119 0 4 0 0 111 0 6 0 0 129 90 95 82 77 179 
141 145 147 158 147 0 0 0 0 0 0 0 0 0 0 0 0 0 0 0 86 78 67 73 86 
0 0 0 0 0 0 0 0 0 0 0 0 0 0 0 434 435 431 419 428 191 183 183 192 210 
0 198 0 0 86 0 168 0 0 97 128 324 149 134 214 0 182 0 0 94 0 217 0 0 75 
806 0 0 0 0 796 0 0 0 0 786 0 0 0 0 824 0 0 0 0 829 0 0 0 0 
5 5 205 134 159 54 28 211 160 187 101 101 289 244 238 158 168 357 319 320 98 95 270 239 295 
95 142 95 151 82 61 86 59 117 74 0 43 0 48 0 41 106 54 91 49 0 50 0 40 0 
41 12 14 15 20 134 103 118 108 130 30 0 0 0 16 27 0 0 0 20 130 135 103 112 152 
0 0 137 0 0 0 0 127 0 0 0 0 145 0 0 136 124 233 110 125 0 0 148 0 0 
0 64 43 45 0 0 78 43 45 0 35 96 90 97 33 0 70 47 46 0 0 68 55 42 0 
0 4 0 2 146 148 118 132 163 247 133 124 122 116 220 6 7 0 0 130 87 97 105 100 221 
0 0 0 0 0 0 0 0 0 0 0 0 0 0 0 1029 1085 1097 1063 1000 0 0 0 0 0 
0 18 50 132 0 0 17 52 114 0 0 18 46 141 0 0 17 50 139 0 0 15 51 139 0 
89 60 0 0 0 104 93 20 20 26 175 109 56 38 33 115 78 0 0 0 119 108 24 26 44 
60 92 60 130 126 5 36 14 52 62 14 39 19 71 65 0 34 0 45 56 0 31 0 52 60 
120 140 139 95 6 118 148 196 89 0 334 357 364 310 234 130 141 146 84 1 325 251 325 261 158 
61 10 9 87 12 67 0 0 130 0 227 165 129 245 137 70 0 0 107 0 111 43 42 184 40 
125 106 48 55 39 156 107 59 65 35 68 73 15 0 0 88 86 22 13 14 85 60 12 0 0 
0 0 151 63 0 0 0 172 62 0 0 0 205 60 0 0 0 190 54 0 0 0 154 46 0 
127 166 177 124 120 0 54 72 0 0 0 53 61 0 0 42 72 93 33 37 0 43 105 0 0 
68 55 80 71 63 101 126 112 122 109 26 40 44 37 41 0 0 0 0 0 0 0 0 0 0 
0 0 0 168 0 0 0 0 184 0 212 238 199 409 232 0 0 0 170 0 0 0 0 160 0 
0 0 0 0 0 163 158 189 143 158 0 0 0 0 0 0 0 0 0 0 75 60 70 69 87 
102 7 0 48 47 130 36 41 83 96 201 67 84 121 137 82 0 0 56 42 175 59 66 112 106 
0 78 0 0 0 0 78 0 0 0 0 61 0 0 0 121 154 84 134 95 58 141 49 57 57 
0 0 114 0 0 106 105 221 122 138 0 1 119 0 0 10 10 113 4 9 16 15 101 13 18 
276 238 181 252 117 117 78 61 114 0 90 85 59 104 0 284 251 166 289 124 154 122 74 143 0 
0 0 0 0 0 31 35 30 19 22 0 0 0 0 0 59 67 68 65 90 99 94 96 97 127 
0 227 0 204 0 0 189 0 195 0 8 208 6 201 7 0 191 0 193 0 0 203 0 208 0 
0 47 0 138 0 0 53 0 146 0 0 48 0 147 0 72 162 81 239 91 0 64 0 153 0 
0 0 0 0 77 90 76 82 62 149 91 81 78 86 142 0 0 0 0 80 0 0 0 0 86 
98 276 332 46 232 33 164 244 6 125 90 286 321 56 249 119 305 324 89 249 200 350 403 169 279 
0 56 34 0 86 21 64 57 14 100 31 89 103 44 98 0 63 29 0 71 0 64 28 0 76 
129 117 119 137 138 17 0 0 42 0 11 0 0 46 0 20 0 0 47 0 97 79 64 138 94 
72 0 76 0 0 69 0 78 0 0 118 55 119 49 54 104 18 84 14 13 72 0 74 0 0 
0 18 81 0 96 0 12 69 0 107 0 16 74 0 106 0 14 91 0 133 0 12 69 0 101 
16 59 162 102 33 62 81 170 109 67 0 40 129 44 0 50 74 178 128 48 0 27 120 65 0 
0 62 0 0 0 0 72 0 0 0 120 226 105 137 120 0 95 0 0 0 15 81 17 25 27 
0 0 0 71 0 61 64 51 123 81 0 0 0 70 0 0 0 0 80 0 71 63 57 147 61 
52 0 97 48 0 58 0 113 53 0 62 0 96 52 0 48 0 106 57 0 50 0 100 47 0 
86 58 0 34 0 111 92 18 55 26 107 103 0 31 0 131 59 0 46 0 103 64 0 38 0 
0 1 0 0 29 201 194 199 198 230 0 0 0 0 31 0 0 0 0 33 0 0 0 0 36 
89 46 57 111 75 56 38 50 96 66 22 0 0 51 10 27 0 0 48 10 36 11 8 56 25 
32 77 13 8 13 18 62 0 0 0 21 85 0 0 0 160 193 157 147 129 30 95 0 0 0 
0 0 0 21 0 185 170 197 198 164 0 0 0 23 0 0 0 0 21 0 0 0 0 19 0 
99 103 168 189 109 0 0 68 76 0 0 0 87 82 0 0 0 86 65 0 0 0 75 80 0 
64 65 65 50 73 46 0 0 0 11 88 66 55 51 77 30 0 0 0 28 95 51 49 50 64 
0 0 25 0 69 9 6 36 12 89 0 0 34 0 70 10 7 43 8 96 81 75 114 64 154 
585 587 605 638 587 0 0 0 0 0 0 0 0 0 0 0 0 0 0 0 0 0 0 0 0 
69 129 154 86 86 35 89 112 34 29 0 34 85 0 0 0 45 86 0 0 0 50 79 0 0 
0 0 116 0 0 0 0 101 0 0 86 127 230 124 116 0 0 92 0 0 0 0 120 0 0 
105 124 44 63 141 42 38 0 0 95 47 52 0 0 67 46 33 0 0 81 67 44 0 0 94 
0 55 0 26 45 65 133 66 91 105 0 65 0 37 46 0 62 0 43 41 28 73 22 58 76 
9 7 99 5 12 0 0 87 0 0 0 0 83 0 0 35 39 120 26 29 75 78 150 59 85 
0 0 0 52 74 94 86 67 119 166 0 0 0 49 78 0 0 0 38 84 0 0 0 48 76 
94 165 78 73 84 22 106 0 0 0 30 115 6 8 9 22 74 0 0 0 25 80 0 0 0 
66 30 99 33 96 16 0 41 6 65 19 0 40 0 81 19 0 52 0 64 10 0 42 0 69 
37 13 16 0 7 45 0 0 0 0 52 38 26 38 50 93 53 34 37 44 136 100 106 127 114 
51 34 123 49 43 18 0 87 0 0 10 0 82 0 0 23 0 75 0 0 61 37 115 36 27 
29 0 34 0 3 14 0 0 0 0 0 14 0 2 0 10 0 0 0 0 10 0 0 0 0 
0 60 62 0 0 0 69 34 0 0 21 104 78 21 21 32 109 59 40 41 0 62 52 0 0 
7 0 1 8 0 0 34 5 6 0 0 7 0 0 5 0 0 0 0 0 0 0 0 0 0 
30 0 91 0 44 64 43 124 39 80 24 0 85 0 29 36 10 98 5 36 31 0 99 0 28 
0 2131 0 0 0 0 2186 0 0 0 0 2067 0 0 0 0 2126 0 0 0 0 2063 0 0 0 
23 158 159 2 15 85 216 218 78 73 1 143 120 1 0 55 204 175 99 57 2 129 100 0 0 
68 124 90 0 0 60 155 130 0 0 110 144 133 0 0 95 147 137 0 0 85 140 130 0 0 
0 99 0 113 0 75 183 74 186 94 57 157 27 141 46 0 99 0 122 0 0 94 0 97 0 
0 0 0 0 0 1281 1229 1229 1184 1260 0 0 0 0 0 0 0 0 0 0 1 0 0 0 0 
0 0 97 148 0 0 0 86 123 0 0 0 87 146 0 0 0 94 141 0 0 0 80 148 0 
165 57 60 114 50 163 63 72 129 75 93 0 0 35 0 103 0 0 48 0 99 0 0 44 0 
0 123 0 0 80 0 149 0 0 73 0 158 0 0 86 0 133 0 0 66 0 151 0 0 105 
170 264 146 232 114 88 151 19 111 0 278 386 223 340 150 98 262 104 167 11 177 299 232 267 126 
112 93 283 290 105 0 0 162 181 0 115 115 244 295 111 0 0 130 180 6 27 11 179 188 24 
149 116 129 154 271 9 25 3 7 185 15 15 11 4 172 240 230 186 211 410 229 274 259 251 414 
0 66 0 0 0 0 49 0 0 0 0 65 0 0 0 8 64 5 7 4 165 205 164 139 160 
50 29 46 12 50 43 14 33 0 41 43 15 39 0 31 74 14 34 0 47 117 111 93 80 129 
211 74 0 100 0 219 75 0 111 0 216 58 0 113 0 201 69 0 112 0 209 54 0 112 0 
55 0 0 0 0 62 0 0 0 0 64 0 0 0 0 202 133 145 146 141 52 0 0 0 0 
146 283 307 199 64 183 282 376 252 91 181 268 352 250 122 96 207 277 138 22 71 214 255 165 7 
70 4 8 43 26 105 75 52 106 70 92 61 61 73 76 62 30 19 70 34 53 0 0 25 11 
127 145 153 120 213 0 0 7 0 50 76 90 88 77 136 0 0 16 0 56 0 0 17 0 62 
41 98 0 98 0 162 197 100 216 90 113 126 69 162 77 56 88 0 93 0 41 75 0 97 0 
73 79 76 83 121 75 73 61 60 98 0 24 0 0 47 0 20 0 0 23 52 64 48 44 84 
0 93 0 0 0 34 165 34 34 32 54 170 38 46 39 34 149 34 32 40 60 164 60 42 65 
20 11 40 15 0 85 71 112 101 63 27 21 46 23 0 32 9 44 15 0 21 20 36 27 0 
8 13 94 11 223 4 0 62 8 165 107 94 170 103 264 148 136 214 163 328 0 0 77 0 186 
167 0 0 0 0 149 0 0 0 0 242 89 118 117 124 142 0 0 0 0 155 0 0 0 0 
0 0 0 0 838 0 0 0 0 793 0 0 0 0 845 0 0 0 0 830 0 0 0 0 769 
130 100 0 146 55 126 105 4 183 70 166 157 51 226 120 118 95 4 160 85 122 145 0 173 75 
130 0 0 0 0 254 100 90 83 75 158 0 0 0 0 145 0 0 0 0 155 0 0 0 0 
0 0 0 0 0 72 55 70 64 70 0 0 0 0 0 140 116 137 141 135 0 0 0 0 0 
0 22 0 155 0 38 62 50 193 35 0 19 0 139 0 0 16 0 142 0 0 20 0 165 0 
85 56 96 119 132 45 8 63 58 44 26 8 57 61 55 80 58 106 118 106 21 0 56 67 38 
43 48 55 127 106 28 22 31 81 74 0 0 0 77 55 0 0 0 48 50 7 10 9 75 53 
0 9 64 0 0 79 97 177 89 91 0 10 64 1 0 58 81 166 56 60 0 8 62 0 0 
112 0 110 0 0 101 0 84 0 0 93 0 101 4 1 69 0 101 0 0 108 11 90 10 10 
255 94 284 108 199 274 126 287 133 199 296 130 354 200 228 181 8 170 20 112 197 39 221 30 131 
74 169 79 98 77 0 96 0 26 0 19 140 31 38 30 0 109 0 21 0 0 80 0 24 0 
0 0 33 0 58 35 46 77 44 113 55 74 89 53 121 0 0 33 0 61 0 0 49 0 58 
0 0 18 0 246 0 0 20 0 222 0 0 32 0 195 0 0 29 0 216 0 0 25 0 221 
0 0 0 51 0 0 0 0 62 0 60 61 49 150 51 0 0 0 59 0 90 83 88 164 90 
100 0 0 115 0 128 0 0 123 0 115 0 0 105 0 110 0 0 131 0 119 0 0 124 0 
6 45 80 84 0 103 156 175 167 113 153 199 230 234 146 3 54 108 98 20 59 84 119 123 39 
123 143 143 120 257 0 0 0 0 100 0 0 0 0 78 22 32 33 25 133 0 0 0 0 91 
149 266 167 150 162 0 142 0 0 0 99 225 94 99 88 1 115 1 0 1 109 238 88 83 102 
150 141 85 84 81 81 51 0 0 0 89 51 5 5 9 69 48 0 0 0 76 59 0 0 0 
0 121 0 0 0 40 175 51 66 75 2 147 0 0 0 76 208 90 100 70 0 127 0 0 0 
0 0 0 0 0 0 0 0 0 0 0 0 0 0 0 0 0 0 0 0 438 428 448 444 406 
0 0 37 0 0 73 79 92 75 87 0 0 31 0 0 77 74 85 58 78 19 25 59 22 25 
8 16 17 21 54 0 0 0 0 41 92 85 79 76 110 0 0 0 0 35 74 109 84 79 114 
0 0 0 147 0 0 0 0 138 0 0 0 0 165 0 0 0 0 168 0 85 82 92 237 99 
0 66 0 32 72 3 64 0 38 77 0 55 0 36 91 0 58 0 31 72 19 78 25 56 112 
0 112 0 0 0 0 107 0 0 0 0 106 0 0 0 0 96 0 0 0 97 183 97 104 90 
0 0 0 34 0 85 52 84 80 78 46 5 56 51 44 0 0 0 16 0 104 108 110 149 103 
0 0 117 55 0 43 45 155 106 50 0 0 102 39 0 0 0 89 38 0 0 0 126 35 0 
59 0 0 0 0 126 62 61 76 69 99 20 18 20 15 131 47 46 52 41 58 0 0 0 0 
83 35 33 110 37 39 0 0 91 0 48 0 0 85 0 82 35 29 120 32 55 0 0 83 0 
0 0 61 42 0 0 0 55 43 0 101 97 148 129 97 0 0 62 47 0 0 0 67 41 0 
29 0 0 71 92 80 56 53 99 160 23 1 1 81 96 50 17 20 67 80 31 26 39 77 102 
3 8 55 106 10 0 0 51 97 0 57 41 117 138 51 32 46 75 138 46 0 0 52 93 0 
70 4 59 59 20 41 6 50 56 21 143 91 143 145 107 89 14 59 72 24 76 0 55 64 1 
51 0 63 0 59 39 0 59 0 55 28 0 75 0 79 100 63 118 73 118 29 0 63 0 59 
87 14 147 104 46 54 9 123 89 27 61 0 115 33 15 149 37 195 121 97 92 22 183 63 64 
4 70 148 22 100 128 166 274 115 213 34 106 177 46 145 0 26 144 0 94 82 122 213 109 184 
27 26 28 75 60 57 57 42 99 94 0 0 0 45 42 0 0 0 27 21 92 117 121 164 123 
18 33 0 85 1 29 52 0 105 0 79 75 40 129 55 26 36 0 103 0 41 33 0 82 0 
0 0 58 0 0 165 145 227 153 179 0 0 60 0 0 0 0 74 0 0 0 0 70 0 0 
15 12 0 0 70 14 0 0 1 61 60 64 46 43 130 22 21 17 13 76 86 110 94 92 129 
79 10 11 7 21 113 78 76 77 84 129 98 94 120 103 51 0 6 0 13 38 12 13 0 28 
24 110 74 19 36 0 94 66 5 6 0 76 48 0 18 0 91 56 5 13 50 136 109 45 87 
154 208 111 106 121 88 56 49 16 24 40 50 20 0 0 45 53 14 0 0 39 45 17 0 0 
95 0 0 8 0 83 0 0 0 0 99 0 0 23 0 100 0 0 0 0 122 15 23 38 29 
66 76 10 22 18 49 42 0 0 0 50 68 17 6 13 63 66 37 39 43 80 73 48 30 44 
36 76 41 70 29 0 61 10 42 16 0 50 11 46 19 0 42 12 31 12 38 104 63 97 77 
0 0 56 27 11 0 0 44 35 3 0 0 43 40 5 43 53 121 94 61 54 50 100 93 63 
29 38 26 22 31 0 0 0 0 0 71 59 57 61 55 0 0 0 0 0 120 107 99 113 110 
43 36 37 33 41 0 0 18 0 0 0 0 21 0 0 48 41 88 56 51 116 99 141 139 120 
34 44 104 46 46 5 1 55 5 8 60 50 134 54 57 0 0 53 0 0 0 0 62 25 0 
0 0 180 31 0 0 0 141 23 0 19 20 156 37 18 0 0 166 23 0 0 0 162 23 0 
45 76 0 0 0 70 106 47 37 31 77 117 20 17 10 84 131 44 44 46 37 70 0 0 0 
95 2 88 89 109 208 95 201 212 206 180 87 182 181 217 153 53 116 126 161 93 6 95 117 122 
96 121 69 57 67 13 49 4 0 0 79 135 69 53 62 47 70 32 17 14 23 55 0 0 0 
0 121 110 166 0 0 125 122 170 1 0 111 126 167 0 0 119 121 156 0 0 130 122 168 0 
18 0 0 159 0 10 0 0 116 0 107 87 115 249 114 13 0 0 129 0 22 1 0 129 1 
49 65 41 34 60 0 56 0 0 29 42 79 40 38 55 0 32 0 0 29 0 61 0 0 25 
130 173 42 98 127 194 273 90 135 192 145 211 81 101 136 88 119 6 39 65 262 351 161 199 229 
65 192 144 105 106 9 48 72 11 4 32 84 113 32 38 24 84 64 17 30 0 64 49 0 0 
0 25 0 0 76 19 31 20 0 126 0 22 7 2 60 71 105 81 72 189 40 47 33 36 127 
756 534 583 450 531 502 269 300 214 226 496 302 352 207 288 417 189 190 108 179 576 414 463 385 397 
97 74 0 1 0 186 173 85 81 75 79 99 0 0 0 114 98 29 15 23 64 59 0 0 0 
173 285 137 170 145 225 356 141 245 162 126 249 76 154 65 30 169 0 43 0 88 198 57 76 23 
0 0 0 0 52 0 0 0 0 64 0 0 0 0 76 0 0 0 0 64 148 170 157 170 199 
81 1 33 0 15 147 16 74 25 39 163 66 102 48 69 168 92 139 71 102 156 33 58 25 31 
150 0 0 54 0 156 0 0 55 0 141 0 0 40 0 168 0 0 45 0 149 0 0 41 0 
155 107 143 221 115 41 0 80 116 4 70 37 114 171 60 52 6 96 98 26 46 0 78 82 3 
79 132 103 188 184 0 8 4 99 52 0 22 5 79 83 0 14 8 92 60 30 43 28 98 70 
149 135 99 86 12 247 235 202 156 141 157 125 104 77 16 299 255 238 180 142 208 194 163 64 56 
58 135 52 55 56 0 54 0 0 0 6 81 4 5 4 0 66 0 0 0 76 160 63 77 69 
0 0 0 18 0 0 0 0 21 0 0 0 0 18 0 0 0 0 21 0 184 193 218 227 216 
26 0 0 18 33 107 87 74 90 99 36 0 0 20 29 28 0 0 4 39 42 0 0 20 28 
55 4 57 126 109 15 3 43 108 95 75 28 53 146 126 17 0 39 105 93 130 92 134 227 223 
0 91 74 0 80 0 91 86 0 92 0 99 66 0 66 0 87 78 0 85 0 105 80 0 81 
59 26 62 46 36 81 66 113 78 63 26 22 43 24 11 64 50 115 83 49 8 0 40 0 0 
90 1 0 0 57 72 0 0 0 49 97 0 0 0 60 67 0 0 0 50 187 92 85 97 158 
91 126 18 143 101 72 142 6 119 107 44 92 1 134 69 190 256 146 254 189 120 199 91 193 163 
70 87 96 76 62 10 36 39 13 9 0 14 44 0 0 58 69 84 51 45 21 29 55 19 13 
0 0 0 150 39 0 0 0 179 39 33 38 20 173 63 0 0 0 166 46 0 0 0 151 46 
0 0 0 142 12 148 128 122 318 160 0 0 0 162 15 115 120 116 253 110 0 0 0 132 6 
62 154 180 197 76 36 115 189 202 28 64 165 191 187 75 80 209 220 261 132 121 166 229 272 101 
0 0 0 1236 0 0 0 0 1247 0 0 0 0 1240 0 0 3 1 1316 1 0 0 0 1253 0 
195 0 0 0 0 197 13 18 17 20 178 0 0 0 0 196 0 0 0 0 166 0 0 0 0 
100 0 0 0 0 133 0 0 0 0 138 0 0 0 0 114 0 0 0 0 227 103 97 98 106 
290 33 129 110 69 209 0 36 8 0 419 104 205 136 132 451 246 343 261 261 291 47 102 63 80 
3 29 0 0 0 5 40 3 0 0 0 32 0 0 18 0 0 0 0 0 0 19 0 0 15 
0 0 201 0 33 0 0 227 0 28 0 0 196 0 24 0 0 188 0 20 0 0 174 0 23 
58 99 131 115 82 0 0 39 0 0 0 0 66 0 0 0 0 67 0 0 178 200 230 204 208 
4 9 0 67 222 117 120 117 197 339 0 19 1 83 245 1 10 0 69 248 115 141 111 169 305 
61 27 28 68 75 42 0 0 30 59 56 0 0 25 38 58 0 0 36 40 92 45 48 78 85 
0 0 0 36 0 76 65 48 101 56 0 0 0 23 0 43 47 61 90 51 40 47 44 96 40 
91 17 84 0 0 106 11 97 0 0 121 9 95 0 0 114 8 91 0 0 111 15 99 0 0 
0 0 1458 0 0 0 0 1489 0 0 0 0 1369 0 0 0 0 1492 0 0 0 0 1452 0 0 
