736 735 589 579 655 998 1148 1013 917 982 655 635 497 555 645 984 998 837 884 949 545 504 440 386 562 
212 185 250 232 209 0 1 0 0 0 138 106 161 130 137 0 0 0 0 0 0 0 0 0 0 
95 50 30 150 161 71 0 0 130 123 129 73 44 217 216 70 0 0 77 131 51 0 0 88 114 
173 0 111 172 175 213 34 187 244 244 331 123 309 327 395 264 50 186 222 238 164 1 134 201 169 
126 27 83 104 19 130 5 75 104 0 128 22 70 88 17 131 3 52 120 0 266 165 231 271 158 
114 14 21 0 99 96 6 22 0 122 188 95 112 88 204 167 83 108 64 165 245 118 132 117 258 
0 0 0 0 0 0 0 0 0 0 1026 1031 979 996 1046 0 0 0 0 0 0 0 0 0 0 
0 0 0 255 0 1 0 3 245 1 110 103 97 377 121 113 108 89 389 117 0 0 0 243 0 
11 8 11 182 4 0 0 0 192 0 36 44 35 195 28 0 0 0 158 0 3 7 3 187 6 
0 0 0 0 0 0 0 0 0 0 0 0 0 0 0 65 70 79 82 104 210 213 202 231 213 
104 110 84 89 241 0 12 0 0 148 0 6 0 0 136 2 5 0 0 134 111 91 111 92 234 
139 152 147 160 158 0 0 0 0 0 0 0 0 0 0 0 0 0 0 0 88 89 71 67 90 
0 0 0 0 0 0 0 0 0 0 0 0 0 0 0 426 431 415 404 412 187 171 173 182 192 
0 219 0 0 96 0 201 0 0 103 141 378 167 150 245 0 207 1 0 106 0 239 0 0 89 
840 0 0 0 0 835 0 0 0 0 826 0 0 0 0 841 0 0 0 0 866 0 0 0 0 
22 11 222 169 208 73 37 246 184 247 115 121 279 264 286 200 179 387 338 338 123 85 286 226 300 
121 160 84 193 84 99 86 79 137 92 0 55 0 51 0 61 117 67 115 51 0 50 0 57 0 
30 7 12 6 19 127 88 94 90 110 27 0 0 0 18 25 0 0 0 23 116 109 83 93 135 
0 0 154 0 0 5 0 153 0 0 0 0 173 0 0 182 158 300 154 162 0 0 170 0 0 
0 81 53 57 0 0 101 58 65 0 46 126 119 127 45 0 100 77 68 0 0 95 82 57 0 
0 0 0 2 154 145 133 141 167 276 130 131 110 135 210 0 2 0 0 131 76 87 93 91 204 
0 0 0 0 0 0 0 0 0 0 0 0 0 0 0 1020 1093 1101 1067 1002 0 0 0 0 0 
0 18 51 132 0 0 17 52 114 0 0 18 46 141 0 0 17 50 139 0 0 14 51 139 0 
90 117 81 182 174 12 46 23 65 92 20 59 24 91 107 0 40 0 58 70 0 43 0 70 80 
129 126 126 80 0 106 139 186 58 5 292 305 360 272 205 111 127 150 69 4 279 264 335 223 142 
71 11 23 96 12 71 0 0 121 0 207 145 143 234 131 59 0 0 99 0 100 49 51 186 42 
111 83 44 46 32 140 94 49 53 33 56 53 16 0 0 81 67 15 11 12 83 45 9 0 0 
0 0 185 86 0 0 0 207 80 0 0 0 251 87 0 0 0 224 62 0 0 0 190 59 0 
113 137 138 104 90 0 44 60 0 0 0 41 55 0 0 37 62 89 32 30 0 42 79 0 0 
73 58 79 77 71 114 132 114 128 115 22 42 48 42 40 0 0 0 0 0 0 0 0 0 0 
0 0 0 175 0 0 0 0 190 0 255 248 247 450 259 0 0 0 182 0 0 0 0 174 0 
0 0 0 0 0 150 143 186 153 147 0 0 0 0 0 0 0 0 0 0 72 57 71 68 89 
125 0 0 84 43 149 38 60 133 122 262 86 91 164 181 88 0 0 70 48 229 86 88 168 139 
0 83 0 0 0 0 79 0 0 0 0 60 0 0 0 106 150 80 125 80 52 128 46 47 49 
0 0 95 0 0 87 85 176 109 107 0 0 93 0 0 7 9 98 4 7 13 13 82 7 15 
275 221 217 274 126 128 110 88 133 0 104 98 67 98 0 299 264 193 298 137 151 104 84 147 1 
0 231 0 210 0 0 195 0 204 0 10 209 4 204 7 0 196 0 194 0 0 204 0 213 0 
0 47 0 126 0 0 50 0 134 0 0 50 0 143 0 59 137 71 216 72 0 57 0 136 0 
0 0 0 0 78 79 68 80 66 137 84 73 80 80 126 0 0 0 0 78 0 0 0 0 76 
89 282 333 57 216 28 199 262 23 133 91 291 337 73 213 107 301 318 97 264 214 346 389 168 289 
0 45 33 0 79 20 60 45 13 88 29 80 87 38 79 0 59 26 0 64 0 61 27 0 69 
118 90 109 124 128 14 0 0 36 0 12 0 0 41 0 17 0 0 42 0 87 67 64 108 83 
80 0 73 0 0 68 0 86 0 0 139 61 134 55 57 114 16 92 14 16 75 0 81 0 0 
0 18 82 0 100 0 12 70 0 108 0 16 76 0 105 0 14 92 0 136 0 13 71 0 101 
18 55 160 72 23 64 91 164 114 55 0 42 125 38 0 46 80 158 108 45 0 27 109 57 0 
0 71 0 0 0 0 83 0 0 0 141 256 130 145 140 0 98 0 0 0 16 90 20 27 26 
0 0 0 94 0 75 89 77 148 96 0 0 0 86 0 0 0 0 96 0 100 85 83 182 78 
49 0 92 48 0 57 0 109 53 0 59 0 93 49 0 46 0 102 53 0 42 0 98 46 0 
77 46 0 29 0 103 73 16 47 24 92 86 0 25 0 110 53 0 41 0 87 58 0 33 0 
0 0 0 0 36 251 249 251 266 292 0 0 0 0 45 0 0 0 0 59 0 0 0 0 52 
121 61 73 156 102 78 41 63 129 86 27 0 0 68 13 41 0 0 62 14 47 12 8 78 46 
30 55 8 6 10 18 52 0 0 0 23 73 0 0 0 134 163 130 124 121 28 69 0 0 0 
0 0 0 21 0 186 170 197 198 164 0 0 0 23 0 0 0 0 22 0 0 0 0 19 0 
71 79 133 138 89 0 0 52 63 0 0 0 74 60 0 0 0 67 54 0 0 0 59 62 0 
70 67 66 56 75 45 0 0 0 12 87 66 63 58 93 38 0 0 0 25 104 50 49 59 67 
0 0 25 0 69 9 6 35 11 88 0 0 34 0 71 10 6 43 8 94 81 75 114 64 153 
55 105 137 64 70 27 77 95 25 26 0 32 70 0 0 0 35 71 0 0 0 39 65 0 0 
0 0 131 0 0 0 0 99 0 0 84 127 233 126 122 0 0 98 0 0 0 0 117 0 0 
101 116 34 58 140 38 43 0 0 84 40 56 0 0 72 41 46 0 0 73 58 50 0 0 82 
0 49 0 23 36 59 115 57 80 91 0 58 0 27 38 0 55 0 39 40 26 65 22 53 63 
9 8 103 5 12 0 0 92 0 0 0 0 85 0 0 38 41 127 30 30 79 79 156 61 87 
0 0 0 52 75 88 82 65 119 165 0 0 0 49 72 0 0 0 36 84 0 0 0 47 73 
125 213 95 88 103 26 142 0 0 0 34 143 8 9 12 29 93 0 0 0 23 108 0 0 0 
72 36 103 47 100 20 0 43 10 56 18 0 43 0 73 20 0 54 0 55 6 0 34 0 53 
54 0 12 0 5 80 0 3 0 0 95 61 57 49 71 99 29 0 1 0 151 84 71 89 80 
41 34 118 48 50 8 0 81 0 0 0 0 77 0 0 6 0 70 0 7 39 37 109 37 22 
0 62 62 0 0 0 65 41 0 0 21 104 79 21 21 32 109 60 40 42 0 62 50 0 0 
21 0 88 0 38 60 43 115 38 75 23 0 79 0 24 18 2 86 1 18 26 0 92 0 19 
0 2103 0 0 0 0 2163 0 0 0 0 2061 0 0 0 0 2112 0 0 0 0 2055 0 0 0 
24 97 81 12 14 72 162 154 81 58 4 90 93 2 0 23 133 107 46 36 6 81 71 0 0 
78 142 117 0 0 74 171 157 0 0 95 172 150 0 0 105 177 152 0 0 97 164 166 0 0 
0 80 0 98 0 70 135 57 168 78 57 128 33 149 48 0 70 0 105 0 0 96 0 100 0 
0 0 0 0 0 1281 1251 1249 1210 1268 0 0 0 0 0 0 0 0 0 0 0 0 0 0 0 
0 0 83 136 0 0 0 79 114 0 0 0 87 136 0 0 0 85 138 0 0 0 76 134 0 
174 51 68 111 56 195 55 52 130 87 115 0 0 55 0 120 0 0 53 0 124 0 0 63 0 
0 131 0 0 85 0 160 0 0 88 0 171 0 0 99 0 142 0 0 75 0 153 0 0 94 
187 265 186 251 105 111 183 21 131 5 291 413 266 381 131 152 290 126 195 48 208 348 268 298 145 
88 86 274 283 90 0 0 178 182 13 90 98 268 280 75 0 0 152 172 3 5 8 184 187 24 
153 117 105 140 253 5 15 4 5 149 9 16 12 11 154 213 213 173 190 362 214 255 234 225 370 
0 75 0 0 0 0 66 0 0 0 0 81 0 0 0 7 75 8 7 4 196 270 195 163 189 
60 30 43 16 50 48 16 30 0 41 40 15 39 0 36 77 14 33 0 51 127 119 106 89 142 
201 67 0 101 0 203 54 0 103 0 203 41 0 104 0 189 66 0 107 0 195 47 0 108 0 
0 0 1427 0 0 0 0 1454 0 0 0 0 1339 0 1 0 0 1456 0 0 0 0 1420 0 0 
85 4 9 57 36 136 71 63 123 92 101 69 79 101 89 75 26 19 74 31 65 0 0 28 10 
109 125 130 76 175 0 0 6 0 46 58 75 77 58 113 0 0 23 0 54 0 0 13 0 62 
48 92 0 117 0 153 191 102 216 94 115 132 67 190 90 59 82 0 110 0 43 75 0 104 0 
68 89 69 77 116 73 88 63 59 90 0 26 0 0 44 0 24 0 0 26 46 70 50 40 84 
0 64 0 0 0 27 112 31 29 27 32 120 32 30 28 23 107 21 23 30 35 109 39 32 43 
33 10 41 34 0 103 71 112 112 63 43 20 47 37 0 46 6 43 34 0 41 20 37 39 0 
152 0 0 0 0 123 0 0 0 0 214 82 102 107 101 126 0 0 0 0 136 0 0 0 0 
0 0 0 0 819 0 0 0 0 775 0 0 0 0 826 0 0 0 0 817 0 0 0 0 762 
133 109 1 162 62 123 106 2 157 82 173 171 48 213 116 127 104 7 157 98 136 149 0 205 91 
133 0 0 0 0 267 105 95 81 78 159 0 0 0 0 152 0 0 0 0 149 0 0 0 0 
0 0 0 0 0 76 60 75 72 72 0 0 0 0 0 156 132 152 149 144 0 0 0 0 0 
0 22 0 154 0 34 58 48 195 34 0 19 0 136 0 0 16 0 144 0 0 20 0 162 0 
145 72 129 116 162 109 0 98 34 64 86 0 112 79 82 213 100 188 141 186 75 0 58 46 57 
47 56 64 142 116 28 25 32 83 90 0 0 0 87 67 0 0 0 54 55 0 11 2 83 52 
0 10 71 0 0 87 100 190 91 97 0 7 72 1 0 61 78 162 61 67 0 4 71 0 0 
201 8 192 0 0 200 0 166 0 0 200 0 181 2 0 173 3 177 0 0 199 19 175 4 5 
355 130 342 153 234 374 203 422 208 235 361 162 391 225 239 219 31 229 95 137 216 68 268 76 125 
69 174 81 91 72 0 87 0 26 0 18 136 35 38 31 0 113 0 19 0 0 82 0 22 0 
0 0 37 0 60 39 47 85 48 126 64 83 97 55 143 0 0 36 0 67 0 0 56 0 62 
0 0 19 0 206 0 0 16 0 205 0 0 32 0 189 0 0 27 0 205 0 0 27 0 201 
0 0 0 53 0 0 0 0 67 0 60 65 53 149 47 0 0 0 70 0 95 85 89 177 95 
99 0 0 114 0 125 0 0 124 0 116 0 0 109 0 114 0 0 134 0 113 0 0 134 0 
0 36 78 83 0 106 178 188 191 116 149 216 236 219 138 21 82 125 135 36 73 120 129 149 57 
108 144 131 125 243 0 0 0 0 91 0 0 0 0 80 24 27 32 27 119 0 0 0 0 93 
121 214 131 124 122 0 111 0 0 0 78 185 81 84 79 7 112 4 0 11 96 201 82 75 92 
156 134 81 83 78 79 46 0 0 0 91 48 3 2 9 68 52 0 0 0 73 59 0 0 0 
0 129 0 0 0 36 178 58 64 71 0 143 0 0 0 73 211 89 98 76 0 129 0 0 0 
0 0 0 0 0 0 0 0 0 0 0 0 0 0 0 0 0 0 0 0 439 404 441 427 396 
0 0 37 0 0 73 79 91 75 87 0 0 31 0 0 77 75 85 59 79 19 25 58 22 26 
9 18 17 20 57 0 0 0 0 40 84 97 78 85 116 0 0 0 0 36 77 111 87 92 127 
0 0 0 129 0 0 0 0 118 0 0 0 0 138 0 0 0 0 144 0 77 77 80 201 81 
0 73 0 33 83 0 65 0 36 79 0 61 0 39 100 0 63 0 30 83 20 87 26 68 126 
0 112 0 0 0 0 108 0 0 0 0 106 0 0 0 0 96 0 0 0 97 185 99 105 92 
0 38 0 12 0 98 126 98 80 104 92 92 88 89 95 0 23 0 18 0 135 175 149 176 140 
0 0 117 55 0 43 45 155 106 50 0 0 102 39 0 0 0 89 38 0 0 0 126 35 0 
59 0 0 0 0 126 61 61 76 69 97 20 18 20 15 131 47 46 52 41 58 0 0 0 0 
83 35 33 111 37 39 0 0 91 0 48 0 0 85 0 83 35 30 120 32 55 0 0 83 0 
0 0 19 14 0 0 0 0 22 0 101 98 83 99 97 0 0 0 29 0 0 0 18 26 0 
1 7 60 109 9 0 0 58 84 0 52 32 119 136 50 30 39 79 128 41 0 0 56 92 0 
48 1 38 37 8 35 1 32 38 18 105 62 96 99 74 56 17 41 37 14 46 0 41 37 0 
42 0 59 0 63 42 0 68 0 57 27 0 73 0 81 109 60 123 71 126 36 0 64 0 65 
89 9 195 70 35 74 3 178 100 26 59 0 171 23 9 216 109 294 161 158 100 29 226 78 62 
12 110 155 34 131 138 216 293 131 248 24 116 194 52 161 0 59 169 6 112 100 172 224 117 216 
20 23 23 64 52 43 39 37 85 72 0 0 0 31 32 0 0 0 24 20 86 96 98 132 110 
19 31 1 83 0 30 47 0 106 0 79 76 39 129 54 25 38 0 103 0 40 33 0 80 0 
0 0 60 0 0 173 161 231 167 185 0 0 63 0 0 0 0 76 0 0 0 0 76 0 0 
73 12 10 8 27 115 84 88 98 91 138 95 99 121 120 53 0 6 0 18 43 15 23 13 29 
21 136 95 19 46 0 112 86 12 11 0 95 51 0 20 0 114 62 7 16 50 161 111 44 92 
144 192 96 98 109 69 66 44 20 26 39 51 17 0 0 44 59 16 0 0 35 44 17 0 0 
80 91 17 20 20 53 53 0 0 0 60 66 17 6 21 77 82 54 54 53 94 90 63 32 52 
38 76 43 70 29 0 62 11 41 16 2 51 11 46 18 0 43 15 31 13 39 103 63 97 78 
0 0 65 32 12 0 0 47 41 3 0 0 56 45 6 54 67 152 111 74 63 58 110 105 71 
29 38 26 22 31 0 0 0 0 0 71 59 57 62 55 0 0 0 0 0 120 106 99 113 110 
48 34 39 40 40 0 0 10 0 0 0 0 17 0 0 49 50 92 62 62 130 114 160 168 138 
39 42 108 46 51 6 8 62 15 14 58 38 124 42 40 0 0 51 0 0 0 0 55 10 0 
0 0 180 32 0 0 0 141 22 0 19 20 156 37 18 0 0 166 22 0 0 0 162 23 0 
43 70 0 0 0 65 93 38 30 29 67 108 17 14 9 79 119 37 37 41 37 66 0 0 0 
83 124 78 55 65 13 48 5 0 0 78 140 66 52 55 34 75 32 16 15 24 56 0 0 0 
0 117 110 165 0 0 127 119 168 0 0 111 123 169 0 0 118 117 155 0 0 131 120 167 1 
17 0 0 204 0 16 0 0 135 0 152 112 126 269 112 21 0 0 160 0 26 1 1 150 1 
136 169 42 104 152 181 248 90 127 195 154 195 89 104 155 91 120 29 44 98 235 318 159 180 224 
55 161 116 74 85 7 41 56 11 2 31 70 89 32 30 20 71 58 12 21 0 55 45 0 0 
3 24 17 10 73 20 35 26 12 116 9 20 15 9 55 71 88 79 53 154 31 43 39 29 100 
697 542 602 442 551 549 276 287 167 266 498 311 317 206 292 375 110 140 37 136 575 347 432 312 373 
74 62 0 3 0 141 135 65 67 63 74 75 0 0 0 81 85 21 14 16 63 52 0 0 0 
153 303 119 111 118 226 357 150 246 156 150 271 76 157 84 34 180 0 42 0 83 212 71 87 46 
0 0 0 0 54 0 0 0 0 57 0 0 0 0 68 0 0 0 0 59 140 158 149 159 190 
150 0 0 54 0 156 0 0 55 0 141 0 0 40 0 168 0 0 46 0 149 0 0 41 0 
180 156 191 292 147 34 0 88 139 3 93 50 141 219 65 46 8 111 128 34 37 0 88 118 1 
70 109 87 183 165 0 9 5 95 47 0 14 4 67 58 0 11 14 94 65 30 45 34 120 69 
132 138 74 58 31 195 170 129 124 129 112 92 46 28 17 242 202 167 131 133 140 134 93 49 65 
64 143 60 64 64 0 65 0 0 0 6 93 4 5 5 0 68 0 0 0 80 172 68 89 70 
0 0 0 18 0 0 0 0 21 0 0 0 0 18 0 0 0 0 24 0 184 194 225 219 215 
59 3 48 104 85 14 4 32 100 90 69 23 51 139 118 19 0 40 97 98 122 82 134 199 205 
0 95 76 0 91 0 98 76 0 95 0 114 58 0 84 0 93 91 0 90 0 119 80 0 94 
48 23 57 40 32 71 51 92 56 55 23 17 35 20 13 55 43 104 70 49 8 0 32 0 0 
80 0 0 0 52 66 0 0 0 49 88 0 0 0 59 66 0 0 0 45 177 89 82 87 157 
40 45 0 44 31 31 47 0 57 43 29 28 0 60 37 99 108 73 123 90 45 67 19 58 62 
70 87 96 76 62 10 36 39 13 9 0 14 44 0 0 58 69 84 51 45 20 29 55 18 13 
0 0 0 149 36 0 0 0 163 30 27 30 16 163 53 0 0 0 156 37 0 0 0 145 41 
0 1 0 185 14 233 196 175 434 234 0 0 0 198 14 162 159 173 350 146 0 0 0 192 9 
88 155 208 222 79 30 125 185 214 28 84 153 174 224 73 92 229 246 308 114 139 180 212 296 98 
0 0 0 1299 0 0 0 0 1319 0 0 0 0 1319 0 0 2 3 1373 2 0 0 0 1298 0 
195 0 0 0 0 197 13 18 17 20 178 0 0 0 0 196 0 0 0 0 166 0 0 0 0 
92 0 0 0 0 117 0 0 0 0 122 0 0 0 0 102 0 0 0 0 206 88 85 89 99 
191 89 67 115 117 80 0 0 16 19 183 57 59 74 52 157 57 75 122 93 233 131 107 155 147 
13 15 0 0 0 0 35 0 0 0 0 13 0 0 0 25 40 18 38 48 0 0 0 0 0 
89 89 149 109 85 0 0 55 0 0 0 0 75 0 0 0 0 70 0 0 204 184 238 204 198 
0 10 0 74 199 113 121 112 187 323 1 29 0 76 238 0 11 0 89 239 111 141 112 172 292 
14 20 77 9 254 3 0 46 8 181 124 112 172 132 299 151 163 228 191 363 1 4 52 6 202 
137 266 275 221 97 178 249 313 215 96 154 265 293 211 145 69 170 211 120 20 72 176 201 154 33 
112 0 0 1 0 101 0 0 0 0 117 0 0 0 0 116 0 0 0 0 151 17 26 54 34 
0 0 199 0 33 0 0 229 0 36 0 0 199 0 26 0 0 188 0 22 0 0 184 0 29 
46 51 37 33 57 0 38 0 0 20 41 73 30 27 43 0 31 0 0 31 0 54 0 0 19 
609 617 640 678 623 0 0 0 0 0 0 0 0 0 0 0 0 0 0 0 0 0 0 0 0 
64 49 0 0 0 81 68 15 14 13 132 83 35 35 28 87 60 0 0 0 96 93 23 24 28 
29 0 0 56 69 73 42 40 85 115 20 0 0 58 64 39 9 13 51 56 28 24 28 67 74 
0 1 52 64 0 86 58 116 103 63 0 0 43 48 0 66 64 109 90 49 52 30 96 80 33 
12 9 0 0 70 18 3 0 0 62 63 64 46 45 126 22 22 13 14 67 96 118 99 94 126 
55 0 0 0 0 65 0 0 0 0 66 0 0 0 0 205 134 147 147 143 54 0 0 0 0 
64 135 83 116 115 86 218 108 142 176 5 111 37 37 56 109 197 130 153 150 110 209 173 179 168 
0 0 0 0 0 31 36 30 20 22 0 0 0 0 0 59 67 68 65 90 100 94 96 97 128 
134 10 74 9 23 196 1 48 3 14 280 80 153 97 106 290 156 254 164 159 235 48 85 31 46 
