786 679 533 641 666 1075 1061 954 1055 1051 656 638 523 680 753 1001 868 806 863 887 574 455 366 446 587 
279 236 284 252 234 0 3 0 0 0 171 129 189 137 171 0 0 0 0 0 0 0 0 0 0 
110 60 35 197 206 85 0 0 138 169 156 41 27 212 246 58 0 0 80 161 79 6 0 137 139 
157 0 124 157 165 208 32 197 214 234 297 126 293 330 340 246 47 172 224 238 147 0 132 202 152 
151 45 106 130 47 129 15 72 87 1 120 30 70 99 22 117 6 52 112 0 270 184 246 287 176 
103 7 14 0 90 94 3 14 0 107 190 89 98 78 179 164 65 91 64 156 210 110 112 103 233 
0 0 0 0 0 0 0 0 0 0 1017 1023 968 996 1042 0 0 0 0 0 0 0 0 0 0 
0 0 0 257 0 0 0 3 245 1 104 105 89 361 126 109 105 89 384 129 0 0 0 239 0 
11 9 12 196 4 0 0 0 198 0 35 45 30 189 32 0 0 0 163 0 3 9 2 197 3 
0 0 0 0 0 0 0 0 0 0 0 0 0 0 0 79 77 92 96 107 195 205 186 214 191 
87 106 80 66 201 0 11 0 0 127 0 3 0 0 115 0 5 0 0 124 94 86 85 81 199 
161 169 176 179 180 0 0 0 0 0 0 0 0 0 0 0 0 0 0 0 103 90 71 76 92 
0 0 0 0 0 0 0 0 0 0 0 0 0 0 0 443 445 427 421 434 197 184 187 197 210 
0 223 0 0 90 0 214 0 0 115 139 392 170 147 240 0 218 0 0 119 0 243 0 0 101 
805 0 0 0 0 803 0 0 0 0 797 0 0 0 0 844 0 0 0 0 843 0 0 0 0 
12 2 204 131 209 61 54 230 166 256 126 127 262 240 259 159 175 395 337 360 100 76 237 190 294 
90 145 88 161 86 67 99 67 120 78 0 53 0 46 0 58 114 49 121 47 0 49 0 51 1 
36 10 17 9 23 164 115 148 126 135 36 0 0 0 19 22 0 0 0 24 161 164 138 124 168 
0 0 153 0 0 0 0 147 0 0 0 0 165 0 0 178 150 289 145 146 0 0 159 0 0 
0 87 52 65 0 0 107 57 72 0 61 149 123 145 55 0 96 61 64 0 0 105 78 71 0 
0 0 0 0 140 134 89 109 146 246 127 116 104 113 202 2 1 0 0 135 91 96 104 95 181 
0 0 0 0 0 0 0 0 0 0 0 0 0 0 0 1001 1046 1070 1039 972 0 0 0 0 0 
0 17 51 132 0 0 17 52 114 0 0 17 46 141 0 0 16 50 138 0 0 15 50 139 0 
85 137 71 153 162 11 46 20 75 75 14 52 21 81 100 0 45 0 62 62 0 43 0 57 71 
106 125 134 109 0 109 141 171 94 2 309 305 359 306 205 112 142 139 81 0 281 234 340 254 132 
58 13 11 94 13 70 0 0 111 0 198 135 134 216 126 64 0 0 101 0 95 36 34 155 35 
114 92 39 41 38 136 89 45 57 31 56 43 14 0 0 88 70 18 12 12 81 50 7 0 0 
0 0 177 82 0 0 0 219 75 0 0 0 254 88 0 0 0 228 63 0 0 0 197 64 0 
133 151 154 112 100 0 54 65 0 0 0 50 53 0 0 40 70 96 33 34 0 38 91 0 0 
66 54 80 70 65 103 126 110 124 115 24 40 45 36 42 0 0 0 0 0 0 0 0 0 0 
0 0 0 171 0 0 0 0 176 0 232 237 223 412 241 0 0 0 174 0 0 0 0 160 0 
0 0 0 0 0 150 142 186 149 147 0 0 0 0 0 0 0 0 0 0 72 58 71 72 85 
152 3 29 91 63 153 44 65 151 122 247 97 107 194 167 105 0 0 84 55 219 94 110 179 151 
0 86 0 0 0 0 85 0 0 0 0 62 0 0 0 117 167 86 128 86 58 144 48 55 56 
0 0 95 0 0 85 84 174 105 104 0 0 92 0 0 6 8 96 2 8 14 12 82 8 15 
230 205 185 243 100 104 104 81 115 0 74 94 55 85 0 227 217 148 252 101 113 97 71 132 0 
0 232 0 210 0 0 191 0 205 0 8 216 6 208 7 0 197 0 200 0 0 206 0 214 0 
0 46 0 133 0 0 53 0 153 0 0 49 0 143 0 75 152 82 221 86 0 63 0 138 0 
0 0 0 0 86 94 98 90 75 164 103 91 85 102 151 0 0 0 0 80 0 0 0 0 92 
78 232 310 35 198 33 183 250 3 119 62 257 323 60 205 100 272 298 88 212 189 319 371 155 291 
0 53 40 0 98 29 88 61 15 115 34 114 110 48 101 0 73 33 0 84 0 71 39 0 87 
112 89 99 116 112 14 0 0 34 0 13 0 0 39 0 17 0 0 42 0 87 61 55 106 76 
71 0 67 0 0 64 0 77 0 0 114 53 107 50 51 103 17 79 13 12 66 0 74 0 0 
0 19 88 0 98 0 12 71 0 113 0 18 76 0 111 0 15 97 0 139 0 13 72 0 105 
11 43 122 62 14 38 56 124 84 33 0 33 107 30 0 31 64 129 79 30 0 15 84 51 0 
0 68 0 0 0 0 76 0 0 0 147 253 129 155 143 0 97 0 0 0 15 87 18 24 32 
0 0 0 82 0 65 71 63 138 87 0 0 0 84 0 0 0 0 85 0 89 68 68 166 66 
49 0 92 48 0 57 0 109 53 0 57 0 93 50 0 46 0 102 54 0 44 0 98 45 0 
77 46 0 29 0 102 73 16 47 24 92 86 0 25 0 110 53 0 41 0 87 58 0 32 0 
0 0 0 0 40 267 240 254 251 281 0 0 0 0 49 0 1 0 0 54 0 0 0 0 52 
91 48 57 113 78 54 40 49 98 69 19 0 0 51 9 28 0 0 50 11 35 12 6 56 27 
30 55 8 6 10 17 49 0 0 0 21 74 0 0 0 125 164 125 116 115 28 73 0 0 0 
0 0 0 21 0 186 170 197 198 164 0 0 0 23 0 0 0 0 22 0 0 0 0 19 0 
82 97 169 167 107 0 0 61 73 0 0 0 78 72 0 0 0 76 71 0 0 0 70 76 0 
75 79 69 62 82 51 0 0 0 11 91 72 56 54 77 32 0 0 0 25 111 67 58 54 74 
0 0 27 0 73 9 6 43 17 106 0 0 49 0 84 10 7 49 10 109 103 98 143 76 185 
72 132 164 84 87 46 101 109 35 34 0 42 82 0 0 0 46 89 0 0 0 43 74 0 0 
0 0 118 0 0 0 0 98 0 0 81 120 229 124 107 0 0 91 0 0 0 0 110 0 0 
105 116 34 58 141 37 51 0 1 89 42 62 0 0 79 51 45 0 0 82 61 48 0 0 84 
0 49 0 16 2 54 108 51 68 67 0 53 0 16 14 0 52 0 31 9 15 56 13 40 34 
13 7 130 6 13 0 0 101 0 0 0 0 100 0 0 52 47 140 35 31 92 101 186 72 99 
0 0 0 51 75 88 81 63 117 163 0 0 0 49 73 0 0 0 36 84 0 0 0 47 73 
94 165 78 73 84 22 106 0 0 0 30 115 7 8 9 22 75 0 0 0 25 80 3 3 1 
74 37 100 42 101 21 0 44 6 63 15 0 46 1 75 20 0 56 0 62 0 0 37 0 58 
52 0 14 0 2 71 0 10 0 0 98 55 71 54 80 85 28 1 1 0 149 87 99 95 85 
31 34 118 45 50 0 0 81 0 0 0 0 77 0 0 6 0 70 0 0 38 29 111 36 19 
0 62 67 0 0 0 68 43 0 0 21 104 79 21 21 32 109 60 40 42 0 62 52 0 0 
10 0 74 0 33 29 31 105 34 63 0 0 69 0 15 0 0 71 0 13 0 0 87 0 20 
0 2168 0 0 0 0 2244 0 0 0 0 2101 0 0 0 0 2163 0 0 0 0 2115 0 0 0 
23 119 114 23 13 85 167 188 78 57 6 118 98 4 1 29 142 122 61 32 5 121 95 4 0 
60 105 94 0 0 57 122 126 0 0 87 132 116 1 0 64 128 113 0 0 65 129 124 0 0 
0 91 0 123 0 84 148 66 182 96 68 150 40 170 46 0 92 0 123 0 0 103 0 84 0 
0 0 0 0 0 1273 1236 1246 1208 1264 0 0 0 0 0 0 0 0 0 0 0 0 0 0 0 
0 0 85 136 0 0 0 77 110 0 0 0 82 137 0 0 0 83 130 0 0 0 74 134 0 
134 42 49 90 40 139 52 53 107 63 82 0 0 35 0 76 0 0 32 0 83 0 0 49 0 
0 133 0 0 95 0 156 0 0 83 0 167 0 0 92 0 153 0 0 78 0 152 0 0 99 
214 333 196 239 137 146 254 115 121 14 259 369 218 279 113 266 369 259 279 161 191 349 250 217 124 
92 74 277 264 103 0 0 189 175 0 120 107 290 278 100 0 0 165 176 5 21 13 206 200 17 
145 139 116 161 271 6 20 0 21 177 11 22 11 15 166 225 236 177 209 388 232 272 239 253 409 
0 132 0 0 0 0 100 0 0 1 0 127 0 0 0 5 110 3 6 0 253 335 249 237 237 
46 24 37 12 42 39 14 26 0 37 38 12 34 0 30 64 13 29 0 41 104 96 85 73 111 
201 75 0 102 0 208 69 0 103 0 205 59 0 105 0 193 67 0 109 0 210 62 3 116 0 
0 0 1476 0 0 0 0 1495 0 0 0 0 1391 0 0 0 0 1492 0 0 0 0 1466 0 0 
76 6 8 46 26 113 64 45 98 58 90 62 53 76 82 65 27 17 69 33 52 0 0 27 7 
96 104 107 72 168 0 0 6 0 43 53 65 63 55 99 0 0 16 0 47 0 0 11 0 56 
43 81 0 99 0 148 188 102 195 88 100 111 86 199 86 46 70 0 92 0 36 71 0 98 0 
81 91 76 82 131 78 87 63 59 108 0 24 0 0 47 0 21 0 0 35 57 84 53 51 95 
0 75 0 0 0 29 131 34 38 29 35 138 36 34 30 23 116 22 25 35 45 123 42 33 48 
30 9 41 31 0 102 71 112 112 62 41 21 47 37 0 46 6 42 34 0 38 19 35 37 0 
156 0 0 0 0 138 0 0 0 0 234 88 110 101 104 130 0 0 0 0 138 0 0 0 0 
0 0 0 0 827 0 0 0 0 796 0 0 0 0 840 0 0 0 0 832 0 0 0 0 772 
61 107 78 182 153 0 10 4 101 54 0 13 4 66 56 0 13 11 89 53 32 40 32 113 60 
133 0 0 0 0 272 102 88 86 83 173 0 0 0 0 155 0 0 0 0 161 0 0 0 0 
0 0 0 0 0 75 61 74 65 72 0 0 0 0 0 144 123 138 147 139 0 0 0 0 0 
0 22 0 155 0 40 63 51 201 35 0 19 0 139 0 0 16 0 152 0 0 20 0 174 0 
149 51 105 94 157 111 0 81 30 52 103 18 105 68 77 193 113 156 120 164 83 0 48 31 56 
48 58 67 160 135 35 28 37 97 96 0 0 0 89 69 0 0 0 55 58 9 12 10 98 68 
0 9 73 0 0 105 111 195 99 111 0 10 79 0 0 66 79 201 60 74 0 6 75 0 1 
201 3 192 0 0 207 0 172 0 0 201 0 184 5 0 177 0 183 0 0 215 19 185 11 10 
355 117 401 161 224 387 204 472 256 246 367 159 413 215 235 228 9 246 73 125 213 58 279 63 103 
66 150 69 88 65 0 88 0 28 0 14 132 28 37 29 0 107 0 18 0 0 78 0 22 0 
0 0 33 0 57 35 46 78 44 113 55 74 89 52 121 0 0 33 0 61 0 0 49 0 58 
0 0 23 0 213 0 0 18 0 208 0 0 31 0 184 0 0 27 0 207 0 0 26 0 225 
0 0 0 56 0 0 0 0 64 0 59 63 49 150 47 0 0 0 62 0 90 81 89 171 98 
120 0 0 120 0 134 0 0 148 0 144 0 0 126 0 122 0 0 142 0 133 0 0 141 0 
0 43 89 60 1 102 167 198 180 109 156 214 250 216 140 0 41 111 103 18 65 118 134 138 57 
101 119 110 103 199 0 0 0 0 71 0 0 0 0 68 20 22 26 21 99 0 0 0 0 73 
111 211 125 109 125 0 113 0 0 0 72 182 81 83 78 3 110 1 0 0 78 189 72 73 82 
181 166 95 110 96 99 55 0 0 0 107 56 5 5 9 84 61 0 0 0 93 67 0 0 0 
0 131 0 0 0 42 190 59 70 85 0 149 0 0 0 71 212 91 97 81 0 130 0 0 0 
0 0 0 0 0 0 0 0 0 0 0 0 0 0 0 0 0 0 0 0 448 413 439 423 392 
0 0 37 0 0 73 78 92 75 87 0 0 31 0 0 77 75 85 59 79 19 25 59 22 26 
7 15 16 17 55 0 0 0 0 36 81 80 75 69 104 0 0 0 0 35 68 100 80 76 108 
0 0 0 136 0 0 0 0 115 0 0 0 0 145 0 0 0 0 146 0 79 76 82 209 87 
0 65 0 35 72 3 63 0 39 78 0 58 0 36 89 0 55 0 28 72 16 72 26 55 111 
0 21 0 15 0 78 97 71 57 76 77 74 73 76 78 0 16 0 15 0 118 150 126 153 120 
0 0 117 55 0 43 45 155 106 50 0 0 102 39 0 0 0 89 38 0 0 0 126 35 0 
59 0 0 0 0 126 62 59 76 69 99 20 17 20 14 131 47 46 52 41 58 0 0 0 0 
83 34 33 111 36 38 0 0 91 0 48 0 0 85 0 83 33 30 120 32 55 0 0 83 0 
0 0 63 43 0 0 0 54 43 0 100 99 149 131 97 0 0 62 46 0 0 0 67 42 0 
2 6 55 101 7 0 0 54 80 0 49 31 109 127 48 30 40 74 118 36 0 0 52 89 0 
48 2 42 42 10 38 3 39 45 18 116 73 117 105 85 71 18 40 42 19 45 0 43 41 0 
51 0 70 0 69 46 0 71 0 65 30 0 85 0 85 119 61 137 72 132 39 0 69 0 63 
87 18 147 83 52 66 11 142 71 38 57 0 97 33 17 145 57 193 114 97 88 25 174 67 67 
14 93 149 52 132 120 193 275 138 250 29 93 178 43 181 0 44 168 2 118 84 126 229 99 227 
18 19 21 57 48 40 37 33 74 72 0 0 0 31 29 0 0 0 22 17 74 90 88 124 99 
22 35 1 107 0 34 55 0 130 0 100 97 52 156 61 34 47 0 122 0 46 36 0 95 0 
0 0 53 0 0 165 146 218 153 179 0 0 59 0 0 0 0 74 0 0 0 0 70 0 0 
65 11 11 7 20 98 67 70 75 68 104 84 90 96 94 49 0 5 0 13 34 10 15 8 24 
20 123 87 15 39 0 101 78 6 10 0 88 46 0 23 0 103 53 5 13 48 154 107 42 85 
138 172 92 95 91 67 64 38 18 21 37 51 17 0 0 35 46 13 0 0 28 44 14 0 0 
71 83 5 0 0 55 50 0 0 0 47 64 12 5 10 54 67 32 41 41 65 69 38 8 20 
42 92 46 77 37 0 71 15 45 15 0 53 13 51 17 0 49 14 36 12 40 121 66 111 84 
0 0 58 29 11 0 0 49 36 4 0 0 47 42 10 46 58 139 103 71 59 56 110 99 70 
31 40 25 18 31 0 0 0 0 0 75 64 59 67 57 0 0 0 0 0 120 114 100 117 108 
47 37 4 38 44 0 0 0 0 0 1 0 0 0 0 46 49 77 65 73 121 91 112 156 132 
33 31 96 25 28 0 4 57 4 0 58 48 127 45 41 0 0 53 0 0 0 0 61 0 0 
0 0 139 6 0 0 0 72 0 0 18 20 82 0 18 0 0 97 3 0 0 0 101 0 0 
43 70 0 0 0 66 92 38 30 29 67 108 17 14 9 79 118 36 37 41 37 66 0 0 0 
82 107 63 50 60 11 40 0 0 0 71 123 58 48 51 33 64 25 15 11 21 52 0 0 0 
0 129 115 180 0 0 141 128 181 1 0 116 132 182 0 0 123 131 176 0 0 137 127 178 0 
24 0 0 227 0 15 0 0 153 0 141 119 146 299 123 16 0 0 173 0 32 3 1 182 7 
122 148 37 88 89 166 257 79 106 179 154 190 85 119 124 78 122 4 29 50 241 292 132 170 175 
63 168 128 81 85 4 45 65 14 3 33 73 97 30 25 21 76 68 9 29 0 56 54 0 0 
0 16 11 3 63 10 24 22 1 90 0 16 11 0 43 51 74 62 38 135 24 34 38 22 83 
643 505 618 427 523 493 243 314 184 258 475 297 359 206 324 378 199 193 79 187 562 371 454 326 392 
90 69 1 3 1 174 166 82 71 73 95 92 0 0 0 106 97 25 15 21 88 66 0 0 0 
157 296 113 149 123 274 374 166 289 196 143 281 87 182 87 46 185 0 53 0 90 195 59 98 49 
0 0 0 0 52 0 0 0 0 58 0 0 0 0 67 0 0 0 0 61 136 158 141 156 189 
150 0 0 54 0 155 0 0 55 0 141 0 0 39 0 168 0 0 45 0 149 0 0 41 0 
197 149 187 267 128 36 0 93 131 2 110 62 139 196 77 46 17 90 99 28 53 0 102 101 3 
120 134 111 72 30 189 184 154 121 122 90 88 84 36 9 251 229 226 167 147 140 171 141 59 54 
61 131 50 57 54 0 55 0 0 0 6 81 2 5 4 0 64 0 0 0 76 155 61 76 65 
0 0 0 18 0 0 0 0 21 0 0 0 0 19 0 0 0 0 21 0 186 206 234 234 229 
73 12 56 125 98 9 0 31 94 84 72 25 57 138 118 20 0 34 98 86 140 75 120 196 209 
0 103 75 0 104 0 108 82 0 108 0 126 61 0 89 0 99 101 0 102 0 124 83 0 108 
48 24 56 40 35 71 52 94 56 55 23 18 36 20 13 57 46 104 70 50 7 0 32 2 0 
85 0 0 0 52 69 0 0 0 50 82 0 0 0 60 67 0 0 0 52 181 93 79 91 157 
63 79 0 77 49 42 72 1 90 57 51 53 1 114 66 148 171 101 184 135 81 122 27 98 88 
79 108 108 88 67 14 38 44 13 9 0 14 55 0 0 61 84 91 61 49 30 30 60 25 14 
0 0 0 140 35 0 0 0 158 28 27 29 16 157 51 0 0 0 149 34 0 0 0 138 37 
0 0 0 181 13 242 196 173 445 226 0 0 0 198 15 162 172 165 359 147 0 0 0 208 16 
51 136 153 170 50 28 104 142 171 22 91 147 166 206 77 47 179 166 222 83 102 133 158 214 74 
0 0 0 1255 0 0 0 0 1277 0 0 0 0 1283 0 0 0 0 1337 1 0 0 0 1307 0 
195 0 0 0 0 197 13 18 17 20 178 0 0 0 0 196 0 0 0 0 166 0 0 0 0 
92 0 0 0 0 117 0 0 0 0 122 0 0 0 0 102 0 0 0 0 206 88 85 89 98 
268 127 82 152 167 115 0 0 16 18 239 61 71 78 79 265 78 98 177 113 385 223 237 294 267 
7 11 0 0 7 0 29 0 1 0 0 0 0 0 0 40 46 20 49 54 0 0 0 0 0 
64 63 128 97 76 0 0 41 0 0 0 0 60 0 0 0 0 58 0 0 161 156 205 168 160 
1 16 0 77 237 113 130 116 213 355 0 37 0 86 254 0 21 0 96 272 128 147 120 189 320 
9 17 79 5 240 0 0 65 11 176 112 99 180 120 293 146 155 236 184 355 0 1 70 1 194 
115 269 250 204 77 142 246 291 174 59 128 252 270 173 106 60 181 245 107 9 54 194 214 132 29 
117 0 0 10 0 106 0 0 0 0 124 0 0 0 0 114 0 0 0 0 147 20 27 19 38 
41 62 36 36 43 0 42 0 0 0 50 82 45 40 57 7 37 0 0 20 0 43 0 0 14 
626 646 656 694 642 0 0 0 0 0 0 0 0 0 0 0 0 0 0 0 0 0 0 0 0 
72 53 0 0 0 85 76 16 13 15 147 90 35 36 27 92 66 0 0 0 104 94 25 26 30 
37 0 0 68 85 93 47 47 110 132 23 0 0 64 71 51 9 17 72 68 38 31 34 95 91 
15 11 0 0 94 13 2 0 0 76 69 87 56 44 152 25 24 19 17 83 103 125 114 98 149 
57 0 0 0 0 62 0 0 0 0 67 0 0 0 0 206 138 144 150 142 52 0 0 0 0 
69 156 101 123 141 111 275 147 180 221 14 119 57 60 53 121 215 145 179 157 118 241 186 181 183 
0 0 0 0 0 31 34 30 19 22 0 0 0 0 0 59 67 68 65 90 100 94 96 97 127 
158 11 79 4 22 228 6 57 0 10 302 92 149 109 106 319 166 283 150 173 246 66 106 41 48 
16 0 33 6 0 20 0 13 0 0 32 0 13 6 0 87 62 86 62 73 27 2 29 0 0 
0 0 197 0 33 0 0 221 0 31 0 0 185 0 23 0 0 187 0 23 0 0 176 0 29 
108 59 0 128 47 99 73 0 116 60 115 101 41 147 63 82 51 0 103 48 94 77 0 154 55 
52 75 55 66 39 12 23 0 24 0 67 94 52 95 36 15 48 7 35 5 65 66 59 92 32 
0 0 47 54 0 68 49 97 94 63 0 0 40 34 0 55 52 96 86 44 43 29 73 64 22 
