930 911 829 813 858 1148 1119 1211 1095 1152 637 749 693 647 721 1097 1009 1023 1042 1068 599 586 544 524 750 
164 137 153 157 167 0 0 0 0 0 120 80 120 106 104 0 0 0 0 0 0 0 0 0 0 
136 53 39 237 235 99 0 0 167 181 210 48 43 276 289 57 0 0 127 139 85 0 0 158 166 
333 53 124 89 133 226 0 20 6 9 462 102 203 178 198 485 263 344 287 267 321 50 102 71 84 
0 0 0 42 0 80 65 54 110 65 0 3 0 27 0 49 51 68 97 56 46 49 46 108 47 
174 33 101 135 29 148 6 77 116 0 153 29 86 114 16 141 0 51 126 0 318 194 283 326 189 
116 6 26 0 109 110 9 17 0 136 221 117 118 94 209 188 73 103 62 173 268 137 153 137 276 
0 0 0 0 0 0 0 0 0 0 1042 1047 1002 1035 1074 0 0 0 0 0 0 0 0 0 0 
0 0 0 256 0 0 0 3 238 1 110 104 99 367 114 114 99 97 387 120 0 0 0 239 0 
17 8 15 195 5 0 0 0 191 0 46 52 40 194 35 0 0 0 173 0 3 6 4 190 3 
0 0 0 0 0 0 0 0 0 0 0 0 0 0 0 66 73 69 70 93 204 164 162 200 168 
77 94 68 61 188 0 11 0 0 89 0 6 0 0 100 0 6 0 0 108 77 81 79 69 162 
132 141 141 149 153 0 0 0 0 0 0 0 1 0 0 0 0 0 0 0 82 77 70 68 84 
0 0 0 0 0 0 0 0 0 0 0 0 0 0 0 436 435 418 416 418 192 182 178 194 209 
0 201 0 0 84 0 180 0 0 96 122 318 142 121 204 0 194 0 0 94 0 217 0 0 77 
903 0 0 0 0 873 0 0 0 0 902 0 0 0 0 919 0 0 0 0 923 0 0 0 0 
8 6 211 143 139 42 11 232 154 168 110 121 335 231 236 193 215 459 354 330 138 109 291 266 314 
97 134 80 180 89 58 81 71 120 70 0 47 0 50 0 49 111 55 110 48 0 37 0 36 0 
37 9 15 7 24 155 113 136 110 143 34 0 0 0 25 30 0 0 0 24 146 136 114 122 151 
0 0 124 0 0 0 0 126 0 0 0 0 134 0 0 137 116 225 108 117 0 0 140 0 0 
0 65 46 51 0 0 83 44 46 0 35 107 96 101 33 0 72 48 49 0 1 74 57 42 0 
0 1 0 3 167 151 111 125 157 264 154 112 114 146 237 0 1 0 0 119 86 90 100 93 197 
0 0 0 0 0 0 0 0 1 0 0 0 0 0 0 1015 1097 1099 1074 1019 0 0 0 0 0 
0 18 50 132 0 0 17 52 116 0 0 18 46 141 0 0 17 51 140 0 0 15 51 142 0 
66 47 0 0 0 85 69 15 14 14 132 83 36 35 28 86 65 0 0 0 95 89 22 25 30 
66 110 74 140 162 13 39 17 62 71 10 38 18 72 87 0 41 0 54 65 0 37 0 61 67 
97 123 108 68 1 94 125 187 78 0 272 310 323 276 183 116 137 139 71 3 259 208 283 215 115 
72 10 7 97 7 75 0 0 114 0 211 152 143 217 130 69 0 0 96 1 106 49 50 171 39 
98 68 29 40 28 114 73 29 46 25 47 37 9 0 0 70 52 7 8 10 70 36 5 0 0 
0 0 140 57 0 0 0 155 54 0 0 0 187 52 0 0 0 163 43 0 0 0 138 42 0 
123 159 181 121 113 0 52 74 0 0 0 47 62 0 0 38 67 95 33 35 0 43 99 0 0 
103 80 93 108 75 136 151 141 157 133 35 55 57 50 58 0 0 0 0 0 0 0 0 0 0 
0 0 0 162 0 0 0 0 172 0 230 234 221 409 242 0 0 0 171 0 0 0 0 154 0 
0 0 0 0 0 159 148 185 136 150 0 0 0 0 0 0 0 0 0 0 76 59 70 75 91 
111 0 0 74 43 129 35 40 117 94 213 77 83 145 143 86 0 0 71 34 186 56 95 141 110 
0 78 0 0 0 0 75 0 0 0 0 61 0 0 0 106 150 79 119 81 50 126 43 49 47 
0 0 114 0 0 107 103 228 124 120 0 0 107 0 0 7 10 112 4 11 17 17 100 12 18 
260 206 183 264 120 120 79 75 118 0 93 87 60 103 0 278 244 162 284 125 146 112 80 142 0 
0 0 0 0 0 37 37 31 22 24 0 0 0 0 0 68 80 83 71 104 120 127 121 114 156 
0 226 0 203 0 0 181 0 199 0 8 206 8 202 7 0 192 0 194 0 0 201 0 204 0 
0 40 0 122 0 0 52 0 139 0 0 47 0 136 0 64 139 70 209 66 0 60 0 123 0 
0 0 0 0 71 80 74 78 60 134 81 77 70 77 121 0 0 0 0 70 0 0 0 0 78 
67 316 344 50 245 10 217 254 7 152 60 308 335 38 225 86 318 327 99 264 201 373 411 159 313 
0 55 38 0 91 23 71 53 14 110 34 97 101 53 92 0 66 30 0 79 0 72 34 0 83 
110 95 108 125 134 14 0 0 35 0 14 0 0 38 0 19 0 0 46 0 90 67 64 110 86 
71 0 66 0 0 65 0 76 0 0 118 55 109 49 51 100 16 80 14 12 67 0 76 0 0 
0 24 86 0 104 0 12 70 0 109 0 17 76 0 113 0 15 97 0 145 0 14 74 0 109 
32 62 153 86 31 70 66 159 117 61 0 40 114 41 0 42 70 154 105 44 0 21 106 66 0 
0 75 0 0 0 0 90 0 0 0 128 241 117 146 131 0 103 0 0 0 16 89 18 25 32 
0 0 0 79 0 70 80 58 138 89 0 0 0 83 0 0 0 0 93 0 78 73 60 158 72 
63 0 127 57 0 78 0 126 66 0 77 0 115 73 0 55 0 135 72 0 54 0 111 52 0 
98 66 0 39 0 148 96 25 56 31 121 107 0 31 0 139 72 0 49 0 114 71 0 39 0 
0 0 0 0 25 199 199 193 207 224 0 0 0 0 38 0 0 0 0 33 0 0 0 0 36 
115 57 66 134 94 79 42 61 117 82 27 0 0 66 13 33 0 0 60 14 48 15 10 68 32 
30 69 13 8 11 17 57 0 0 0 21 82 0 0 0 157 208 151 140 134 28 90 0 0 0 
0 0 0 21 0 186 170 197 198 164 0 0 0 23 0 0 0 0 22 0 0 0 0 19 0 
71 79 132 138 89 0 0 52 63 0 0 0 74 60 0 0 0 67 53 0 0 0 59 62 0 
63 57 59 48 68 41 0 0 0 11 76 62 48 48 72 30 0 0 0 22 90 47 45 48 60 
0 0 24 0 69 9 6 36 12 89 0 0 33 0 70 10 7 42 7 95 80 75 112 64 153 
597 599 621 658 602 0 0 0 0 0 0 0 0 0 0 0 0 0 0 0 0 0 0 0 0 
73 129 155 84 79 31 93 105 27 31 0 35 82 0 0 0 50 81 0 0 0 44 77 0 0 
0 0 116 0 0 0 0 99 0 0 78 121 220 119 109 0 0 92 0 0 0 0 109 0 0 
118 130 40 64 149 45 47 0 0 92 49 60 0 0 73 43 49 0 0 69 69 47 0 0 96 
0 49 0 23 36 59 115 57 80 94 0 59 0 27 38 0 55 0 39 40 25 65 22 53 63 
9 7 98 5 11 0 0 87 0 0 0 0 83 0 0 36 39 120 27 29 75 77 150 59 85 
0 0 0 50 74 88 81 61 116 163 0 0 0 48 72 0 0 0 34 83 0 0 0 47 72 
118 186 84 82 99 25 130 0 0 0 31 135 7 8 10 27 91 0 0 0 30 99 1 2 0 
66 20 88 31 97 19 0 33 3 65 11 0 31 0 72 16 0 45 0 61 9 0 34 4 71 
72 7 5 0 2 80 0 0 0 0 100 60 46 58 79 109 32 12 12 22 183 112 108 138 113 
67 34 118 48 48 32 0 81 0 0 29 0 77 0 0 26 0 70 0 2 83 44 122 48 41 
90 79 100 51 60 34 28 33 2 10 58 69 60 28 44 46 29 34 0 12 35 32 33 0 8 
0 62 63 0 0 0 63 46 0 0 21 104 75 21 21 32 109 59 40 41 0 62 47 0 0 
33 69 48 14 20 30 78 28 18 21 0 52 0 0 16 19 19 15 3 20 0 49 0 0 0 
28 0 91 0 44 63 43 123 38 80 25 0 84 0 28 37 8 99 4 35 30 0 99 0 28 
0 2079 0 0 0 0 2149 0 0 0 0 2018 0 0 0 0 2075 0 0 0 0 2021 0 0 0 
28 157 132 20 12 85 224 187 75 72 0 128 120 10 0 48 205 164 81 60 5 137 105 0 0 
61 95 74 0 0 44 115 93 0 0 76 108 103 0 0 59 109 94 0 0 57 95 99 0 0 
21 150 0 216 0 131 267 133 356 146 157 275 126 414 137 6 150 0 250 0 12 131 0 166 0 
85 82 147 129 81 0 0 47 0 0 0 0 76 0 0 0 1 52 0 1 227 273 294 267 265 
0 0 0 0 0 1254 1211 1215 1160 1243 0 0 0 0 0 0 0 0 0 0 0 0 0 0 0 
0 0 85 131 0 0 0 79 113 0 0 0 86 133 0 0 0 84 130 0 0 0 77 129 0 
143 43 51 82 39 146 51 45 99 57 79 0 0 34 0 82 0 0 32 0 85 0 0 44 0 
0 117 0 0 78 0 136 0 0 70 0 150 0 0 81 0 126 0 0 64 0 136 0 0 93 
184 330 156 263 138 86 236 22 150 2 314 462 269 400 168 185 331 149 262 84 263 408 339 348 174 
96 74 286 298 98 0 0 207 203 4 109 109 292 307 115 0 0 168 194 10 9 6 198 191 19 
155 124 124 160 267 0 21 3 2 168 13 14 4 4 161 236 220 169 208 385 237 275 267 255 418 
0 60 0 0 0 0 47 0 0 0 0 60 0 0 0 7 59 4 7 3 149 184 149 127 144 
59 33 51 12 56 58 15 29 0 55 46 14 35 0 37 94 13 31 0 58 156 126 116 110 163 
207 78 0 106 0 206 69 0 106 0 210 59 0 105 0 197 67 0 116 0 201 55 0 119 0 
55 0 0 0 0 62 0 0 0 0 64 0 0 0 0 203 133 146 147 142 52 0 0 0 0 
84 238 237 144 44 127 231 257 164 74 141 236 257 146 109 68 188 211 102 5 54 223 237 140 27 
98 0 8 62 32 127 76 52 128 83 125 90 80 115 108 79 35 24 80 39 76 0 0 33 18 
119 125 140 100 214 0 0 6 0 56 75 85 79 69 128 0 0 17 0 56 0 0 16 0 65 
20 45 0 49 0 95 113 59 101 46 53 57 23 73 32 33 38 0 47 0 24 42 0 51 0 
82 100 97 107 143 91 84 75 73 113 0 25 0 0 51 0 22 0 0 32 61 78 64 52 98 
0 78 0 0 0 34 144 39 30 41 34 151 35 33 31 25 139 31 29 33 47 139 49 39 53 
31 10 41 32 0 103 71 113 111 63 42 21 47 35 0 47 8 44 33 0 41 20 36 38 0 
3 14 0 82 215 125 136 118 221 334 2 30 0 81 254 0 13 0 85 253 121 143 116 176 306 
12 15 91 10 216 4 1 58 7 162 107 93 161 111 269 131 135 204 169 326 2 4 63 4 175 
156 0 0 0 0 134 0 0 0 0 226 90 103 109 109 128 0 0 0 0 131 0 0 0 0 
0 0 0 0 843 0 0 0 0 805 0 0 0 0 854 0 0 0 0 852 0 0 0 0 783 
117 106 0 172 46 127 136 4 195 76 173 159 56 240 103 102 100 11 167 80 120 124 0 229 72 
227 0 0 0 0 377 109 105 100 96 228 0 0 0 0 241 0 0 0 0 218 0 0 0 0 
0 0 0 0 0 80 65 86 69 79 0 0 0 0 0 165 147 171 161 158 0 0 0 0 0 
0 23 0 155 0 32 58 47 200 30 0 21 0 145 0 0 16 0 147 0 0 24 0 174 0 
80 60 93 116 115 36 1 63 56 45 27 0 68 76 64 84 50 101 113 108 9 1 51 58 36 
43 47 55 128 106 28 22 31 81 74 0 0 0 77 55 0 0 0 48 50 7 10 9 75 53 
0 11 69 0 0 85 125 205 91 108 0 10 74 0 0 64 97 205 60 73 0 7 77 0 0 
213 19 197 0 0 220 14 185 0 0 212 10 197 0 0 194 10 196 0 0 231 24 188 5 4 
280 106 333 131 197 329 169 435 206 233 330 153 406 221 251 217 32 237 62 135 225 59 308 60 127 
66 155 71 85 66 0 86 0 27 0 17 129 29 34 27 0 106 0 19 0 0 77 0 23 0 
0 0 37 0 64 45 53 92 50 141 66 90 112 59 141 0 0 35 0 73 0 0 50 0 76 
0 0 17 0 196 0 0 16 0 187 0 0 30 0 168 0 0 25 0 187 0 0 24 0 190 
0 0 0 57 0 0 0 0 74 0 66 64 48 167 52 0 0 0 68 0 115 92 100 198 102 
96 0 0 96 0 116 0 0 116 0 103 0 0 94 0 107 0 0 116 0 103 0 0 120 0 
3 46 86 84 0 128 205 208 218 147 167 216 247 215 155 32 72 126 123 51 75 127 137 148 60 
119 154 143 114 257 0 0 0 0 97 0 0 0 0 87 28 28 35 27 126 0 0 0 0 98 
134 241 147 130 134 0 139 0 0 0 88 199 79 95 74 0 111 0 0 2 96 210 84 77 101 
140 130 81 78 83 78 45 0 0 0 86 48 4 4 9 66 48 0 0 0 72 56 0 0 0 
0 103 0 0 0 29 148 45 47 56 0 110 0 0 0 61 167 74 75 57 0 102 0 0 0 
0 0 0 0 0 0 0 0 0 0 0 0 0 0 0 0 0 0 0 0 467 444 470 452 406 
0 0 37 0 0 73 79 92 75 87 0 0 31 0 0 77 75 85 59 79 19 25 59 22 26 
8 15 16 17 53 0 0 0 0 36 81 80 75 71 100 0 0 0 0 33 68 100 79 76 107 
0 0 0 137 0 0 0 0 119 0 0 0 0 145 0 0 0 0 154 0 84 80 85 203 84 
1 66 0 27 72 0 59 0 29 76 0 48 0 27 86 0 57 0 29 73 14 77 22 49 113 
0 111 0 0 0 0 108 0 0 0 0 106 0 0 0 0 96 0 0 0 97 187 99 105 92 
0 0 0 39 0 78 43 77 80 77 35 19 50 20 50 0 0 0 15 0 104 119 110 154 103 
0 0 117 55 0 43 45 155 105 50 0 0 102 39 0 0 0 89 38 0 0 0 126 35 0 
0 42 0 0 0 12 91 14 0 20 0 76 1 0 25 0 44 0 0 0 0 54 14 1 21 
58 0 0 0 0 126 62 61 75 69 99 20 17 19 15 130 47 46 50 40 58 0 0 0 0 
83 35 33 111 37 39 0 0 91 0 48 0 0 84 0 83 35 30 120 32 55 0 0 83 0 
0 0 63 43 0 0 0 54 42 0 101 99 149 132 96 0 0 62 47 0 0 0 67 42 0 
29 0 0 77 115 110 75 78 140 204 33 4 5 94 121 56 19 28 93 112 38 29 50 89 126 
3 6 53 101 11 0 0 57 81 0 52 35 125 129 57 29 44 78 134 40 0 0 47 87 0 
56 3 45 44 7 41 0 46 43 21 149 86 146 132 118 73 12 48 54 19 51 0 46 49 0 
38 0 54 0 55 38 0 56 0 51 26 0 66 0 70 88 49 103 64 103 30 0 55 0 52 
68 14 170 79 44 48 4 149 68 29 41 0 137 29 10 142 69 213 110 107 84 15 195 79 51 
7 81 143 20 132 138 180 276 122 243 36 91 182 45 173 1 29 159 7 121 103 156 236 130 230 
23 25 33 71 52 43 45 37 89 84 0 0 0 38 31 0 0 0 26 19 88 105 109 141 118 
19 31 0 101 0 38 55 0 119 0 90 90 46 147 64 35 44 0 121 0 47 38 0 91 0 
0 0 58 0 0 166 153 220 156 184 0 0 63 0 0 0 0 75 0 1 0 0 75 0 0 
10 7 0 0 72 15 2 0 0 68 70 69 53 59 137 25 21 17 13 84 96 120 102 101 157 
59 11 10 6 20 86 60 62 64 64 94 73 78 87 83 39 0 5 0 12 34 11 13 6 21 
18 101 73 16 37 0 92 72 6 7 0 74 44 0 19 0 82 52 5 12 44 129 113 43 81 
167 206 108 108 112 84 66 55 21 24 45 51 15 0 0 46 47 19 0 0 37 51 11 0 0 
95 0 0 3 0 83 0 0 22 0 99 0 0 24 0 100 0 0 0 0 122 15 23 51 29 
72 81 16 24 24 51 35 0 0 0 51 65 16 8 16 66 71 32 38 50 82 75 48 29 47 
36 68 37 71 26 0 53 6 41 8 1 41 4 45 12 0 31 3 27 4 35 91 58 91 70 
0 0 54 27 9 0 0 43 34 0 0 0 42 38 4 40 49 120 92 53 48 46 98 90 57 
29 38 26 22 31 0 0 0 0 0 71 59 57 62 55 0 0 0 0 0 120 107 99 114 109 
42 40 40 32 42 0 0 16 0 0 0 0 22 0 0 51 47 99 63 51 132 100 140 148 124 
39 45 108 55 58 7 9 63 16 19 59 52 132 57 51 0 0 50 3 0 5 9 62 28 16 
0 0 185 33 0 0 0 149 24 0 22 20 161 40 19 0 0 171 24 0 0 0 170 23 0 
38 112 0 0 0 84 161 54 60 52 91 179 29 26 11 94 187 66 59 61 31 105 0 0 0 
84 0 79 83 93 145 71 165 174 172 161 79 174 179 205 141 40 102 108 136 102 0 82 119 100 
102 131 82 67 76 17 55 3 0 0 80 161 70 61 64 40 90 33 23 20 26 76 0 0 0 
0 116 107 163 0 0 126 119 164 0 0 107 120 165 0 0 116 114 152 0 0 127 118 164 3 
12 0 0 131 0 8 0 0 93 0 88 65 85 186 82 10 0 0 97 0 20 0 1 103 0 
51 65 47 32 58 0 55 0 0 23 49 84 44 39 61 6 37 0 0 32 0 59 0 0 25 
110 102 25 57 84 161 196 82 87 181 131 135 49 65 102 81 83 2 11 69 213 244 90 132 149 
81 189 155 113 119 3 45 77 9 3 41 83 124 48 34 24 73 72 13 23 0 70 56 0 0 
8 34 13 12 76 16 42 23 9 112 10 16 17 13 56 70 98 77 55 174 29 42 41 37 104 
716 542 557 451 536 482 269 274 215 250 532 325 339 241 353 366 179 153 79 158 572 373 398 371 367 
94 68 0 3 3 199 177 73 82 77 88 87 0 0 0 114 96 26 19 18 95 69 0 0 0 
164 310 136 133 129 252 383 152 257 177 133 258 65 148 60 37 187 7 35 0 88 208 56 82 29 
15 0 0 71 0 5 0 1 42 0 63 49 53 72 31 79 50 59 94 70 22 0 11 44 1 
0 0 0 0 53 0 0 0 0 56 0 0 0 0 67 0 0 0 0 61 143 163 145 160 188 
77 0 40 0 17 124 13 55 25 28 125 63 98 49 56 140 67 124 71 85 119 33 52 24 29 
150 0 0 53 0 156 0 0 55 0 141 0 0 40 0 168 0 0 46 0 149 0 0 41 0 
144 121 151 225 112 33 0 80 123 3 83 37 125 173 69 44 3 98 93 24 38 0 74 84 0 
0 0 49 61 0 75 58 107 104 67 0 0 42 43 0 66 50 118 86 51 44 32 95 84 31 
69 115 95 180 152 0 10 5 95 46 0 14 5 82 50 0 11 11 94 62 31 50 25 109 63 
112 127 87 50 10 156 166 126 110 90 72 88 56 18 3 203 199 185 122 117 107 140 98 29 41 
58 130 50 57 53 0 55 0 0 0 6 80 4 5 4 0 64 0 0 0 76 154 61 76 65 
0 0 0 18 0 0 0 0 21 0 0 0 0 20 0 0 0 0 21 0 184 201 227 230 229 
44 4 0 33 39 114 86 77 101 102 49 0 0 34 39 42 1 0 23 41 49 0 0 28 34 
47 4 50 100 82 12 6 33 94 82 68 26 52 130 110 18 0 36 81 91 107 76 107 182 188 
0 69 55 0 67 0 69 63 0 72 0 78 52 0 55 0 66 63 0 69 0 84 67 0 66 
52 25 60 39 38 84 55 106 60 60 27 17 40 23 14 61 51 112 78 56 9 0 34 2 0 
72 0 0 0 50 62 0 0 0 48 81 0 0 0 55 65 0 0 0 48 171 91 77 89 154 
86 135 22 126 99 75 130 1 140 100 56 96 1 132 76 218 264 136 277 191 127 203 85 168 123 
92 0 0 0 0 117 0 0 0 0 122 0 0 0 0 102 0 0 0 0 205 88 84 88 99 
89 99 121 85 70 12 40 48 15 9 0 16 47 0 0 64 82 101 70 55 24 34 66 22 13 
0 0 0 146 36 0 0 0 159 27 27 30 16 159 52 0 0 0 154 35 0 0 0 140 38 
0 0 185 0 34 0 0 207 0 27 0 0 186 0 23 0 0 167 0 21 0 0 169 0 27 
0 0 0 139 13 137 117 107 308 154 1 0 0 160 15 88 88 73 227 86 1 0 0 129 8 
35 100 140 164 57 24 75 90 143 17 69 106 119 169 52 40 120 134 164 65 57 94 106 163 41 
0 0 0 1255 0 0 0 0 1231 0 0 0 0 1244 0 0 0 2 1314 1 0 0 0 1252 0 
0 0 1449 0 0 0 0 1474 0 0 0 0 1366 0 0 0 0 1485 0 0 0 0 1455 0 0 
