1002 932 908 941 1013 1196 1131 1146 1098 1192 825 783 733 814 929 1141 1046 1067 1133 1177 756 573 615 573 761 
195 165 185 180 177 0 0 0 0 0 143 87 126 104 106 0 0 0 0 0 0 0 0 0 0 
142 52 49 280 303 92 0 0 175 200 211 68 54 300 316 59 0 0 125 178 94 0 0 192 187 
296 55 130 96 57 222 0 39 19 3 403 103 203 135 132 431 224 320 263 232 273 49 99 67 63 
0 0 67 78 0 116 67 152 146 94 0 3 69 64 2 104 73 175 137 78 63 36 114 113 39 
172 51 145 160 43 141 12 107 137 0 151 22 121 128 23 141 3 84 171 2 324 212 296 362 181 
101 14 19 3 104 98 6 13 0 116 204 100 96 87 179 172 75 96 57 158 236 103 137 114 251 
0 0 0 0 0 0 0 0 0 0 1033 1047 999 1018 1065 0 0 0 0 0 0 0 0 0 0 
0 0 0 305 0 2 0 3 278 0 128 123 115 412 119 128 126 100 431 144 0 0 0 269 0 
20 8 15 183 7 0 0 0 204 0 41 46 43 189 32 0 0 0 174 0 3 6 3 187 3 
0 0 0 0 0 0 0 0 0 0 0 0 1 0 0 60 73 72 65 77 182 160 154 190 164 
61 84 58 48 151 0 11 0 0 91 0 3 0 0 99 0 4 0 0 94 66 71 77 64 145 
149 154 160 166 162 0 0 0 0 0 0 0 0 0 0 0 0 0 0 0 86 92 70 72 88 
0 0 0 0 0 0 0 0 0 0 0 0 0 0 0 436 432 419 409 416 195 179 180 186 203 
0 200 0 0 87 0 171 0 0 96 130 330 153 139 212 0 186 0 0 99 0 213 0 0 77 
835 0 0 0 0 824 0 0 0 0 822 0 0 0 0 845 0 0 0 0 851 0 0 0 0 
26 3 184 119 103 58 7 181 129 123 112 103 247 197 185 169 169 324 270 276 139 93 231 194 238 
97 143 97 170 82 67 79 77 122 69 0 48 0 45 1 45 108 63 100 63 0 50 0 37 0 
37 9 13 6 25 130 96 112 101 121 37 0 0 0 17 24 0 0 0 24 120 95 83 103 134 
0 0 128 0 0 0 0 122 0 0 0 0 137 0 0 133 112 231 108 112 0 0 139 0 0 
0 64 43 46 0 0 78 43 45 0 35 96 89 97 31 0 70 46 47 0 0 69 55 42 0 
0 0 0 1 144 122 110 115 153 235 138 113 117 115 197 0 0 0 0 122 76 95 98 90 209 
0 0 0 0 0 0 0 0 0 0 0 0 0 0 0 1031 1113 1110 1072 1003 0 0 0 0 0 
0 19 56 151 0 0 21 59 131 0 0 20 54 164 0 0 19 55 156 0 0 18 61 167 0 
68 50 0 0 0 83 74 17 14 15 145 87 35 38 29 90 65 0 0 0 101 96 23 26 33 
63 99 63 129 130 7 33 15 53 65 12 40 20 71 77 0 34 0 47 62 0 34 0 54 62 
105 115 120 77 0 99 122 166 89 0 281 266 312 289 183 118 113 134 74 1 249 217 289 227 116 
78 12 23 105 21 78 0 0 118 0 217 159 146 241 137 72 1 0 111 3 115 49 48 181 37 
137 120 61 52 42 163 114 64 57 34 60 57 15 0 0 108 94 26 14 21 102 66 11 0 0 
0 0 135 56 0 0 0 148 52 0 0 0 179 51 0 0 0 159 43 0 0 0 136 41 0 
119 155 170 121 100 0 50 73 0 0 0 47 70 0 0 36 63 93 32 36 0 43 98 0 0 
71 59 74 75 62 109 128 112 124 105 23 44 46 39 41 0 0 0 0 0 0 0 0 0 0 
0 0 0 165 0 0 0 0 174 0 230 234 220 409 242 0 0 0 171 0 0 0 0 155 0 
0 0 0 0 0 179 159 204 169 164 0 0 0 0 0 0 0 0 0 0 77 60 81 81 104 
112 0 0 69 39 120 31 49 117 99 223 70 82 155 161 63 0 0 70 32 186 61 75 146 109 
0 79 0 0 0 0 76 0 0 0 0 59 0 0 0 112 140 75 117 76 49 121 45 48 47 
0 0 104 0 0 89 90 195 121 117 0 0 98 0 0 7 9 104 4 9 17 13 92 10 16 
271 215 223 285 120 132 115 80 125 0 100 110 63 108 0 293 271 182 297 121 148 117 87 147 0 
0 1 0 0 0 34 40 30 22 22 0 0 0 0 0 66 84 80 71 106 117 111 120 115 154 
0 233 0 203 0 0 184 0 196 0 8 213 7 201 6 0 188 0 198 0 0 206 0 208 0 
0 42 0 122 0 0 57 0 143 0 0 50 0 138 0 73 156 72 229 72 0 58 0 135 0 
0 0 0 0 70 75 67 71 56 126 79 67 68 79 118 0 0 0 0 67 0 0 0 0 73 
66 287 353 45 240 38 205 278 9 168 64 292 362 43 238 122 307 353 106 269 234 390 404 176 334 
0 50 34 0 86 21 70 48 14 93 31 98 93 43 86 0 65 26 0 69 0 65 31 0 75 
113 96 109 121 127 14 0 0 35 0 13 0 0 39 0 17 0 0 41 0 93 67 59 111 83 
66 0 65 0 0 63 0 75 0 0 113 52 107 48 50 99 15 78 13 12 65 0 73 0 0 
0 18 81 0 96 0 12 69 0 107 0 16 74 0 106 0 14 91 0 133 0 13 69 0 100 
18 69 153 92 29 53 79 164 115 56 0 42 121 36 0 44 77 165 111 50 0 24 109 60 0 
0 58 0 0 0 0 66 0 0 0 104 214 98 127 114 0 85 0 0 0 14 77 17 22 25 
0 0 0 75 0 65 69 59 137 90 0 0 0 81 0 0 0 0 88 0 80 69 64 167 71 
61 0 97 50 0 65 0 121 58 0 65 0 111 53 0 49 0 115 61 0 47 0 106 50 0 
99 62 0 39 0 132 96 19 56 31 127 105 0 28 0 137 71 0 48 0 109 75 0 43 0 
0 0 0 0 31 200 189 193 199 225 0 0 0 0 43 0 0 0 0 35 0 0 0 0 36 
89 47 57 109 77 58 37 49 96 68 24 0 0 52 10 28 0 0 48 11 36 12 8 56 27 
29 70 11 7 11 17 59 0 0 0 21 85 0 0 0 161 209 157 144 130 27 87 0 0 0 
0 0 0 20 0 186 170 197 198 164 0 0 0 23 0 0 0 0 22 0 0 0 0 19 0 
72 81 141 148 93 0 0 55 66 0 0 0 80 63 0 0 0 68 55 0 0 0 59 63 0 
78 67 69 61 80 52 0 0 0 11 86 73 55 59 88 34 0 0 0 21 101 53 50 53 74 
0 0 25 0 69 9 6 36 12 89 0 0 34 0 70 10 7 43 8 95 81 75 114 64 153 
587 587 609 643 588 0 0 0 0 0 0 0 0 0 0 0 0 0 0 0 0 0 0 0 0 
72 135 166 83 92 39 102 127 33 32 0 35 78 0 0 0 45 89 0 0 0 47 85 0 0 
0 0 108 0 0 0 0 91 0 0 76 114 208 110 100 0 0 85 0 0 0 0 105 0 0 
124 133 48 64 158 45 47 0 0 98 53 62 0 0 79 43 50 0 0 76 73 52 0 0 96 
0 49 0 23 36 61 115 58 80 94 0 60 0 27 37 0 55 0 41 40 26 66 22 53 65 
9 7 99 5 12 0 0 87 0 0 0 0 83 0 0 36 39 120 27 29 75 78 150 59 85 
0 0 0 55 79 96 93 68 136 183 0 0 0 57 82 0 0 0 41 97 0 0 0 52 79 
113 182 90 82 95 26 120 0 0 0 33 130 7 8 8 23 86 0 0 0 24 89 0 0 0 
60 29 91 28 96 13 0 41 3 65 19 0 32 0 73 17 0 49 0 61 9 0 31 7 71 
46 0 3 1 1 50 0 3 0 0 72 37 16 40 64 104 50 43 38 41 167 112 118 141 120 
53 27 112 44 47 26 0 81 0 0 23 0 74 0 0 20 0 66 0 0 46 25 103 20 26 
86 77 94 47 57 31 28 28 0 6 55 65 60 25 43 42 25 37 0 11 31 29 34 0 8 
0 62 66 0 0 0 59 34 0 0 21 104 77 20 21 32 109 60 40 42 0 62 57 0 0 
8 16 0 1 0 12 52 6 0 8 0 22 1 0 11 5 0 0 0 0 0 32 0 0 0 
30 0 91 0 44 64 43 124 39 80 25 0 85 0 29 37 10 99 5 36 31 0 99 0 28 
0 2142 0 0 0 0 2203 0 0 0 0 2055 0 0 0 0 2155 0 0 0 0 2060 0 0 0 
18 124 107 7 13 65 220 203 83 75 0 121 111 3 0 37 193 146 77 37 0 121 93 1 0 
61 104 75 0 0 46 111 98 0 0 72 111 111 0 0 60 113 88 0 0 59 104 96 0 0 
0 101 0 125 0 103 197 111 234 119 104 228 56 221 52 0 108 0 171 0 0 151 0 147 0 
74 87 123 100 83 0 0 37 0 0 0 0 68 0 0 0 0 51 0 0 176 217 242 214 216 
0 0 0 0 0 1260 1216 1218 1183 1248 0 0 0 0 0 0 0 0 0 0 0 0 0 0 0 
0 0 80 124 0 0 0 75 106 0 0 0 81 127 0 0 0 81 125 0 0 0 72 127 0 
194 55 61 113 56 169 53 57 139 80 104 0 0 43 0 109 0 0 46 0 118 0 0 52 0 
0 123 0 0 83 0 147 0 0 75 0 152 0 0 97 0 135 0 0 71 0 149 0 0 100 
168 272 185 242 88 90 177 55 123 2 259 381 254 346 146 180 283 178 235 92 225 318 293 310 163 
104 90 298 300 98 0 0 197 203 0 125 105 290 315 101 0 0 174 177 8 16 8 202 191 18 
167 148 127 164 276 8 26 3 4 184 11 18 7 23 156 242 235 175 199 378 232 279 288 252 437 
0 63 0 0 0 0 58 0 0 0 0 67 0 0 0 7 66 6 7 3 182 223 183 158 188 
60 28 46 13 51 50 11 25 0 44 48 10 32 0 36 79 10 24 0 44 137 131 111 98 148 
202 75 0 102 0 203 71 0 103 0 206 60 0 103 0 193 61 0 113 0 205 67 0 114 0 
55 0 0 0 0 62 0 0 0 0 64 0 0 0 0 202 133 145 146 141 52 0 0 0 0 
98 267 273 168 71 120 235 275 154 41 132 244 275 158 104 75 187 238 94 12 48 205 247 125 26 
119 6 13 88 36 184 94 84 147 126 143 119 97 149 142 101 28 28 115 44 91 0 2 46 19 
112 116 127 88 194 0 0 6 0 51 58 81 87 65 122 0 0 19 0 53 0 0 13 0 67 
43 84 0 109 0 131 168 90 198 79 105 114 81 196 79 51 76 0 101 0 37 62 0 105 0 
111 128 119 131 180 116 117 93 92 140 0 32 0 0 66 0 27 0 0 41 64 93 92 67 142 
0 81 0 0 3 32 157 41 34 39 47 165 52 37 46 29 146 29 33 51 51 144 56 35 61 
29 10 41 29 0 93 71 112 103 63 38 17 47 28 0 44 8 44 26 0 35 19 37 34 0 
0 7 0 73 198 119 122 116 204 341 0 16 0 68 237 0 17 0 80 248 107 142 114 179 297 
9 14 87 14 226 4 0 62 7 167 115 98 171 114 269 142 137 217 171 330 3 1 68 2 190 
158 0 0 0 0 149 0 0 0 0 235 85 110 115 112 131 0 0 0 0 144 0 0 0 0 
0 0 0 0 843 0 0 0 0 797 0 0 0 0 854 0 0 0 0 842 0 0 0 0 782 
136 127 0 171 69 166 161 3 198 105 211 213 46 251 124 143 106 2 190 89 151 178 3 229 72 
129 0 0 0 0 248 101 89 81 74 158 0 0 0 0 145 0 0 0 0 145 0 0 0 0 
0 0 0 0 0 74 57 74 67 73 0 0 0 0 0 147 126 143 143 140 0 0 0 0 0 
0 27 0 169 0 39 68 50 223 36 0 22 0 151 0 0 21 0 155 0 0 23 0 185 0 
86 56 100 110 121 37 0 57 54 32 19 0 57 69 48 85 52 111 112 102 9 0 45 67 29 
43 48 54 128 106 25 20 29 81 69 0 0 0 77 54 0 0 0 48 50 7 9 9 74 53 
0 9 60 0 0 78 96 168 82 88 0 10 64 0 0 58 77 158 51 64 0 5 58 0 0 
131 0 125 0 0 107 0 95 0 0 101 0 115 3 1 80 0 113 0 0 115 11 91 11 10 
266 105 318 104 209 331 178 416 192 247 323 166 411 196 276 193 36 234 49 159 202 50 282 41 142 
65 152 69 82 66 0 86 0 26 0 17 128 26 34 27 0 102 0 15 0 0 74 0 21 0 
0 0 47 0 74 44 54 99 52 142 69 98 110 69 152 0 0 36 0 73 0 0 55 0 82 
0 0 18 0 226 0 0 23 0 196 0 0 30 0 183 0 0 26 0 204 0 0 25 0 203 
0 0 0 60 0 0 0 0 72 0 58 62 50 151 52 0 0 0 63 0 114 92 97 181 102 
90 0 0 99 0 117 0 0 119 0 101 0 0 96 0 95 0 0 121 0 100 0 0 113 0 
3 42 79 58 1 83 187 196 171 115 169 227 256 231 159 15 74 105 97 16 77 137 130 112 40 
114 145 141 117 254 0 0 0 0 88 0 0 0 0 77 27 28 30 28 137 0 0 0 0 89 
139 255 162 138 153 0 120 0 0 0 97 215 93 90 81 0 109 0 0 0 115 222 93 83 99 
136 125 76 78 78 76 45 0 0 0 85 47 4 4 8 63 47 0 0 0 71 56 0 0 0 
0 102 0 0 0 31 140 44 46 54 0 108 0 0 0 60 167 71 69 59 0 99 0 0 0 
0 0 0 0 0 0 0 0 0 0 0 0 0 0 0 0 0 0 0 0 469 461 500 476 443 
0 0 37 0 0 73 79 92 74 87 0 0 31 0 0 77 75 85 59 78 19 25 59 22 26 
8 15 15 17 52 0 0 0 0 35 80 79 71 69 99 0 0 0 0 32 68 98 78 76 105 
0 0 0 145 0 0 0 0 123 0 0 0 0 149 0 0 0 0 154 0 84 85 86 213 89 
1 69 0 34 73 0 65 0 39 78 0 56 0 37 90 0 61 0 30 73 19 78 25 58 115 
0 109 0 0 0 0 104 0 0 0 0 104 0 0 0 0 92 0 0 0 97 183 99 104 92 
0 1 0 54 0 81 75 76 80 73 41 0 53 66 62 0 0 0 20 0 96 99 108 141 107 
0 0 121 56 0 47 45 165 111 50 0 0 103 39 0 0 0 91 39 0 0 0 128 35 0 
16 39 0 0 2 0 67 0 0 29 0 48 0 0 26 0 0 0 0 3 0 37 10 0 25 
59 0 0 0 0 126 62 61 76 69 99 20 18 20 15 131 47 46 52 41 58 0 0 0 0 
83 35 33 111 37 39 0 0 91 0 48 0 0 85 0 80 32 25 113 28 55 0 0 82 0 
0 0 63 43 0 0 0 55 43 0 101 99 149 132 97 0 0 62 47 0 0 0 67 42 0 
32 0 0 85 122 93 81 80 137 196 32 1 17 98 120 55 16 42 95 107 36 34 55 86 128 
0 8 52 102 11 0 0 62 94 0 53 41 136 142 58 30 40 84 138 34 0 0 50 90 0 
66 5 69 57 16 54 5 40 64 20 203 104 148 155 118 107 14 59 72 26 83 0 63 67 0 
42 0 57 0 58 42 0 60 0 56 29 0 70 0 75 102 51 109 66 108 33 0 57 0 56 
89 20 203 111 50 75 7 182 84 35 58 0 165 48 19 184 58 273 138 129 106 36 244 91 62 
9 80 134 23 112 135 172 262 120 224 34 125 193 54 160 0 43 142 2 103 83 126 204 99 197 
20 23 27 58 55 42 41 41 93 88 0 0 0 38 35 0 0 0 29 18 87 107 114 152 114 
18 31 0 83 0 29 47 0 103 0 78 73 39 128 52 25 37 0 103 0 40 33 0 80 0 
0 0 55 0 0 170 156 230 160 180 0 0 62 0 0 0 0 75 0 0 0 0 66 0 0 
11 6 0 0 69 13 0 0 0 60 65 64 50 42 131 22 19 17 14 77 87 107 89 81 133 
59 11 10 6 19 85 58 61 63 60 94 71 78 86 79 39 0 5 0 12 33 10 12 5 20 
20 101 74 15 28 0 95 66 5 6 0 72 50 0 21 0 77 52 7 12 50 128 107 44 78 
165 208 105 109 119 84 62 50 26 23 46 46 16 0 0 46 53 16 0 0 40 42 15 0 0 
95 0 0 10 0 83 0 0 23 0 99 0 0 20 0 100 0 0 0 0 122 15 23 46 29 
65 78 12 16 20 45 43 0 0 3 45 68 16 9 15 59 68 33 35 43 79 74 46 30 43 
38 76 43 71 29 0 62 11 42 16 2 51 11 46 19 0 43 13 31 13 39 104 64 96 77 
0 0 56 27 11 0 0 45 35 3 0 0 44 40 6 43 53 124 96 63 53 50 101 93 64 
29 35 26 21 31 0 0 0 0 0 71 58 57 62 55 0 0 0 0 0 120 107 99 113 110 
43 33 36 36 44 0 0 15 0 0 0 0 19 0 0 48 40 82 56 44 118 89 132 132 111 
34 40 106 48 55 0 5 57 16 12 58 51 128 56 53 0 0 45 4 0 0 1 59 25 11 
0 0 173 32 0 0 0 136 23 0 19 20 149 37 18 0 0 158 22 0 0 0 153 23 0 
46 108 0 0 0 101 146 61 54 62 103 180 22 22 25 109 188 64 70 59 40 95 0 0 0 
65 2 63 66 88 134 63 164 152 166 107 64 154 164 173 106 44 97 104 148 71 3 73 105 113 
115 145 85 63 92 12 73 0 0 0 94 161 87 66 74 45 97 37 17 34 28 74 0 0 0 
0 115 109 169 0 0 133 122 168 0 0 114 128 171 0 0 119 117 162 0 0 125 120 174 0 
12 0 0 138 0 8 0 0 101 0 93 68 89 193 89 11 0 0 104 0 21 1 0 114 0 
53 73 43 34 63 0 49 0 0 24 51 83 45 40 65 7 33 0 0 33 9 59 0 8 20 
112 126 22 59 82 172 222 84 101 177 128 158 60 84 126 66 97 3 23 61 236 251 106 161 181 
72 179 117 87 87 10 40 65 16 4 33 71 91 37 25 23 84 57 12 22 0 62 57 0 0 
9 20 8 6 71 10 29 28 0 98 1 14 9 2 51 61 79 64 49 158 29 42 38 18 97 
635 483 446 360 453 419 231 219 184 217 438 330 287 193 250 364 187 122 66 156 519 421 352 357 352 
99 69 3 2 1 175 161 77 66 86 71 87 1 0 0 94 92 25 15 19 65 66 0 0 0 
146 305 111 143 126 272 400 159 240 191 134 282 83 139 77 39 203 8 44 0 76 207 41 68 21 
0 0 0 0 53 0 0 0 0 67 0 0 0 0 74 0 0 0 0 61 147 174 160 172 203 
66 0 27 0 15 118 10 53 30 32 114 49 87 47 54 133 62 117 62 83 111 31 43 23 27 
150 0 0 54 0 155 0 0 55 0 141 0 0 40 0 168 0 0 46 0 149 0 0 40 0 
139 114 134 222 109 36 0 71 116 1 68 35 119 173 66 35 4 88 93 27 38 0 85 82 0 
59 100 73 149 131 0 8 4 90 42 0 10 2 52 49 0 10 7 70 44 30 42 21 97 49 
122 109 79 57 20 182 161 145 96 119 106 88 64 40 12 224 191 189 123 130 144 157 137 48 82 
58 130 51 57 53 0 55 0 0 0 6 80 4 5 4 0 64 0 0 0 76 154 62 76 65 
0 0 0 17 0 0 0 0 21 0 0 0 0 19 0 0 0 0 26 0 177 196 231 227 235 
46 0 0 31 38 118 87 77 102 103 50 0 0 30 38 40 2 0 17 42 50 0 0 23 32 
44 8 57 118 88 10 2 36 82 86 69 25 56 146 112 29 0 35 97 93 119 94 130 199 208 
0 93 79 0 81 0 94 83 0 90 0 103 64 0 66 0 88 87 0 88 0 108 83 0 78 
48 24 58 41 35 77 56 99 60 58 25 21 40 21 14 58 51 109 80 50 8 0 32 2 0 
79 0 0 0 51 66 0 0 0 50 84 0 0 0 60 68 0 0 0 52 185 90 81 96 148 
71 117 14 109 85 65 136 20 118 97 39 69 3 108 60 181 243 146 246 187 121 184 78 159 120 
75 101 113 88 68 10 37 42 14 13 0 18 49 0 0 64 87 95 60 58 26 36 59 20 14 
0 0 0 143 36 0 0 0 162 30 28 33 17 162 56 0 0 0 156 34 0 0 0 144 39 
0 0 194 0 36 0 0 220 0 29 0 0 190 0 25 0 0 178 0 21 0 0 184 0 27 
0 0 0 147 12 149 137 123 334 163 0 0 0 170 16 121 122 110 260 111 0 0 0 133 8 
27 95 116 167 58 1 71 72 160 7 57 113 102 169 66 17 131 123 160 47 44 104 116 183 41 
0 0 0 1243 0 0 0 0 1223 0 0 0 0 1246 0 0 0 0 1314 2 0 0 0 1251 0 
195 0 0 0 0 197 13 18 16 20 178 0 0 0 0 196 0 0 0 0 166 0 0 0 0 
92 0 0 0 0 117 0 0 0 0 122 0 0 0 0 102 0 0 0 0 204 88 84 89 99 
97 16 82 0 0 112 11 97 0 0 116 10 94 0 0 113 9 96 0 0 113 14 102 0 0 
0 0 0 37 0 74 62 49 99 56 0 0 0 22 0 45 47 63 91 51 43 48 43 97 37 
0 0 1473 0 0 0 0 1495 0 0 0 0 1400 0 0 0 0 1500 0 0 0 0 1464 0 0 
