847 884 666 726 798 1034 1229 1031 1003 1107 610 656 489 583 719 970 928 907 955 970 612 546 513 421 609 
226 193 242 206 204 0 2 0 0 0 135 102 145 131 139 0 0 0 0 0 0 0 0 0 0 
189 65 59 249 236 100 0 0 163 164 171 50 29 257 262 77 0 0 136 159 78 0 0 146 150 
148 0 131 161 166 224 45 206 215 228 323 151 296 337 342 236 62 185 219 235 154 2 137 196 149 
166 50 123 162 54 143 12 87 108 0 148 39 99 115 19 116 5 52 120 0 272 175 256 292 164 
118 7 27 0 109 119 7 16 0 145 228 119 132 94 209 195 90 99 67 177 278 139 152 132 279 
0 0 0 0 0 0 0 0 0 0 1011 1027 974 996 1037 0 0 0 0 0 0 0 0 0 0 
0 0 0 246 0 0 0 6 238 0 104 96 92 353 111 107 95 83 365 115 0 0 0 221 0 
16 9 14 182 6 0 0 0 185 0 41 47 35 191 28 0 0 0 163 0 4 7 4 186 4 
0 0 0 0 0 0 0 0 0 0 0 0 0 0 0 60 73 69 62 87 191 166 166 185 163 
73 90 68 67 189 0 9 0 0 118 0 1 0 0 105 3 4 0 0 119 103 89 104 75 189 
141 151 156 165 172 0 0 0 0 0 0 0 0 0 0 0 0 0 0 0 85 85 75 67 83 
0 0 0 0 0 0 0 0 0 0 0 0 0 0 0 425 426 416 406 416 195 177 180 186 203 
0 212 0 0 83 0 190 0 0 95 132 341 155 134 221 0 193 0 0 98 0 221 0 0 83 
817 0 0 0 0 819 0 0 0 0 800 0 0 0 0 836 0 1 0 0 856 0 0 0 0 
29 11 164 118 149 47 9 151 140 156 112 88 232 211 214 193 158 323 313 280 138 89 244 210 286 
62 98 59 117 59 49 65 46 89 55 0 33 0 36 0 33 78 39 72 31 0 30 0 34 0 
29 8 11 7 18 116 88 105 95 106 36 0 0 0 17 26 0 0 0 24 114 99 80 89 134 
0 0 155 0 0 0 0 164 0 0 0 0 177 0 0 193 175 306 151 166 0 0 175 0 0 
0 95 58 65 0 0 111 59 62 0 46 136 119 137 54 0 106 70 56 0 0 114 84 59 0 
2 1 9 8 135 137 131 129 166 268 148 128 120 118 225 4 7 0 0 121 70 92 105 93 210 
0 0 0 0 0 0 0 0 0 0 0 0 0 0 0 1003 1050 1077 1044 975 0 0 0 0 0 
0 21 57 140 0 0 18 55 120 0 0 19 51 151 0 0 18 53 144 0 0 16 54 143 0 
67 51 0 0 0 85 70 14 14 15 143 88 36 38 28 90 67 0 0 0 103 96 21 26 29 
93 138 93 179 194 9 62 21 96 79 12 57 34 96 99 0 51 0 67 74 0 45 1 77 85 
115 131 136 102 15 126 144 195 113 2 327 333 400 347 239 128 140 153 98 3 313 256 353 272 166 
81 23 25 112 24 78 0 0 117 0 215 159 146 241 142 70 0 0 109 0 116 52 48 193 47 
98 73 37 40 28 119 82 39 50 26 46 41 13 0 0 73 63 14 10 11 70 43 8 0 0 
0 0 158 66 0 0 0 177 67 0 0 0 212 65 0 0 0 193 68 0 0 0 160 52 0 
125 165 183 124 101 0 53 80 0 0 0 51 61 0 0 49 67 107 33 42 0 51 89 0 1 
72 55 72 70 62 100 128 111 119 110 26 44 46 38 39 0 0 0 0 0 0 0 0 0 0 
0 0 0 165 0 0 0 0 174 0 231 234 221 409 242 0 0 0 171 0 0 0 0 154 0 
0 0 0 0 0 174 164 227 171 177 0 0 0 0 0 0 0 0 0 0 98 79 90 87 115 
131 3 25 80 57 147 47 54 134 101 246 107 102 178 168 97 0 0 70 42 220 92 98 180 134 
0 78 0 0 0 0 72 0 0 0 0 57 0 0 0 103 141 76 112 77 49 118 44 46 47 
0 0 107 0 0 98 93 207 121 128 0 0 107 0 0 7 11 110 4 11 14 15 94 10 19 
278 249 210 275 112 137 122 73 122 0 93 113 71 103 0 300 283 191 310 131 140 141 88 152 0 
0 0 0 0 0 36 39 34 24 30 0 0 0 0 0 73 81 78 82 123 110 118 114 117 142 
0 227 0 203 0 0 186 0 196 0 7 203 8 198 6 0 188 0 194 0 0 203 0 206 0 
0 41 0 122 0 0 52 0 140 0 0 47 0 137 0 63 142 70 205 74 0 56 0 121 0 
0 0 0 0 75 84 70 83 65 138 93 78 81 82 128 0 0 0 0 77 0 0 0 0 79 
83 249 322 44 212 24 209 229 3 150 87 298 339 73 244 112 304 305 114 251 248 381 402 184 300 
0 55 37 0 90 23 67 54 14 104 32 98 102 42 92 0 68 33 0 72 0 71 31 0 76 
138 115 138 159 140 17 0 0 47 0 17 0 0 56 0 26 0 0 54 0 106 76 81 145 95 
83 0 73 0 0 93 0 81 0 0 155 69 128 67 60 127 22 92 15 15 96 0 94 0 0 
0 18 81 0 96 0 12 69 0 107 0 16 74 0 106 0 14 91 0 133 0 13 69 0 101 
22 70 149 89 27 62 78 167 127 72 0 39 117 43 0 41 85 165 123 48 0 25 105 64 0 
0 71 0 0 0 0 84 0 0 0 135 261 122 135 136 0 114 0 0 0 15 100 20 25 28 
0 0 0 87 0 67 77 58 142 96 0 0 0 90 0 0 0 0 93 0 86 79 67 180 71 
62 0 103 53 0 61 0 129 62 0 68 0 102 59 0 54 0 126 59 0 49 0 125 51 0 
83 50 0 29 0 108 77 18 50 25 103 89 0 27 0 118 56 0 43 0 97 63 0 36 0 
0 0 0 0 24 188 169 192 189 208 0 0 0 0 35 0 0 0 0 32 0 0 0 0 32 
110 55 72 144 96 79 47 68 118 94 32 0 0 62 12 36 0 0 62 13 43 19 10 70 38 
33 57 8 7 10 20 54 0 0 0 24 78 0 0 0 135 173 133 128 121 33 83 0 0 0 
0 0 0 21 0 186 170 197 198 163 0 0 0 23 0 0 0 0 22 0 0 0 0 19 0 
71 79 132 138 89 0 0 51 63 0 0 0 74 60 0 0 0 67 53 0 0 0 58 62 0 
63 57 59 47 68 41 0 0 0 11 76 62 48 48 72 30 0 0 0 22 92 48 45 49 60 
0 0 25 0 69 9 6 36 12 89 0 0 34 0 69 10 7 43 8 94 81 75 114 64 153 
55 105 138 64 70 28 79 95 26 26 0 32 70 0 0 0 37 71 0 0 0 39 66 0 0 
0 0 115 0 0 0 0 92 0 0 75 120 215 115 108 0 0 93 0 0 0 0 106 0 1 
127 146 50 72 164 53 51 0 0 96 59 73 0 0 77 55 52 0 0 76 71 49 0 0 101 
0 56 0 26 44 68 137 63 92 108 0 66 0 31 42 0 62 0 46 47 30 72 26 62 69 
9 7 99 5 12 0 0 86 0 0 0 0 83 0 0 36 39 120 27 29 75 78 150 59 85 
0 0 0 51 75 88 81 63 117 163 0 0 0 49 73 0 0 0 36 84 0 0 0 47 73 
110 187 88 90 98 24 136 0 0 0 35 137 8 8 12 23 92 0 0 0 24 103 0 0 0 
65 34 93 36 98 18 0 41 3 62 13 0 45 0 80 17 0 56 0 64 0 0 37 1 66 
41 2 11 0 1 48 0 0 0 0 54 38 32 39 49 57 10 0 5 0 149 108 82 126 100 
46 34 117 47 48 12 0 81 0 0 3 0 77 0 0 4 0 70 0 0 43 33 113 32 31 
0 62 58 0 0 0 63 41 0 0 21 104 76 21 21 32 109 55 40 42 0 62 49 0 0 
17 0 84 0 40 58 43 115 39 72 20 0 78 0 14 21 1 77 0 13 29 0 92 0 18 
0 2135 0 0 0 0 2182 0 0 0 0 2067 0 0 0 0 2138 0 0 0 0 2079 0 0 0 
20 91 78 11 0 61 135 140 58 46 0 103 84 3 0 23 130 104 61 24 0 80 69 0 0 
67 118 113 0 0 59 141 135 0 0 85 146 122 0 0 101 145 138 0 0 73 133 136 0 0 
0 81 0 97 0 78 133 62 165 74 74 136 38 157 42 0 76 0 102 0 0 77 0 101 0 
0 0 0 0 0 1281 1241 1239 1200 1264 0 0 0 0 0 0 0 0 0 0 0 0 0 0 0 
0 0 80 125 0 0 0 75 106 0 0 0 81 128 0 0 0 81 128 0 0 0 72 128 0 
138 46 50 86 40 141 58 48 100 60 83 0 0 44 0 76 0 0 34 0 84 0 0 42 0 
0 130 0 0 84 0 142 0 0 77 0 158 0 0 85 0 133 0 0 68 0 142 0 0 97 
153 214 130 176 77 89 162 40 120 4 275 396 223 315 132 115 248 95 161 26 166 335 235 237 109 
98 83 284 290 80 0 0 195 197 0 107 96 268 310 91 0 0 170 186 4 12 20 190 199 19 
127 109 109 146 236 6 20 1 7 143 11 11 6 3 156 203 209 166 184 341 206 236 237 216 358 
0 64 0 0 0 0 51 0 0 0 0 68 0 0 0 7 64 4 7 3 165 202 176 146 171 
59 30 42 12 54 57 11 27 0 47 60 10 33 0 37 96 14 28 0 51 164 132 118 120 140 
198 71 0 100 0 201 64 0 104 0 202 49 0 104 0 187 59 0 105 0 194 54 0 116 0 
0 0 1466 0 0 0 0 1491 0 0 0 0 1392 0 0 0 0 1509 0 0 0 0 1459 0 0 
83 0 10 56 23 122 62 64 105 75 95 69 66 91 84 65 24 19 79 36 50 0 0 36 10 
110 114 116 79 177 0 0 7 0 47 55 70 70 58 109 0 0 17 0 52 0 0 12 0 61 
32 79 0 113 0 112 158 87 195 75 109 119 87 205 90 35 65 0 104 0 30 55 0 106 0 
68 72 62 74 112 67 69 58 53 91 0 19 0 0 41 0 19 0 0 24 48 64 49 39 74 
0 68 0 0 0 31 122 34 38 30 39 136 31 34 33 23 121 23 28 32 39 124 39 36 43 
33 11 41 34 0 103 68 111 112 62 43 20 47 36 0 46 9 43 35 0 41 19 34 39 0 
146 0 0 0 0 131 0 0 0 0 217 83 109 105 109 122 0 0 0 0 136 0 0 0 0 
0 0 0 0 824 0 0 0 0 779 0 0 0 0 835 0 0 0 0 826 0 0 0 0 767 
144 106 0 153 62 148 106 1 187 78 180 164 45 232 105 132 110 5 175 89 138 154 1 216 95 
135 0 0 0 0 249 92 89 84 66 155 0 0 0 0 143 0 0 0 0 144 0 0 0 0 
0 0 0 0 0 80 55 75 73 70 0 0 0 0 0 166 134 161 159 165 0 0 0 0 0 
0 22 0 143 0 33 54 45 185 32 0 19 0 131 0 0 16 0 136 0 0 19 0 159 0 
127 61 91 88 146 77 0 61 26 50 89 0 86 53 48 178 102 162 115 156 67 0 43 27 59 
43 48 55 128 106 28 22 31 81 74 0 0 0 76 55 0 0 0 46 50 7 10 9 75 53 
0 10 77 0 0 86 120 198 101 101 0 11 83 1 0 72 105 194 59 84 0 6 69 0 0 
196 8 187 0 0 196 0 170 0 0 197 8 181 2 0 167 0 177 0 0 204 21 178 7 9 
372 122 400 191 251 370 169 415 239 246 362 147 390 222 234 250 9 243 91 152 229 68 303 87 136 
65 152 69 83 66 0 86 0 27 0 16 128 28 34 27 0 104 0 17 0 0 75 0 20 0 
0 0 33 0 58 35 46 77 45 113 55 74 89 53 120 0 0 33 0 61 0 0 48 0 58 
0 0 22 0 220 0 0 17 0 210 0 0 29 0 201 0 0 30 0 196 0 0 30 0 207 
0 0 0 52 0 0 0 0 60 0 56 59 45 144 45 0 0 0 61 0 86 79 84 159 87 
116 0 0 121 0 139 0 0 143 0 138 1 0 116 0 129 0 0 133 0 122 0 0 134 0 
8 36 83 61 0 88 167 172 161 82 153 207 228 206 138 17 57 96 94 0 69 83 102 102 36 
112 141 128 119 241 0 0 0 0 79 0 0 0 0 78 26 23 29 28 116 0 0 0 0 85 
119 208 126 118 122 0 111 0 0 0 74 179 81 82 77 2 93 0 0 1 56 165 55 52 69 
156 155 89 89 90 92 52 0 0 0 103 60 4 5 9 72 58 0 0 0 83 61 0 0 0 
0 126 0 0 0 34 169 49 57 63 0 130 0 0 0 67 190 85 86 71 0 113 0 0 0 
0 0 0 0 0 0 0 0 0 0 0 0 0 0 0 0 0 0 0 0 444 403 444 434 396 
0 0 36 0 0 73 79 89 75 87 0 0 31 0 0 77 74 85 59 79 19 25 59 22 26 
8 15 16 17 52 0 0 0 0 37 80 79 71 70 99 0 0 0 0 33 68 98 78 76 105 
0 0 0 133 0 0 0 0 118 0 0 0 0 146 0 0 0 0 151 0 79 80 80 204 81 
0 66 0 29 72 0 64 0 38 75 0 56 0 33 89 0 57 0 27 71 19 77 25 50 113 
0 112 0 0 0 0 109 0 0 0 0 106 0 0 0 0 96 0 0 0 98 185 99 107 94 
0 17 0 0 3 78 103 80 62 79 73 69 73 68 79 0 14 0 11 0 118 149 123 125 112 
0 0 117 55 0 43 45 155 106 50 0 0 102 39 0 0 0 89 38 0 0 0 126 35 0 
59 0 0 0 0 126 62 61 76 69 99 20 18 20 15 131 47 46 52 41 58 0 0 0 0 
83 35 33 111 37 39 0 0 91 0 48 0 0 85 0 83 35 30 120 32 55 0 0 83 0 
0 0 19 33 0 0 0 0 28 0 101 99 87 118 97 0 0 0 22 0 0 0 23 31 0 
38 0 0 101 119 101 90 86 148 223 37 0 10 103 120 66 22 29 89 137 35 37 48 103 153 
3 6 48 109 7 0 0 47 79 0 51 30 103 118 51 30 42 78 122 36 0 0 46 87 0 
51 5 42 41 11 44 7 34 40 19 118 71 109 105 80 65 16 41 48 14 46 0 40 42 0 
51 0 61 0 60 44 0 65 0 59 31 0 73 0 85 104 58 125 69 126 32 0 62 0 63 
94 22 191 93 37 73 10 171 93 34 62 0 151 33 6 198 92 271 157 134 90 34 223 90 48 
6 88 173 31 115 152 195 318 131 259 37 115 220 55 173 0 42 175 1 121 99 148 264 123 218 
19 21 22 56 48 39 38 34 74 72 0 0 0 31 28 0 0 0 22 17 75 89 89 123 99 
23 37 0 103 0 31 59 0 127 0 98 90 51 165 72 35 47 0 116 0 50 36 0 97 0 
0 0 61 0 0 165 151 219 153 179 0 0 62 0 0 0 0 79 0 0 0 0 73 0 0 
13 5 1 0 96 23 0 0 2 89 83 89 78 68 168 25 15 23 23 98 126 166 153 154 207 
84 16 11 6 30 127 81 87 81 100 154 111 111 116 115 67 0 8 0 23 49 17 19 8 31 
14 88 63 13 29 0 80 61 5 6 0 64 39 0 18 0 70 46 3 10 43 116 93 40 76 
151 199 100 101 100 79 67 49 22 24 42 51 18 0 0 40 57 16 0 0 34 44 15 0 0 
84 85 13 17 17 57 59 0 0 1 57 71 17 0 21 69 76 37 46 46 81 83 51 32 45 
39 76 43 71 30 0 65 10 44 15 0 51 11 46 17 0 43 14 32 12 39 105 66 99 78 
0 0 60 33 14 0 0 49 36 0 0 0 47 44 6 48 58 146 112 68 59 59 114 106 77 
32 42 28 23 32 0 0 0 0 0 76 67 61 67 58 0 0 0 0 0 135 122 107 126 127 
37 27 32 29 38 0 0 13 0 0 0 0 17 0 0 46 40 74 51 45 107 84 121 119 106 
36 41 107 50 43 4 9 59 15 3 55 45 125 55 47 0 0 48 0 0 0 0 49 18 0 
0 0 180 27 0 0 0 141 21 0 19 18 154 37 17 0 0 166 20 0 0 0 162 22 0 
44 73 0 0 0 78 97 43 30 32 77 112 18 13 10 85 127 44 38 45 40 72 0 0 0 
99 133 80 62 68 14 50 2 0 0 80 135 67 57 60 38 74 30 19 19 24 62 0 1 0 
0 119 114 177 0 0 138 124 174 0 0 119 129 174 3 0 126 126 171 0 0 138 130 180 2 
23 0 0 225 0 10 0 0 153 0 140 118 146 286 118 17 0 0 186 0 33 0 0 157 0 
129 159 28 84 105 203 291 107 93 192 152 213 79 103 127 107 110 4 13 85 251 304 143 168 212 
115 299 189 122 166 12 82 118 25 5 43 107 166 45 33 50 143 108 18 63 0 92 72 0 0 
11 35 18 15 71 17 35 27 10 107 8 25 17 9 57 63 87 78 53 154 32 39 36 30 100 
665 480 564 392 475 475 200 323 218 238 451 285 356 206 302 367 197 168 77 173 545 329 371 332 358 
103 64 0 4 1 197 189 77 85 76 82 94 0 0 0 114 100 23 19 20 72 67 0 0 0 
146 296 140 130 133 244 358 140 230 161 88 240 49 97 59 30 185 0 34 0 85 219 63 85 53 
0 0 0 0 58 0 0 0 0 61 0 0 0 0 77 0 0 0 0 61 149 175 150 168 202 
60 0 33 0 14 125 11 60 30 28 139 61 88 49 61 139 69 124 59 91 132 22 47 12 27 
150 0 0 54 0 156 0 0 55 0 141 0 0 40 0 168 0 0 46 0 149 0 0 41 0 
142 130 161 246 126 32 0 68 125 6 57 36 99 173 46 36 7 78 103 25 37 0 68 95 2 
64 110 86 182 163 0 9 5 97 47 0 13 6 69 63 0 12 9 89 55 33 38 32 113 60 
113 122 79 58 17 210 188 155 133 131 115 103 77 48 32 255 211 199 148 143 163 175 126 67 80 
59 132 51 59 54 0 58 0 0 0 5 82 4 4 3 0 65 0 0 0 78 155 63 76 67 
0 0 0 19 0 0 0 0 19 0 0 0 0 19 0 0 0 0 24 0 183 199 214 223 227 
10 7 0 0 36 82 92 76 67 97 9 0 0 0 33 0 0 0 0 37 20 0 0 0 27 
57 7 44 94 80 16 3 28 100 73 67 25 51 128 106 26 1 35 76 84 125 71 117 183 189 
0 106 80 0 99 0 96 89 0 114 0 130 63 0 82 0 97 99 0 89 0 127 80 0 106 
58 24 80 55 44 86 64 126 72 70 24 23 54 26 23 67 63 129 89 61 12 0 45 0 0 
78 0 0 0 54 65 0 0 0 50 80 0 0 0 59 69 0 0 0 52 178 92 79 92 150 
91 151 10 125 118 71 191 2 119 154 40 108 10 122 81 223 292 194 293 250 97 229 103 193 158 
84 100 113 90 71 9 38 45 13 8 0 16 48 0 0 71 81 95 57 49 24 31 57 17 16 
0 0 0 140 35 0 0 0 158 28 27 29 16 157 51 0 0 0 149 34 0 0 0 138 38 
0 0 0 156 14 173 150 139 360 195 0 0 0 194 19 134 138 133 300 125 0 0 0 146 11 
63 194 194 233 88 48 120 146 188 28 112 187 207 247 107 73 233 210 282 110 118 170 213 303 132 
0 0 0 1285 0 0 2 0 1287 0 0 0 0 1303 0 0 0 0 1357 1 0 0 0 1307 0 
197 0 0 0 0 198 13 18 18 20 181 0 0 0 0 196 0 0 0 0 166 0 0 0 0 
92 0 0 0 0 117 0 0 0 0 122 0 0 0 0 102 0 0 0 0 206 88 85 89 99 
189 29 78 33 35 157 0 21 2 0 312 83 118 80 89 327 201 248 194 172 228 78 84 67 63 
0 20 0 0 0 0 39 0 0 0 3 0 0 0 0 17 47 12 29 46 0 0 0 0 0 
72 96 159 139 128 1 0 52 0 0 0 0 76 0 0 0 0 51 0 1 233 232 279 250 253 
2 8 0 71 200 116 116 114 202 330 0 24 0 83 240 0 16 0 85 238 112 142 105 180 287 
8 27 70 6 236 2 6 55 8 186 112 108 172 122 280 142 158 223 165 345 5 8 57 0 184 
138 244 256 225 90 172 251 333 235 108 160 266 299 210 150 55 177 229 134 23 63 210 232 160 32 
109 0 0 9 0 98 0 0 0 0 123 0 0 0 0 115 0 0 1 0 145 17 25 44 32 
0 0 211 0 36 0 0 242 0 30 0 0 201 0 26 0 0 201 0 27 0 0 193 0 32 
0 0 55 59 0 77 56 113 109 67 0 0 41 42 0 61 52 113 94 57 47 31 86 81 33 
50 71 48 45 69 2 42 0 0 25 40 76 37 33 68 0 32 0 0 25 0 56 0 0 18 
615 627 641 692 625 0 0 0 0 0 0 0 0 0 0 0 0 0 0 0 0 0 0 0 0 
55 0 0 0 0 62 0 0 0 0 64 0 0 0 0 202 133 145 146 141 52 0 0 0 0 
0 0 0 37 0 75 65 49 102 57 0 0 0 26 0 45 49 63 92 51 43 50 42 97 40 
8 0 0 0 2 0 0 0 0 0 0 8 0 0 0 15 0 0 0 5 0 0 0 0 0 
