691 698 465 598 638 988 1082 863 909 991 615 670 476 626 697 890 891 818 847 927 509 475 380 382 553 
235 204 260 229 208 0 1 0 0 0 156 102 158 131 137 0 0 0 0 0 0 0 0 0 0 
110 53 33 181 232 77 0 0 173 130 160 61 30 252 262 64 0 0 91 148 49 0 0 107 143 
166 0 128 165 174 215 38 178 217 205 318 138 272 321 362 262 45 164 223 219 176 0 114 213 172 
110 26 73 103 15 132 7 74 85 0 120 20 66 88 14 118 2 38 104 0 244 158 229 251 146 
112 7 22 0 107 105 3 19 0 114 196 110 117 85 193 180 71 104 70 163 262 127 134 110 251 
0 0 0 0 0 0 0 0 0 0 1020 1031 984 1010 1051 0 0 0 0 0 0 0 0 0 0 
0 0 0 263 0 0 0 3 251 0 115 109 101 374 121 120 112 95 396 121 0 0 1 256 0 
16 9 14 171 5 0 0 0 177 0 36 44 37 174 32 0 0 0 150 0 3 6 4 178 3 
0 0 0 0 0 0 0 0 0 2 0 0 0 0 0 83 89 89 91 119 230 220 228 264 219 
67 84 61 52 161 0 9 0 0 94 0 4 0 0 94 0 4 0 0 105 80 73 81 61 156 
136 141 148 146 153 0 0 0 0 0 0 0 0 0 0 0 0 0 0 0 84 83 64 67 84 
0 0 0 0 0 0 0 0 0 0 0 0 0 0 0 430 422 418 398 405 166 158 152 159 179 
0 213 0 0 91 0 191 0 0 101 137 354 157 139 222 0 199 0 0 105 0 223 0 0 80 
836 0 0 0 0 824 0 0 0 0 818 0 0 0 0 852 0 0 0 0 864 0 0 0 0 
23 6 232 170 215 89 37 288 231 246 139 111 320 274 293 210 213 420 365 349 144 97 288 246 329 
92 146 85 153 84 66 91 68 121 72 0 47 0 44 0 48 113 52 100 41 0 44 3 45 0 
32 7 14 6 21 148 93 112 106 128 31 0 0 0 19 28 0 0 0 24 135 115 95 100 151 
0 0 169 0 0 1 0 159 0 0 0 0 173 0 0 187 168 295 152 166 0 0 167 0 0 
0 96 54 61 0 0 110 56 62 0 54 136 119 146 52 0 106 84 66 0 0 102 84 52 0 
1 6 0 2 153 140 118 123 153 228 139 119 107 109 203 2 9 2 3 123 88 80 102 87 198 
0 0 0 0 0 0 0 0 0 0 0 0 0 0 0 1040 1097 1117 1079 1005 0 0 0 0 0 
0 18 52 137 0 0 17 54 117 0 0 19 47 147 0 0 17 50 142 0 0 15 57 145 0 
85 125 91 165 165 16 42 23 78 74 17 45 30 82 88 0 55 0 61 70 0 43 0 67 75 
134 154 147 74 11 113 150 211 89 6 315 320 379 294 212 109 134 166 67 6 302 261 337 246 167 
73 19 16 99 19 68 0 0 111 0 208 148 133 223 130 76 0 0 101 4 101 45 40 164 37 
128 93 42 46 32 149 95 51 58 35 60 55 14 0 0 90 72 17 12 14 82 53 9 0 0 
0 0 174 74 0 0 0 203 67 0 0 0 248 64 0 0 0 221 64 0 0 0 179 58 0 
121 173 169 122 114 0 47 68 0 0 0 61 68 0 0 43 81 105 35 40 0 44 96 0 0 
77 65 84 84 78 114 150 125 145 116 30 46 54 44 50 0 0 0 0 0 0 0 0 0 0 
0 0 0 165 0 0 0 0 174 0 230 234 220 409 242 0 0 0 171 0 0 0 0 155 0 
0 0 0 0 0 154 144 185 155 150 0 0 0 0 0 0 0 0 0 0 76 57 70 69 82 
120 0 9 79 48 154 47 65 134 123 251 86 102 185 180 100 0 0 80 49 206 78 99 167 143 
0 76 0 0 0 0 72 0 0 0 0 57 0 0 0 100 134 73 111 73 44 111 41 42 42 
0 0 97 0 0 87 88 178 106 107 0 0 92 0 0 9 9 99 4 8 14 14 84 9 15 
315 236 211 305 131 136 90 83 135 0 97 98 62 107 0 315 306 186 307 152 166 122 104 166 1 
0 225 0 202 0 0 183 0 194 0 8 202 7 197 6 0 187 0 192 0 0 197 0 206 0 
0 44 0 127 0 0 51 0 135 0 0 50 0 140 0 67 154 73 211 76 0 54 0 134 0 
0 0 0 0 76 87 80 91 66 144 91 75 81 85 131 0 0 0 0 78 0 0 0 0 80 
77 267 311 49 196 14 206 245 12 130 64 266 316 48 190 93 280 288 95 188 189 331 365 178 266 
0 51 36 0 86 19 64 47 13 96 30 85 91 39 89 0 60 26 0 70 0 63 31 0 78 
126 96 108 128 132 14 0 0 37 0 15 0 0 40 0 17 0 0 40 0 93 66 55 114 79 
82 0 71 0 0 79 0 77 0 0 133 56 119 59 57 111 24 97 14 16 71 0 83 0 0 
0 18 81 0 96 0 11 69 0 107 0 16 74 0 106 0 13 89 0 133 0 13 69 0 101 
19 57 149 75 19 68 85 163 106 52 0 45 122 38 0 53 76 166 105 54 1 31 108 58 0 
2 74 0 0 0 0 84 0 0 0 136 259 126 144 134 0 96 0 0 0 17 88 22 28 28 
3 0 0 105 0 82 102 76 183 122 0 0 0 102 0 0 0 0 103 0 116 75 95 212 88 
51 0 93 48 0 59 0 113 53 0 60 0 93 51 0 47 0 104 54 0 47 0 99 47 0 
77 46 0 29 0 103 73 16 47 24 93 86 0 25 0 110 53 0 40 0 87 58 0 33 0 
0 0 0 0 32 248 241 256 254 285 0 0 0 0 44 0 0 0 0 48 0 0 0 0 49 
96 52 60 127 91 72 44 61 110 83 26 0 0 55 10 37 0 0 57 11 44 12 9 68 28 
29 59 8 6 10 17 54 0 0 0 23 87 0 0 0 135 171 133 127 122 29 82 0 0 0 
0 0 0 21 0 186 170 196 198 164 0 0 0 23 0 0 0 0 22 0 0 0 0 19 0 
72 79 133 138 89 0 0 52 63 0 0 0 74 60 0 0 0 67 53 0 0 0 59 62 0 
63 56 59 48 68 41 0 0 0 11 76 62 47 48 72 30 0 0 0 22 92 49 45 49 60 
0 0 25 0 69 9 4 36 12 89 0 0 34 0 70 10 6 43 8 95 80 75 114 64 153 
55 105 137 64 70 28 79 95 26 27 0 32 70 0 0 0 37 71 0 0 0 39 66 0 0 
0 0 125 0 0 0 0 93 0 0 84 125 229 121 116 0 0 95 0 0 0 0 109 0 0 
100 115 34 58 138 36 47 0 0 87 42 58 0 0 71 46 45 0 0 76 59 50 0 0 80 
0 53 0 22 34 60 111 54 81 87 0 62 0 26 36 0 56 0 37 37 24 64 19 50 61 
9 7 99 5 11 0 0 87 0 0 0 0 82 0 0 36 39 120 27 29 74 77 150 58 85 
0 0 0 51 75 88 81 63 117 163 0 0 0 49 73 0 0 0 36 84 0 0 0 46 73 
106 189 86 77 90 23 126 0 0 0 34 125 8 7 13 24 83 0 0 0 23 89 2 0 0 
74 37 101 50 104 20 0 44 7 61 16 0 45 0 76 22 0 56 8 63 7 0 36 0 59 
42 0 8 0 3 65 0 5 0 0 89 47 50 44 76 94 14 2 9 0 158 94 80 122 99 
41 34 118 48 49 10 0 81 0 0 0 0 77 0 0 3 0 70 0 0 32 25 111 25 28 
0 62 66 0 0 0 69 37 0 0 21 104 76 21 21 32 109 62 40 42 0 62 47 0 0 
22 0 83 0 42 62 43 118 38 72 22 0 81 0 24 22 3 91 0 19 29 0 96 0 23 
0 2132 0 0 0 0 2203 0 0 0 0 2073 0 0 0 0 2129 0 0 0 0 2083 0 0 0 
23 98 96 12 13 79 147 160 72 70 3 99 94 6 0 25 139 134 71 33 7 85 76 0 0 
65 138 100 0 0 63 164 142 0 0 83 156 135 0 0 86 164 145 0 0 88 151 150 0 0 
0 82 0 85 0 90 132 72 165 75 67 121 38 134 45 0 70 0 103 0 0 87 0 80 0 
0 0 0 0 0 1285 1237 1240 1204 1268 0 0 0 0 0 0 0 0 0 0 0 0 0 0 0 
0 0 88 143 0 0 0 86 118 0 0 0 92 142 0 0 0 102 142 0 0 0 80 151 0 
189 60 65 133 62 202 52 55 131 105 140 0 0 50 0 113 0 0 55 0 130 0 0 69 0 
0 127 0 0 82 0 140 0 0 78 0 158 0 0 87 0 129 0 0 68 0 137 0 0 93 
204 279 170 254 123 84 228 38 107 4 320 450 288 358 152 183 297 191 248 49 189 385 296 315 150 
103 82 297 296 83 0 0 210 199 9 120 109 305 316 105 0 0 169 194 6 14 11 213 225 30 
168 146 117 168 277 9 25 0 14 177 10 18 5 14 167 244 216 172 202 400 253 278 251 240 410 
0 71 0 0 0 0 54 0 0 0 0 69 0 0 0 7 62 7 8 3 181 210 182 154 177 
63 31 42 13 66 47 18 32 0 61 65 15 41 0 37 76 17 31 0 60 147 119 110 91 170 
202 67 0 99 0 205 62 0 104 0 203 37 0 103 0 189 64 0 108 0 195 57 0 113 1 
0 0 1435 0 0 0 0 1453 0 0 0 0 1350 0 0 0 0 1469 0 0 0 0 1444 0 0 
74 0 12 56 23 119 58 67 98 85 106 71 66 95 76 76 31 23 77 40 63 0 0 28 11 
109 122 127 83 190 0 0 7 0 50 54 76 79 60 113 0 0 22 0 55 0 0 14 0 62 
42 90 0 133 0 129 179 105 230 86 127 133 101 248 117 42 88 0 142 0 28 65 0 123 0 
81 103 88 105 149 83 100 71 65 96 0 26 0 0 56 0 19 0 0 34 59 79 59 59 100 
0 61 0 0 0 26 114 33 30 28 31 123 32 30 29 23 110 22 25 28 37 110 41 31 44 
33 11 41 34 0 103 69 112 112 62 43 21 47 37 0 47 9 44 35 0 41 16 37 39 0 
149 0 0 0 0 123 0 0 0 0 207 81 102 106 101 121 0 0 0 0 130 0 0 0 0 
0 0 0 0 825 0 0 0 0 779 0 0 0 0 831 0 0 0 0 824 0 0 0 0 769 
126 90 0 141 59 125 106 2 160 71 174 159 54 192 109 119 106 8 155 107 138 160 0 194 83 
136 0 0 0 0 264 98 91 84 74 164 0 0 0 0 151 0 0 0 0 153 0 0 0 0 
0 0 0 0 0 79 58 72 67 74 0 0 0 0 0 161 124 151 146 150 0 0 0 0 0 
0 22 0 143 0 33 55 45 186 32 0 19 0 132 0 0 16 0 136 0 0 20 0 160 0 
164 46 141 114 151 97 0 80 24 48 105 1 99 74 66 215 117 192 129 181 65 0 45 19 40 
51 56 66 145 127 35 25 38 90 88 0 0 0 83 67 0 0 0 52 59 7 10 13 83 60 
0 11 76 0 0 88 120 193 96 100 0 10 84 2 0 61 90 176 66 71 0 9 70 0 0 
199 6 188 0 0 197 1 170 0 0 196 7 180 2 1 174 1 180 0 0 201 21 174 9 10 
362 103 394 171 246 370 176 405 207 226 355 131 382 211 231 222 4 193 79 135 220 51 274 53 105 
66 173 75 92 70 0 86 0 29 0 19 137 31 38 28 0 112 0 19 0 0 78 0 23 0 
0 0 33 0 58 35 46 78 44 113 55 74 89 53 121 0 0 33 0 61 0 0 49 0 58 
0 0 21 0 210 0 0 18 0 200 0 0 32 0 187 0 0 31 0 198 0 0 24 0 200 
0 0 0 58 0 0 0 0 63 0 60 65 53 157 48 0 0 0 63 0 95 88 94 176 103 
106 0 0 109 0 137 0 0 134 0 118 0 0 112 0 112 0 0 136 0 114 0 0 130 0 
0 35 75 70 0 95 157 179 169 93 137 195 208 220 129 13 67 104 120 21 69 104 109 126 31 
114 144 135 115 238 0 0 0 0 75 0 0 0 0 77 22 24 30 26 119 1 0 0 0 89 
112 205 125 111 120 0 110 0 0 0 68 178 80 79 73 1 104 2 0 7 87 189 74 70 87 
136 126 76 79 78 77 46 0 0 0 86 47 4 4 7 64 47 0 0 0 71 56 0 0 0 
0 129 0 0 0 39 173 53 55 64 0 135 0 0 0 69 215 90 94 74 0 127 0 0 0 
0 0 0 0 0 0 0 0 0 0 0 0 0 0 0 0 0 0 0 0 417 387 420 405 375 
0 0 37 0 0 73 79 92 75 87 0 0 30 0 0 77 75 85 59 79 19 25 59 22 26 
9 16 20 21 61 0 0 0 0 48 102 112 85 89 151 0 0 0 0 44 87 134 104 94 146 
0 0 0 131 0 0 0 0 112 0 0 0 0 144 0 0 0 0 149 0 76 73 79 205 84 
0 66 0 41 73 2 66 0 43 85 0 56 0 36 100 2 58 0 32 83 20 85 26 63 127 
0 112 0 0 0 0 108 0 0 0 0 106 0 0 0 0 96 0 0 0 97 185 99 105 92 
0 34 0 16 0 101 121 103 76 96 97 86 91 88 91 0 22 0 15 0 133 184 153 159 138 
0 0 117 55 0 43 45 155 106 50 0 0 102 39 0 0 0 89 38 0 0 0 126 35 0 
60 0 0 0 0 126 62 61 76 69 100 20 18 20 15 131 47 46 52 41 58 0 0 0 0 
83 35 33 111 37 39 0 0 91 0 48 0 0 85 0 83 35 30 120 32 55 0 0 83 0 
0 0 24 25 0 0 0 0 27 0 101 99 80 120 97 0 0 0 26 0 0 0 24 25 0 
3 6 51 102 9 0 0 47 75 0 50 31 109 117 46 30 39 70 115 37 0 0 48 76 0 
42 4 39 36 5 33 4 30 32 15 101 60 98 89 67 57 13 37 44 15 45 0 40 39 0 
48 0 61 0 57 41 0 62 0 59 30 0 71 0 76 102 58 110 68 121 32 0 56 0 58 
98 23 195 90 49 87 11 183 90 37 76 0 164 37 11 207 78 265 152 147 114 43 213 78 68 
14 105 156 32 138 120 194 286 138 254 35 136 200 59 177 0 45 166 2 114 83 141 218 101 208 
20 21 22 58 49 40 38 36 80 75 0 0 0 32 29 0 0 0 22 18 76 91 91 126 99 
17 33 0 87 0 29 48 0 106 0 81 78 40 135 55 22 39 0 104 0 43 33 0 84 0 
0 0 54 0 0 165 145 224 153 178 0 0 60 0 0 0 0 72 0 0 0 0 74 0 0 
82 16 17 6 32 115 78 83 83 92 135 98 105 114 107 49 0 7 0 16 40 14 17 9 29 
20 131 84 19 42 0 116 76 9 11 0 91 54 0 25 0 112 59 8 16 49 163 114 43 90 
153 189 98 94 98 76 61 40 22 22 42 50 15 0 0 41 53 14 0 0 33 45 15 0 0 
86 91 19 18 19 62 50 0 0 0 64 73 20 9 13 80 85 38 45 55 103 89 58 28 48 
36 75 43 69 28 0 60 10 42 16 0 50 8 44 17 0 38 14 30 12 39 103 61 96 77 
0 0 64 33 11 0 0 48 39 0 1 0 48 44 5 47 56 136 109 69 58 60 109 99 68 
29 38 26 21 31 0 0 0 0 0 71 59 57 62 55 0 0 0 0 0 120 107 99 114 110 
50 35 40 36 43 0 0 16 0 0 0 0 26 0 0 51 49 93 61 61 124 104 144 143 132 
32 33 98 40 42 7 10 61 10 13 46 41 118 46 28 0 0 52 0 0 0 0 49 16 0 
0 0 180 31 0 0 0 141 23 0 19 20 156 37 18 0 0 166 23 0 0 0 162 23 0 
43 71 0 0 0 66 93 39 30 29 67 108 17 14 9 79 120 38 37 41 37 66 0 0 0 
86 126 70 58 66 16 49 3 0 0 80 138 68 53 64 35 71 28 16 15 22 58 0 0 0 
0 119 110 164 0 0 127 123 170 1 0 110 124 172 3 0 119 118 161 2 0 126 123 169 0 
17 0 0 201 0 14 0 0 136 0 144 107 119 264 106 16 0 0 157 0 30 0 0 150 1 
133 183 57 84 121 186 261 95 109 205 167 187 96 99 157 98 120 11 36 94 259 303 117 162 240 
53 158 115 75 85 6 41 60 12 3 29 74 94 30 26 21 77 64 12 27 0 54 47 0 0 
1 29 20 2 73 12 31 18 3 117 4 19 17 5 57 63 91 83 49 168 30 40 43 33 105 
679 490 600 444 546 471 246 323 198 248 449 306 337 195 305 370 142 191 76 153 554 324 440 327 345 
106 86 0 6 0 224 181 90 92 77 102 98 0 0 0 128 103 23 15 16 85 86 0 0 0 
143 290 102 136 117 213 327 107 219 159 107 268 64 134 56 36 180 0 36 0 103 224 74 96 53 
0 0 0 0 54 0 0 0 0 61 0 0 0 0 77 0 0 0 0 61 148 172 160 168 205 
150 0 0 54 0 156 0 0 54 0 141 0 0 40 0 168 0 0 46 0 149 0 0 41 0 
174 138 190 269 136 29 1 86 139 5 73 38 124 192 62 41 7 100 105 28 47 0 88 100 1 
63 125 86 186 185 0 4 3 98 55 0 12 8 70 74 0 7 10 107 67 33 48 35 127 72 
126 144 99 62 27 198 206 169 136 147 122 106 70 61 23 257 223 197 143 148 183 162 131 68 80 
69 144 67 67 61 0 61 0 0 0 6 99 2 8 6 0 75 0 0 0 89 188 65 95 66 
0 0 0 18 0 0 0 0 22 0 0 0 0 21 0 0 0 0 23 0 214 210 248 246 242 
78 9 55 117 91 24 3 27 109 93 79 25 46 142 110 30 0 29 95 89 136 89 137 221 224 
0 91 68 0 91 0 96 81 0 90 0 111 61 0 79 0 88 87 0 101 0 122 80 0 95 
51 23 55 39 32 87 57 104 55 59 24 17 36 17 10 62 49 114 72 53 5 0 35 0 0 
90 0 0 0 53 65 0 0 0 49 93 0 0 0 60 69 0 0 0 52 193 101 77 97 154 
40 47 0 58 33 29 46 0 63 49 34 28 0 72 38 107 117 64 133 100 50 58 26 68 56 
70 87 96 76 62 10 36 39 13 9 0 14 44 0 0 58 69 84 51 45 21 29 55 19 13 
0 0 0 147 35 0 0 0 168 28 28 29 16 164 52 0 0 0 156 35 0 0 0 148 39 
0 0 0 182 11 219 200 171 439 223 0 0 0 198 17 137 147 161 356 125 0 0 0 192 10 
65 163 199 218 67 40 122 172 188 11 67 153 166 218 73 78 204 195 267 87 106 147 191 273 82 
0 0 0 1298 0 0 2 0 1304 0 0 0 0 1311 0 0 0 1 1369 1 0 0 0 1315 0 
195 0 0 0 0 197 13 18 17 20 178 0 0 0 0 196 0 0 0 0 166 0 0 0 0 
92 0 0 0 0 117 0 0 0 0 122 0 0 0 0 101 0 0 0 0 206 88 85 89 99 
161 92 50 103 89 67 0 0 14 7 119 51 49 58 44 113 63 69 90 90 174 160 103 135 125 
15 23 0 0 0 0 37 0 0 8 0 15 0 0 0 34 50 24 35 34 0 0 0 0 0 
69 93 164 120 94 0 0 51 0 0 0 0 72 0 0 0 0 75 0 0 193 183 253 208 196 
3 10 0 82 198 116 129 115 209 346 1 40 1 82 240 0 15 0 82 246 118 141 114 173 299 
8 27 95 8 265 5 3 63 10 204 127 120 193 132 330 147 169 226 178 372 3 9 64 3 210 
157 237 287 212 97 176 235 317 217 105 154 265 314 214 161 79 174 232 128 28 59 203 226 150 35 
102 0 0 3 0 99 0 0 1 0 113 0 0 0 0 116 0 0 0 0 139 17 25 39 32 
0 0 191 0 38 0 0 226 0 34 0 0 195 0 25 0 0 195 0 27 0 0 177 0 30 
52 64 34 30 54 0 45 0 0 26 51 79 45 39 58 7 40 0 0 29 0 59 0 0 27 
609 621 640 678 625 0 0 0 0 0 0 0 0 0 0 0 0 0 0 0 0 0 0 0 0 
67 55 0 0 0 93 80 17 18 18 143 86 39 36 28 89 73 0 0 0 102 97 26 24 32 
30 0 0 65 75 78 49 49 107 141 20 0 0 65 77 39 13 17 56 69 33 28 33 81 82 
0 0 47 58 0 79 55 106 100 63 0 0 41 35 0 58 56 114 89 48 42 29 89 77 29 
12 7 0 0 70 15 2 0 0 65 69 63 50 40 119 22 23 15 13 77 88 108 92 87 124 
55 0 0 0 0 62 0 0 0 0 64 0 0 0 0 202 133 145 145 141 51 0 0 0 0 
86 161 96 125 104 102 281 145 158 209 17 116 30 34 46 138 209 121 147 165 117 244 180 170 168 
0 0 0 0 0 31 36 29 18 22 0 0 0 0 0 60 67 68 66 92 102 97 97 99 130 
155 12 82 9 23 203 11 64 23 26 267 87 154 92 94 283 168 243 159 154 213 50 91 33 46 
0 0 0 0 0 0 0 0 0 0 0 0 0 0 4 0 0 0 0 0 0 0 0 0 7 
