858 756 577 671 833 1124 1099 955 967 1030 777 678 569 606 824 1067 934 892 921 1064 626 547 476 468 661 
221 174 197 206 186 0 0 0 0 0 132 100 150 131 144 0 0 0 0 0 0 0 0 0 0 
134 63 29 223 234 79 0 0 174 163 152 37 15 229 241 91 0 0 144 164 105 2 0 181 169 
160 0 118 192 173 208 38 200 237 252 330 143 287 351 351 247 49 157 220 220 153 2 119 207 154 
177 56 121 178 64 131 6 75 118 0 130 26 75 88 23 131 0 53 127 0 311 188 263 312 175 
104 8 22 0 91 90 0 18 0 103 193 91 99 78 169 150 65 92 51 141 211 101 120 95 230 
0 0 0 0 0 0 0 0 0 0 1048 1069 1011 1030 1081 0 0 0 0 0 0 0 0 0 0 
0 0 0 297 0 0 0 4 272 1 125 116 129 404 117 114 114 100 428 138 1 0 0 256 0 
13 10 13 188 6 0 0 0 205 0 39 47 46 191 34 0 0 0 172 0 3 6 4 201 3 
0 0 0 0 0 0 0 0 0 0 0 0 0 0 0 58 66 65 64 75 176 147 152 183 155 
80 95 68 57 167 0 14 0 0 107 0 4 0 0 106 0 5 0 0 108 86 82 85 64 163 
137 150 151 157 155 0 0 0 0 0 0 0 0 0 0 0 0 0 0 0 86 80 68 71 85 
0 0 0 0 0 0 0 0 0 0 0 0 0 0 0 441 455 434 422 437 200 182 197 195 220 
0 201 0 0 82 0 173 0 0 97 102 301 119 111 173 0 180 0 0 92 0 214 0 0 74 
804 0 0 0 0 804 0 0 0 0 796 0 0 0 0 828 0 0 0 0 838 0 0 0 0 
23 6 202 135 140 40 17 208 170 160 107 110 289 237 216 201 195 389 365 337 128 103 280 255 287 
79 134 79 147 74 63 83 69 111 72 0 40 0 52 0 46 86 58 93 42 0 43 0 49 0 
35 7 11 6 16 122 97 106 93 106 25 0 0 0 18 27 0 0 0 25 116 105 89 96 139 
0 0 145 0 0 0 0 130 0 0 0 0 145 0 0 150 124 250 113 130 0 0 152 0 0 
0 64 43 46 0 0 77 43 45 0 35 96 90 97 33 0 70 47 47 0 0 69 55 42 0 
0 1 0 1 146 150 116 134 155 259 152 132 117 139 234 0 1 0 0 119 83 97 102 97 203 
0 0 0 0 0 0 0 0 0 0 0 0 0 0 0 1044 1117 1122 1094 1010 0 0 0 0 0 
0 22 56 145 0 0 18 56 133 0 0 19 52 154 0 0 18 59 162 0 0 16 57 175 0 
72 56 0 0 0 94 78 16 15 14 153 93 38 42 31 92 72 0 0 0 115 108 24 25 30 
90 141 92 166 159 8 47 30 74 72 11 61 27 77 92 0 52 0 53 74 0 35 1 69 86 
115 133 153 99 6 117 162 235 126 1 310 340 404 337 233 129 145 172 102 3 300 259 362 284 161 
72 11 18 100 19 79 0 0 108 0 254 178 142 250 144 83 0 0 105 0 121 44 39 168 34 
115 89 44 44 31 146 95 49 57 26 54 50 10 0 0 79 71 18 12 11 86 42 13 0 0 
0 0 163 73 0 0 0 196 71 0 0 0 220 71 0 0 0 193 54 0 0 0 174 51 0 
126 167 162 121 112 0 58 71 0 0 0 51 64 0 0 42 70 92 33 31 0 36 83 0 0 
84 65 86 79 77 113 149 122 136 125 30 45 53 43 45 0 0 0 0 0 0 0 0 0 0 
0 0 0 173 0 0 0 0 182 0 234 241 226 424 254 0 0 0 177 0 0 0 0 163 0 
0 0 0 0 0 157 142 178 138 150 0 0 0 0 0 0 0 0 0 0 78 59 74 67 78 
95 1 0 65 39 141 38 58 136 110 234 90 81 166 157 84 0 0 79 43 180 80 90 169 123 
0 91 0 0 0 0 86 0 0 0 0 74 0 0 0 125 158 92 131 91 62 136 45 55 48 
0 0 124 0 0 105 107 208 117 117 0 0 107 0 0 11 11 113 6 9 16 14 91 13 15 
259 213 187 263 117 117 98 74 110 0 83 97 57 92 0 276 246 160 271 124 139 117 77 134 4 
0 0 0 0 0 38 41 35 26 34 0 0 0 0 0 82 84 80 80 121 114 114 108 113 143 
0 227 0 204 0 0 184 0 195 0 8 203 7 199 7 0 188 0 197 0 0 198 0 209 0 
0 47 0 135 0 0 52 0 149 0 0 46 0 142 0 71 157 80 222 80 0 58 0 139 0 
0 0 0 0 78 82 72 81 62 138 86 76 77 90 132 0 0 0 0 84 0 0 0 0 82 
68 279 336 38 248 43 175 251 7 158 88 251 359 54 243 120 327 361 112 258 221 359 409 158 309 
0 58 44 0 110 29 91 63 21 133 35 120 121 54 108 0 77 35 0 93 0 76 38 0 99 
114 98 112 129 135 15 0 0 42 0 11 0 0 42 0 18 0 0 49 0 93 70 68 124 88 
80 0 70 0 0 71 0 85 0 0 129 56 125 57 59 117 16 97 13 14 75 0 79 0 0 
0 18 82 0 98 0 16 71 0 112 0 17 80 0 113 0 15 97 0 134 0 13 71 0 111 
26 72 157 89 26 62 85 161 112 60 0 46 122 38 0 51 79 163 119 53 0 25 110 64 0 
1 69 0 0 0 0 75 0 0 0 135 242 117 136 131 0 89 0 0 0 15 89 20 25 27 
0 0 0 87 0 65 81 59 151 99 0 0 0 82 0 0 0 0 101 0 84 75 74 178 74 
53 0 106 52 0 59 0 119 56 0 68 0 98 54 0 51 0 110 56 0 45 0 109 47 0 
87 57 0 33 0 118 84 20 51 31 111 100 0 32 0 119 60 0 46 0 101 65 0 41 0 
0 0 0 0 29 213 193 202 209 218 0 0 0 0 34 0 0 0 0 37 0 0 0 0 37 
115 57 71 137 98 77 47 64 132 94 30 0 0 65 12 36 0 0 61 16 47 14 9 77 33 
31 68 9 6 16 18 57 0 0 0 21 82 0 0 0 145 189 142 130 123 29 82 0 0 0 
0 0 0 21 0 186 170 197 200 164 0 0 0 23 0 0 0 0 22 0 0 0 0 19 0 
76 84 143 144 104 0 0 55 71 0 0 0 78 63 0 0 0 72 56 0 0 0 64 64 0 
62 57 59 47 67 41 0 0 0 10 76 62 48 48 72 30 0 0 0 21 91 49 45 47 59 
0 0 30 0 80 10 6 41 14 99 0 0 39 0 69 9 7 46 9 100 93 85 131 69 173 
585 590 606 641 590 0 0 0 0 0 0 0 0 0 0 0 0 0 0 0 0 0 0 0 0 
55 107 137 64 71 28 80 97 27 26 0 33 73 0 0 0 38 71 0 0 0 39 67 0 0 
0 0 120 0 0 0 0 100 0 0 81 124 232 127 112 0 0 94 0 0 0 0 118 0 0 
90 105 34 50 119 33 38 0 0 76 35 51 0 0 59 39 41 0 0 64 51 40 0 0 68 
0 55 0 24 42 59 127 56 89 105 0 67 0 27 42 0 63 0 44 44 25 70 24 56 70 
9 8 104 4 11 0 0 91 0 0 0 0 86 0 0 36 39 126 28 28 79 80 154 60 86 
0 0 0 51 75 88 81 63 116 162 0 0 0 49 73 0 0 0 36 84 0 0 0 47 73 
102 195 103 81 99 24 131 0 0 0 33 132 2 0 5 28 84 0 0 0 18 95 0 0 0 
70 29 99 29 82 20 0 39 6 40 14 0 38 0 53 20 0 51 0 44 11 0 40 10 60 
37 0 10 1 4 39 0 14 0 0 54 32 51 39 43 90 51 61 34 30 142 105 119 138 118 
60 31 114 45 45 27 0 80 0 0 23 0 76 0 0 21 0 69 0 0 66 31 110 32 32 
0 0 19 0 0 0 4 0 0 0 0 12 1 0 0 0 0 0 0 4 12 0 0 0 0 
0 60 58 0 0 0 66 53 0 0 19 103 79 21 21 32 109 61 40 42 0 61 53 0 0 
27 0 90 0 40 63 43 122 39 77 21 0 84 0 26 36 7 95 0 33 30 0 93 0 27 
0 2120 0 0 0 0 2198 0 0 0 0 2067 0 0 0 0 2134 0 0 0 0 2062 0 0 0 
32 162 125 21 15 98 262 211 93 86 9 158 156 4 0 39 248 163 111 72 6 166 86 1 0 
90 139 101 0 0 68 154 144 0 0 110 150 136 0 0 94 157 150 0 0 64 139 158 0 0 
0 83 0 124 0 72 173 80 181 92 69 165 35 175 56 0 73 0 123 0 0 91 0 101 0 
0 0 0 0 0 1300 1267 1263 1218 1289 0 0 0 0 0 0 0 0 0 2 0 0 0 0 0 
0 0 95 143 0 0 0 80 112 0 0 0 87 138 0 0 0 86 134 0 0 0 78 134 0 
121 41 44 76 36 124 46 45 92 53 75 0 0 33 0 69 0 0 32 0 75 0 0 38 0 
0 118 0 0 76 0 137 0 0 71 0 147 0 0 78 0 127 0 0 67 0 130 0 0 95 
170 295 200 280 117 77 168 46 132 7 275 411 250 378 171 103 249 121 217 52 188 317 251 283 127 
94 73 298 282 82 0 0 220 201 0 121 92 277 292 83 0 0 169 190 0 22 13 201 188 18 
149 117 116 142 257 6 22 5 9 170 8 10 8 8 155 200 209 162 180 341 228 252 249 234 373 
0 69 0 0 0 0 52 0 0 0 0 77 0 0 0 7 66 4 7 3 166 216 162 146 166 
84 45 65 18 80 70 18 33 0 67 74 13 37 0 42 116 17 33 0 61 191 159 165 112 209 
204 71 0 103 0 206 72 0 104 0 212 48 0 103 0 193 70 0 111 0 203 54 0 114 0 
56 0 0 0 0 59 0 0 0 0 61 0 0 0 0 211 134 150 154 143 55 0 0 0 0 
0 0 1436 0 0 0 0 1457 0 0 0 0 1346 0 0 0 0 1457 0 0 0 0 1426 0 0 
58 4 8 39 20 81 50 41 80 58 76 52 50 61 62 51 23 18 56 28 48 0 1 23 11 
127 124 139 98 195 0 0 7 0 45 56 77 80 59 112 0 0 18 0 52 0 0 11 0 62 
46 88 0 115 0 143 186 97 218 89 118 134 88 210 95 54 77 0 110 0 39 70 0 110 0 
63 70 65 70 107 69 64 59 56 90 0 20 0 0 41 0 18 0 0 24 42 60 45 40 76 
0 105 0 0 0 39 170 40 45 30 42 182 45 45 40 44 169 36 25 46 47 152 45 43 69 
31 9 39 32 0 101 69 110 112 59 41 19 45 36 0 47 6 41 33 0 40 19 35 38 0 
160 0 0 0 0 154 0 0 0 0 247 85 108 114 124 139 0 0 0 0 143 0 0 0 0 
0 0 0 0 844 0 0 0 0 804 0 0 0 0 854 0 0 0 0 844 0 0 0 0 777 
122 110 0 154 42 131 124 3 178 77 173 168 52 227 95 115 107 8 171 93 117 157 0 186 59 
138 0 0 0 0 256 109 96 84 70 161 0 0 0 0 147 0 0 0 0 154 0 0 0 0 
0 0 0 0 0 80 56 72 69 73 0 0 0 0 0 154 131 144 149 151 0 0 0 0 0 
0 25 0 162 0 37 59 51 221 36 0 21 0 154 0 0 17 0 160 0 0 23 0 185 0 
152 88 151 171 191 84 0 86 57 92 61 4 106 102 111 170 97 168 148 186 18 0 60 48 67 
61 66 68 164 140 35 34 38 115 92 0 0 0 91 68 0 0 0 62 62 8 14 13 86 73 
0 9 63 0 0 77 89 171 90 87 0 9 69 1 0 53 69 162 48 56 0 5 58 0 0 
198 5 193 0 0 204 0 166 0 0 201 2 185 4 1 171 1 174 0 0 214 21 179 10 10 
297 96 317 113 164 318 143 371 154 198 342 136 350 205 233 223 28 214 50 114 206 58 247 14 106 
74 176 79 98 69 2 93 0 33 0 22 145 33 39 31 0 119 0 21 0 0 85 0 23 0 
0 0 33 0 58 36 46 78 45 113 55 74 92 53 125 0 0 34 0 62 0 0 52 0 58 
0 0 19 0 218 0 0 18 0 206 0 0 34 0 192 0 0 32 0 210 0 0 28 0 212 
0 0 0 50 0 0 0 0 59 0 54 59 45 140 45 0 0 0 58 0 85 78 82 158 86 
90 0 0 97 0 111 0 0 113 0 104 0 0 94 0 97 0 0 118 0 100 0 0 112 0 
6 37 93 56 0 93 162 200 150 93 151 207 251 203 161 1 60 117 71 3 57 79 115 90 27 
107 136 125 114 223 0 0 0 0 75 0 0 0 0 74 25 24 26 24 105 0 0 0 0 86 
150 266 158 172 164 0 143 0 0 0 102 221 91 107 87 0 111 0 0 2 112 255 99 83 92 
136 126 76 78 78 76 46 0 0 0 85 47 4 4 7 63 47 0 0 0 70 56 0 0 0 
0 133 0 0 0 42 200 66 68 88 0 152 0 0 0 71 225 100 106 69 0 127 0 0 0 
0 0 0 0 0 0 0 0 0 0 0 0 0 0 0 0 0 0 0 0 418 391 424 409 378 
0 0 33 0 0 64 74 84 73 82 0 0 25 0 0 77 75 79 58 78 18 25 57 19 26 
7 15 16 17 52 0 0 0 0 36 80 79 71 69 99 0 0 0 0 33 68 98 78 76 105 
0 0 0 132 0 0 0 0 129 0 0 0 0 147 0 0 0 0 148 0 79 87 89 220 85 
0 68 0 34 72 1 63 0 39 77 0 56 0 36 91 0 58 0 30 73 18 78 24 55 112 
0 112 0 0 0 0 108 0 0 0 0 106 0 0 0 0 96 0 0 0 97 185 99 104 92 
0 0 0 0 0 89 40 82 89 79 53 23 64 56 63 0 0 0 13 0 93 75 102 144 104 
0 0 117 55 0 43 45 155 106 50 0 0 102 39 0 0 0 89 38 0 0 0 126 35 0 
59 0 0 0 0 126 62 61 76 69 99 20 18 20 15 131 47 46 52 41 58 0 0 0 0 
83 35 33 111 37 39 0 0 91 0 48 0 0 85 0 83 35 30 119 32 54 0 0 81 0 
0 0 39 27 0 0 0 14 26 0 101 99 110 115 97 0 0 30 37 0 0 0 35 32 0 
36 0 0 78 97 94 72 84 108 181 36 2 3 75 105 52 19 36 63 91 32 31 41 79 108 
3 7 51 103 7 0 0 47 75 0 50 30 109 124 51 28 42 71 118 35 0 0 47 86 0 
50 3 43 43 15 40 5 33 41 21 117 69 112 103 80 69 17 43 47 21 53 0 40 43 1 
42 0 55 0 59 39 0 58 0 54 30 0 67 0 73 91 52 107 69 106 31 0 61 0 54 
105 12 169 101 43 79 9 137 76 31 67 1 128 49 11 179 55 232 142 126 100 34 197 81 63 
6 118 189 45 139 136 218 314 112 280 35 131 224 48 178 0 63 177 1 124 93 155 245 116 236 
24 24 25 68 58 53 54 49 101 101 0 0 0 42 34 0 1 0 27 19 111 117 126 169 131 
26 37 0 97 0 38 55 0 119 0 88 78 50 145 58 30 42 0 113 0 46 41 0 87 0 
0 0 62 0 0 165 147 207 153 179 0 1 58 0 0 0 0 73 0 0 0 0 68 0 0 
14 7 0 0 90 16 2 0 0 79 75 79 72 65 176 27 26 22 17 100 111 158 131 138 201 
86 19 13 8 34 130 76 73 77 92 143 109 106 106 110 59 0 5 0 13 42 15 14 8 31 
18 92 65 14 29 0 81 62 3 6 0 66 39 0 18 0 73 47 1 12 43 116 93 34 76 
144 193 98 100 106 78 61 43 19 20 40 51 13 0 0 39 55 14 0 0 34 41 16 0 0 
77 96 18 19 18 62 60 0 0 0 59 79 16 5 14 72 77 40 40 52 105 97 60 34 51 
36 71 43 66 24 0 62 11 40 15 0 51 8 42 18 0 43 13 30 11 35 103 62 86 76 
0 0 56 27 11 0 0 45 35 3 0 0 44 40 6 43 53 122 94 61 54 50 100 93 63 
27 37 25 22 30 0 0 0 0 0 71 57 57 62 55 0 0 0 0 0 120 107 100 114 110 
48 40 37 33 42 0 0 18 0 0 0 0 21 0 0 49 46 97 60 51 130 99 147 143 129 
40 44 110 53 55 1 0 61 14 0 62 52 132 56 43 0 0 53 6 0 0 2 60 22 0 
0 0 180 32 0 0 0 141 23 0 19 20 156 37 18 0 0 166 23 0 0 0 162 23 0 
43 70 0 0 0 66 93 38 30 29 67 108 17 14 9 79 119 37 37 41 37 66 0 0 0 
82 111 64 50 59 10 43 3 0 0 70 122 59 48 51 34 65 26 16 14 22 52 0 0 0 
0 121 110 162 0 0 134 123 168 1 0 112 122 171 3 0 121 123 156 0 0 132 120 167 0 
13 0 0 131 0 9 0 0 95 0 91 65 87 187 83 11 0 0 99 0 20 1 1 105 1 
61 78 48 48 76 10 60 9 9 36 47 80 43 38 70 2 32 0 0 31 12 64 11 9 39 
113 150 14 69 106 168 220 91 76 166 141 176 73 90 125 83 105 22 28 86 222 284 122 151 198 
100 189 186 110 135 6 50 73 12 3 37 101 135 36 33 28 102 86 17 39 0 75 75 0 0 
0 7 9 0 60 1 11 16 0 97 0 10 10 7 51 54 77 66 43 143 28 32 31 26 90 
738 560 568 438 535 520 293 318 211 263 513 369 358 248 284 401 210 165 91 168 652 422 417 371 376 
83 57 1 3 1 155 141 67 69 71 70 73 0 0 0 90 86 21 16 19 65 56 0 0 0 
136 289 108 118 113 235 350 131 225 162 102 259 53 145 65 35 180 0 46 0 82 210 70 93 37 
0 0 0 0 55 0 1 0 0 63 0 0 0 0 82 0 0 0 0 62 152 183 163 173 207 
87 0 56 0 12 171 21 72 35 40 176 67 133 58 70 180 92 169 97 107 145 38 66 29 23 
150 0 0 54 0 156 0 0 55 0 141 0 0 40 0 168 0 0 46 0 149 0 0 41 0 
185 143 179 269 133 41 0 90 143 7 95 37 137 201 69 48 6 101 133 28 50 0 78 105 3 
55 86 64 137 118 0 8 4 76 38 0 13 5 54 47 0 10 8 67 42 28 34 24 82 47 
152 132 84 82 31 230 173 130 133 136 120 86 27 44 3 260 186 160 136 107 185 173 132 62 90 
58 131 51 56 53 0 55 0 0 0 6 80 4 5 4 0 64 0 0 0 76 154 62 76 65 
0 0 0 16 0 0 0 0 19 0 0 0 0 18 0 0 0 0 18 0 164 173 198 201 194 
28 0 0 17 19 104 89 76 81 90 37 0 0 10 32 31 0 0 8 26 40 0 0 4 24 
50 4 42 97 78 19 2 29 83 71 64 25 49 122 104 27 0 35 75 78 119 75 109 172 185 
0 82 72 0 96 0 90 74 0 98 0 101 60 0 73 0 94 80 0 93 0 107 80 0 87 
47 21 55 40 33 72 51 91 56 54 23 16 35 20 13 55 45 102 71 48 8 0 32 0 0 
76 0 0 0 54 64 0 0 0 50 84 0 0 0 60 67 0 0 0 52 172 93 79 95 153 
86 128 15 150 99 75 166 25 137 128 42 93 1 151 92 232 277 162 288 215 147 248 142 244 208 
70 87 96 76 62 10 36 39 13 9 0 14 43 0 0 58 69 84 51 45 21 27 55 19 13 
0 0 0 157 41 0 0 0 170 30 29 31 17 171 60 0 0 0 171 36 0 0 2 145 42 
0 0 0 143 15 154 134 123 332 172 0 0 0 169 15 126 128 112 271 115 0 0 0 139 10 
55 150 169 203 70 39 123 160 189 31 60 141 153 183 49 65 214 190 212 105 96 155 175 260 78 
0 0 0 1266 0 0 0 0 1248 0 0 0 0 1292 0 0 0 1 1351 1 0 0 0 1274 0 
206 0 0 0 0 214 13 16 17 20 183 0 0 0 0 213 0 0 0 0 175 0 0 0 0 
92 0 0 0 0 117 0 0 0 0 122 0 0 0 0 102 0 0 0 0 206 87 85 89 99 
178 26 62 21 27 141 1 19 3 0 279 75 96 78 77 264 150 212 153 154 228 62 84 54 68 
22 37 0 0 1 0 41 0 0 7 0 35 0 0 8 0 0 0 0 34 0 14 0 0 0 
86 105 154 129 111 0 0 55 0 0 0 0 84 0 0 1 0 59 0 0 218 234 250 232 230 
1 16 0 70 198 125 129 115 198 349 0 31 0 79 241 0 14 0 87 244 119 146 111 181 299 
9 11 79 10 221 3 0 52 10 173 106 100 148 117 270 136 142 204 165 329 1 2 56 0 178 
147 271 293 246 105 172 291 327 260 100 130 278 293 221 131 74 193 241 147 22 57 210 228 151 28 
96 0 0 11 0 85 0 0 22 0 104 0 0 0 0 104 0 0 0 0 124 15 25 50 29 
37 32 83 50 46 0 0 0 22 33 0 3 0 0 0 0 0 0 0 0 0 0 24 0 1 
0 0 218 0 36 0 0 249 0 35 0 0 232 0 38 0 0 216 0 23 0 0 205 0 33 
0 0 40 50 0 63 45 84 81 54 0 0 32 30 0 50 44 85 75 41 36 28 65 64 24 
0 0 0 36 0 75 64 49 103 54 0 0 0 26 0 46 49 63 92 52 42 48 44 97 40 
