966 875 900 857 996 1152 1213 1140 1060 1224 703 763 754 744 911 980 970 989 1008 1097 646 559 622 517 741 
195 148 190 179 167 0 0 0 0 0 146 91 127 110 107 0 0 0 0 0 0 0 0 0 0 
112 34 35 156 188 78 0 0 137 133 168 65 76 241 249 72 0 0 94 138 81 0 0 135 108 
229 30 68 20 68 139 0 0 1 3 360 71 115 110 126 358 166 263 201 173 268 66 102 70 85 
0 0 1 163 14 164 131 130 321 173 3 2 0 172 19 119 131 116 278 113 0 0 0 136 8 
137 30 92 99 3 121 4 79 78 0 109 33 68 75 14 115 0 40 97 0 248 163 228 263 147 
95 4 18 0 84 75 3 13 0 102 173 81 93 75 164 157 65 93 59 137 206 107 108 94 220 
0 0 0 0 0 0 0 0 0 0 1018 1029 976 1000 1042 0 0 0 0 0 0 0 0 0 0 
0 0 0 226 0 0 0 2 232 0 103 100 102 349 113 97 99 85 354 117 0 0 0 223 0 
14 9 14 212 6 0 0 0 218 0 38 53 33 205 37 0 0 0 187 0 3 6 4 209 4 
85 212 194 253 73 46 152 221 259 54 148 221 285 339 136 101 240 255 305 100 97 171 214 315 77 
0 0 0 0 0 0 0 0 0 0 0 0 0 0 0 54 67 64 65 79 167 162 157 183 154 
76 89 67 56 172 0 10 0 0 102 0 0 0 0 108 0 5 0 0 111 84 86 85 69 173 
170 157 167 165 161 0 0 0 0 0 0 0 0 0 0 0 0 0 0 0 83 87 66 70 89 
0 0 0 0 0 0 0 0 0 0 0 0 0 0 0 429 433 423 410 416 191 180 183 189 209 
0 193 0 0 79 0 164 0 0 93 114 307 138 120 191 0 178 0 0 91 0 207 0 0 74 
798 0 0 0 0 793 0 0 0 0 785 0 0 0 0 818 0 0 0 0 828 0 0 0 0 
4 7 175 140 164 63 20 223 189 212 108 89 293 252 260 185 189 380 362 345 124 82 270 223 298 
93 141 82 144 74 75 87 71 113 95 0 47 0 47 0 47 93 50 96 51 0 44 0 46 0 
38 8 24 8 28 148 107 124 119 135 34 0 0 0 16 28 0 0 0 19 148 128 115 130 153 
0 0 139 0 0 0 0 134 0 0 0 0 156 0 0 155 139 265 144 133 0 0 162 0 0 
0 67 43 53 0 0 86 46 50 0 36 101 97 102 35 0 78 49 49 0 0 73 58 43 0 
1 2 0 6 148 151 109 126 140 254 138 130 119 115 220 4 3 0 0 133 81 87 88 83 190 
0 0 0 0 0 0 0 0 0 0 0 0 0 0 0 980 1038 1046 1017 946 0 0 0 0 0 
0 21 53 145 0 0 17 58 122 0 0 20 50 157 0 0 17 54 158 0 0 15 57 151 0 
70 50 0 0 0 80 71 15 14 13 135 85 35 36 28 88 61 0 0 0 95 90 23 24 30 
55 82 54 109 111 6 31 14 48 51 10 32 17 57 60 0 32 0 37 48 0 29 0 45 51 
100 107 114 64 7 95 121 142 68 1 263 279 299 246 184 116 123 116 77 2 259 199 279 206 133 
78 19 18 99 12 75 0 0 113 0 208 149 135 222 125 70 1 0 99 1 109 43 47 170 34 
112 91 44 47 31 128 98 47 51 30 47 47 15 0 0 85 73 19 10 15 71 49 11 0 0 
0 0 168 78 0 0 0 187 58 0 0 0 221 66 0 0 0 194 54 0 0 0 183 56 0 
149 198 208 152 120 3 60 78 0 1 0 52 80 0 0 64 96 125 54 34 0 49 101 0 0 
63 51 67 66 57 96 114 101 111 98 20 39 42 34 37 0 0 0 0 0 0 0 0 0 0 
0 0 0 166 0 0 0 0 174 0 232 235 222 408 249 0 0 0 172 0 0 0 0 156 0 
0 0 0 0 0 157 150 192 163 151 0 0 0 0 0 0 0 0 0 0 76 63 76 68 87 
90 1 0 55 38 107 24 44 86 76 171 55 81 123 124 68 0 2 57 28 158 52 70 126 101 
0 75 0 0 0 0 72 0 0 0 1 57 0 0 0 101 137 74 111 74 48 117 41 46 46 
0 0 102 0 0 93 95 200 110 115 0 0 99 0 0 7 10 106 5 8 14 13 88 9 18 
241 230 198 264 122 122 93 72 109 0 86 98 66 98 0 267 238 151 288 119 142 143 82 152 0 
0 0 0 0 0 33 48 31 22 22 0 0 0 0 0 69 85 82 80 111 119 122 118 112 150 
0 224 0 201 0 0 181 0 195 0 5 201 5 197 0 0 187 0 193 0 0 197 0 203 0 
0 34 0 104 0 0 47 0 119 0 0 42 0 107 0 55 110 58 178 58 0 50 0 101 0 
0 0 0 0 70 82 66 76 59 127 83 69 73 80 122 0 0 0 0 74 0 0 0 0 76 
66 258 275 17 230 26 200 187 3 152 55 272 262 26 229 139 331 269 112 259 192 318 268 107 263 
0 49 41 0 87 22 66 44 17 96 29 95 94 38 91 0 64 28 0 73 0 64 27 0 83 
116 101 129 144 129 16 0 0 41 0 14 0 0 47 0 20 0 0 51 0 105 74 73 126 80 
28 0 0 53 64 67 41 38 82 113 18 0 1 55 60 34 10 14 51 55 27 25 28 66 70 
97 0 88 0 0 91 0 110 0 0 159 78 150 70 74 135 21 96 16 15 88 0 103 0 0 
0 18 81 0 96 0 12 69 0 107 0 16 74 0 106 0 14 91 0 133 0 12 69 0 101 
21 55 143 67 20 60 87 168 119 45 0 44 132 32 0 52 84 167 109 44 0 26 112 57 0 
0 63 0 0 0 0 69 0 0 0 107 212 101 131 117 0 83 0 0 0 15 79 17 22 25 
0 0 0 71 0 60 64 49 120 79 0 0 0 70 0 0 0 0 80 0 71 63 57 147 62 
49 0 92 48 0 57 0 109 53 0 59 0 93 49 0 46 0 102 54 0 44 0 98 46 0 
82 50 0 32 0 110 86 15 49 23 97 92 0 27 0 114 54 0 42 0 92 64 0 35 0 
0 0 0 0 24 185 166 190 189 204 0 0 0 0 31 0 0 0 0 31 0 0 0 0 33 
89 45 56 108 77 58 37 48 95 66 24 0 0 50 9 28 0 0 48 11 34 7 5 55 25 
29 54 8 6 10 17 46 0 0 0 21 72 0 0 0 125 159 123 115 111 27 72 0 0 0 
0 0 0 21 0 186 170 197 197 164 0 0 0 22 0 0 0 0 22 0 0 0 0 18 0 
84 96 150 172 106 0 0 57 70 0 0 0 82 69 0 0 0 73 67 0 0 0 62 69 0 
62 57 59 48 67 41 0 0 0 10 76 62 48 48 72 28 0 0 0 21 92 49 44 49 59 
0 0 25 0 66 6 4 33 12 88 0 0 34 0 64 10 7 43 7 93 79 72 113 62 150 
601 606 611 655 603 0 0 0 0 0 0 0 0 0 0 0 0 0 0 0 0 0 0 0 0 
55 106 139 63 71 28 79 96 27 25 0 32 71 0 0 0 36 71 0 0 0 39 66 0 0 
0 0 110 0 0 0 0 91 0 0 76 114 206 112 101 0 0 85 0 0 0 0 104 0 0 
113 129 40 61 149 39 44 0 0 91 44 65 0 0 72 44 48 0 0 79 69 45 0 0 91 
0 49 0 0 0 33 91 33 27 45 0 57 0 6 0 0 50 0 18 0 3 41 3 9 0 
9 7 99 5 12 0 0 87 0 0 0 0 83 0 0 36 39 120 27 29 75 78 150 59 85 
0 0 0 49 75 88 81 63 117 162 0 0 0 49 73 0 0 0 35 84 0 0 0 47 72 
90 164 76 71 82 22 104 0 0 0 26 115 6 8 8 21 75 0 0 0 23 79 0 3 0 
77 36 104 52 107 20 0 44 13 66 22 0 47 12 81 22 0 58 12 64 14 0 44 13 69 
76 0 9 0 2 92 0 2 1 0 116 57 77 58 74 128 48 37 28 25 161 84 93 112 81 
63 31 115 46 45 32 0 81 0 0 29 0 76 0 0 25 0 70 0 4 79 40 120 45 41 
0 38 0 0 5 27 64 31 44 44 29 76 27 21 28 28 75 42 59 33 0 29 0 0 0 
89 79 97 49 61 35 29 34 0 12 57 69 60 28 44 44 28 38 0 12 35 30 38 0 9 
0 62 62 0 0 8 78 62 15 10 18 103 81 21 21 32 109 65 40 41 0 62 58 0 0 
58 102 57 52 48 38 110 36 41 33 19 84 21 21 29 28 64 28 29 31 0 66 0 0 1 
26 0 80 0 38 62 42 110 39 74 22 0 76 0 14 25 0 76 0 7 28 0 90 0 16 
0 2075 0 0 0 0 2124 0 0 0 0 1990 0 0 0 0 2096 0 0 0 0 1992 0 0 0 
27 162 123 23 15 109 237 186 108 82 10 147 116 9 0 76 243 206 81 65 11 146 92 0 0 
71 106 86 0 0 49 124 100 0 0 75 109 108 0 0 63 109 99 0 0 63 113 101 0 0 
7 116 0 111 0 107 206 107 226 124 96 183 68 215 82 0 106 0 135 0 1 111 0 109 0 
89 141 11 189 105 90 176 15 224 145 56 108 4 185 88 254 291 154 358 217 131 266 115 279 178 
0 0 0 0 0 1256 1215 1213 1169 1238 0 0 0 0 0 0 0 0 0 0 0 0 0 0 0 
0 0 80 126 0 0 0 76 110 0 0 0 83 129 0 0 0 82 126 0 0 0 71 127 0 
164 59 56 106 44 194 54 68 123 61 107 0 0 45 0 93 0 0 44 0 118 0 0 55 0 
0 139 0 0 93 0 159 0 0 84 0 177 0 0 109 0 136 0 0 87 0 165 0 0 116 
153 232 100 210 116 129 281 91 158 49 275 368 205 318 162 175 291 134 192 119 242 445 266 288 231 
58 63 214 227 96 5 1 133 95 31 97 92 213 243 98 7 2 86 98 27 30 34 168 158 60 
152 113 127 148 264 0 17 2 0 140 7 7 4 1 144 199 235 192 199 387 237 246 242 230 385 
0 74 0 0 0 0 56 0 0 0 0 70 0 0 0 6 75 6 7 3 191 228 192 164 174 
55 29 38 12 45 52 17 28 0 42 47 14 40 0 32 69 16 40 0 46 127 115 105 94 130 
204 78 0 102 0 204 66 0 104 0 209 60 0 105 0 194 66 0 109 0 200 59 0 120 0 
47 14 0 32 39 121 95 81 105 106 53 13 0 36 41 44 5 0 26 46 52 11 0 29 34 
55 0 0 0 0 62 0 0 0 0 64 0 0 0 0 204 135 145 148 142 53 0 0 0 0 
59 175 195 111 43 77 174 181 128 45 85 166 175 91 58 38 114 174 81 4 47 187 190 103 22 
83 5 7 51 23 108 78 66 119 75 112 67 63 86 93 72 22 28 73 34 62 0 0 27 16 
117 120 143 94 190 0 0 7 0 57 59 78 75 66 115 0 0 19 0 58 0 0 12 0 67 
32 60 0 64 0 118 141 75 127 58 68 77 26 106 43 42 47 0 68 0 29 44 0 63 0 
66 82 62 79 119 74 78 57 59 86 0 23 0 0 43 0 19 0 0 25 52 62 50 49 90 
0 89 0 0 0 40 166 43 45 40 41 152 44 39 34 32 135 33 30 48 54 152 53 45 67 
35 13 47 36 0 110 87 125 128 71 49 24 60 40 0 51 13 52 36 0 48 20 40 39 0 
1 10 0 98 233 148 154 145 247 380 3 33 0 102 282 0 21 1 99 275 136 167 131 216 353 
14 22 88 12 228 4 0 68 7 168 114 105 179 117 273 137 138 233 171 330 1 3 75 1 188 
159 0 0 0 0 136 0 0 0 0 239 84 107 107 115 128 0 0 0 0 133 0 0 0 0 
0 0 0 0 849 0 0 0 0 800 0 0 0 0 860 0 0 0 0 849 0 0 0 0 793 
136 121 0 194 66 135 133 1 149 99 192 211 46 216 134 126 145 6 189 120 108 151 0 169 69 
113 0 0 0 0 222 85 75 76 67 134 0 0 0 0 130 0 0 0 0 125 0 0 0 0 
51 26 62 44 35 82 61 105 55 60 26 17 38 20 13 63 51 113 78 56 9 0 37 0 0 
0 22 0 147 0 33 60 49 200 36 0 20 0 141 0 0 15 0 143 0 0 25 0 178 0 
85 57 97 115 159 46 0 68 59 62 29 0 63 66 63 101 66 127 137 130 5 0 46 58 43 
43 48 55 128 106 28 22 31 81 74 0 0 0 77 54 0 0 0 48 50 7 10 9 75 53 
0 8 59 0 0 74 82 156 73 82 0 10 61 0 0 49 67 144 43 53 0 5 53 0 0 
227 16 205 0 0 235 14 202 0 0 226 10 198 5 0 200 9 200 0 0 231 31 195 11 10 
0 0 0 0 0 69 52 71 65 68 0 0 0 0 0 141 119 138 140 137 0 0 0 0 0 
294 137 328 160 215 348 199 454 254 269 382 170 431 251 283 231 27 257 102 136 253 97 339 113 139 
71 163 71 87 69 0 90 0 28 0 19 142 30 37 27 0 113 0 18 0 0 80 0 22 0 
0 0 0 16 0 0 0 0 20 0 0 0 0 20 0 0 0 0 19 0 172 187 209 218 209 
0 0 34 0 59 36 46 79 45 113 57 75 92 53 126 0 0 33 0 64 0 0 52 0 60 
0 0 16 0 187 0 0 16 0 178 0 0 28 0 166 0 0 25 0 179 0 0 23 0 182 
0 0 0 50 0 0 0 0 59 0 54 59 45 140 45 0 0 0 59 0 85 78 82 158 86 
102 0 0 105 0 114 0 0 123 0 113 0 0 97 0 100 0 0 126 0 110 0 0 117 0 
15 51 55 80 0 88 175 139 154 101 160 237 191 214 156 7 51 63 85 29 64 112 89 99 59 
107 133 121 114 224 0 0 0 0 79 0 0 0 0 80 23 25 28 21 115 0 0 0 0 78 
103 207 98 95 92 0 103 0 0 0 22 153 30 41 25 0 111 0 0 0 129 268 113 121 129 
140 127 78 81 79 76 47 0 0 0 88 47 4 4 8 63 47 0 0 0 72 56 0 0 0 
0 103 0 0 0 37 157 46 49 59 0 114 0 0 0 62 181 75 75 61 0 119 0 0 0 
92 0 0 0 0 117 0 0 0 0 122 0 0 0 0 102 0 0 0 0 206 88 85 89 99 
0 0 0 0 0 0 0 0 0 0 0 0 0 0 0 0 0 0 0 0 440 407 451 427 399 
0 0 38 0 0 76 81 99 77 92 0 0 32 0 0 78 77 87 61 80 20 25 61 22 29 
8 15 14 17 52 0 0 0 0 36 80 79 71 69 99 0 0 0 0 33 68 98 78 76 104 
0 0 0 127 0 0 0 0 111 0 0 0 0 135 0 0 0 0 139 0 72 71 76 190 79 
1 52 0 34 63 3 45 0 39 65 1 33 0 36 67 0 49 0 32 59 19 54 25 56 96 
71 0 0 0 27 60 0 0 0 29 78 0 0 0 33 62 0 0 0 21 161 83 72 84 114 
0 112 0 0 0 0 108 0 0 0 0 106 0 0 0 0 96 0 0 0 97 185 99 105 92 
23 59 37 50 37 44 59 46 37 48 55 45 43 40 45 0 8 0 9 0 84 110 82 83 76 
0 0 119 56 0 44 44 162 108 52 0 0 105 39 0 0 0 89 37 0 0 0 130 35 0 
23 57 25 3 35 8 67 12 7 32 8 55 4 0 25 43 73 49 47 79 0 40 5 1 34 
59 0 0 0 0 125 62 60 76 69 99 20 18 20 15 131 46 46 52 41 58 0 0 0 0 
195 0 0 0 0 197 13 18 17 20 178 0 0 0 0 196 0 0 0 0 166 0 0 0 0 
83 35 33 111 36 39 0 0 91 0 48 0 0 85 0 83 35 30 120 32 55 0 0 83 0 
0 0 0 33 0 40 31 38 66 26 24 20 36 47 23 0 0 0 26 0 50 52 55 96 59 
0 0 63 43 0 0 0 55 43 0 101 99 149 132 97 0 0 62 47 0 0 0 67 42 0 
91 13 59 143 123 36 9 57 129 111 77 29 56 159 126 33 1 43 116 100 147 92 143 235 231 
3 7 67 120 10 0 0 60 98 0 55 38 128 157 54 33 49 86 131 46 0 0 57 97 0 
49 6 44 48 10 45 6 35 41 19 124 68 113 115 82 65 19 48 47 16 49 0 44 43 3 
44 0 65 0 63 40 0 70 0 57 29 0 79 0 90 101 61 130 69 140 34 0 68 0 67 
106 54 164 68 54 87 22 153 73 36 53 0 92 1 0 149 76 188 96 88 115 44 180 82 75 
13 113 165 32 153 171 258 341 159 321 39 151 206 57 216 0 71 176 2 140 109 192 260 136 264 
25 25 27 68 60 46 47 37 88 81 0 0 0 37 33 0 0 0 24 22 107 107 119 165 119 
23 33 0 101 0 31 54 0 132 0 100 86 43 154 60 31 41 0 121 0 48 47 0 104 0 
0 0 57 0 0 159 137 200 138 169 0 0 58 0 0 0 0 69 0 0 0 0 64 0 0 
49 91 55 82 44 15 21 0 31 0 76 99 58 114 45 12 52 3 43 7 64 69 56 93 34 
8 7 0 0 67 13 2 0 0 53 51 54 43 39 110 18 19 13 10 69 78 102 84 76 114 
62 12 12 6 20 93 71 68 74 68 106 82 91 100 93 41 0 5 0 15 39 14 15 8 23 
24 117 78 16 39 0 93 73 6 7 0 74 44 0 27 0 83 55 6 12 49 131 106 46 84 
124 160 84 85 87 60 56 37 18 18 36 51 15 0 0 35 42 13 0 0 28 39 13 0 0 
0 69 55 0 67 0 71 63 0 72 0 79 53 0 55 0 66 64 0 69 0 84 67 0 66 
95 0 0 71 0 83 0 0 76 0 99 0 0 75 0 100 0 0 52 0 122 15 23 97 29 
67 128 76 74 80 0 62 0 0 0 39 103 44 39 37 0 55 0 0 0 30 77 26 30 30 
66 77 12 22 21 47 43 0 0 2 48 66 17 9 16 62 70 36 39 46 77 75 42 29 44 
38 79 46 71 31 0 62 11 45 16 0 51 11 47 19 0 45 15 35 14 39 106 66 98 80 
0 0 58 30 11 0 0 54 39 3 0 0 50 47 6 49 62 136 112 67 65 57 113 108 75 
29 38 26 22 31 0 0 0 0 0 68 58 57 61 55 0 0 0 0 0 120 107 99 114 110 
43 38 45 34 42 0 0 18 0 0 0 0 25 0 0 55 49 96 61 56 146 111 144 148 133 
42 44 99 43 53 5 9 58 17 14 55 56 124 50 51 0 0 51 0 0 0 0 53 21 0 
0 0 178 32 0 0 0 139 23 0 19 20 153 37 18 0 0 164 23 0 0 0 162 23 0 
44 70 0 0 0 66 95 37 30 29 67 109 17 13 9 79 119 37 37 42 37 67 0 0 0 
74 0 76 81 89 130 54 166 165 155 154 82 165 189 202 146 47 101 117 152 93 2 83 134 109 
98 145 82 64 73 13 55 0 0 0 86 162 84 61 63 49 87 37 16 19 26 68 0 0 0 
0 114 109 169 0 0 128 121 168 1 0 107 121 164 0 0 118 121 153 0 0 131 119 168 0 
0 0 0 140 35 0 0 0 158 28 26 29 15 157 51 0 0 0 149 34 0 0 0 138 38 
25 0 0 162 0 9 0 0 121 0 114 77 120 235 106 28 0 0 108 0 28 1 0 132 1 
54 71 49 39 59 3 51 5 0 30 51 84 44 40 64 7 38 0 0 33 0 62 0 0 21 
104 126 17 42 79 182 194 85 84 169 142 143 49 59 88 77 71 0 24 36 190 217 87 119 154 
85 207 156 121 117 5 53 94 14 0 37 106 121 51 42 26 97 83 10 40 0 71 49 0 0 
10 31 20 11 80 18 33 30 13 119 11 22 16 11 62 71 95 76 55 170 31 42 44 37 104 
0 0 206 0 38 0 0 228 0 28 0 0 209 0 25 0 0 192 0 23 0 0 180 0 27 
721 537 651 440 575 484 182 307 165 218 509 323 368 230 315 428 181 182 33 152 596 371 522 384 473 
110 86 6 10 0 197 194 94 85 86 125 114 0 0 0 118 122 24 19 22 91 83 0 0 0 
158 291 117 166 136 266 396 164 264 195 136 269 84 167 82 50 191 6 58 0 102 215 56 101 29 
19 0 30 83 0 24 0 14 54 0 83 48 67 86 29 96 60 91 116 70 29 1 26 52 0 
0 0 0 0 58 0 0 0 0 69 0 0 0 0 83 0 0 0 0 71 162 188 172 179 232 
106 5 66 0 20 181 11 79 34 41 173 63 144 69 67 197 115 177 82 122 170 33 74 22 41 
54 34 119 109 34 0 0 76 117 0 46 49 132 125 41 0 0 96 102 0 0 0 85 83 0 
150 0 0 54 0 156 0 0 55 0 141 0 0 40 0 168 0 0 46 0 149 0 0 41 0 
0 0 0 0 0 0 0 0 0 0 0 0 0 0 0 0 0 0 0 0 0 0 17 0 29 
141 121 140 248 132 32 3 63 137 0 57 31 116 190 61 28 6 94 103 24 39 2 59 96 0 
57 25 26 67 69 37 0 0 27 54 47 0 0 19 32 47 0 0 32 35 84 38 47 73 77 
0 0 51 53 0 80 49 107 103 70 0 0 43 35 0 66 55 112 88 50 46 41 85 77 29 
0 0 0 32 0 75 61 51 98 55 0 0 0 26 0 46 48 65 93 56 44 51 44 99 37 
54 89 80 151 123 0 10 4 79 38 0 13 4 53 48 0 8 8 73 42 28 37 22 84 51 
134 106 79 97 34 182 153 137 140 132 98 73 53 65 8 238 178 212 157 155 162 149 152 96 92 
50 76 111 121 60 0 0 34 0 0 0 0 52 0 0 0 0 41 0 0 145 176 194 187 157 
0 0 0 1190 0 0 0 0 1168 0 0 0 0 1196 0 0 0 4 1266 4 0 0 0 1205 0 
0 0 1448 0 0 0 0 1466 0 0 0 0 1343 0 0 0 0 1477 0 0 0 0 1439 0 0 
