755 658 511 670 680 1061 1006 862 938 989 668 626 499 690 751 1003 865 776 927 992 606 447 378 455 595 
246 224 282 254 218 0 0 0 0 0 150 132 167 145 167 0 1 0 0 0 0 0 0 0 0 
101 45 37 157 183 68 0 0 118 142 146 36 32 181 179 48 0 0 87 115 66 0 0 106 143 
154 0 118 149 166 212 45 193 231 252 299 138 282 321 340 218 49 168 201 238 142 0 147 190 185 
124 24 88 120 21 126 8 62 101 0 114 22 57 82 21 124 2 41 108 0 284 181 238 297 175 
133 11 26 0 126 119 6 27 0 144 225 122 123 98 218 202 94 117 87 218 294 148 155 137 285 
0 0 0 0 0 0 0 0 0 0 1034 1059 1006 1027 1076 0 0 0 0 0 0 0 0 0 0 
0 0 0 252 0 0 0 3 234 0 106 104 95 356 115 105 104 85 366 118 0 0 0 227 0 
15 9 14 190 5 0 0 0 201 0 37 53 41 205 33 0 0 0 164 0 4 9 1 203 0 
0 0 0 0 0 0 0 0 0 0 0 0 0 0 0 77 73 83 72 94 192 185 182 226 176 
82 88 64 57 178 0 9 0 0 108 0 2 0 0 100 0 4 0 0 103 95 82 78 72 164 
143 148 149 160 162 0 0 0 0 0 0 0 0 0 0 0 0 0 0 0 85 87 67 71 81 
0 0 0 0 0 0 0 0 0 0 0 0 0 0 0 424 424 409 403 412 182 170 173 176 199 
0 228 0 0 105 0 202 0 0 107 144 369 175 147 238 0 210 0 0 108 0 233 0 0 93 
838 0 0 0 0 839 0 0 0 0 813 0 0 0 0 855 0 0 0 0 852 0 0 0 0 
13 0 226 164 167 60 41 230 197 233 125 95 286 235 270 221 192 440 393 380 104 80 267 242 295 
85 133 75 151 66 66 85 68 111 73 0 49 0 41 0 46 100 43 90 46 0 49 0 42 0 
28 9 16 8 19 170 124 134 113 145 32 0 0 1 21 30 0 0 0 28 140 120 111 114 153 
0 0 164 0 0 0 0 157 0 0 0 0 162 0 0 180 147 286 147 150 0 0 153 0 0 
0 93 56 78 0 0 109 58 71 0 66 153 128 158 57 0 98 65 61 0 0 106 80 66 0 
0 0 0 6 141 121 101 113 151 237 122 121 120 109 212 2 2 0 0 114 81 93 90 82 193 
0 0 0 0 0 0 0 0 0 0 0 0 0 0 0 1000 1053 1071 1042 977 0 0 0 0 0 
0 21 52 153 0 0 21 64 131 0 0 20 51 166 0 0 17 54 156 0 0 17 58 157 0 
100 173 89 180 188 13 54 19 88 90 33 58 26 98 113 0 58 0 81 88 0 48 0 76 81 
117 124 124 89 1 117 136 196 101 0 286 287 315 313 207 115 121 133 72 0 280 247 344 260 142 
73 16 20 95 15 75 1 0 109 0 205 149 133 213 124 67 0 0 91 0 101 41 44 156 33 
110 90 44 42 31 142 87 48 55 31 50 43 15 0 0 83 74 19 11 12 75 47 11 0 0 
0 0 195 88 0 0 0 224 75 0 0 0 281 88 0 0 0 230 66 0 0 0 212 64 0 
110 145 139 107 87 0 46 56 0 0 0 45 55 0 0 35 62 88 32 33 0 41 82 0 0 
67 56 70 69 62 106 132 103 128 114 25 41 45 37 39 0 0 0 0 0 0 0 0 0 0 
0 0 0 167 0 0 0 0 179 0 205 196 185 374 203 0 0 0 173 0 0 0 0 155 0 
0 0 0 0 0 150 135 183 142 152 0 0 0 0 0 0 0 0 0 0 75 55 71 64 85 
124 0 26 90 62 145 41 67 136 112 245 94 96 178 178 103 0 0 101 47 215 92 98 194 139 
0 90 0 0 0 0 89 0 0 0 0 63 0 0 0 116 162 83 129 81 61 145 44 56 50 
0 0 104 0 0 92 98 199 111 119 0 0 105 0 0 10 7 109 3 7 15 13 92 14 19 
237 205 184 256 117 114 93 74 110 0 78 98 51 83 0 255 240 159 266 114 118 128 78 127 0 
0 233 0 210 0 0 190 0 202 0 9 207 7 205 6 0 191 0 200 0 0 206 0 216 0 
0 48 0 131 0 0 51 0 148 0 0 50 0 133 0 66 147 74 214 67 0 60 0 132 0 
0 0 0 0 83 93 79 85 65 149 97 76 78 90 134 0 0 0 0 80 0 0 0 0 90 
62 216 314 41 205 11 182 247 0 137 61 265 333 61 227 88 269 308 84 249 197 307 380 162 280 
0 68 48 0 121 20 91 56 19 128 34 126 111 45 118 0 72 35 0 91 0 74 36 0 108 
126 101 119 131 130 16 0 0 36 0 13 0 0 38 0 17 0 0 45 0 99 73 60 123 82 
69 0 65 0 0 63 0 75 0 0 113 53 107 48 50 99 16 78 12 12 66 0 73 0 0 
0 18 91 0 97 0 12 74 0 110 0 16 82 0 107 0 15 96 0 138 0 15 70 0 103 
9 48 127 66 17 47 65 133 88 37 0 37 114 35 0 37 63 129 89 30 0 23 95 54 0 
0 71 1 0 0 0 80 0 0 0 142 266 134 147 146 0 98 0 0 0 14 91 17 27 26 
0 0 0 77 0 70 72 57 134 92 0 0 0 78 0 0 0 0 92 0 80 68 64 170 66 
51 0 94 48 0 60 0 117 53 0 59 0 96 51 0 48 0 105 57 0 47 0 100 47 0 
92 55 0 35 0 129 85 16 52 26 112 98 0 31 0 129 60 0 51 0 106 62 0 42 0 
0 0 0 1 36 255 243 253 269 271 0 0 0 0 56 0 0 0 0 51 0 0 0 0 53 
118 64 74 138 93 78 48 60 114 97 34 0 0 59 12 35 0 0 54 14 47 16 11 65 31 
31 60 8 7 10 17 49 0 0 0 21 77 0 0 0 131 169 132 118 116 28 75 0 0 0 
0 0 0 21 0 186 170 197 198 164 0 0 0 23 0 0 0 0 22 0 0 0 0 19 0 
75 89 147 150 98 0 0 57 69 0 0 0 80 64 0 0 0 76 63 0 0 0 72 67 0 
63 57 56 48 68 41 0 0 0 11 74 60 48 47 72 30 0 0 0 22 91 48 45 49 60 
0 0 27 0 79 9 0 35 11 96 0 0 39 0 93 12 8 46 8 117 107 107 136 85 205 
64 117 159 74 83 34 104 115 31 31 0 43 86 0 0 0 53 84 0 0 0 41 75 0 0 
0 0 118 0 0 0 0 100 0 0 83 125 228 129 109 0 0 92 0 0 0 0 113 0 0 
109 116 34 61 143 41 46 0 0 101 51 62 0 0 72 44 44 0 0 85 60 49 0 0 80 
0 51 0 17 0 52 108 48 64 78 0 59 0 22 17 0 56 0 39 6 16 56 16 38 32 
10 12 119 6 14 0 0 101 0 0 0 0 104 0 0 51 54 143 29 32 84 99 172 66 101 
0 0 0 51 75 88 80 63 117 162 0 0 0 49 73 0 0 0 36 84 0 0 0 47 73 
93 165 78 72 82 22 106 0 0 0 30 115 7 8 9 22 75 0 0 0 25 80 1 3 0 
74 37 104 42 100 20 0 42 10 56 13 0 44 0 74 20 0 54 0 58 2 0 35 0 56 
54 2 9 0 2 73 0 4 0 0 91 59 43 50 81 97 44 12 13 0 147 83 78 87 55 
45 34 118 44 52 0 0 81 0 0 0 0 77 0 0 3 0 70 0 5 35 39 113 41 34 
0 62 67 0 0 0 61 38 0 0 21 104 77 21 21 32 109 61 40 42 0 62 53 0 0 
20 0 77 0 31 48 31 114 32 52 16 0 70 0 20 9 0 65 0 16 18 0 87 0 16 
0 2159 0 0 0 0 2240 0 0 0 0 2100 0 0 0 0 2169 0 0 0 0 2109 0 0 0 
23 94 112 12 15 86 191 190 94 62 8 116 111 6 0 40 174 145 70 32 0 106 93 0 0 
68 117 118 0 0 45 148 122 0 0 81 168 128 0 0 65 159 133 0 0 67 141 141 0 0 
0 90 0 114 0 94 147 59 182 89 64 141 39 159 35 0 70 0 98 0 0 92 0 86 0 
0 0 0 0 0 1277 1241 1240 1199 1267 0 0 0 0 0 0 0 0 0 0 0 0 0 0 0 
0 0 80 125 0 0 0 75 106 0 0 0 81 127 0 0 0 81 125 0 0 0 72 128 0 
151 45 49 91 44 150 62 51 113 64 86 0 0 44 0 79 0 0 38 0 88 0 0 44 0 
0 145 0 0 88 0 159 0 0 87 0 163 0 0 95 0 153 0 0 74 0 160 0 0 97 
228 300 200 215 78 148 248 102 133 26 253 389 236 266 112 281 371 299 277 169 207 329 263 172 121 
88 72 271 275 84 0 0 185 199 11 120 113 285 315 105 0 0 170 200 6 16 23 212 218 27 
134 107 106 139 241 3 18 0 7 149 12 9 3 15 152 191 188 161 175 323 202 234 229 219 355 
0 121 0 0 0 0 97 1 0 0 0 108 0 0 0 7 104 5 7 0 262 324 261 249 250 
46 24 41 8 42 42 14 26 0 40 39 12 34 0 30 66 14 32 0 40 112 97 88 73 116 
200 70 0 102 0 208 74 0 104 0 205 54 0 103 0 189 63 0 108 0 203 62 0 116 0 
0 0 1465 0 0 0 0 1491 0 0 0 0 1388 0 0 0 0 1482 0 0 0 0 1465 0 0 
70 2 12 42 19 98 64 56 105 65 97 59 57 72 78 57 27 22 62 30 53 0 0 26 18 
109 118 124 80 190 0 0 9 0 44 58 76 70 55 109 0 0 18 0 48 0 0 13 0 57 
30 65 0 72 0 128 148 95 153 82 76 90 48 133 57 46 57 0 68 0 31 56 0 68 0 
82 95 77 102 140 79 94 67 60 120 0 27 0 0 54 0 19 0 0 27 58 83 56 48 100 
0 62 0 0 1 28 112 31 31 27 32 120 32 30 29 23 107 22 24 30 36 108 39 32 43 
28 11 41 32 0 94 70 112 112 63 39 19 46 35 0 39 9 43 34 0 34 19 37 39 0 
158 0 0 0 0 137 0 0 0 0 225 82 105 105 105 126 0 0 0 0 130 0 0 0 0 
0 0 0 0 823 0 0 0 0 780 0 0 0 0 836 0 0 0 0 824 0 0 0 0 769 
84 138 111 224 213 0 8 8 116 62 0 13 6 89 93 0 17 16 118 90 31 48 29 141 95 
137 0 0 0 0 274 115 92 91 82 169 0 0 0 0 161 0 0 0 0 147 0 0 0 0 
0 0 0 0 0 73 55 70 66 72 0 0 0 0 0 146 116 138 145 138 0 0 0 0 0 
0 22 0 155 0 40 63 51 197 35 0 19 0 138 0 0 16 0 145 0 0 20 0 171 0 
128 53 109 95 144 88 0 66 26 54 89 15 86 40 57 184 110 149 87 139 80 0 35 20 49 
47 54 65 153 127 30 23 36 97 103 0 0 0 97 64 0 0 0 57 54 8 13 11 94 64 
1 4 78 0 0 92 97 191 97 102 0 4 74 0 0 60 78 193 62 71 0 0 72 0 0 
205 4 189 0 0 204 3 177 0 0 199 2 195 3 0 180 2 185 0 0 213 21 180 8 9 
357 140 350 155 234 400 195 432 221 240 355 156 388 208 243 250 41 263 90 127 230 40 273 61 119 
66 152 69 82 65 0 86 0 27 0 17 129 28 34 27 0 104 0 15 0 0 75 0 22 0 
0 0 33 0 58 35 46 78 45 113 55 74 89 53 121 0 0 33 0 61 0 0 49 0 58 
0 0 18 0 212 0 0 16 0 207 0 0 32 0 182 0 0 28 0 202 0 0 25 0 214 
0 0 0 53 0 0 0 0 61 0 56 61 47 141 45 0 0 0 61 0 88 82 84 165 89 
114 0 0 118 0 142 0 0 132 0 139 0 0 128 0 132 0 0 141 0 136 0 0 142 0 
0 15 59 69 0 90 149 173 174 96 155 207 220 220 130 2 49 106 90 16 75 99 117 134 49 
96 117 107 100 195 0 0 0 0 69 0 0 0 0 65 20 22 25 20 94 0 0 0 0 70 
111 204 122 111 114 0 110 0 0 0 59 178 76 81 72 1 104 0 0 4 72 182 72 58 75 
171 160 90 101 98 90 46 0 0 0 102 53 5 5 10 82 56 0 0 0 78 67 0 0 0 
0 122 0 0 0 41 191 56 58 69 0 139 0 0 0 69 204 83 88 67 0 116 1 0 0 
0 0 0 0 0 0 0 0 0 0 0 0 0 0 0 0 0 0 0 0 440 409 448 444 399 
0 0 37 0 0 73 79 92 75 87 0 0 31 0 0 77 75 85 59 79 19 25 59 22 26 
8 18 17 21 65 0 0 0 0 38 92 87 73 73 109 0 0 0 0 36 83 104 86 83 125 
0 0 0 129 0 0 0 0 116 0 0 0 0 144 0 0 0 0 145 0 75 73 78 195 81 
0 66 0 32 72 0 61 0 36 76 0 55 0 35 91 0 58 0 31 73 19 74 25 54 111 
0 26 0 17 0 87 101 84 83 80 83 83 77 67 81 0 21 0 21 0 123 153 126 149 120 
0 0 117 55 0 43 45 155 106 50 0 0 102 39 0 0 0 89 38 0 0 0 126 35 0 
59 0 0 0 0 126 62 59 76 69 99 20 18 20 15 131 47 46 52 41 58 0 0 0 0 
80 35 33 110 37 30 0 0 91 0 45 0 0 85 0 80 35 30 120 32 52 0 0 82 0 
0 0 63 43 0 0 0 55 43 0 101 99 149 132 97 0 0 62 47 0 0 0 67 42 0 
3 6 56 102 7 0 0 53 86 0 54 30 109 127 48 30 43 75 122 37 0 0 50 85 0 
71 6 57 51 14 51 5 38 42 28 141 83 121 129 101 87 19 49 53 19 58 0 46 50 0 
46 0 69 0 69 49 0 64 0 75 29 0 84 0 80 119 59 141 69 127 39 0 68 0 68 
91 22 134 77 50 61 12 130 58 31 58 0 95 26 1 136 49 174 96 91 91 26 168 56 67 
17 115 157 45 134 130 190 283 133 247 25 122 200 55 183 0 40 148 4 113 86 142 225 119 214 
19 21 22 57 48 40 38 33 75 72 0 0 0 31 29 0 0 0 21 17 74 89 89 122 98 
29 50 0 122 0 34 76 0 154 0 114 111 77 203 86 31 56 0 140 0 46 45 0 118 0 
0 0 56 0 0 174 159 239 156 185 0 0 65 0 0 0 0 75 0 0 0 0 75 0 0 
57 9 10 4 18 82 56 59 63 62 93 71 77 85 78 37 0 5 0 10 32 10 14 7 19 
23 144 83 22 45 0 112 73 8 6 0 106 55 0 23 0 125 68 9 16 53 179 129 48 104 
143 183 93 95 99 67 66 42 21 18 40 54 16 0 0 38 45 15 0 0 28 50 13 0 0 
78 94 16 21 17 57 56 1 0 0 63 76 20 4 11 72 75 42 41 46 86 84 52 29 53 
38 76 43 71 29 0 62 11 42 16 2 51 11 46 19 0 43 14 31 13 39 104 64 97 78 
0 0 58 30 11 0 0 50 36 3 0 0 47 44 7 45 58 129 112 65 56 58 111 101 66 
28 37 27 22 32 0 0 0 0 0 74 62 58 62 58 0 0 0 0 0 125 112 102 121 115 
41 29 16 33 42 0 0 0 0 0 0 0 0 1 0 45 36 83 63 75 130 100 138 160 144 
32 38 100 38 38 0 5 57 5 0 54 50 125 44 49 0 0 52 0 0 0 0 56 7 0 
0 0 120 0 0 0 0 65 0 0 18 20 54 0 18 0 0 95 0 0 0 0 86 0 0 
41 70 0 0 0 65 93 38 29 28 67 103 17 13 9 77 117 37 36 41 36 65 0 0 0 
81 110 65 50 59 12 42 3 0 0 70 121 59 48 51 34 66 25 15 14 22 52 0 0 0 
0 135 128 189 0 0 144 129 186 0 0 121 134 193 2 0 133 137 176 0 0 142 131 181 1 
18 0 0 208 0 14 0 0 142 0 128 109 119 249 110 23 0 0 150 0 30 2 0 156 2 
199 211 64 127 132 210 319 109 142 191 198 250 92 141 163 93 141 7 37 59 309 415 175 213 248 
80 213 153 90 120 4 47 70 15 3 42 84 111 39 29 36 110 69 15 33 0 66 57 0 0 
0 14 3 0 57 0 18 13 0 88 0 14 12 6 45 42 73 61 36 131 25 31 31 24 84 
673 548 614 409 507 458 229 293 147 205 436 269 383 190 244 351 174 193 39 148 512 389 455 321 357 
86 71 2 3 0 153 144 71 71 65 81 73 0 0 0 91 88 23 16 15 70 56 0 0 0 
164 316 136 135 132 270 392 179 266 188 172 307 102 160 85 46 197 0 35 0 85 209 75 74 52 
0 0 0 0 53 0 0 0 0 58 0 0 0 0 65 0 0 0 0 58 135 158 141 155 187 
151 0 0 54 0 156 0 0 55 0 141 0 0 40 0 168 0 0 46 0 149 0 0 40 0 
192 133 192 277 138 42 0 87 130 0 96 40 131 197 67 56 0 111 105 28 57 0 98 98 0 
121 127 85 64 13 195 181 155 137 116 105 99 96 38 23 248 216 187 137 126 129 142 111 39 50 
58 130 51 57 53 0 55 0 0 0 6 80 4 4 4 0 64 0 0 0 75 154 62 76 65 
0 0 0 18 0 0 0 0 20 0 0 0 0 18 0 0 0 0 18 0 173 193 219 223 216 
68 16 71 145 103 20 3 45 126 95 76 26 62 149 114 30 1 45 115 97 170 95 159 249 227 
0 97 75 0 90 0 113 83 0 111 0 121 58 0 87 0 92 102 0 108 0 116 80 0 102 
62 33 73 47 42 93 75 132 93 74 31 20 39 26 19 63 54 122 84 68 9 0 37 4 0 
73 0 0 0 50 66 0 0 0 50 85 0 0 0 60 65 0 0 0 47 174 87 77 91 146 
63 82 0 75 49 44 68 1 114 67 61 56 0 129 78 165 202 92 219 156 94 139 34 126 90 
85 112 124 99 83 10 42 51 18 9 0 15 49 0 0 74 93 113 66 55 28 31 71 26 13 
0 0 0 140 35 0 0 0 158 28 27 29 16 157 51 0 0 0 149 34 0 0 0 138 38 
0 0 0 182 17 205 176 165 430 234 0 0 0 198 16 148 167 164 379 154 0 0 0 173 11 
44 114 142 170 65 20 111 144 174 24 94 150 157 189 88 57 183 161 223 78 108 136 165 246 106 
0 0 0 1292 0 0 0 0 1294 0 0 0 0 1330 0 0 0 0 1375 1 0 0 0 1348 0 
195 0 0 0 0 197 13 18 17 20 178 0 0 0 0 196 0 0 0 0 166 0 0 0 0 
92 0 0 0 0 117 0 0 0 0 122 0 0 0 0 102 0 0 0 0 206 88 85 89 99 
157 75 47 82 95 57 1 0 12 12 139 43 53 67 47 139 57 67 91 87 221 154 119 169 150 
16 35 0 0 31 0 24 0 0 0 0 1 0 0 0 35 44 10 42 49 0 0 0 0 0 
72 74 121 100 83 0 0 48 0 0 0 0 77 0 0 0 0 56 0 0 171 186 215 204 172 
0 9 0 76 245 121 140 132 226 357 2 35 2 90 268 0 11 3 92 275 123 151 118 191 323 
8 34 90 14 240 5 0 61 12 185 117 113 174 117 291 143 152 221 178 350 2 2 56 4 205 
93 214 245 181 85 159 220 319 198 101 136 199 255 166 112 46 123 210 106 25 26 157 197 133 1 
115 0 0 11 0 109 0 0 0 0 121 0 0 0 0 120 0 0 0 0 157 17 27 7 34 
41 62 39 22 51 0 39 0 0 0 45 78 45 39 56 3 38 0 0 32 0 46 0 3 17 
622 638 647 699 639 0 0 0 0 0 0 0 0 0 0 0 0 0 0 0 0 0 0 0 0 
77 62 0 0 0 101 82 16 16 18 162 101 40 43 28 109 69 0 0 0 123 110 27 28 36 
34 0 0 63 77 85 51 47 93 135 24 0 0 61 72 44 10 15 60 63 34 27 31 71 85 
14 10 0 0 83 22 0 0 2 67 69 73 54 55 144 25 24 16 16 86 103 127 111 106 154 
55 0 0 0 0 62 0 0 0 0 64 0 0 0 0 203 134 145 146 141 52 0 0 0 0 
71 154 117 125 145 112 276 182 168 226 18 115 68 59 57 122 203 135 166 154 129 243 188 195 193 
0 0 0 0 0 31 41 32 20 23 0 0 0 0 0 65 74 84 75 106 116 119 111 106 145 
182 10 79 9 27 218 13 78 19 28 299 87 157 112 111 303 169 271 165 159 246 50 95 40 49 
18 0 29 0 0 19 0 14 0 0 33 0 37 19 0 77 54 84 61 69 22 2 26 0 1 
0 0 183 0 35 0 0 215 0 30 0 0 192 0 23 0 0 184 0 25 0 0 179 0 27 
105 59 0 139 41 126 84 0 114 72 134 130 28 138 84 97 72 0 116 57 104 82 0 121 47 
49 76 47 66 41 14 24 0 31 0 65 85 58 111 50 12 47 5 37 5 65 62 59 86 29 
0 0 48 53 0 67 50 96 91 59 0 0 36 36 0 56 45 95 83 42 40 28 80 71 25 
