884 845 621 595 764 1145 1225 1050 1011 1066 736 689 552 671 757 1101 931 934 930 1102 674 548 402 433 686 
203 155 218 206 191 0 2 0 0 0 132 113 144 122 122 0 0 0 0 0 0 0 0 0 0 
144 66 30 287 272 68 0 0 140 168 199 69 46 274 266 84 0 0 111 167 68 0 0 138 162 
135 0 115 137 145 181 28 175 202 215 294 124 279 302 308 234 64 159 204 215 147 3 129 194 141 
175 43 107 180 54 155 10 86 128 1 159 34 92 128 28 152 6 56 147 1 313 191 282 333 192 
87 6 20 0 82 74 3 18 0 93 157 81 87 77 149 137 59 81 58 127 187 93 114 90 203 
0 0 0 0 0 0 0 0 0 0 1014 1026 974 994 1036 0 0 0 0 0 0 0 0 0 0 
0 0 0 268 0 0 0 3 240 1 112 98 101 387 123 107 107 91 403 131 0 0 0 241 0 
13 8 12 186 4 0 0 0 185 0 42 51 38 189 35 0 0 0 164 0 3 7 3 187 3 
0 0 0 0 0 0 0 0 0 0 0 0 0 0 0 61 61 67 65 88 195 168 171 200 167 
86 100 74 66 196 0 10 0 0 118 1 2 0 0 114 0 4 0 0 127 91 88 84 73 198 
146 146 155 156 154 0 0 0 0 0 0 0 0 0 0 0 0 0 0 0 78 80 65 71 82 
0 0 0 0 0 0 0 0 0 0 0 0 0 0 0 427 428 414 407 412 190 176 181 187 205 
0 210 0 0 87 0 205 0 0 105 136 359 164 145 229 0 206 0 0 98 0 240 0 0 85 
813 0 0 0 0 805 0 0 0 0 805 0 0 0 0 842 0 0 0 0 836 0 0 0 0 
27 20 188 128 166 51 17 191 148 160 113 99 248 237 208 196 195 376 321 295 129 94 256 210 281 
87 125 75 161 72 67 72 64 107 73 0 38 0 48 0 41 98 48 79 39 0 39 0 44 0 
32 7 9 7 16 111 82 85 95 102 27 0 0 0 14 26 0 0 0 20 112 98 79 87 127 
0 0 165 0 0 0 0 149 0 0 0 0 166 1 0 176 172 308 148 146 0 0 165 0 0 
0 64 43 46 0 0 78 43 45 0 34 96 90 97 33 0 70 47 47 0 0 69 54 42 0 
7 0 0 3 152 149 121 127 149 263 139 130 126 135 229 11 6 0 0 129 87 83 93 98 200 
0 0 0 0 0 0 0 0 0 0 0 0 0 0 0 1001 1059 1074 1043 973 0 0 0 0 0 
0 18 54 137 0 0 17 53 118 0 0 19 47 153 0 0 17 51 141 0 0 15 52 142 0 
68 51 0 0 0 82 72 16 14 14 137 87 35 36 28 90 63 0 0 0 100 98 22 25 34 
98 146 107 204 196 3 55 27 81 69 12 57 24 94 97 0 50 0 69 76 0 44 0 78 82 
102 120 122 91 0 106 139 178 109 2 312 327 354 336 234 116 134 144 84 0 293 234 320 258 139 
77 22 14 100 20 75 0 0 119 0 217 147 131 232 126 74 0 0 110 0 121 45 46 181 42 
109 89 42 43 29 132 97 47 53 27 50 45 18 0 0 76 74 18 12 14 75 46 9 0 0 
0 0 171 70 0 0 0 195 66 0 0 0 246 65 1 0 0 212 61 0 0 0 163 58 0 
129 151 174 129 108 0 59 67 0 0 0 54 70 0 0 41 78 111 38 42 0 43 99 0 3 
70 58 72 74 65 103 125 116 122 106 24 42 47 44 43 0 0 0 0 0 0 0 0 0 0 
0 0 0 171 0 0 0 0 178 0 239 238 229 418 256 0 0 0 172 0 0 0 0 158 0 
0 0 0 0 0 155 150 180 138 150 0 0 0 0 0 0 0 0 0 0 78 60 72 66 81 
137 4 19 96 59 161 35 45 138 115 256 86 91 178 181 108 0 0 82 43 233 98 100 176 142 
0 79 0 0 0 0 74 0 0 0 0 59 0 0 0 101 143 74 116 77 50 122 43 49 47 
0 0 96 0 0 91 90 182 109 108 0 0 99 0 0 8 9 107 4 8 15 13 83 9 15 
263 250 212 272 129 120 115 79 118 0 99 121 70 97 0 278 290 174 296 132 163 146 87 145 0 
0 0 0 0 0 32 42 32 23 30 0 0 0 0 0 71 71 83 80 116 117 109 106 119 143 
0 227 0 180 0 0 188 0 180 0 1 197 2 174 0 0 190 0 176 0 0 197 0 195 0 
0 44 0 126 0 0 56 0 143 0 0 47 0 139 0 62 133 69 211 72 0 58 0 124 0 
0 0 0 0 71 74 67 73 58 126 84 67 70 76 122 0 0 0 0 72 0 0 0 0 72 
71 261 325 37 247 53 193 253 5 179 73 270 342 66 242 110 312 296 105 273 242 381 396 183 333 
0 45 33 0 79 19 60 45 13 88 28 81 87 38 79 0 59 26 0 64 0 61 27 0 68 
150 127 152 160 157 19 0 0 53 0 15 0 0 56 0 23 0 0 52 0 108 75 76 154 98 
85 0 74 0 0 86 0 81 0 0 152 67 135 57 60 123 24 90 15 15 79 0 92 0 0 
0 18 81 0 96 0 12 69 0 107 0 16 74 0 106 0 14 91 0 133 0 13 69 0 101 
17 57 142 82 21 58 82 166 114 58 0 41 121 37 0 53 78 162 115 48 0 26 109 59 0 
0 73 0 0 0 0 84 0 0 0 138 253 130 139 136 0 96 0 0 0 14 89 19 25 29 
0 0 0 90 0 68 74 63 145 101 0 0 0 92 0 0 0 0 97 0 89 75 71 185 74 
57 0 106 56 0 59 0 123 58 0 69 0 108 56 0 50 0 116 61 0 48 0 110 51 0 
69 43 0 25 0 95 73 16 45 24 87 85 0 22 0 100 48 0 40 0 84 57 0 28 0 
0 0 0 0 25 185 168 184 187 197 0 0 0 0 32 0 0 0 0 30 0 0 0 0 32 
106 51 65 128 87 70 44 52 122 86 25 0 0 64 10 40 0 0 58 13 45 14 10 63 30 
32 57 8 6 10 19 50 0 0 0 22 79 0 0 0 134 167 131 124 120 35 78 0 0 0 
0 0 0 21 0 186 170 197 198 164 0 0 0 23 0 0 0 0 22 0 0 0 0 19 0 
71 78 132 138 89 0 0 52 63 0 0 0 74 60 0 0 0 67 53 0 0 0 59 62 0 
63 58 60 48 68 41 0 0 0 11 76 62 48 48 72 30 0 0 0 22 92 49 45 49 60 
0 0 25 0 69 8 6 36 12 89 0 0 34 0 70 10 7 43 8 95 81 75 114 64 153 
55 105 137 64 70 26 73 92 25 22 0 32 70 0 0 0 37 71 0 0 0 39 66 0 0 
0 0 121 0 0 0 0 96 0 0 80 121 220 116 108 0 0 93 0 0 0 0 114 0 0 
110 131 41 59 148 37 46 0 0 101 47 67 0 0 76 48 46 0 0 75 76 49 0 0 100 
0 49 0 23 36 59 115 57 80 94 0 59 0 27 38 0 55 0 39 40 25 65 22 53 63 
9 6 99 5 12 0 0 87 0 0 0 0 83 0 0 36 39 120 26 29 74 78 150 59 85 
0 0 0 51 75 88 81 63 117 163 0 0 0 49 73 0 0 0 36 84 0 0 0 47 73 
121 199 101 85 99 24 128 0 0 0 31 135 9 9 13 26 87 0 0 0 25 101 3 2 0 
67 35 98 38 94 17 0 42 6 60 14 0 39 3 78 19 0 52 4 64 0 0 32 0 58 
41 0 5 2 3 55 0 0 0 0 58 40 24 45 64 78 0 0 8 0 156 100 83 133 110 
34 34 118 45 41 14 0 82 0 0 0 0 76 0 0 7 0 70 0 0 42 31 105 25 25 
0 61 60 0 0 0 63 37 0 0 21 104 76 20 21 32 109 58 40 42 0 60 48 0 0 
26 0 75 0 35 49 33 109 28 67 24 0 77 0 18 15 0 76 0 15 29 0 91 0 20 
0 2123 0 0 0 0 2177 0 0 0 0 2038 0 0 0 0 2111 0 0 0 0 2047 0 0 0 
14 110 130 16 14 80 193 209 118 86 3 132 131 1 0 30 145 147 76 53 3 133 94 0 0 
66 103 94 0 0 55 115 115 0 0 69 120 102 0 0 59 116 105 0 0 62 112 112 0 0 
0 92 0 138 0 83 189 89 173 100 68 173 37 183 61 0 96 0 145 0 0 111 0 101 0 
0 0 0 0 0 1331 1280 1301 1244 1302 0 0 0 0 0 0 0 0 0 0 0 0 0 0 0 
0 0 80 125 0 0 0 75 106 0 0 0 81 127 0 0 0 81 125 0 0 0 72 128 0 
141 54 47 97 42 154 51 58 103 62 90 0 0 40 0 84 0 0 37 0 100 0 0 43 0 
0 142 0 0 82 0 158 0 0 79 0 160 0 0 94 0 148 0 0 77 0 170 0 0 98 
146 273 154 217 91 84 169 32 134 1 300 469 269 358 182 182 328 190 239 56 206 371 301 259 125 
89 76 274 285 84 0 0 200 192 0 106 104 276 304 109 0 0 164 189 1 17 8 185 190 18 
146 129 117 159 274 8 26 2 17 164 15 20 11 11 161 222 230 181 204 387 229 267 257 237 410 
0 71 0 0 0 0 59 0 0 0 0 68 0 0 0 6 69 4 11 3 175 215 175 153 173 
59 25 43 11 51 52 17 29 1 41 50 11 36 0 38 76 13 32 0 52 124 106 107 90 140 
210 65 0 104 0 220 61 0 106 0 212 48 0 107 0 202 63 1 108 0 192 48 1 113 0 
0 0 1456 0 0 0 0 1473 0 0 0 0 1369 0 0 0 0 1487 0 0 0 0 1445 0 0 
68 3 10 46 19 96 63 50 87 65 86 65 56 65 65 57 21 22 63 29 53 0 0 24 11 
111 122 121 81 180 0 0 5 0 47 56 75 74 58 114 0 0 18 0 56 0 0 12 0 62 
43 83 0 111 0 134 176 96 205 82 113 129 87 205 89 52 78 0 105 0 37 66 0 105 0 
72 86 73 83 115 75 82 62 61 103 0 22 0 0 54 0 18 0 0 28 51 64 50 45 88 
0 76 0 0 2 33 143 36 37 28 36 140 33 36 32 26 129 26 28 33 50 145 44 37 50 
33 11 39 31 0 100 68 106 105 62 42 19 45 36 0 41 5 33 30 0 39 17 32 37 0 
143 0 0 0 0 124 0 0 0 0 206 77 104 111 100 120 0 0 0 0 134 0 0 0 0 
0 0 0 0 819 0 0 0 0 775 0 0 0 0 826 0 0 0 0 818 0 0 0 0 761 
130 88 0 158 42 126 129 7 182 69 163 145 53 204 96 104 119 5 169 75 111 152 0 196 54 
135 0 0 0 0 252 100 88 81 74 157 0 0 0 0 143 0 0 0 0 142 0 0 0 0 
0 0 0 0 0 84 55 80 75 71 0 0 0 0 0 191 150 175 173 182 0 0 0 0 0 
0 22 0 143 0 33 55 46 185 32 0 16 0 132 0 0 16 0 137 0 0 20 0 159 0 
138 54 120 94 139 101 0 83 39 59 108 20 112 57 83 196 110 179 124 177 88 0 56 55 63 
43 48 55 128 106 28 22 31 81 74 0 0 0 75 53 0 0 0 48 50 7 10 8 74 53 
0 16 75 0 0 95 128 209 98 99 0 10 84 0 0 70 104 199 58 75 0 8 62 0 0 
204 6 197 0 0 197 0 177 0 0 194 4 190 4 1 179 0 192 0 0 217 23 185 10 11 
315 106 364 132 218 332 139 362 168 219 333 149 349 197 223 203 7 229 49 124 209 58 255 37 106 
65 152 69 83 66 0 86 0 27 0 17 128 28 34 27 0 104 0 17 0 0 75 0 22 0 
0 0 32 0 58 36 46 78 45 113 57 75 91 53 122 0 0 34 0 62 0 0 49 0 59 
0 0 18 0 206 0 0 16 0 203 0 0 35 0 185 0 0 29 0 203 0 0 28 0 203 
0 0 0 47 0 0 0 0 58 0 54 59 45 140 45 0 0 0 59 0 85 78 82 157 86 
114 0 0 122 0 143 0 0 142 0 146 0 0 122 0 130 0 0 136 0 114 1 0 138 0 
22 46 95 74 14 105 173 173 167 98 196 242 266 234 165 15 66 110 79 10 73 104 123 100 45 
117 128 123 117 224 0 0 0 0 75 0 0 0 0 76 25 23 32 22 106 0 0 0 0 81 
120 208 126 116 122 0 112 0 0 0 75 181 83 83 75 1 104 0 0 0 54 169 51 46 66 
150 144 83 87 88 84 50 0 0 0 95 51 4 6 8 72 53 0 0 0 76 59 0 0 0 
0 124 0 0 0 38 170 57 58 68 0 143 0 0 0 65 215 89 98 66 0 123 0 0 0 
0 0 0 0 0 0 0 0 0 0 0 0 0 0 0 0 0 0 0 0 457 418 453 436 403 
0 0 36 0 0 74 82 92 79 89 0 0 31 0 0 78 75 88 60 79 18 26 59 22 26 
8 15 16 17 52 0 0 0 0 36 80 79 71 69 99 0 0 0 0 33 68 98 78 76 105 
0 0 0 133 0 0 0 0 115 0 0 0 0 142 0 0 0 0 147 0 75 72 84 201 83 
0 78 0 39 81 0 69 0 40 81 0 63 0 42 98 2 65 0 40 85 20 87 25 61 122 
0 113 0 0 0 0 116 0 0 0 0 111 0 0 0 0 99 0 0 0 101 197 107 114 95 
0 20 0 0 4 84 79 78 67 74 76 64 74 63 74 0 9 0 10 0 118 145 119 138 119 
0 0 117 54 0 43 43 155 106 50 0 0 102 39 0 0 0 89 38 0 0 0 126 35 0 
59 0 0 0 0 126 62 61 75 69 98 20 18 19 14 131 47 46 51 41 58 0 0 0 0 
83 35 33 111 37 39 0 0 91 0 48 0 0 85 0 83 35 30 120 32 55 0 0 83 0 
0 0 18 29 0 0 0 0 29 0 101 99 76 118 96 0 0 0 29 0 0 0 35 25 0 
37 0 0 79 106 105 75 70 137 200 27 5 0 88 112 61 15 22 92 116 36 36 50 114 120 
3 7 49 100 7 0 0 46 76 0 48 32 104 118 48 30 38 67 117 35 0 0 49 83 0 
74 9 46 58 10 49 7 53 60 24 142 77 145 136 94 85 21 53 68 18 55 0 51 73 5 
43 0 70 0 63 41 0 62 0 56 27 0 74 0 81 108 59 125 68 124 31 0 62 0 60 
98 14 194 111 43 78 3 172 97 36 79 0 154 40 10 204 119 268 152 130 116 27 213 97 60 
7 82 167 28 139 154 206 354 148 280 39 119 201 49 200 0 42 174 0 126 110 159 266 108 240 
24 28 31 73 59 51 48 46 91 101 0 0 0 45 32 0 0 0 29 22 104 119 142 163 139 
25 35 0 115 0 47 58 0 123 0 101 80 51 161 69 31 50 0 127 0 48 38 0 95 0 
0 0 59 0 0 167 153 230 157 180 0 0 62 0 0 0 0 77 0 0 0 0 73 0 0 
16 12 0 0 93 18 2 0 0 86 73 96 68 64 171 29 20 16 18 101 117 154 144 147 200 
85 16 19 8 31 126 83 82 85 90 158 110 106 112 119 68 0 5 0 24 46 14 17 10 38 
18 92 65 15 29 0 80 62 5 6 0 67 39 0 18 0 71 47 5 11 43 116 93 38 76 
149 189 95 93 104 77 66 44 23 22 39 51 15 0 0 42 47 17 0 0 30 42 12 0 0 
85 100 18 22 17 66 61 1 0 0 62 77 23 0 22 72 92 47 43 53 96 90 51 30 39 
38 76 43 71 29 0 62 11 41 16 0 51 11 46 19 0 43 14 31 13 39 104 63 96 78 
0 0 71 33 14 0 0 46 41 2 0 0 52 41 6 45 64 150 111 71 56 55 110 99 74 
29 39 27 23 35 0 0 0 0 0 77 62 59 67 57 0 0 0 0 0 128 111 110 124 122 
39 30 33 30 38 0 0 14 0 0 0 0 18 0 0 46 40 74 51 45 108 87 122 120 107 
37 45 106 50 55 3 9 62 14 16 60 47 127 55 51 0 0 49 0 0 0 0 55 15 1 
0 0 180 32 0 0 0 141 23 0 19 20 156 37 18 0 0 166 23 0 0 0 161 23 0 
45 77 0 0 0 77 101 42 35 30 82 123 17 19 9 90 132 40 42 51 44 70 0 0 0 
103 143 89 70 74 15 51 0 0 0 91 141 74 57 62 37 74 29 16 18 25 67 0 0 0 
0 120 108 166 0 0 129 121 167 0 0 110 125 174 2 0 119 122 160 0 0 131 116 167 0 
22 0 0 206 0 10 0 0 133 0 154 110 138 277 118 12 0 0 181 0 34 0 1 153 1 
158 165 47 102 138 205 284 112 120 221 164 209 85 111 142 90 132 7 16 104 266 328 154 193 219 
72 193 140 90 102 6 52 74 17 3 32 84 109 34 31 28 95 78 15 27 0 62 58 0 0 
8 24 16 11 63 15 31 25 10 98 8 18 15 9 49 55 78 67 46 133 29 37 36 29 85 
772 565 625 483 558 532 242 337 225 244 505 331 349 227 339 378 184 172 113 135 562 375 461 377 351 
84 72 5 5 0 160 150 72 70 67 79 80 0 0 0 98 86 23 16 18 65 57 0 0 0 
147 305 116 118 132 240 366 133 239 187 97 274 77 108 52 34 188 9 23 0 91 223 67 80 40 
0 0 0 0 53 0 0 0 0 58 0 0 0 0 68 0 0 0 0 59 143 159 146 162 194 
72 0 30 0 6 135 17 60 34 32 132 56 99 50 61 156 90 137 69 89 137 32 57 33 28 
150 0 0 54 0 156 0 0 55 0 141 0 0 40 0 168 0 0 46 0 149 0 0 41 0 
139 110 133 195 107 32 0 73 91 3 53 29 93 113 44 31 0 79 61 12 31 0 69 62 0 
72 114 93 179 181 0 3 5 102 49 0 11 5 70 56 0 10 14 98 51 31 42 42 113 69 
136 109 94 65 10 205 198 154 119 117 126 114 95 56 25 247 234 214 158 133 156 185 140 52 59 
58 135 54 62 56 0 59 0 0 0 6 82 3 3 4 0 65 0 0 0 83 159 63 80 67 
0 0 0 21 0 0 0 0 20 0 0 0 0 19 0 0 0 0 24 0 181 186 215 225 222 
18 0 0 0 34 72 86 75 65 94 0 0 0 0 38 0 1 0 1 40 27 2 0 0 31 
61 2 54 115 100 30 3 34 112 90 70 23 59 137 108 19 0 33 87 86 126 84 126 212 221 
0 90 72 0 98 0 95 80 0 101 0 124 60 0 80 0 87 87 0 88 0 117 79 0 96 
72 34 83 63 57 103 81 134 87 79 30 27 57 34 17 82 74 149 106 76 9 0 45 0 0 
90 0 0 0 61 69 0 0 0 50 91 0 0 0 60 69 0 0 0 51 185 96 86 105 155 
94 144 24 148 129 68 169 13 135 168 46 104 3 129 84 231 296 175 252 234 126 252 138 207 197 
95 108 94 98 70 4 27 35 8 5 0 3 35 0 0 75 72 96 59 56 22 19 59 27 15 
0 0 0 144 35 0 0 0 163 28 28 29 16 159 52 0 0 0 153 34 0 0 0 139 38 
0 0 0 158 14 166 150 144 372 192 2 0 0 188 20 131 137 129 293 127 0 0 0 150 11 
26 132 175 176 41 14 76 119 174 17 68 122 175 174 49 52 177 150 262 88 92 134 194 242 74 
0 0 0 1275 0 0 2 0 1282 0 0 0 0 1293 0 0 0 0 1347 0 0 0 0 1307 0 
195 0 0 0 0 196 13 17 16 20 178 0 0 0 0 196 0 0 0 0 166 0 0 0 0 
92 0 0 0 0 117 0 0 0 0 122 0 0 0 0 102 0 0 0 0 206 88 85 89 99 
147 18 49 22 17 115 0 15 0 0 217 58 66 57 63 193 103 152 122 92 159 69 67 64 51 
0 33 0 0 0 0 34 0 0 0 0 0 0 0 0 35 47 20 40 56 0 6 0 0 0 
82 116 165 116 107 0 0 58 0 0 0 0 87 0 0 0 0 75 0 0 224 217 283 230 240 
1 17 1 75 223 125 127 119 226 341 2 25 1 80 254 0 13 0 92 257 126 142 117 183 312 
6 20 84 3 216 0 1 57 4 169 118 104 177 122 281 137 143 209 161 334 1 0 72 0 182 
114 298 313 233 76 163 259 315 222 91 145 290 322 227 118 75 188 241 147 15 37 200 240 152 14 
109 0 0 8 0 92 0 0 0 0 115 0 0 0 0 111 0 0 0 0 139 16 26 34 33 
0 0 203 0 39 0 0 232 0 35 0 0 205 0 25 0 0 190 0 24 0 0 183 0 33 
0 0 54 68 0 78 56 120 104 67 0 0 44 40 0 72 64 119 94 46 52 34 99 87 33 
52 82 50 45 74 0 56 1 0 28 43 78 40 34 64 1 28 0 0 23 0 56 0 0 28 
616 626 645 694 621 0 0 0 0 0 0 0 0 0 0 0 0 0 0 0 0 0 0 0 0 
55 0 0 0 0 62 0 0 0 0 64 0 0 0 0 202 132 145 145 141 52 0 0 0 0 
0 0 0 37 0 80 68 49 107 64 0 0 0 25 0 49 49 69 93 58 45 49 45 105 39 
