783 806 702 640 767 1061 1153 1040 903 1026 632 716 656 572 782 997 1015 932 886 1039 589 564 518 405 581 
210 160 198 192 179 0 0 0 0 0 135 102 137 118 129 0 0 0 0 0 0 0 0 0 0 
135 66 34 206 276 75 0 2 174 164 167 60 31 231 227 57 0 0 130 158 63 0 0 138 137 
152 1 134 185 167 240 96 268 255 271 313 157 299 335 345 256 86 200 263 270 143 0 149 230 191 
177 53 129 184 52 131 0 59 113 0 142 27 84 104 30 117 0 49 114 0 282 151 250 299 163 
118 8 25 0 96 92 7 19 0 109 199 87 117 86 181 155 68 98 60 138 232 111 128 108 250 
0 0 0 0 0 0 0 0 0 0 1051 1054 1000 1026 1075 0 0 0 0 0 0 0 0 0 0 
0 0 0 248 0 0 0 3 234 0 105 103 97 355 113 110 100 84 380 117 0 0 0 229 0 
13 9 14 201 6 0 0 0 203 0 42 46 39 200 31 0 0 0 171 0 3 4 3 180 3 
0 0 0 0 0 0 0 0 0 0 0 0 0 0 0 62 62 68 67 87 173 159 158 184 156 
74 89 66 55 163 0 14 0 0 98 0 3 0 0 108 0 4 0 0 116 81 79 89 73 165 
174 169 211 194 198 0 0 0 0 0 0 0 0 0 0 0 0 0 0 0 96 88 95 88 103 
0 0 0 0 0 0 0 0 0 0 0 0 0 0 0 428 433 417 404 413 192 177 179 184 203 
0 199 0 0 82 0 165 0 0 96 87 294 124 103 171 0 181 0 0 92 0 213 0 0 77 
816 0 0 0 0 815 0 0 0 0 794 0 0 0 0 834 0 0 0 0 842 0 0 0 0 
80 50 211 143 165 59 19 189 157 147 116 112 245 210 191 190 177 350 300 287 153 104 251 222 278 
62 105 67 118 62 46 62 51 94 56 0 34 0 39 0 32 76 41 72 37 0 32 0 35 0 
35 7 13 11 17 140 88 106 100 117 27 0 0 0 16 27 0 0 0 19 117 116 100 94 136 
0 0 149 0 0 0 0 145 0 0 0 0 152 0 0 166 144 278 133 146 0 0 155 0 0 
0 91 49 58 0 0 102 55 64 0 50 126 115 141 52 0 103 72 79 4 0 105 76 59 0 
0 1 0 3 148 144 117 132 148 268 134 134 111 124 211 0 3 0 0 114 89 86 98 82 202 
0 0 0 0 0 0 0 0 0 0 0 0 0 0 0 1039 1095 1118 1094 1031 0 0 0 0 0 
0 18 52 139 0 0 20 58 125 0 0 21 50 156 0 0 18 52 150 0 0 15 54 160 0 
70 53 0 0 0 99 81 22 16 15 149 98 40 37 36 102 72 0 0 0 113 109 25 23 31 
89 134 89 180 162 8 57 19 82 80 6 49 24 77 96 0 50 0 59 62 0 42 1 68 74 
126 129 155 78 19 112 145 220 112 10 320 301 363 332 229 120 107 147 85 2 295 238 326 257 154 
89 20 22 102 21 77 0 0 118 0 220 154 140 228 130 75 0 0 99 1 117 48 46 173 38 
130 108 49 45 46 151 109 56 69 43 62 57 13 0 0 99 84 19 18 16 89 59 11 0 0 
0 0 206 84 0 0 0 210 69 0 0 0 275 72 0 0 0 227 57 0 0 0 199 66 0 
116 158 166 113 100 0 51 74 0 0 0 55 57 1 0 37 67 96 32 34 1 43 97 0 0 
67 54 73 70 68 105 125 108 115 103 25 42 44 36 41 0 0 0 0 0 0 0 0 0 0 
0 0 0 171 0 0 0 0 183 0 234 241 229 422 256 0 0 0 180 0 0 0 0 173 0 
0 0 0 0 0 160 159 189 133 158 0 0 0 0 0 0 0 0 0 0 80 67 73 70 86 
136 4 10 89 56 160 59 56 149 128 269 86 84 188 187 102 0 0 78 48 232 101 103 189 145 
0 86 0 0 0 0 83 0 0 0 0 65 0 0 0 112 159 82 126 85 50 140 44 46 47 
0 0 94 0 0 84 85 174 104 104 0 0 92 0 0 6 9 97 3 8 14 12 81 9 15 
260 231 201 269 108 126 97 72 114 0 86 85 56 99 0 285 263 168 300 124 149 133 75 150 0 
0 0 0 0 0 36 40 33 20 23 0 0 0 0 0 69 81 77 77 113 117 113 106 112 138 
0 228 0 205 0 0 184 0 198 0 8 207 7 200 7 0 190 0 197 0 0 200 0 204 0 
0 42 0 124 0 0 52 0 141 0 0 47 0 133 0 60 142 73 204 64 0 59 0 128 0 
0 0 0 0 77 85 72 82 62 136 95 83 78 80 130 0 0 0 0 78 0 0 0 0 79 
81 315 353 62 232 17 221 260 8 179 76 284 366 65 244 118 347 352 110 265 215 381 414 179 328 
0 48 34 0 83 22 63 47 12 92 29 85 89 39 86 0 60 27 0 74 0 66 27 0 76 
123 100 124 128 128 16 0 0 41 0 13 0 0 45 0 19 0 0 46 0 89 68 61 112 76 
87 0 77 0 0 94 0 81 0 0 166 64 134 67 61 128 19 95 21 13 81 0 87 0 0 
0 18 85 0 108 0 12 79 0 120 0 18 82 0 117 0 18 95 0 153 0 16 73 0 118 
21 56 149 90 27 55 73 172 120 67 0 39 123 42 0 54 80 171 116 46 0 26 110 65 0 
0 78 0 0 0 0 82 0 0 0 129 245 128 147 135 0 97 0 1 0 16 94 23 29 31 
0 0 0 86 0 68 84 60 142 92 0 0 0 81 0 0 0 0 93 0 86 77 62 183 75 
69 0 115 62 0 64 0 137 61 0 79 0 116 63 0 63 0 124 65 0 52 0 130 51 0 
80 48 0 31 0 110 79 16 50 27 104 97 0 29 0 119 56 0 46 0 95 62 0 37 0 
0 0 0 0 28 203 182 194 200 209 0 0 0 0 33 0 0 0 0 32 0 0 0 0 33 
119 56 74 157 99 79 47 64 125 89 35 0 0 65 11 44 0 0 64 14 52 15 8 76 32 
32 65 11 6 11 25 54 0 0 0 31 85 0 0 0 151 202 147 151 150 34 90 0 0 0 
0 0 0 21 0 189 171 198 200 164 0 0 0 23 0 0 0 0 22 0 0 0 0 19 0 
71 79 133 138 89 0 0 52 63 0 0 0 74 60 0 0 0 67 53 0 0 0 59 62 0 
63 57 58 48 68 41 0 0 0 11 76 62 48 48 72 30 0 0 0 22 92 49 45 49 60 
0 0 25 0 69 9 6 36 12 89 0 0 34 0 69 10 7 39 7 94 79 74 111 63 150 
55 105 137 64 70 28 79 95 26 26 0 32 70 0 0 0 37 71 0 0 0 39 66 0 0 
0 0 121 0 0 0 0 97 0 0 81 123 219 122 107 0 0 93 0 0 0 0 113 0 0 
114 125 39 62 148 49 45 0 0 95 50 61 0 0 69 48 48 0 0 76 65 46 0 0 87 
0 51 0 23 39 60 125 59 83 98 0 65 0 29 41 0 58 0 42 44 28 73 26 54 67 
9 6 99 5 12 0 0 87 0 0 0 0 83 0 0 36 39 120 25 29 75 77 150 54 85 
0 0 0 51 74 90 83 63 120 166 0 0 0 50 73 0 0 0 36 84 0 0 0 47 73 
107 188 93 88 93 27 128 0 0 0 32 136 8 11 10 25 92 0 0 0 25 93 3 3 0 
62 30 97 24 96 14 0 42 3 64 19 0 44 0 77 16 0 49 0 62 0 0 40 0 67 
56 7 4 0 1 63 0 4 0 0 65 50 42 38 68 87 44 25 16 22 179 113 117 139 109 
51 34 118 48 50 26 0 81 0 0 19 0 77 0 0 18 0 70 0 0 63 39 114 32 37 
0 62 63 0 0 0 64 51 0 0 21 104 75 21 20 32 109 62 40 42 0 62 51 0 0 
23 0 81 0 35 55 43 116 39 75 21 0 73 0 23 20 1 73 0 18 30 0 93 0 20 
0 2106 0 0 0 0 2176 0 0 0 0 2060 0 0 0 0 2118 0 0 0 0 2047 0 0 0 
20 115 122 11 11 85 220 180 68 59 0 129 107 2 0 26 172 124 72 33 0 125 83 0 0 
75 108 96 0 0 56 130 125 0 0 82 141 131 0 0 89 133 116 0 0 66 123 119 0 0 
1 94 0 120 0 111 192 73 222 96 81 145 39 172 59 0 85 0 128 0 0 103 0 120 0 
0 0 0 0 0 1289 1239 1246 1208 1268 0 0 0 0 0 0 0 0 0 0 0 0 0 0 0 
0 0 80 125 0 0 0 75 106 0 0 0 81 127 0 0 0 81 125 0 0 0 72 128 0 
161 68 59 99 51 168 66 59 108 65 96 0 0 47 0 89 0 0 40 0 98 0 0 54 0 
0 141 0 0 103 0 176 0 0 80 0 193 0 0 106 0 161 0 0 86 0 169 0 0 130 
120 215 125 209 87 48 118 16 92 0 239 363 206 298 120 118 206 81 169 24 168 281 213 252 113 
104 80 295 299 84 0 0 201 203 0 98 103 283 310 85 0 0 175 181 3 26 13 212 182 21 
127 112 123 144 247 12 20 2 3 162 8 8 9 4 155 214 220 173 172 342 212 257 248 221 379 
0 65 0 0 0 0 59 0 0 0 0 69 0 0 0 11 67 6 7 5 163 210 172 151 164 
89 36 48 33 73 72 4 23 0 61 77 7 28 0 45 108 9 31 0 60 204 144 132 139 196 
202 66 0 95 0 205 61 0 99 0 202 46 0 101 0 191 61 0 108 0 203 52 0 107 0 
0 0 1454 0 0 0 0 1474 0 0 0 0 1369 0 0 0 0 1491 0 0 0 0 1433 0 0 
82 11 14 55 31 137 89 81 119 86 112 75 73 99 99 73 31 26 79 42 57 1 2 34 14 
118 139 153 96 201 0 0 8 0 48 62 76 72 63 117 0 0 20 0 55 0 0 13 0 61 
44 80 0 92 0 139 183 99 190 81 100 123 80 173 76 59 72 0 87 0 32 67 0 95 0 
63 71 61 70 101 65 68 51 55 78 0 20 0 0 39 0 17 0 0 25 45 63 45 40 73 
0 70 0 0 0 31 135 32 34 28 35 137 32 35 34 27 126 24 25 31 37 120 39 33 50 
33 11 41 34 0 103 71 112 112 63 43 21 46 37 0 47 9 43 35 0 41 20 37 39 0 
138 0 0 0 0 120 0 0 0 0 192 76 92 95 93 110 0 0 0 0 124 0 0 0 0 
0 0 0 0 837 0 0 0 0 814 0 0 0 0 854 0 0 0 0 850 0 0 0 0 789 
132 125 0 179 77 119 136 0 186 93 173 191 36 228 110 117 119 7 152 95 133 159 0 216 83 
130 0 0 0 0 259 96 93 84 75 157 0 0 0 0 147 0 0 0 0 148 0 0 0 0 
0 0 0 0 0 73 55 73 64 70 0 0 0 0 0 144 117 139 141 138 0 0 0 0 0 
0 22 0 143 0 32 55 46 186 32 0 19 0 132 0 0 16 0 136 0 0 20 0 160 0 
134 51 102 84 143 94 0 70 25 46 103 13 93 57 63 189 108 171 96 157 79 0 45 31 44 
43 48 55 128 106 28 22 31 81 74 0 0 0 77 55 0 0 0 48 50 6 10 9 75 53 
0 8 72 0 0 86 104 190 91 89 0 11 81 1 0 72 89 179 63 72 0 8 66 1 0 
201 10 183 0 0 203 2 168 0 0 202 0 178 0 1 166 0 181 0 0 210 21 182 6 9 
347 136 388 149 243 384 156 402 173 263 397 174 430 230 284 250 32 243 80 145 264 75 306 40 154 
65 152 69 83 66 0 86 0 27 0 17 128 28 34 27 0 104 0 17 0 0 75 0 22 0 
0 0 32 0 58 33 46 78 44 113 55 74 89 53 121 0 0 33 0 61 0 0 49 0 58 
0 0 18 0 199 0 0 17 0 191 0 0 31 0 181 0 0 27 0 196 0 0 24 0 199 
0 0 0 55 0 0 0 0 63 0 63 67 48 158 53 0 0 0 62 0 94 85 88 172 100 
101 0 0 120 0 148 0 0 133 0 114 0 0 103 0 117 0 0 135 0 121 0 0 138 0 
0 26 79 70 0 96 162 161 194 117 166 192 228 231 147 26 65 106 110 13 66 88 123 138 44 
117 136 126 118 235 0 0 0 0 77 0 0 0 0 78 23 23 29 22 110 0 0 0 0 80 
144 238 145 136 144 0 127 0 0 0 93 203 93 91 91 2 123 3 0 2 96 230 82 63 80 
140 128 77 80 80 78 45 0 0 0 87 47 4 4 8 67 48 0 0 0 71 57 0 0 0 
0 123 0 0 0 40 183 58 65 75 0 138 0 0 0 72 215 92 93 75 0 121 0 0 0 
0 0 0 0 0 0 0 0 0 0 0 0 0 0 0 0 0 0 0 0 443 414 445 433 390 
0 0 37 0 0 73 79 92 75 87 0 0 31 0 0 77 75 85 59 79 18 25 58 22 26 
10 17 18 16 55 0 0 0 0 37 86 91 81 77 106 0 0 0 0 35 76 115 84 89 118 
0 0 0 140 0 0 0 0 131 0 0 0 0 144 0 0 0 0 152 0 82 80 80 217 88 
0 65 0 33 72 0 62 0 37 75 0 55 0 35 91 2 56 0 32 73 19 76 25 56 113 
0 117 0 0 0 0 111 0 0 0 0 116 0 0 0 0 101 0 0 0 103 193 108 107 98 
0 30 0 25 0 80 90 83 64 81 69 72 68 69 63 0 8 0 0 0 121 135 121 140 117 
0 0 117 55 0 43 45 155 106 50 0 0 102 39 0 0 0 89 38 0 0 0 126 35 0 
58 0 0 0 0 126 62 61 76 69 99 20 18 19 15 131 43 45 52 41 58 0 0 0 0 
83 35 33 111 36 39 0 0 91 0 48 0 0 85 0 83 35 30 120 32 55 0 0 83 0 
0 0 1 18 0 0 0 0 29 0 100 97 66 112 97 0 0 0 37 0 0 0 14 22 0 
37 0 0 91 125 98 76 85 145 211 29 4 3 90 118 57 28 48 93 126 38 35 54 94 130 
1 6 47 95 6 0 0 45 71 0 46 28 99 111 45 27 37 66 108 32 0 0 45 75 0 
71 7 57 65 12 52 4 45 56 25 153 89 140 155 115 87 26 55 66 16 70 0 53 57 0 
47 0 66 0 68 51 0 66 0 57 33 0 83 0 81 109 65 133 71 125 34 0 68 0 65 
93 24 187 94 36 68 0 178 80 15 48 0 153 28 3 213 83 259 159 133 115 14 194 82 47 
17 91 165 30 137 129 200 309 124 272 35 103 209 56 169 0 41 175 5 126 84 151 237 104 228 
24 23 26 70 62 43 40 45 89 86 0 0 0 35 36 0 0 0 25 19 91 103 105 141 122 
22 44 0 117 0 37 55 0 152 0 111 100 63 186 80 38 52 0 149 0 59 35 0 97 0 
0 0 58 0 0 167 151 214 156 181 0 0 63 0 0 0 0 72 0 0 0 0 72 0 0 
15 11 0 0 85 17 1 0 0 85 92 80 60 60 172 25 22 20 22 106 123 156 124 144 201 
76 16 2 0 27 123 79 82 81 91 149 108 108 97 118 63 0 1 0 17 41 10 7 0 35 
17 98 68 17 30 0 82 66 3 8 0 71 41 0 19 0 76 52 3 12 47 127 104 42 83 
153 199 100 107 106 79 71 50 20 20 41 55 16 0 0 41 52 15 0 0 36 44 15 0 0 
75 84 17 21 22 54 48 2 0 3 62 75 16 11 17 80 80 40 42 51 85 86 50 33 48 
38 76 43 71 29 0 62 10 42 16 2 51 10 46 19 0 43 14 30 13 39 104 64 97 78 
0 0 55 23 7 0 0 45 35 1 0 0 44 36 4 42 52 122 92 59 53 50 100 91 60 
29 38 26 22 31 0 0 0 0 0 71 59 57 62 55 0 0 0 0 0 120 107 99 114 110 
39 29 33 31 38 0 0 14 0 0 0 0 18 0 0 46 40 74 51 45 108 86 121 120 107 
39 44 110 55 54 2 0 61 13 0 60 49 132 61 44 0 0 53 5 0 0 2 59 21 0 
0 0 168 32 0 0 0 130 23 0 18 20 147 37 18 0 0 155 23 0 0 0 157 23 0 
52 96 0 0 0 82 108 47 35 38 92 136 19 15 11 92 148 43 43 48 50 86 0 0 0 
107 128 78 58 72 10 53 0 0 0 92 146 70 61 59 49 78 29 15 14 29 63 0 0 0 
0 122 110 166 0 0 127 119 170 0 0 109 123 168 3 0 119 117 167 0 0 129 122 173 1 
19 0 0 198 0 10 0 0 142 0 135 103 126 274 112 18 0 0 157 0 27 1 0 140 1 
124 157 26 91 109 162 218 79 103 159 155 195 74 106 138 97 113 21 40 81 258 272 153 207 230 
71 200 135 89 109 9 49 72 12 3 43 94 118 46 33 22 74 66 18 26 0 67 51 0 0 
8 27 16 13 66 16 33 26 13 106 10 21 17 11 54 63 81 69 47 146 32 38 40 31 96 
663 493 525 397 449 459 233 274 211 224 453 268 314 217 271 319 142 162 75 119 506 310 324 314 304 
107 73 2 6 1 180 171 71 79 73 75 88 0 0 0 93 93 24 21 24 69 67 0 0 0 
178 333 159 147 153 259 379 147 248 197 122 279 78 163 60 35 200 0 44 0 97 255 74 102 51 
0 0 0 0 55 0 0 0 0 68 0 0 0 0 80 0 0 0 0 64 160 186 170 184 218 
77 0 33 0 17 122 18 63 37 34 132 50 95 51 56 142 69 126 58 86 120 25 52 18 33 
149 0 0 50 0 148 0 0 53 0 140 0 0 39 0 168 0 0 44 0 147 0 0 35 0 
133 110 128 231 108 47 0 68 132 0 49 24 92 162 68 37 7 85 95 26 55 0 69 97 1 
76 130 94 203 182 0 9 5 110 49 0 15 8 73 67 0 15 14 125 60 35 45 40 130 67 
103 83 80 101 11 178 168 160 154 122 83 73 85 84 21 251 199 226 166 124 155 135 174 104 87 
58 129 50 57 53 0 55 0 0 0 6 80 3 5 4 0 64 0 0 0 76 154 62 76 65 
0 0 0 18 0 0 1 0 20 0 0 0 0 21 0 0 0 0 19 0 183 191 214 227 219 
30 0 0 4 36 84 83 77 80 98 29 0 0 10 36 10 0 0 0 38 24 0 0 0 32 
54 3 44 79 81 17 1 33 93 78 60 23 48 125 112 18 0 35 87 85 116 79 120 198 199 
0 79 68 0 79 0 81 80 0 88 0 102 54 0 61 0 77 76 0 80 0 102 78 0 80 
59 26 61 45 37 84 65 107 64 70 26 19 39 26 11 63 49 116 80 55 11 0 35 0 0 
87 0 0 0 51 66 0 0 0 50 88 0 0 0 60 70 0 0 0 52 181 89 80 100 148 
91 164 18 144 115 80 175 6 159 132 53 122 0 120 65 201 283 174 275 239 124 239 120 192 159 
90 104 114 87 85 11 39 43 13 11 0 15 50 0 0 74 76 97 61 55 24 31 60 22 16 
0 0 0 150 41 0 0 0 162 28 28 29 17 166 54 0 0 0 162 36 0 0 0 144 43 
0 0 0 155 14 165 143 141 355 188 2 0 0 182 18 132 130 133 288 121 0 0 0 140 7 
49 163 170 208 79 42 117 145 173 30 87 162 164 221 86 77 215 181 268 99 90 162 185 230 89 
0 0 0 1286 0 0 2 0 1304 0 0 0 0 1311 0 0 1 1 1377 0 0 0 0 1338 0 
195 0 0 0 0 197 13 18 17 20 178 0 0 0 0 196 0 0 0 0 166 0 0 0 0 
92 0 0 0 0 117 0 0 0 0 122 0 0 0 0 102 0 0 0 0 206 88 85 89 99 
184 19 69 33 19 144 0 18 1 0 262 76 102 83 77 284 152 204 165 150 198 86 100 81 58 
3 23 0 0 0 0 36 0 0 1 0 0 0 0 0 0 3 0 0 9 0 0 0 0 0 
58 86 151 112 97 0 0 48 0 0 0 0 68 0 0 0 0 62 0 0 183 222 257 212 239 
3 5 1 77 208 116 131 116 199 357 0 29 0 85 259 0 16 2 86 251 122 146 116 177 313 
10 18 59 16 238 3 2 65 9 180 121 103 171 116 279 145 139 213 177 355 3 2 54 0 190 
135 306 299 221 87 146 262 307 185 67 136 266 300 165 86 80 214 278 114 22 53 223 245 119 15 
95 0 0 13 0 83 0 0 1 0 99 0 0 0 0 100 0 0 0 0 122 15 23 12 29 
0 0 209 0 38 0 0 241 0 34 0 0 220 0 27 0 0 198 0 29 0 0 201 0 31 
0 0 43 50 0 63 47 90 86 54 0 0 35 31 0 50 43 89 72 42 36 28 70 65 25 
60 81 44 48 73 1 61 0 0 31 39 81 37 36 58 5 40 0 0 36 0 66 3 12 36 
0 0 0 37 0 80 68 54 106 57 0 0 0 25 0 52 49 63 98 56 41 48 43 97 41 
605 605 631 659 614 0 0 0 0 0 0 0 0 0 0 0 0 0 0 0 0 0 0 0 0 
55 0 0 0 0 62 0 0 0 0 64 0 0 0 0 202 133 145 146 141 52 0 0 0 0 
