877 796 679 653 856 1072 1155 1035 1041 1064 699 715 606 622 737 957 1006 909 927 988 586 554 445 458 561 
212 163 192 190 170 0 0 0 0 0 134 91 130 111 115 0 0 0 0 0 0 0 0 0 0 
152 65 26 209 203 87 0 0 156 153 150 89 32 251 250 58 0 0 91 193 69 0 0 142 146 
113 0 110 118 130 211 51 214 202 213 255 113 264 278 298 215 30 164 188 215 137 0 117 177 162 
167 67 103 167 56 128 10 74 108 0 124 31 76 124 14 130 0 49 118 0 273 160 239 298 172 
90 7 12 0 88 81 6 0 0 103 171 86 88 74 158 133 65 72 49 127 207 99 118 100 232 
0 0 0 0 0 0 0 0 0 0 1027 1036 982 1015 1061 0 0 0 0 0 0 0 0 0 0 
0 0 0 309 0 1 0 2 283 0 127 127 128 434 122 143 129 117 444 156 0 0 0 271 0 
14 10 14 188 6 0 0 0 195 0 43 49 39 191 29 0 0 0 154 0 4 5 3 193 5 
0 0 0 0 0 0 0 0 0 0 0 0 0 0 0 64 71 70 69 85 191 162 157 208 168 
72 113 65 62 185 0 18 0 1 115 0 3 0 0 110 0 6 0 0 110 78 93 73 74 164 
140 144 148 156 150 0 0 0 0 0 0 0 0 0 0 0 0 0 0 0 83 76 67 61 79 
0 0 0 0 0 0 0 0 0 0 0 0 0 0 0 442 444 429 414 429 197 185 188 195 211 
0 193 0 0 81 0 155 0 0 98 121 316 148 130 207 0 171 0 0 91 0 209 0 0 75 
814 0 0 0 0 814 0 0 0 0 800 0 0 0 0 835 0 0 0 0 836 0 0 0 0 
7 5 235 171 186 47 31 234 200 226 113 131 279 238 243 204 210 406 362 355 133 114 313 264 307 
61 105 70 120 63 48 67 49 87 55 0 34 0 41 0 37 72 38 70 33 0 34 0 33 0 
35 7 13 7 23 126 89 100 99 105 30 0 0 0 19 24 0 0 0 17 123 103 95 102 145 
0 0 140 0 0 0 0 128 0 0 0 0 149 0 0 143 119 237 111 119 0 0 143 0 0 
0 68 44 47 0 0 81 46 45 0 36 97 92 102 36 0 72 51 48 0 0 73 55 42 0 
0 2 0 4 147 156 111 116 145 269 135 122 112 129 224 0 1 0 0 119 88 85 101 85 208 
0 0 0 0 0 0 0 0 0 0 0 0 0 0 0 1033 1119 1114 1068 1026 0 0 0 0 0 
0 20 53 133 0 0 17 55 120 0 0 18 48 145 0 0 19 50 144 0 0 15 52 146 0 
69 53 0 0 0 86 76 19 15 13 145 91 39 38 30 93 65 0 0 0 100 94 23 24 29 
83 141 91 180 158 12 52 24 72 78 18 53 27 88 98 0 45 2 62 84 0 38 0 68 79 
112 129 123 87 0 117 145 210 104 1 318 310 357 325 222 145 131 154 91 0 315 234 336 262 148 
87 18 26 110 31 74 0 0 118 0 218 151 139 228 132 78 1 2 106 7 119 51 50 175 45 
118 91 42 52 32 146 98 50 57 31 52 50 15 0 0 94 71 18 11 14 85 51 10 0 0 
0 0 147 61 0 0 0 164 57 0 0 0 195 56 0 0 0 180 50 0 0 0 151 46 0 
127 163 170 123 103 0 52 76 0 0 0 51 63 0 0 37 66 95 31 37 0 41 102 0 0 
67 54 73 68 62 101 119 108 117 104 23 44 43 39 38 0 0 0 0 0 0 0 0 0 0 
0 0 0 165 0 0 0 0 175 0 231 235 222 409 243 0 0 0 170 0 0 0 0 155 0 
0 0 0 0 0 161 150 189 146 149 0 0 0 0 0 0 0 0 0 0 74 60 76 72 89 
106 1 5 67 41 139 42 49 112 98 213 73 95 153 150 81 0 0 70 38 206 69 78 137 114 
0 102 0 0 0 0 103 0 0 0 0 78 0 0 0 119 188 104 141 98 56 150 49 64 58 
0 0 107 0 0 96 95 205 122 115 0 0 103 0 0 8 9 109 5 8 14 13 95 12 17 
263 234 205 269 123 122 82 85 121 0 81 104 64 92 0 284 272 172 277 119 149 137 103 147 0 
0 0 0 0 0 34 39 32 22 24 0 0 0 0 0 70 76 81 73 98 105 105 118 114 145 
0 233 0 215 0 0 190 0 202 0 8 213 6 206 6 0 194 0 200 0 0 207 0 216 0 
0 48 0 123 0 0 53 0 147 1 0 51 0 146 0 68 150 71 222 86 0 64 0 145 0 
0 0 0 0 72 81 68 71 60 137 85 77 75 80 124 0 0 0 0 77 0 0 0 0 80 
113 330 366 57 268 30 230 270 2 171 102 321 383 74 266 138 354 365 107 274 228 406 427 176 346 
0 45 33 0 79 19 60 45 13 88 28 81 86 38 79 0 59 25 0 64 0 61 27 0 68 
122 114 121 130 136 13 0 0 44 0 13 0 0 40 0 20 0 0 60 0 93 76 76 130 94 
69 0 65 0 0 63 0 75 0 0 113 53 107 48 50 99 16 78 13 12 66 0 73 0 0 
0 18 81 0 96 0 12 69 0 107 0 16 74 0 106 0 14 91 0 133 0 13 69 0 101 
20 68 155 101 31 63 83 168 123 65 0 37 121 42 0 42 83 166 125 57 0 27 112 65 0 
0 67 0 0 0 0 82 0 0 0 122 248 129 145 135 0 103 0 0 0 18 90 20 29 30 
0 0 0 71 0 61 64 51 123 81 0 0 0 70 0 0 0 0 79 0 71 63 57 147 61 
49 0 93 48 0 58 0 113 58 0 59 0 93 53 0 47 0 104 55 0 44 0 98 46 0 
93 59 0 32 0 122 90 18 61 27 100 95 0 28 0 132 60 0 43 0 107 67 0 40 0 
0 0 0 0 24 196 194 206 213 225 0 0 0 0 34 0 0 0 0 35 0 0 0 0 39 
121 56 72 142 100 77 47 56 131 92 35 0 0 72 11 45 0 0 61 15 47 13 6 85 37 
31 76 11 7 12 22 63 0 0 0 21 95 0 0 0 156 213 155 146 136 29 94 0 0 0 
0 0 0 21 0 186 170 197 198 164 0 0 0 23 0 0 0 0 22 0 0 0 0 19 0 
71 79 133 138 89 0 0 52 65 0 0 0 74 60 0 0 0 67 53 0 0 0 59 62 0 
63 57 59 48 68 40 0 0 0 11 75 62 48 48 72 29 0 0 0 22 92 50 44 49 61 
0 0 25 0 72 9 6 38 11 91 0 0 34 0 73 10 7 44 8 98 84 77 117 65 157 
585 586 605 638 586 0 0 0 0 0 0 0 0 0 0 0 0 0 0 0 0 0 0 0 0 
63 118 157 83 77 32 88 106 28 28 0 34 76 0 0 0 37 79 0 0 0 45 74 0 0 
0 0 128 0 0 0 0 102 0 0 86 121 232 115 115 0 0 93 0 0 0 0 122 0 0 
113 126 43 59 158 45 47 0 0 96 49 58 0 0 76 46 44 0 0 78 65 49 0 0 99 
0 49 0 23 36 59 114 56 78 94 0 59 0 27 38 0 55 0 39 40 26 65 22 52 63 
9 7 99 5 12 0 0 87 0 0 0 0 83 0 0 36 39 120 27 29 75 78 150 59 85 
0 0 0 56 81 106 91 74 140 186 0 0 0 55 79 0 0 0 42 100 0 0 0 54 80 
110 201 99 91 104 25 132 0 0 0 31 134 10 5 12 26 86 0 0 0 25 97 2 0 0 
62 29 98 37 103 16 0 41 4 65 16 0 40 0 76 19 0 50 11 60 12 0 34 3 71 
42 8 23 0 8 37 0 29 0 0 52 41 64 38 49 96 47 66 33 35 136 110 117 132 102 
42 19 104 32 24 21 0 74 0 0 9 0 66 0 0 18 0 64 0 0 4 0 72 0 0 
0 0 28 15 18 0 1 0 2 0 0 10 0 0 0 2 0 1 0 0 7 0 0 0 0 
0 61 63 0 0 0 63 43 7 0 21 103 74 21 21 32 104 61 40 42 0 61 52 0 0 
22 0 86 0 39 59 43 123 39 72 23 0 79 0 18 29 6 87 0 24 26 0 98 0 20 
0 2122 0 0 0 0 2230 0 0 0 0 2088 0 0 0 0 2150 0 0 0 0 2098 0 0 0 
18 102 101 8 2 69 165 176 67 64 1 95 77 2 0 32 152 102 70 41 6 96 92 1 0 
90 150 122 0 0 63 182 137 0 0 95 175 149 1 0 90 159 155 0 0 83 150 160 0 0 
0 87 0 99 0 86 167 77 170 82 74 139 47 162 46 0 75 0 100 0 0 110 0 92 0 
0 0 0 0 0 1278 1226 1237 1197 1255 0 0 0 0 0 0 0 0 0 0 0 0 0 0 0 
0 0 93 143 0 0 0 78 120 0 0 0 90 148 0 0 0 91 143 0 0 0 79 146 0 
130 45 49 83 38 130 52 51 98 58 82 0 0 38 0 78 0 0 35 0 76 0 0 42 0 
0 119 0 0 75 0 134 0 0 66 0 145 0 0 81 0 127 0 0 64 0 129 0 0 94 
178 252 164 269 117 127 175 18 150 1 307 378 237 384 172 131 237 80 217 53 204 287 247 292 139 
113 98 324 323 98 0 0 221 221 8 109 102 300 328 97 0 0 187 202 5 2 6 216 237 28 
141 112 113 160 252 8 24 4 19 162 12 15 6 20 162 221 199 160 190 339 220 237 226 218 377 
0 69 0 0 0 0 55 0 0 0 0 63 0 0 0 9 64 4 9 3 162 205 169 134 160 
50 24 40 12 48 43 18 30 0 50 41 15 36 0 36 76 12 31 0 50 119 124 109 91 132 
201 68 0 100 0 204 66 0 103 0 204 55 0 103 0 186 59 0 105 0 200 58 0 114 0 
55 0 0 0 0 62 0 0 0 0 64 0 0 0 0 202 133 145 146 141 52 0 0 0 0 
0 0 1459 0 0 0 0 1473 0 0 0 0 1359 0 0 0 0 1472 0 0 0 0 1456 0 0 
95 4 10 54 30 130 72 61 120 92 117 65 71 98 97 79 30 33 100 38 76 0 1 40 11 
133 144 142 103 198 0 0 11 0 49 68 79 90 78 133 0 0 17 0 55 0 0 12 0 62 
50 85 0 128 0 129 189 98 227 81 121 143 98 235 97 48 86 0 124 0 36 68 0 130 0 
103 99 119 116 158 101 84 77 75 126 0 22 0 0 47 0 20 0 0 33 61 85 73 56 105 
0 73 0 0 1 32 135 35 39 29 35 137 33 38 41 27 132 24 32 31 40 118 44 37 47 
33 9 41 34 0 103 70 110 112 62 43 16 45 36 0 47 8 43 35 0 41 20 36 39 0 
165 0 0 0 0 149 0 0 0 0 232 81 107 115 123 131 0 0 0 0 147 0 0 0 0 
0 0 0 0 845 0 0 0 0 799 0 0 0 0 840 0 0 0 0 835 0 0 0 0 779 
84 111 1 155 32 100 113 3 120 52 148 171 37 197 85 94 112 2 135 59 104 164 0 175 72 
130 0 0 0 0 262 96 103 85 76 156 0 0 0 0 147 0 0 0 0 146 0 0 0 0 
0 0 0 0 0 77 60 77 70 75 0 0 0 0 0 158 125 152 161 146 0 0 0 0 0 
0 22 0 146 0 33 56 47 190 32 0 19 0 137 0 0 16 0 139 0 0 22 0 163 0 
94 56 107 125 153 52 0 78 61 72 30 1 70 72 61 103 66 113 114 136 19 2 49 61 46 
40 48 55 125 105 28 22 30 81 74 0 0 0 76 55 0 0 0 48 50 6 10 6 74 53 
0 8 59 0 0 77 94 165 76 83 0 12 67 0 0 57 66 158 49 54 0 3 59 0 0 
199 7 186 0 0 199 3 169 0 0 201 5 181 4 0 174 2 181 0 0 209 22 176 8 10 
288 90 305 134 184 332 150 359 163 233 356 166 389 188 251 215 8 203 44 126 201 67 239 39 122 
68 163 72 93 72 0 92 0 29 0 17 135 29 36 27 0 117 0 18 0 0 77 0 22 0 
0 0 33 0 58 35 46 77 44 113 54 75 90 53 122 0 0 33 0 61 0 0 49 0 58 
0 0 17 0 205 0 0 16 0 201 0 0 31 0 188 0 0 29 0 194 0 0 26 0 216 
0 0 0 50 0 0 0 0 59 0 54 59 45 140 45 0 0 0 59 0 85 78 82 158 86 
87 0 0 94 0 109 0 0 111 0 99 0 0 89 0 92 0 0 113 0 97 0 0 109 0 
0 35 76 76 0 109 185 172 182 102 164 213 239 229 135 21 70 103 106 21 67 111 105 133 46 
116 138 135 111 246 0 0 0 0 88 0 0 0 0 86 24 29 34 26 129 0 0 0 0 89 
143 256 157 151 156 0 125 0 0 0 91 206 85 93 88 4 113 0 0 11 123 229 83 83 101 
136 126 76 78 78 76 45 0 0 0 85 47 4 4 8 62 46 0 0 0 71 56 0 0 0 
0 129 0 0 0 45 184 66 79 79 0 129 0 0 0 66 203 95 100 66 0 123 0 0 0 
0 0 0 0 0 0 0 0 0 0 0 0 0 0 0 0 0 0 0 0 424 390 430 411 377 
0 0 37 0 0 73 78 91 74 87 0 0 30 0 0 77 75 85 59 79 18 25 59 22 26 
8 14 17 18 54 0 0 0 0 40 83 80 74 74 102 0 0 0 0 36 74 104 82 78 109 
0 0 0 132 0 0 0 0 127 0 0 0 0 150 0 0 0 0 153 0 80 78 82 216 83 
0 67 0 34 72 0 63 0 39 76 0 56 0 36 90 0 60 0 32 73 19 78 25 55 113 
0 112 0 0 0 0 108 0 0 0 0 106 0 0 0 0 96 0 0 0 97 185 99 105 92 
0 0 0 19 0 81 68 79 80 81 57 32 60 65 59 0 0 0 16 0 86 95 115 141 108 
0 0 132 54 0 48 49 168 111 56 0 0 112 42 0 0 0 99 40 0 0 0 129 40 0 
59 0 0 0 0 126 62 61 76 69 99 19 17 20 14 131 47 46 52 41 58 0 0 0 0 
83 35 33 109 37 39 0 0 90 0 48 0 0 82 0 83 34 30 115 32 55 0 0 80 0 
0 0 57 41 0 0 0 50 41 0 101 99 138 130 97 0 0 52 42 0 0 0 59 39 0 
35 0 0 83 107 92 69 82 121 182 24 1 11 88 112 51 21 27 102 98 35 28 47 95 110 
3 7 54 112 10 0 0 58 81 0 60 30 118 131 56 27 41 80 136 39 0 0 51 89 0 
57 6 46 49 10 46 7 42 48 17 134 77 126 117 92 70 21 46 54 19 54 0 49 45 6 
47 0 59 0 61 43 0 57 0 59 27 0 74 0 83 96 53 116 69 115 35 0 57 0 61 
89 14 169 85 45 73 0 141 82 25 75 0 131 23 10 166 59 215 127 97 104 20 198 59 65 
12 83 156 37 118 141 204 305 142 247 34 118 194 57 156 0 48 169 0 106 82 117 216 108 223 
19 21 22 56 48 40 38 33 75 72 0 0 0 31 29 0 0 0 22 17 74 88 88 120 98 
18 31 0 83 0 28 47 0 103 0 76 71 39 128 53 24 37 0 103 0 40 33 0 80 0 
0 0 60 0 0 171 153 225 153 186 0 0 67 0 0 0 0 73 0 0 0 0 73 0 0 
14 10 0 0 81 17 2 0 1 81 78 86 64 57 168 27 27 17 15 93 129 158 133 120 193 
58 9 5 3 20 86 60 60 64 64 95 71 78 86 83 39 0 4 0 10 34 11 12 7 21 
18 91 65 15 29 0 81 62 3 3 0 67 38 0 18 0 73 47 5 9 41 115 93 37 75 
159 204 103 116 114 80 67 52 21 24 43 51 20 0 0 45 54 16 0 0 34 52 15 0 0 
99 0 0 3 0 97 0 0 0 0 105 0 0 20 0 110 0 0 0 0 137 16 26 65 35 
77 86 18 18 16 60 55 0 0 0 78 78 18 0 14 74 84 40 43 52 107 88 62 36 53 
37 76 42 71 27 0 62 11 41 16 0 51 8 45 19 0 43 13 30 13 39 104 64 96 77 
0 0 55 27 11 0 0 45 35 3 0 0 44 40 6 43 53 122 94 60 54 50 100 93 63 
29 38 26 22 31 0 0 0 0 0 71 59 56 62 55 0 0 0 0 0 120 107 99 114 110 
40 36 34 30 40 0 0 18 0 0 0 0 21 0 0 49 48 93 59 51 136 98 139 139 130 
37 38 103 44 45 0 0 54 0 9 57 47 130 56 41 0 0 49 2 0 0 1 54 15 0 
0 0 180 32 0 0 0 141 23 0 19 20 156 36 18 0 0 166 23 0 0 0 162 23 0 
45 79 0 0 0 75 106 42 31 35 86 134 18 16 9 96 137 51 41 49 37 70 0 0 0 
88 119 67 52 68 12 45 0 0 0 73 130 66 52 55 34 72 28 17 16 22 50 0 0 0 
0 115 110 163 1 0 126 121 165 0 0 108 121 167 0 0 115 113 159 0 0 128 119 163 3 
13 0 0 135 0 10 0 0 97 0 98 69 98 200 91 13 0 0 103 0 20 1 0 108 1 
57 80 51 50 74 0 53 7 9 32 45 78 40 40 65 4 36 0 0 35 7 57 4 8 35 
173 175 60 97 144 195 263 93 107 204 155 230 83 101 135 101 120 4 31 58 300 350 185 196 229 
66 183 153 86 99 6 48 70 14 5 33 79 106 42 35 26 81 62 12 26 0 69 65 0 0 
7 35 18 8 88 19 39 36 8 136 14 23 17 11 74 81 100 90 58 189 39 48 47 28 111 
686 482 497 373 480 454 258 286 165 230 481 346 352 203 317 398 166 176 93 190 538 375 413 294 346 
96 68 2 4 1 180 157 78 86 90 72 87 0 0 0 112 91 21 23 16 72 62 0 0 0 
182 336 127 163 141 283 419 166 262 195 177 305 80 162 86 46 204 0 34 0 114 233 68 111 39 
0 0 0 0 55 0 0 0 0 68 0 0 0 0 82 0 0 0 0 64 152 181 165 172 204 
78 5 44 0 15 135 18 72 25 44 147 61 108 52 67 157 66 149 81 107 146 30 49 25 35 
150 0 0 54 0 156 0 0 55 0 141 0 0 40 0 168 0 0 46 0 149 0 0 41 0 
166 111 124 200 105 46 0 66 106 5 89 41 100 159 54 60 9 93 82 27 55 0 80 68 0 
61 98 90 160 147 0 8 4 93 44 0 13 0 55 57 0 12 9 83 54 29 40 21 85 67 
126 141 94 66 0 216 202 163 118 107 112 112 70 51 4 250 221 209 138 122 173 180 116 53 65 
58 130 51 57 52 0 55 0 0 0 5 80 3 5 4 0 64 0 0 0 76 154 62 76 65 
0 0 0 17 0 0 0 0 20 0 0 0 0 18 0 0 0 0 19 0 170 179 207 209 197 
41 2 0 26 32 112 85 77 95 95 43 0 0 15 27 35 0 0 13 31 46 0 0 19 23 
34 0 40 86 79 18 2 38 81 63 51 14 49 110 97 14 0 37 81 69 120 79 119 176 177 
0 87 71 0 77 0 86 83 0 90 0 91 66 0 64 0 88 78 0 78 0 103 83 0 77 
40 20 55 35 30 69 51 88 52 54 16 12 32 17 7 49 43 100 69 47 4 0 31 0 0 
90 0 0 0 53 71 0 0 0 50 98 0 0 0 60 70 0 1 0 51 204 95 84 99 163 
84 139 16 119 95 74 161 6 136 131 51 107 1 132 79 207 261 135 261 192 132 226 105 193 164 
77 95 107 77 70 10 40 43 13 9 0 15 46 0 0 59 74 91 54 50 23 33 63 19 13 
0 0 0 166 39 0 0 0 182 35 31 32 17 188 64 0 0 0 185 35 0 0 0 157 51 
0 0 0 149 12 147 130 123 328 166 0 0 0 169 15 114 124 112 255 110 0 0 0 132 8 
52 174 182 225 81 34 119 166 255 49 76 133 200 214 97 70 207 237 283 134 116 193 254 288 126 
0 0 0 1278 0 0 3 0 1278 1 0 0 0 1281 0 0 1 3 1352 1 0 0 0 1266 0 
195 0 0 0 0 195 13 18 16 20 178 0 0 0 0 196 0 0 0 0 166 0 0 0 0 
92 0 0 0 0 117 0 0 0 0 122 0 0 0 0 102 0 0 0 0 206 88 85 89 99 
312 51 117 88 83 232 0 41 1 4 448 105 174 121 161 460 263 359 277 265 319 66 128 76 93 
4 44 0 0 0 1 55 0 0 19 0 45 0 0 13 0 0 3 4 0 0 33 0 0 27 
80 98 142 142 114 0 0 54 0 0 0 0 77 0 0 0 0 61 0 0 227 244 259 278 238 
0 8 1 74 208 131 127 122 211 337 4 17 0 78 236 0 4 0 89 234 116 142 117 179 298 
9 16 78 5 227 6 0 58 5 159 115 101 180 117 272 137 134 222 164 320 2 3 67 1 183 
141 264 334 245 88 158 215 316 202 72 147 251 308 232 131 51 173 215 110 16 40 207 225 165 20 
0 0 204 0 40 0 0 230 0 32 0 0 213 0 32 0 0 195 0 28 0 0 181 0 29 
0 0 0 42 0 86 73 55 113 63 0 0 0 28 0 51 56 72 103 58 49 59 47 111 44 
0 0 45 55 0 71 51 94 93 57 0 0 36 32 0 56 45 90 80 46 38 28 82 69 27 
63 26 28 68 75 41 0 0 30 59 57 0 0 26 38 57 0 0 36 40 92 45 48 79 85 
