902 805 646 654 733 1085 1080 883 852 1076 670 630 531 604 774 1095 964 934 948 1009 665 580 502 461 716 
171 147 161 159 148 0 0 0 0 0 111 79 130 101 106 0 0 0 0 0 0 0 0 0 0 
93 44 23 179 203 56 0 0 127 120 137 45 29 196 209 50 0 0 94 107 60 0 0 101 102 
160 0 120 172 181 243 77 245 263 281 328 141 276 332 355 244 64 177 245 249 161 4 124 219 182 
180 57 124 156 51 135 12 83 119 0 122 33 86 110 22 144 11 58 122 0 281 189 274 297 183 
116 7 26 0 92 110 0 18 0 120 221 94 119 85 213 187 66 108 64 174 265 111 136 108 262 
0 0 0 0 0 0 0 0 0 0 1039 1041 997 1013 1053 0 0 0 0 0 0 0 0 0 0 
0 0 0 270 0 0 0 3 248 1 114 104 101 359 118 132 115 95 390 133 1 0 0 237 0 
17 8 15 202 5 0 0 0 212 0 44 57 39 212 31 0 0 0 186 0 3 8 6 199 3 
0 0 0 0 0 0 0 0 0 0 0 0 0 0 0 55 57 62 60 78 153 141 142 166 139 
75 96 72 53 168 0 12 1 0 99 0 4 0 0 100 0 4 0 0 98 78 74 72 67 171 
136 141 143 146 148 0 0 0 0 0 0 0 0 0 0 0 0 0 0 0 81 87 65 62 80 
0 0 0 0 0 0 0 0 0 0 0 0 0 0 0 430 438 425 405 421 192 177 184 189 207 
0 198 0 0 82 0 166 0 0 94 108 313 134 121 200 0 182 0 0 92 0 212 0 0 74 
813 0 0 0 0 807 0 0 0 0 796 0 0 0 0 823 0 0 0 0 834 0 0 0 0 
14 4 208 142 143 34 12 210 162 171 103 108 290 210 205 212 169 418 341 315 138 89 295 240 291 
74 114 68 129 64 51 74 58 105 68 0 37 0 40 0 43 83 39 79 37 0 36 0 43 0 
42 10 16 7 23 144 117 120 120 125 34 0 0 0 19 30 0 0 0 22 134 112 106 113 162 
0 0 138 0 0 0 1 144 0 0 0 0 151 0 0 147 141 256 124 130 0 0 145 0 0 
0 64 42 45 0 0 77 43 45 0 34 96 90 96 33 0 70 47 47 0 0 68 55 42 0 
4 1 0 2 156 151 115 127 148 238 152 127 122 126 229 9 2 0 0 122 88 94 108 87 193 
0 0 0 0 0 0 0 0 0 0 0 0 0 0 0 1029 1088 1112 1077 1005 0 0 0 0 0 
0 20 52 146 0 0 17 56 130 0 0 19 50 152 0 0 18 50 158 0 0 16 55 161 0 
69 54 0 0 0 83 81 18 16 16 144 90 40 41 31 92 65 0 0 0 102 98 25 23 29 
77 109 70 153 149 8 48 28 70 70 11 52 20 76 78 0 47 0 55 70 0 36 1 59 67 
125 129 135 103 2 104 140 193 111 1 311 309 364 304 209 127 146 146 90 0 295 220 313 263 135 
83 20 20 110 27 81 0 0 119 0 222 154 141 235 136 68 0 0 104 0 116 53 47 181 49 
121 91 47 50 36 152 102 51 55 38 59 59 15 0 0 85 77 24 13 14 77 51 9 0 0 
0 0 178 69 0 0 0 191 63 0 0 0 243 58 0 0 0 196 56 0 0 0 174 51 0 
136 169 169 133 118 0 62 76 0 4 0 56 65 0 0 38 73 98 35 46 0 49 105 0 0 
82 60 83 83 81 117 140 122 139 125 25 51 49 44 48 0 0 0 0 0 0 0 0 0 0 
0 0 0 166 0 0 0 0 176 0 233 238 220 415 248 0 0 0 174 0 0 0 0 157 0 
0 0 0 0 0 138 126 162 124 132 0 0 0 0 0 0 0 0 0 0 69 52 62 59 75 
124 8 0 86 54 142 27 56 117 98 236 91 101 169 152 95 0 0 84 39 208 77 85 170 124 
0 108 0 0 1 0 115 0 0 0 0 85 0 0 0 146 203 99 145 104 61 172 55 65 57 
0 0 127 0 0 93 98 201 125 119 0 0 104 0 0 7 13 113 5 11 16 15 101 12 16 
281 285 209 283 127 132 151 76 129 0 93 138 63 100 0 297 290 211 308 138 149 152 91 146 0 
0 0 0 0 0 37 38 37 24 29 0 0 0 0 0 71 76 75 77 113 109 110 108 106 143 
0 227 0 203 0 0 180 0 195 0 7 203 6 199 6 0 187 0 192 0 0 200 0 205 0 
0 41 0 121 0 0 53 0 142 0 0 45 0 136 0 63 137 69 204 75 0 57 0 115 0 
0 0 0 0 74 87 68 81 64 130 86 71 76 84 124 0 0 0 0 74 0 0 0 0 78 
84 291 352 42 234 32 181 272 12 157 83 289 339 30 217 104 311 332 97 265 199 368 412 159 299 
0 47 34 0 88 19 69 55 13 95 30 98 94 43 89 0 66 27 0 72 0 71 30 0 75 
131 105 133 145 137 16 0 0 43 0 12 0 0 43 0 19 0 0 56 0 96 71 75 135 86 
91 0 77 0 0 86 0 86 0 0 162 63 132 59 75 128 20 100 13 12 96 0 98 0 0 
0 18 81 0 96 0 12 69 0 107 0 16 73 0 106 0 14 91 0 133 0 13 69 0 101 
11 58 153 81 23 55 64 153 103 44 0 38 119 40 0 41 71 161 118 45 0 26 110 59 0 
0 77 0 0 0 0 83 0 0 0 135 254 129 151 138 0 93 0 0 0 17 96 22 26 28 
0 0 0 87 0 67 81 63 155 96 0 0 0 79 0 0 0 0 90 0 91 73 69 178 68 
66 0 106 60 0 73 0 135 63 0 80 0 110 63 0 59 0 123 67 0 60 0 116 53 0 
88 49 0 35 0 116 79 17 50 25 101 99 0 27 0 118 56 0 46 0 98 61 0 37 0 
0 0 0 0 26 200 188 194 201 221 0 0 0 0 35 0 0 0 0 31 0 0 0 0 37 
114 57 70 135 90 73 45 63 120 78 28 0 0 63 11 33 0 0 57 10 46 13 8 68 41 
30 55 8 6 10 18 48 0 0 0 22 77 0 0 0 131 171 129 119 117 27 72 0 0 0 
0 0 0 21 0 193 178 202 207 167 0 0 0 23 0 0 0 0 26 0 0 0 0 19 0 
71 79 132 138 89 0 0 52 63 0 0 0 74 60 0 0 0 67 53 0 0 0 57 61 0 
63 57 61 48 69 41 0 0 0 11 76 63 48 49 72 30 0 0 0 23 93 49 45 49 61 
0 0 25 0 69 9 6 36 11 89 0 0 34 0 70 10 7 43 8 95 81 75 114 64 153 
55 105 137 64 70 27 79 95 26 26 0 32 70 0 0 0 37 71 0 0 0 39 66 0 0 
0 0 114 0 0 0 0 97 0 0 77 123 211 118 104 0 0 92 0 0 0 0 109 0 0 
100 129 38 59 142 40 46 0 0 89 46 60 0 0 72 48 47 0 0 80 59 43 0 0 79 
0 48 0 23 35 59 115 57 79 94 0 59 0 27 38 0 55 0 39 39 26 65 22 53 62 
9 7 99 5 12 0 0 86 0 0 0 0 83 0 0 36 39 120 26 29 75 78 150 59 85 
0 0 0 51 74 88 81 63 117 163 0 0 0 49 73 0 0 0 36 84 0 0 0 47 73 
118 200 99 90 100 26 129 0 0 0 39 140 7 9 13 26 90 0 0 0 25 104 3 3 0 
58 15 85 34 88 19 0 36 7 65 18 0 39 0 74 17 0 43 0 64 7 0 35 2 70 
25 0 2 0 1 37 0 8 0 0 39 51 41 40 50 91 42 40 34 34 142 110 98 134 118 
60 35 117 47 51 28 0 81 0 0 12 0 77 0 0 22 0 70 0 0 70 33 112 35 34 
0 2 25 0 0 3 2 0 0 0 0 24 0 0 0 0 0 0 0 0 0 0 18 0 0 
0 62 58 0 0 0 65 38 0 0 20 104 72 20 18 32 109 57 40 41 0 62 51 0 0 
26 0 74 0 40 56 43 110 39 71 22 0 72 0 19 25 0 79 0 18 29 0 85 0 23 
0 2086 0 0 0 0 2158 0 0 0 0 2032 0 0 0 0 2108 0 0 0 0 2028 0 0 0 
17 132 137 8 9 93 235 218 117 77 0 140 145 3 0 17 212 171 91 40 0 137 97 0 0 
80 135 104 0 0 53 146 129 0 0 86 132 150 0 0 103 148 139 0 0 73 141 123 0 0 
0 99 0 132 0 85 174 75 199 88 72 154 43 176 58 0 83 0 119 0 0 106 0 107 0 
0 0 0 0 0 1278 1235 1240 1205 1264 0 0 0 0 0 0 0 0 0 0 0 0 0 0 0 
0 0 80 125 0 0 0 75 106 0 0 0 81 127 0 0 0 81 125 0 0 0 72 128 0 
163 60 59 110 44 182 63 59 115 69 98 0 0 44 0 93 0 0 39 0 94 0 0 46 0 
0 111 0 0 74 0 135 0 0 69 0 139 0 0 80 0 124 0 0 63 0 132 0 0 92 
158 256 159 227 100 80 174 44 111 1 276 379 231 345 127 100 231 79 152 43 180 305 216 260 115 
77 66 266 279 97 0 0 181 177 0 90 91 264 287 78 0 0 150 180 1 1 3 185 183 9 
139 102 108 133 242 7 19 4 4 141 8 12 8 3 152 196 199 161 181 333 217 231 226 221 359 
0 77 0 0 0 0 65 0 0 0 0 75 0 0 0 7 76 3 8 4 184 236 189 157 189 
94 34 58 28 75 75 1 21 0 68 66 0 23 0 43 110 4 19 0 62 186 138 138 131 181 
202 64 0 100 0 205 65 0 104 0 204 51 0 102 0 194 57 0 115 0 205 54 0 118 0 
55 0 0 0 0 62 0 0 0 0 64 0 0 0 0 202 133 145 146 140 52 0 0 0 0 
0 0 1444 0 0 0 0 1461 0 0 0 0 1359 0 0 0 0 1476 0 0 0 0 1444 0 0 
76 7 15 52 28 94 60 61 104 70 101 59 78 80 86 60 25 25 57 31 54 0 0 29 12 
132 140 157 112 208 0 0 9 0 45 69 81 85 79 128 0 0 22 0 52 0 0 13 0 60 
45 88 0 112 0 145 197 116 216 91 124 146 90 223 97 61 77 0 114 0 42 81 0 109 0 
68 81 74 82 119 77 80 59 59 83 0 23 0 0 42 0 20 0 0 30 47 66 47 42 72 
0 85 0 0 0 30 166 37 44 35 52 193 45 48 41 32 156 26 35 45 51 168 54 50 71 
33 10 40 34 0 100 70 112 112 62 42 21 47 37 0 45 9 42 35 0 41 20 36 38 0 
154 0 0 0 0 140 0 0 0 0 223 76 100 104 107 121 0 0 0 0 136 0 0 0 0 
0 0 0 0 830 0 0 0 0 791 0 0 0 0 838 0 0 0 0 834 0 0 0 0 776 
123 131 0 185 68 124 119 0 179 94 223 205 57 269 139 135 113 6 198 95 151 183 5 217 85 
134 0 0 0 0 263 102 89 86 76 160 0 0 0 0 152 0 0 0 0 150 0 0 0 0 
0 0 0 0 0 72 55 70 64 70 0 0 0 0 0 140 116 137 141 135 0 0 0 0 0 
0 24 0 156 0 34 58 47 208 32 0 21 0 144 0 0 17 0 151 0 0 22 0 167 0 
133 74 101 109 154 91 0 69 32 60 70 0 103 69 85 183 87 164 118 159 44 0 29 29 54 
55 58 68 165 139 35 31 34 97 97 0 0 0 93 77 0 0 0 61 62 13 13 10 95 70 
0 8 64 0 0 86 102 179 83 94 0 9 67 0 0 58 76 177 52 60 0 6 63 0 0 
197 4 187 0 0 199 1 169 0 0 195 5 179 4 1 169 0 178 0 0 208 20 177 10 10 
319 108 315 127 187 374 180 381 187 235 342 145 375 204 241 205 38 222 59 123 218 51 262 46 99 
65 152 69 83 66 0 86 0 27 0 17 128 28 34 27 0 104 0 17 0 0 75 0 20 0 
0 0 40 0 63 37 51 86 48 127 62 81 98 60 135 0 0 35 0 66 0 0 52 0 64 
0 0 22 0 223 0 0 19 0 220 0 0 34 0 207 0 0 29 0 215 0 0 29 0 225 
0 0 0 54 0 0 0 0 61 0 55 63 50 155 50 0 0 0 62 0 93 82 88 172 87 
87 0 0 94 0 109 0 0 111 0 99 0 0 89 0 92 0 0 113 0 97 0 0 109 0 
5 35 85 58 2 94 148 167 160 98 164 209 233 214 135 14 58 105 90 3 65 75 103 116 35 
117 133 121 123 223 0 0 0 0 82 0 0 0 0 81 24 27 29 23 117 0 0 0 0 82 
157 274 164 161 164 0 134 0 0 0 90 211 94 95 88 1 117 0 0 3 104 247 100 90 99 
136 126 76 78 78 76 45 0 0 0 85 47 4 4 7 63 47 0 0 0 71 56 0 0 0 
1 124 0 0 0 39 179 59 61 70 0 143 0 0 0 68 225 97 96 72 0 116 0 0 0 
0 0 0 0 0 0 0 0 0 0 0 0 0 0 0 0 0 0 0 0 415 388 422 403 375 
0 0 37 0 0 73 79 92 75 87 0 0 31 0 0 77 75 85 59 78 19 25 59 22 25 
8 15 16 17 52 0 0 0 0 36 80 79 71 69 99 0 0 0 0 33 68 98 78 78 105 
0 0 0 134 0 0 0 0 124 0 0 0 0 150 0 0 0 0 153 0 76 77 88 213 93 
0 65 0 32 72 0 62 0 39 75 1 56 0 35 89 0 58 0 32 68 18 77 23 52 112 
0 108 0 0 0 0 107 0 0 0 0 100 0 0 0 0 92 0 0 0 97 174 99 104 91 
0 3 0 10 1 83 70 84 80 85 60 36 63 57 62 0 0 0 0 0 103 96 105 131 104 
0 0 117 55 0 43 45 155 106 50 0 0 102 39 0 0 0 89 38 0 0 0 126 35 0 
62 0 0 0 0 130 67 65 77 70 103 20 20 21 16 137 48 49 52 45 60 0 0 0 0 
83 35 33 109 37 39 0 0 86 0 48 0 0 80 0 83 35 30 115 32 54 0 0 82 0 
0 0 20 30 0 0 0 11 32 0 101 99 85 125 97 0 0 25 34 0 0 0 29 32 0 
39 0 0 87 110 134 90 87 157 210 33 4 2 98 141 41 31 28 99 113 32 26 57 104 129 
3 7 49 99 9 0 0 45 74 0 47 29 101 119 45 26 39 67 109 34 0 0 45 77 0 
68 6 54 53 9 48 6 46 53 25 139 75 124 127 102 75 21 52 52 24 61 0 49 49 3 
43 0 60 0 59 46 0 64 0 58 29 0 69 0 79 99 59 116 69 119 32 0 62 0 58 
92 30 198 97 54 78 4 177 76 38 62 0 151 31 9 176 79 247 156 117 103 31 214 92 70 
8 87 154 26 128 147 196 302 144 249 40 116 206 63 160 0 43 161 3 119 76 136 219 85 186 
27 31 30 78 79 63 53 44 102 101 0 0 0 42 42 0 0 0 36 31 102 119 130 152 133 
20 32 0 92 0 32 51 0 121 0 95 76 42 149 65 28 42 0 121 0 41 35 0 85 0 
0 0 64 0 0 171 151 229 155 179 0 0 65 0 0 0 0 76 0 0 0 0 76 0 0 
11 10 1 1 77 21 0 0 1 78 78 86 69 66 156 24 23 27 18 93 115 157 141 134 182 
86 12 16 9 25 128 79 89 90 107 143 109 109 107 113 63 0 8 0 20 37 12 14 6 34 
26 117 75 21 33 0 95 78 7 7 0 77 50 0 21 0 87 56 7 14 53 138 111 42 101 
144 191 92 99 98 71 67 45 20 19 41 51 19 0 0 41 54 16 0 0 36 52 13 0 0 
79 89 15 21 18 56 57 0 0 1 57 69 11 0 13 62 82 30 38 52 81 87 50 37 41 
33 63 41 62 17 0 58 11 41 16 0 43 9 45 17 0 33 12 31 12 29 77 50 82 67 
0 0 55 27 11 0 0 44 35 3 0 0 44 40 6 43 53 122 94 61 54 49 99 93 62 
29 38 26 22 31 0 0 0 0 0 71 59 57 62 55 0 0 0 0 0 120 107 99 114 110 
44 35 34 35 40 0 0 16 0 0 0 0 22 0 0 49 43 78 53 48 115 95 130 133 110 
38 45 109 53 51 3 0 56 8 0 61 47 129 55 50 0 0 51 1 0 0 4 58 20 0 
0 0 180 30 0 0 0 141 22 0 19 20 156 37 18 0 0 165 21 0 0 0 162 21 0 
56 86 0 0 0 75 114 45 32 30 86 130 21 16 9 96 148 44 44 48 44 79 0 0 0 
84 116 65 51 59 12 42 2 0 0 75 122 58 49 52 36 68 26 16 13 22 50 0 0 0 
0 122 113 172 0 0 141 131 178 0 0 113 129 177 0 0 118 119 169 1 0 133 125 178 0 
14 0 0 164 0 10 0 0 116 0 124 84 115 230 102 16 1 0 123 0 25 0 0 129 0 
142 174 31 91 113 194 272 110 111 208 149 211 86 121 167 103 145 25 39 116 240 332 136 167 219 
100 225 177 127 135 8 60 74 12 3 45 109 138 40 36 28 103 87 21 35 0 78 71 0 0 
2 24 13 0 64 4 30 20 0 102 3 15 15 8 48 60 78 61 45 149 27 35 33 28 89 
651 510 539 431 487 454 241 300 188 204 473 299 342 240 303 322 186 166 66 151 518 357 392 345 362 
98 67 2 6 1 193 182 85 83 95 75 85 0 0 0 106 104 32 15 26 72 63 0 0 0 
144 314 114 117 129 230 356 137 226 146 127 270 69 122 61 34 188 0 28 0 116 219 72 113 49 
0 0 0 0 60 0 0 0 0 66 0 0 0 0 86 0 0 0 0 65 153 183 164 182 211 
57 0 28 0 8 119 5 56 28 21 139 51 101 44 46 143 82 117 64 91 127 18 40 21 24 
161 0 0 59 0 160 0 0 57 0 147 0 0 44 0 175 0 0 49 0 157 0 0 44 0 
201 171 228 289 186 30 0 89 142 0 78 44 152 221 86 47 9 111 107 26 55 0 94 104 0 
62 100 80 168 150 0 8 4 90 48 0 14 7 57 62 0 12 13 84 50 31 38 28 98 56 
105 91 70 80 24 155 145 130 138 128 82 53 66 65 10 210 189 168 153 128 164 165 145 100 94 
60 143 53 62 63 0 59 0 0 0 0 84 3 0 2 0 71 0 0 0 83 176 71 85 77 
0 0 0 15 0 0 0 0 20 0 0 0 0 22 0 0 0 0 20 0 171 189 215 215 212 
24 0 0 10 29 106 84 77 94 94 18 0 0 8 27 26 0 0 0 39 32 0 0 6 20 
49 1 42 95 88 19 3 29 93 78 64 25 48 124 104 28 0 35 82 85 117 78 112 182 178 
0 106 81 0 94 0 100 83 0 104 0 131 59 0 74 0 94 76 0 91 0 123 79 0 101 
53 26 62 44 34 74 56 105 71 62 25 22 39 19 16 63 49 115 78 56 10 0 35 0 0 
79 0 0 0 53 67 0 0 0 53 97 0 0 0 62 70 0 0 0 53 183 101 89 99 153 
96 169 33 133 137 57 165 44 159 140 40 112 4 139 75 219 285 143 273 239 148 239 146 233 196 
70 87 96 75 62 9 35 39 13 9 0 14 44 0 0 57 69 83 51 45 21 29 55 19 13 
0 0 0 152 42 0 0 0 170 30 29 31 20 175 61 0 0 0 171 40 0 0 0 149 44 
0 0 0 148 15 160 139 132 345 187 0 0 0 166 15 127 125 121 281 121 1 0 0 139 8 
26 138 196 194 60 9 94 163 179 21 68 155 171 197 73 45 193 179 242 85 60 144 199 243 78 
0 0 0 1311 0 0 0 0 1279 0 0 0 0 1315 0 0 0 3 1379 0 0 0 0 1306 0 
195 0 0 0 0 197 13 18 17 20 178 0 0 0 0 196 0 0 0 0 166 0 0 0 0 
92 0 0 0 0 117 0 0 0 0 122 0 0 0 0 102 0 0 0 0 206 88 85 89 99 
224 35 101 49 30 163 0 18 2 0 341 113 120 123 88 373 179 312 215 197 262 73 100 65 64 
8 20 0 0 22 0 37 0 0 0 0 1 2 0 0 0 0 0 0 20 0 0 0 0 0 
82 91 158 130 119 0 0 55 0 0 0 0 70 0 0 0 0 68 0 0 242 275 276 261 267 
0 9 2 69 203 115 131 115 205 342 0 36 1 86 228 0 14 0 87 239 117 135 108 179 303 
17 20 76 9 242 3 0 56 6 182 119 105 172 127 290 152 152 212 181 345 2 1 64 5 184 
141 281 280 232 113 193 290 340 247 118 162 302 303 210 145 78 198 244 149 46 64 190 219 151 17 
95 0 0 10 0 83 0 0 12 0 99 0 0 0 0 100 0 0 0 0 122 15 23 37 29 
0 0 206 0 36 0 0 226 0 32 0 0 199 0 26 0 0 196 0 23 0 0 187 0 37 
0 0 42 49 0 63 45 89 83 54 0 0 35 31 0 49 43 86 72 41 36 27 71 62 24 
584 586 605 638 586 0 0 0 0 0 0 0 0 0 0 0 0 0 0 0 0 0 0 0 0 
58 79 53 51 79 15 61 9 6 35 49 82 43 38 70 5 35 0 0 35 12 67 11 5 38 
0 0 0 37 0 78 69 52 107 63 0 0 0 27 0 53 50 66 99 54 48 56 46 102 42 
0 8 70 29 50 0 0 0 0 5 0 1 0 0 0 0 0 5 0 0 0 0 0 0 0 
