849 880 786 725 821 1075 1123 1031 984 1037 679 652 600 628 764 1018 1022 975 921 1055 589 543 518 441 581 
216 146 190 180 166 0 0 0 0 1 127 91 141 124 127 0 0 0 0 0 0 0 0 0 0 
94 52 25 143 173 69 0 0 116 123 128 54 24 199 208 45 0 0 69 139 50 0 0 104 99 
143 0 112 142 167 200 41 179 215 206 285 127 254 287 317 239 49 152 204 211 157 0 120 189 155 
173 44 104 160 46 131 14 66 97 0 130 26 77 108 20 121 1 44 129 0 280 188 244 300 178 
110 6 22 0 94 96 0 5 0 109 198 93 98 89 179 146 66 86 51 148 217 100 125 101 248 
0 0 0 0 0 0 0 0 0 0 1028 1031 983 1011 1054 0 0 0 0 0 0 0 0 0 0 
0 0 0 294 0 0 0 0 286 0 126 120 112 415 129 139 114 107 443 138 0 0 0 263 0 
13 7 12 174 2 0 0 0 187 0 40 43 35 180 26 0 0 0 159 0 4 5 3 180 3 
0 0 0 0 0 2 0 0 0 0 0 0 0 0 0 59 69 66 68 84 189 157 157 185 162 
93 109 86 78 228 0 20 0 0 117 0 4 0 0 128 0 6 0 0 121 96 106 91 83 204 
136 144 151 154 156 0 0 0 0 0 0 0 0 0 0 0 0 0 0 0 82 81 63 65 78 
0 0 0 0 0 0 0 0 0 0 0 0 0 0 0 441 440 428 417 421 193 184 188 195 208 
0 192 0 0 80 0 163 0 0 93 118 312 138 123 192 0 177 0 0 91 0 207 0 0 74 
822 0 0 0 0 819 0 0 0 0 801 0 0 0 0 835 0 0 0 0 841 0 0 0 0 
12 2 203 158 152 45 27 225 179 173 131 124 311 289 213 203 213 419 359 357 134 98 301 260 330 
56 92 58 107 51 43 57 46 82 50 0 31 0 36 0 31 71 35 65 30 0 31 0 32 0 
35 9 15 14 18 136 94 100 92 109 28 0 0 0 17 26 0 0 0 24 122 97 100 88 132 
0 0 142 0 0 0 0 130 0 0 0 0 136 0 0 149 127 247 115 122 0 0 150 0 0 
0 71 47 47 0 0 82 43 48 0 40 104 96 100 36 0 73 51 50 0 0 74 56 43 0 
2 2 5 2 154 176 144 148 179 294 166 134 129 148 249 6 3 0 6 135 92 98 111 105 227 
0 0 0 0 0 0 0 0 0 0 0 0 0 0 0 1034 1115 1104 1085 1040 0 0 0 0 0 
0 20 53 145 0 0 19 59 125 0 0 19 50 157 0 0 17 56 157 0 0 16 58 167 0 
76 51 0 0 0 90 73 15 15 13 146 95 37 40 32 97 65 0 0 0 102 96 23 23 33 
91 143 100 193 179 6 46 24 70 82 16 57 24 92 99 0 51 0 68 89 0 38 0 64 81 
119 119 122 96 10 123 133 219 107 4 311 309 372 337 219 126 118 158 104 0 304 241 336 261 156 
87 21 18 106 24 79 0 0 114 0 215 152 144 223 128 71 1 0 101 3 121 50 49 176 43 
138 99 48 54 35 166 123 63 63 35 68 67 19 0 0 100 94 20 14 14 105 60 10 0 0 
0 0 158 64 0 0 0 170 59 0 0 0 198 58 0 0 0 182 45 0 0 0 152 44 0 
123 160 166 119 101 0 53 73 0 0 0 53 67 0 0 40 67 95 32 32 0 47 97 0 0 
66 54 67 67 61 96 121 102 115 102 24 39 42 37 37 0 0 0 0 0 0 0 0 0 0 
0 0 0 165 0 0 0 0 174 0 230 234 220 409 242 0 0 0 171 0 0 0 0 155 0 
0 0 0 0 0 153 154 181 134 150 0 0 0 0 0 0 0 0 0 0 76 60 70 70 86 
119 2 0 62 35 137 37 50 120 101 226 82 83 148 146 87 0 0 73 34 181 70 86 153 106 
0 102 0 0 0 0 101 0 0 0 0 78 0 0 0 124 184 108 133 101 60 141 48 55 52 
0 0 112 0 0 106 103 210 125 120 0 0 108 0 0 7 10 110 5 9 18 13 91 12 17 
270 230 201 264 117 128 106 77 108 0 99 104 64 97 0 278 242 176 289 111 153 123 94 142 6 
0 0 0 0 0 35 39 31 21 23 0 0 0 0 0 65 73 75 73 91 118 107 111 110 142 
0 231 0 207 0 0 189 0 200 0 8 208 7 206 6 0 195 0 198 0 0 209 0 216 0 
0 46 0 130 0 0 54 0 154 4 0 51 0 144 0 75 158 77 240 84 0 60 0 143 0 
0 0 0 0 73 84 72 82 63 139 99 79 76 79 128 0 0 0 0 71 0 0 0 0 79 
109 314 364 76 257 17 216 275 5 150 89 293 367 72 251 117 320 348 111 276 250 386 429 171 328 
0 45 33 0 79 19 60 45 13 88 28 81 87 37 78 0 59 26 0 64 0 61 27 0 68 
118 101 118 129 131 14 0 0 36 0 13 0 0 42 0 16 0 0 41 0 96 70 70 122 88 
69 0 64 0 0 63 0 75 0 0 113 53 107 47 50 99 16 78 13 12 66 0 73 0 0 
0 18 81 0 96 0 12 69 0 107 0 16 74 0 106 0 14 91 0 133 0 13 69 0 101 
21 73 161 100 30 58 84 165 117 60 0 40 121 42 0 48 82 166 119 47 0 25 110 67 0 
0 67 0 0 0 0 74 0 0 0 132 251 127 146 136 0 94 0 0 0 16 86 20 27 26 
0 0 0 71 0 61 64 49 123 81 0 0 0 69 0 0 0 0 80 0 71 63 57 146 61 
51 0 95 49 0 61 0 116 57 0 60 0 101 53 0 48 0 105 60 0 47 0 105 49 0 
86 54 0 30 0 114 81 18 54 23 104 104 0 27 0 123 63 0 53 0 101 66 0 39 0 
0 0 0 0 26 198 199 204 206 229 0 0 0 0 40 0 0 0 0 36 0 0 0 0 35 
118 57 73 152 90 80 47 64 120 91 30 0 0 59 17 38 0 0 67 13 50 16 10 76 33 
32 76 11 7 10 21 51 0 1 0 21 83 0 0 0 149 192 140 143 134 29 89 0 0 0 
0 0 0 21 0 186 171 197 198 164 0 0 0 23 0 0 0 0 22 0 0 0 0 19 0 
72 81 136 144 94 0 0 54 64 0 0 0 74 62 0 0 0 70 54 0 0 0 63 68 0 
63 57 60 48 68 41 0 0 0 11 76 62 48 47 71 29 0 0 0 22 92 49 44 49 60 
0 0 25 0 68 9 5 36 8 88 0 0 33 0 69 9 6 42 6 92 80 74 113 64 150 
585 586 604 638 585 0 0 0 0 0 0 0 0 0 0 0 0 0 0 0 0 0 0 0 0 
64 118 147 80 88 30 88 103 31 31 0 36 77 0 0 0 44 87 0 0 0 47 77 0 0 
0 0 121 0 0 0 0 102 0 0 85 121 224 121 113 0 0 95 0 0 0 0 112 0 0 
96 116 39 58 135 37 43 0 0 82 38 55 0 0 63 43 44 0 0 70 55 43 0 0 79 
0 49 0 23 36 59 115 57 80 94 0 59 0 27 38 0 55 0 39 40 26 65 22 53 63 
9 7 99 5 12 0 0 86 0 0 0 0 83 0 0 36 39 120 27 29 75 78 150 59 85 
0 0 0 55 84 104 92 75 133 189 0 0 0 57 79 0 0 0 47 99 0 0 0 49 84 
113 202 91 91 104 27 125 0 0 0 35 140 6 7 9 24 89 0 0 0 21 97 1 3 0 
73 30 96 41 105 20 0 39 7 65 16 0 38 0 80 19 0 53 6 62 12 0 40 9 69 
47 8 27 0 1 46 0 23 0 0 50 43 79 42 58 94 47 67 34 37 158 109 118 139 120 
55 19 97 33 34 15 0 74 0 0 8 0 69 0 0 14 0 62 0 0 0 0 90 0 0 
0 0 49 23 11 0 2 0 0 0 0 9 0 9 0 0 0 0 0 0 11 0 0 0 0 
0 62 60 0 0 0 67 47 0 0 21 104 75 21 21 32 109 60 40 42 0 62 51 0 0 
25 0 84 0 38 60 43 119 39 74 16 0 77 0 23 26 0 85 0 18 29 0 94 0 17 
0 2127 0 0 0 0 2213 0 0 0 0 2074 0 0 0 0 2139 0 0 0 0 2088 0 0 0 
15 104 113 9 14 75 199 208 77 71 5 118 128 2 0 37 206 149 73 46 5 119 100 4 0 
82 115 99 0 0 58 145 129 0 0 85 131 141 0 0 87 141 135 0 0 63 135 133 2 0 
0 108 0 110 0 80 187 86 200 96 74 167 44 174 51 0 88 0 116 0 0 120 0 105 0 
0 0 0 0 0 1276 1237 1239 1195 1261 0 0 0 0 0 0 0 0 0 0 0 0 0 0 0 
0 0 89 143 0 0 0 79 117 0 0 0 89 140 1 0 0 85 139 0 0 0 83 138 0 
127 42 46 81 37 125 50 49 97 55 81 0 0 35 0 74 0 0 31 0 80 0 0 39 0 
0 119 0 0 80 0 134 0 0 75 0 157 0 0 80 0 130 0 0 68 0 139 0 0 93 
174 216 144 223 110 70 93 6 103 0 266 334 231 327 120 107 202 68 179 18 176 271 233 255 117 
105 92 293 296 96 0 0 202 206 4 122 108 282 315 108 0 0 173 188 9 3 14 209 188 36 
143 113 107 159 249 12 23 4 19 153 11 13 7 13 162 201 191 161 194 332 216 243 231 224 375 
0 68 0 0 0 0 62 0 0 0 0 78 0 0 0 10 70 7 9 3 184 220 178 163 171 
51 23 38 11 44 41 14 30 0 37 43 14 36 0 33 69 13 31 0 49 110 104 93 80 128 
202 72 0 100 0 206 65 0 104 0 205 50 0 105 0 188 60 0 105 0 203 58 0 108 0 
55 0 0 0 0 62 0 0 0 0 64 0 0 0 0 202 133 145 146 141 52 0 0 0 0 
0 0 1467 0 0 0 0 1486 0 0 0 0 1361 0 0 0 0 1488 0 0 0 0 1472 0 0 
105 3 14 65 25 147 90 75 156 99 165 80 90 127 132 106 40 36 96 32 70 0 0 41 10 
137 151 130 97 206 0 0 7 0 49 72 103 92 70 136 0 0 20 0 53 0 0 15 0 62 
45 93 0 124 0 138 187 99 226 88 116 136 90 220 96 55 87 0 118 0 37 70 0 118 0 
95 104 126 117 152 105 91 92 91 129 0 25 2 0 51 0 21 2 0 34 59 73 69 64 106 
0 77 0 0 0 33 137 34 39 32 36 155 35 39 34 31 135 23 37 36 42 122 43 43 51 
33 9 41 34 0 102 71 112 112 61 43 18 47 37 0 45 8 43 34 0 40 18 36 39 0 
155 0 0 0 0 138 0 0 0 0 237 83 107 110 114 128 0 0 0 0 141 0 0 0 0 
0 0 0 0 845 0 0 0 0 790 0 0 0 0 835 0 0 0 0 835 0 0 0 0 781 
115 123 1 150 35 121 124 2 156 65 184 192 59 263 118 99 114 14 167 70 134 183 1 205 72 
132 0 0 0 0 264 104 86 85 77 161 0 0 0 0 151 0 0 0 0 145 0 0 0 0 
0 0 0 0 0 83 61 79 68 74 0 0 0 0 0 155 124 149 157 144 0 0 0 0 0 
0 19 0 142 0 32 54 45 186 32 0 18 0 129 0 0 16 0 136 0 0 20 0 160 0 
94 67 108 126 149 54 0 87 67 68 32 1 87 81 67 106 66 129 133 131 15 1 54 59 52 
43 48 55 128 104 28 22 29 80 68 0 0 0 76 50 0 0 0 47 46 5 10 9 73 52 
0 8 60 0 0 77 92 168 78 85 0 11 65 0 0 56 76 152 47 58 0 5 62 0 0 
198 13 190 0 0 202 3 174 0 0 200 7 185 1 0 173 3 183 0 0 206 21 178 9 5 
285 99 320 129 194 352 159 376 191 235 333 165 374 207 256 215 21 196 34 138 210 60 227 31 130 
71 171 74 91 72 0 92 0 32 0 19 142 28 35 28 0 112 0 19 0 0 81 0 24 0 
0 0 31 0 58 35 46 78 44 113 55 74 89 53 120 0 0 33 0 61 0 0 49 0 58 
0 0 21 0 216 0 0 17 0 212 0 0 31 0 190 0 0 26 0 203 0 0 31 0 211 
0 0 0 53 0 0 0 0 60 0 55 61 48 141 45 0 0 0 61 0 85 82 85 161 92 
86 0 0 94 0 109 0 0 111 0 99 0 0 89 0 92 0 0 113 0 97 0 0 109 0 
0 34 82 78 0 77 171 178 187 98 134 191 219 213 116 4 56 110 112 6 55 96 109 116 38 
120 140 134 112 249 0 0 0 0 87 0 0 0 0 85 22 25 34 26 113 0 0 0 0 92 
139 256 160 144 157 0 128 0 0 0 98 205 95 99 85 3 112 2 0 3 85 204 83 65 87 
136 126 76 77 78 76 45 0 0 0 85 48 4 4 8 63 47 0 0 0 71 56 0 0 0 
0 134 0 0 0 42 192 66 70 77 0 141 0 0 0 80 220 96 90 73 0 119 0 0 0 
0 0 0 0 0 0 0 0 0 0 0 0 0 0 0 0 0 0 0 0 421 395 423 406 381 
0 0 37 0 0 73 79 92 75 87 0 0 31 0 0 77 75 84 58 79 19 24 59 22 24 
8 15 12 15 48 0 0 0 0 36 80 78 70 69 98 0 0 0 0 33 68 98 77 75 103 
0 0 0 130 0 0 0 0 123 0 0 0 0 145 0 0 0 0 146 0 76 78 82 207 90 
0 68 0 33 72 0 62 0 37 77 0 55 0 35 91 0 60 0 30 69 19 78 22 55 113 
0 112 0 0 0 0 108 0 0 0 0 106 0 0 0 0 96 0 0 0 97 185 99 105 92 
0 0 0 32 0 81 70 83 92 81 49 29 55 51 64 0 0 0 22 0 94 103 103 136 107 
0 0 119 56 0 43 46 166 111 50 0 0 103 41 0 0 0 93 39 0 0 0 130 36 0 
59 0 0 0 0 126 62 61 76 69 99 20 18 20 15 131 47 46 52 41 58 0 0 0 0 
83 35 33 110 37 39 0 0 91 0 48 0 0 85 0 83 35 30 120 32 55 0 0 83 0 
0 0 42 36 0 0 0 37 36 0 101 99 130 125 97 0 0 43 45 0 0 0 53 40 0 
44 2 0 120 131 114 87 115 161 230 32 3 4 107 130 58 22 27 122 121 45 52 45 120 137 
3 7 53 101 8 0 0 53 78 0 53 32 108 126 49 28 41 76 130 36 0 0 48 86 0 
51 1 39 47 9 36 3 37 41 14 123 70 117 115 73 69 16 44 41 14 47 0 37 49 0 
44 0 60 0 62 42 0 61 0 57 35 0 74 0 76 99 59 117 69 121 32 0 61 0 64 
91 23 176 107 65 73 9 141 68 33 55 0 128 35 14 155 61 196 101 102 102 29 185 81 67 
11 104 157 26 107 139 198 284 150 221 31 103 199 65 164 0 37 146 3 109 76 96 207 105 192 
19 21 22 57 48 40 36 34 75 72 0 0 0 31 29 0 0 0 21 17 75 89 89 123 99 
18 30 0 86 0 29 48 0 105 0 80 77 42 132 55 25 39 0 103 0 40 33 0 82 0 
0 0 62 0 0 175 153 222 157 186 0 0 64 0 0 0 0 75 0 0 0 0 77 0 0 
13 7 0 0 79 18 2 0 0 81 68 81 68 61 148 26 25 19 18 88 117 153 120 130 172 
59 11 10 5 20 86 60 62 64 64 94 73 78 86 83 39 0 5 0 11 34 11 14 7 21 
18 92 65 15 29 0 81 62 5 6 0 67 39 0 18 0 72 46 5 12 42 116 93 38 75 
154 203 97 99 104 73 66 48 26 22 44 51 17 0 0 41 49 13 0 0 32 47 13 0 0 
103 0 0 1 0 93 0 0 0 0 112 0 0 21 0 110 0 0 1 0 134 16 28 50 30 
61 88 3 15 10 57 55 0 0 0 47 75 7 0 6 66 76 26 30 32 82 91 56 32 45 
38 76 42 71 29 0 62 11 41 16 2 51 11 46 18 0 43 14 31 13 39 104 64 97 78 
0 0 57 28 11 0 0 45 36 3 0 0 44 40 5 42 53 122 97 65 53 53 100 96 64 
29 38 26 22 31 0 0 0 0 0 71 59 57 62 55 0 0 0 0 0 120 107 98 114 110 
45 38 37 32 44 0 0 17 0 0 0 0 22 0 0 53 44 98 64 49 137 103 155 147 125 
33 34 94 36 51 0 0 52 0 16 59 48 118 40 52 0 0 45 0 0 0 3 46 17 0 
0 0 180 32 0 0 0 141 23 0 19 20 156 37 18 0 0 166 23 0 0 0 162 23 0 
44 71 0 0 0 73 101 38 40 31 74 114 19 14 11 87 130 43 47 45 38 76 0 0 0 
88 120 73 55 67 11 46 0 0 0 73 134 64 53 59 36 71 27 19 17 24 58 0 0 0 
0 118 110 163 0 0 130 120 165 1 0 110 124 168 3 0 118 116 159 0 0 130 120 167 0 
13 0 0 131 0 9 0 0 95 0 91 66 86 188 84 11 0 0 99 0 20 1 0 105 1 
62 83 53 51 78 14 66 12 9 38 51 84 42 39 70 5 40 0 0 34 14 69 9 11 37 
178 214 71 129 138 218 330 130 152 244 176 269 125 137 174 105 151 11 45 80 331 421 220 261 306 
69 164 137 86 94 7 41 68 13 3 33 79 112 39 29 22 72 56 12 23 0 67 52 0 0 
15 42 19 12 98 22 48 38 10 143 17 28 20 8 87 87 110 97 72 207 36 58 49 42 129 
675 507 512 393 500 492 247 266 185 238 477 343 345 224 297 389 190 170 79 189 567 365 409 336 391 
109 69 0 3 1 188 171 85 90 88 85 95 1 0 0 110 90 26 16 27 68 73 0 0 0 
158 314 129 155 130 245 391 155 268 191 122 285 89 155 78 37 190 1 46 0 90 207 75 117 28 
0 0 0 0 56 0 0 0 0 68 0 0 0 0 80 0 0 0 0 61 158 176 162 175 205 
73 6 40 0 14 152 16 88 40 52 146 61 100 53 72 183 85 148 73 110 143 43 58 23 30 
150 0 0 54 0 156 0 0 55 0 140 0 0 40 0 168 0 0 46 0 150 0 0 41 0 
158 109 138 211 96 33 1 74 109 2 84 44 126 171 61 57 7 92 93 25 47 0 77 77 0 
60 101 74 158 143 0 10 3 85 47 0 15 6 61 61 0 10 11 74 50 33 36 28 92 53 
152 135 70 68 0 220 171 130 117 131 134 95 63 43 24 263 205 168 135 114 193 186 136 57 55 
58 129 50 57 53 0 55 0 0 0 5 80 4 5 3 0 64 0 0 0 76 154 61 76 65 
0 0 0 16 0 0 0 0 19 0 0 0 0 18 0 0 0 0 18 0 166 172 202 206 200 
41 0 0 21 27 109 86 77 96 94 42 0 0 16 22 39 0 0 20 31 43 0 0 20 23 
45 0 35 78 89 15 1 28 96 73 59 20 46 125 101 23 0 37 80 87 121 77 113 186 197 
0 90 71 0 79 0 86 81 0 87 0 98 65 0 69 0 83 81 0 76 0 107 77 0 80 
48 23 57 43 31 71 55 90 53 55 25 19 35 19 13 55 48 104 69 52 7 0 31 2 0 
81 0 0 0 55 77 0 0 0 49 98 0 0 0 59 74 0 0 0 52 212 107 84 102 162 
76 115 11 141 99 57 135 0 125 111 55 103 0 139 68 213 258 148 281 195 111 214 94 195 154 
70 87 96 74 62 8 35 39 13 7 0 14 44 0 0 56 69 84 50 45 21 29 54 17 13 
0 0 0 151 36 0 0 0 172 29 29 30 18 173 53 0 0 0 170 35 0 0 0 148 45 
0 0 0 148 12 150 136 124 319 169 0 0 0 162 15 119 122 114 251 110 0 0 0 133 8 
49 140 195 213 77 18 118 145 209 27 53 152 170 192 68 51 191 205 255 105 97 154 211 271 102 
0 0 0 1269 0 0 0 0 1264 0 0 0 0 1266 0 1 2 4 1339 2 0 0 0 1272 0 
195 0 0 0 0 197 13 17 16 20 178 0 0 0 0 196 0 0 0 0 166 0 0 0 0 
92 0 0 0 0 117 0 0 0 0 122 0 0 0 0 101 0 0 0 0 206 88 85 89 99 
302 37 136 86 112 248 0 36 2 9 463 131 189 138 161 477 269 387 273 286 322 67 129 90 104 
5 46 0 0 0 0 54 0 0 18 0 42 2 0 4 0 0 0 0 0 0 36 0 1 16 
58 90 149 126 98 0 0 51 0 0 0 0 77 0 0 0 0 55 0 0 204 219 238 232 209 
0 9 0 76 205 132 143 134 233 348 0 4 3 76 251 0 0 0 84 237 124 144 121 188 312 
11 20 88 11 239 2 0 57 6 173 109 105 163 112 274 135 129 219 161 323 1 0 68 0 190 
116 297 321 248 97 127 219 323 183 53 119 256 278 188 108 30 179 250 120 17 62 213 239 149 3 
0 0 190 0 36 0 0 213 0 30 0 0 197 0 28 0 0 186 0 21 0 0 177 0 30 
0 0 0 41 0 83 75 54 115 64 0 0 0 26 0 51 56 63 100 59 51 55 50 112 44 
0 0 43 51 0 63 46 92 85 60 0 0 35 33 0 51 47 88 74 42 36 28 74 65 26 
63 26 29 68 75 42 0 0 29 59 57 0 0 26 38 58 0 0 35 38 91 45 47 77 84 
