839 755 633 713 739 1031 1034 950 1005 968 582 582 545 627 644 975 915 816 905 908 581 452 390 462 519 
282 233 267 248 245 0 1 0 0 0 161 157 149 146 163 0 0 0 0 0 0 0 0 0 0 
114 39 28 159 189 71 0 0 153 132 146 45 22 211 213 53 0 0 94 134 82 0 1 103 110 
152 0 108 154 172 212 37 198 232 219 304 130 291 352 333 248 40 158 211 220 167 0 122 215 146 
170 36 114 138 29 150 17 83 111 0 131 33 96 109 6 131 3 47 119 0 298 207 269 348 211 
111 7 20 0 95 89 1 14 0 98 205 87 107 84 192 187 83 108 67 164 235 113 127 113 253 
0 0 0 0 0 0 0 0 0 0 1029 1036 986 1017 1051 0 0 0 0 0 0 0 0 0 0 
0 0 0 280 0 1 0 3 275 1 122 111 108 399 132 122 112 101 417 137 1 0 0 275 0 
18 8 16 208 9 0 1 0 221 0 44 47 35 211 32 0 0 0 182 0 4 7 3 226 3 
0 0 0 0 0 0 0 0 0 0 0 0 0 0 0 71 80 95 90 108 214 214 192 232 204 
85 94 67 75 188 0 9 0 0 127 0 3 0 0 118 1 5 0 0 123 98 88 89 85 208 
154 154 165 174 168 0 0 0 0 0 0 0 0 0 0 0 0 0 0 0 93 90 65 76 88 
0 0 0 0 0 0 0 0 0 0 0 0 0 0 0 425 430 415 407 412 193 179 181 186 202 
0 203 0 0 86 0 180 0 0 107 110 323 142 107 216 0 181 0 0 103 0 224 0 0 80 
820 0 0 0 0 808 0 0 0 0 796 0 0 0 0 826 0 0 0 0 845 0 0 0 0 
12 4 182 140 165 83 75 265 203 262 109 120 263 247 271 192 181 378 326 343 106 91 244 196 308 
108 172 96 173 86 83 108 74 145 98 0 62 0 48 0 63 118 81 123 67 0 42 0 46 0 
37 7 12 9 24 136 104 128 101 125 29 0 0 0 15 26 0 0 0 27 132 111 116 124 133 
0 0 162 0 0 2 0 155 0 0 0 0 168 0 0 191 158 295 153 168 0 0 156 0 0 
0 64 43 46 0 0 77 41 45 0 35 96 90 97 33 0 70 47 47 0 0 69 55 42 0 
1 0 0 2 153 146 109 143 140 270 138 129 120 119 241 0 1 0 0 122 94 89 95 88 211 
0 0 0 0 0 0 0 0 0 0 0 0 0 0 0 1016 1068 1080 1052 990 0 0 0 0 0 
0 15 64 171 0 0 20 65 142 0 0 18 56 173 0 0 18 61 178 0 0 18 63 186 0 
82 141 67 157 161 11 47 14 72 69 14 55 27 77 96 0 55 0 55 67 0 40 0 63 67 
116 135 147 75 7 106 142 193 73 4 310 307 354 314 216 116 111 156 72 3 268 249 350 215 141 
62 8 19 91 14 65 0 0 111 0 191 147 130 216 125 50 0 0 89 0 90 38 38 157 35 
104 77 40 41 32 126 90 44 50 28 48 43 13 0 0 75 66 19 11 12 75 47 9 0 0 
0 0 216 87 0 0 0 222 72 0 0 0 280 88 0 0 0 258 64 0 0 0 207 64 0 
108 140 142 93 91 0 44 56 0 0 0 43 55 0 0 36 65 91 32 29 0 41 79 0 1 
63 51 67 66 58 96 114 101 111 98 22 39 42 35 37 0 0 0 0 0 0 0 0 0 0 
0 0 0 170 0 0 0 0 179 0 222 225 213 402 246 0 0 0 174 0 0 0 0 162 0 
0 0 0 0 0 160 150 187 154 158 0 0 0 0 0 0 0 0 0 0 78 56 72 70 81 
159 15 19 100 71 167 54 69 158 124 268 105 111 203 182 118 0 0 101 58 237 100 111 217 149 
0 75 0 0 0 0 75 0 0 0 0 59 0 0 0 104 141 75 114 75 48 118 43 48 47 
0 0 94 0 0 85 85 176 105 104 0 0 92 0 0 6 9 97 2 7 14 12 81 9 14 
257 220 193 266 119 115 87 80 90 0 78 83 56 77 0 267 236 167 257 118 134 121 83 117 0 
0 45 0 126 0 0 51 0 145 0 0 50 0 144 0 66 145 71 226 74 0 58 0 133 0 
0 0 0 0 77 83 77 77 64 144 86 71 68 79 134 0 0 0 0 74 0 0 0 0 85 
82 280 316 73 222 35 182 213 4 134 85 266 319 77 237 114 284 316 103 242 198 312 354 147 245 
0 64 40 0 106 21 69 60 18 125 32 111 94 43 104 0 88 31 0 97 0 82 34 0 101 
101 83 95 106 108 13 0 0 32 0 12 0 0 35 0 16 0 0 37 0 80 59 55 97 73 
85 0 74 0 0 69 0 86 0 0 127 57 124 51 54 108 17 92 14 14 73 0 83 0 0 
0 22 104 0 120 0 15 79 0 125 1 17 86 0 128 0 14 100 0 158 0 16 84 0 113 
14 47 137 64 16 49 65 134 91 40 0 36 111 31 0 40 67 140 90 30 0 26 104 48 0 
0 83 0 0 0 0 80 0 0 0 168 287 151 175 159 0 113 0 0 0 16 91 21 31 32 
0 0 0 86 0 70 76 64 141 88 0 0 0 84 0 0 0 0 89 0 83 76 66 179 70 
51 0 94 48 0 59 0 113 57 0 61 0 96 52 0 49 0 103 53 0 47 0 98 50 0 
77 46 0 29 0 103 73 16 47 24 92 86 0 25 0 110 53 0 41 0 87 58 0 33 0 
0 0 0 0 43 258 247 253 257 282 0 0 0 0 47 0 0 0 0 50 0 1 0 0 52 
107 60 70 121 86 74 43 56 117 76 25 0 0 62 11 35 0 0 60 14 42 12 9 64 27 
29 55 8 6 10 17 48 0 0 0 21 73 0 0 0 125 160 123 115 111 27 72 0 0 0 
0 0 0 24 0 193 177 202 206 167 0 0 0 23 0 0 0 0 23 0 0 0 0 19 0 
83 89 143 149 104 0 0 55 68 0 0 0 82 63 0 0 0 73 60 0 0 0 68 66 0 
68 60 64 51 74 41 0 0 0 10 84 66 50 54 79 30 0 0 0 22 100 56 47 51 67 
0 0 32 0 81 0 0 48 7 98 0 0 43 0 92 0 4 30 0 101 111 105 144 95 200 
60 116 155 67 79 31 91 107 29 27 0 35 79 0 0 0 38 81 0 0 0 46 70 0 0 
0 0 117 0 0 0 0 100 0 0 79 124 222 120 111 0 0 93 0 0 0 0 112 0 0 
105 115 34 56 131 36 42 0 0 81 49 62 0 0 73 45 44 0 0 74 67 48 0 0 81 
0 49 0 23 36 60 115 57 80 94 0 59 0 27 38 0 55 0 39 40 26 65 22 53 63 
11 9 109 5 13 0 0 105 0 0 0 0 96 0 0 47 48 140 30 33 90 90 176 81 103 
0 0 0 51 75 88 81 63 117 163 0 0 0 49 73 0 0 0 36 84 0 0 0 47 73 
91 163 78 73 82 22 106 0 0 0 30 115 6 8 9 22 74 0 0 0 24 78 0 2 0 
77 38 105 53 108 21 0 44 11 66 22 0 47 9 82 22 0 57 11 65 15 0 44 11 69 
63 2 19 0 2 71 8 7 0 0 106 36 65 59 79 92 5 0 0 0 139 84 89 93 72 
29 34 117 44 51 0 0 81 0 0 0 0 77 0 2 2 0 70 0 2 42 35 112 32 40 
0 61 67 0 0 0 65 44 0 0 21 102 71 21 21 28 103 38 36 32 0 61 52 0 0 
0 0 89 0 44 19 23 100 25 71 0 0 77 0 29 0 3 94 0 29 0 0 94 0 27 
0 2164 0 0 0 0 2234 0 0 0 0 2071 0 0 0 0 2157 0 0 0 0 2096 0 0 0 
31 123 106 21 4 88 192 186 94 59 5 128 102 2 0 32 208 155 79 37 0 99 89 0 0 
64 121 101 0 0 63 147 132 0 0 80 152 121 0 0 83 141 120 0 0 60 132 120 0 0 
0 82 0 103 0 77 158 79 179 75 71 148 41 144 39 0 76 0 96 0 0 98 0 102 0 
0 0 0 0 0 1282 1230 1240 1204 1268 0 0 0 0 0 0 0 0 0 0 0 0 0 0 0 
0 0 80 125 0 0 0 75 106 0 0 0 81 127 0 0 0 81 125 0 0 0 72 128 0 
127 44 46 81 37 135 49 46 93 53 80 0 0 34 0 71 0 0 34 0 81 0 0 43 0 
0 122 0 0 91 0 155 0 0 71 0 160 0 0 90 0 138 0 0 85 0 152 0 0 110 
235 315 223 238 83 157 311 134 130 24 320 471 300 314 140 300 405 314 298 138 235 379 302 237 147 
93 87 291 305 100 0 0 199 209 1 116 129 305 331 110 0 0 188 218 11 1 19 214 211 16 
134 95 108 126 241 12 16 5 7 161 9 10 8 7 165 210 203 163 187 349 212 238 223 213 373 
0 126 0 0 0 0 115 0 0 0 0 128 0 0 0 7 113 5 6 5 268 340 277 257 258 
58 24 45 13 56 51 19 42 0 49 50 18 39 0 32 76 15 38 0 47 142 119 113 88 141 
201 75 0 101 0 204 73 0 100 0 205 59 0 102 0 191 72 0 104 0 197 57 0 111 0 
0 0 1449 0 0 0 0 1477 0 0 0 0 1364 0 0 0 0 1482 0 0 0 0 1435 0 0 
78 1 14 51 29 100 60 55 105 77 102 65 69 84 87 73 27 23 69 31 57 0 0 28 9 
90 93 100 69 161 0 0 8 0 41 53 65 61 56 94 0 0 17 0 49 0 0 13 0 58 
50 105 0 128 0 159 217 114 227 100 126 155 83 237 83 60 98 0 124 0 42 83 0 115 0 
85 104 98 104 155 92 97 77 69 97 0 21 0 0 44 0 23 0 0 32 65 76 67 57 98 
0 85 0 0 1 37 135 31 39 44 53 154 41 38 39 30 140 25 32 38 44 138 46 45 53 
33 11 40 34 0 98 66 108 112 62 43 20 46 37 0 47 5 42 33 0 41 20 37 39 0 
149 0 0 0 0 134 0 0 0 0 220 79 100 104 100 124 0 0 0 0 135 0 0 0 0 
0 0 0 0 824 0 0 0 0 783 0 0 0 0 835 0 0 0 0 829 0 0 0 0 765 
75 115 101 196 176 0 7 4 94 48 0 12 6 65 61 0 10 10 87 64 27 38 30 116 68 
123 0 0 0 0 248 103 94 87 72 145 0 0 0 0 153 0 0 0 0 140 0 0 0 0 
0 0 0 0 0 82 61 74 71 78 0 0 0 0 0 150 121 156 149 146 0 0 0 0 0 
0 21 0 143 0 33 55 46 186 32 0 19 0 132 0 0 16 0 136 0 0 20 0 160 0 
143 63 103 113 165 106 0 71 47 66 105 10 101 76 70 207 99 167 131 154 72 0 44 28 46 
63 60 65 171 138 35 32 38 97 96 0 0 0 97 77 0 0 0 52 58 7 15 11 99 71 
0 10 73 0 0 112 125 222 114 128 0 11 87 0 0 75 103 212 56 81 0 8 74 0 1 
124 0 122 0 0 115 0 91 0 0 103 1 115 5 0 80 0 113 0 0 122 11 99 13 10 
330 134 354 156 247 376 193 422 226 245 350 152 407 190 250 206 27 240 39 132 195 55 267 16 145 
72 173 72 92 68 0 95 0 31 0 19 143 29 35 28 0 117 0 16 0 0 83 0 23 0 
0 0 33 0 58 35 46 78 44 113 55 74 89 53 121 0 0 33 0 61 0 0 49 0 58 
0 0 19 0 226 0 0 17 0 221 0 0 30 0 203 0 0 30 0 225 0 0 28 0 236 
0 0 1 56 0 0 0 0 63 0 57 60 46 145 48 0 0 0 62 0 87 82 85 164 87 
115 0 0 121 0 143 0 0 140 0 137 0 0 124 0 128 0 0 137 0 128 0 0 137 0 
0 48 82 59 0 103 189 189 188 117 165 217 230 209 136 9 73 110 103 22 73 126 125 121 50 
96 117 108 100 195 0 0 0 0 69 0 0 0 0 65 20 22 25 20 94 0 0 0 0 70 
93 199 109 99 101 0 109 0 0 0 65 164 73 71 60 4 107 6 0 8 87 189 75 73 89 
136 126 76 78 78 76 45 0 0 0 85 47 4 4 8 63 47 0 0 0 71 56 0 0 0 
0 129 0 0 0 40 194 64 62 69 0 141 0 0 0 67 208 82 92 70 0 130 0 0 0 
0 0 0 0 0 0 0 0 0 0 0 0 0 0 0 0 0 0 0 0 444 415 449 432 395 
0 0 37 0 0 73 79 92 75 87 0 0 31 0 0 77 75 85 59 79 19 25 59 22 26 
8 15 17 18 53 0 0 0 0 37 93 96 77 79 106 0 0 0 0 38 71 109 89 82 115 
0 0 0 130 0 0 0 0 113 0 0 0 0 141 0 0 0 0 145 0 81 75 79 203 84 
0 68 0 34 72 0 64 0 37 75 1 56 0 36 91 2 60 0 32 73 19 78 25 56 113 
0 24 0 13 0 86 92 75 59 83 75 73 74 65 78 0 13 0 10 0 120 142 126 136 120 
0 0 117 55 0 43 45 155 106 50 0 0 102 38 0 0 0 89 37 0 0 0 126 35 0 
75 0 0 0 0 144 77 71 82 80 121 25 22 22 18 157 50 57 57 50 67 0 0 0 0 
83 35 33 111 37 39 0 0 91 0 48 0 0 85 0 83 35 30 120 32 55 0 0 83 0 
0 0 63 43 0 0 0 55 43 0 101 99 149 132 97 0 0 62 47 0 0 0 67 42 0 
3 6 47 98 7 0 0 48 73 0 48 29 101 117 45 28 37 67 114 36 0 0 47 78 0 
52 7 46 50 11 45 6 38 42 23 133 78 124 108 84 74 20 49 61 18 48 0 44 43 0 
40 0 55 0 56 39 0 57 0 52 26 0 66 0 71 88 51 106 66 105 30 0 56 0 54 
70 23 152 82 51 66 7 128 84 30 53 0 115 32 14 125 48 192 100 82 86 34 169 71 58 
18 100 166 37 151 131 188 302 119 248 28 96 186 44 166 0 30 154 1 108 61 138 199 85 210 
32 38 31 94 72 55 53 46 102 93 0 0 0 44 43 0 0 0 31 19 106 110 125 154 131 
17 31 0 81 0 27 47 0 103 0 77 71 40 128 53 25 38 0 103 0 40 33 0 79 0 
0 0 54 0 0 157 142 198 144 168 0 0 58 0 0 0 0 72 0 0 0 0 66 0 0 
59 11 10 4 19 83 60 62 63 62 91 72 77 86 82 39 0 1 0 11 33 11 14 6 21 
21 150 91 19 51 4 125 75 9 25 0 114 53 0 35 0 128 62 7 19 48 174 117 43 91 
148 210 112 101 98 70 68 45 22 23 42 70 17 0 0 42 48 13 0 0 29 58 16 0 0 
66 67 5 0 0 66 36 0 0 0 66 73 18 4 18 78 84 52 46 52 71 41 31 0 36 
38 78 42 72 29 0 63 11 43 16 0 50 10 45 18 0 43 13 32 11 39 105 68 100 84 
0 0 62 33 13 0 0 52 33 0 0 0 47 44 8 50 58 138 103 71 56 51 112 104 68 
30 42 27 23 31 0 0 0 0 0 73 63 60 65 58 0 0 0 0 0 127 112 106 120 120 
35 21 10 25 27 0 0 0 0 0 0 0 10 0 0 60 53 86 64 62 118 79 113 129 111 
20 33 99 8 27 0 0 56 0 0 59 53 131 37 33 0 0 53 0 0 5 0 60 0 0 
0 0 97 3 0 0 0 66 2 0 19 15 55 0 15 0 0 77 2 0 0 0 92 0 0 
43 73 0 0 0 67 98 38 30 29 68 112 17 12 9 80 120 37 39 41 38 71 0 0 0 
116 150 78 72 74 13 58 0 0 0 95 170 74 56 73 41 90 33 29 26 28 65 0 0 0 
0 117 108 166 0 0 127 119 164 1 0 108 120 167 0 0 117 115 156 0 0 129 116 164 1 
15 0 0 207 0 11 0 0 143 0 143 108 134 266 109 17 0 0 136 0 27 0 0 154 0 
163 200 44 110 110 205 301 100 138 200 174 222 89 141 148 116 146 6 55 73 288 356 172 217 240 
52 144 101 67 78 5 33 51 9 0 24 62 86 28 25 22 65 50 11 20 0 50 39 0 0 
3 17 17 0 80 16 23 29 6 134 3 15 17 9 67 64 80 80 67 168 29 39 45 24 118 
558 400 485 355 448 422 139 191 137 207 436 250 271 151 256 306 96 107 39 141 513 313 405 318 362 
84 58 1 2 0 172 148 74 72 68 91 79 0 0 0 92 91 22 14 17 64 65 0 0 0 
156 316 144 152 145 268 385 168 279 194 149 288 115 151 88 23 197 0 33 0 85 213 65 91 51 
0 0 0 0 56 0 0 0 0 57 0 0 0 0 67 0 0 0 0 61 138 166 151 159 190 
150 0 0 54 0 156 0 0 55 0 141 0 0 40 0 168 0 0 46 0 149 0 0 41 0 
212 164 219 295 146 39 1 115 145 5 118 51 177 236 107 61 11 115 121 33 63 0 104 90 2 
106 81 64 29 29 157 124 106 87 106 93 55 38 29 18 216 133 142 112 133 150 165 117 47 87 
69 156 61 77 70 0 69 0 0 0 8 92 4 6 4 0 76 0 0 0 97 190 76 99 75 
0 0 0 17 0 0 0 0 23 0 0 0 0 19 0 0 0 0 21 0 188 199 224 227 230 
56 8 50 115 92 22 5 40 111 84 67 26 48 135 106 17 0 32 79 77 124 84 122 193 200 
0 94 68 0 78 0 89 73 0 81 0 99 63 0 63 0 93 86 0 97 0 118 83 0 89 
47 22 56 39 33 71 51 91 56 56 22 16 33 20 13 55 43 102 70 49 8 0 32 0 0 
74 0 0 0 51 64 0 0 0 47 80 0 0 0 57 67 0 0 0 48 165 85 73 88 140 
55 82 0 78 49 33 76 1 82 54 54 66 5 122 72 123 170 98 174 124 78 122 29 109 75 
100 120 120 93 81 13 47 57 17 10 0 14 52 0 0 71 84 101 65 53 28 36 69 23 18 
0 0 0 140 35 0 0 0 157 28 27 29 16 157 49 0 0 0 149 34 0 0 0 138 38 
0 0 0 188 10 233 203 181 453 253 0 0 0 207 14 157 165 162 352 154 0 0 0 186 13 
56 151 185 203 75 41 99 131 164 19 82 149 168 205 77 76 215 200 270 89 100 142 199 282 104 
0 0 0 1276 0 0 0 0 1287 0 0 0 0 1310 0 0 0 1 1349 0 0 0 0 1317 0 
210 0 0 0 0 217 13 22 17 23 187 0 0 0 0 207 0 0 0 0 186 0 0 0 0 
92 0 0 0 0 117 0 0 0 0 122 0 0 0 0 102 0 0 0 0 206 88 85 89 99 
186 84 69 99 94 87 0 0 12 12 167 40 46 60 45 179 36 54 101 74 221 141 108 158 116 
69 67 149 99 82 0 0 54 0 0 1 0 70 0 0 0 0 61 0 0 166 173 238 183 188 
2 14 0 89 220 127 132 123 243 355 1 32 0 94 259 0 19 0 95 267 124 152 123 181 308 
8 13 74 7 239 2 0 64 7 182 114 105 179 122 297 146 149 217 178 351 4 1 64 2 193 
103 240 247 184 78 133 232 263 151 90 136 243 243 148 107 39 165 175 72 14 41 192 184 123 9 
129 0 0 10 0 111 0 0 0 0 126 0 0 0 0 118 0 0 0 0 157 23 32 49 33 
49 68 35 35 49 0 44 0 0 28 51 84 45 40 66 7 36 0 0 29 0 60 0 0 27 
617 631 652 687 642 0 0 0 0 0 0 0 0 0 0 0 0 0 0 0 0 0 0 0 0 
85 73 0 0 0 124 88 25 18 17 169 111 40 43 31 107 78 0 0 0 125 110 27 27 34 
27 0 0 53 64 66 41 38 82 113 18 0 1 55 60 34 9 13 49 55 27 21 27 64 69 
17 8 0 0 78 15 2 0 0 77 78 76 57 51 149 23 27 19 16 90 106 132 100 106 145 
56 0 0 0 0 63 0 0 0 0 65 0 0 0 0 202 134 145 146 142 52 0 0 0 0 
74 162 126 125 139 110 268 166 168 226 18 123 58 62 74 131 215 140 182 168 132 240 177 177 186 
0 0 0 0 0 31 35 29 18 22 0 0 0 0 0 56 66 65 64 87 100 94 96 97 127 
145 10 73 10 18 191 1 60 9 18 259 79 154 92 105 262 163 235 154 155 224 46 90 31 44 
32 0 38 0 0 30 0 27 0 0 29 0 25 2 0 107 77 126 103 100 42 6 44 0 4 
0 0 189 0 37 0 0 213 0 31 0 0 186 0 25 0 0 186 0 24 0 0 178 0 29 
123 64 1 127 45 120 76 0 108 63 132 104 34 143 75 100 62 0 113 49 86 64 0 117 44 
41 66 43 62 33 12 22 0 24 0 61 83 51 88 37 12 43 6 36 5 56 56 54 80 29 
0 0 52 69 1 73 59 112 104 68 0 0 47 51 0 69 59 107 97 50 50 30 96 91 39 
9 0 0 0 20 0 50 0 0 0 0 1 0 0 1 36 42 54 50 51 0 0 0 0 0 
0 238 0 217 0 0 205 0 211 0 9 240 8 218 7 0 205 0 209 0 0 219 0 228 0 
101 19 88 0 0 114 12 99 0 0 115 9 99 0 0 124 6 94 0 0 120 18 103 0 0 
