888 857 621 646 804 1164 1252 1016 980 1072 695 687 545 610 735 1057 987 916 931 1082 673 531 414 455 669 
213 169 230 209 196 0 2 0 0 0 140 108 140 125 133 0 0 0 0 0 0 0 0 0 0 
151 65 40 279 269 79 0 0 139 180 195 73 30 260 278 75 0 0 109 141 69 0 0 111 150 
142 0 107 152 147 171 24 172 215 217 276 128 287 310 328 232 44 158 211 219 136 1 116 199 149 
168 44 112 178 49 157 12 89 135 4 163 38 93 124 30 141 4 55 142 1 328 190 293 354 195 
92 5 23 0 79 80 0 16 0 94 161 81 88 78 161 140 58 83 61 132 193 95 112 89 204 
0 0 0 0 0 0 0 0 0 0 1009 1022 967 998 1031 0 0 0 0 0 0 0 0 0 0 
0 0 0 253 0 0 0 4 248 0 122 112 99 378 116 103 104 94 385 134 0 0 0 236 0 
15 9 13 198 5 0 0 0 200 0 42 50 40 200 35 0 0 0 168 0 3 7 3 194 4 
0 0 0 0 0 0 0 0 0 0 0 1 1 0 0 63 72 68 66 90 188 175 164 204 175 
89 98 78 68 203 0 10 0 0 121 0 3 0 0 127 0 4 0 0 136 90 97 88 83 200 
147 143 153 158 153 0 0 0 0 0 0 0 0 0 0 0 0 0 0 0 79 83 66 69 83 
0 0 0 0 0 0 0 0 0 0 0 0 0 0 0 431 430 417 419 415 192 179 182 188 203 
0 210 0 0 89 0 201 0 0 103 135 364 167 145 222 0 202 0 0 103 0 228 0 0 90 
816 0 0 0 0 813 0 0 0 0 806 0 0 0 0 845 0 0 0 0 851 0 0 0 0 
35 17 185 143 177 56 21 210 159 164 113 116 269 246 218 208 193 379 317 301 141 91 258 208 281 
82 123 81 137 73 60 71 60 108 69 0 39 0 45 0 44 86 40 82 45 0 35 0 42 0 
32 8 11 7 16 118 87 92 96 105 32 0 0 0 19 23 0 0 0 24 113 99 83 92 128 
0 0 175 0 0 0 0 165 0 0 0 0 175 0 0 177 171 318 149 155 0 0 163 0 0 
0 64 43 46 0 0 78 43 45 0 35 96 90 98 33 0 70 47 47 0 0 69 55 42 0 
2 1 0 3 153 162 124 127 157 278 155 129 129 137 245 10 10 0 0 131 84 88 98 103 209 
0 0 0 0 0 0 0 0 0 0 0 0 0 0 0 1001 1062 1075 1043 970 0 0 0 0 0 
0 18 51 132 0 0 17 52 113 0 0 18 46 141 0 0 17 50 139 0 0 15 51 138 0 
69 52 0 0 0 87 69 16 14 13 138 90 37 35 28 94 65 0 0 0 102 95 25 23 32 
90 159 109 202 199 5 50 22 83 71 12 60 21 94 97 0 49 0 82 74 0 49 0 74 90 
96 128 126 82 0 93 142 176 99 2 326 343 363 330 232 127 140 143 82 0 287 244 304 252 133 
79 18 13 103 17 76 0 0 114 0 213 143 132 225 130 71 0 0 106 0 117 50 51 178 40 
111 88 42 45 31 128 101 48 55 30 49 50 16 0 0 82 73 17 10 15 79 46 11 0 0 
0 0 175 74 0 0 0 194 71 0 0 0 232 63 1 0 0 214 61 0 0 0 159 58 0 
123 162 160 117 102 0 47 65 0 0 0 51 70 0 0 38 73 103 34 41 0 48 97 0 1 
69 58 69 75 65 101 126 111 118 103 25 42 46 44 41 0 0 0 0 0 0 0 0 0 0 
0 0 0 171 0 0 0 0 177 0 242 241 230 421 254 0 0 0 177 0 0 0 0 160 0 
0 0 0 0 0 163 158 183 138 143 0 0 0 0 0 0 0 0 0 0 74 58 73 65 83 
148 13 21 111 66 166 42 64 157 135 270 101 89 206 178 120 0 0 91 50 252 99 104 202 155 
0 77 0 0 0 0 76 0 0 0 0 60 0 0 0 103 139 74 115 77 48 123 46 48 49 
0 0 100 0 0 87 91 183 109 110 0 0 94 0 0 7 10 106 4 8 14 13 90 11 16 
263 260 212 264 125 133 119 77 113 0 92 115 64 105 0 276 282 197 293 137 143 156 84 143 0 
0 0 0 0 0 34 38 34 24 29 0 0 0 0 0 72 72 81 81 114 121 107 107 111 146 
0 226 0 180 0 0 185 0 179 0 0 199 1 173 0 0 191 0 175 0 0 199 0 185 0 
0 43 0 121 0 0 54 0 136 0 0 48 0 136 0 62 127 70 203 77 0 59 0 125 0 
0 0 0 0 72 77 67 74 59 130 86 68 77 77 125 0 0 0 0 71 0 0 0 0 77 
67 254 317 33 225 53 192 240 3 163 78 262 345 63 239 116 309 313 105 277 236 381 430 171 330 
0 45 33 0 76 19 60 45 13 87 27 81 87 38 76 0 59 26 0 63 0 61 27 0 66 
151 128 143 176 161 18 0 0 46 0 15 0 0 51 0 29 0 0 50 0 115 83 77 155 98 
89 0 74 0 0 83 0 83 0 0 155 64 141 66 64 124 23 95 20 15 79 0 93 0 0 
0 18 81 0 96 0 12 69 0 107 0 15 74 0 106 0 13 91 0 133 0 13 69 0 101 
15 60 148 83 16 65 83 173 119 58 0 44 121 41 0 53 79 169 115 47 0 32 109 63 0 
0 80 0 0 0 0 90 0 0 0 136 254 127 142 143 0 98 0 0 0 13 94 21 30 33 
0 0 0 78 0 68 77 57 143 94 0 0 0 78 0 0 0 0 85 0 91 68 65 173 68 
57 0 105 53 0 61 0 123 59 0 77 0 104 56 0 49 0 112 56 0 47 0 112 52 0 
77 46 0 29 0 103 73 16 47 24 92 86 0 25 0 109 53 0 41 0 88 57 0 33 0 
0 0 0 0 23 179 162 180 187 196 0 0 0 0 31 0 0 0 0 30 0 0 0 0 32 
107 53 66 135 93 70 42 65 122 80 26 0 0 69 11 41 0 0 60 15 49 15 8 64 30 
32 54 8 6 10 17 49 0 0 0 25 77 0 0 0 131 172 132 120 119 32 71 0 0 0 
0 0 0 21 0 186 170 199 197 164 0 0 0 22 0 0 0 0 22 0 0 0 0 19 0 
71 79 133 138 89 0 0 52 63 0 0 0 74 60 0 0 0 67 53 0 0 0 59 62 0 
62 54 59 48 68 40 0 0 0 11 76 60 47 48 69 30 0 0 0 22 92 48 45 49 57 
0 0 25 0 69 9 6 35 12 89 0 0 34 0 70 10 7 43 8 95 81 75 114 64 153 
55 105 137 64 70 25 77 93 26 26 0 32 70 0 0 0 37 71 0 0 0 39 66 0 0 
0 0 119 0 0 0 0 95 0 0 76 120 217 116 109 0 0 92 0 0 0 0 109 0 0 
106 128 45 64 160 43 43 0 0 101 56 69 0 0 82 45 44 0 0 79 66 47 0 0 95 
0 49 0 23 36 58 115 57 79 94 0 59 0 27 38 0 55 0 38 39 24 65 22 53 63 
9 7 99 5 12 0 0 87 0 0 0 0 83 0 0 36 39 120 27 29 75 78 150 58 85 
0 0 0 51 75 89 81 63 117 164 0 0 0 49 73 0 0 0 36 84 0 0 0 47 73 
118 199 95 82 97 25 124 0 0 0 30 129 11 8 11 27 83 0 0 0 24 96 2 0 0 
68 33 93 37 92 14 0 42 4 59 14 0 44 7 79 19 0 47 0 64 0 0 36 0 62 
43 0 1 2 2 55 0 0 0 0 59 44 14 37 61 68 0 0 8 0 155 104 79 129 102 
38 33 115 44 43 16 0 81 0 0 0 0 75 0 0 8 0 69 0 0 41 28 99 26 23 
0 62 64 0 0 0 55 43 0 0 21 104 77 21 21 30 108 60 40 41 0 62 46 0 0 
27 0 78 0 37 58 36 111 29 70 23 0 78 0 21 19 0 89 0 13 28 0 93 0 22 
0 2111 0 0 0 0 2184 0 0 0 0 2054 0 0 0 0 2124 0 0 0 0 2066 0 0 0 
23 98 134 16 11 73 180 209 102 77 6 119 105 4 0 27 151 120 63 42 4 116 94 0 0 
63 103 92 0 0 52 114 115 0 0 67 123 106 0 0 68 116 108 0 0 60 114 113 0 0 
0 93 0 120 0 92 165 80 208 99 76 166 36 193 62 0 92 0 143 0 0 109 0 96 0 
0 0 0 0 0 1315 1281 1283 1229 1292 0 0 0 0 0 0 0 0 0 0 0 0 0 0 0 
0 0 80 129 0 0 0 75 107 0 0 0 81 134 0 0 0 83 126 0 0 0 75 131 0 
155 61 51 102 53 163 61 59 114 67 101 0 0 47 0 92 0 0 39 0 90 0 0 44 0 
0 149 0 0 83 0 174 0 0 79 0 177 0 0 92 0 143 0 0 77 0 168 0 0 100 
141 254 151 213 75 72 170 37 117 0 290 439 277 338 143 158 312 168 229 43 174 361 275 248 123 
79 77 284 286 83 0 0 195 183 0 112 99 282 308 96 0 0 155 176 4 17 13 196 184 19 
146 119 115 157 264 3 22 4 17 151 10 21 7 8 155 218 229 176 198 368 217 246 235 233 378 
0 70 0 0 0 0 62 0 0 0 0 64 0 0 0 7 70 5 9 4 183 228 174 152 174 
57 41 50 13 51 59 18 29 2 49 50 13 41 0 34 82 18 45 0 56 149 117 134 95 167 
198 68 0 101 0 205 61 0 104 0 202 51 0 104 0 192 56 0 113 2 191 42 0 111 0 
0 0 1445 0 0 0 0 1467 0 0 0 0 1363 0 0 0 0 1470 0 0 0 0 1442 0 0 
78 3 8 48 22 95 64 51 99 67 86 57 61 76 67 53 22 19 63 29 49 0 0 24 10 
107 121 128 78 182 0 0 6 0 48 59 77 74 56 111 0 0 17 0 54 0 0 15 0 62 
42 84 0 111 0 133 176 95 205 80 113 128 87 206 90 51 75 0 104 0 37 68 0 106 0 
69 86 72 77 112 78 80 54 55 97 0 20 0 0 49 0 17 0 0 29 45 65 48 46 84 
0 78 0 0 0 36 143 43 40 34 38 149 33 44 34 26 131 24 30 37 44 150 42 42 54 
33 10 36 31 0 98 69 106 110 59 43 21 45 36 0 43 3 39 30 0 37 19 32 38 0 
146 0 0 0 0 125 0 1 0 0 208 81 101 102 102 120 0 0 0 0 134 0 0 0 0 
0 0 0 0 823 0 0 0 0 778 0 0 0 0 826 0 0 0 0 819 0 0 0 0 763 
120 96 0 153 41 122 123 11 174 79 156 156 46 229 99 118 115 5 153 79 120 166 0 186 67 
133 0 0 0 0 252 98 88 83 73 154 0 0 0 0 143 0 0 0 0 148 0 0 0 0 
0 0 0 0 0 84 55 74 73 70 0 0 0 0 0 180 140 169 168 175 0 0 0 0 0 
0 21 0 143 0 33 54 45 186 31 0 18 0 132 0 0 16 0 135 0 0 20 0 159 0 
144 50 106 78 145 96 0 77 40 56 104 16 121 63 78 201 108 177 117 171 87 0 47 55 62 
43 48 55 128 106 28 21 31 80 74 0 0 0 77 55 0 0 0 48 50 7 10 8 75 53 
0 11 70 1 0 92 123 207 100 100 0 9 74 0 0 62 95 204 62 73 0 9 68 0 0 
203 7 192 0 0 196 0 174 0 0 195 9 191 4 1 177 0 191 0 0 216 20 187 10 10 
336 96 355 128 215 318 144 365 166 181 329 147 344 176 216 198 14 218 54 108 182 57 253 33 109 
65 152 69 83 66 0 86 0 27 0 17 128 28 34 27 0 101 0 17 0 0 74 0 21 0 
0 0 33 0 59 35 46 77 44 114 55 74 90 53 121 0 0 33 0 61 0 0 49 0 58 
0 0 17 0 208 0 0 17 0 204 0 0 35 0 188 0 0 27 0 201 0 0 25 0 203 
0 0 0 50 0 0 0 0 59 0 56 59 45 143 46 0 0 0 59 0 85 78 84 159 86 
112 0 0 118 0 156 0 0 138 0 144 0 0 119 0 124 0 0 134 0 115 0 0 136 0 
10 50 90 74 15 101 168 177 154 98 190 222 258 226 159 15 65 106 84 8 62 103 116 124 40 
114 131 125 115 230 0 0 0 0 84 0 0 0 0 81 27 22 30 22 106 0 0 0 0 84 
116 209 126 118 122 0 109 0 0 0 74 179 82 84 76 1 94 0 0 0 58 156 59 46 60 
151 162 83 88 88 92 50 0 0 0 92 50 4 3 8 75 55 0 0 0 84 61 0 0 0 
0 117 0 0 0 38 165 52 58 64 0 143 0 0 0 66 201 92 88 69 0 120 0 0 0 
0 0 0 0 0 0 0 0 0 0 0 0 0 0 0 0 0 0 0 0 455 412 450 433 402 
0 0 37 0 0 73 79 92 75 87 0 0 31 0 0 76 75 83 59 79 19 25 59 22 26 
8 15 16 17 52 0 0 0 0 36 80 79 71 69 99 0 0 0 0 33 68 98 78 76 105 
0 0 0 137 0 0 0 0 118 0 0 0 0 142 0 0 0 0 150 0 77 78 79 203 83 
0 73 0 35 76 0 70 0 39 80 0 64 0 38 95 0 62 0 37 76 22 84 27 63 123 
0 114 0 0 0 0 111 0 0 0 0 109 0 0 0 0 98 0 0 0 100 191 103 112 94 
0 17 0 0 4 72 81 82 63 75 77 66 74 62 72 0 11 0 11 0 120 143 122 138 117 
0 0 117 55 0 42 45 155 106 50 0 0 102 39 0 0 0 89 38 0 0 0 126 35 0 
59 0 0 0 0 126 62 61 76 69 99 20 18 20 15 131 47 46 52 41 58 0 0 0 0 
83 35 33 110 36 39 0 0 91 0 48 0 0 85 0 83 35 30 120 32 54 0 0 83 0 
0 0 13 25 0 0 0 0 24 0 101 99 83 120 96 0 0 0 29 0 0 0 37 25 0 
35 0 0 71 101 94 65 62 122 182 26 1 0 75 102 47 15 19 88 114 36 32 41 88 117 
4 7 50 99 5 0 0 46 74 0 46 31 106 118 46 30 40 67 114 34 0 0 45 80 0 
58 11 52 58 11 51 9 53 57 30 137 78 139 128 94 79 21 59 66 20 62 0 52 72 5 
42 0 67 0 63 39 0 63 0 53 28 0 73 0 78 105 59 112 69 126 33 0 61 0 59 
109 16 196 108 44 79 1 178 101 28 78 0 167 40 13 217 136 280 167 134 110 25 234 101 57 
12 84 160 33 131 174 216 352 161 293 43 116 223 45 189 0 47 177 0 118 97 169 290 115 246 
24 21 31 72 61 49 38 43 94 101 0 0 0 37 31 0 0 0 25 18 99 111 126 162 118 
25 35 0 102 0 46 55 0 132 0 104 82 53 158 68 37 51 0 124 0 48 39 0 96 0 
0 0 56 0 0 165 157 218 153 179 0 0 61 0 0 0 0 73 0 0 0 0 75 0 0 
17 8 0 0 84 20 1 2 0 90 74 93 67 70 169 25 21 23 20 93 108 159 138 145 198 
88 16 9 4 37 124 87 86 80 93 145 106 111 116 120 65 0 5 0 21 50 15 17 5 36 
16 92 65 15 28 0 81 61 5 6 0 67 39 0 18 0 73 47 4 12 43 116 93 37 76 
145 194 98 97 103 77 67 47 21 23 40 51 19 0 0 41 46 14 0 0 31 42 14 0 0 
79 98 18 23 19 57 60 0 0 0 63 75 21 3 13 78 100 46 37 53 93 87 50 33 41 
38 75 43 71 29 0 62 11 42 16 1 50 11 46 19 0 43 14 31 13 39 104 64 97 78 
0 0 71 32 15 0 0 48 39 1 0 0 56 45 8 49 58 149 118 77 60 57 115 107 69 
34 39 26 25 34 0 0 0 0 0 75 63 58 72 57 0 0 0 0 0 130 113 110 121 122 
39 29 33 31 37 0 0 14 0 0 0 0 18 0 0 46 39 74 49 45 108 86 121 120 107 
38 44 106 53 55 5 9 60 14 15 60 47 125 50 54 0 0 49 0 0 0 0 49 15 2 
0 0 180 32 0 0 0 141 23 0 19 20 156 37 18 0 0 166 23 0 0 0 162 23 0 
48 78 0 0 0 73 106 41 33 29 83 121 18 15 10 92 134 42 43 47 47 75 0 0 0 
107 149 96 63 76 13 51 0 0 0 97 146 77 60 62 41 73 35 17 18 24 65 0 0 0 
0 121 117 168 0 0 134 123 169 0 0 114 128 174 0 0 124 121 165 0 0 139 123 169 0 
19 0 0 202 0 13 0 0 136 0 155 112 129 274 116 14 0 0 176 0 34 0 0 151 0 
151 170 33 94 122 199 280 100 111 221 158 196 79 99 152 88 141 9 14 98 242 326 167 185 233 
72 197 145 94 104 6 58 79 17 5 38 92 115 38 34 27 90 76 11 36 0 64 58 0 0 
8 27 14 11 66 13 29 22 10 101 9 19 15 11 52 58 84 73 51 139 31 39 36 34 94 
757 528 626 470 579 511 256 348 231 262 497 342 352 228 331 374 175 216 91 142 590 375 454 344 385 
87 68 2 5 0 159 149 65 66 67 80 72 0 0 0 95 88 22 13 18 66 58 0 0 0 
144 311 127 118 128 236 357 138 233 175 102 265 68 105 52 33 188 11 34 0 82 215 60 76 40 
0 0 0 0 55 0 0 0 0 59 0 0 0 0 78 0 0 0 0 60 147 161 150 164 200 
78 0 33 0 12 133 14 64 35 33 137 60 100 51 55 158 74 122 70 96 136 26 55 26 25 
150 0 0 54 0 156 0 0 55 0 141 0 0 40 0 168 0 0 46 0 149 0 0 41 0 
128 112 133 196 108 31 0 64 96 4 41 19 91 122 46 31 0 85 71 8 38 0 61 63 0 
71 120 99 192 168 0 8 5 98 52 0 10 4 75 59 0 16 10 102 57 33 41 43 110 70 
146 101 85 63 9 196 184 147 121 114 119 113 92 61 23 251 221 204 152 138 164 182 135 56 54 
63 133 52 62 59 0 59 0 0 0 6 87 5 5 4 0 67 0 0 0 82 161 66 80 69 
0 0 0 18 0 0 0 0 21 0 0 0 0 21 0 0 0 0 23 0 187 187 217 229 222 
14 0 0 1 33 67 85 75 73 97 0 0 0 0 36 0 0 0 0 39 27 1 0 0 28 
64 2 55 117 104 31 4 34 114 96 84 24 55 138 116 20 0 40 103 96 147 81 129 216 217 
0 90 71 0 85 0 90 76 0 90 0 121 56 0 76 0 90 90 0 88 0 114 80 0 93 
66 37 91 61 54 109 85 160 86 91 36 21 54 30 14 78 67 150 109 80 7 0 47 0 0 
85 0 0 1 59 70 0 0 0 49 92 0 0 0 58 71 0 0 0 50 187 98 87 103 160 
93 152 19 165 106 74 178 8 129 173 47 109 6 130 86 272 300 188 293 248 121 252 140 226 194 
100 103 105 100 77 7 32 30 10 7 0 12 47 0 0 72 87 98 62 56 24 17 55 22 15 
0 0 0 140 35 0 0 0 158 28 27 29 16 157 51 0 0 0 149 34 0 0 0 138 38 
0 0 0 156 13 167 150 140 372 193 1 0 0 190 19 131 144 125 296 131 0 0 0 147 8 
36 142 192 188 57 18 71 134 186 15 72 119 195 203 64 41 196 163 264 100 102 137 200 259 87 
0 0 0 1274 0 0 2 0 1290 1 0 0 0 1300 0 0 0 0 1353 0 0 0 0 1307 0 
193 0 0 0 0 195 13 18 16 20 175 0 0 0 0 194 0 0 0 0 162 0 0 0 0 
91 0 0 0 0 117 0 0 0 0 122 0 0 0 0 102 0 0 0 0 206 88 85 89 99 
133 13 43 22 18 117 0 15 0 0 207 59 78 71 70 209 103 147 122 97 159 73 74 63 42 
0 29 0 0 0 0 35 0 0 0 0 0 0 0 0 33 45 19 44 47 0 6 0 0 0 
79 92 162 116 106 0 0 53 0 0 0 0 89 0 0 0 0 65 0 0 229 211 251 242 230 
1 15 0 75 209 119 121 118 206 345 2 20 0 79 263 0 8 0 92 246 120 134 115 182 306 
8 30 76 6 212 2 2 51 5 163 118 100 162 117 275 134 138 200 162 338 2 0 63 0 177 
117 284 320 242 78 163 266 341 237 85 146 275 302 225 121 79 184 233 151 18 43 199 238 154 15 
109 0 0 12 0 89 0 0 0 0 114 0 0 0 0 108 0 0 0 0 138 17 31 31 30 
0 0 197 0 40 0 0 235 0 33 0 0 205 0 24 0 0 197 0 21 0 0 175 0 30 
0 0 56 65 0 88 56 120 109 75 0 0 46 39 0 72 65 124 101 50 52 30 96 87 30 
52 80 52 48 74 0 53 1 1 23 42 77 42 35 64 2 29 0 0 21 0 60 0 0 22 
616 630 644 690 622 0 0 0 0 0 0 0 0 0 0 0 0 0 0 0 0 0 0 0 0 
55 0 0 0 0 62 0 0 0 0 64 0 0 0 0 202 133 145 146 141 52 0 0 0 0 
0 0 0 37 0 75 67 49 105 58 0 0 0 26 0 48 46 64 91 52 43 50 47 100 41 
0 0 0 0 0 1 3 0 0 0 0 0 0 0 0 0 0 0 0 0 0 0 1 9 0 
