818 793 595 615 726 1066 1039 874 884 974 697 640 486 639 752 988 935 897 962 971 680 550 472 466 674 
166 141 170 165 151 0 0 0 0 0 120 86 129 106 110 0 0 0 0 0 0 0 0 0 0 
105 46 40 194 231 81 0 0 139 146 142 49 29 231 213 50 0 0 109 116 73 0 0 111 133 
152 0 113 156 178 223 64 216 253 228 292 129 276 309 339 233 43 168 218 229 150 1 128 201 168 
185 54 113 157 49 129 10 84 109 0 119 29 82 91 21 126 8 56 114 0 282 177 270 303 182 
120 8 17 2 104 112 4 21 0 124 218 105 121 85 201 167 69 93 59 157 259 114 132 109 273 
0 0 0 0 0 0 0 0 0 0 1031 1036 987 1010 1052 0 0 0 0 0 0 0 0 0 0 
0 0 0 281 0 0 0 3 256 1 119 111 102 382 118 109 118 100 414 120 0 0 0 252 0 
13 8 15 171 5 0 0 0 179 0 35 43 34 172 28 0 0 0 147 0 2 6 5 178 3 
0 0 0 0 0 0 0 0 0 0 0 0 0 0 0 57 59 67 67 76 160 151 145 172 146 
71 94 66 54 171 0 10 0 0 99 0 5 0 0 102 0 5 0 0 102 78 79 69 69 166 
142 142 144 152 152 0 0 0 0 0 0 0 0 0 0 0 0 0 0 0 85 82 64 63 80 
0 0 0 0 0 0 0 0 0 0 0 0 0 0 0 431 440 426 413 426 192 177 184 194 205 
0 196 0 0 81 0 165 0 0 94 112 311 141 121 193 0 179 0 0 93 0 208 0 0 74 
815 0 0 0 0 811 0 0 0 0 801 0 0 0 0 834 0 0 0 0 839 0 0 0 0 
11 0 202 136 161 53 14 180 161 173 105 118 277 225 193 186 180 397 333 311 136 84 280 227 294 
73 123 70 124 73 56 75 60 104 64 0 40 0 40 0 38 78 41 81 39 0 34 0 40 0 
39 10 15 9 23 135 116 125 107 130 32 0 0 0 16 28 0 0 0 23 123 117 104 109 153 
0 0 140 0 0 0 0 134 0 0 0 0 148 0 0 150 132 247 110 129 0 0 141 0 0 
0 68 44 47 0 0 81 46 46 0 36 101 92 105 32 0 73 47 48 0 0 70 57 42 0 
5 1 0 0 142 152 113 140 145 264 154 128 122 138 226 0 1 0 0 121 87 90 102 96 197 
0 0 0 0 0 0 0 0 0 0 0 0 0 0 0 1027 1084 1100 1082 1004 0 0 0 0 0 
0 19 55 144 0 0 18 53 130 0 0 18 51 154 0 0 19 54 156 0 0 16 56 169 0 
73 58 0 0 0 92 81 18 16 15 144 92 41 40 32 93 72 0 0 0 102 99 23 25 30 
79 111 70 149 147 11 40 27 60 69 20 41 21 71 81 0 45 0 50 59 0 33 1 58 67 
105 132 140 109 4 111 136 207 110 3 288 296 370 321 204 138 133 162 94 0 275 238 315 263 132 
80 17 16 105 21 79 0 0 113 0 218 149 135 239 135 71 0 0 103 1 116 49 44 177 44 
131 100 44 49 39 152 106 52 65 36 64 52 15 0 0 104 80 22 15 19 85 54 17 0 0 
0 0 186 69 0 0 0 181 59 0 0 0 225 60 0 0 0 203 54 0 0 0 173 51 0 
133 178 177 131 117 0 62 71 0 0 0 57 61 0 0 44 75 100 33 38 0 46 105 0 0 
77 57 78 76 68 120 152 114 137 120 23 46 53 39 43 0 0 0 0 0 0 0 0 0 0 
0 0 0 165 0 0 0 0 174 0 230 234 220 409 242 0 0 0 171 0 0 0 0 155 0 
0 0 0 0 0 138 128 167 127 137 0 0 0 0 0 0 0 0 0 0 74 54 63 60 79 
111 1 0 85 40 138 27 55 128 87 240 95 102 158 155 88 0 0 77 39 205 75 78 182 115 
0 102 0 0 0 0 99 0 0 0 0 80 0 0 0 146 177 101 148 108 52 171 55 55 67 
0 0 118 0 0 96 107 206 121 122 0 0 96 0 0 7 11 108 4 9 15 13 101 13 18 
291 294 221 291 132 128 142 78 130 0 92 123 60 107 0 319 310 208 306 140 147 160 94 158 0 
0 0 0 0 0 40 39 34 21 28 0 0 0 0 0 76 78 83 78 115 108 103 107 113 139 
0 228 0 203 0 0 181 0 195 0 8 204 7 198 7 0 189 0 195 0 0 200 0 206 0 
0 43 0 133 0 0 51 0 140 0 0 52 0 141 0 66 143 74 214 74 0 56 0 126 0 
0 0 0 0 73 78 72 76 61 129 82 70 74 78 120 0 0 0 0 75 0 0 0 0 77 
101 309 367 42 236 25 216 274 8 135 69 294 352 38 238 107 328 341 94 252 205 368 425 167 292 
0 51 33 0 97 18 79 59 13 107 31 106 101 47 101 0 76 33 0 80 0 70 32 0 86 
128 103 127 148 137 16 0 0 39 0 13 0 0 44 0 19 0 0 53 0 90 69 63 126 87 
86 0 75 0 0 79 0 81 0 0 140 62 127 53 61 115 18 95 17 12 79 0 97 0 0 
0 18 80 0 96 0 12 69 0 107 0 16 74 0 106 0 13 91 0 133 0 13 67 0 101 
17 54 158 90 23 57 68 158 115 57 0 39 124 43 0 48 77 172 114 47 0 25 112 62 0 
0 71 0 0 0 0 79 0 0 0 140 254 130 148 142 0 96 0 0 0 16 93 19 27 30 
0 0 0 89 0 70 81 56 143 101 0 0 0 77 0 0 0 0 93 0 84 79 74 186 76 
68 0 112 57 0 72 0 139 67 0 82 0 114 57 0 56 0 119 72 0 55 0 121 52 0 
84 51 0 30 0 112 79 16 52 26 102 99 0 26 1 128 56 0 40 0 99 59 0 34 0 
0 0 0 0 25 196 194 195 205 226 0 0 0 0 38 0 0 0 0 36 0 0 0 0 38 
116 58 71 143 102 81 51 70 118 85 31 0 0 75 11 37 0 0 67 13 47 19 10 79 33 
30 54 8 6 9 17 48 0 0 0 22 76 0 0 0 130 168 127 120 115 26 73 0 0 0 
0 0 0 22 0 193 178 202 208 167 0 0 0 23 0 0 0 0 28 0 0 0 0 20 0 
70 79 133 138 89 0 0 52 63 0 0 0 74 60 0 0 0 67 53 0 0 0 59 62 0 
63 57 59 48 68 41 0 0 0 11 76 62 48 48 72 30 0 0 0 22 92 49 44 49 60 
0 0 25 0 69 9 6 36 12 89 0 0 33 0 69 9 6 43 7 93 80 75 114 64 153 
55 105 137 64 70 28 79 95 26 26 0 32 70 0 0 0 37 71 0 0 0 38 66 0 0 
0 0 124 0 0 0 0 94 0 0 82 118 219 122 104 0 0 92 0 0 0 0 107 0 0 
99 129 37 60 133 36 44 0 0 81 44 59 0 0 74 49 44 0 0 75 59 45 0 0 82 
0 50 0 26 36 60 123 58 80 99 0 62 0 27 40 0 59 0 39 42 27 66 24 54 65 
9 7 98 5 11 0 0 85 0 0 0 0 82 0 0 36 39 119 27 29 75 78 149 58 85 
0 0 0 51 75 88 81 63 117 163 0 0 0 49 72 0 0 0 36 84 0 0 0 47 73 
127 209 99 94 103 27 144 0 0 0 39 150 7 11 16 29 94 0 0 0 24 103 3 3 0 
65 33 96 43 94 16 0 36 7 63 12 0 41 0 74 15 0 49 1 60 7 0 36 1 70 
22 0 2 0 4 48 0 8 0 0 39 38 37 33 55 85 49 27 30 41 150 109 88 141 117 
52 34 116 48 50 28 0 81 0 0 22 0 77 0 0 21 0 70 0 0 67 33 113 34 33 
0 0 14 0 0 0 5 0 0 0 0 7 0 0 0 0 0 0 0 2 0 0 14 0 0 
0 62 63 0 0 0 53 36 0 0 18 99 74 17 18 32 109 61 40 41 0 62 52 0 0 
22 0 82 0 39 53 43 114 39 67 24 0 76 0 20 19 0 88 0 18 27 0 90 0 20 
0 2081 0 0 0 0 2137 0 0 0 0 2019 0 0 0 0 2099 0 0 0 0 2025 0 0 0 
28 162 158 20 9 108 274 225 135 98 0 167 154 5 0 38 255 176 108 64 7 140 108 0 0 
84 149 111 0 0 65 143 140 0 0 108 152 137 0 0 106 159 122 1 0 83 168 142 0 0 
0 95 0 123 0 79 166 77 173 89 57 148 43 153 53 0 71 0 128 0 0 94 0 102 0 
0 0 0 0 0 1275 1243 1246 1210 1270 0 0 0 0 0 0 0 0 0 0 0 0 0 0 0 
0 0 80 126 0 0 0 75 106 0 0 0 81 128 0 0 0 81 125 0 0 0 72 128 0 
151 57 57 104 48 173 62 62 112 68 101 0 0 44 0 92 0 0 42 0 102 0 0 47 0 
0 114 0 0 79 0 136 0 0 67 0 144 0 0 83 0 125 0 0 66 0 133 0 0 96 
164 224 152 232 87 67 156 25 121 0 276 356 237 343 128 110 198 73 167 37 162 293 219 231 119 
86 76 278 275 75 0 0 189 191 0 97 91 267 291 84 0 0 155 179 3 2 5 184 180 15 
122 116 112 133 239 6 19 4 4 153 8 14 8 5 146 213 203 168 184 348 214 238 224 216 362 
0 74 0 0 0 0 50 0 0 0 0 64 0 0 0 8 75 5 10 3 180 212 171 149 171 
94 27 53 27 72 62 2 21 0 61 68 0 21 0 47 112 4 18 0 60 174 139 133 134 173 
202 63 0 101 0 205 62 0 104 0 205 51 0 104 0 195 63 0 111 0 209 57 0 116 0 
55 0 0 0 0 62 0 0 0 0 64 0 0 0 0 203 133 145 146 141 52 0 0 0 0 
0 0 1460 0 0 0 0 1466 0 0 0 0 1367 0 0 0 0 1485 0 0 0 0 1460 0 0 
78 5 13 59 24 93 66 53 98 69 93 56 75 80 77 62 26 21 63 31 54 0 0 25 10 
140 137 164 108 211 0 0 6 0 46 64 88 90 72 129 0 0 29 0 52 0 0 10 0 60 
46 92 0 124 0 142 195 101 229 93 130 146 95 232 102 55 79 0 114 0 40 73 0 113 0 
67 76 77 75 120 76 71 60 61 88 0 23 0 0 41 0 17 0 0 25 47 60 46 44 75 
0 96 0 0 1 34 181 43 41 30 47 197 41 44 43 34 157 26 29 57 49 158 46 51 73 
32 11 40 34 0 102 71 112 111 63 43 21 46 36 0 46 9 44 33 0 40 19 34 38 0 
155 0 0 0 0 134 0 0 0 0 239 81 103 114 108 130 0 0 0 0 146 0 0 0 0 
0 0 0 0 835 0 0 0 0 788 0 0 0 0 842 0 0 0 0 834 0 0 0 0 772 
131 120 0 176 74 132 115 2 179 89 204 201 60 272 133 111 126 1 189 91 135 192 12 223 67 
125 0 0 0 0 267 101 94 87 82 170 0 0 0 0 157 0 0 0 0 152 0 0 0 0 
0 0 0 0 0 72 55 70 64 70 0 0 0 0 0 140 116 136 141 135 0 0 0 0 0 
0 24 0 153 0 33 56 46 206 36 0 20 0 146 0 0 17 0 148 0 0 24 0 171 0 
145 67 111 120 173 94 0 75 43 65 83 0 106 71 90 196 100 178 125 169 59 0 38 26 58 
56 70 71 168 140 41 32 38 109 97 0 0 0 93 72 0 0 0 60 64 10 13 9 99 74 
0 8 65 0 0 83 106 180 82 99 0 12 73 0 0 61 78 180 54 66 0 5 64 0 0 
197 6 182 0 0 200 0 166 0 0 193 6 181 4 1 170 3 182 0 0 204 18 173 10 10 
358 121 361 158 206 389 193 431 212 252 401 173 402 209 266 230 32 237 83 137 236 70 277 44 123 
65 151 70 83 66 0 86 0 27 0 17 128 28 34 27 0 104 0 17 0 0 75 0 22 0 
0 0 37 0 64 39 49 83 46 118 66 78 104 54 136 0 0 37 0 63 0 0 55 0 64 
0 0 18 0 229 0 0 17 0 220 0 0 37 0 203 0 0 30 0 222 0 0 36 0 224 
0 0 0 52 0 0 0 0 62 0 56 60 47 158 46 0 0 0 62 0 91 82 86 167 90 
87 0 0 94 0 109 0 0 111 0 99 0 0 89 0 92 0 0 113 0 97 0 0 109 0 
0 36 83 77 2 92 148 186 174 103 166 211 237 220 151 15 57 109 101 12 67 87 107 98 32 
120 138 131 128 244 0 0 0 0 81 0 0 0 0 81 25 28 29 22 125 0 0 0 0 92 
155 268 166 169 161 0 144 0 0 0 93 212 94 112 90 0 119 1 0 2 123 254 99 93 112 
136 126 76 78 78 76 45 0 0 0 85 47 4 4 8 63 47 0 0 0 71 56 0 0 0 
0 130 0 0 0 37 181 61 64 72 0 145 0 0 0 67 217 93 91 68 0 121 0 0 0 
0 0 0 0 0 0 0 0 0 0 0 0 0 0 0 0 0 0 0 0 416 387 420 403 374 
0 0 37 0 0 73 79 92 75 87 0 0 31 0 0 77 75 85 59 79 19 25 59 22 26 
7 14 16 17 52 0 0 0 0 36 80 79 71 69 99 0 0 0 0 33 68 98 78 75 105 
0 0 0 136 0 0 0 0 122 0 0 0 0 151 0 0 0 0 150 0 74 72 76 211 78 
0 68 0 34 72 0 64 0 39 76 1 53 0 34 89 0 58 0 32 72 16 76 22 55 112 
0 124 0 0 0 0 120 0 0 0 0 114 0 0 0 0 103 0 0 1 100 206 111 113 107 
0 8 0 13 0 81 67 86 70 79 66 43 63 48 61 0 0 0 0 0 101 95 102 115 101 
0 0 118 54 0 43 45 155 105 50 0 0 102 39 0 0 0 89 37 0 0 0 127 35 0 
61 0 0 0 0 138 64 68 78 72 107 24 18 23 15 142 52 50 52 44 59 0 0 0 0 
83 35 33 111 37 39 0 0 91 0 48 0 0 85 0 83 35 30 120 32 55 0 0 83 0 
0 0 18 32 0 0 0 26 38 0 102 100 107 126 97 0 0 24 36 0 0 0 36 33 0 
37 0 0 82 112 104 84 102 156 222 33 2 0 90 125 58 26 25 89 111 36 33 51 94 109 
5 7 60 108 8 0 0 49 78 0 48 33 108 129 52 29 43 74 123 39 0 0 51 80 0 
76 9 61 69 14 59 4 54 67 35 167 92 146 153 112 99 33 58 67 30 64 0 57 62 4 
47 0 64 0 61 48 0 67 0 66 27 0 81 0 82 107 62 117 70 121 33 0 68 0 62 
104 29 193 92 55 77 1 176 85 36 68 0 146 31 8 182 82 263 150 127 90 27 223 98 70 
9 103 146 21 129 133 189 315 122 264 34 117 210 54 176 0 42 167 3 113 81 139 231 101 195 
26 22 25 65 73 52 47 41 95 94 0 0 0 39 36 0 0 0 31 25 94 114 116 148 127 
23 38 0 101 0 39 51 0 121 0 95 80 49 146 66 34 38 0 126 0 43 34 0 94 0 
0 0 57 0 0 159 150 216 147 171 0 0 65 0 0 0 0 73 0 0 0 0 70 0 0 
16 9 0 0 87 20 0 0 2 75 79 92 73 59 157 26 24 23 19 91 121 160 143 139 190 
80 15 18 8 26 127 85 82 92 100 149 118 113 103 114 64 0 8 0 23 47 17 17 9 38 
22 104 74 21 37 0 91 69 7 3 0 77 45 0 18 0 85 55 6 15 53 141 110 45 88 
145 187 95 94 100 79 67 45 20 21 38 50 17 0 0 42 54 16 0 0 35 44 14 0 0 
76 90 13 19 19 57 54 0 0 0 61 70 15 0 15 72 80 30 33 46 87 87 53 30 48 
28 57 32 56 14 0 53 11 42 16 2 37 9 46 19 0 25 14 31 13 19 63 47 86 65 
0 0 49 24 11 0 0 41 35 3 0 0 41 39 6 43 53 117 94 61 54 50 97 92 63 
29 38 26 22 31 0 0 0 0 0 71 59 57 62 55 0 0 0 0 0 120 107 99 114 110 
40 29 33 31 40 0 0 15 0 0 0 0 18 0 0 50 42 79 53 47 116 89 128 126 112 
39 45 109 52 45 4 0 54 5 0 61 45 132 53 40 0 0 53 2 0 0 6 60 24 0 
0 0 180 32 0 0 0 141 23 0 19 20 156 36 18 0 0 166 22 0 0 0 162 23 0 
55 83 0 0 0 75 106 43 37 34 82 126 19 15 13 101 138 49 39 52 44 85 0 0 0 
89 119 68 54 62 13 44 3 0 0 83 128 65 51 56 40 70 27 17 14 24 52 0 0 0 
0 123 117 173 0 0 144 131 173 0 0 117 134 175 0 0 122 118 170 0 0 134 126 176 0 
13 0 0 158 0 12 0 0 114 0 100 75 108 220 94 10 0 0 119 2 21 0 0 118 0 
158 185 27 94 125 184 275 97 101 210 146 198 98 122 166 99 127 24 35 112 255 329 157 185 235 
76 218 157 111 125 7 52 69 11 6 38 98 118 40 31 21 89 77 16 27 0 77 61 0 0 
5 18 15 0 65 8 30 20 3 106 4 11 14 11 49 57 83 75 41 156 30 41 38 31 96 
650 479 511 416 425 443 220 273 173 219 434 304 314 198 285 357 173 142 86 141 514 347 377 324 317 
95 73 2 6 0 192 182 89 80 96 80 97 0 0 0 107 114 23 16 27 70 71 0 0 0 
170 350 123 134 154 254 375 154 235 169 126 282 68 156 75 39 222 0 21 0 117 250 72 94 63 
0 0 0 0 58 0 0 0 0 63 0 0 0 0 74 0 0 0 0 60 151 186 160 176 211 
61 2 41 0 9 118 9 55 25 27 120 48 92 44 53 129 73 114 59 84 109 19 42 20 21 
170 0 0 59 0 171 0 0 62 0 159 0 0 47 0 181 0 0 49 0 165 0 0 44 0 
190 151 197 276 176 32 2 85 127 0 64 46 134 219 82 43 7 131 109 38 44 0 86 110 0 
60 95 74 152 133 0 10 4 88 46 0 13 5 52 55 0 14 9 73 51 30 39 28 98 55 
97 66 53 70 24 144 155 138 119 132 72 65 65 66 14 200 162 178 146 118 166 146 148 107 96 
71 147 62 75 73 0 62 0 0 0 0 95 4 0 0 0 85 0 0 0 104 195 77 89 92 
0 0 0 17 0 0 0 0 19 0 0 0 0 17 0 0 0 0 20 0 180 190 219 225 220 
17 0 0 11 22 90 87 75 82 91 21 0 0 1 29 21 0 0 0 35 25 0 0 9 21 
52 1 44 91 80 17 2 27 96 80 64 23 48 116 102 29 0 34 79 85 119 73 113 171 186 
0 102 75 0 92 0 97 79 0 106 0 130 61 0 86 0 101 87 0 99 0 120 78 0 94 
52 23 67 47 36 77 57 99 75 58 24 18 40 22 12 61 52 123 80 58 10 0 34 2 0 
90 0 0 0 56 70 0 0 0 52 94 0 0 0 61 68 0 0 0 55 189 101 88 101 158 
100 136 24 145 124 80 168 26 163 139 41 99 0 138 76 222 280 155 255 224 133 240 141 207 191 
72 90 97 77 63 10 34 39 13 9 0 13 44 0 0 58 68 85 51 45 21 30 55 19 13 
0 0 0 152 43 0 0 0 172 29 30 33 17 173 56 0 0 0 165 40 0 0 0 145 42 
0 0 0 149 17 169 139 134 345 188 4 0 0 173 16 128 129 123 285 122 1 0 0 141 8 
26 129 182 178 55 17 104 150 191 18 78 141 172 171 57 54 181 176 228 81 76 145 191 231 84 
0 0 0 1291 0 0 0 0 1280 0 0 0 0 1317 0 0 0 1 1374 0 0 0 0 1319 0 
194 0 0 0 0 197 12 18 17 20 178 0 0 0 0 196 0 0 0 0 166 0 0 0 0 
91 0 0 0 0 117 0 0 0 0 121 0 0 0 0 102 0 0 0 0 206 88 85 89 97 
212 25 87 28 24 158 0 15 0 0 315 109 122 97 106 347 166 260 210 211 258 62 82 73 51 
6 18 0 0 5 0 34 0 0 0 0 0 0 0 0 0 1 0 0 7 0 0 0 0 0 
79 101 156 140 118 0 0 56 0 0 0 0 76 0 0 0 0 54 0 0 236 246 289 254 262 
0 13 0 68 208 113 120 113 209 326 1 35 0 76 240 0 5 0 81 239 115 137 110 179 305 
11 28 82 7 241 3 0 54 9 180 120 106 163 117 286 146 144 223 181 340 1 1 56 3 188 
150 265 285 244 109 191 274 343 233 119 160 278 305 230 160 82 207 250 157 51 66 193 225 151 18 
95 0 0 20 0 83 0 0 12 0 99 0 0 0 0 100 0 0 0 0 122 14 22 35 29 
0 0 196 0 39 0 0 233 0 32 0 0 194 0 30 0 0 185 0 27 0 0 190 0 34 
0 0 43 49 0 63 45 87 83 54 0 0 34 31 0 49 43 86 72 41 36 26 70 62 24 
588 589 606 643 589 0 0 0 0 0 0 0 0 0 0 0 0 0 0 0 0 0 0 0 0 
54 73 50 47 71 10 64 10 5 36 46 79 44 39 64 0 40 0 0 32 7 64 6 3 26 
0 0 0 40 0 80 73 55 109 65 0 0 0 28 0 50 56 72 108 61 49 55 53 108 46 
0 4 88 27 52 0 0 3 0 0 0 0 0 0 0 0 0 1 0 0 0 0 0 0 0 
