687 602 533 560 735 997 977 857 829 1004 648 546 535 562 735 1076 937 923 958 1099 637 539 388 434 613 
219 156 204 197 189 0 0 0 0 0 134 97 152 133 131 0 0 0 0 0 0 0 0 1 0 
92 63 22 175 168 73 0 0 132 134 126 39 19 179 171 60 0 0 110 121 63 0 0 118 117 
156 0 117 158 175 227 72 217 246 247 314 136 269 328 332 235 56 180 216 223 157 0 108 200 164 
163 53 106 145 47 119 14 76 99 1 128 30 77 106 17 110 5 50 105 0 242 153 226 254 140 
127 7 30 0 113 113 6 24 0 140 222 118 113 91 224 185 69 104 55 180 267 131 150 116 287 
0 0 0 0 0 0 0 0 0 0 1018 1031 978 999 1044 0 0 0 0 0 0 0 0 0 0 
0 0 0 279 0 0 0 3 246 0 126 118 109 398 123 124 120 106 424 153 0 0 0 252 0 
14 9 13 172 5 0 0 0 179 0 37 42 35 171 29 0 0 0 146 0 5 6 3 173 2 
0 0 0 0 0 0 0 0 0 0 0 0 0 0 0 55 58 60 60 71 152 139 137 163 139 
65 91 65 60 173 0 12 0 0 105 0 2 0 0 101 0 4 0 0 99 83 74 79 72 161 
135 142 147 153 147 0 0 0 0 0 0 0 0 0 0 0 0 0 0 0 87 80 64 66 86 
0 0 0 0 0 0 0 0 0 0 0 0 0 0 0 438 433 429 408 423 199 182 184 194 203 
0 205 0 0 86 0 179 0 0 99 131 335 151 130 208 0 190 0 0 99 0 213 0 0 76 
810 0 0 0 0 811 0 0 0 0 800 0 0 0 0 822 0 0 0 0 837 0 0 0 0 
10 0 205 146 179 62 25 229 178 171 119 123 285 259 240 160 186 375 332 302 141 92 304 224 283 
66 120 68 117 63 51 74 54 95 65 0 34 0 40 0 33 77 37 84 32 0 35 0 38 0 
40 9 16 10 26 139 113 121 118 121 35 0 0 0 16 30 0 0 0 29 135 115 107 127 166 
0 0 150 0 0 0 0 141 0 0 0 0 158 0 0 165 132 274 124 133 0 0 150 0 0 
0 73 51 49 0 0 84 55 60 0 46 109 107 113 42 0 86 55 58 0 0 83 62 53 0 
0 1 0 4 137 151 105 108 156 240 157 130 124 130 223 6 2 0 0 125 89 92 103 94 208 
0 0 0 0 0 0 0 0 0 0 0 0 0 0 0 1041 1108 1114 1094 1000 0 0 0 0 0 
0 19 54 150 0 0 20 63 126 0 0 18 49 157 0 0 19 57 165 0 0 16 58 171 0 
66 50 0 0 0 90 75 18 15 11 148 98 42 39 27 103 75 0 0 0 107 100 23 30 34 
83 145 83 181 175 8 54 24 84 69 23 48 25 86 93 0 52 0 69 76 0 44 2 67 71 
108 104 118 78 9 115 117 151 68 2 279 273 314 267 198 123 90 115 74 6 265 193 298 223 137 
70 22 17 106 21 68 0 0 113 0 195 146 131 220 125 63 1 0 95 1 104 48 45 176 42 
99 74 38 40 28 119 83 41 50 27 48 43 13 0 0 73 63 16 11 12 70 44 9 0 0 
0 0 158 62 0 0 0 180 61 0 0 0 227 63 0 0 0 202 41 0 0 0 168 43 0 
138 183 175 124 114 0 62 73 0 0 0 58 70 0 0 40 73 99 32 35 0 50 99 0 0 
94 64 85 96 85 121 160 125 141 128 32 49 49 47 49 0 0 0 0 0 0 0 0 0 0 
0 0 0 174 0 0 0 0 182 0 234 242 233 423 249 0 0 0 177 0 0 0 0 163 0 
0 0 0 0 0 151 130 174 135 138 0 0 0 0 0 0 0 0 0 0 75 54 66 64 79 
122 2 0 67 38 156 54 67 142 120 257 91 105 178 181 96 0 0 76 45 205 87 101 170 130 
0 126 0 0 0 0 112 0 0 0 0 92 0 0 0 153 231 108 164 110 64 186 53 56 68 
0 0 99 0 0 92 88 195 110 111 0 0 95 0 0 6 9 106 4 10 14 13 85 8 14 
280 254 214 301 132 113 128 80 124 0 85 118 69 100 0 274 286 173 284 113 131 156 97 163 13 
0 0 0 0 0 40 40 37 20 31 0 0 0 0 0 83 76 88 82 125 119 111 109 109 146 
0 225 0 201 0 0 180 0 194 0 8 204 7 198 7 0 187 0 192 0 0 197 0 205 0 
0 46 0 121 0 0 52 0 134 0 0 49 0 132 0 60 144 70 205 68 0 61 0 129 0 
0 0 0 0 72 83 74 81 65 134 90 73 78 84 127 0 0 0 0 76 0 0 0 0 77 
86 282 353 73 237 30 193 284 18 158 64 268 349 87 218 75 308 336 102 241 212 356 417 185 300 
0 49 38 0 92 20 66 48 14 94 30 90 98 42 90 0 65 29 0 71 0 65 33 0 82 
106 94 116 132 132 16 0 0 39 0 14 0 0 44 0 17 0 0 49 0 89 69 65 129 88 
75 0 71 0 0 73 0 81 0 0 133 56 115 53 56 112 17 83 14 14 74 0 84 0 0 
0 18 83 0 97 0 13 71 0 107 0 16 75 0 107 0 15 91 0 135 0 14 70 0 101 
18 55 147 89 23 60 69 164 110 62 0 40 121 39 0 47 85 167 105 52 0 30 108 60 0 
0 74 0 0 0 0 77 0 0 0 130 256 122 139 132 0 92 0 0 0 15 86 21 27 29 
0 0 0 88 0 75 85 61 145 95 0 0 0 92 0 0 0 0 94 0 94 73 66 177 68 
62 0 112 52 0 61 0 129 64 0 70 0 98 55 0 55 0 123 64 0 58 0 113 48 0 
98 51 0 35 0 124 94 19 60 31 109 104 0 28 0 137 67 0 48 0 103 70 0 43 0 
0 0 0 0 27 199 192 197 209 228 0 0 0 0 32 0 1 0 0 31 0 0 0 0 37 
106 53 70 134 95 69 43 62 123 86 26 0 0 60 12 37 0 0 55 13 50 15 11 62 33 
29 55 8 5 9 17 47 0 0 0 21 73 0 0 0 125 160 122 114 110 28 72 0 0 0 
0 0 0 22 0 191 178 201 204 167 0 0 0 23 0 0 0 0 23 0 0 0 0 18 0 
71 79 133 138 89 0 0 52 63 0 0 0 74 60 0 0 0 67 53 0 0 0 59 62 0 
65 64 61 52 76 46 0 0 0 11 87 67 56 55 81 32 0 0 0 22 101 56 51 52 65 
0 0 25 0 69 9 6 36 12 89 0 0 32 0 70 10 7 42 8 97 81 75 113 65 153 
61 125 161 73 81 30 86 99 28 27 0 36 84 0 0 0 39 77 0 0 0 49 77 0 0 
0 0 122 0 0 0 0 94 0 0 80 122 227 120 111 0 0 95 0 0 0 0 112 0 0 
100 122 37 54 130 35 45 0 0 88 43 57 0 0 68 45 44 0 0 77 56 49 0 0 76 
0 51 0 23 35 61 116 57 80 96 0 59 0 27 40 0 56 0 39 41 27 66 22 54 64 
9 7 100 3 14 0 0 86 0 0 0 0 83 0 0 35 38 119 28 29 77 80 157 60 84 
0 0 0 51 75 88 81 63 117 163 0 0 0 49 73 0 0 0 36 84 0 0 0 47 73 
124 215 112 99 117 30 151 0 0 2 39 163 6 11 16 30 93 0 0 0 19 107 0 0 0 
65 25 90 35 101 18 0 37 8 63 14 0 31 0 73 14 0 43 0 61 10 0 38 0 66 
33 5 17 0 2 35 0 10 0 0 40 48 34 36 54 104 50 41 35 35 143 120 122 138 115 
51 33 116 48 45 17 0 79 0 1 22 0 77 0 0 21 0 70 0 0 74 36 109 40 28 
0 0 17 0 0 0 5 0 0 0 0 3 0 4 0 0 0 0 0 0 10 1 7 0 0 
0 62 55 0 0 0 71 45 0 4 21 104 73 21 21 32 108 63 40 42 0 62 49 0 0 
27 0 89 0 38 60 43 122 38 78 24 0 79 0 26 28 0 91 1 25 30 0 96 0 23 
0 2096 0 0 0 0 2155 0 0 0 0 2021 0 0 0 0 2118 0 0 0 0 2043 0 0 0 
41 154 161 23 14 106 246 250 105 103 13 153 159 4 0 34 214 183 87 63 10 129 98 0 0 
66 140 99 0 1 68 140 139 0 0 82 148 146 0 0 97 148 146 0 0 72 144 137 0 0 
0 94 0 107 0 80 182 76 192 81 63 144 34 149 48 2 87 0 98 0 0 101 0 104 0 
0 0 0 0 0 1285 1245 1245 1203 1274 0 0 0 0 0 0 0 0 0 0 0 0 0 0 0 
0 0 90 145 0 0 0 78 119 0 0 0 95 149 0 0 0 97 149 0 0 0 81 137 0 
140 51 54 90 48 154 55 49 93 59 105 0 0 34 0 86 0 0 36 0 84 0 0 39 0 
0 116 0 0 76 0 137 0 0 67 0 149 0 0 78 0 127 0 0 64 0 133 0 0 93 
162 285 187 239 97 74 163 23 128 0 292 410 251 365 154 129 238 105 177 15 194 321 251 276 130 
78 75 272 281 77 0 0 189 198 0 101 82 249 299 84 0 0 157 191 0 2 3 186 200 14 
155 121 121 152 259 10 25 2 7 175 8 13 9 13 162 226 231 169 181 365 243 264 261 248 400 
0 73 0 0 0 0 53 0 0 0 0 71 0 0 0 7 66 5 7 4 166 208 170 142 169 
91 26 61 28 72 55 0 10 0 62 63 0 12 0 47 108 2 11 0 61 195 142 129 133 183 
202 68 0 101 0 205 70 0 104 0 205 52 0 104 0 187 66 0 113 0 199 51 0 112 0 
55 0 0 0 0 62 0 0 0 0 64 0 0 0 0 202 133 145 146 141 52 0 0 0 0 
0 0 1459 0 0 0 0 1479 0 0 0 0 1377 0 0 0 0 1493 0 0 0 0 1457 0 0 
64 1 3 40 16 92 57 46 87 59 81 57 61 62 70 57 24 20 61 23 51 0 0 21 9 
137 145 164 118 210 0 0 8 0 49 68 96 93 73 130 0 0 23 0 55 0 0 14 0 61 
38 88 0 117 0 136 189 110 230 94 120 147 99 234 98 47 77 0 116 0 39 65 0 120 0 
70 78 63 74 107 69 70 57 56 87 0 22 0 0 40 0 21 0 0 25 50 61 52 47 77 
0 120 0 0 0 34 194 44 49 41 51 209 58 58 51 36 179 45 40 49 59 195 63 61 87 
33 11 41 34 0 103 69 112 111 63 43 21 47 37 0 46 9 44 33 0 41 20 37 38 0 
172 0 0 0 0 151 0 0 0 0 261 78 117 112 120 132 0 0 0 0 160 0 0 0 0 
0 0 0 0 826 0 0 0 0 786 0 0 0 0 836 0 0 0 0 831 0 0 0 0 774 
156 143 0 192 70 132 121 0 189 80 226 200 53 290 152 117 104 3 200 76 152 159 0 204 49 
134 0 0 0 0 264 105 90 85 80 161 0 0 0 0 159 0 0 0 0 148 0 0 0 0 
0 0 0 0 0 72 55 70 64 70 0 0 0 0 0 140 116 137 141 134 0 0 0 0 0 
0 23 0 159 0 36 66 48 205 37 0 20 0 144 0 0 17 0 146 0 0 24 0 177 0 
142 87 120 129 165 85 2 91 54 72 43 0 83 69 78 160 101 164 137 174 24 0 49 27 46 
59 61 66 167 145 33 25 38 106 90 0 0 0 92 71 0 0 0 60 56 13 19 9 98 63 
0 10 64 0 0 78 98 178 80 92 0 10 72 0 0 53 71 175 49 62 0 5 61 0 0 
200 2 186 0 0 197 7 171 0 0 199 9 182 4 0 176 0 180 0 0 206 20 176 10 9 
296 106 274 110 163 334 158 352 183 208 329 155 340 193 215 193 22 187 34 118 178 50 207 15 96 
71 170 71 91 72 0 95 0 31 0 16 140 25 33 29 0 111 0 19 0 0 80 0 23 0 
0 0 38 0 64 39 52 84 50 128 66 83 97 63 133 0 0 33 0 63 0 0 52 0 64 
0 0 22 0 227 0 0 18 0 216 0 0 36 0 205 0 0 28 0 220 0 0 27 0 212 
0 0 0 50 0 0 0 0 59 0 54 59 45 140 45 0 0 0 59 0 85 78 82 158 86 
87 0 0 94 0 109 0 0 110 0 99 0 0 89 0 92 0 0 114 0 97 0 0 109 0 
0 42 78 57 0 84 154 173 172 103 167 218 241 205 154 0 73 108 97 4 53 78 112 101 29 
114 149 122 121 244 0 0 0 0 83 0 0 0 0 74 25 25 31 22 110 0 0 0 0 88 
141 254 164 168 158 0 145 0 0 0 87 197 88 97 82 1 109 0 0 3 104 244 82 82 100 
139 127 76 79 79 77 48 0 0 0 88 51 5 4 8 68 47 0 0 0 74 57 0 0 0 
0 130 0 0 0 38 177 57 56 68 0 139 0 0 0 70 218 89 100 69 0 130 0 0 0 
0 0 0 0 0 0 0 0 0 0 0 0 0 0 0 0 0 0 0 0 416 387 420 403 374 
0 0 36 0 0 73 79 92 75 87 0 0 31 0 0 77 75 85 59 79 19 24 59 22 26 
9 15 15 17 53 0 0 0 0 36 80 80 72 69 100 0 0 0 0 33 68 99 79 76 107 
0 0 0 138 0 0 0 0 129 0 0 0 0 151 0 0 0 0 157 0 82 82 86 225 88 
0 66 0 33 65 0 61 0 35 75 0 55 0 35 90 0 60 0 32 70 19 74 22 50 105 
0 115 0 0 0 0 109 0 0 0 0 106 0 0 0 0 96 0 0 0 96 186 99 105 92 
0 0 0 0 0 86 43 83 63 84 66 37 63 50 68 0 0 0 15 0 106 84 111 120 102 
0 0 117 55 0 43 45 155 106 50 0 0 102 39 0 0 0 89 38 0 0 0 126 35 0 
59 0 0 0 0 129 62 62 77 71 102 20 19 21 15 135 48 47 52 41 58 0 0 0 0 
83 35 32 111 37 37 0 0 91 0 47 0 0 85 0 82 35 30 120 32 54 0 0 83 0 
0 0 26 34 0 0 0 9 29 0 101 99 89 115 97 0 0 11 44 0 0 0 20 33 0 
43 0 0 89 112 115 79 84 155 207 36 1 7 84 123 51 33 32 94 111 41 37 41 104 135 
2 6 48 95 6 0 0 46 71 0 48 29 98 113 45 27 38 66 108 34 0 0 45 75 0 
53 6 54 56 12 44 5 39 47 18 126 75 115 131 92 71 18 47 49 17 51 0 47 43 1 
51 0 62 0 68 45 0 59 0 57 29 0 82 0 85 114 63 118 75 130 31 0 63 0 64 
103 17 200 118 43 61 2 188 94 28 56 0 171 34 15 210 76 282 169 150 102 20 227 77 54 
17 119 171 32 136 155 214 319 130 279 28 143 202 54 179 0 67 166 5 128 90 137 247 109 236 
28 27 35 74 79 58 66 56 115 103 0 0 0 40 35 0 0 1 28 32 106 128 142 165 141 
24 37 0 107 0 42 54 0 124 0 91 75 47 163 66 31 44 0 124 0 50 36 0 92 0 
0 0 69 0 0 177 149 231 161 182 0 0 70 0 0 0 0 74 0 0 0 0 77 0 0 
14 6 0 0 88 21 0 0 0 78 80 100 76 53 169 23 19 15 17 98 123 158 133 118 193 
86 13 24 9 24 122 84 78 83 98 141 106 106 109 113 59 0 8 0 23 41 14 15 5 38 
18 102 71 15 30 0 90 66 5 5 0 69 41 0 19 0 76 52 6 13 43 125 99 37 85 
141 181 90 89 95 71 63 42 19 19 38 51 15 0 0 43 49 15 0 0 34 41 15 0 0 
75 91 16 21 16 60 58 0 0 0 58 73 18 0 11 62 81 42 41 47 93 77 53 26 42 
37 74 44 72 28 0 67 11 44 17 0 51 12 46 19 0 39 11 31 11 38 116 65 99 80 
0 0 56 27 11 0 0 45 35 3 0 0 44 40 6 43 53 122 94 61 54 50 100 93 63 
29 38 26 22 31 0 0 0 0 0 71 59 57 62 55 0 0 0 0 0 120 107 99 113 110 
47 33 38 35 45 0 0 15 0 0 2 0 20 0 0 55 44 89 56 52 133 111 146 153 135 
37 44 110 54 47 1 0 58 3 0 62 53 131 60 45 0 0 53 4 0 0 4 57 17 0 
0 0 180 32 0 0 0 140 23 0 19 20 156 37 17 0 0 166 23 0 0 0 162 23 0 
43 74 0 0 0 69 97 42 31 29 70 115 18 15 8 83 125 38 38 42 40 69 0 0 0 
85 121 68 50 61 12 43 5 0 0 74 130 62 50 56 34 66 30 15 14 24 54 0 0 0 
0 124 122 181 0 0 139 134 176 0 0 113 130 173 0 0 123 120 172 0 0 141 141 181 0 
13 0 0 153 0 9 0 0 102 0 112 82 93 217 91 13 0 0 110 0 24 1 0 118 1 
57 77 48 47 74 12 64 12 5 37 45 81 40 40 68 0 38 0 0 34 7 65 9 12 37 
134 146 15 78 99 198 261 100 100 178 143 193 85 98 136 96 124 12 32 85 223 298 129 165 205 
58 152 108 78 87 7 41 59 10 3 29 68 90 30 28 23 68 53 9 28 0 55 47 0 0 
11 28 16 12 74 17 33 26 11 117 9 21 18 9 60 65 94 85 54 166 34 43 45 34 99 
816 622 698 509 599 498 228 364 225 196 542 347 398 270 291 400 149 186 52 106 607 389 469 399 409 
103 60 3 3 0 180 163 75 81 65 77 89 0 0 0 109 86 22 17 19 70 61 0 0 0 
151 307 107 108 131 237 332 142 210 149 127 274 74 124 72 45 196 0 33 0 109 218 71 100 39 
0 0 0 0 54 0 0 0 0 62 0 0 0 0 73 0 0 0 0 62 147 175 158 163 204 
77 5 34 0 15 131 15 61 33 34 126 54 92 54 55 150 71 133 72 90 131 26 50 25 30 
150 0 0 54 0 156 0 0 55 0 141 0 0 40 0 168 0 0 46 0 149 0 0 41 0 
198 148 172 268 131 41 0 87 123 5 85 51 162 221 84 53 10 114 111 36 40 0 86 113 6 
64 96 76 158 136 0 11 4 82 45 0 14 6 59 53 0 10 12 72 48 33 36 25 94 53 
140 139 90 101 25 211 187 151 158 123 105 98 55 89 15 254 223 195 158 128 190 189 149 106 99 
57 130 51 56 52 0 55 0 0 0 4 79 4 4 2 0 64 0 0 0 74 154 61 76 63 
0 0 0 17 0 0 0 0 19 0 0 0 0 18 0 0 0 0 18 0 171 174 204 202 202 
32 0 0 18 28 100 83 77 87 95 14 0 0 0 21 24 0 0 0 36 29 1 0 10 27 
53 6 49 103 90 23 3 33 95 87 69 27 55 136 112 23 0 41 100 89 128 82 124 213 205 
0 99 84 0 90 0 102 94 0 106 0 114 65 0 88 0 100 83 0 113 0 122 85 0 102 
54 28 63 53 41 90 56 107 66 60 25 19 37 23 17 66 50 114 81 51 7 0 32 2 0 
87 0 0 0 57 74 0 0 0 49 85 0 0 0 60 67 0 0 0 51 170 91 85 92 156 
86 129 13 147 109 80 196 20 188 152 38 99 0 141 75 215 300 170 292 210 119 254 131 239 198 
73 91 96 77 61 9 36 39 14 8 0 15 45 0 0 60 69 84 51 43 19 27 57 22 13 
0 0 0 155 38 0 0 0 166 30 28 31 17 173 55 0 0 0 162 36 0 0 0 148 41 
0 0 0 144 14 164 149 134 348 180 0 0 0 174 17 126 131 126 275 122 0 0 0 142 8 
47 118 166 169 56 25 94 154 174 24 54 137 159 160 61 34 167 183 215 93 90 134 191 211 96 
0 0 0 1313 0 0 0 0 1315 0 0 0 0 1331 0 0 1 2 1395 1 0 0 0 1341 0 
213 0 0 0 0 210 15 20 18 21 188 0 0 0 0 211 0 0 0 0 172 0 0 0 0 
92 0 0 0 0 117 0 0 0 0 122 0 0 0 0 102 0 0 0 0 206 88 85 89 99 
229 25 94 47 56 172 0 14 2 0 383 102 158 97 113 351 209 229 223 174 303 92 123 97 71 
10 15 0 0 0 0 47 0 2 0 0 25 0 0 0 0 0 0 0 17 0 5 0 0 0 
72 107 150 117 104 0 0 48 0 0 0 0 77 0 0 0 0 65 0 0 201 225 260 202 234 
0 10 0 74 212 119 123 120 195 350 0 16 0 66 241 0 6 0 79 242 112 138 122 173 300 
8 18 64 7 225 2 1 52 10 170 114 110 154 120 288 151 147 211 170 335 3 0 54 0 183 
165 294 288 216 90 193 297 325 239 117 150 282 285 183 136 53 181 224 144 38 42 205 223 142 0 
95 0 0 3 0 83 0 0 12 0 99 0 0 0 0 100 0 0 1 0 122 15 23 22 29 
0 0 199 0 34 0 1 232 0 36 0 0 202 0 26 0 0 185 0 24 0 0 191 0 31 
0 0 43 49 0 63 45 87 83 52 0 0 34 31 0 49 43 86 71 41 36 27 70 62 24 
588 588 610 638 587 0 0 0 0 0 0 0 0 0 0 0 0 0 0 0 0 0 0 0 0 
0 0 0 40 0 81 75 53 111 61 0 0 0 30 0 49 53 68 104 55 51 50 50 112 40 
0 23 73 40 40 0 0 8 0 23 0 0 0 0 0 0 0 8 0 0 0 0 0 0 1 
