988 900 893 821 907 1179 1094 1103 1108 1105 788 723 745 775 830 1114 1035 1057 1162 1091 715 633 567 561 743 
175 129 181 156 157 0 0 0 0 0 126 78 130 108 109 0 0 0 0 0 0 0 0 0 0 
108 44 34 204 217 69 0 0 126 119 166 45 45 232 259 48 0 1 101 124 70 0 0 138 129 
292 43 99 61 89 222 0 28 2 10 401 100 158 113 130 431 199 306 212 234 308 61 127 75 84 
0 0 0 159 13 158 135 127 353 180 0 4 0 187 17 106 116 104 266 106 0 0 0 145 8 
205 48 95 184 21 175 7 106 160 0 176 25 79 134 16 183 6 62 172 0 381 231 310 413 214 
107 7 21 1 97 87 7 19 0 110 185 100 98 81 182 158 72 87 58 153 217 107 116 108 224 
0 0 0 0 0 0 0 0 0 0 1024 1041 992 1027 1058 0 0 0 0 0 0 1 0 0 0 
0 0 0 238 0 0 0 3 230 0 110 100 96 359 120 105 92 81 358 121 0 0 0 221 0 
14 9 14 210 4 0 0 0 213 0 46 46 35 193 30 0 0 0 189 0 3 6 4 209 5 
78 143 185 241 67 63 167 231 259 52 134 212 277 323 153 110 211 228 280 124 98 144 202 307 82 
0 0 0 0 0 1 0 0 0 0 0 0 0 0 0 58 68 68 69 82 175 163 155 179 156 
79 91 68 65 180 0 10 0 0 114 0 3 0 0 99 0 4 0 0 105 92 78 81 76 163 
133 139 148 141 143 0 0 1 0 0 0 0 0 0 0 0 0 0 0 0 79 77 67 64 80 
0 0 0 0 0 0 0 0 0 0 0 0 0 0 0 449 442 421 414 426 183 175 181 186 203 
0 198 0 0 80 0 170 0 0 96 126 320 154 132 210 0 179 0 0 95 0 211 0 0 74 
975 0 0 0 0 933 0 0 0 0 937 0 0 0 0 979 0 0 0 0 963 0 0 0 0 
5 3 181 123 110 26 4 158 112 147 106 95 250 226 197 169 175 358 308 271 122 83 260 210 266 
78 124 68 130 70 55 72 59 115 66 0 45 0 41 0 43 93 45 85 34 0 35 0 40 0 
54 10 20 7 30 165 128 159 137 164 32 0 0 0 22 27 0 0 0 22 161 155 131 155 181 
0 0 140 0 0 0 0 122 0 0 0 0 151 0 1 139 118 255 113 123 0 0 145 0 0 
0 64 42 46 0 0 78 43 45 0 35 96 90 97 33 0 70 47 46 0 0 69 55 42 0 
1 1 4 1 179 182 146 149 162 303 172 151 117 142 267 7 10 0 0 145 108 104 116 105 224 
0 0 0 0 0 0 0 0 0 0 0 0 0 0 0 1000 1071 1085 1046 981 0 0 0 0 0 
0 20 57 150 0 0 19 55 122 0 0 18 52 159 0 0 19 55 158 0 0 18 59 148 0 
68 52 0 0 0 95 75 17 16 14 137 90 38 37 32 92 71 0 0 0 105 100 23 24 30 
62 104 67 147 133 4 40 18 60 69 13 48 17 70 79 0 36 0 53 65 0 32 0 56 59 
61 99 98 50 7 70 108 135 61 1 238 257 279 251 167 80 127 128 61 1 202 177 236 176 106 
79 14 16 104 17 75 0 0 119 0 215 157 142 234 134 76 0 0 109 4 119 39 48 178 42 
109 82 44 50 32 132 98 53 57 36 51 55 12 0 0 85 71 18 11 13 79 46 9 0 0 
0 0 159 71 0 0 0 163 54 0 0 0 196 61 0 0 0 180 44 0 0 0 157 50 0 
118 145 160 117 93 0 53 72 0 0 0 50 59 1 0 41 64 94 32 34 0 49 90 0 0 
77 70 94 93 79 131 135 129 129 127 33 50 53 49 49 0 0 0 0 0 0 0 0 0 0 
0 0 0 165 0 0 0 0 173 0 229 234 220 408 241 0 0 0 171 0 0 0 0 155 0 
0 0 0 0 0 156 159 189 136 157 0 0 1 0 0 0 0 0 0 0 84 63 77 66 89 
124 1 0 77 45 140 36 43 123 105 222 68 80 154 161 91 0 0 62 42 216 79 87 168 123 
0 75 0 0 0 0 72 0 0 0 0 57 0 0 0 101 136 74 110 74 48 117 42 45 46 
0 0 105 0 0 100 100 201 122 115 0 0 100 0 0 11 12 122 6 11 16 17 101 11 16 
250 186 187 275 108 109 81 72 127 0 87 82 55 97 0 264 222 156 283 119 118 110 69 134 0 
0 0 0 0 0 33 42 30 22 22 0 0 0 0 0 65 74 78 71 99 117 112 113 114 143 
0 224 0 200 0 0 180 0 194 0 7 201 7 191 0 0 186 0 192 0 0 196 0 202 0 
0 45 0 121 0 0 53 0 144 0 0 49 0 129 0 57 139 72 205 65 1 57 0 124 0 
0 0 0 0 68 74 64 71 56 123 79 67 66 75 115 0 0 0 0 68 0 0 0 0 71 
67 282 296 13 238 14 200 213 2 179 69 303 309 45 251 117 311 275 97 296 212 372 370 170 341 
0 54 38 0 95 23 72 52 13 106 35 94 101 43 92 0 66 31 0 69 0 67 31 0 85 
114 97 108 118 129 14 0 0 38 0 12 0 0 43 0 15 0 0 46 0 86 68 66 117 80 
86 0 76 0 0 91 0 89 0 0 153 65 134 56 61 124 21 110 16 14 80 0 90 0 0 
0 17 80 0 96 0 12 69 0 107 0 16 74 0 106 0 14 91 0 133 0 13 69 0 101 
17 54 151 73 17 59 76 160 94 49 0 32 121 36 0 44 67 160 103 51 0 26 110 57 0 
0 67 1 0 0 0 83 0 0 0 119 236 106 140 125 0 91 0 0 0 14 88 24 25 26 
0 0 0 78 0 66 72 55 132 87 0 0 0 77 0 0 0 0 85 0 76 66 59 157 62 
62 0 118 63 0 81 0 122 63 0 73 0 122 64 0 59 0 130 67 0 54 0 119 57 0 
105 66 0 44 0 143 97 22 56 31 119 107 0 33 0 139 69 0 51 0 119 70 0 41 0 
0 0 0 0 24 203 199 204 214 220 0 0 0 0 38 0 0 0 0 34 0 0 0 0 40 
116 56 67 137 95 75 37 61 126 84 25 0 0 62 14 44 0 0 62 12 56 15 10 79 35 
30 70 11 8 12 17 55 0 0 0 22 92 0 0 0 161 195 147 141 136 32 87 0 0 0 
0 0 0 20 0 185 167 193 200 157 0 0 0 25 0 0 0 0 23 0 0 0 0 19 0 
70 79 133 138 89 0 0 52 62 0 0 0 74 60 0 0 0 67 53 0 0 0 59 62 0 
68 57 62 48 71 42 0 0 0 11 82 65 52 48 72 31 0 0 0 22 95 49 45 49 65 
0 0 27 0 83 9 8 42 14 100 0 0 35 0 83 12 7 47 10 105 86 87 124 67 176 
602 593 616 656 603 0 0 0 0 0 0 0 0 0 0 0 0 0 0 0 0 0 0 0 0 
55 104 137 64 69 28 79 95 25 26 0 32 70 0 0 0 37 71 0 0 0 39 66 0 0 
0 0 120 0 0 0 1 102 0 0 78 122 220 121 109 0 0 99 0 0 0 0 120 0 0 
134 150 49 69 179 46 53 0 0 106 59 72 0 0 93 52 54 0 0 96 72 50 0 0 91 
0 48 0 17 13 46 103 37 54 35 0 52 0 19 16 0 53 0 33 4 10 53 10 21 26 
8 4 99 4 10 0 0 87 0 0 0 0 83 0 0 35 36 119 26 28 74 77 148 56 80 
0 0 0 51 75 88 81 63 117 163 0 0 0 49 73 0 0 0 36 84 0 0 0 47 73 
106 185 85 84 90 23 134 0 0 0 33 129 10 10 12 23 91 0 0 0 37 97 0 4 0 
70 31 96 44 98 15 0 30 9 64 18 0 41 0 78 16 0 53 0 62 12 0 36 6 71 
63 1 3 0 2 69 0 1 0 0 91 57 24 59 74 115 37 0 22 27 176 101 87 128 102 
67 34 118 48 47 31 0 81 0 0 29 0 77 0 0 26 0 69 0 0 83 44 121 48 43 
85 78 90 51 58 24 24 21 0 9 48 63 49 26 41 37 26 28 0 12 31 32 32 0 10 
0 62 68 0 0 0 64 45 0 0 21 103 73 21 21 32 109 63 40 41 0 62 50 0 0 
57 96 57 52 49 38 104 36 41 30 18 80 13 19 24 28 62 28 30 27 0 61 0 0 0 
27 0 91 0 41 64 43 119 39 76 21 0 79 0 20 31 3 93 0 27 28 0 97 0 26 
0 2091 0 0 0 0 2138 0 0 0 0 2023 0 0 0 0 2105 0 0 0 0 2013 0 0 0 
16 126 113 12 0 90 201 221 83 79 7 128 130 5 0 34 219 138 87 37 6 124 81 0 0 
59 103 80 0 0 58 123 107 0 0 83 109 123 0 0 64 119 100 0 0 60 114 98 0 0 
0 135 0 187 0 156 255 137 375 132 143 282 167 379 150 0 129 0 196 0 0 144 0 184 0 
76 102 144 126 114 0 0 56 0 0 0 0 68 0 0 0 0 72 0 0 195 217 258 250 236 
0 0 0 0 0 1251 1213 1216 1167 1245 0 0 0 0 0 0 0 0 0 0 0 0 0 0 0 
0 0 80 125 0 0 0 75 106 0 0 0 81 127 0 0 0 81 125 0 0 0 72 128 0 
153 52 50 92 45 140 49 59 109 56 82 0 0 34 0 75 0 0 33 0 88 0 0 47 0 
0 116 0 0 77 0 139 0 0 73 0 149 0 0 85 0 129 0 0 72 0 138 0 0 95 
167 245 140 209 100 106 213 83 102 17 229 336 207 247 117 232 340 221 210 133 210 375 254 232 146 
98 89 307 307 110 0 0 199 193 12 121 131 301 338 110 0 0 181 198 6 26 29 236 233 38 
157 136 130 171 296 5 27 4 6 163 8 22 8 11 168 233 255 180 216 396 239 274 283 266 444 
0 64 0 0 0 0 55 0 0 0 0 70 0 0 0 7 70 4 10 4 177 206 174 158 174 
61 32 57 16 59 56 17 39 0 48 63 16 47 0 36 78 16 40 0 50 149 116 129 94 167 
204 77 0 100 0 210 70 0 103 0 212 59 0 104 0 197 72 0 113 0 203 59 0 113 0 
55 0 0 0 0 62 0 0 0 0 64 0 0 0 0 202 133 145 146 141 52 0 0 0 0 
92 283 262 182 53 81 224 201 139 33 106 224 226 99 80 51 181 214 83 1 59 215 222 101 29 
89 12 11 64 29 121 86 66 122 84 111 68 67 93 87 76 32 26 73 41 67 0 1 28 19 
117 125 133 95 201 0 0 7 0 44 67 78 87 67 118 0 0 20 0 57 0 0 15 0 69 
26 47 0 53 0 105 129 64 108 53 57 66 29 85 35 39 46 0 55 0 29 45 0 54 0 
112 128 112 137 166 109 106 91 87 145 0 24 0 0 63 0 25 0 0 43 75 80 80 67 104 
0 63 0 0 0 27 111 31 30 27 32 120 32 29 29 23 107 22 23 30 36 108 38 32 43 
33 11 41 34 0 103 71 111 112 63 43 21 47 37 0 47 9 44 35 0 40 20 37 39 0 
2 19 2 99 240 147 155 151 251 418 1 34 1 105 274 0 19 1 102 288 121 146 128 211 337 
8 15 87 5 219 7 3 75 8 165 105 82 169 97 248 139 131 222 167 326 2 1 64 0 178 
151 0 0 0 0 138 0 0 0 0 225 82 100 115 104 126 0 0 0 0 134 0 0 0 0 
0 0 0 0 838 0 0 0 0 782 0 0 0 0 839 0 0 0 0 838 0 0 0 0 775 
115 124 3 175 64 105 108 1 186 63 174 177 46 266 128 107 124 10 204 92 91 135 1 200 70 
169 0 0 0 0 331 108 100 96 88 203 0 0 0 0 198 0 0 0 0 188 0 0 0 0 
0 0 0 0 0 78 57 76 68 75 0 0 0 0 0 163 131 155 157 152 0 0 0 0 0 
0 25 0 152 0 35 59 49 195 33 0 19 0 137 0 0 15 0 144 0 0 20 0 169 0 
109 73 125 158 183 55 0 67 56 73 19 0 82 61 69 118 76 138 135 158 10 0 54 61 66 
49 56 59 146 119 31 25 33 91 84 0 0 0 86 59 0 0 0 55 54 8 11 11 78 64 
0 9 58 0 0 73 83 162 76 83 0 9 65 0 0 47 68 151 46 56 0 5 57 0 0 
111 0 110 0 0 101 0 84 0 0 92 1 100 3 0 69 0 100 0 0 108 11 87 10 10 
306 94 347 120 205 345 182 442 219 274 325 159 389 190 250 207 24 224 56 143 196 67 286 49 127 
71 163 70 86 71 0 90 0 28 0 16 131 29 40 28 0 109 0 18 0 0 82 0 25 0 
0 0 37 0 67 42 50 87 47 123 63 82 106 58 137 0 0 35 0 64 0 0 52 0 65 
0 0 16 0 188 0 0 16 0 188 0 0 29 0 169 0 0 25 0 186 0 0 24 0 188 
0 0 0 50 0 0 0 0 59 0 53 59 45 140 45 0 0 0 59 0 84 78 82 158 86 
100 0 0 108 0 128 0 0 121 0 115 0 0 96 0 103 0 0 134 0 110 0 0 124 0 
1 41 82 71 0 121 172 208 193 127 188 233 256 252 151 4 41 85 104 0 70 114 113 113 57 
116 156 140 118 260 0 0 0 0 96 0 0 0 0 90 31 25 33 24 140 0 0 0 0 92 
134 240 142 134 145 0 123 0 0 0 85 207 92 92 94 0 108 0 0 1 105 222 83 79 102 
147 139 84 82 86 84 46 0 0 0 93 48 4 4 8 66 53 0 0 0 76 61 0 0 0 
0 113 0 0 0 32 147 44 48 55 0 114 0 0 0 57 169 71 71 60 0 105 0 0 0 
0 0 0 0 0 0 0 0 0 0 0 0 0 0 0 0 0 0 0 0 458 424 470 442 403 
0 0 37 0 0 74 80 92 74 87 0 0 31 0 0 77 76 87 60 79 19 25 61 23 27 
8 16 16 18 54 0 0 0 0 37 80 80 74 69 102 0 0 0 0 33 68 99 78 77 105 
0 0 0 127 0 0 0 0 111 0 0 0 0 135 0 0 0 0 139 0 72 71 76 190 79 
0 71 0 34 80 0 74 0 44 87 0 60 0 39 102 0 71 0 34 77 22 91 27 59 119 
0 115 0 0 0 0 109 0 0 0 0 110 0 0 0 0 98 0 0 0 98 186 101 107 92 
0 0 0 33 0 73 71 76 74 84 54 1 36 53 43 0 0 0 16 0 100 95 110 145 104 
0 0 117 54 0 43 44 154 104 49 0 0 102 39 0 0 0 89 38 0 0 0 126 34 0 
1 35 0 0 0 0 60 15 0 16 0 46 0 0 10 8 26 0 0 6 0 35 11 0 26 
59 0 0 0 0 126 62 61 76 69 99 20 18 20 15 131 47 46 52 41 58 0 0 0 0 
82 35 33 111 37 39 0 0 91 0 47 0 0 85 0 82 35 30 120 32 55 0 0 83 0 
0 0 63 43 0 0 0 55 43 0 101 99 149 132 97 0 0 62 47 0 0 0 67 42 0 
38 0 0 70 105 101 81 98 132 205 36 4 7 80 113 71 23 37 88 104 35 31 56 94 121 
3 6 56 105 9 0 0 59 79 0 53 34 127 133 57 32 53 79 127 38 0 0 50 90 0 
77 9 56 51 11 51 9 37 48 25 151 87 138 132 100 94 19 56 60 19 56 1 51 45 1 
42 0 54 0 59 38 0 61 0 55 28 0 72 0 79 94 56 107 69 112 33 0 56 0 55 
85 26 170 73 51 66 1 144 69 30 50 0 117 22 1 165 61 220 109 109 107 38 196 77 75 
9 114 164 33 154 155 225 336 154 287 33 129 221 42 199 0 61 173 0 128 102 180 255 129 244 
19 21 22 57 48 39 38 34 75 72 0 0 0 31 29 0 0 0 22 17 75 89 89 123 99 
21 36 0 93 1 34 55 0 125 0 96 98 45 157 62 26 42 0 117 0 46 41 0 86 0 
0 0 52 0 0 164 149 216 150 179 0 0 65 0 0 0 0 71 0 1 0 0 72 0 0 
53 99 62 84 39 11 28 0 28 0 69 110 72 116 50 14 66 4 52 11 80 78 74 119 45 
13 6 0 0 70 12 2 0 0 56 58 56 51 42 124 21 19 15 13 71 88 110 83 83 125 
67 10 7 6 18 84 59 58 66 59 99 76 76 91 87 40 0 3 0 11 35 8 10 6 19 
26 109 84 20 34 0 108 83 5 12 0 85 52 0 25 0 98 54 7 20 64 151 127 57 92 
145 196 101 97 96 72 64 42 19 18 39 51 17 0 0 39 55 13 0 0 38 43 16 0 0 
95 0 0 36 0 83 0 0 12 0 98 0 0 30 0 100 0 0 0 0 122 15 23 60 29 
74 82 12 24 20 46 43 0 0 0 58 75 17 9 16 73 78 38 42 52 88 85 47 32 47 
36 65 32 67 23 0 48 4 41 9 2 34 5 46 11 0 25 13 30 7 25 76 51 91 71 
0 0 56 27 11 0 0 45 35 0 0 0 43 40 6 41 53 122 94 61 54 50 100 93 63 
29 38 26 22 31 0 0 0 0 0 71 59 56 62 55 0 0 0 0 0 120 106 99 114 110 
44 32 45 33 46 0 0 16 0 0 0 0 21 1 0 52 49 91 59 55 136 96 148 140 130 
33 45 100 46 52 3 2 50 0 7 49 47 122 46 44 0 0 48 0 0 0 4 58 3 0 
0 0 180 31 0 0 0 141 23 0 19 20 156 36 18 0 0 166 22 0 0 0 162 21 0 
44 112 0 0 0 83 151 55 43 54 104 178 32 17 22 105 183 75 66 65 40 94 0 0 0 
78 2 80 84 94 144 66 176 169 170 168 85 173 191 205 146 51 108 124 162 100 8 88 128 117 
102 144 83 67 75 11 68 3 0 0 87 169 76 64 64 44 78 34 18 17 33 74 0 0 0 
0 116 107 164 0 0 127 119 163 0 0 108 120 166 3 0 116 115 155 0 0 126 118 165 0 
13 0 0 131 0 9 0 0 95 0 91 64 87 187 84 11 0 0 99 0 20 1 0 105 0 
43 57 34 32 61 0 54 0 0 16 51 83 45 40 59 6 36 0 0 27 0 62 2 0 31 
116 135 16 51 84 164 185 66 79 161 130 146 53 74 116 65 80 0 18 55 179 227 84 129 128 
83 203 174 120 113 10 51 71 18 4 33 101 126 48 46 25 82 78 17 29 0 74 61 0 0 
0 24 9 3 67 0 33 15 1 98 0 14 6 5 51 49 78 61 38 150 25 27 33 27 92 
583 452 453 343 443 420 244 241 182 242 426 268 287 191 241 332 138 129 72 123 479 340 373 305 338 
84 61 0 3 2 169 147 69 73 82 82 86 0 0 0 97 89 20 18 23 69 63 0 0 0 
153 300 132 141 131 241 386 170 254 186 117 281 93 130 79 40 190 0 27 0 72 215 54 69 22 
9 0 3 60 0 0 0 0 38 0 58 43 36 65 25 59 41 46 85 58 17 0 0 32 0 
0 0 0 0 56 0 0 0 0 65 0 0 0 0 80 0 0 0 0 69 150 187 172 172 229 
65 1 32 0 15 122 11 44 21 29 121 49 86 43 53 129 71 116 65 84 126 30 51 23 22 
151 0 0 54 0 156 0 0 55 0 142 0 0 40 0 169 0 0 46 0 149 0 0 41 0 
169 115 154 230 114 48 1 91 121 5 90 51 119 185 69 53 3 95 102 27 53 0 91 89 1 
0 0 53 57 0 80 68 103 115 76 0 0 42 39 0 67 62 124 89 62 51 44 91 81 31 
60 97 70 156 144 0 9 3 90 43 0 16 8 61 67 0 11 10 74 53 31 41 29 85 51 
128 111 74 67 34 176 154 123 120 107 98 72 48 49 6 219 158 156 134 124 171 154 142 99 73 
101 16 90 0 0 107 12 102 0 0 119 9 95 0 0 115 8 98 0 0 112 16 104 0 0 
63 150 57 71 61 0 60 0 0 0 6 96 4 5 4 0 68 0 0 0 83 169 70 83 72 
0 0 0 17 0 0 0 0 20 0 0 0 0 19 0 0 0 0 20 0 178 185 217 221 213 
40 0 0 33 39 110 84 77 104 104 44 0 0 35 39 37 0 0 25 43 45 0 0 29 34 
49 0 52 101 85 15 2 28 83 78 67 24 56 122 102 11 0 37 78 83 109 78 112 181 194 
0 71 61 0 71 0 83 71 0 78 0 85 59 0 59 1 80 67 0 72 0 92 73 0 71 
0 0 0 142 35 0 0 0 160 28 27 28 16 162 55 0 0 0 149 35 0 0 0 143 39 
50 24 55 38 31 78 58 100 56 53 21 18 42 24 8 56 52 119 75 53 2 0 29 0 0 
71 0 0 0 48 63 0 0 0 44 78 0 0 0 52 64 0 0 0 46 160 82 71 83 139 
0 0 184 0 33 0 0 205 0 27 0 0 177 0 22 0 0 168 0 22 0 0 162 0 27 
71 117 19 138 83 71 136 5 134 104 44 91 0 113 61 196 239 157 253 178 98 187 77 171 127 
92 0 0 0 0 117 0 0 0 0 122 0 0 0 0 102 0 0 0 0 206 88 85 89 99 
0 0 0 37 0 76 68 49 103 58 0 0 0 25 0 46 49 63 93 52 44 50 44 98 40 
60 82 84 69 55 3 29 22 0 5 0 0 40 0 0 47 61 75 50 40 18 24 51 16 10 
0 0 0 1210 0 0 0 0 1225 0 0 0 0 1234 0 3 4 5 1305 5 0 0 0 1227 0 
0 0 1457 0 0 0 0 1481 0 0 0 0 1376 0 0 0 0 1497 0 0 0 0 1451 0 0 
