958 923 954 890 1021 1149 1143 1150 1046 1172 722 751 780 689 948 983 1010 1042 982 1135 607 575 612 525 674 
150 135 149 148 137 0 0 0 0 0 113 75 110 105 95 0 0 0 0 0 0 0 0 0 0 
101 36 36 140 162 58 0 0 124 113 143 51 40 227 210 65 0 0 89 115 67 0 0 112 119 
236 16 71 46 58 158 0 0 1 0 341 80 157 79 126 327 155 244 192 186 257 46 100 52 58 
0 0 0 166 15 176 140 149 367 192 0 4 0 187 17 127 125 117 267 111 0 0 0 151 8 
123 28 93 100 19 114 5 82 84 0 111 31 82 88 21 110 0 44 102 0 259 168 237 267 156 
99 6 18 0 81 88 0 8 0 101 162 83 84 74 167 144 62 93 58 141 204 101 114 99 211 
0 0 0 0 0 0 0 0 0 0 1018 1032 977 998 1034 0 0 0 0 0 0 0 0 0 0 
0 0 0 215 0 1 0 3 212 1 95 91 86 319 105 92 88 77 323 107 0 0 0 203 0 
16 9 14 207 7 0 0 0 210 0 42 43 37 206 34 0 0 0 182 0 3 6 3 204 3 
38 132 160 219 54 56 109 161 203 40 88 173 221 273 97 60 173 167 253 58 76 135 178 248 43 
0 0 0 0 0 0 0 0 0 0 0 0 0 0 0 64 67 84 73 92 189 181 185 212 175 
72 104 71 61 186 0 13 0 0 112 0 2 0 0 121 0 4 0 0 128 87 93 88 73 184 
156 157 154 164 170 0 0 0 0 0 0 0 0 0 0 0 0 0 0 0 92 84 68 68 85 
0 0 0 0 0 0 0 0 0 0 0 0 0 0 0 441 439 429 415 420 194 180 186 192 212 
0 195 0 0 80 0 164 0 0 96 126 317 147 131 205 0 178 0 0 92 0 209 0 0 75 
802 0 0 0 0 797 0 0 0 0 790 0 0 0 0 833 0 0 0 0 839 0 0 0 0 
12 7 177 122 148 51 28 199 142 176 117 107 250 211 214 166 177 350 304 301 128 76 243 207 262 
93 141 95 152 75 71 94 70 121 82 0 43 0 48 0 55 104 57 100 48 0 46 0 50 0 
54 8 22 11 32 157 113 129 124 147 36 0 0 0 18 26 0 0 0 21 143 144 118 138 169 
0 0 138 0 0 0 0 127 0 0 0 0 150 0 0 164 136 266 127 133 0 0 148 0 0 
0 71 48 55 0 0 88 47 49 0 43 114 101 111 41 0 84 53 54 0 0 86 65 52 0 
0 1 0 1 157 133 112 122 163 258 116 114 119 118 229 3 5 0 0 127 89 107 99 86 210 
0 0 0 0 0 0 0 0 0 0 0 0 0 0 0 991 1057 1068 1024 974 0 0 0 0 0 
0 20 51 152 0 0 22 56 127 0 0 17 55 160 0 0 16 59 162 0 0 17 61 154 0 
65 49 0 0 0 79 68 17 14 13 129 82 35 35 29 84 62 0 0 0 96 90 22 23 30 
107 175 114 242 227 0 37 15 121 87 3 42 17 110 103 0 41 8 107 93 24 58 17 125 91 
104 112 117 75 4 94 112 157 81 0 251 282 303 262 173 118 123 112 72 0 237 212 276 213 134 
85 19 20 101 23 76 0 0 111 0 215 150 133 224 127 79 0 0 101 2 115 44 40 177 41 
105 83 39 41 34 126 91 45 52 27 47 45 15 0 0 80 66 17 12 13 76 46 10 0 0 
2 0 162 69 0 0 0 180 54 0 0 0 220 59 0 0 0 191 56 0 0 0 179 47 0 
155 203 205 157 127 4 72 79 0 1 0 49 87 0 0 69 111 149 60 47 0 56 108 0 0 
69 61 71 78 66 121 136 117 127 109 23 44 44 36 42 0 0 0 0 0 0 0 0 0 0 
0 0 0 175 0 0 0 0 185 0 248 247 234 431 257 0 0 0 180 0 0 0 0 167 0 
0 0 0 0 0 166 160 188 167 153 0 0 0 0 0 0 0 0 0 0 79 68 78 76 95 
95 0 0 53 40 123 27 49 102 103 189 66 83 142 142 73 0 0 65 33 177 60 76 133 116 
0 89 0 0 0 0 78 0 0 0 0 61 0 0 0 115 150 79 125 79 50 126 45 50 49 
0 0 99 0 0 87 91 183 107 108 0 0 97 0 0 7 9 105 5 11 14 13 91 9 15 
252 220 200 254 115 107 82 70 108 0 81 87 62 97 0 262 231 166 275 122 135 136 54 147 0 
0 0 0 0 0 34 41 31 20 22 0 0 0 0 0 68 75 75 68 101 114 112 113 116 147 
0 229 0 198 0 0 177 0 190 0 0 197 4 192 0 0 188 0 189 0 0 196 0 201 0 
0 35 0 113 0 0 46 0 117 0 0 44 0 113 0 52 117 55 176 57 0 50 0 103 0 
0 0 0 0 85 95 79 94 69 139 93 83 85 90 142 0 0 0 0 82 0 0 0 0 90 
52 263 263 8 215 21 207 204 0 139 69 267 273 25 216 119 324 307 95 285 187 314 314 126 250 
0 50 36 0 89 22 68 54 16 103 38 93 100 43 90 0 61 30 0 76 0 65 30 0 80 
130 104 132 140 132 14 0 0 40 0 14 0 0 38 0 20 0 0 48 0 95 79 64 128 85 
28 0 0 52 64 67 41 38 82 113 18 0 1 55 60 34 10 14 51 54 27 25 28 66 70 
111 0 85 0 0 79 0 106 0 0 159 74 144 67 72 133 21 103 20 13 93 0 100 0 0 
0 18 81 0 95 0 12 69 0 107 0 16 74 0 106 0 14 91 0 133 0 13 69 0 101 
13 46 136 79 15 52 75 162 98 52 0 44 127 33 0 45 65 164 100 45 0 24 112 60 0 
0 62 0 0 0 0 67 0 0 0 107 214 105 132 116 0 85 0 0 0 14 78 17 22 24 
0 0 0 68 0 61 64 51 122 81 0 0 0 67 0 0 0 0 78 0 71 63 57 143 61 
49 0 92 48 0 57 0 109 53 0 59 0 93 50 0 46 0 102 54 0 44 0 97 46 0 
80 55 0 36 0 122 85 19 54 26 99 100 0 30 0 120 60 0 43 0 100 66 0 35 0 
0 0 0 0 26 188 167 185 187 206 0 0 0 0 32 0 0 0 0 29 0 0 0 0 32 
89 47 57 109 77 58 37 49 96 68 24 0 0 52 10 28 0 0 48 11 37 12 8 56 27 
29 55 8 6 10 17 47 0 0 0 21 73 0 0 0 125 160 123 114 111 27 72 0 0 0 
0 0 0 21 0 186 170 197 198 164 0 0 0 22 0 0 0 0 22 0 0 0 0 18 0 
87 91 148 167 101 0 0 59 69 0 0 0 78 72 0 0 0 73 65 0 0 0 62 75 0 
63 57 59 47 68 41 0 0 0 11 76 62 48 48 72 30 0 0 0 22 92 49 45 49 60 
0 0 25 0 71 9 6 37 12 89 0 0 33 0 70 10 7 41 7 93 81 76 116 64 153 
601 608 614 647 595 0 0 0 0 0 0 0 0 0 0 0 0 0 0 0 0 0 0 0 0 
55 105 137 63 70 28 79 95 25 26 0 32 70 0 0 0 37 71 0 0 0 39 65 0 0 
0 0 110 0 0 0 0 91 0 0 76 114 207 112 101 0 0 85 0 0 0 0 104 0 0 
90 104 34 49 118 33 38 0 0 76 36 52 0 0 60 39 41 0 0 65 51 40 0 0 70 
0 54 0 0 0 27 109 35 51 40 0 68 0 9 0 0 72 0 18 0 12 54 12 29 0 
9 8 101 4 12 0 0 89 0 0 0 0 83 0 0 36 39 121 28 28 75 78 150 59 87 
0 0 0 51 75 88 82 62 117 163 0 0 0 49 73 0 0 0 36 84 0 0 0 47 73 
86 158 74 62 82 12 102 0 0 0 28 114 7 8 7 17 72 0 0 0 20 76 1 3 0 
76 37 102 55 104 21 0 43 14 65 22 0 47 11 80 22 0 57 12 65 15 0 43 14 66 
66 0 12 0 1 93 0 0 0 0 115 47 70 53 76 113 29 32 27 24 164 86 89 100 66 
65 26 118 42 47 33 0 82 0 0 28 0 78 0 0 26 0 71 0 0 77 36 116 37 43 
1 35 0 0 3 28 66 31 46 46 30 73 34 17 25 29 63 36 55 31 0 34 0 6 0 
90 78 100 50 61 34 28 34 0 12 54 66 60 26 44 45 26 38 0 13 36 32 38 0 10 
0 62 68 0 0 14 79 70 18 18 21 104 81 21 21 32 109 64 39 42 0 61 57 0 0 
58 102 57 52 49 38 110 36 41 33 19 84 21 21 31 28 64 28 30 31 0 66 0 0 1 
20 0 81 0 39 57 42 119 38 72 21 0 70 0 19 25 0 79 1 24 29 0 89 0 17 
0 2055 0 0 0 0 2120 0 0 0 0 1988 0 0 0 0 2070 0 0 0 0 2008 0 0 0 
22 190 142 16 0 99 221 201 102 70 1 167 123 3 0 68 265 183 112 62 2 149 109 0 0 
60 96 68 0 0 38 109 92 0 0 69 100 86 0 0 54 109 89 0 0 51 93 91 0 0 
6 123 0 142 0 98 216 108 265 104 113 208 75 247 67 0 111 0 148 0 3 126 0 135 0 
124 165 12 234 111 91 157 8 246 152 97 119 3 258 113 340 329 180 423 259 189 279 104 361 236 
0 0 0 0 0 1246 1202 1206 1166 1232 0 0 0 0 0 0 0 0 0 0 0 0 0 0 0 
0 0 80 125 0 0 0 75 106 0 0 0 81 127 0 0 0 80 125 0 0 0 72 128 0 
149 56 57 95 45 158 60 52 107 62 89 0 0 45 0 87 0 0 37 1 97 0 0 53 0 
0 136 0 0 102 0 179 0 0 87 0 185 0 0 100 0 155 0 0 82 0 159 0 0 118 
129 213 126 217 78 109 254 89 136 29 279 385 235 350 170 191 301 193 213 87 209 408 280 266 185 
49 54 187 186 81 2 0 125 97 19 77 86 182 207 103 0 0 71 101 24 29 42 159 146 72 
163 126 131 148 282 12 19 1 1 148 8 15 9 3 136 202 231 184 163 360 232 258 255 230 377 
0 68 0 0 0 0 51 0 0 0 0 64 0 0 0 8 64 4 8 3 171 205 175 149 165 
50 24 42 13 47 43 15 28 0 41 45 11 35 0 30 66 15 33 0 52 112 106 98 79 126 
202 76 0 102 0 208 69 0 102 0 209 59 0 105 0 191 66 0 114 0 198 58 0 107 0 
54 13 0 35 41 117 103 84 108 110 52 15 0 36 44 41 6 0 28 47 55 11 0 32 36 
51 0 0 0 0 54 0 0 0 0 62 0 0 0 0 194 133 145 146 141 43 0 0 0 0 
85 217 216 145 55 73 179 192 106 38 92 200 179 99 68 57 159 171 74 15 52 190 198 89 30 
99 9 13 70 24 134 79 79 146 89 157 85 101 138 122 88 32 33 95 41 74 0 0 42 17 
108 117 141 96 193 0 0 6 0 52 62 77 78 71 109 0 0 17 0 59 0 0 12 0 76 
37 58 0 77 0 162 160 96 141 70 93 89 30 112 45 55 52 0 75 0 37 47 0 72 0 
78 83 89 83 128 86 81 69 63 101 0 22 0 0 51 0 23 0 0 26 48 71 55 50 89 
0 83 0 0 0 42 142 40 37 33 43 145 44 36 35 26 123 24 29 41 54 133 55 43 60 
34 11 43 34 0 104 73 114 120 65 43 22 47 37 0 46 10 46 39 0 43 20 38 40 0 
1 19 0 91 233 154 155 151 226 389 0 34 0 101 275 0 10 0 106 275 131 166 126 204 353 
11 31 95 8 220 2 0 69 9 171 112 109 174 109 272 146 150 230 171 336 1 3 68 1 185 
158 0 0 0 0 143 0 0 0 0 234 88 104 104 117 131 0 0 0 0 134 0 0 0 0 
0 0 0 0 858 0 0 0 0 805 0 0 0 0 853 0 0 0 0 849 0 0 0 0 796 
128 127 0 174 62 120 117 1 164 99 176 193 46 209 135 125 132 8 184 104 131 126 4 166 58 
119 0 0 0 0 227 89 76 79 64 133 0 0 0 0 136 0 0 0 0 126 0 0 0 0 
60 32 78 55 41 101 71 135 82 64 25 23 50 27 19 92 55 155 106 57 11 0 46 1 0 
0 22 0 147 0 34 56 48 191 32 0 19 0 137 0 0 16 0 141 0 0 21 0 168 0 
99 65 110 150 159 49 4 82 67 69 38 0 75 89 65 106 63 125 137 121 21 2 53 71 54 
43 47 54 128 106 28 21 31 81 73 0 0 0 77 55 0 0 0 48 50 7 9 9 74 53 
118 109 90 104 31 198 177 173 141 119 96 70 66 71 10 259 211 221 173 158 175 158 161 89 83 
0 7 57 0 0 72 81 151 73 79 0 8 61 0 0 46 65 141 43 52 0 5 52 0 0 
213 14 205 0 0 220 7 189 0 0 223 7 191 5 0 197 4 195 0 0 224 27 191 12 11 
0 0 0 0 0 74 57 77 65 72 0 0 0 0 0 146 120 142 148 139 0 0 0 0 0 
307 83 303 114 193 329 171 397 199 260 339 144 412 215 258 213 13 217 78 149 256 69 315 79 125 
70 168 73 86 70 0 97 0 28 0 19 136 31 34 27 0 109 0 17 0 0 83 0 22 0 
0 0 0 16 0 0 0 0 19 0 0 0 0 18 0 0 0 0 18 0 164 173 195 200 194 
0 0 34 0 59 35 50 78 46 118 57 75 95 56 122 0 0 35 0 63 0 0 52 0 59 
0 0 16 0 187 0 0 16 0 178 0 0 28 0 168 0 0 25 0 179 0 0 23 0 182 
0 0 0 50 0 0 0 0 59 0 56 59 46 142 45 0 0 0 61 0 86 78 82 158 86 
96 0 0 106 0 116 0 0 117 0 103 0 0 100 0 100 0 0 126 0 110 0 0 117 0 
14 52 60 83 3 94 184 153 172 105 196 237 222 234 172 17 63 71 117 32 69 106 76 132 55 
120 153 139 117 252 0 0 0 0 89 0 0 0 0 93 24 30 32 27 130 0 0 0 0 86 
95 200 86 87 88 0 100 0 0 0 24 149 22 31 27 0 108 0 0 3 131 269 112 120 131 
146 138 85 92 81 87 51 0 0 0 87 50 5 3 8 71 53 0 0 0 76 62 0 0 0 
0 104 0 0 0 32 159 42 49 63 0 118 0 0 0 58 188 71 74 66 0 115 0 0 0 
92 0 0 0 0 117 0 0 0 0 121 0 0 0 0 102 0 0 0 0 206 88 85 89 99 
0 0 0 0 0 0 0 0 0 0 0 0 0 0 0 0 0 0 0 0 432 408 432 434 405 
0 0 36 0 0 72 79 92 75 87 0 0 30 0 0 77 75 85 58 79 18 25 59 22 26 
8 15 16 17 52 0 0 0 0 36 80 79 71 69 99 0 0 0 0 33 68 98 78 76 105 
0 0 1 131 0 0 0 0 119 0 0 0 0 138 0 0 0 0 144 0 76 74 77 195 82 
0 54 0 32 54 0 38 0 38 64 1 34 0 34 80 0 42 0 29 66 17 58 25 54 102 
70 0 0 0 26 60 0 0 0 27 78 0 0 0 35 62 0 0 0 25 161 83 72 84 117 
0 112 0 0 0 0 108 0 0 0 0 106 0 0 0 0 96 0 0 0 97 185 99 105 92 
29 72 36 63 50 47 66 50 35 56 53 51 46 44 53 0 10 0 12 0 91 115 83 86 76 
0 0 129 57 0 46 45 159 115 53 0 0 109 42 0 0 0 95 41 0 0 0 134 36 0 
12 47 12 0 20 10 65 15 0 27 5 56 0 0 21 43 76 42 40 72 0 38 3 0 32 
59 0 0 0 0 125 62 61 76 69 98 20 18 20 15 130 47 46 52 40 58 0 0 0 0 
195 0 0 0 0 197 13 18 17 20 178 0 0 0 0 196 0 0 0 0 166 0 0 0 0 
83 35 33 111 37 39 0 0 91 0 48 0 0 85 0 83 35 30 120 32 55 0 0 83 0 
0 3 0 15 0 45 32 40 61 40 26 13 31 49 35 0 0 0 20 0 50 52 55 92 59 
0 0 63 43 0 0 0 55 43 0 101 99 149 132 97 0 0 62 47 0 0 0 67 42 0 
81 3 63 150 122 31 10 56 149 119 77 29 59 173 130 35 0 50 128 113 140 95 139 246 243 
3 6 72 123 6 0 0 59 97 0 60 35 145 149 57 36 48 88 140 43 0 0 54 104 0 
43 4 38 39 10 34 3 32 32 18 103 62 99 91 72 56 15 34 43 16 44 0 38 38 2 
49 0 64 0 61 45 0 61 0 58 30 0 80 0 79 100 59 123 68 114 32 0 65 0 63 
92 53 152 80 65 83 26 160 85 38 52 0 95 21 6 150 73 199 116 91 126 59 203 83 77 
9 126 165 57 170 171 259 341 150 321 41 168 217 54 218 0 79 182 11 144 113 197 291 140 285 
30 24 31 69 61 47 53 44 98 94 0 0 0 41 33 0 0 0 27 20 107 117 112 166 128 
23 33 0 93 0 32 54 0 119 0 86 84 44 153 64 29 43 0 110 0 43 39 0 96 0 
0 0 53 0 0 155 143 209 136 168 0 0 59 0 0 0 0 69 0 0 0 0 69 0 0 
63 101 62 96 44 20 34 0 33 0 98 107 88 137 48 20 62 13 42 7 82 85 73 118 42 
16 8 0 0 70 12 2 0 0 57 62 58 45 46 126 21 21 16 15 69 93 109 90 80 120 
57 10 9 3 19 84 58 62 64 62 94 70 76 85 80 38 0 5 0 12 33 11 13 5 20 
22 102 78 16 34 0 90 66 7 7 0 71 42 0 20 0 84 50 6 12 46 123 94 44 88 
127 165 87 86 85 60 58 37 18 19 37 53 15 0 0 34 42 13 0 0 28 36 13 0 0 
0 69 55 0 67 0 71 63 0 71 0 77 52 0 55 0 64 64 0 68 0 84 67 0 66 
95 0 0 66 0 83 0 0 64 0 99 0 0 74 0 100 0 0 46 0 122 15 23 101 29 
67 124 76 75 79 0 62 0 0 0 39 99 44 39 37 0 54 0 0 0 30 76 26 30 30 
65 78 15 22 21 49 44 0 0 0 50 66 17 9 16 63 69 36 38 47 80 74 48 29 44 
36 75 43 71 26 0 60 11 42 15 1 50 8 44 19 0 43 14 31 13 39 103 63 97 78 
0 0 58 27 10 0 0 55 41 3 0 0 53 44 6 52 63 145 111 69 61 59 117 105 76 
30 40 28 23 32 0 0 0 0 0 77 61 59 62 58 0 0 0 0 0 125 110 106 120 116 
45 33 36 33 42 0 0 17 0 0 0 0 19 0 0 52 46 89 57 50 128 100 137 144 127 
36 39 96 37 40 4 9 56 9 9 59 48 115 45 42 0 0 50 0 0 0 3 52 20 0 
0 0 180 31 0 0 0 141 23 0 18 20 156 37 18 0 0 166 23 0 0 0 162 22 0 
43 70 0 0 0 66 93 38 30 29 67 108 17 14 9 79 119 37 37 41 37 65 0 0 0 
81 1 81 80 95 147 66 169 161 166 164 84 177 195 210 143 49 111 123 158 98 7 94 126 121 
101 143 80 70 74 17 52 4 0 0 91 145 76 56 59 44 83 28 19 17 31 62 0 0 0 
0 116 107 164 0 0 126 119 166 1 0 108 121 167 0 0 117 116 154 0 0 128 118 165 0 
0 0 0 141 36 0 0 0 161 28 27 29 16 157 52 0 0 0 151 34 0 0 0 138 38 
18 0 0 153 0 11 0 0 122 0 113 72 117 230 110 20 0 0 115 0 25 1 0 126 0 
56 70 41 41 65 0 57 0 0 23 40 78 37 31 48 6 34 0 0 28 3 51 0 0 20 
139 130 28 50 89 184 234 92 94 189 155 174 70 64 98 82 94 0 15 60 222 253 109 125 158 
76 175 137 90 86 6 46 72 19 3 31 80 106 51 35 20 75 69 13 20 0 60 54 0 0 
7 22 13 8 69 16 30 24 2 104 9 19 13 6 52 57 84 76 48 145 31 37 40 28 94 
0 0 200 0 40 0 0 220 0 31 0 0 199 0 25 0 0 191 0 23 0 0 195 0 31 
781 584 634 464 637 520 243 340 188 266 543 356 392 229 333 376 172 193 49 152 622 423 505 386 509 
95 80 4 5 1 197 193 92 93 92 119 101 0 0 0 120 99 27 20 20 81 66 0 0 0 
162 272 131 140 129 226 348 134 241 166 120 257 84 148 64 35 178 0 33 0 81 193 45 89 37 
23 0 27 74 0 24 0 14 42 0 64 40 57 72 21 87 54 80 102 65 31 0 25 41 0 
0 0 45 96 0 158 125 151 227 124 0 0 32 67 0 115 107 171 190 118 91 86 126 183 74 
0 0 0 0 55 0 0 0 0 60 0 0 0 0 70 0 0 0 0 60 146 165 152 159 195 
85 4 50 0 14 155 20 70 33 42 168 64 115 68 62 193 108 164 97 112 156 44 61 32 31 
53 36 106 113 29 0 0 73 112 0 50 52 133 139 38 0 0 89 101 0 0 0 79 83 0 
150 0 0 54 0 156 0 0 55 0 141 0 0 40 0 168 0 0 46 0 149 0 0 41 0 
63 26 32 68 74 46 0 0 26 61 58 0 0 19 36 52 0 0 33 37 96 43 50 78 86 
0 0 0 0 0 0 0 1 0 0 0 0 0 0 0 0 1 0 0 0 0 0 32 4 18 
167 148 167 284 151 39 9 73 146 0 84 48 126 199 69 40 8 97 105 26 44 6 81 96 0 
58 74 126 91 68 0 0 40 0 0 0 0 52 0 0 0 0 44 0 0 140 167 185 186 189 
0 0 0 1177 0 0 0 0 1174 0 0 0 0 1180 0 0 2 0 1259 0 0 0 0 1183 0 
0 0 1441 0 0 0 0 1461 0 0 0 0 1350 0 0 0 0 1461 0 0 0 0 1438 0 0 
