61 33 67 60 55 70 12 40 29 30 117 77 80 70 79 83 24 66 37 56 131 68 92 70 95 
23 3 7 0 25 9 0 0 0 0 11 12 0 0 0 0 0 0 0 0 4 0 0 0 0 
0 36 5 41 15 22 46 17 48 32 0 47 7 38 21 10 58 17 29 17 8 51 13 41 23 
0 0 18 0 0 0 0 21 0 0 0 0 25 0 0 0 0 14 0 0 0 0 22 0 0 
0 0 0 0 16 0 0 0 0 28 0 0 0 0 19 0 0 0 0 18 0 0 0 0 19 
0 0 0 0 0 12 20 7 15 10 0 0 4 0 0 10 11 15 15 20 0 0 0 0 0 
10 0 0 0 0 32 2 0 4 3 42 27 25 25 24 41 0 0 0 0 17 0 1 1 0 
0 8 8 18 0 0 0 0 0 0 0 0 0 0 0 0 0 0 0 0 0 0 0 0 0 
24 20 14 19 9 14 15 8 14 8 0 0 4 0 0 0 0 2 0 0 0 1 3 0 0 
0 32 0 0 0 0 35 0 0 0 0 26 0 0 0 0 25 0 0 0 0 26 0 0 0 
0 0 0 69 0 0 0 0 55 0 0 0 0 81 0 0 0 0 66 0 0 0 0 65 0 
