62 32 70 65 55 68 7 42 29 22 101 59 79 74 63 73 15 65 40 53 118 65 86 62 76 
0 0 0 63 0 0 0 0 50 0 0 0 0 74 0 0 0 0 69 0 0 0 0 69 0 
21 3 14 4 24 11 0 0 0 0 14 8 0 3 0 11 0 0 0 0 5 0 0 0 0 
0 36 0 0 0 0 35 0 0 0 0 31 0 0 0 0 29 0 0 0 0 24 0 0 0 
0 40 2 42 13 22 51 14 53 40 0 56 3 30 27 7 60 15 22 17 16 57 15 45 41 
0 0 18 0 0 0 0 21 0 0 0 0 25 0 0 0 0 14 0 0 0 0 22 0 0 
0 0 0 0 17 0 0 0 0 28 0 0 0 0 20 0 0 0 0 19 0 0 0 0 20 
0 0 0 0 0 9 20 7 16 10 0 0 0 0 0 13 14 18 16 22 0 0 0 0 0 
12 0 1 0 0 37 3 1 3 3 55 35 34 33 33 40 0 2 0 0 21 0 5 1 0 
0 9 0 15 0 0 0 0 0 0 0 0 0 0 0 0 0 0 0 0 0 0 0 0 0 
23 12 14 18 11 12 14 8 14 8 0 0 4 0 0 0 0 0 0 0 0 0 3 0 0 
