64 45 73 80 63 85 23 48 40 40 120 94 84 86 85 88 43 83 47 66 133 89 99 77 103 
0 0 0 76 0 0 0 0 63 0 0 0 0 80 0 0 0 0 72 0 0 0 0 70 0 
0 0 0 0 0 12 18 6 15 9 0 0 0 0 0 14 13 17 14 20 0 0 0 0 0 
24 20 15 20 29 12 0 0 0 0 15 10 0 5 0 12 1 0 0 0 9 0 0 0 0 
2 35 0 0 0 1 45 0 0 0 0 37 0 0 1 0 34 0 0 3 0 31 0 0 0 
0 0 0 0 16 0 0 0 0 28 0 0 0 0 19 0 0 0 0 18 0 0 0 0 20 
0 17 0 17 4 13 31 9 34 27 0 26 7 22 20 0 27 0 14 4 5 26 6 30 14 
18 15 13 14 8 7 12 9 13 7 0 0 4 0 1 0 0 0 0 0 0 0 3 0 0 
0 0 18 0 0 0 0 21 0 0 0 0 26 0 0 0 0 14 0 0 0 0 22 0 0 
10 0 0 0 0 29 1 0 0 0 35 22 24 21 17 30 0 0 0 0 13 0 1 0 0 
