65 31 71 58 61 63 8 46 24 29 107 65 78 74 79 73 21 69 41 51 119 73 89 64 91 
0 0 0 68 0 0 0 0 54 0 0 0 0 75 0 0 0 0 64 0 0 0 0 63 0 
26 12 13 1 30 12 0 0 0 0 18 16 3 7 0 15 0 0 0 1 11 0 0 0 0 
0 34 0 0 0 0 40 0 0 0 0 39 0 0 0 0 29 0 0 0 0 31 0 0 0 
0 35 1 46 2 33 47 11 58 34 5 45 11 35 22 12 56 13 27 19 15 42 14 49 27 
17 13 16 18 11 13 13 8 12 7 0 0 3 0 0 0 0 1 0 0 0 0 3 0 0 
0 0 18 0 0 0 0 21 0 0 0 0 25 0 0 0 0 14 0 0 0 0 22 0 0 
10 0 0 0 0 28 2 1 2 4 40 24 25 23 23 30 0 0 0 0 14 0 3 1 0 
0 0 0 0 16 0 0 0 0 28 0 0 0 0 19 0 0 0 0 18 0 0 0 0 19 
0 7 0 16 0 0 0 0 0 0 0 0 0 0 0 0 0 0 0 0 1 0 0 0 0 
0 0 0 0 0 10 20 6 15 9 0 0 0 0 0 14 12 17 15 22 0 0 0 0 0 
