62 44 72 65 56 77 11 42 36 35 101 80 77 68 74 78 45 66 40 61 132 85 96 76 101 
0 0 0 72 0 0 0 0 57 0 0 0 0 83 0 0 0 0 71 0 0 0 0 67 0 
0 0 0 0 0 13 19 6 11 10 0 0 0 0 0 9 10 15 12 21 0 0 0 0 0 
25 17 15 0 29 12 0 0 0 0 17 14 0 3 0 9 0 0 0 0 8 0 0 0 0 
0 25 0 0 0 0 35 0 0 0 0 27 0 0 0 0 23 0 0 0 0 26 0 0 0 
0 0 0 0 16 0 0 0 0 28 0 0 0 0 19 0 0 0 0 18 0 0 0 0 20 
1 29 0 33 6 20 45 13 48 24 1 38 1 34 17 0 40 12 24 11 8 35 7 34 14 
18 15 14 20 13 9 20 9 13 14 0 0 3 0 0 0 0 0 0 0 0 0 3 0 0 
0 0 18 0 0 0 0 21 0 0 0 0 25 0 0 0 0 14 0 0 0 0 22 0 0 
12 0 0 0 0 28 0 2 0 0 51 30 38 26 33 48 0 7 0 0 12 0 3 0 2 
0 2 0 17 0 0 0 0 0 0 0 0 1 0 0 0 0 0 0 0 0 0 0 0 0 
