63 24 62 51 56 69 8 42 34 24 116 70 83 68 76 80 15 61 36 47 125 56 91 66 76 
20 14 7 0 28 10 0 0 0 0 9 12 0 0 0 8 0 0 0 0 6 0 0 0 0 
0 40 7 44 11 20 49 14 48 40 4 49 7 43 25 10 61 22 28 24 15 58 16 46 42 
0 0 18 0 0 0 0 21 0 0 0 0 25 0 0 0 0 14 0 0 0 0 22 0 0 
0 0 0 0 16 0 0 0 0 28 0 0 0 0 19 0 0 0 0 18 0 0 0 0 19 
0 0 0 1 0 13 20 7 15 10 0 0 1 0 0 15 14 17 14 22 0 0 0 0 0 
12 0 0 0 0 35 2 1 3 3 41 27 27 27 23 31 0 0 0 0 14 0 2 1 0 
0 2 8 17 0 0 0 0 0 0 0 0 0 0 0 0 0 0 0 0 0 0 0 0 0 
23 16 17 18 9 12 13 8 12 6 0 0 2 0 0 0 0 0 0 0 0 0 0 0 0 
0 36 0 0 0 0 38 0 0 0 0 31 0 0 0 0 28 0 0 0 0 32 0 0 0 
0 0 0 76 0 0 0 0 53 0 0 0 0 76 0 0 0 0 69 0 0 0 0 64 0 
