60 27 65 61 55 61 7 43 27 22 107 69 82 79 79 77 19 65 42 56 123 70 90 75 93 
23 15 18 19 31 14 0 0 0 0 13 8 0 0 0 10 0 0 0 0 11 0 0 0 0 
0 44 2 42 8 28 53 14 59 41 0 52 3 35 19 8 63 16 29 15 11 52 14 36 25 
0 0 18 0 0 0 0 21 0 0 0 0 25 0 0 0 0 14 0 0 0 0 22 0 0 
0 0 0 0 16 0 0 0 0 28 0 0 0 0 19 0 0 0 0 18 0 0 0 0 19 
0 0 0 0 0 12 19 7 14 8 0 0 0 0 0 11 12 17 16 22 0 0 0 0 0 
13 0 0 0 0 33 3 0 4 5 50 30 33 29 26 38 0 0 0 0 15 0 2 1 0 
22 18 16 21 10 11 16 8 12 7 0 0 2 0 0 0 0 2 0 0 0 0 3 0 0 
0 28 0 0 0 0 32 0 0 0 0 30 0 0 0 0 24 0 0 0 0 24 0 0 0 
0 0 0 64 0 0 0 0 49 0 0 0 0 71 0 0 0 0 60 0 0 0 0 65 0 
