71 23 68 60 57 72 7 41 28 22 105 60 81 74 81 81 21 74 36 51 130 56 90 59 83 
21 3 9 2 24 10 0 0 0 0 13 9 1 2 0 9 0 0 0 0 5 0 0 0 0 
0 49 4 44 11 22 55 17 53 39 4 59 5 33 20 9 58 12 30 22 11 67 15 50 35 
0 0 18 0 0 0 0 21 0 0 0 0 25 0 0 0 0 14 0 0 0 0 22 0 0 
0 0 0 0 17 0 0 0 0 30 0 0 0 0 19 0 0 0 0 18 0 0 0 0 19 
0 0 0 1 0 12 19 7 14 9 0 0 0 0 0 12 11 14 13 19 0 0 0 0 0 
8 0 0 0 0 33 2 0 5 4 47 29 30 31 23 33 3 0 1 0 14 0 1 1 0 
17 15 15 16 11 10 13 7 12 7 0 0 3 0 0 0 0 0 0 0 0 0 3 0 0 
0 33 0 0 0 0 34 0 0 0 1 32 0 0 0 0 25 0 0 1 0 23 0 0 0 
0 0 0 69 0 0 0 0 53 0 0 0 0 74 0 0 0 0 67 0 0 0 0 67 0 
1 9 5 15 0 0 0 0 0 0 0 0 0 0 0 0 0 0 0 0 0 0 0 0 0 
