69 38 74 67 67 62 13 39 26 21 104 75 77 76 67 79 19 61 40 49 125 60 92 61 77 
0 0 0 69 0 0 0 0 61 0 0 0 0 84 0 0 0 0 65 0 0 0 0 67 0 
19 7 14 0 23 9 0 0 0 0 2 3 0 0 0 9 0 0 0 0 0 0 0 0 0 
0 30 0 0 0 0 34 0 0 0 0 33 0 0 0 0 26 0 0 0 0 25 0 0 0 
0 44 0 39 8 29 50 17 47 46 2 43 6 27 26 8 60 22 28 24 15 61 11 49 41 
0 0 18 0 0 0 0 21 0 0 0 0 25 0 0 0 0 14 0 0 0 0 22 0 0 
0 0 0 0 16 0 0 0 0 28 0 0 0 0 19 0 0 0 0 18 0 0 0 0 19 
0 0 0 0 0 12 20 7 15 10 0 0 0 0 0 16 13 17 14 20 0 0 0 0 0 
14 0 0 0 0 40 0 1 4 0 52 35 34 24 31 32 0 0 0 0 17 0 3 0 0 
0 5 0 17 0 0 0 0 0 0 10 0 0 3 0 0 0 0 0 0 3 0 0 0 0 
16 8 13 15 6 7 13 8 12 6 0 0 3 0 0 0 0 0 0 0 0 0 3 0 0 
