59 32 68 59 57 59 10 44 24 14 111 73 85 89 80 76 31 69 33 56 124 70 86 67 81 
0 0 0 73 0 0 0 1 59 0 0 0 0 79 0 0 0 0 71 0 0 0 0 65 0 
23 1 6 3 25 9 0 0 0 0 9 13 1 0 0 8 0 0 0 1 4 0 0 0 0 
3 44 1 36 10 22 45 12 52 45 5 53 3 20 20 10 51 12 28 15 14 52 14 44 37 
0 0 19 0 0 0 0 22 0 0 0 0 25 0 0 0 0 15 0 0 0 0 24 0 0 
0 0 0 0 16 0 0 0 0 28 0 0 0 0 19 0 0 0 0 18 0 0 0 0 19 
0 0 0 0 0 9 20 6 12 9 0 0 0 0 0 14 13 17 15 21 0 0 0 0 0 
9 0 0 0 0 32 0 0 3 3 45 25 28 23 24 36 0 0 0 0 15 0 4 1 0 
0 10 6 15 0 0 0 0 0 0 0 0 0 3 0 0 0 0 0 0 3 0 0 0 0 
24 14 19 21 12 11 15 8 14 12 0 0 3 0 0 0 0 1 0 0 0 0 3 0 0 
0 31 0 0 0 0 33 0 0 0 0 25 0 0 0 0 23 0 0 0 0 24 0 0 0 
0 0 0 0 0 17 7 0 1 0 0 0 0 0 0 0 0 0 0 0 0 0 0 0 0 
