64 35 65 68 56 66 8 48 23 24 108 75 75 86 81 83 27 68 36 62 128 70 101 68 94 
0 0 0 65 0 0 0 0 54 0 0 0 0 75 0 0 0 0 67 0 0 0 0 62 0 
27 14 15 0 28 10 0 0 0 0 18 16 2 0 0 10 0 0 0 0 7 0 0 0 0 
0 32 0 0 0 0 40 0 0 0 0 35 0 0 0 0 32 0 0 0 0 33 0 0 0 
0 30 3 22 5 22 45 10 45 33 3 37 0 16 21 0 43 14 30 8 10 43 4 46 24 
19 16 18 20 15 14 15 8 14 13 0 0 3 0 0 0 0 0 0 0 0 0 3 0 0 
0 0 18 0 0 0 0 21 0 0 0 0 25 0 0 0 0 14 0 0 0 0 22 0 0 
8 0 0 0 0 29 2 0 5 3 41 26 30 25 23 32 0 0 0 0 15 0 1 1 0 
0 0 0 0 16 0 0 0 0 28 0 0 0 0 18 0 0 0 0 18 0 0 0 0 19 
0 5 0 15 0 0 0 0 0 0 0 0 0 3 0 0 0 0 0 0 0 0 0 0 0 
0 0 0 0 0 13 20 6 13 10 0 0 0 0 0 15 11 18 14 22 0 0 0 0 0 
0 0 0 17 0 5 0 0 11 0 0 0 10 9 0 4 5 0 0 1 0 0 0 0 0 
