59 20 69 60 49 60 8 42 30 18 103 60 77 74 72 75 18 60 33 50 124 48 94 67 76 
0 0 0 77 0 0 0 0 60 0 0 0 0 87 0 0 0 0 78 0 0 0 0 71 0 
26 10 9 0 33 10 0 0 0 0 10 18 0 2 0 0 0 0 0 1 8 0 0 0 0 
0 32 0 0 0 0 39 0 0 0 0 32 0 0 0 0 29 0 0 0 0 33 0 0 0 
0 40 4 36 11 34 48 16 48 44 0 50 9 24 26 15 58 20 22 20 14 52 12 39 34 
20 17 13 18 11 11 15 8 13 7 0 0 3 0 0 0 0 2 0 1 0 0 3 0 0 
0 0 18 0 0 0 0 21 0 0 0 0 25 0 0 0 0 14 0 0 0 0 22 0 0 
0 0 0 0 16 0 0 0 0 28 0 0 0 0 19 0 0 0 0 18 0 0 0 0 19 
0 8 6 16 0 0 0 0 0 0 5 0 0 0 0 6 0 0 0 0 0 0 0 0 0 
0 0 0 0 0 12 20 6 14 10 0 0 0 0 0 14 13 18 14 21 0 0 0 0 0 
13 0 0 0 0 32 0 0 0 0 52 29 31 27 26 34 0 0 0 0 14 0 0 0 0 
0 5 0 0 0 0 0 0 0 4 0 0 0 0 0 0 0 0 0 0 0 13 0 0 8 
