65 30 71 70 55 72 5 46 30 25 104 69 85 76 74 78 31 65 44 61 133 81 98 70 96 
0 0 0 71 0 0 0 0 52 0 0 0 0 81 0 0 0 0 65 0 0 0 0 70 0 
22 15 8 0 25 8 0 0 0 0 12 12 0 0 0 9 0 0 0 0 0 0 0 0 0 
0 32 1 0 0 0 42 0 0 0 0 36 0 0 0 0 31 0 0 0 0 28 0 0 0 
2 37 2 35 13 24 51 11 58 40 10 46 7 33 29 8 42 16 22 10 13 37 6 37 22 
0 0 18 0 0 0 0 21 0 0 0 0 25 0 0 0 0 14 0 0 0 0 22 0 0 
0 0 0 0 16 0 0 0 0 28 0 0 0 0 19 0 0 0 0 18 0 0 0 0 19 
0 0 0 0 0 13 19 7 12 10 0 0 0 0 0 14 14 18 16 22 0 0 0 0 0 
11 0 0 0 0 29 0 0 0 0 43 26 24 21 21 34 0 0 0 0 11 0 2 0 0 
0 1 6 15 0 2 0 0 0 0 1 0 1 3 0 1 0 0 0 0 3 0 0 0 0 
18 17 13 16 11 11 13 8 13 8 0 0 3 0 0 0 0 1 0 0 0 0 3 0 0 
