69 70 72 87 66 79 30 50 44 47 112 93 81 91 98 83 62 78 54 71 139 111 105 91 118 
0 0 0 66 0 0 0 0 50 0 0 0 0 78 0 0 0 0 65 0 0 0 0 63 0 
16 8 13 16 9 9 13 8 12 9 0 0 3 0 0 0 0 1 0 0 0 0 3 0 0 
0 0 0 0 0 9 19 7 14 10 0 0 0 0 0 11 10 17 14 17 0 0 0 0 0 
24 17 15 19 27 12 0 0 0 0 13 14 0 0 0 13 0 0 0 0 6 0 0 0 0 
0 35 0 0 0 2 43 0 1 0 0 38 0 0 0 0 29 0 0 0 0 27 0 0 0 
0 0 0 0 16 0 0 0 0 28 0 0 0 0 20 0 0 0 0 18 0 0 0 0 19 
0 0 18 0 0 0 0 21 0 0 0 0 25 0 0 0 0 14 0 0 0 0 21 0 0 
9 0 1 0 0 27 0 1 0 0 45 25 30 24 24 35 0 0 0 0 14 0 2 0 0 
0 2 0 19 2 21 25 6 44 17 0 19 6 21 1 2 17 4 14 5 1 8 0 23 0 
