61 25 65 62 55 62 10 45 31 29 109 63 82 84 81 78 19 71 35 46 124 64 96 74 94 
23 13 18 20 35 14 0 0 0 0 15 10 0 1 0 10 0 0 0 0 12 0 0 0 0 
0 43 1 38 6 26 50 11 55 33 0 53 5 31 14 6 61 12 31 25 9 58 8 36 24 
0 0 18 0 0 0 0 21 0 0 0 0 25 0 0 0 0 14 0 0 0 0 22 0 0 
0 0 0 0 16 0 0 0 0 28 0 0 0 0 19 0 0 0 0 18 0 0 0 0 19 
0 0 0 0 0 14 20 7 13 9 0 0 0 0 0 11 13 16 15 22 0 0 0 0 0 
13 0 0 0 0 33 2 0 3 4 46 30 30 25 29 39 0 0 0 0 15 0 2 1 0 
20 17 17 21 8 10 15 9 12 8 0 0 3 0 0 0 0 1 0 0 0 0 3 0 0 
1 34 0 0 0 0 33 0 0 0 0 33 0 0 0 0 25 0 0 0 0 24 0 0 0 
0 0 0 66 0 0 0 0 51 0 0 0 0 73 0 0 0 0 66 0 0 0 0 66 0 
