63 42 69 63 56 75 7 51 28 28 111 77 75 79 76 76 23 68 48 52 136 73 93 76 98 
0 0 0 79 0 0 0 0 58 0 0 0 0 83 0 0 0 0 64 0 0 0 0 74 0 
26 16 4 2 24 6 0 0 0 0 14 13 0 0 0 11 0 0 0 0 0 0 0 0 0 
0 30 0 0 0 0 39 0 0 0 0 34 0 0 0 0 28 0 0 0 0 27 0 0 0 
0 28 1 26 9 22 52 7 57 39 4 42 18 35 24 13 55 14 21 21 7 46 11 27 20 
0 0 18 0 0 0 0 21 0 0 0 0 25 0 0 0 0 14 0 0 0 0 22 0 0 
0 0 0 0 16 0 0 0 0 28 0 0 0 0 19 0 0 0 0 18 0 0 0 0 19 
0 0 0 0 0 14 19 7 12 9 0 0 0 0 0 11 12 18 14 20 0 0 0 0 0 
8 0 0 0 0 26 0 0 0 0 41 23 22 15 24 33 0 0 0 0 13 0 2 0 0 
0 2 11 17 2 2 0 0 0 0 0 0 1 2 0 0 0 0 0 0 4 0 0 0 0 
21 14 16 20 13 14 13 7 10 7 0 0 4 0 0 0 0 0 0 0 0 0 3 0 0 
