69 41 72 80 66 75 12 37 27 27 106 73 78 67 75 74 28 72 46 59 130 87 99 57 101 
0 0 0 68 0 0 0 0 52 0 0 0 0 69 0 0 0 0 64 0 0 0 0 65 0 
24 18 16 0 27 9 0 0 0 0 19 12 0 1 0 14 0 0 0 0 6 0 0 0 0 
0 25 0 0 0 0 32 0 0 0 0 30 0 0 0 0 25 0 0 0 0 22 0 0 0 
0 0 0 0 16 0 0 0 0 28 0 0 0 0 19 0 0 0 0 18 0 0 0 0 19 
0 36 1 30 5 20 54 13 57 41 0 45 7 38 19 8 53 7 21 12 7 37 2 44 17 
12 7 11 12 6 9 12 7 12 6 0 0 3 0 0 0 0 1 0 0 0 0 3 0 0 
0 0 18 0 0 0 0 21 0 0 0 0 25 0 0 0 0 14 0 0 0 0 22 0 0 
13 0 1 0 0 33 0 0 0 0 45 29 32 26 30 38 0 2 0 0 17 0 4 0 0 
0 3 0 17 0 0 0 0 0 0 0 0 0 0 0 0 0 0 0 0 0 0 0 0 0 
0 2 0 0 0 13 20 7 16 9 0 0 0 0 0 10 12 18 16 21 0 0 0 2 0 
0 0 0 0 0 0 0 8 1 0 0 0 0 13 0 0 0 0 0 1 0 0 1 9 0 
