56 35 71 65 53 71 7 47 34 33 108 71 81 81 69 76 41 75 39 64 128 89 100 73 102 
0 0 0 69 0 0 0 0 57 0 0 0 0 81 0 0 0 0 71 0 0 0 0 71 0 
0 0 0 0 0 12 19 6 13 9 0 0 0 0 0 12 9 13 14 19 0 0 0 0 0 
27 18 15 0 28 11 0 0 0 0 19 12 0 4 0 12 0 0 0 0 12 0 0 0 0 
0 25 0 0 0 0 35 0 0 0 0 31 0 0 0 0 23 0 0 0 0 23 0 0 0 
0 0 0 0 16 0 0 0 0 28 0 0 0 0 19 0 0 0 0 18 0 0 0 0 18 
0 36 0 36 7 24 51 10 47 30 3 43 4 26 22 0 45 7 23 10 9 34 1 33 15 
23 16 15 20 16 14 18 9 14 11 0 0 2 0 1 0 0 0 0 0 0 0 4 0 0 
0 0 18 0 0 0 0 21 0 0 0 0 25 0 0 0 0 14 0 0 0 0 22 0 0 
12 0 0 0 0 27 0 0 0 0 40 32 33 22 32 44 0 5 0 0 11 0 4 0 2 
0 2 0 17 0 0 0 0 0 0 0 0 0 0 0 0 0 0 0 0 0 0 0 0 0 
