57 56 69 74 66 66 29 47 45 46 94 93 79 86 88 81 48 77 53 67 133 104 102 84 117 
0 0 0 70 0 0 0 0 50 0 0 0 0 72 0 0 0 0 69 0 0 0 0 67 0 
0 0 0 0 0 12 19 7 14 9 0 0 0 0 0 15 11 16 15 21 0 0 0 0 0 
26 16 16 22 30 9 0 0 0 0 21 14 0 5 0 14 0 0 0 0 7 0 0 0 0 
0 44 0 0 0 1 43 0 0 0 0 34 0 0 0 0 32 0 0 0 0 31 0 0 0 
0 0 0 0 16 0 0 0 0 28 0 0 0 0 19 0 0 0 0 18 0 0 0 0 19 
0 2 0 24 0 15 26 10 42 21 0 19 5 35 4 0 27 7 10 5 1 11 0 26 0 
14 0 0 0 0 36 0 0 2 0 55 29 33 16 32 33 0 0 0 0 19 0 5 0 1 
21 14 16 17 8 8 13 8 12 7 0 0 3 0 0 1 0 0 0 0 0 0 2 0 0 
0 0 18 0 0 0 0 21 0 0 0 0 25 0 0 0 0 14 0 0 0 0 22 0 0 
0 0 0 0 0 12 0 0 0 0 0 0 0 0 0 0 0 0 0 0 0 0 0 0 0 
