65 35 59 65 61 68 8 42 30 35 111 63 86 80 71 78 21 59 43 57 130 69 101 75 96 
22 11 15 19 23 10 0 0 0 0 14 10 0 3 0 9 0 0 0 0 9 0 0 0 0 
0 0 0 0 16 0 0 0 0 28 0 0 0 0 19 0 0 0 0 18 0 0 0 0 19 
0 0 0 0 0 11 20 7 11 9 0 0 0 0 0 13 13 18 15 21 0 0 0 0 0 
18 13 15 20 7 9 16 9 15 6 0 0 3 0 0 0 0 3 0 0 0 0 4 0 0 
0 32 0 0 0 0 33 0 0 0 0 30 0 0 0 0 23 0 0 0 0 24 0 0 0 
0 0 0 67 0 0 0 0 55 0 0 0 0 70 0 0 0 0 65 0 0 0 0 68 0 
0 40 12 36 13 27 50 14 49 30 2 54 5 30 27 6 61 20 24 15 11 53 4 33 22 
13 1 0 0 0 34 3 0 5 3 43 32 26 31 26 38 0 0 0 0 10 0 0 1 0 
0 0 18 0 0 0 0 21 0 0 0 0 25 0 0 0 0 14 0 0 0 0 22 0 0 
