68 55 75 75 65 77 25 45 37 38 102 87 80 70 83 83 47 73 49 64 130 94 100 78 108 
0 0 0 69 0 0 0 0 55 0 0 0 0 77 0 0 0 0 68 0 0 0 0 73 0 
0 0 0 0 0 14 20 7 11 10 0 0 0 0 0 15 12 16 14 21 0 0 0 0 0 
26 19 12 6 29 13 0 0 0 0 21 16 0 7 0 13 0 0 0 3 10 1 0 0 0 
1 32 0 1 0 1 41 0 4 0 0 32 0 0 0 0 30 1 0 0 0 27 0 0 0 
0 0 0 0 16 0 0 0 0 28 0 0 0 0 19 0 0 0 0 18 0 0 0 0 19 
0 17 0 29 4 19 30 10 46 29 1 34 8 34 14 1 29 8 16 5 5 24 3 26 10 
12 7 11 12 6 7 14 8 12 6 0 0 2 0 0 0 0 1 0 0 0 0 2 0 0 
0 0 18 0 0 0 0 22 0 0 0 0 25 0 0 0 0 15 0 0 0 0 23 0 0 
11 0 0 0 0 28 0 1 0 0 46 20 29 26 27 32 0 0 0 0 15 0 3 0 0 
0 2 3 15 0 0 0 0 0 0 0 0 1 0 0 0 0 0 0 0 0 0 0 0 0 
