65 31 68 60 44 75 11 43 26 20 108 63 79 70 67 76 14 66 36 55 120 70 94 71 88 
0 0 0 72 0 0 0 0 56 0 0 0 0 78 0 0 0 0 68 0 0 0 0 64 0 
28 10 16 0 30 13 0 0 0 0 19 13 1 3 0 14 0 0 0 0 9 0 0 0 0 
0 29 0 0 0 0 32 0 0 0 0 32 0 0 0 0 23 0 0 0 0 23 0 0 0 
0 39 3 38 20 17 55 14 57 43 0 60 1 31 37 5 71 17 29 17 16 53 9 41 30 
16 15 15 20 10 7 13 8 12 8 0 0 3 0 0 0 0 1 0 0 0 0 3 0 0 
0 0 17 0 0 0 0 21 0 0 0 0 25 0 0 0 0 13 0 0 0 0 22 0 0 
9 0 0 0 0 34 0 1 0 4 43 21 36 30 20 39 0 0 0 0 15 0 3 1 0 
0 0 0 0 0 13 19 6 14 8 0 0 0 0 0 10 10 17 14 21 0 0 0 0 0 
0 0 0 0 16 0 0 0 0 28 0 0 0 0 19 0 0 0 0 18 0 0 0 0 19 
0 8 0 17 0 0 0 0 0 0 0 0 0 2 0 0 0 0 0 0 0 0 0 0 0 
