69 39 75 68 68 66 13 46 29 18 105 67 77 74 67 79 17 64 41 47 117 70 95 63 85 
0 0 0 66 0 0 0 0 55 0 0 0 0 77 0 0 0 0 63 0 0 0 0 66 0 
22 7 13 0 22 11 0 0 0 0 1 7 1 0 0 9 0 0 0 0 0 0 0 0 0 
0 31 0 0 0 0 32 0 0 0 0 35 0 0 0 0 28 0 0 0 0 25 0 0 0 
0 41 2 42 5 26 53 12 54 49 6 52 4 31 26 4 62 18 27 28 19 51 9 48 33 
0 0 18 0 0 0 0 20 0 0 0 0 25 0 0 0 0 14 0 0 0 0 22 0 0 
0 0 0 0 17 0 0 0 0 28 0 0 0 0 19 0 0 0 0 18 0 0 0 0 19 
0 0 0 0 0 12 19 7 13 9 0 0 0 0 1 14 11 18 16 18 0 0 0 0 0 
11 0 0 0 0 36 0 0 2 0 48 28 35 29 30 38 0 0 0 0 20 0 2 0 0 
0 6 0 17 0 0 0 0 0 0 10 0 0 3 0 0 0 0 0 0 4 0 0 0 0 
16 8 11 14 8 8 13 8 12 7 0 0 3 0 0 0 0 0 0 0 0 0 3 0 0 
