63 47 73 86 62 80 25 49 43 34 111 99 89 96 93 83 42 82 48 60 137 81 105 79 97 
0 0 0 64 0 0 0 0 49 0 0 0 0 70 0 0 0 0 59 0 0 0 0 64 0 
0 0 0 0 0 12 20 7 15 10 0 0 0 0 0 12 12 18 16 23 0 0 0 0 0 
24 18 16 20 29 12 0 0 0 0 18 17 1 3 0 14 0 0 0 0 8 0 0 0 2 
0 39 0 0 0 1 37 0 0 0 0 28 0 0 0 0 32 0 0 0 0 29 0 0 0 
0 0 0 0 16 0 0 0 0 28 0 0 0 0 19 0 0 0 0 18 0 0 0 0 19 
0 15 0 21 2 17 35 8 46 32 0 18 0 22 6 0 32 0 24 10 1 36 0 34 19 
11 0 0 0 0 27 0 0 0 0 41 27 27 23 25 35 0 0 0 0 13 0 2 0 0 
20 13 12 16 11 10 13 8 12 7 0 0 3 0 0 0 0 0 0 0 1 0 2 0 0 
0 0 18 0 0 0 0 21 0 0 0 0 25 0 0 0 0 14 0 0 0 0 22 0 0 
