72 65 75 87 66 79 26 52 47 46 102 83 81 87 95 75 57 76 52 67 135 102 103 92 114 
0 0 0 68 0 0 0 0 59 0 0 0 0 76 0 0 0 0 67 0 0 0 0 70 0 
12 7 11 12 6 7 12 8 12 6 0 0 3 0 0 0 0 1 0 0 0 0 3 0 0 
0 0 0 1 0 13 20 6 13 10 0 0 0 1 0 15 13 17 16 22 0 0 0 0 0 
22 21 15 19 30 13 0 0 0 0 15 19 0 3 0 12 0 0 0 0 6 0 0 0 0 
0 32 0 0 0 2 44 0 0 0 0 36 0 0 0 0 32 0 0 0 0 32 0 0 0 
0 0 0 0 16 0 0 0 0 28 0 0 0 0 19 0 0 0 0 19 0 0 0 0 20 
0 0 18 0 0 0 0 21 0 0 0 0 25 0 0 0 0 13 0 0 0 0 22 0 0 
12 0 0 0 0 32 2 0 3 3 52 30 32 28 26 39 0 0 0 0 17 0 3 2 1 
0 7 0 20 2 13 26 6 31 18 1 21 4 19 3 3 16 7 12 3 2 12 0 13 2 
