63 42 69 74 57 81 23 52 35 38 112 96 83 88 87 88 51 82 51 63 133 90 100 79 104 
0 0 0 78 0 0 0 0 58 0 0 0 0 79 0 0 0 0 68 0 0 0 0 67 0 
0 0 0 0 0 12 19 7 14 9 0 0 0 0 0 13 12 18 14 21 0 0 0 0 0 
23 17 16 20 28 12 0 0 0 0 17 11 2 5 0 11 0 0 0 0 8 0 0 0 0 
0 39 0 0 0 1 42 0 1 0 0 35 0 0 0 0 31 0 0 1 0 30 0 0 1 
0 0 0 0 16 0 0 0 0 28 0 0 0 0 19 0 0 0 0 17 0 0 0 0 19 
0 18 0 20 7 17 30 5 38 26 0 27 7 22 16 0 24 0 14 9 4 26 3 31 13 
21 16 16 15 12 9 16 8 19 10 0 0 4 0 0 0 0 0 0 0 0 0 3 0 0 
0 0 18 0 0 0 0 21 0 0 0 0 25 0 0 0 0 14 0 0 0 0 22 0 0 
11 0 0 0 0 27 0 0 0 0 41 20 24 20 21 32 0 0 0 0 15 0 3 0 0 
