65 69 75 85 66 75 36 48 44 51 104 96 83 81 90 77 58 74 54 68 128 108 99 96 114 
0 0 0 68 0 0 0 0 57 0 0 0 0 75 0 0 0 0 68 0 0 0 0 66 0 
13 7 11 14 7 7 13 10 12 7 0 0 3 0 0 0 0 0 0 0 0 0 3 0 0 
0 0 0 0 0 13 19 7 15 7 0 0 0 0 0 10 10 18 16 20 0 0 0 0 0 
28 17 15 21 29 12 0 0 0 0 19 16 0 5 0 10 0 0 0 1 12 0 0 0 1 
0 37 0 0 0 1 41 0 1 0 0 37 0 0 0 0 33 0 0 0 0 32 0 0 0 
0 0 0 0 18 0 0 0 0 31 0 0 0 0 21 0 0 0 0 18 0 0 0 0 19 
0 0 18 0 0 0 0 21 0 0 0 0 25 0 0 0 0 14 0 0 0 0 22 0 0 
12 0 0 0 0 39 2 1 4 5 47 30 34 31 29 46 0 3 0 0 18 0 7 1 0 
0 2 0 19 0 12 19 6 32 10 0 10 0 22 3 1 17 5 9 4 2 6 0 14 3 
