59 25 66 66 54 76 9 42 25 22 105 76 76 82 79 79 30 70 43 57 128 60 95 65 75 
0 0 0 69 0 0 0 0 54 0 0 0 0 73 0 0 0 0 64 0 0 0 0 65 0 
26 10 15 0 31 12 0 0 0 0 21 12 1 5 0 10 0 0 0 0 7 0 0 0 0 
0 36 0 0 0 0 40 0 0 0 0 38 0 0 0 0 29 0 0 0 0 31 0 0 0 
0 31 4 35 10 22 48 16 58 39 4 36 12 35 21 12 46 12 24 13 11 44 8 43 30 
20 17 16 18 9 8 13 8 12 7 0 0 3 0 0 0 0 0 0 1 0 0 3 0 0 
0 0 18 0 0 0 0 21 0 0 0 0 25 0 0 0 0 14 0 0 0 0 22 0 0 
0 0 0 0 16 0 0 0 0 28 0 0 0 0 19 0 0 0 0 18 0 0 0 0 19 
0 7 0 19 0 0 0 0 0 0 0 0 0 0 0 0 0 0 0 0 0 0 0 0 0 
0 0 0 0 0 12 20 6 16 9 0 0 0 0 0 15 13 17 16 22 0 0 0 0 0 
3 6 0 0 0 0 0 0 0 6 0 0 1 0 0 0 0 0 0 0 0 11 0 4 13 
10 0 0 0 0 29 0 0 0 0 40 27 27 19 24 28 0 1 0 0 14 0 3 0 0 
