63 29 71 64 51 69 10 44 33 24 109 72 83 81 75 73 23 61 47 50 126 75 92 76 95 
0 0 0 64 0 0 0 0 51 0 0 0 0 71 0 0 0 0 62 0 0 0 0 64 0 
27 16 10 0 29 11 0 0 0 0 16 16 0 3 0 16 0 0 0 0 10 0 0 0 1 
0 31 0 2 0 0 30 0 0 0 0 27 0 0 1 0 24 0 0 0 0 27 0 0 0 
0 39 1 40 9 27 58 13 55 35 1 49 0 35 25 9 61 22 24 23 9 44 12 37 19 
19 14 14 20 10 13 13 8 12 10 0 0 2 0 0 0 0 1 0 0 0 0 3 0 0 
0 0 18 0 0 0 0 21 0 0 0 0 25 0 0 0 0 14 0 0 0 0 22 0 0 
9 0 0 0 0 27 0 0 0 0 44 25 35 22 23 33 0 0 0 1 15 0 1 0 0 
0 3 5 17 0 0 0 0 0 0 0 0 0 2 0 0 0 0 0 0 0 0 0 0 0 
0 0 0 0 0 12 19 7 14 9 0 0 0 0 0 13 9 16 14 17 0 0 0 0 0 
0 0 0 0 21 0 0 0 0 33 0 0 0 0 19 0 1 0 0 20 0 0 1 0 22 
