64 49 70 79 63 82 20 52 41 43 115 89 94 88 91 93 48 83 53 68 135 96 98 87 107 
0 0 0 75 0 0 0 0 59 0 0 0 0 83 0 0 0 0 67 0 1 0 0 64 0 
0 0 0 0 0 12 20 5 15 10 0 0 0 0 0 12 13 17 13 21 0 0 0 0 0 
22 16 16 21 28 12 0 0 0 0 17 13 1 2 0 11 0 0 0 0 8 0 0 0 0 
0 38 0 0 0 1 43 0 0 0 0 39 0 0 0 0 33 0 0 0 0 29 0 0 0 
0 0 0 0 16 0 0 0 0 28 0 0 0 0 19 0 0 0 0 18 0 0 0 0 19 
0 13 0 18 4 17 33 5 35 23 0 23 2 20 14 0 24 0 14 4 3 21 5 26 11 
22 16 14 14 9 10 14 8 15 7 0 0 3 0 0 0 0 0 0 0 0 0 3 0 0 
0 0 18 0 0 0 0 21 0 0 0 0 25 0 0 0 0 14 0 0 0 0 22 0 0 
10 0 1 0 0 25 0 2 0 0 38 25 20 21 19 28 0 0 0 0 13 0 3 0 0 
