53 46 65 70 55 74 23 49 33 39 108 87 80 81 85 83 47 80 52 66 130 95 101 80 108 
0 0 0 70 0 0 0 0 58 0 0 0 0 80 0 0 0 0 68 0 0 0 0 69 0 
0 0 0 0 0 11 20 7 15 10 0 0 0 0 0 11 12 15 14 20 0 0 0 0 0 
19 11 16 20 27 9 0 0 0 0 16 7 0 1 0 10 0 0 0 0 9 0 0 0 1 
4 46 0 0 0 3 45 0 5 0 0 40 0 0 0 0 34 0 0 0 0 33 0 0 0 
0 0 0 0 16 0 0 0 0 28 0 0 0 0 19 0 0 0 0 18 0 0 0 0 19 
0 13 0 28 7 17 27 7 41 25 0 25 7 25 13 4 24 5 13 7 4 18 3 28 9 
28 16 20 19 15 13 15 8 13 9 0 0 4 0 0 0 1 0 0 0 0 0 2 0 0 
0 0 18 0 0 0 0 21 0 0 0 0 25 0 0 0 0 14 0 0 0 0 22 0 0 
14 0 0 0 0 32 0 1 0 0 46 30 29 27 26 36 0 0 0 0 17 0 3 0 0 
