57 52 72 77 60 70 30 47 40 46 104 93 78 78 90 82 58 72 49 68 133 105 101 89 116 
0 0 0 68 0 0 0 0 57 0 0 0 0 85 0 0 0 0 70 0 0 0 0 69 0 
23 19 15 20 14 13 15 9 16 8 0 0 4 0 0 1 0 0 0 0 0 0 3 0 0 
0 0 0 1 0 13 20 7 13 10 0 0 0 0 0 13 12 17 12 22 0 0 0 0 0 
26 22 13 21 29 11 0 0 0 0 18 15 2 6 0 11 0 0 0 0 9 0 0 0 0 
0 33 0 0 0 1 40 0 1 0 0 34 0 0 0 0 31 0 0 0 0 29 0 0 0 
0 0 0 0 16 0 0 0 0 28 0 0 0 0 20 0 0 0 0 19 0 0 0 0 20 
0 0 18 0 0 0 0 21 0 0 0 0 25 0 0 0 0 14 0 0 0 0 22 0 0 
12 0 1 0 0 36 1 1 0 0 48 31 32 25 29 36 0 5 0 0 17 0 5 0 0 
0 6 0 20 1 15 24 8 38 19 0 16 4 20 4 1 17 6 16 2 1 12 0 19 1 
