67 26 66 63 52 73 3 43 26 17 112 63 81 74 79 82 23 63 32 50 128 72 95 61 81 
22 14 13 0 27 9 0 0 0 0 12 12 0 0 0 12 0 0 0 0 6 0 0 0 0 
3 41 4 44 11 21 49 10 52 41 0 52 1 19 22 3 49 20 28 17 7 44 10 44 34 
0 0 17 0 0 0 0 21 0 0 0 0 25 0 0 0 0 13 0 0 0 0 22 0 0 
0 0 0 0 19 0 0 0 0 32 0 0 0 0 20 0 0 0 0 19 0 0 0 0 22 
0 0 0 0 0 15 20 5 11 10 0 0 0 0 0 17 12 16 16 21 0 0 0 0 0 
10 0 0 0 0 31 3 1 3 3 44 26 30 19 22 30 0 0 0 0 19 0 1 1 0 
16 15 19 27 11 8 13 8 12 8 0 0 3 0 0 0 1 1 0 0 0 0 3 0 0 
0 36 0 0 0 0 40 0 0 0 0 31 0 0 0 0 33 0 0 0 0 29 0 1 0 
0 0 0 73 0 0 0 0 53 0 0 1 0 78 0 0 0 1 70 0 0 0 0 67 0 
0 0 0 0 0 2 2 5 8 0 2 4 5 24 0 0 0 0 1 4 0 1 0 3 0 
