61 43 70 75 58 75 11 50 35 38 110 83 88 83 82 87 28 83 49 57 129 96 98 76 110 
0 0 0 68 0 0 0 0 57 0 0 0 0 78 0 0 1 0 68 0 0 0 0 67 0 
0 0 0 0 0 12 20 7 12 10 0 0 0 0 0 12 12 14 14 22 0 0 0 0 0 
27 17 15 21 28 13 0 0 0 0 20 15 1 3 0 12 3 0 0 0 11 0 0 0 0 
0 37 0 0 0 1 49 0 1 0 0 40 0 0 0 0 39 0 0 2 0 30 0 0 0 
0 0 0 0 19 0 0 0 0 31 0 0 0 0 19 0 0 0 0 20 0 0 0 0 20 
0 21 0 30 6 17 36 6 47 25 0 26 2 29 18 0 35 0 16 10 5 20 5 34 7 
10 0 1 0 0 31 0 1 0 0 40 25 26 21 24 33 0 3 0 0 15 0 3 0 0 
20 14 15 13 9 10 14 8 13 7 0 0 3 0 0 0 0 0 0 0 0 0 3 0 0 
0 0 18 0 0 0 0 21 0 0 0 0 25 0 0 0 0 14 0 0 0 0 22 0 0 
