63 69 71 105 62 77 41 53 70 53 104 98 80 90 94 84 74 78 62 71 132 117 96 94 110 
0 0 0 64 0 0 0 0 51 0 0 0 0 74 0 0 0 0 61 0 0 0 0 66 0 
14 7 12 13 13 7 15 7 13 8 0 0 4 0 0 0 0 0 0 0 0 0 4 0 1 
0 0 0 1 0 14 19 6 12 9 0 0 0 0 0 12 14 18 13 21 0 0 0 0 0 
27 17 15 22 29 13 0 0 0 0 18 13 1 8 0 13 0 0 0 0 11 0 0 0 0 
0 37 0 0 0 3 40 0 0 0 0 35 0 0 0 0 29 0 0 0 0 28 0 0 0 
0 0 0 0 16 0 0 0 0 28 0 0 0 0 19 0 0 0 0 18 0 0 0 0 19 
0 0 18 0 0 0 0 21 0 0 0 0 25 0 0 0 0 14 0 0 0 0 22 0 0 
14 0 3 0 0 39 3 2 4 2 48 33 35 31 29 35 0 4 0 1 17 0 9 7 2 
0 2 0 2 0 6 12 4 15 11 0 10 0 11 1 0 1 0 11 0 0 1 0 10 5 
