63 36 70 63 59 65 6 46 29 15 109 64 83 81 74 89 25 75 37 64 126 67 100 70 99 
0 0 0 79 0 0 0 0 61 0 0 0 0 89 0 0 0 0 74 0 0 0 0 73 0 
23 10 9 7 29 11 0 0 0 0 10 17 0 4 0 0 0 0 0 0 7 0 0 0 0 
0 32 0 0 0 0 39 0 0 0 0 32 0 0 0 0 30 0 0 0 0 29 0 0 0 
0 34 2 25 6 32 53 11 47 41 3 52 10 18 27 6 50 7 22 6 16 41 6 34 17 
21 12 14 20 9 11 13 8 13 8 0 0 4 0 0 0 0 0 0 0 0 0 3 0 0 
0 0 18 0 0 0 0 21 0 0 0 0 25 0 0 0 0 14 0 0 0 0 22 0 0 
0 0 0 0 17 0 0 0 0 31 0 0 0 0 20 0 0 0 0 19 0 0 0 0 19 
0 6 6 13 0 1 0 0 0 0 6 0 0 0 0 7 0 0 0 0 0 0 0 0 0 
0 0 0 0 0 13 19 7 15 10 2 0 1 0 0 15 13 18 14 22 0 0 0 0 0 
11 0 0 0 0 26 0 0 0 0 40 24 22 22 22 27 0 0 0 0 11 0 0 0 0 
0 2 0 0 0 0 0 0 0 6 0 0 0 0 0 0 0 0 0 0 0 9 0 0 2 
