67 46 68 67 68 72 8 41 31 29 113 78 83 83 88 80 28 64 43 53 129 77 95 62 93 
0 0 0 73 0 0 0 0 55 0 0 0 0 83 0 0 0 0 63 0 0 0 0 69 0 
22 12 14 0 25 10 0 0 0 0 3 13 1 0 0 10 0 0 0 0 0 0 0 0 0 
0 29 0 2 0 0 34 0 0 0 0 27 0 0 0 0 29 0 0 0 0 27 0 0 0 
0 33 2 31 3 27 54 15 54 36 0 41 5 20 15 7 48 19 24 18 10 42 10 46 26 
0 0 18 0 0 0 0 21 0 0 0 0 25 0 0 0 0 14 0 0 0 0 22 0 0 
0 0 0 0 15 0 0 0 0 28 0 0 0 0 19 0 0 0 0 18 0 0 0 0 18 
0 0 0 0 0 12 20 7 13 10 0 0 0 0 0 11 13 16 15 22 0 0 0 0 0 
11 0 1 0 0 31 0 1 0 0 45 30 28 25 21 36 0 0 0 0 17 0 2 0 0 
0 3 0 17 0 0 0 0 0 0 9 0 0 3 0 0 0 0 0 0 4 0 0 0 0 
18 9 16 17 9 7 14 8 12 8 0 0 3 0 0 0 0 1 2 0 0 0 2 0 0 
