70 18 67 78 41 79 5 42 31 16 119 59 85 81 69 88 22 70 45 49 133 58 98 62 82 
0 0 0 66 0 0 0 0 52 0 0 0 0 74 0 0 0 0 62 0 0 0 0 66 0 
21 5 14 0 25 6 0 0 0 0 9 0 0 0 0 3 0 0 0 0 8 0 0 0 0 
0 35 0 0 0 0 37 0 0 0 0 42 0 0 0 0 30 0 0 0 0 27 0 0 0 
0 48 6 32 27 21 52 14 49 46 0 60 5 32 32 8 52 12 24 22 7 61 10 46 36 
0 0 18 0 0 0 0 21 0 0 0 0 25 0 0 0 0 14 0 0 0 0 22 0 0 
0 0 0 0 16 0 0 0 0 28 0 0 0 0 19 0 0 0 0 18 0 0 0 0 19 
0 0 0 0 0 11 20 7 16 9 0 0 0 0 0 12 14 18 16 22 0 0 0 0 0 
8 0 0 0 0 31 1 0 2 5 39 26 26 27 23 33 0 0 0 0 12 0 0 3 0 
0 8 0 16 0 0 0 0 0 0 3 2 0 0 0 0 0 0 0 0 0 0 0 0 0 
19 18 14 15 11 11 15 9 15 7 0 0 4 0 0 0 0 0 0 0 0 0 1 0 0 
