63 61 69 94 62 97 48 57 70 52 111 118 90 94 99 88 80 82 52 73 135 121 103 90 117 
10 0 0 0 0 29 0 0 3 3 39 24 26 24 24 34 0 0 0 0 14 0 3 1 0 
0 0 0 73 0 0 0 0 65 0 0 0 0 89 0 0 0 0 79 0 0 0 0 81 0 
0 0 18 0 0 0 0 21 0 0 0 0 25 0 0 0 0 14 0 0 0 0 22 0 0 
21 12 15 20 10 10 13 8 12 6 0 0 3 0 0 0 0 1 0 0 0 0 3 0 0 
0 0 0 0 0 14 19 7 15 8 0 0 0 0 0 11 11 17 16 19 0 0 0 0 0 
24 17 17 20 29 8 1 0 0 0 20 18 1 7 0 11 0 0 0 0 11 0 0 0 0 
0 37 0 0 0 1 36 0 0 0 0 29 0 0 0 0 27 0 0 0 0 25 0 0 0 
0 0 0 0 18 0 0 0 0 33 0 0 0 0 20 0 0 0 0 19 0 0 0 0 20 
0 5 0 0 1 0 13 0 0 9 0 0 0 0 0 0 0 0 0 0 0 0 0 5 0 
