67 36 73 63 57 70 9 45 28 28 106 75 76 68 78 72 26 60 37 58 123 69 93 68 96 
0 0 0 73 0 0 0 0 65 0 0 0 0 83 0 0 0 0 76 0 0 0 0 75 0 
0 0 0 0 0 13 20 7 10 10 0 0 0 0 0 14 13 18 14 22 0 0 0 0 0 
22 16 13 0 29 15 0 0 0 0 20 16 0 0 0 7 0 0 0 0 12 0 0 0 0 
0 24 0 0 0 0 35 0 0 0 0 28 0 0 0 0 25 0 0 0 0 25 0 0 0 
0 0 0 0 16 0 0 0 0 28 0 0 0 0 19 0 0 0 0 18 0 0 0 0 19 
1 34 2 37 8 17 45 11 49 35 0 42 5 38 24 15 54 22 20 13 12 52 10 34 21 
17 19 13 17 10 11 21 9 13 10 0 0 5 0 0 0 0 0 0 0 0 0 3 0 1 
0 0 18 0 0 0 0 21 0 0 0 0 25 0 0 0 0 14 0 0 0 0 22 0 0 
11 0 0 0 0 33 0 0 0 0 44 28 33 23 22 34 0 0 0 0 13 0 3 0 0 
0 3 0 17 0 0 0 0 0 0 0 0 1 2 0 2 0 0 0 0 0 0 0 0 0 
