55 28 63 61 52 63 4 41 30 19 103 54 74 71 77 74 18 65 41 48 117 51 94 63 82 
0 0 0 87 0 0 0 0 73 0 0 0 0 89 0 0 0 0 79 0 0 0 0 78 0 
26 9 6 0 29 10 0 0 0 0 8 18 0 3 0 5 0 0 0 0 6 0 0 0 0 
0 29 0 0 0 0 39 0 0 0 0 33 0 0 0 0 32 0 0 0 0 30 0 0 0 
1 40 9 25 10 31 54 16 38 44 2 49 11 21 18 8 54 18 12 20 22 54 10 35 32 
21 15 14 16 12 11 13 8 10 7 0 0 3 0 0 0 0 1 0 3 0 0 3 0 0 
0 0 18 0 0 0 0 21 0 0 0 0 25 0 0 0 0 13 0 0 0 0 22 0 0 
0 0 0 0 16 0 0 0 0 28 0 0 0 0 19 0 0 0 0 18 0 0 0 0 18 
0 7 8 18 1 0 0 0 0 0 9 0 0 0 0 4 0 0 0 0 1 0 0 0 0 
0 0 0 0 0 13 20 7 14 10 1 0 1 0 0 13 14 17 15 22 0 0 0 1 0 
15 0 1 0 0 31 0 0 0 0 47 35 31 30 29 40 0 0 0 0 14 0 2 0 0 
0 4 0 0 0 0 0 0 0 3 0 0 0 0 0 0 0 0 0 0 0 11 0 0 5 
