66 77 72 86 66 97 47 59 55 62 117 118 95 104 100 90 78 85 64 78 134 122 106 106 118 
9 0 0 0 0 30 2 0 4 3 40 31 22 25 24 34 0 1 0 0 16 0 1 1 0 
0 0 0 75 0 0 0 0 63 0 0 0 0 80 0 0 0 0 69 0 0 0 0 70 0 
0 28 0 0 0 0 37 0 0 0 0 28 0 0 0 0 26 0 0 0 0 24 0 0 0 
0 0 18 0 0 0 0 21 0 0 0 0 25 0 0 0 0 14 0 0 0 0 22 0 0 
0 0 0 0 16 0 0 0 0 30 0 0 0 0 19 0 0 0 0 19 0 0 0 0 19 
0 0 0 0 0 12 19 6 12 9 0 0 0 0 0 11 9 14 14 14 0 0 0 0 0 
22 12 15 18 13 9 12 7 12 7 0 0 3 0 0 0 0 0 0 0 0 0 2 0 0 
21 15 14 19 25 11 0 0 0 0 13 12 0 3 0 9 0 0 0 0 10 0 0 0 0 
0 0 0 9 0 0 13 0 19 0 0 0 0 2 0 0 5 0 0 0 0 0 0 0 0 
