72 39 74 78 63 78 6 43 36 25 120 78 81 86 81 85 21 67 45 62 130 73 95 60 93 
0 0 0 71 0 0 0 0 49 0 0 0 0 76 0 0 0 0 63 0 0 0 0 66 0 
21 6 14 0 26 6 0 0 0 0 4 0 0 0 0 4 0 0 0 0 3 0 0 0 0 
0 37 0 0 0 0 42 0 0 0 0 36 0 0 0 0 32 0 0 0 0 26 0 0 0 
3 35 1 29 9 26 50 14 53 42 0 46 10 25 23 10 51 13 26 12 13 47 10 51 25 
0 0 18 0 0 0 0 21 0 0 0 0 25 0 0 0 0 14 0 0 0 0 22 0 0 
0 0 0 0 16 0 0 0 0 28 0 0 0 0 19 0 0 0 0 17 0 0 0 0 19 
0 0 0 0 0 12 20 6 14 10 0 0 0 1 0 13 14 18 13 20 0 0 0 0 0 
10 0 0 0 0 30 0 1 1 0 41 28 26 26 20 32 0 1 0 0 14 0 1 0 0 
0 8 1 17 0 0 0 0 0 0 5 1 0 0 0 0 0 0 0 0 0 0 0 0 0 
12 7 11 12 6 7 12 8 12 6 0 0 3 0 0 0 0 1 0 0 0 0 3 0 0 
