67 43 60 56 44 71 12 47 20 22 105 69 80 88 78 81 33 71 51 53 125 75 96 67 89 
0 0 0 71 0 0 0 0 62 0 0 0 0 74 0 0 0 0 69 0 0 0 0 64 0 
25 9 5 0 30 11 0 0 0 0 13 15 0 0 0 10 0 0 0 0 9 0 0 0 0 
0 31 2 0 0 0 39 0 0 0 0 33 0 0 0 0 29 0 0 0 0 25 0 0 0 
3 33 5 29 14 24 47 11 51 44 6 46 12 26 22 10 42 10 12 17 13 46 9 45 28 
13 8 13 16 7 9 12 7 13 6 0 0 4 0 0 0 0 1 0 0 0 0 3 0 0 
0 0 18 0 0 0 0 21 0 0 0 0 25 0 0 0 0 14 0 0 0 0 22 0 0 
0 0 0 0 21 0 0 0 0 29 0 0 0 0 20 0 0 0 0 19 0 0 0 0 20 
0 7 11 17 0 2 0 0 0 0 7 0 0 2 0 0 0 0 0 0 0 0 0 0 0 
0 0 0 0 0 14 20 7 16 10 0 0 0 0 2 10 14 18 15 22 0 0 0 0 0 
10 1 0 0 0 28 0 0 0 0 39 26 24 24 21 33 0 0 0 0 12 0 1 0 0 
0 0 5 18 4 0 0 0 3 0 0 0 0 0 0 0 0 0 0 0 1 0 0 1 0 
