63 44 74 70 58 66 18 49 39 38 99 71 80 77 75 76 28 71 46 61 138 85 97 77 102 
0 0 0 68 0 0 0 0 52 0 0 0 0 78 0 0 0 0 67 0 0 0 0 65 0 
0 0 0 0 0 14 20 7 13 9 0 0 0 0 0 10 9 17 13 22 0 0 0 0 0 
25 19 15 0 29 13 0 0 0 0 17 10 1 4 0 14 0 0 0 0 6 0 0 0 0 
0 30 0 0 0 0 40 0 0 0 0 35 0 0 0 0 31 0 0 0 0 27 0 0 0 
0 0 0 0 16 0 0 0 0 28 0 0 0 0 19 0 0 0 0 18 0 0 0 0 19 
0 29 0 36 5 25 38 8 49 28 4 34 3 31 21 0 50 8 21 10 2 34 4 35 16 
17 7 12 16 12 12 14 7 12 8 0 0 3 0 0 0 0 0 0 0 0 0 3 0 0 
0 0 18 0 0 0 0 21 0 0 0 0 25 0 0 0 0 14 0 0 0 0 21 0 0 
13 0 0 0 0 29 0 1 0 0 50 39 33 24 28 44 0 4 0 0 14 0 6 0 0 
0 3 0 17 0 0 0 0 0 0 0 0 0 0 0 0 0 0 0 0 0 0 0 0 0 
