57 40 71 66 55 69 4 39 25 18 116 66 78 69 83 75 15 60 34 53 128 69 92 52 93 
0 0 0 84 0 0 0 0 70 0 1 0 0 95 0 0 0 0 73 0 0 0 0 76 0 
23 6 2 1 25 9 0 0 0 0 7 7 0 0 0 10 0 0 0 0 0 0 0 0 0 
0 31 0 0 0 0 40 0 0 0 0 42 0 0 0 0 33 0 0 0 0 26 0 0 0 
6 29 0 22 9 31 53 18 43 46 0 47 14 27 22 12 56 20 26 18 15 51 13 49 25 
0 0 18 0 0 0 0 21 0 0 0 0 25 0 0 0 0 14 0 0 0 0 22 0 0 
0 0 0 0 16 0 0 0 0 28 0 0 0 0 19 0 0 0 0 18 0 0 0 0 19 
0 1 0 0 0 13 20 7 15 10 0 0 0 0 0 13 14 18 14 22 0 0 0 0 0 
10 0 0 0 0 26 0 0 0 0 39 27 25 21 19 34 0 0 0 0 13 0 1 0 0 
0 9 10 17 0 0 0 0 0 0 7 0 0 2 0 0 0 0 0 0 4 0 0 0 0 
22 16 18 17 15 11 13 8 12 9 0 0 3 0 0 0 0 2 0 0 0 0 3 0 0 
