61 50 67 77 58 69 17 48 30 28 111 92 86 79 88 92 42 83 47 57 134 86 99 74 95 
0 0 0 79 0 0 0 0 62 0 0 0 0 86 0 0 0 0 69 0 0 0 0 69 0 
0 0 0 0 0 12 20 5 15 10 0 0 0 0 0 12 13 17 16 22 0 0 0 0 0 
26 18 17 21 28 13 0 0 0 0 15 12 1 4 0 9 0 0 0 0 8 0 0 0 0 
0 36 0 0 0 2 41 0 3 0 0 39 0 0 0 0 28 0 0 4 0 31 0 0 1 
0 0 0 0 16 0 0 0 0 28 0 0 0 0 19 0 0 0 0 18 0 0 0 0 19 
0 13 0 16 6 19 35 7 41 31 0 21 6 20 12 0 35 0 15 10 2 29 4 34 22 
21 15 17 14 12 16 17 10 14 13 0 0 3 0 0 0 0 0 0 0 0 0 3 0 0 
0 0 18 0 0 0 0 22 0 0 0 0 25 0 0 0 0 14 0 0 0 0 22 0 0 
10 0 0 0 0 28 0 1 0 1 44 25 24 25 24 31 0 0 0 0 16 0 3 0 0 
