67 42 72 45 61 70 18 48 42 42 114 82 90 83 91 90 36 83 39 59 135 83 99 75 93 
0 0 0 63 0 0 0 0 54 0 0 0 0 75 0 0 0 0 67 0 0 0 0 67 0 
0 0 0 0 0 13 20 6 16 9 0 0 0 0 0 16 14 16 16 20 0 0 0 0 0 
25 18 15 21 27 12 0 0 0 0 19 16 0 1 0 11 0 0 0 0 9 0 0 0 0 
0 36 0 0 0 2 42 0 1 0 0 33 0 0 0 1 30 0 0 0 0 30 0 0 0 
0 0 0 0 16 0 0 0 0 28 0 0 0 0 19 0 0 0 0 18 0 0 0 0 19 
0 15 0 26 7 20 32 9 40 24 0 33 7 34 16 0 38 0 25 14 5 31 5 35 25 
17 15 14 12 9 15 18 9 12 8 0 0 3 0 0 0 0 1 0 0 0 0 3 0 0 
0 0 18 0 0 0 0 21 0 0 0 0 25 0 0 0 0 14 0 0 0 0 22 0 0 
9 0 0 0 0 27 0 0 0 0 37 25 20 21 17 26 0 0 0 0 11 0 2 0 0 
0 6 0 40 0 0 0 0 0 0 0 0 0 0 0 0 0 0 0 0 0 2 0 0 0 
