60 24 72 63 46 70 7 45 27 18 112 69 79 72 83 72 18 71 36 54 133 55 90 75 72 
0 0 0 63 0 0 0 0 49 0 0 0 0 67 0 0 0 0 59 0 0 0 0 61 0 
27 13 7 0 31 13 0 0 0 0 18 17 0 7 0 11 0 0 0 1 8 0 0 0 0 
0 31 0 0 0 0 40 0 0 0 0 36 0 0 0 0 34 0 0 0 0 28 0 0 0 
0 24 2 28 17 16 50 13 43 42 0 44 9 32 16 11 54 9 31 18 8 45 16 40 28 
21 15 14 15 10 11 13 8 10 8 0 0 3 0 0 0 0 0 0 0 0 0 3 0 0 
0 0 18 0 0 0 0 21 0 0 0 0 25 0 0 0 0 14 0 0 0 0 22 0 0 
0 0 0 0 16 0 0 0 0 28 0 0 0 0 19 0 0 0 0 18 0 0 0 0 19 
0 7 6 16 0 0 0 0 0 0 0 0 0 0 0 0 0 0 0 0 0 0 0 0 0 
0 0 0 0 0 12 20 6 16 8 0 0 0 0 0 11 10 17 15 20 0 0 0 0 0 
0 13 0 0 0 0 0 0 0 7 0 0 0 0 0 0 2 0 0 0 0 18 0 1 18 
10 0 0 0 0 32 0 0 0 0 39 23 29 25 25 36 0 0 0 0 11 0 0 0 0 
0 5 0 22 0 5 0 0 20 0 1 0 0 11 0 3 0 3 6 0 0 0 0 0 0 
