66 40 73 71 52 67 7 46 25 19 108 64 81 80 82 84 23 66 44 56 131 80 102 68 97 
0 0 0 70 0 0 0 0 54 0 0 0 0 80 0 0 0 0 68 0 0 0 0 67 0 
26 13 15 0 27 14 0 0 0 0 19 17 2 5 0 10 0 0 0 0 9 0 0 0 0 
0 29 0 0 0 0 40 0 0 0 0 36 0 0 0 0 33 0 0 0 0 29 0 0 0 
1 28 0 18 15 18 48 12 52 39 2 44 2 17 18 1 48 11 21 16 7 37 4 41 20 
17 13 13 16 9 10 13 8 11 9 0 0 3 0 0 0 0 0 0 0 0 0 2 0 0 
0 0 18 0 0 0 0 21 0 0 0 0 25 0 0 0 0 14 0 0 0 0 22 0 0 
8 0 0 0 0 29 2 0 3 3 39 28 27 20 23 34 0 0 0 0 13 0 1 1 0 
0 0 0 0 17 0 0 0 0 31 0 0 0 0 20 0 0 0 0 19 0 0 0 0 20 
0 9 0 17 0 0 0 0 0 0 0 0 0 1 0 0 0 0 0 0 0 0 0 0 0 
0 0 0 1 0 14 20 6 14 10 2 0 0 0 0 11 14 17 14 20 0 0 0 0 0 
0 0 0 14 0 7 0 0 6 0 0 0 5 11 0 4 0 6 0 0 0 0 0 0 0 
