69 24 73 65 55 72 7 38 27 22 98 57 77 74 75 72 17 63 31 52 130 63 90 63 83 
19 4 11 9 25 8 0 0 0 0 13 9 1 3 0 9 0 0 0 0 6 0 0 0 0 
0 48 0 37 14 24 52 19 57 42 9 60 8 36 25 11 65 19 35 22 11 60 14 48 34 
0 0 18 0 0 0 0 21 0 0 0 0 23 0 0 0 0 14 0 0 0 0 22 0 0 
0 0 0 0 17 0 0 0 0 29 0 0 0 0 20 0 0 0 0 18 0 0 0 0 19 
0 0 0 2 0 11 20 6 12 8 0 0 0 0 0 11 10 17 14 19 0 0 0 0 0 
12 0 0 0 0 36 3 0 3 3 49 31 33 24 23 41 2 0 0 0 13 0 2 1 1 
18 25 17 25 9 8 14 9 12 7 0 0 3 0 0 0 0 1 0 0 0 0 3 0 0 
0 31 0 0 0 0 34 0 0 0 1 32 0 0 0 0 24 0 0 0 0 23 0 0 0 
0 0 0 69 0 0 0 0 54 0 0 0 0 77 0 0 0 0 67 0 0 0 0 65 0 
