62 56 72 80 66 71 38 50 39 48 102 84 67 92 68 77 57 75 52 65 138 109 101 93 115 
0 0 0 63 0 0 0 0 54 0 0 0 0 70 0 0 0 0 61 0 0 0 0 61 0 
17 11 13 18 9 10 12 8 12 8 0 0 3 0 0 0 0 1 0 0 0 0 3 0 0 
0 0 0 0 0 12 19 5 12 10 0 0 0 0 0 11 13 18 14 21 0 0 0 0 0 
24 14 17 20 28 12 0 0 0 0 19 15 0 0 0 13 0 0 0 0 8 0 0 0 0 
0 38 0 0 0 2 38 0 1 0 0 31 0 0 0 0 29 0 0 2 0 27 0 0 0 
0 0 0 0 16 0 0 0 0 28 0 0 0 0 19 0 0 0 0 18 0 0 0 0 19 
0 0 17 0 0 0 0 21 0 0 0 0 25 0 0 0 0 14 0 0 0 0 22 0 0 
15 0 0 0 0 37 0 1 0 0 46 34 34 25 35 39 0 0 0 0 14 0 5 0 0 
0 13 0 26 0 15 23 8 47 17 3 25 5 27 11 4 19 6 20 5 0 10 0 23 2 
0 0 0 0 1 0 0 0 0 0 0 0 11 0 10 0 0 0 0 0 0 0 0 0 1 
