57 43 70 69 55 66 7 43 27 19 107 68 78 81 80 84 22 66 45 61 127 81 95 73 95 
0 0 0 68 0 0 0 0 57 0 0 0 0 82 0 0 0 0 63 0 0 0 0 65 0 
25 12 11 0 27 11 0 0 0 0 20 14 0 1 0 11 0 0 0 0 8 0 1 0 0 
0 29 0 0 0 0 38 0 0 0 0 34 0 0 0 0 30 0 0 0 0 31 0 0 0 
0 24 0 22 10 24 50 15 48 42 1 45 4 15 20 1 54 11 23 10 12 34 6 38 23 
26 15 16 18 12 10 13 8 12 9 0 0 3 0 0 0 0 1 0 0 0 0 5 0 0 
0 0 18 0 0 0 0 21 0 0 0 0 25 0 0 0 0 14 0 0 0 0 22 0 0 
10 0 0 0 0 31 3 0 3 3 42 28 31 22 24 31 0 0 0 0 13 0 2 1 0 
0 0 0 0 16 0 0 0 0 28 0 0 0 0 19 0 0 0 0 18 0 0 0 0 19 
0 9 4 16 0 0 0 0 0 0 0 0 0 2 0 0 0 0 0 0 0 0 0 0 0 
0 0 0 1 0 14 19 6 12 10 0 0 0 0 0 13 12 17 16 22 0 0 0 0 0 
0 0 0 13 0 3 0 0 6 0 0 0 4 11 0 4 0 5 0 0 0 0 0 0 0 
