68 27 75 54 72 77 14 41 24 28 108 64 83 73 79 81 17 70 48 47 126 70 87 69 90 
0 0 0 69 0 0 0 0 59 0 0 0 0 83 0 0 0 0 70 0 0 0 0 71 0 
26 9 13 0 23 12 0 0 0 0 22 14 0 1 0 15 0 0 0 0 10 0 0 0 0 
0 28 0 0 0 0 33 0 0 0 0 25 0 0 0 0 24 0 0 0 0 24 0 0 0 
0 46 0 41 5 23 50 16 51 35 0 62 9 33 23 6 64 13 13 26 12 52 19 37 28 
16 14 12 15 4 10 13 9 10 9 0 0 2 0 0 0 0 0 0 0 0 0 1 0 0 
0 0 18 0 0 0 0 21 0 0 0 0 25 0 0 0 0 14 0 0 0 0 22 0 0 
8 0 0 0 0 29 0 1 1 1 40 24 26 21 22 31 0 0 0 0 12 0 1 0 0 
0 0 0 0 0 8 20 5 16 10 0 0 0 0 0 11 13 17 16 20 0 0 0 0 0 
0 0 0 0 16 0 0 0 0 28 0 0 0 0 19 0 0 0 0 18 0 0 0 0 19 
0 8 1 28 0 0 0 0 4 0 0 0 0 3 0 0 0 0 0 0 0 0 1 0 0 
