74 56 78 79 63 72 12 44 26 24 113 76 82 73 83 84 34 74 41 61 131 84 102 70 101 
0 0 0 68 0 0 0 0 57 0 0 0 0 78 0 0 0 0 69 0 0 0 0 69 0 
22 10 5 0 19 10 0 0 0 0 10 7 0 0 0 8 0 0 0 0 0 0 0 0 0 
0 31 0 0 0 0 38 0 0 0 0 40 0 0 0 0 29 0 0 0 0 27 0 0 0 
0 23 0 32 9 26 47 12 56 43 0 40 2 32 12 3 41 7 24 10 10 35 0 38 17 
0 0 18 0 0 0 0 21 0 0 0 0 25 0 0 0 0 14 0 0 0 0 22 0 0 
0 0 0 0 16 0 0 0 0 28 0 0 0 0 19 0 0 0 0 18 0 0 0 0 19 
0 0 0 0 0 12 20 7 12 10 0 0 0 0 0 13 14 17 13 22 0 0 0 0 0 
10 0 0 0 0 31 0 1 0 0 43 26 31 28 29 34 0 1 0 0 15 0 4 0 0 
0 5 7 16 7 0 0 0 0 0 3 0 0 3 0 2 0 0 0 0 4 0 0 0 0 
12 7 11 12 6 8 13 8 14 6 1 0 5 0 0 0 0 1 0 0 0 0 3 0 0 
