62 28 70 61 67 73 9 44 26 15 117 64 86 80 77 90 19 71 41 59 123 62 98 56 86 
0 0 0 65 0 0 0 0 53 0 0 0 0 74 0 0 0 0 66 0 0 0 0 66 0 
22 7 14 10 24 8 0 0 0 0 12 6 0 0 0 10 0 0 0 0 5 0 0 0 1 
0 34 0 0 0 0 36 0 0 0 0 43 0 0 0 0 32 0 0 0 0 28 0 0 0 
3 45 0 43 2 22 50 11 58 43 0 49 1 31 21 2 53 9 24 13 16 56 4 54 29 
0 0 19 0 0 0 0 23 0 0 0 0 25 0 0 0 0 17 0 0 0 0 23 0 0 
0 0 0 0 17 0 0 0 0 31 0 0 0 0 19 0 0 0 0 18 0 0 0 0 21 
0 0 0 1 0 13 20 7 13 10 0 0 0 1 0 13 14 17 16 21 0 0 0 0 0 
10 0 0 0 0 32 2 0 3 3 41 27 30 28 26 29 0 0 0 0 16 0 3 1 0 
0 5 0 9 0 0 0 0 0 0 0 0 0 0 0 0 0 0 0 0 0 0 0 0 0 
21 13 16 18 10 11 13 8 12 9 0 0 3 0 0 0 0 0 0 0 0 0 3 0 0 
