63 80 72 85 62 94 52 57 63 63 113 115 89 98 100 89 65 84 63 76 137 119 104 110 118 
10 0 0 0 0 33 2 1 4 4 43 26 28 25 24 33 0 0 0 0 17 0 2 1 0 
0 0 0 66 0 0 0 0 56 0 0 0 0 75 0 0 0 0 66 0 0 0 0 65 0 
0 25 0 0 0 0 40 0 0 0 0 30 0 0 0 0 28 0 0 0 0 27 0 1 0 
0 0 18 0 0 0 0 21 0 0 0 0 25 0 0 0 0 14 0 0 0 0 22 0 0 
0 0 0 0 15 0 0 0 0 28 0 0 0 0 19 0 0 0 0 18 0 0 0 0 19 
0 0 0 0 0 11 19 6 14 9 0 0 0 0 0 12 13 15 14 17 0 0 0 0 0 
19 8 13 19 14 9 12 8 12 6 0 0 3 0 0 0 0 1 0 0 0 0 3 0 0 
26 19 16 17 29 12 0 0 0 0 14 18 0 1 0 10 0 0 0 0 6 0 0 0 0 
0 0 0 20 0 0 5 0 16 1 0 0 0 15 0 0 12 0 4 0 0 0 0 0 0 
