60 32 69 62 36 68 8 41 30 22 109 57 83 68 73 81 19 67 36 52 121 63 87 67 78 
0 0 0 74 0 0 0 0 63 0 0 0 0 79 0 0 0 0 67 0 0 0 0 66 0 
27 7 15 0 30 13 0 0 0 0 18 10 0 2 0 13 0 0 0 0 11 0 0 0 0 
0 27 0 0 0 0 33 0 0 0 0 32 0 0 0 0 24 0 0 0 0 24 0 0 0 
0 41 2 32 26 24 55 15 45 43 1 66 4 32 27 2 64 13 30 19 16 59 15 43 39 
21 14 15 20 11 8 13 9 12 8 0 0 3 0 0 1 0 1 0 0 0 0 3 0 0 
0 0 18 0 0 0 0 21 0 0 0 0 23 0 0 0 0 14 0 0 0 0 22 0 0 
10 0 0 0 0 34 1 0 0 1 42 24 32 33 24 36 0 1 0 0 12 0 4 1 0 
0 0 0 0 0 12 20 7 15 9 0 0 0 0 0 11 11 18 14 20 0 0 0 0 0 
0 0 0 0 17 0 0 0 0 28 0 0 0 0 19 0 0 0 0 20 0 0 0 0 20 
0 11 0 19 0 0 0 0 0 0 0 0 0 0 0 0 0 0 0 0 0 0 0 0 0 
