63 44 70 73 60 85 18 51 35 36 118 94 83 89 85 91 48 79 48 63 133 90 101 76 106 
0 0 0 80 0 0 0 0 63 0 0 0 0 81 0 0 0 0 70 0 0 0 0 67 0 
0 0 0 0 0 13 18 7 15 8 0 0 0 0 0 12 11 13 14 20 0 0 0 0 0 
22 18 15 19 28 12 0 0 0 0 14 11 0 4 0 10 0 0 0 0 10 0 0 0 0 
3 37 0 0 0 1 50 0 0 0 0 41 0 0 3 0 33 0 0 5 0 33 0 0 0 
0 0 0 0 16 0 0 0 0 29 0 0 0 0 19 0 0 0 0 18 0 0 0 0 19 
0 17 0 18 5 12 31 6 38 28 0 24 9 24 16 0 26 8 15 5 5 23 4 34 12 
20 16 16 17 11 8 13 8 14 10 0 0 4 0 0 0 0 0 0 0 0 0 3 0 0 
0 0 18 0 0 0 0 21 0 0 0 0 25 0 0 0 0 14 0 0 0 0 22 0 0 
10 0 0 0 0 28 0 0 0 0 38 19 24 16 20 31 0 0 0 0 12 0 1 0 0 
