65 45 70 72 57 82 19 49 34 40 113 87 87 89 89 91 45 81 48 64 133 91 100 82 104 
0 0 0 75 0 0 0 0 62 0 0 0 0 83 0 0 0 0 70 0 1 0 0 66 0 
0 0 0 0 0 12 20 7 12 9 0 0 0 0 0 13 12 17 14 22 0 0 0 0 0 
20 17 15 20 29 11 1 0 0 0 16 12 1 3 0 11 0 0 0 0 8 0 0 0 0 
0 39 0 0 0 1 38 0 2 0 0 38 0 0 0 0 33 1 0 1 0 31 0 0 0 
0 0 0 0 16 0 0 0 0 28 0 0 0 0 19 0 0 0 0 18 0 0 0 0 19 
0 16 0 23 6 15 33 5 36 26 0 27 5 17 12 0 28 0 15 6 6 24 4 28 14 
24 15 16 17 12 10 19 10 19 8 0 0 3 0 0 0 0 1 0 0 0 0 3 1 0 
0 0 18 0 0 0 0 21 0 0 0 0 25 0 0 0 0 14 0 0 0 0 22 0 0 
9 0 0 0 0 28 0 1 0 0 41 25 24 22 23 29 0 0 0 0 12 0 2 0 0 
