59 40 67 65 52 76 7 50 31 17 110 74 80 80 86 79 29 76 43 56 126 74 100 70 96 
0 0 0 73 0 0 0 0 55 0 0 0 0 79 0 0 0 0 71 0 0 1 0 72 0 
27 7 13 0 29 12 0 0 0 0 20 14 0 4 0 10 0 0 0 0 10 0 0 0 0 
0 31 0 0 0 0 43 0 0 0 0 35 0 0 0 0 34 0 0 0 0 36 0 0 0 
0 32 0 34 11 25 46 8 45 47 1 41 10 33 14 11 44 3 17 15 10 35 5 34 22 
22 16 17 17 11 8 14 8 12 8 0 0 3 0 0 0 0 0 0 0 0 0 3 0 0 
0 0 18 0 0 0 0 21 0 0 0 0 25 0 0 0 0 14 0 0 0 0 22 0 0 
10 0 0 0 0 26 0 0 0 0 38 25 27 18 24 30 0 1 0 0 14 0 1 1 0 
0 0 0 0 17 0 0 0 0 29 0 0 0 0 19 0 0 0 0 19 0 0 0 0 19 
0 6 4 17 0 0 0 0 0 0 0 0 0 0 0 0 0 0 0 0 0 0 0 0 0 
0 0 0 1 0 12 20 6 14 10 0 0 0 0 0 14 11 14 16 21 0 0 0 0 0 
0 0 0 0 0 0 0 0 8 0 1 0 0 0 0 0 0 6 0 0 0 0 0 0 0 
