58 25 62 65 53 64 4 47 32 26 113 68 80 92 80 78 27 73 45 54 121 74 94 70 96 
0 0 0 68 0 0 0 0 53 0 0 0 0 70 0 0 0 0 64 0 0 0 0 66 0 
26 17 10 0 30 15 4 0 0 0 18 15 0 6 0 13 0 0 0 3 8 0 0 0 0 
0 29 0 0 0 0 44 0 0 0 0 42 0 0 0 0 30 1 0 0 0 31 0 0 1 
2 38 3 37 8 26 44 8 52 36 0 43 10 24 21 10 53 7 22 14 17 41 11 40 22 
23 18 20 20 13 11 15 8 13 7 0 0 5 0 0 0 0 1 0 0 0 0 4 0 0 
0 0 18 0 0 0 0 23 0 0 0 0 25 0 0 0 0 15 0 0 0 0 22 0 0 
9 0 0 0 0 31 0 0 2 5 39 21 25 22 23 27 0 0 0 0 13 0 0 1 0 
0 0 0 0 16 0 0 0 0 28 0 0 0 0 19 0 0 0 0 18 0 0 0 0 18 
0 5 6 17 0 0 0 0 0 0 0 0 0 0 0 0 0 0 0 0 1 0 0 0 0 
0 0 0 0 0 12 19 7 13 9 0 0 0 0 0 16 8 17 16 22 0 0 0 0 0 
