71 56 73 86 67 78 28 51 48 50 105 102 83 102 92 82 50 72 64 65 135 108 103 101 116 
0 0 0 63 0 0 0 0 48 0 0 0 0 66 0 0 0 0 59 0 0 0 0 63 0 
13 10 11 15 9 9 21 8 21 13 0 0 3 0 0 0 0 1 0 0 0 0 3 0 0 
0 0 0 0 0 13 19 6 13 9 0 0 0 0 0 14 11 14 15 22 0 0 0 0 0 
24 16 16 18 26 8 0 0 0 0 17 11 1 0 0 10 0 0 0 0 11 0 0 0 0 
0 43 0 1 0 2 50 0 1 0 0 37 0 0 0 0 39 0 0 0 0 30 0 0 0 
0 0 0 0 18 0 0 0 0 28 0 0 0 0 19 0 0 0 0 20 0 0 0 0 21 
0 0 18 0 0 0 0 21 0 0 0 0 24 0 0 0 0 14 0 0 0 0 21 0 0 
0 7 0 24 0 11 12 6 34 10 0 11 6 19 2 1 18 8 9 4 0 8 0 13 0 
10 0 1 0 0 38 0 1 0 1 48 28 28 27 30 37 0 5 0 0 14 0 4 0 0 
