69 45 74 71 58 72 9 49 36 40 118 82 80 90 87 79 34 76 48 62 134 81 95 79 105 
0 0 0 68 0 0 0 0 57 0 0 0 0 75 0 0 0 0 67 0 0 0 0 65 0 
0 0 0 0 0 12 19 7 13 9 0 0 0 0 0 11 10 16 13 20 0 0 0 0 0 
22 19 13 20 29 10 0 0 0 0 14 15 0 3 0 11 0 0 0 0 9 0 0 0 0 
0 34 0 0 0 1 46 0 0 0 0 37 0 0 0 2 32 0 0 0 0 32 0 0 1 
0 0 0 0 16 0 0 0 0 28 0 0 0 0 19 0 0 0 0 17 0 0 0 0 19 
0 18 0 32 7 25 41 9 47 28 1 33 8 25 15 6 42 8 19 12 5 33 8 33 12 
10 0 0 0 0 28 0 0 0 0 37 22 28 21 22 35 0 0 0 0 12 0 3 0 0 
17 16 14 16 10 11 15 7 12 6 0 0 4 0 0 0 0 0 0 0 0 0 3 0 0 
0 0 18 0 0 0 0 21 0 0 0 0 25 0 0 0 0 14 0 0 0 0 22 0 0 
