68 47 62 57 46 73 10 44 27 26 104 65 82 83 79 84 25 74 49 54 116 73 97 66 94 
0 0 0 73 0 0 0 0 58 0 0 0 0 76 0 0 0 0 69 0 0 0 0 70 0 
27 11 5 0 29 11 0 0 0 0 15 17 1 0 0 11 0 0 0 0 12 0 0 0 1 
0 28 2 0 0 0 39 0 0 0 0 32 0 0 0 0 32 0 0 0 0 32 0 0 0 
0 29 6 29 12 24 49 14 51 40 5 55 10 30 26 7 48 7 14 16 19 40 9 41 21 
12 7 11 12 6 7 12 8 12 6 0 0 3 0 0 0 0 0 0 0 0 0 3 0 0 
0 0 18 0 0 0 0 21 0 0 0 0 25 0 0 0 0 15 0 0 0 0 22 0 0 
0 0 0 0 20 0 0 0 0 29 0 0 0 0 21 0 0 0 0 19 0 0 0 0 21 
0 9 10 17 0 2 0 0 0 0 8 0 0 3 0 0 0 0 0 0 0 0 0 0 0 
0 0 0 0 0 14 20 6 15 10 0 0 0 0 2 13 13 18 15 22 0 1 0 0 0 
11 1 0 0 0 28 0 0 0 0 38 20 24 22 15 29 0 0 0 0 11 0 0 0 0 
0 0 5 19 7 0 0 0 2 0 0 0 0 0 0 0 0 0 0 0 2 0 0 0 0 
