55 34 68 68 41 60 3 38 25 19 104 67 84 75 73 72 16 61 37 44 118 74 91 68 94 
0 0 0 71 0 0 0 0 57 0 0 0 0 77 0 0 0 0 66 0 0 0 0 63 0 
27 14 16 0 31 13 0 0 0 0 19 12 0 3 0 13 0 0 0 0 9 0 0 0 0 
0 27 0 0 0 0 34 0 0 0 0 29 0 0 0 0 25 0 0 0 0 24 0 0 0 
0 34 1 26 20 25 52 19 51 42 4 56 2 36 25 18 67 22 28 29 20 48 12 46 22 
26 17 16 22 10 18 20 9 17 10 0 1 4 0 0 0 0 0 0 0 0 0 3 0 0 
0 0 18 0 0 0 0 21 0 0 0 0 25 0 0 0 0 15 0 0 0 0 22 0 0 
10 0 0 0 0 30 1 0 1 0 43 24 29 21 23 29 0 2 0 0 13 0 3 0 0 
0 6 0 19 0 0 0 0 0 0 0 0 1 2 0 0 0 0 0 0 0 0 0 0 0 
0 0 0 0 0 13 20 6 14 9 0 0 0 0 0 12 10 14 16 18 0 0 0 0 0 
0 0 0 1 18 0 0 0 0 31 0 0 0 0 22 0 0 0 0 20 0 0 0 0 21 
