63 48 68 69 56 68 21 49 38 35 101 90 75 85 78 85 40 81 41 66 131 98 99 72 109 
0 0 1 70 0 0 0 0 53 0 0 0 0 75 0 0 0 0 67 0 0 0 0 69 0 
0 0 0 0 0 13 20 7 11 9 0 0 0 0 0 11 9 18 15 22 0 0 0 0 0 
24 14 17 0 29 12 0 0 0 0 17 9 1 3 0 10 0 0 0 0 8 0 0 0 0 
0 28 0 0 0 0 34 0 0 0 0 31 0 0 0 0 27 0 0 0 0 23 0 0 0 
0 0 0 0 16 0 0 0 0 28 0 0 0 0 19 0 0 0 0 18 0 0 0 0 19 
0 28 0 36 8 24 42 8 51 32 6 33 7 19 19 1 42 0 24 5 3 25 0 36 9 
18 9 14 15 11 11 13 8 12 7 0 0 3 0 0 0 0 1 0 0 0 0 3 0 0 
0 0 18 0 0 0 0 21 0 0 0 0 25 0 0 0 0 14 0 0 0 0 22 0 0 
13 0 1 0 0 31 0 0 0 0 46 26 34 32 27 37 0 0 0 0 18 0 7 0 0 
0 5 0 17 0 0 0 0 0 0 0 0 0 0 0 0 0 0 0 0 0 0 0 0 0 
