64 24 70 63 60 62 8 41 30 25 108 65 80 81 76 82 21 73 33 54 121 65 92 71 86 
20 15 13 20 28 14 0 0 0 0 13 7 0 0 0 12 0 0 0 0 12 0 0 0 0 
0 51 0 38 8 24 52 17 49 38 0 55 7 32 20 3 61 9 32 17 12 58 11 36 32 
0 0 18 0 0 0 0 21 0 0 0 0 25 0 0 0 0 14 0 0 0 0 22 0 0 
0 0 0 0 16 0 0 0 0 28 0 0 0 0 20 0 0 0 0 18 0 0 0 0 19 
0 0 0 0 0 14 20 6 13 9 0 0 0 0 0 11 12 16 14 22 0 0 0 0 0 
14 0 2 0 0 33 2 0 4 4 49 29 31 23 27 36 0 0 0 0 15 0 3 1 0 
18 14 16 16 8 12 15 8 12 7 0 1 2 0 0 0 0 2 1 0 0 0 3 0 0 
2 28 0 0 0 0 33 0 0 0 0 32 0 0 0 0 24 0 0 0 0 23 0 0 0 
0 0 0 70 0 0 0 0 57 0 0 0 0 78 0 0 0 0 67 0 0 0 0 69 0 
