55 35 69 67 51 64 6 38 26 23 115 75 77 81 79 84 20 68 36 58 129 79 100 61 95 
0 0 0 79 0 0 0 0 66 0 1 0 0 85 0 0 0 1 77 0 0 0 0 74 0 
23 5 7 0 26 10 0 0 0 0 8 11 0 0 0 10 0 0 0 0 0 0 0 0 0 
0 32 0 0 0 0 39 0 0 0 0 30 0 0 0 0 28 0 0 0 0 24 0 0 0 
6 33 0 25 12 35 52 19 44 41 0 46 12 21 25 8 56 11 21 13 13 43 6 42 23 
0 0 18 0 0 0 0 21 0 0 0 0 25 0 0 0 0 14 0 0 0 0 22 0 0 
0 0 0 0 16 0 0 0 0 28 0 0 0 0 19 0 0 0 0 18 0 0 0 0 19 
0 2 0 0 0 14 20 7 15 10 0 0 0 0 0 14 14 18 13 22 0 0 0 0 0 
10 0 0 0 0 24 0 0 0 0 40 27 27 24 20 28 0 0 0 0 14 0 2 0 0 
0 9 7 17 0 0 0 0 0 0 6 0 1 3 0 0 0 0 0 0 4 0 0 0 0 
24 16 18 19 15 12 13 8 14 9 0 0 3 0 0 0 0 2 0 0 0 0 1 0 0 
