61 36 71 60 53 67 6 38 28 28 109 56 90 82 79 73 22 68 42 51 126 68 90 68 93 
0 0 0 72 0 0 0 0 58 0 0 0 0 79 0 0 0 0 68 0 0 0 0 70 0 
26 7 9 0 31 12 0 0 0 0 22 20 0 4 0 11 0 0 0 0 8 0 0 0 0 
0 29 0 0 0 0 35 0 0 0 0 29 0 0 0 0 29 1 0 0 0 28 0 0 0 
0 40 0 40 11 30 55 20 51 35 1 53 2 25 22 15 58 13 21 20 12 50 13 38 25 
21 13 14 18 9 9 14 8 12 9 0 0 3 0 0 0 0 0 1 0 0 0 3 0 0 
0 0 18 0 0 0 0 21 0 0 0 0 25 0 0 0 0 14 0 0 0 0 22 0 0 
10 0 0 0 0 28 0 0 2 2 38 31 25 24 23 32 0 0 0 0 14 0 3 1 0 
0 0 0 0 16 0 0 0 0 28 0 0 0 0 19 0 0 0 0 18 0 0 0 0 19 
0 7 7 17 0 0 0 0 0 0 0 0 0 0 0 0 0 0 0 0 0 0 0 0 0 
0 0 0 0 0 13 20 6 14 9 0 0 0 0 0 13 9 18 15 22 0 0 0 0 0 
