70 39 70 62 60 73 13 44 28 25 102 73 76 74 81 83 22 63 36 50 123 66 96 67 76 
0 0 0 67 0 0 0 0 54 0 0 0 0 80 0 0 0 0 67 0 0 0 0 66 0 
20 8 15 0 25 8 0 0 0 0 3 5 0 0 0 10 0 0 0 0 0 0 0 0 0 
0 29 0 0 0 0 36 0 0 0 0 32 0 0 0 0 26 0 0 0 0 26 0 0 0 
1 37 0 43 10 20 48 13 58 41 4 43 8 34 18 2 57 18 29 22 15 54 9 44 42 
0 0 18 0 0 0 0 21 0 0 0 0 25 0 0 0 0 14 0 0 0 0 22 0 0 
0 0 0 0 16 0 0 0 0 28 0 0 0 0 17 0 0 0 0 18 0 0 0 0 19 
0 0 0 0 0 12 20 6 12 10 0 0 0 0 0 11 13 18 15 21 0 0 0 0 0 
10 0 2 0 0 37 0 0 1 0 52 36 33 23 27 38 0 0 0 0 19 0 1 0 0 
0 6 0 17 0 0 0 0 0 0 9 0 0 3 0 0 0 0 0 0 3 0 0 0 0 
17 13 14 18 9 9 13 9 12 7 0 0 3 0 0 0 0 1 0 0 0 0 3 0 0 
