69 44 73 74 61 72 13 50 40 37 114 86 83 90 86 80 31 74 54 61 131 85 91 81 103 
0 0 0 66 0 0 0 0 52 0 0 0 0 72 0 0 0 0 60 0 0 0 0 64 0 
0 0 0 0 0 12 20 6 12 9 0 0 0 0 0 12 7 16 13 17 0 0 0 0 0 
23 22 15 20 26 13 0 0 0 0 19 14 0 4 0 11 1 0 0 0 10 0 0 0 0 
0 36 0 0 0 1 46 0 0 0 0 41 0 0 0 1 33 0 0 0 0 29 0 0 1 
0 0 0 0 16 0 0 0 0 28 0 0 0 0 19 0 0 0 0 18 0 0 0 0 19 
0 20 0 32 6 23 38 7 49 29 0 25 6 25 15 10 46 8 20 15 6 32 12 32 13 
11 0 0 0 0 29 0 0 0 1 37 23 28 23 23 30 0 1 0 0 13 0 3 0 1 
15 10 13 15 11 9 13 8 12 7 0 0 3 0 0 0 0 1 0 0 0 0 3 0 0 
0 0 18 0 0 0 0 22 0 0 0 0 25 0 0 0 0 14 0 0 0 0 22 0 0 
