67 29 67 59 49 63 4 42 24 26 110 58 73 77 76 76 22 64 37 50 130 63 92 61 82 
0 0 0 71 0 0 0 0 59 0 0 0 1 76 0 0 0 0 73 0 0 0 0 67 0 
20 4 14 1 30 12 0 0 0 0 12 18 0 5 0 12 0 0 0 0 10 0 0 0 0 
0 33 0 0 0 0 40 0 0 0 0 36 0 0 0 0 33 0 0 0 0 31 0 0 0 
0 36 4 39 11 38 54 16 56 39 3 55 16 38 23 13 55 18 22 16 6 43 11 49 27 
21 14 16 21 9 7 13 8 12 7 0 0 3 0 0 0 0 1 0 3 0 0 3 0 0 
0 0 18 0 0 0 0 21 0 0 0 0 25 0 0 0 0 14 0 0 0 0 22 0 0 
0 0 0 0 21 0 0 0 0 30 0 0 0 0 21 0 0 0 0 20 0 0 0 0 21 
0 10 0 16 0 0 0 0 0 0 4 0 1 0 0 0 0 0 0 0 0 0 0 0 0 
0 0 0 0 0 11 19 5 14 9 0 0 0 0 0 11 8 17 15 22 0 0 0 0 0 
10 0 0 0 0 28 0 1 0 0 41 22 26 18 23 32 0 0 0 0 14 0 3 0 0 
0 6 0 0 0 0 0 0 0 0 0 0 0 0 0 0 0 0 0 0 0 9 0 0 7 
