60 29 65 58 64 66 7 42 23 15 107 73 76 87 81 82 25 59 31 54 121 63 88 57 75 
0 0 0 72 0 0 0 0 57 0 0 0 0 80 0 0 0 0 70 0 0 0 1 69 0 
23 4 8 0 23 8 0 0 0 0 6 12 0 0 0 7 0 0 0 1 5 0 0 0 0 
2 47 7 37 5 29 56 15 54 47 9 51 8 18 20 8 56 20 33 15 18 60 14 50 43 
0 0 18 0 0 0 0 21 0 0 0 0 25 0 0 0 0 14 0 0 0 0 22 0 0 
0 0 0 0 17 0 0 0 0 28 0 0 0 0 19 0 0 0 0 20 0 0 0 0 19 
0 0 0 0 0 11 20 6 15 9 0 0 0 0 0 15 13 18 13 21 0 0 0 0 0 
9 0 0 0 0 31 0 1 4 3 48 27 33 28 23 32 0 0 0 0 15 0 3 1 0 
0 7 5 17 0 0 0 0 0 0 0 0 0 1 0 0 0 0 0 0 1 0 0 0 0 
24 14 16 23 11 14 14 8 12 9 0 0 3 0 0 0 0 3 0 0 0 0 3 0 0 
0 31 0 0 0 0 33 0 0 0 0 26 0 0 0 0 24 0 0 0 0 23 0 0 0 
