58 34 72 60 59 60 5 46 31 35 108 68 79 80 84 76 26 68 42 60 126 85 94 68 95 
0 0 0 72 0 0 0 0 54 0 0 0 0 76 0 0 0 0 68 0 0 0 0 63 0 
27 13 14 0 26 16 0 0 0 0 22 18 2 4 0 12 0 0 0 2 9 0 0 0 2 
0 31 0 0 0 0 41 0 0 0 0 37 0 0 0 0 31 0 0 0 0 31 0 0 0 
0 32 0 38 6 31 49 13 49 29 2 43 9 29 19 13 48 14 21 10 9 30 11 45 21 
24 15 15 20 13 10 13 8 12 7 0 0 3 0 0 0 0 1 0 0 0 0 3 0 0 
0 0 18 0 0 0 0 21 0 0 0 0 25 0 0 0 0 14 0 0 0 0 22 0 0 
9 0 0 0 0 30 2 0 3 3 38 23 27 25 21 30 0 0 0 0 13 0 1 1 0 
0 0 0 0 16 0 0 0 0 28 0 0 0 0 19 0 0 0 0 18 0 0 0 0 19 
0 7 0 17 0 0 0 0 0 0 0 0 0 0 0 0 0 0 0 0 3 0 0 0 0 
0 0 0 0 0 12 20 5 16 9 0 0 0 0 0 13 13 17 16 21 0 0 0 0 0 
