62 34 60 42 40 73 9 44 21 30 107 65 75 73 72 80 24 69 44 55 123 66 88 70 95 
0 0 0 70 0 0 0 0 57 0 0 0 0 72 0 0 0 0 63 0 0 0 0 67 0 
24 13 9 0 27 12 0 0 0 0 15 14 1 0 0 9 0 0 0 0 9 0 2 0 1 
0 32 2 0 0 0 38 0 0 0 0 40 0 1 0 0 35 0 0 0 0 35 1 0 0 
0 33 7 42 13 22 49 13 55 38 4 45 10 33 24 7 45 11 26 16 13 45 12 40 22 
22 15 13 22 14 8 15 8 12 5 0 0 3 0 0 0 0 3 0 0 0 0 3 0 0 
0 0 18 0 0 0 0 21 0 0 0 0 25 0 0 0 0 14 0 0 0 0 22 0 0 
0 0 0 0 17 0 0 0 0 29 0 0 0 0 22 0 0 0 0 18 0 0 0 0 19 
0 0 0 0 0 12 19 7 13 9 0 0 0 0 0 14 14 17 14 22 0 0 0 0 0 
10 0 1 0 0 32 0 0 0 0 43 25 31 31 25 34 0 0 0 0 15 0 3 0 0 
0 5 9 31 9 0 0 0 7 0 1 0 0 4 0 0 0 0 0 0 0 0 0 0 0 
