68 60 74 104 69 82 36 51 65 46 101 97 78 99 99 78 72 83 55 71 137 108 101 94 117 
0 0 0 67 0 0 0 0 53 0 0 0 0 75 0 0 0 0 65 0 0 0 0 62 0 
12 7 11 12 6 7 12 8 12 6 0 0 3 0 0 0 0 0 0 0 0 0 3 0 0 
0 0 0 1 0 13 19 7 15 10 0 0 0 0 0 16 14 17 15 22 0 0 0 0 0 
26 24 16 20 29 12 0 0 0 0 18 19 0 5 0 12 0 0 0 0 8 0 0 0 0 
0 37 0 0 0 2 42 0 0 0 0 35 0 0 0 0 27 0 0 0 0 29 0 0 0 
0 0 0 0 16 0 0 0 0 28 0 0 0 0 19 0 0 0 0 18 0 0 0 0 19 
0 0 18 0 0 0 0 21 0 0 0 0 25 0 0 0 0 14 0 0 0 0 22 0 0 
12 0 0 0 0 37 3 3 4 3 51 28 39 26 23 38 0 0 0 0 15 0 5 2 1 
0 4 0 3 0 6 18 3 16 18 0 10 0 9 2 0 5 0 12 0 0 9 0 19 0 
