69 43 73 69 53 68 8 41 23 26 108 65 85 72 72 78 19 56 38 48 124 74 93 66 96 
0 0 0 69 0 0 0 0 60 0 0 0 0 81 0 0 0 0 66 0 0 0 0 64 0 
26 8 15 0 30 12 0 0 0 0 18 21 0 4 0 12 0 0 0 0 9 0 0 0 0 
0 30 0 0 0 0 38 0 0 0 0 23 0 0 0 0 25 0 0 0 0 26 0 0 0 
0 29 0 36 13 27 45 14 50 40 2 61 0 36 32 13 65 29 29 27 12 46 10 47 21 
14 14 13 14 8 10 20 9 17 8 0 0 3 0 0 0 0 1 0 0 0 0 3 0 0 
0 0 18 0 0 0 0 21 0 0 0 0 25 0 0 0 0 14 0 0 0 0 22 0 0 
9 0 0 0 0 29 0 2 3 0 42 19 31 21 20 30 0 0 0 0 15 0 3 0 0 
0 8 0 19 0 0 0 0 0 0 0 0 1 0 0 0 0 0 0 0 0 0 0 0 0 
0 0 0 0 0 13 19 6 12 9 0 0 0 0 0 11 9 14 14 16 0 0 0 0 0 
0 0 0 0 16 0 0 0 0 28 0 0 0 0 19 0 0 0 0 20 0 0 0 0 20 
