63 41 73 78 67 57 7 49 30 20 108 65 81 73 81 82 20 73 45 58 131 76 101 70 98 
0 0 0 68 0 0 0 0 55 0 0 0 0 82 0 0 0 0 71 0 0 0 0 68 0 
26 15 4 1 27 11 0 0 0 0 9 16 1 4 0 0 0 0 0 0 9 0 0 0 0 
0 32 0 0 0 0 38 0 0 0 0 36 0 0 0 0 30 0 0 0 0 28 0 0 0 
0 30 0 31 3 33 53 11 54 40 2 47 10 22 19 8 54 9 16 13 6 38 4 37 15 
19 10 13 13 7 11 13 8 12 6 0 0 3 0 0 0 0 0 0 0 0 0 2 0 0 
0 0 18 0 0 0 0 21 0 0 0 0 25 0 0 0 0 14 0 0 0 0 22 0 0 
0 0 0 0 16 0 0 0 0 30 0 0 0 0 19 0 0 0 0 19 0 0 0 0 19 
0 4 9 16 0 2 0 0 0 0 6 0 0 0 0 7 0 0 0 0 0 0 0 0 0 
0 0 0 0 0 13 19 4 14 10 2 0 1 0 0 15 14 18 15 21 0 0 0 0 0 
10 0 0 0 0 30 0 0 0 0 43 25 24 26 24 32 0 0 0 0 14 0 2 0 0 
0 0 2 0 0 0 0 0 0 4 0 0 0 0 0 0 0 0 0 0 0 4 0 0 5 
0 0 0 0 0 2 0 0 0 1 0 0 0 7 0 0 0 0 0 0 0 0 0 2 0 
