60 39 72 54 56 73 13 43 39 31 119 81 90 88 86 93 27 85 45 60 137 79 101 74 98 
0 0 0 71 0 0 0 0 54 0 0 0 0 78 0 0 0 0 63 0 0 0 0 66 0 
0 0 0 0 0 13 20 7 16 8 0 0 0 0 0 13 14 14 16 21 0 0 0 0 0 
25 18 15 19 28 13 0 0 0 0 17 14 0 1 0 14 0 0 0 0 8 0 0 0 0 
0 36 0 0 0 2 43 0 1 0 0 39 0 0 0 0 32 0 0 1 0 31 0 0 0 
0 0 0 0 16 0 0 0 0 28 0 0 0 0 19 0 0 0 0 18 0 0 0 0 19 
0 27 0 39 7 18 36 11 43 33 1 31 3 24 19 0 44 0 23 11 9 35 4 37 20 
21 11 14 17 13 14 18 10 12 11 0 0 3 0 0 0 1 1 0 0 0 0 3 0 0 
0 0 18 0 0 0 0 21 0 0 0 0 25 0 0 0 0 14 0 0 0 0 22 0 0 
9 1 0 0 0 26 0 1 0 0 33 24 24 23 19 24 0 0 0 0 6 0 1 0 0 
3 0 0 7 0 0 0 0 0 0 0 0 0 0 0 0 0 0 0 0 0 1 0 0 0 
