67 32 66 67 54 70 5 43 22 20 109 75 78 82 84 81 28 66 39 54 124 71 95 67 90 
0 0 0 67 0 0 0 0 57 0 0 0 0 74 0 0 0 0 68 0 0 0 0 67 0 
24 16 17 0 30 14 0 0 0 0 20 14 2 0 0 15 0 0 0 0 7 0 0 0 0 
0 33 0 0 0 0 40 0 0 0 0 35 0 0 0 0 31 0 0 0 0 28 0 0 0 
2 34 2 22 7 19 45 14 50 39 0 42 0 21 20 0 45 17 26 18 15 45 11 42 28 
17 14 16 20 13 8 19 9 16 13 0 0 4 0 0 0 0 1 0 0 0 2 3 0 0 
0 0 18 0 0 0 0 21 0 0 0 0 25 0 0 0 0 14 0 0 0 0 22 0 0 
8 0 0 0 0 31 2 0 3 3 41 23 30 23 20 32 0 0 0 0 14 0 0 1 0 
0 0 0 0 16 0 0 0 0 28 0 0 0 0 19 0 0 0 0 18 0 0 0 0 19 
0 3 0 17 0 0 0 0 0 0 0 0 0 3 0 0 0 0 0 0 0 0 0 0 0 
0 0 0 0 0 12 19 6 11 8 0 0 0 0 0 13 12 16 14 21 0 0 0 0 0 
0 0 0 14 0 5 0 0 6 0 0 0 6 11 0 3 2 0 0 0 0 0 0 0 0 
