64 47 69 74 56 78 25 46 37 42 113 94 89 80 87 89 41 78 45 60 136 82 99 71 100 
0 0 0 75 0 0 0 0 56 0 0 0 0 84 0 0 0 0 71 0 0 0 0 73 2 
0 0 0 0 0 11 20 7 13 9 0 0 0 0 0 10 9 15 16 22 0 0 0 0 0 
24 21 16 19 27 11 0 0 0 0 14 16 0 3 0 11 0 0 0 0 8 0 0 0 0 
1 31 0 0 0 3 41 0 0 0 0 32 0 0 0 0 33 0 0 2 0 33 0 0 0 
0 0 0 0 16 0 0 0 0 28 0 0 0 0 19 0 0 0 0 17 0 0 0 0 19 
0 16 0 22 7 16 30 10 48 24 1 25 2 24 14 0 35 2 15 10 4 31 4 32 16 
19 17 16 17 14 13 14 9 11 8 0 0 3 0 0 0 0 1 0 0 0 0 3 1 0 
0 0 18 0 0 0 0 21 0 0 0 0 25 0 0 0 0 14 0 0 0 0 22 0 0 
10 0 0 0 0 27 0 0 0 0 42 22 26 23 23 34 0 4 0 0 12 0 3 0 0 
