56 55 69 69 60 72 26 49 33 40 108 91 83 88 81 85 37 75 49 59 132 93 103 77 112 
0 0 0 69 0 0 0 0 58 0 0 0 0 78 0 0 0 0 64 0 0 0 0 67 0 
0 0 0 1 0 13 20 7 13 9 0 0 0 0 0 11 13 16 15 21 0 1 0 0 0 
19 14 15 21 27 11 0 0 0 0 18 7 0 3 0 10 0 0 0 0 9 0 0 0 0 
7 39 0 0 0 3 40 0 2 0 0 38 0 0 0 0 40 0 0 1 1 27 0 0 0 
0 0 0 0 18 0 0 0 0 28 0 0 0 0 19 0 0 0 0 20 0 0 0 0 21 
0 13 0 29 5 16 32 8 47 25 0 28 8 24 15 1 28 8 19 10 4 25 0 33 4 
24 11 17 18 9 11 12 8 12 9 0 0 3 0 0 0 0 1 0 0 0 0 3 0 0 
0 0 18 0 0 0 0 21 0 0 0 0 25 0 0 0 0 14 0 0 0 0 22 0 0 
12 0 0 0 1 33 0 0 0 0 44 25 26 21 28 37 0 0 0 0 14 0 3 0 0 
