59 25 66 60 51 68 6 40 27 21 111 59 83 78 80 77 17 75 35 43 127 64 93 73 98 
22 12 16 20 31 12 0 0 0 0 14 11 1 3 0 12 0 0 0 0 5 0 0 0 0 
3 44 5 40 12 26 53 17 51 43 0 55 2 30 22 6 61 7 28 27 12 55 9 36 20 
0 0 18 0 0 0 0 21 0 0 0 0 25 0 0 0 0 14 0 0 0 0 22 0 0 
0 0 0 0 16 0 0 0 0 28 0 0 0 0 19 0 0 0 0 18 0 0 0 0 19 
0 0 0 0 0 10 20 7 14 9 0 0 0 0 0 13 11 17 16 20 0 0 0 0 0 
15 0 0 0 0 34 3 0 4 3 45 28 31 28 22 36 0 0 0 3 16 0 4 1 0 
19 14 14 17 10 9 13 8 11 7 0 0 3 0 0 0 0 1 0 0 0 0 3 0 0 
0 37 0 0 0 0 35 0 0 0 0 36 0 0 0 0 29 0 0 0 0 27 0 0 0 
0 0 0 70 0 0 0 0 58 0 0 0 0 75 0 0 0 0 68 0 0 0 0 67 0 
