65 47 74 70 59 75 15 50 24 20 115 67 80 85 81 78 26 69 50 57 134 77 103 76 98 
0 0 0 66 0 0 0 0 53 0 0 0 0 71 0 0 0 0 61 0 0 0 0 65 0 
28 14 10 2 31 15 0 0 0 0 14 22 0 0 0 16 0 0 0 0 10 0 0 0 0 
0 33 0 0 0 0 40 0 0 0 0 33 0 0 0 0 31 0 0 0 0 33 0 0 0 
0 21 0 41 7 18 42 8 58 42 1 46 11 33 23 8 48 10 20 13 4 35 0 36 19 
15 11 12 12 6 12 13 7 14 6 0 0 3 0 0 0 0 3 0 0 0 1 4 0 0 
0 0 18 0 0 0 0 21 0 0 0 0 25 0 0 0 0 14 0 0 0 0 22 0 0 
0 0 0 0 17 0 0 0 0 33 0 0 0 0 23 0 0 0 0 20 0 0 0 0 20 
0 5 5 16 0 0 0 0 0 0 5 0 0 3 0 0 0 0 0 0 0 0 0 0 0 
0 1 0 0 0 15 20 7 16 10 0 0 0 0 0 11 13 18 16 21 0 0 0 0 0 
10 0 0 0 0 24 0 0 0 0 35 21 26 22 16 31 0 0 0 0 12 0 2 0 0 
