62 22 68 56 53 67 6 44 27 21 110 60 83 75 75 79 12 66 36 59 122 61 83 64 83 
0 0 0 70 0 0 0 0 56 0 0 0 0 75 0 0 0 0 67 0 0 0 0 66 0 
25 4 9 0 30 12 0 0 0 0 18 12 0 3 0 10 0 0 0 0 8 0 0 0 1 
0 28 0 0 0 0 34 0 0 0 0 32 0 0 0 0 26 0 0 0 0 23 0 0 0 
0 55 0 44 10 24 56 12 56 41 1 58 1 31 25 7 67 13 29 13 16 62 20 46 34 
20 15 16 20 11 11 14 8 12 8 0 0 4 0 0 0 0 2 0 0 0 0 3 0 0 
0 0 20 0 0 0 0 21 0 0 0 0 25 0 0 0 0 14 0 0 0 0 23 0 0 
11 0 0 0 0 32 2 1 0 3 40 27 32 30 24 34 0 1 0 0 14 0 2 1 0 
0 0 0 0 16 0 0 0 0 28 0 0 0 0 19 0 0 0 0 18 0 0 0 0 19 
0 8 6 17 0 0 0 0 0 0 1 0 0 0 0 0 0 0 0 0 0 0 0 0 0 
0 0 0 0 0 13 18 7 14 10 0 0 0 0 0 14 13 18 15 21 0 0 0 0 0 
