73 34 73 72 54 77 8 40 27 19 122 71 82 78 85 92 15 69 40 62 129 71 92 65 87 
0 0 0 66 0 0 0 0 53 0 0 0 0 75 0 0 0 0 64 0 0 0 0 71 0 
21 4 3 0 25 9 0 0 0 0 2 11 0 0 0 6 0 0 0 0 0 0 0 0 0 
0 32 0 0 0 0 34 0 0 0 0 27 0 0 0 0 30 0 0 0 0 22 0 0 0 
0 40 0 37 15 23 55 16 57 44 3 54 10 34 18 3 60 14 28 9 14 53 11 41 31 
0 0 18 0 0 0 0 21 0 0 0 0 25 0 0 0 0 14 0 0 0 0 22 0 0 
0 0 0 0 16 0 0 0 0 28 0 0 0 0 19 0 0 0 0 18 0 0 0 0 19 
0 0 0 0 0 13 20 7 16 9 0 0 1 0 0 13 13 16 15 22 0 0 0 0 0 
9 0 1 0 0 30 0 0 0 0 39 26 26 24 21 30 0 0 0 0 14 0 3 0 0 
0 7 9 16 0 0 0 0 0 0 4 0 0 3 0 0 0 0 0 0 3 0 0 0 0 
15 15 15 16 10 7 13 9 12 11 0 0 1 0 0 0 0 1 0 0 0 0 3 0 0 
