65 74 69 90 65 93 56 58 53 60 113 117 88 89 102 86 61 84 59 75 133 117 104 112 118 
11 0 0 0 0 32 0 0 1 3 42 27 29 31 22 39 0 0 0 0 17 0 2 1 0 
0 0 0 65 0 0 0 0 57 0 0 0 0 71 0 0 0 0 69 0 0 0 0 64 0 
0 28 0 0 0 0 38 0 0 0 0 33 0 0 0 0 31 0 0 0 0 29 0 0 0 
0 0 18 0 0 0 0 21 0 0 0 0 25 0 0 0 0 14 0 0 0 0 22 0 0 
0 0 0 0 16 0 0 0 0 28 0 0 0 0 19 0 0 0 0 18 0 0 0 0 19 
16 9 15 16 10 9 12 8 12 7 0 0 3 0 0 0 0 0 0 0 0 0 3 0 0 
26 21 17 20 29 12 0 0 0 0 15 12 0 2 0 10 0 0 0 0 10 0 0 0 0 
0 0 0 16 0 1 5 0 28 4 0 0 0 20 0 0 15 0 5 0 0 0 0 0 0 
0 0 0 0 0 12 19 6 14 9 0 0 0 1 0 9 11 16 14 18 0 0 0 0 0 
