60 43 66 69 60 75 13 46 32 38 112 87 85 85 83 80 47 82 52 64 133 85 94 72 106 
0 0 0 69 0 0 0 0 57 0 0 0 0 81 0 0 0 0 67 0 0 0 0 71 0 
0 1 0 0 0 13 20 7 12 10 1 0 0 0 0 14 11 17 13 22 0 0 0 0 0 
26 16 17 20 29 12 0 0 0 0 17 11 0 3 0 13 0 0 0 0 10 0 0 0 0 
0 39 0 0 0 3 43 0 0 0 0 41 0 0 0 0 32 0 0 1 0 37 0 0 0 
0 0 0 0 19 0 0 0 0 30 0 0 0 0 19 0 0 0 0 18 0 0 0 0 20 
0 21 0 32 4 18 41 11 52 27 1 29 3 28 15 6 28 0 15 6 4 24 9 34 11 
11 0 0 0 0 30 0 0 0 0 39 21 29 17 20 31 0 1 0 0 13 0 3 0 0 
21 12 16 17 8 8 13 8 12 6 0 0 3 0 0 0 0 0 0 0 0 0 3 0 0 
0 0 18 0 0 0 0 21 0 0 0 0 25 0 0 0 0 14 0 0 0 0 22 0 0 
0 0 2 0 0 0 0 0 0 0 0 0 0 0 6 0 0 0 0 0 0 0 0 0 0 
