65 35 75 56 56 71 14 41 30 31 107 67 75 65 69 86 21 64 44 53 134 71 89 68 89 
0 0 0 72 0 0 0 0 54 0 0 0 0 77 0 0 0 0 68 0 0 0 0 68 0 
26 8 13 0 29 11 0 0 0 0 22 11 1 2 0 11 0 0 0 0 7 0 0 0 0 
0 35 0 0 0 0 35 0 0 1 0 35 0 0 0 0 27 1 0 0 0 25 0 0 0 
1 34 1 42 10 25 47 15 52 35 1 52 10 38 26 0 58 16 19 18 5 50 14 41 29 
15 11 12 19 9 8 13 9 13 7 0 0 3 0 0 0 0 1 0 0 0 0 3 0 0 
0 0 18 0 0 0 0 21 0 0 0 0 25 0 0 0 0 13 0 0 0 0 22 0 0 
11 0 0 0 0 32 1 0 1 0 40 24 31 30 29 35 0 1 0 0 14 0 3 0 0 
0 0 0 0 0 12 20 7 15 9 0 0 0 0 0 12 12 18 16 22 0 0 0 0 0 
0 0 0 0 16 0 0 0 0 28 0 0 0 0 19 0 0 0 0 18 0 0 0 0 19 
0 9 0 18 0 0 0 0 0 0 0 0 0 2 0 0 0 0 0 0 0 0 0 0 0 
