58 40 67 77 51 67 14 48 39 39 110 79 84 88 76 86 37 80 50 62 130 89 97 80 102 
0 0 0 68 0 0 0 0 56 0 0 0 0 76 0 0 0 0 69 0 0 0 0 69 0 
0 0 0 0 0 13 20 7 15 9 0 0 0 0 0 13 14 17 13 22 0 0 0 0 0 
26 20 16 18 30 11 0 0 0 0 20 14 0 2 0 13 0 0 0 0 5 0 0 0 0 
0 41 0 0 0 1 52 0 1 0 0 42 0 0 0 0 36 0 0 1 0 29 0 0 0 
0 0 0 0 19 0 0 0 0 31 0 0 0 0 20 0 0 0 0 21 0 0 0 0 23 
0 18 0 26 3 17 30 9 41 20 0 25 4 28 12 0 30 2 15 5 10 28 6 28 12 
24 13 18 18 17 10 14 8 13 7 0 0 2 0 0 0 1 0 0 0 0 0 3 0 0 
0 0 18 0 0 0 0 21 0 0 0 0 25 0 0 0 0 14 0 0 0 0 22 0 0 
10 0 0 0 0 40 0 0 0 5 40 29 30 20 35 32 0 1 0 0 15 0 3 0 0 
