67 65 74 107 70 88 42 52 67 51 105 102 81 99 93 79 72 80 63 69 136 121 101 105 114 
0 0 0 66 0 0 0 0 55 0 0 0 0 76 0 0 0 0 60 0 0 0 0 64 0 
12 11 11 13 6 10 17 11 15 8 0 0 3 0 0 0 0 1 0 0 0 0 3 0 0 
0 0 0 1 0 13 19 6 13 10 0 0 0 0 0 17 11 18 15 22 0 0 0 0 0 
27 19 16 20 25 11 0 0 0 0 18 11 0 6 0 13 0 1 0 0 8 0 2 0 0 
0 35 0 0 0 2 41 0 0 0 0 34 0 0 0 0 28 0 0 0 0 25 0 0 0 
0 0 0 0 19 0 0 0 0 28 0 0 0 0 19 0 0 0 0 20 0 0 0 0 20 
0 0 18 0 0 0 0 21 0 0 0 0 25 0 0 0 0 14 0 0 0 0 22 0 0 
12 0 0 0 0 31 3 1 1 2 47 28 36 24 29 35 0 0 0 0 16 0 3 1 0 
0 2 0 0 0 4 8 2 14 12 0 14 0 9 2 0 7 0 9 0 0 0 0 7 3 
