66 40 73 73 65 76 9 46 26 29 114 77 80 90 79 79 28 67 49 63 137 81 106 73 104 
0 0 0 68 0 0 0 0 56 0 0 0 0 74 0 0 0 0 63 0 0 0 0 67 0 
23 14 6 0 22 7 0 0 0 0 3 13 0 0 0 5 0 0 0 0 0 0 0 0 0 
0 27 0 2 0 0 38 0 0 0 0 34 0 0 0 0 29 0 0 0 0 25 0 0 0 
1 37 0 30 6 23 50 11 58 36 1 39 8 23 24 9 47 12 20 8 5 40 0 37 14 
0 0 18 0 0 0 0 20 0 0 0 0 25 0 0 0 0 14 0 0 0 0 22 0 0 
0 0 0 0 16 0 0 0 0 28 0 0 0 0 19 0 0 0 0 18 0 0 0 0 19 
0 0 0 0 0 11 20 6 13 9 0 0 0 0 0 12 14 18 15 22 0 0 0 0 0 
9 0 0 0 0 32 0 2 0 0 43 26 29 25 21 35 0 0 0 0 14 0 3 0 0 
0 2 9 17 1 1 0 0 0 0 9 0 0 2 0 4 0 0 0 0 4 0 0 0 0 
19 12 13 17 10 9 13 8 12 9 0 0 3 0 0 0 0 3 0 0 0 0 0 0 0 
