66 47 75 74 59 70 9 43 25 31 111 72 86 88 84 84 30 76 45 64 120 94 103 70 95 
0 0 0 69 0 0 0 0 52 0 0 0 0 77 0 0 0 0 68 0 0 0 0 66 0 
26 24 8 1 31 14 0 0 0 0 13 24 0 1 0 15 0 0 0 0 13 0 0 0 0 
0 26 0 0 0 0 39 0 0 0 0 29 0 0 0 0 32 0 0 0 0 23 0 0 0 
0 23 0 34 7 27 48 15 59 34 0 40 7 25 22 1 42 6 19 9 12 29 0 41 20 
16 10 11 13 6 11 15 8 14 7 0 0 4 0 0 0 0 1 0 0 0 0 3 0 0 
0 0 18 0 0 0 0 21 0 0 0 0 25 0 0 0 0 14 0 0 0 0 22 0 0 
0 0 0 0 17 0 0 0 0 30 0 0 0 0 20 0 0 0 0 19 0 0 0 0 22 
0 2 7 16 0 0 0 0 0 0 10 0 0 0 0 0 0 0 0 0 0 0 0 0 0 
0 0 0 0 0 10 19 5 15 9 0 0 0 0 0 14 14 17 15 19 0 0 0 0 0 
10 0 0 0 0 27 0 1 0 0 36 24 23 23 17 30 0 0 0 0 15 0 3 0 0 
