70 43 75 73 64 71 13 44 29 31 109 72 83 83 82 80 20 71 37 57 123 78 92 65 95 
0 0 0 65 0 0 0 0 52 0 0 0 0 70 0 0 0 0 64 0 0 0 0 67 0 
26 18 10 0 29 11 0 0 0 0 18 13 0 0 0 10 0 0 0 0 11 0 0 0 0 
0 26 0 0 0 0 33 0 0 0 0 26 0 0 0 0 24 0 0 2 0 23 0 0 0 
0 0 0 0 18 0 0 0 0 30 0 0 0 0 19 0 0 0 0 18 0 0 0 0 21 
0 37 0 40 4 28 53 13 57 34 3 49 8 35 21 7 61 11 30 14 11 45 11 45 21 
11 6 11 12 5 7 12 8 12 6 0 0 2 0 0 0 0 0 0 0 0 0 3 0 0 
0 0 18 0 0 0 0 21 0 0 0 0 25 0 0 0 0 14 0 0 0 0 22 0 0 
11 0 0 0 0 31 0 0 0 0 40 29 27 23 21 34 0 0 0 0 15 0 3 0 0 
0 2 5 17 0 0 0 0 0 0 0 0 0 3 0 0 0 0 0 0 0 0 0 0 0 
0 0 0 0 0 11 19 7 15 10 0 0 0 0 0 13 13 18 16 20 0 0 0 0 0 
