60 53 69 74 56 71 18 45 35 31 110 88 87 87 84 84 40 81 40 65 128 94 99 78 104 
0 0 0 71 0 0 0 0 55 0 0 0 0 81 0 0 0 0 75 0 0 0 0 69 0 
0 0 0 0 0 15 20 7 12 10 0 0 0 0 0 13 13 16 14 20 0 0 0 0 0 
28 15 17 21 30 11 0 0 0 0 21 13 1 5 0 13 0 0 0 0 12 0 0 0 0 
0 35 0 0 0 1 42 0 0 0 0 36 0 0 0 0 36 0 0 2 0 33 0 0 0 
0 0 0 0 18 0 0 0 0 33 0 0 0 0 19 0 0 0 0 18 0 0 0 0 19 
0 18 0 23 5 19 36 12 48 28 0 32 2 23 17 3 29 0 18 6 6 19 4 30 14 
10 0 0 0 0 29 0 0 0 0 39 20 28 18 23 31 0 3 0 0 14 0 3 0 0 
20 11 15 18 11 13 14 8 15 9 0 0 2 0 0 0 0 0 0 0 0 0 3 0 0 
0 0 18 0 0 0 0 21 0 0 0 0 25 0 0 0 0 14 0 0 0 0 22 0 0 
