63 34 73 66 54 68 14 41 29 20 111 66 79 78 77 80 22 62 37 56 119 70 92 62 85 
0 0 0 64 0 0 0 0 55 0 0 0 0 76 0 0 0 0 70 0 0 0 0 68 0 
22 2 16 6 24 11 0 0 0 0 13 6 0 2 0 9 0 0 0 0 8 0 0 0 0 
0 33 0 0 0 0 33 0 0 0 0 33 0 0 0 0 31 0 0 0 0 26 0 0 0 
1 40 0 38 10 24 49 13 50 40 0 49 7 30 19 7 53 15 24 11 16 50 11 46 32 
0 0 18 0 0 0 0 24 0 0 0 0 25 0 0 0 0 18 0 0 0 0 23 0 0 
0 0 0 0 19 0 0 0 0 28 0 0 0 0 19 0 0 0 0 22 0 0 0 0 20 
0 0 0 1 0 12 20 7 15 10 0 0 0 0 0 12 12 18 16 22 0 0 0 0 0 
9 0 0 0 0 33 2 0 4 3 46 35 31 28 28 36 0 0 0 0 17 0 2 1 0 
0 10 0 13 0 0 0 0 0 0 0 0 0 0 0 0 0 0 0 0 0 0 0 0 0 
23 13 12 19 13 11 12 8 12 10 0 0 3 0 0 0 0 1 0 0 0 0 3 0 0 
