60 28 61 61 54 74 7 41 23 26 112 70 83 62 69 82 13 59 35 55 128 56 86 61 82 
23 12 9 0 28 11 0 0 0 0 9 13 0 0 0 8 0 0 0 0 6 0 0 0 0 
0 37 10 37 13 21 48 15 48 37 8 54 8 43 30 5 63 24 26 16 13 61 17 45 36 
0 0 18 0 0 0 0 21 0 0 0 0 25 0 0 0 0 14 0 0 0 0 22 0 0 
0 0 0 0 16 0 0 0 0 28 0 0 0 0 19 0 0 0 0 18 0 0 0 0 19 
0 0 0 1 0 13 20 6 14 10 0 0 0 0 0 16 14 17 14 22 0 0 0 0 0 
8 0 0 0 0 30 0 2 5 3 41 25 26 29 25 33 0 0 0 0 13 0 3 2 0 
0 4 5 17 0 0 0 0 0 0 0 0 0 0 0 0 0 0 0 0 0 0 0 0 0 
27 13 16 18 9 10 14 8 12 7 0 0 3 0 0 0 0 0 0 0 0 0 2 0 0 
0 38 0 0 0 0 41 0 0 0 0 27 0 0 0 0 28 0 0 0 0 29 0 0 0 
0 0 0 73 0 0 0 0 63 0 0 0 0 80 0 0 0 0 72 0 0 0 1 69 0 
