67 60 72 90 65 70 33 52 42 45 101 89 75 91 72 78 57 76 52 67 137 105 103 95 116 
0 0 0 71 0 0 0 0 55 0 0 0 0 78 0 0 0 0 68 0 0 0 0 64 0 
15 7 14 12 6 7 12 8 12 6 0 0 3 0 0 0 0 0 0 0 0 0 3 0 0 
0 0 0 0 0 12 20 6 12 9 0 0 0 0 0 12 13 16 13 21 0 0 0 0 0 
24 20 15 15 30 9 0 0 0 0 18 13 0 0 0 13 0 0 0 0 8 0 0 0 0 
0 38 0 0 0 2 42 0 0 0 0 35 0 0 0 0 29 0 0 0 0 30 0 0 0 
0 0 0 0 16 0 0 0 0 28 0 0 0 0 19 0 0 0 0 18 0 0 0 0 19 
0 0 18 0 0 0 0 21 0 0 0 0 25 0 0 0 0 14 0 0 0 0 22 0 0 
12 0 0 0 0 34 0 0 0 0 47 29 28 29 28 37 0 0 0 0 15 0 3 0 1 
0 7 0 19 0 17 23 6 44 23 2 23 7 16 6 4 19 8 14 5 0 11 0 18 1 
0 0 0 0 3 8 0 0 0 0 2 0 7 0 18 0 0 0 0 0 0 0 0 0 0 
