61 60 70 89 65 89 48 57 70 53 104 110 86 102 93 87 70 82 54 70 136 119 104 104 116 
0 0 0 80 0 0 0 0 66 0 0 0 0 77 0 0 0 0 77 0 0 0 0 71 0 
18 11 15 16 9 11 12 8 10 6 0 0 3 0 0 0 0 0 0 0 0 0 3 0 0 
0 0 0 0 0 14 20 7 14 10 0 0 0 0 0 12 14 18 16 21 0 0 0 0 0 
27 18 16 22 27 11 0 0 0 0 17 14 3 3 0 11 0 0 0 0 8 0 0 0 1 
0 37 0 0 0 2 40 0 0 0 0 30 0 0 0 0 34 0 0 0 0 27 0 0 0 
0 0 0 0 18 0 0 0 0 33 0 0 0 0 20 0 0 0 0 20 0 0 0 0 20 
0 6 0 0 1 0 10 0 5 9 0 7 0 3 2 0 0 0 0 0 0 0 0 0 0 
0 0 18 0 0 0 0 21 0 0 0 0 25 0 0 0 0 14 0 0 0 0 22 0 0 
12 0 0 0 0 32 0 0 0 0 49 28 28 29 28 34 0 0 0 0 16 0 2 2 0 
