62 55 71 98 60 90 47 57 81 55 113 108 89 102 94 89 72 82 60 73 138 116 105 106 113 
9 0 0 1 0 32 0 0 0 0 40 27 26 32 29 31 0 0 1 0 13 0 1 3 0 
0 0 0 67 0 0 0 0 57 0 0 0 0 76 0 0 0 0 71 0 0 0 0 66 0 
0 0 18 0 0 0 0 21 0 0 0 0 25 0 0 0 0 14 0 0 0 0 22 0 0 
22 12 14 19 12 10 12 8 12 7 0 0 3 0 0 0 0 0 0 0 0 0 3 0 0 
0 0 0 0 0 12 19 7 15 9 0 0 0 0 0 12 14 18 15 20 0 0 0 0 0 
25 22 16 22 29 14 0 0 0 0 17 11 2 4 0 12 0 0 0 0 9 0 0 0 0 
0 33 0 0 0 1 39 0 0 0 0 37 0 0 0 0 32 0 0 0 0 30 0 0 0 
0 0 0 0 18 0 0 0 0 31 0 0 0 0 20 0 0 0 0 18 0 0 0 0 24 
0 10 0 0 1 0 13 0 0 9 0 6 0 0 0 0 0 0 0 0 0 0 0 2 0 
