64 45 72 69 58 71 15 50 39 40 116 81 89 78 88 87 43 83 47 64 131 83 98 77 106 
0 0 0 70 0 0 0 0 56 0 0 0 0 81 0 0 0 0 68 0 0 0 0 66 0 
0 1 0 0 0 14 20 7 12 10 0 0 0 0 0 13 12 17 14 22 0 0 0 0 0 
26 16 15 19 30 11 0 0 0 0 17 15 0 4 0 11 0 0 0 0 10 0 0 0 0 
0 37 0 0 0 7 44 0 0 0 0 41 0 0 0 0 29 0 0 1 0 33 0 0 0 
0 0 0 0 18 0 0 0 0 29 0 0 0 0 19 0 0 0 0 19 0 0 0 0 19 
0 20 0 29 4 18 38 8 46 25 0 28 2 34 12 2 34 0 18 5 7 30 5 34 12 
9 0 0 0 0 29 0 0 0 0 37 24 27 17 23 31 0 0 0 0 12 0 3 0 0 
19 13 14 20 10 9 13 7 12 7 0 0 2 0 1 0 0 0 0 0 0 0 3 0 0 
0 0 18 0 0 0 0 21 0 0 0 0 25 0 0 0 0 14 0 0 0 0 22 0 0 
