65 48 72 76 57 75 11 44 41 42 114 88 91 90 86 90 39 84 44 58 128 87 95 72 101 
0 0 0 67 0 0 0 0 56 0 0 0 0 76 0 0 0 0 69 0 0 0 0 71 0 
0 0 0 0 0 12 20 6 15 10 0 0 0 0 0 15 12 16 16 22 0 0 0 0 0 
24 15 12 6 28 13 0 0 0 0 19 18 1 1 0 12 0 0 0 2 12 2 0 0 0 
0 40 0 0 0 1 48 0 0 0 0 33 1 0 4 0 34 0 0 0 0 32 0 0 0 
0 0 0 0 16 0 0 0 0 28 0 0 0 0 19 0 0 0 0 18 0 0 0 0 19 
0 14 0 29 6 19 31 10 41 23 1 24 2 31 12 0 33 0 18 11 6 25 8 34 17 
20 13 14 15 13 12 19 11 12 7 0 0 4 0 0 0 0 0 0 0 0 0 3 0 0 
0 0 18 0 0 0 0 21 0 0 0 0 25 0 0 0 0 14 0 0 0 0 22 0 0 
9 0 0 0 0 27 1 1 0 1 36 26 21 16 22 27 0 0 0 0 14 0 3 0 0 
0 2 3 14 0 0 0 0 0 0 0 0 0 0 0 0 0 0 0 0 0 0 0 0 0 
