69 30 70 71 47 73 13 43 33 23 109 70 83 79 84 81 23 66 35 54 124 73 90 69 96 
0 0 0 64 0 0 0 0 54 0 0 0 0 76 0 0 0 0 67 0 0 0 0 64 0 
23 18 6 0 30 12 0 0 0 0 18 19 3 4 0 16 0 0 0 0 12 0 0 0 0 
0 28 0 0 0 0 33 0 0 0 0 25 0 0 0 0 24 0 0 0 0 22 0 0 0 
0 0 0 0 20 0 0 0 0 31 0 0 0 0 21 0 0 0 0 18 0 0 0 0 19 
0 37 1 41 10 22 52 14 50 39 3 50 5 31 18 5 60 16 31 18 11 51 16 44 22 
18 16 14 14 13 11 12 8 12 8 0 0 2 0 0 0 0 0 0 0 0 0 2 0 0 
0 0 18 0 0 0 0 21 0 0 0 0 25 0 0 0 0 14 0 0 0 0 22 0 0 
8 0 0 0 0 30 1 0 0 0 40 25 27 23 20 28 0 0 0 0 13 0 1 0 0 
0 3 10 17 0 0 0 0 0 0 0 0 0 1 0 0 0 0 0 0 0 0 0 0 0 
0 0 0 0 0 11 19 7 16 10 0 0 0 0 0 14 11 18 14 21 0 0 0 0 0 
