57 29 70 68 54 68 10 45 28 24 108 69 84 75 80 79 26 70 40 58 120 65 97 68 80 
0 0 0 70 0 0 0 0 57 0 0 0 0 80 0 0 0 0 70 0 0 0 0 64 0 
24 15 14 0 29 13 0 0 0 0 13 11 0 1 0 12 0 0 0 0 10 0 0 1 0 
0 30 0 0 0 0 39 0 0 0 0 41 0 0 0 0 32 0 0 0 0 32 0 0 0 
0 26 1 36 9 27 43 12 56 37 0 45 7 32 21 9 49 13 22 14 17 36 7 44 20 
22 18 15 16 10 13 19 8 11 9 0 0 6 0 0 0 0 1 0 0 0 0 3 0 0 
0 0 18 0 0 0 0 21 0 0 0 0 25 0 0 0 0 14 0 0 0 0 21 0 0 
0 0 0 0 18 0 0 0 0 32 0 0 0 0 20 0 0 0 0 19 0 0 0 0 22 
0 4 1 17 0 0 0 0 0 0 7 0 0 2 0 0 0 0 0 0 0 0 0 0 0 
0 1 0 0 0 12 19 7 13 8 0 0 0 0 0 13 11 16 15 20 0 0 0 0 0 
6 9 0 0 0 0 0 0 0 1 0 0 0 0 0 0 0 0 0 0 0 13 0 0 15 
9 0 0 0 0 26 0 0 0 0 42 23 23 24 22 31 0 0 0 0 13 0 3 0 0 
