67 35 70 48 63 81 10 42 28 36 106 62 85 73 72 78 20 59 42 53 132 56 91 65 85 
0 0 0 68 0 0 0 0 57 0 0 0 0 75 0 0 0 0 69 0 0 0 0 66 0 
26 12 16 0 28 10 0 0 0 0 21 16 0 1 0 12 0 0 0 0 7 0 0 0 0 
0 29 0 0 0 0 34 0 0 0 0 30 0 0 0 0 24 0 0 0 0 25 0 0 0 
2 41 4 48 7 23 53 14 52 32 3 58 4 40 29 9 63 22 22 19 11 65 13 46 33 
14 11 11 16 6 9 13 8 12 6 0 0 3 0 0 0 0 1 0 0 0 0 3 0 0 
0 0 18 0 0 0 0 21 0 0 0 0 24 0 0 0 0 15 0 0 0 0 21 0 0 
9 0 0 0 0 23 0 2 0 0 40 23 29 23 23 35 0 0 0 0 10 0 1 0 0 
0 0 0 0 0 13 20 6 11 9 0 0 0 0 0 10 11 17 14 21 0 0 0 0 0 
0 0 0 0 16 0 0 0 0 28 0 0 0 0 19 0 0 0 0 18 0 0 0 0 19 
0 4 0 27 0 0 0 0 5 0 0 0 0 2 0 0 0 0 0 0 0 0 2 0 0 
