68 37 70 60 54 69 12 45 32 18 112 68 83 85 76 88 28 69 28 58 125 69 90 69 85 
20 11 11 1 25 8 0 0 0 0 14 11 0 3 0 10 0 0 0 1 8 0 0 0 0 
2 42 4 43 11 26 52 13 52 39 4 51 4 25 22 1 55 16 32 12 12 55 15 40 30 
0 0 18 0 0 0 0 21 0 0 0 0 25 0 0 0 0 14 0 0 0 0 22 0 0 
0 0 0 0 22 0 0 0 0 33 0 0 0 0 20 0 0 0 0 20 0 0 0 0 22 
0 0 0 0 0 13 20 6 11 10 0 0 0 0 0 15 11 15 15 20 0 0 0 0 0 
11 0 0 0 0 33 2 0 2 3 40 32 30 27 25 30 1 0 0 0 15 0 1 1 0 
17 14 16 34 8 10 13 8 12 8 0 0 3 0 0 0 0 0 1 0 0 0 3 0 0 
0 28 0 0 0 0 31 0 0 0 0 27 0 0 0 0 23 0 0 0 0 22 0 0 0 
0 0 0 69 0 0 0 0 56 0 0 0 0 74 0 0 0 0 71 0 0 0 0 67 0 
