66 32 70 62 64 70 4 46 28 19 100 74 78 75 79 78 33 75 45 56 135 70 98 74 96 
0 0 0 73 0 0 0 0 55 0 0 0 0 83 0 0 0 0 69 0 0 0 0 71 0 
19 12 7 0 25 8 0 0 0 0 8 10 0 0 0 10 0 0 0 0 0 0 0 0 0 
0 33 0 0 0 0 42 0 0 0 0 36 0 0 0 0 28 0 0 0 0 33 0 0 0 
1 33 3 32 4 24 52 11 52 40 7 42 9 28 21 7 43 7 19 15 7 43 8 32 22 
0 0 18 0 0 0 0 21 0 0 0 0 25 0 0 0 0 14 0 0 0 0 22 0 0 
0 0 0 0 16 0 0 0 0 28 0 0 0 0 19 0 0 0 0 18 0 0 0 0 19 
0 0 0 0 0 12 19 6 14 10 0 0 0 0 0 12 14 18 14 22 0 0 0 0 0 
12 0 0 0 0 31 0 0 0 0 50 27 29 25 24 37 0 0 0 0 14 0 0 0 0 
0 2 6 17 0 2 0 0 0 0 5 0 1 3 0 0 0 0 0 0 4 0 0 0 0 
20 20 15 23 11 12 13 9 16 14 0 0 3 0 0 0 0 0 0 0 0 0 3 0 0 
