59 42 67 70 56 68 21 46 33 30 109 84 88 86 80 92 37 84 46 57 134 84 95 77 93 
0 0 0 73 0 0 0 0 62 0 0 0 0 80 0 0 0 0 67 0 0 0 0 68 0 
0 0 0 0 0 13 20 7 14 10 0 0 0 0 0 12 14 15 16 22 0 0 0 0 0 
25 22 17 19 28 14 0 0 0 0 17 15 0 3 0 10 0 0 0 0 6 0 0 0 2 
0 34 0 0 0 2 41 0 1 0 0 37 0 0 0 0 28 0 0 2 0 29 0 0 0 
0 0 0 0 17 0 0 0 0 28 0 0 0 0 19 0 0 0 0 19 0 0 0 0 19 
0 21 0 26 8 16 32 9 42 35 0 29 3 19 19 0 39 0 18 10 6 33 7 32 23 
22 13 16 19 11 15 16 10 13 8 0 0 5 0 0 0 0 1 0 0 0 0 4 0 0 
0 0 18 0 0 0 0 21 0 0 0 0 25 0 0 0 0 14 0 0 0 0 22 0 0 
12 0 1 0 0 31 0 0 0 0 44 24 24 26 25 30 0 0 0 1 14 0 3 0 0 
