60 31 68 59 49 60 5 39 33 24 104 65 75 64 82 78 21 75 40 57 125 65 86 67 82 
0 0 0 73 0 0 0 0 59 0 0 0 0 82 0 0 0 0 75 0 0 0 1 66 0 
25 7 4 0 27 7 0 0 0 0 5 18 0 2 0 0 0 0 0 0 11 0 0 0 2 
0 33 1 0 1 0 37 0 0 0 0 35 0 0 0 0 32 0 0 0 0 30 1 0 0 
0 28 2 41 11 32 49 14 45 31 3 40 12 32 16 11 49 8 19 14 8 40 15 42 25 
23 18 14 17 15 14 16 8 13 10 0 0 4 0 1 1 0 1 0 0 0 0 4 0 0 
0 0 18 0 0 0 0 21 0 0 0 0 25 0 0 0 0 14 0 0 0 0 22 0 0 
0 0 0 0 17 0 0 0 0 31 0 0 0 0 20 0 0 0 0 18 0 0 0 0 20 
0 9 11 17 0 2 0 0 0 0 11 0 0 1 0 7 0 0 0 0 0 0 0 0 0 
0 0 0 0 0 14 18 7 15 10 0 0 1 0 0 13 14 16 13 22 0 0 0 0 0 
10 0 0 0 0 29 0 0 0 0 47 31 28 22 24 34 0 0 0 0 16 0 2 0 0 
0 6 1 0 0 0 0 0 0 5 0 0 0 0 0 0 2 0 0 0 0 11 0 0 8 
0 0 0 0 0 1 5 4 0 0 0 0 0 11 0 0 0 0 0 0 0 0 0 2 0 
