60 37 67 70 60 73 13 46 28 30 108 74 78 82 82 79 28 69 51 54 132 76 97 77 104 
0 0 0 70 0 0 0 0 59 0 0 0 0 76 0 0 0 0 69 0 0 0 0 70 0 
23 14 3 0 21 7 0 0 0 0 14 16 0 0 0 8 0 0 0 0 0 0 0 0 0 
0 33 0 0 0 0 41 0 0 0 0 33 0 0 0 0 33 0 0 0 0 36 0 0 0 
0 31 1 29 4 20 42 12 52 36 3 45 12 34 19 9 43 13 15 17 5 34 6 30 14 
0 0 18 0 0 0 0 21 0 0 0 0 25 0 0 0 0 14 0 0 0 0 22 0 0 
0 0 0 0 16 0 0 0 0 28 0 0 0 0 19 0 0 0 0 18 0 0 0 0 19 
0 0 0 0 0 14 20 6 14 10 0 0 0 0 0 11 14 18 12 22 0 0 0 0 0 
11 0 0 0 0 31 0 0 0 0 45 21 26 19 23 35 0 0 0 0 19 0 3 0 0 
0 2 11 17 4 2 0 0 0 0 0 0 1 3 0 2 0 0 0 0 4 0 0 0 0 
24 15 19 21 15 12 14 8 12 7 0 0 3 0 0 0 0 0 0 0 0 0 3 0 0 
