66 68 76 103 68 96 47 57 66 62 109 116 89 107 102 88 72 82 63 71 141 116 104 107 117 
11 0 0 0 0 31 0 1 0 0 42 25 28 20 19 30 0 0 0 0 11 0 2 0 0 
0 0 0 70 0 0 0 0 60 0 0 0 0 84 0 0 0 0 69 0 0 0 0 67 0 
0 0 17 0 0 0 0 21 0 0 0 0 25 0 0 0 0 14 0 0 0 0 22 0 0 
0 0 0 0 17 0 0 0 0 32 0 0 0 0 20 0 0 0 0 18 0 0 0 0 20 
15 10 10 14 6 7 14 7 13 7 0 0 2 0 0 0 0 0 0 0 0 0 3 0 0 
0 0 0 0 0 11 20 7 16 10 0 0 0 0 0 15 10 18 15 22 0 0 0 0 0 
26 14 16 20 29 13 0 0 0 0 19 12 1 3 0 11 0 0 0 0 8 0 0 0 0 
0 40 0 0 0 1 41 0 0 0 0 36 0 0 2 0 33 0 0 0 0 30 0 0 0 
0 0 0 0 0 0 8 0 10 0 0 0 0 0 0 0 3 0 0 0 0 0 0 3 0 
