62 32 66 37 39 64 5 44 22 23 105 59 74 72 72 77 25 70 47 58 118 66 94 71 96 
0 0 0 72 0 0 0 0 54 0 0 0 0 75 0 0 0 0 64 0 0 0 0 68 0 
26 19 7 0 29 11 2 0 1 0 15 14 0 1 0 10 0 0 0 0 11 0 1 0 0 
0 31 2 0 0 0 38 0 0 0 0 43 0 0 0 0 34 0 0 0 0 34 0 0 0 
0 32 2 44 16 28 51 14 56 39 4 50 14 33 24 11 46 12 21 12 19 46 9 38 22 
20 16 12 19 13 12 14 7 12 10 0 0 3 0 0 0 0 2 0 0 0 0 3 0 0 
0 0 18 0 0 0 0 21 0 0 0 0 25 0 0 0 0 14 0 0 0 0 22 0 0 
0 0 0 0 19 0 0 0 0 29 0 0 0 0 23 0 0 0 0 19 0 0 0 0 19 
0 0 0 0 0 12 20 7 15 10 0 0 0 0 0 15 13 16 15 22 0 0 0 0 0 
10 0 0 0 0 32 0 0 0 0 45 23 29 31 24 31 0 0 0 0 12 0 2 0 0 
0 2 12 35 4 0 0 0 5 0 1 0 0 2 0 0 0 0 0 0 0 0 0 0 0 
