73 31 72 73 63 68 6 44 26 21 98 70 74 76 73 69 22 66 44 59 129 71 91 70 78 
0 0 0 67 0 0 0 0 56 0 0 0 0 70 0 0 0 0 69 0 0 0 0 69 0 
23 6 10 0 28 12 0 0 0 0 20 12 0 5 0 11 0 0 0 0 7 0 0 0 0 
0 35 1 0 0 0 39 0 0 0 0 33 0 0 0 0 34 0 0 0 0 28 0 0 0 
0 38 1 37 7 27 55 12 58 43 3 47 8 34 20 14 50 15 18 12 9 34 12 38 23 
12 6 11 12 6 7 12 8 11 6 0 0 3 0 0 0 0 1 0 0 0 0 3 0 0 
0 0 20 0 0 0 0 21 0 0 0 0 26 0 0 0 0 14 0 0 0 0 23 0 0 
0 0 0 0 16 0 0 0 0 28 0 0 0 0 19 0 0 0 0 18 0 0 0 0 19 
0 9 4 17 0 0 0 0 0 0 1 0 0 0 0 0 0 0 0 0 0 0 0 0 0 
0 0 0 1 0 12 18 7 14 8 0 0 0 0 0 15 12 18 16 22 0 0 0 0 0 
10 0 0 0 0 33 0 1 0 0 48 27 34 29 31 35 0 0 0 0 13 0 2 0 0 
0 7 0 0 0 0 0 0 0 5 0 0 0 0 0 0 0 0 0 0 2 13 0 0 17 
