67 76 70 89 67 86 53 55 58 60 111 121 84 99 97 81 71 80 62 72 133 121 105 111 118 
12 0 0 0 0 35 0 2 0 3 43 27 32 30 27 40 0 5 0 0 19 0 2 2 0 
0 0 0 66 0 0 0 0 51 0 0 0 0 75 0 0 0 0 69 0 0 0 0 64 0 
0 27 0 0 0 0 32 0 0 0 0 28 0 0 0 0 27 0 0 0 0 25 0 0 0 
0 0 18 0 0 0 0 21 0 0 0 0 25 0 0 0 0 14 0 0 0 0 21 0 0 
0 0 0 0 16 0 0 0 0 28 0 0 0 0 19 0 0 0 0 18 0 0 0 0 19 
14 8 15 13 9 9 12 8 12 6 0 0 3 0 0 0 0 1 0 0 0 0 3 0 0 
25 21 16 20 28 13 0 0 0 0 16 13 1 0 0 11 0 0 0 2 8 0 0 0 0 
0 0 0 0 0 12 19 7 10 9 0 0 0 0 0 12 10 14 15 19 0 0 0 0 0 
0 0 0 19 0 4 14 0 34 5 0 0 0 10 0 0 10 0 1 0 0 0 0 0 0 
