70 17 68 62 49 57 5 41 24 25 109 57 80 81 78 72 14 65 34 53 128 55 93 65 73 
0 0 0 67 0 0 0 0 58 0 0 0 0 75 0 0 0 0 70 0 0 0 0 67 0 
21 6 16 2 31 15 0 0 0 0 15 12 0 2 0 12 0 0 0 0 8 0 0 0 0 
0 33 0 0 0 0 41 0 0 0 0 41 0 0 0 0 35 0 0 0 0 36 0 0 0 
0 46 0 41 14 38 52 17 58 40 4 54 10 32 24 19 60 20 27 18 10 46 11 45 32 
17 15 17 18 10 10 13 8 12 9 0 0 3 0 0 0 0 1 0 0 0 0 3 0 0 
0 0 18 0 0 0 0 21 0 0 0 0 25 0 0 0 0 13 0 0 0 0 22 0 0 
0 0 0 0 16 0 0 0 0 28 0 0 0 0 18 0 0 0 0 18 0 0 0 0 19 
0 10 0 17 0 0 0 0 0 0 2 0 0 0 0 0 0 0 0 0 0 0 0 0 0 
0 0 0 0 0 12 19 6 13 7 0 0 0 0 0 11 9 15 16 22 0 0 0 0 0 
10 0 0 0 0 27 0 0 0 0 40 25 27 24 23 30 0 0 0 0 14 0 2 0 0 
0 5 0 0 0 0 0 0 0 2 0 0 0 0 0 0 0 0 0 0 0 9 0 0 13 
