55 32 68 64 56 64 5 48 20 28 106 62 76 86 75 81 31 67 41 65 129 84 98 70 101 
0 0 0 67 0 0 0 0 60 0 0 0 0 74 0 0 0 0 69 0 0 0 0 68 0 
27 16 10 0 30 12 0 0 0 0 21 16 0 4 0 8 0 0 0 0 9 0 0 0 1 
0 34 0 0 0 0 40 0 0 0 0 37 0 0 1 0 31 0 0 0 0 28 0 0 0 
0 34 0 25 6 22 51 10 42 37 0 45 0 12 19 2 43 5 23 7 6 34 8 39 16 
23 13 16 17 12 11 13 7 12 8 0 0 3 0 0 0 0 2 0 0 0 0 3 0 0 
0 0 18 0 0 0 0 21 0 0 0 0 25 0 0 0 0 14 0 0 0 0 22 0 0 
13 0 0 0 0 32 1 0 3 2 43 29 33 24 29 34 0 0 0 0 16 0 0 0 0 
0 0 0 0 16 0 0 0 0 28 0 0 0 0 19 0 0 0 0 18 0 0 0 0 19 
0 3 7 18 0 0 0 0 0 0 0 0 0 0 0 1 0 0 0 0 0 0 0 0 0 
0 0 0 0 0 14 20 7 14 8 0 0 0 0 0 13 13 18 14 21 0 0 0 0 0 
0 0 0 16 0 4 0 0 14 0 0 0 8 14 0 5 0 8 0 0 0 0 0 0 0 
