62 46 69 70 44 71 9 43 40 33 112 78 81 81 74 78 43 77 44 62 124 86 97 75 98 
0 0 0 70 0 0 0 0 54 0 0 0 0 80 0 0 0 0 72 0 0 0 0 70 0 
0 0 0 0 0 14 20 7 15 10 0 0 0 0 0 12 14 16 14 19 0 0 0 0 0 
24 19 17 21 29 12 0 0 0 0 19 20 1 4 0 14 0 0 0 0 9 0 0 0 0 
0 36 0 0 0 4 43 0 0 0 0 32 0 0 0 0 26 0 0 0 0 28 0 0 0 
0 0 0 0 19 0 0 0 0 33 0 0 0 0 23 0 0 0 0 20 0 0 0 0 19 
0 21 0 32 15 21 44 13 44 28 1 36 11 32 22 8 35 8 17 10 14 32 8 32 20 
9 0 0 0 0 29 0 1 0 0 38 23 25 17 23 32 0 0 0 0 13 0 2 0 0 
23 10 15 14 13 8 14 8 12 7 0 0 2 0 1 0 0 0 0 0 0 0 3 0 0 
0 0 18 0 0 0 0 21 0 0 0 0 25 0 0 0 0 13 0 0 0 0 21 0 0 
