68 65 76 84 70 74 36 50 38 46 105 95 81 84 93 79 63 77 47 69 136 109 100 89 114 
0 0 0 68 0 0 0 0 58 0 0 0 0 77 0 0 0 0 72 0 0 0 0 70 0 
12 7 10 12 6 7 12 8 12 6 0 0 3 0 0 0 0 1 0 0 0 0 3 0 0 
0 0 0 0 0 13 19 7 15 9 0 0 0 0 0 13 11 16 16 20 0 0 0 0 0 
26 14 15 20 28 12 0 0 0 0 18 16 1 5 0 13 0 0 0 1 12 0 0 0 0 
0 38 0 0 0 1 41 0 1 0 0 33 0 0 0 0 29 0 0 0 0 29 0 0 1 
0 0 0 0 16 0 0 0 0 28 0 0 0 0 19 0 0 0 0 18 0 0 0 0 19 
0 0 18 0 0 0 0 21 0 0 0 0 25 0 0 0 0 14 0 0 0 0 22 0 0 
12 0 0 0 0 36 2 1 4 6 47 30 33 28 28 39 0 1 0 0 12 0 6 1 0 
0 8 0 23 0 16 20 6 37 16 0 15 2 20 3 0 15 5 12 3 0 8 0 17 3 
