57 26 63 68 63 67 8 47 31 25 106 69 75 83 68 80 24 59 41 52 127 69 96 66 89 
22 4 10 0 23 8 0 0 0 0 11 9 0 0 0 9 0 0 0 0 7 0 0 0 0 
0 47 6 36 6 26 51 10 55 39 1 51 6 29 27 5 58 23 30 20 6 54 6 45 29 
0 0 18 0 0 0 0 22 0 0 0 0 26 0 0 0 0 15 0 0 0 0 22 0 0 
0 0 0 0 16 0 0 0 0 28 0 0 0 0 19 0 0 0 0 18 0 0 0 0 19 
0 0 0 0 0 12 20 6 12 9 0 0 0 0 0 14 11 16 16 21 0 0 0 0 0 
16 3 0 0 0 37 4 0 0 3 52 29 36 25 29 36 0 0 0 0 20 0 4 1 0 
23 13 17 16 12 9 14 8 12 7 0 0 2 0 0 0 0 1 0 0 0 0 3 0 0 
0 32 0 0 0 0 33 0 0 0 0 31 0 0 0 0 25 0 0 0 0 23 0 0 0 
0 0 0 70 0 0 0 0 55 0 0 0 0 77 0 0 0 0 60 0 0 0 0 65 0 
0 7 5 17 0 0 0 0 0 0 0 0 0 0 0 0 0 0 0 0 0 0 0 0 0 
