64 36 72 52 58 79 17 46 35 34 113 70 81 86 77 85 23 67 42 60 132 69 90 74 91 
0 0 0 72 0 0 0 0 50 0 0 0 0 78 0 0 0 0 70 0 0 0 0 65 0 
28 13 13 0 29 12 0 0 0 0 23 18 0 4 0 14 0 0 0 0 7 0 0 0 1 
0 28 0 0 0 0 33 0 0 0 0 27 0 0 0 0 24 0 0 0 0 24 0 0 0 
1 37 0 46 8 21 47 10 51 31 0 52 11 26 26 0 58 15 19 11 10 53 13 38 26 
16 12 14 20 9 7 13 9 13 8 0 0 3 0 0 0 0 1 0 0 0 0 3 0 0 
0 0 20 0 0 0 0 21 0 0 0 0 26 0 0 0 0 14 0 0 0 0 22 0 0 
9 0 0 0 0 28 0 0 0 0 34 22 24 20 21 33 0 0 0 0 11 0 3 0 0 
0 0 0 0 0 12 20 7 16 10 0 0 0 0 0 12 13 17 16 22 0 0 0 0 0 
0 0 0 0 16 0 0 0 0 28 0 0 0 0 19 0 0 0 0 18 0 0 0 0 19 
0 6 0 17 0 0 0 0 0 0 0 0 0 0 0 0 0 0 0 0 0 0 0 0 0 
