76 39 74 69 54 77 9 49 33 19 115 65 79 77 75 78 18 70 38 59 125 64 97 63 84 
0 0 0 67 0 0 0 0 53 0 0 0 0 72 0 0 0 0 62 0 0 0 0 65 0 
22 8 14 0 26 8 0 0 0 0 3 0 0 0 0 5 0 0 0 0 5 0 0 0 0 
0 32 0 0 0 0 35 0 0 0 0 39 0 0 0 0 29 0 0 0 0 24 0 0 0 
0 40 1 41 18 26 51 8 51 45 2 53 8 35 26 6 57 12 25 12 14 58 11 48 34 
0 0 18 0 0 0 0 20 0 0 0 0 25 0 0 0 0 14 0 0 0 0 21 0 0 
0 0 0 0 16 0 0 0 0 28 0 0 0 0 19 0 0 0 0 18 0 0 0 0 19 
0 0 0 0 0 12 20 6 14 10 0 0 0 0 0 14 14 17 16 22 0 0 0 0 0 
8 0 0 0 0 30 0 0 0 3 46 26 28 30 23 31 0 0 0 0 16 0 0 1 0 
0 6 0 18 0 0 0 0 0 0 4 6 2 0 0 7 0 0 0 0 0 0 0 0 0 
12 7 12 12 6 6 15 10 14 6 0 0 3 0 0 0 0 1 0 0 0 0 2 0 0 
0 0 0 0 0 0 0 0 0 0 0 0 0 0 0 3 0 0 6 0 0 0 0 0 0 
