76 49 76 79 63 78 13 45 31 29 115 82 83 82 83 89 30 77 48 57 131 87 95 77 97 
0 0 0 83 0 0 0 0 69 0 0 0 0 90 0 0 0 0 73 1 0 0 0 70 0 
20 8 5 0 25 10 0 0 0 0 13 3 0 0 0 9 0 0 0 0 0 0 0 0 0 
0 34 0 0 0 0 40 0 0 0 0 39 0 0 0 0 31 0 0 2 0 27 0 0 0 
0 27 0 16 6 23 45 12 42 35 2 39 5 16 17 2 48 5 12 12 10 32 10 30 20 
0 0 18 0 0 0 0 21 0 0 0 0 25 0 0 0 0 14 0 0 0 0 22 0 0 
0 0 0 0 20 0 0 0 0 31 0 0 0 0 19 0 0 0 0 21 0 0 0 0 20 
0 2 0 0 0 14 20 7 11 10 0 0 2 0 0 12 9 18 14 18 0 0 0 0 0 
9 0 0 0 0 27 0 0 0 0 40 23 26 23 24 32 0 0 0 0 15 0 1 0 0 
1 5 9 17 0 0 0 0 0 0 0 3 1 3 0 0 0 0 0 0 4 0 0 0 0 
12 7 11 12 6 7 12 8 12 6 0 0 3 0 0 0 0 0 0 0 0 0 3 0 0 
