70 47 74 77 66 71 11 47 22 27 116 78 76 80 76 87 27 71 35 56 130 84 94 65 85 
0 0 0 75 0 0 0 0 64 0 0 0 0 82 0 0 0 0 69 0 0 0 0 68 0 
23 11 15 0 25 11 0 0 0 0 4 10 0 0 0 9 0 0 0 0 0 0 0 0 0 
0 27 0 0 0 0 34 0 0 0 0 31 0 0 0 0 25 0 0 0 0 24 0 0 0 
3 33 0 23 5 25 52 10 52 40 0 41 8 25 22 1 52 11 29 16 13 38 10 44 33 
0 0 18 0 0 0 0 21 0 0 0 0 26 0 0 0 0 14 0 0 0 0 22 0 0 
0 0 0 0 16 0 0 0 0 28 0 0 0 0 19 0 0 0 0 18 0 0 0 0 19 
0 0 0 0 0 12 20 7 13 10 0 0 0 1 0 10 14 17 14 21 0 0 0 0 0 
9 0 0 0 0 32 0 0 2 0 44 29 31 23 26 37 0 0 0 0 14 0 2 0 0 
0 4 0 18 0 0 0 0 0 0 6 0 1 3 0 0 0 0 0 0 3 0 0 0 0 
13 10 12 14 8 8 13 8 12 6 0 0 3 0 0 0 0 1 0 0 0 0 3 0 0 
