68 32 71 56 54 66 7 45 27 20 105 76 83 70 80 89 27 66 42 56 128 71 99 68 93 
0 0 0 75 0 0 0 0 57 0 0 0 0 86 0 0 0 0 68 0 0 0 0 70 0 
18 13 6 0 26 5 0 0 0 0 7 10 0 0 0 7 0 0 0 0 0 0 0 0 0 
0 35 0 0 0 0 41 0 0 0 0 36 0 0 0 0 31 0 0 0 0 34 0 0 0 
1 35 3 39 12 28 49 12 55 45 9 39 8 34 23 5 47 15 22 15 15 41 7 39 25 
0 0 18 0 0 0 0 21 0 0 0 0 25 0 0 0 0 14 0 0 0 0 22 0 0 
0 0 0 0 16 0 0 0 0 28 0 0 0 0 19 0 0 0 0 18 0 0 0 0 19 
0 0 0 0 0 12 19 6 14 10 0 0 0 0 0 12 13 18 15 22 0 0 0 0 0 
10 0 0 0 0 32 0 0 0 0 43 27 25 21 21 29 0 0 0 0 14 0 0 0 0 
0 1 7 17 0 5 0 0 0 0 6 1 1 3 0 2 0 0 0 0 3 0 0 0 0 
21 16 14 20 12 11 14 9 12 8 0 0 3 0 0 0 0 1 0 0 0 0 3 0 0 
