69 23 72 66 54 74 7 43 37 13 106 65 84 80 70 90 13 75 37 54 121 60 87 66 80 
0 0 0 69 0 0 0 0 57 0 0 0 0 76 0 0 0 0 69 0 0 0 0 65 0 
22 11 14 0 25 9 0 0 0 0 6 0 0 0 0 1 0 0 0 0 7 1 0 0 0 
0 30 0 0 0 0 36 0 0 0 0 41 0 0 0 0 26 0 0 0 0 23 0 0 1 
0 50 0 39 14 23 52 14 41 48 5 53 4 28 28 1 69 10 27 17 19 62 18 45 37 
0 0 18 0 0 0 0 21 0 0 0 0 25 0 0 0 0 14 0 0 0 0 22 0 0 
0 0 0 0 16 0 0 0 0 28 0 0 0 0 19 0 0 0 0 18 0 0 0 0 19 
0 0 0 0 0 13 19 7 15 10 0 0 0 0 0 11 10 14 14 22 0 0 0 0 0 
10 0 0 0 1 32 0 0 0 1 46 25 28 27 26 35 0 0 0 0 13 0 1 1 0 
0 4 0 17 0 0 0 0 0 0 7 5 0 3 0 6 0 0 0 0 0 0 0 0 0 
17 14 15 16 10 8 16 8 15 11 0 0 4 0 0 0 0 1 0 0 0 0 3 0 0 
