67 30 67 65 50 67 5 39 30 20 99 64 73 75 89 77 26 59 42 61 119 58 96 69 90 
0 2 0 84 0 0 0 0 66 0 0 0 0 92 0 0 0 0 77 0 0 0 0 74 0 
26 6 13 0 31 11 0 0 0 0 9 15 0 0 0 0 0 0 0 0 10 1 0 0 0 
0 32 0 0 0 0 41 0 0 0 0 32 0 0 0 0 33 0 0 0 0 31 0 0 0 
0 33 1 21 9 31 52 18 43 36 5 49 14 20 14 7 45 22 14 11 14 46 9 34 23 
15 13 13 19 13 8 12 8 12 6 0 0 3 0 0 0 0 1 0 0 0 0 3 0 0 
0 0 18 0 0 0 0 21 0 0 0 0 25 0 0 0 0 14 0 0 0 0 22 0 0 
0 0 0 0 17 0 0 0 0 33 0 0 0 0 19 0 0 0 0 19 0 0 0 0 19 
0 10 7 18 0 1 0 0 0 0 9 0 1 3 0 7 0 0 0 0 0 0 0 0 0 
0 0 0 0 0 14 20 7 14 10 1 0 1 0 0 15 14 18 14 20 0 0 0 0 0 
10 0 0 0 0 27 0 0 0 0 47 29 28 24 21 38 0 0 0 0 17 0 1 0 0 
0 6 0 0 0 0 0 0 0 6 0 0 0 0 0 0 0 0 0 0 0 10 0 0 5 
