61 53 73 80 66 73 21 48 43 36 108 97 84 92 88 87 47 80 58 65 126 91 100 89 112 
0 0 0 63 0 0 0 0 51 0 0 0 0 70 0 0 0 0 59 0 0 0 0 64 0 
0 0 0 0 0 14 20 6 12 9 0 0 0 0 1 12 12 17 14 21 0 0 0 0 0 
25 16 14 20 28 12 0 0 0 0 16 13 0 3 0 9 0 0 0 0 11 0 0 0 0 
0 38 0 0 0 1 40 0 1 0 0 33 0 0 0 0 28 0 0 0 0 28 0 0 0 
0 0 0 0 16 0 0 0 0 28 0 0 0 0 19 0 0 0 0 18 0 0 0 0 19 
0 12 0 28 2 16 36 7 46 29 0 18 4 23 6 1 31 0 16 6 5 27 0 24 6 
10 0 0 0 0 35 0 3 0 2 46 28 30 26 29 35 0 2 0 1 18 0 6 0 0 
22 13 14 16 8 8 13 8 12 7 0 0 3 0 0 0 0 1 0 0 0 0 3 0 0 
0 0 18 0 0 0 0 21 0 0 0 0 24 0 0 0 0 14 0 0 0 0 22 0 0 
