63 41 67 73 55 66 14 46 34 36 112 81 81 82 86 78 40 79 55 59 133 80 92 81 98 
0 0 0 65 0 0 0 0 52 0 0 0 0 78 0 0 0 0 63 0 0 0 0 67 0 
0 0 0 0 0 14 20 7 14 10 0 0 0 0 0 14 10 18 15 21 0 0 0 0 0 
28 24 17 22 31 13 0 0 0 0 18 21 1 7 0 14 0 0 0 0 10 0 3 0 0 
0 32 0 0 0 2 45 0 2 0 0 37 0 0 0 0 32 0 0 0 0 33 0 0 5 
0 0 0 0 16 0 0 0 0 28 0 0 0 0 19 0 0 0 0 18 0 0 0 0 19 
0 22 0 30 8 26 38 10 51 30 0 27 10 33 13 8 36 3 14 13 5 33 8 29 15 
11 0 0 0 0 28 0 1 0 0 40 23 25 14 25 30 0 0 0 0 12 0 3 0 0 
16 13 17 17 10 10 13 8 12 7 0 0 3 0 0 0 0 0 0 0 0 0 3 0 0 
0 0 18 0 0 0 0 21 0 0 0 0 25 0 0 0 0 14 0 0 0 0 22 0 0 
