58 24 69 60 43 62 5 43 24 16 107 64 82 69 71 73 13 68 34 55 124 51 87 64 86 
0 0 0 72 0 0 0 0 57 0 0 0 0 79 0 0 0 0 68 0 0 0 0 66 0 
27 10 13 0 32 13 0 0 0 0 19 17 1 2 0 15 0 0 0 0 10 1 0 0 0 
0 27 0 0 0 0 33 0 0 0 0 27 0 0 0 0 24 0 0 0 0 23 0 0 0 
0 51 3 37 17 30 60 14 58 47 2 58 2 39 32 11 71 14 30 16 12 71 17 46 32 
23 13 14 20 12 9 13 9 12 9 0 0 2 0 0 0 0 0 0 0 0 0 3 0 0 
0 0 18 0 0 0 0 21 0 0 0 0 25 0 0 0 0 14 0 0 0 0 22 0 0 
10 0 0 0 0 32 1 0 0 2 41 23 33 23 21 33 0 0 0 0 14 0 2 1 0 
0 0 0 0 16 0 0 0 0 28 0 0 0 0 19 0 0 0 0 18 0 0 0 0 19 
0 7 2 18 0 0 0 0 0 0 1 0 0 2 0 0 0 0 0 0 0 0 0 0 0 
0 0 0 0 0 13 18 6 14 9 0 0 0 0 0 12 10 18 15 22 0 0 0 0 0 
