70 47 76 69 63 81 14 43 32 26 116 80 79 83 80 88 31 76 42 57 132 81 97 78 98 
0 0 0 68 0 0 0 0 51 0 0 0 0 76 0 0 0 0 67 0 0 0 0 69 0 
22 8 4 0 26 9 0 0 0 0 14 10 1 0 0 9 0 0 0 0 4 0 0 0 0 
0 31 0 0 0 0 38 0 0 0 0 32 0 0 0 0 28 0 0 0 0 27 0 0 0 
0 28 0 38 3 21 44 12 55 37 1 42 9 30 12 6 45 6 24 11 10 38 7 30 17 
0 0 18 0 0 0 0 21 0 0 0 0 25 0 0 0 0 14 0 0 0 0 22 0 0 
0 0 0 0 21 0 0 0 0 31 0 0 0 0 27 0 0 0 0 22 0 0 0 0 22 
0 2 0 0 0 12 20 7 14 10 0 0 1 0 0 13 14 18 14 21 0 0 0 0 0 
10 0 0 0 0 29 0 1 0 1 39 25 27 22 24 28 0 0 0 0 12 0 2 0 0 
0 7 10 17 0 1 0 0 0 0 0 0 0 3 0 0 0 0 0 0 2 0 0 0 0 
16 9 11 15 7 6 14 9 13 6 0 0 3 0 0 0 0 0 0 0 0 0 3 0 0 
