71 67 74 86 70 68 20 47 39 45 103 92 77 78 101 78 50 77 47 66 136 103 99 84 114 
0 0 0 67 0 0 0 0 54 0 0 0 0 78 0 0 0 0 68 0 0 0 0 67 0 
12 7 11 12 7 9 18 9 12 6 0 0 3 0 0 0 0 2 0 0 0 0 3 0 0 
0 0 0 1 0 15 20 7 15 9 0 0 1 0 0 11 12 16 14 20 0 0 0 0 0 
24 18 15 19 26 13 0 0 0 0 14 13 0 6 0 10 0 0 0 0 7 0 0 0 0 
0 33 0 0 0 4 46 0 0 0 0 38 0 0 0 0 36 0 0 0 0 28 1 0 0 
0 0 0 0 16 0 0 0 0 28 0 0 0 0 19 0 0 0 0 18 0 0 0 0 18 
0 0 18 0 0 0 0 21 0 0 0 0 25 0 0 0 0 14 0 0 0 0 22 0 0 
11 0 1 0 0 37 2 1 8 3 53 31 37 29 21 45 0 1 0 0 16 0 6 1 2 
0 7 0 22 1 13 24 8 37 20 0 15 2 23 2 0 20 4 18 7 1 15 0 25 3 
