65 37 66 57 61 72 14 42 31 27 116 80 78 76 83 84 29 67 35 56 127 74 91 66 90 
23 3 8 0 26 7 0 0 0 0 11 11 0 0 0 0 0 0 0 0 3 0 0 0 0 
1 34 5 43 8 21 44 15 50 35 1 44 9 34 18 10 52 15 28 16 14 47 16 40 26 
0 0 18 0 0 0 0 21 0 0 0 0 25 0 0 0 0 14 0 0 0 0 21 0 0 
0 0 0 0 15 0 0 0 0 29 0 0 0 0 19 0 0 0 0 19 0 0 0 0 21 
0 0 0 0 0 12 20 7 13 10 0 0 1 0 1 13 12 17 16 20 0 0 0 1 0 
10 0 0 0 0 31 2 0 6 3 42 28 27 28 22 37 0 0 0 0 16 0 0 1 0 
0 8 6 17 0 0 0 0 0 0 0 0 0 0 0 0 0 0 0 0 0 0 0 0 0 
19 19 16 17 10 16 14 8 12 7 0 0 3 0 0 0 0 1 0 0 0 0 3 0 0 
0 31 0 0 0 0 36 0 0 0 0 26 0 0 0 0 25 0 0 0 0 25 0 0 0 
0 0 0 73 0 0 0 0 53 0 0 0 2 76 0 0 0 0 68 0 0 0 0 69 0 
