65 24 67 70 46 61 6 41 25 31 107 62 79 83 80 76 19 62 36 51 126 58 92 63 89 
0 0 0 70 0 0 0 0 56 0 0 0 1 74 0 0 0 0 71 0 0 0 0 67 0 
24 5 16 1 31 14 0 0 0 0 17 14 0 4 0 14 0 0 0 0 10 0 0 0 0 
0 32 0 0 0 0 41 0 0 0 0 42 0 0 0 1 36 0 0 0 0 33 0 0 0 
0 39 3 32 13 35 51 16 58 36 3 47 11 31 23 9 55 21 24 17 10 47 11 46 20 
19 15 15 16 10 10 13 8 12 7 0 0 3 0 0 0 0 0 0 3 0 0 3 0 0 
0 0 17 0 0 0 0 21 0 0 0 0 25 0 0 0 0 14 0 0 0 0 22 0 0 
0 0 0 0 20 0 0 0 0 29 0 0 0 0 19 0 0 0 0 18 0 0 0 0 20 
0 11 0 18 0 0 0 0 0 0 3 0 1 0 0 0 0 0 0 0 0 0 0 0 0 
0 0 0 0 0 12 19 6 14 8 0 0 0 0 0 11 8 15 16 22 0 0 0 1 0 
10 0 1 0 0 27 0 1 0 0 40 24 25 22 21 33 0 2 0 0 14 0 3 0 0 
0 6 0 0 0 0 0 0 0 0 0 0 0 0 0 0 0 0 0 0 0 8 0 0 8 
