59 31 65 68 57 66 8 43 36 30 102 74 74 80 70 78 28 59 48 53 126 72 98 78 89 
19 5 9 0 25 11 0 0 0 0 12 8 0 3 0 9 0 0 0 0 9 0 0 0 0 
0 38 5 39 8 21 50 14 54 32 2 40 11 33 31 13 56 26 23 18 10 50 8 34 29 
0 0 18 0 0 0 0 22 0 0 0 0 25 0 0 0 0 14 0 0 0 0 21 0 0 
0 0 0 0 16 0 0 0 0 28 0 0 0 0 19 0 0 0 0 18 0 0 0 0 19 
0 0 0 0 0 12 20 6 12 8 0 0 0 0 0 11 11 14 16 19 0 0 0 0 0 
13 0 0 0 1 38 5 0 4 5 53 34 31 28 23 33 0 0 0 0 15 0 2 1 0 
24 16 16 20 13 11 13 8 11 8 0 0 3 0 0 0 0 1 0 3 0 0 2 0 0 
0 34 0 0 0 0 34 0 0 0 0 33 0 0 0 0 23 0 0 0 0 24 0 1 0 
0 0 0 63 0 0 0 0 48 0 0 0 0 70 0 0 0 0 60 0 0 0 0 63 0 
3 8 6 17 0 0 0 0 0 0 1 0 1 0 0 0 0 0 0 0 0 0 0 0 0 
