65 42 72 71 56 64 10 46 34 33 114 77 80 80 83 79 33 71 48 55 134 79 99 71 99 
0 0 0 65 0 0 0 0 53 0 0 0 0 75 0 0 0 0 63 0 0 0 0 68 0 
0 0 0 0 0 12 19 6 12 9 0 0 0 0 0 13 9 18 15 20 0 0 0 0 0 
25 23 15 20 31 13 0 0 0 0 17 13 1 3 0 11 0 0 0 0 10 0 0 0 0 
0 34 0 0 0 3 45 0 0 0 0 38 0 0 0 1 30 0 0 0 0 32 0 0 2 
0 0 0 0 16 0 0 0 0 28 0 0 0 0 19 0 0 0 0 18 0 0 0 0 19 
0 21 0 35 6 31 44 11 54 35 1 41 9 34 16 8 46 10 21 18 6 35 7 38 17 
9 0 0 0 0 27 0 1 0 0 38 20 27 22 25 32 0 0 0 0 10 0 0 0 0 
19 12 14 16 11 9 12 8 12 6 0 0 3 0 0 0 0 1 0 0 0 0 3 0 0 
0 0 18 0 0 0 0 21 0 0 0 0 25 0 0 0 0 14 0 0 0 0 22 0 0 
