68 50 73 60 56 70 9 48 27 20 115 58 84 82 73 85 35 74 54 56 131 85 97 62 91 
0 0 0 71 0 0 0 0 58 0 0 0 0 76 0 0 0 0 65 0 0 0 0 68 0 
26 13 6 2 28 9 0 0 0 0 9 16 1 0 0 10 0 0 0 0 9 0 0 0 0 
0 30 0 0 0 0 37 0 0 0 0 33 0 0 0 0 30 0 0 0 0 27 0 0 0 
1 27 1 34 9 29 51 9 49 42 3 58 8 29 28 8 39 8 14 14 6 34 7 43 24 
14 7 12 14 7 8 13 9 12 7 0 0 3 0 0 0 0 0 0 0 0 0 3 0 0 
0 0 18 0 0 0 0 21 0 0 0 0 24 0 0 0 0 14 0 0 0 0 22 0 0 
0 0 0 0 19 0 0 0 0 32 0 0 0 0 22 0 0 0 0 21 0 0 0 0 22 
0 5 8 16 0 3 0 0 0 0 8 0 0 3 0 0 0 0 0 0 0 0 0 0 0 
0 0 0 0 0 14 20 6 16 10 0 0 0 0 3 12 14 18 14 20 0 0 0 0 0 
9 0 0 0 0 26 0 0 0 0 35 24 25 24 17 29 0 0 0 0 13 0 2 0 0 
0 0 1 10 1 0 0 0 3 0 0 0 0 0 0 0 0 0 0 0 1 0 0 4 0 
