63 25 71 65 50 64 8 38 32 23 97 73 73 78 82 76 24 68 43 60 117 60 98 72 89 
0 1 0 75 0 0 0 0 58 0 0 0 0 80 0 0 0 0 76 0 0 0 0 73 0 
27 7 11 0 31 11 0 0 0 0 9 12 0 0 0 0 0 0 0 0 8 0 0 0 0 
0 34 0 0 0 0 39 0 0 0 0 35 0 0 0 0 33 0 0 0 0 32 0 0 0 
0 36 0 30 9 31 50 19 48 35 6 39 16 26 18 11 48 15 13 11 18 46 9 32 26 
18 15 14 19 13 11 13 8 12 7 0 0 3 0 0 0 0 0 0 0 0 0 1 0 0 
0 0 18 0 0 0 0 21 0 0 0 0 25 0 0 0 0 14 0 0 0 0 22 0 0 
0 0 0 0 17 0 0 0 0 30 0 0 0 0 19 0 0 0 0 19 0 0 0 0 19 
0 8 5 18 0 1 0 0 0 0 10 0 1 3 0 7 0 0 0 0 0 0 0 0 0 
0 0 0 0 0 14 20 7 15 10 0 0 1 0 0 14 13 17 15 21 0 0 0 0 0 
10 0 0 0 0 27 0 0 0 0 48 30 26 27 24 36 0 0 0 0 17 0 1 0 0 
0 6 0 0 0 0 0 0 0 6 0 0 0 0 0 0 0 0 0 0 0 8 0 0 3 
