69 42 73 70 63 74 10 43 33 30 109 72 73 72 75 75 18 60 34 50 124 73 90 65 90 
0 0 0 71 0 0 0 0 53 0 0 0 0 79 0 0 0 0 74 0 0 0 0 68 0 
0 0 0 0 0 12 19 7 14 10 0 0 0 0 0 13 11 16 15 22 0 0 0 0 0 
26 16 14 0 28 12 0 0 0 0 9 7 0 0 0 11 0 0 0 0 7 0 0 0 0 
0 35 0 0 0 0 41 0 1 0 0 42 0 0 0 0 35 0 0 0 0 27 0 0 0 
0 0 0 0 16 0 0 0 0 28 0 0 0 0 19 0 0 0 0 18 0 0 0 0 19 
0 28 3 38 6 21 48 13 53 37 2 41 13 31 21 10 54 23 24 21 15 46 11 44 28 
12 7 11 11 7 7 12 8 11 6 0 0 3 0 0 0 0 1 0 0 0 0 3 0 0 
0 0 18 0 0 0 0 21 0 0 0 0 25 0 0 0 0 14 0 0 0 0 22 0 0 
11 0 0 0 0 33 0 1 0 0 50 27 31 31 28 35 0 0 0 0 14 0 5 0 0 
0 4 0 17 0 0 0 0 0 0 0 0 0 1 0 0 0 0 0 0 0 0 0 0 0 
