56 26 65 56 56 75 8 39 29 18 107 56 79 73 64 81 16 75 40 49 119 58 97 60 73 
0 0 0 75 0 0 0 0 58 0 0 0 0 80 0 0 0 0 69 0 0 0 0 72 0 
23 5 15 4 26 10 0 0 0 0 14 12 0 3 0 9 0 0 0 0 7 0 1 0 2 
0 33 0 0 0 0 35 0 0 0 0 31 0 0 0 0 28 0 0 0 0 23 0 0 0 
6 48 4 39 10 18 53 17 52 43 2 64 8 30 31 6 62 6 22 23 18 65 6 44 39 
0 0 18 0 0 0 0 23 0 0 0 0 25 0 0 0 0 15 0 0 0 0 23 0 0 
0 0 0 0 19 0 0 0 0 32 0 0 0 0 20 0 0 0 0 19 0 0 0 0 23 
0 0 0 0 0 12 19 7 15 9 0 0 0 0 0 11 12 18 16 20 0 0 0 0 0 
9 0 0 0 0 33 2 0 0 1 47 26 30 28 28 37 0 0 0 0 16 0 2 1 0 
0 7 0 14 0 0 0 0 0 0 0 0 0 0 0 0 0 0 0 0 0 0 0 0 0 
24 13 17 19 9 11 13 7 11 8 0 0 3 0 0 0 0 0 0 0 0 0 2 0 0 
