64 32 74 70 53 69 7 44 40 25 107 64 80 84 69 78 29 68 46 63 122 75 97 72 86 
0 0 0 68 0 0 0 0 50 0 0 0 0 74 0 0 0 0 65 0 0 0 0 63 0 
26 16 12 0 31 14 0 0 0 0 21 14 0 4 0 9 0 0 0 0 11 0 0 0 0 
0 32 0 0 0 0 37 0 0 0 1 39 0 0 0 0 31 0 0 0 0 30 0 0 0 
1 37 0 19 11 18 49 13 39 37 0 45 0 13 24 2 47 3 20 6 10 40 6 42 32 
18 12 13 19 9 8 13 8 11 8 0 0 3 0 0 0 0 2 0 0 0 0 3 0 0 
0 0 18 0 0 0 0 21 0 0 0 0 25 0 0 0 0 14 0 0 0 0 22 0 0 
9 0 0 0 0 31 3 1 2 3 41 27 31 27 31 42 0 2 0 0 17 1 3 0 0 
0 0 0 0 16 0 0 0 0 28 0 0 0 0 19 0 0 0 0 18 0 0 0 0 19 
0 3 2 17 0 0 0 0 0 0 0 0 0 0 0 0 0 0 0 0 0 0 0 0 0 
0 0 0 0 0 14 21 6 11 10 0 0 1 0 0 11 11 17 16 24 0 0 0 0 0 
0 0 0 14 0 5 0 0 12 0 0 0 5 12 0 2 0 8 0 0 0 0 0 0 0 
