64 55 71 78 66 75 21 43 41 50 104 94 77 95 91 74 58 70 53 69 131 107 100 94 116 
0 0 0 70 0 0 0 0 53 0 0 0 0 76 0 0 0 0 63 0 0 0 0 64 0 
14 17 14 17 8 8 26 11 15 8 0 0 5 0 0 0 0 0 1 0 0 2 4 0 0 
0 0 0 0 0 13 19 7 13 9 0 0 0 0 0 12 11 17 15 21 0 0 0 0 0 
26 22 16 21 28 10 0 0 0 0 16 10 0 3 0 15 0 0 0 0 9 0 0 0 1 
0 32 0 0 0 2 42 0 0 0 0 35 0 0 0 0 30 0 0 0 0 26 0 0 0 
0 0 0 0 16 0 0 0 0 28 0 0 0 0 19 0 0 0 0 18 0 0 0 0 19 
0 0 18 0 0 0 0 21 0 0 0 0 25 0 0 0 0 14 0 0 0 0 22 0 0 
0 6 0 21 2 20 22 7 43 16 2 26 5 20 4 3 19 8 15 3 1 11 0 19 0 
14 0 0 0 0 31 0 4 0 0 48 24 33 20 29 40 0 5 0 0 19 0 5 0 1 
