53 28 66 59 47 74 9 47 32 24 111 70 83 86 75 81 21 70 43 48 122 57 88 64 79 
0 0 0 71 0 0 0 0 53 0 0 0 0 72 0 0 0 0 69 0 0 0 0 64 0 
23 4 14 8 26 11 0 0 0 0 14 12 0 1 0 9 0 0 0 2 7 0 0 0 0 
0 31 0 0 0 0 36 0 0 0 0 31 0 0 0 0 26 0 0 0 0 29 0 0 0 
3 47 2 41 11 22 47 9 51 34 6 51 6 31 22 9 59 11 19 22 19 60 13 48 36 
0 0 19 0 0 0 0 22 0 0 0 0 25 0 0 0 0 15 0 0 0 0 24 0 0 
0 0 0 0 18 0 0 0 0 31 0 0 0 0 23 0 0 0 0 18 0 0 0 0 22 
0 0 0 0 0 12 20 7 14 9 0 0 0 0 0 11 12 18 16 21 0 0 0 0 0 
10 0 0 0 0 30 2 0 2 3 39 25 28 23 23 34 0 0 0 0 12 0 2 1 0 
0 8 0 11 0 0 0 0 0 0 0 0 0 1 0 0 0 0 0 0 0 0 0 0 0 
29 14 18 17 18 10 16 8 13 10 0 0 3 0 0 0 0 0 0 0 0 0 4 0 0 
