69 36 71 65 55 71 7 46 21 24 107 58 86 64 70 74 17 61 42 49 128 70 88 64 96 
0 0 0 75 0 0 0 0 62 0 0 0 0 80 0 0 0 0 68 0 0 0 0 68 0 
26 7 17 0 31 14 0 0 0 0 22 21 0 7 0 12 0 0 0 0 12 0 0 0 0 
0 32 0 0 0 0 37 0 0 0 0 24 0 0 0 0 26 0 0 0 0 26 0 0 0 
0 39 1 38 10 24 53 11 50 42 0 62 3 43 27 14 67 22 24 29 11 50 15 45 22 
13 9 12 12 8 7 13 9 15 9 0 0 3 0 0 0 0 1 0 0 0 0 3 0 0 
0 0 18 0 0 0 0 21 0 0 0 0 25 0 0 0 0 14 0 0 0 0 22 0 0 
10 0 0 0 0 31 0 0 3 0 41 24 27 20 27 34 0 0 0 0 9 0 3 0 0 
0 9 0 17 0 0 0 0 0 0 0 0 1 0 0 0 0 0 0 0 0 0 0 0 0 
0 0 0 0 0 12 20 6 14 8 0 0 0 0 0 10 8 16 13 15 0 0 0 0 0 
0 0 0 0 16 0 0 0 0 28 0 0 0 0 19 0 0 0 0 18 0 0 0 0 19 
