65 30 73 67 48 68 7 39 34 18 111 63 81 79 77 73 22 75 37 48 121 62 93 69 97 
19 4 16 12 29 11 0 0 0 0 14 12 0 0 0 11 0 0 0 0 8 0 0 0 0 
0 38 1 29 16 20 50 19 49 45 0 49 4 33 24 8 59 7 27 23 12 59 9 42 21 
0 0 18 0 0 0 0 21 0 0 0 0 25 0 0 0 0 14 0 0 0 0 22 0 0 
0 0 0 0 16 0 0 0 0 28 0 0 0 0 19 0 0 0 0 18 0 0 0 0 19 
0 0 0 2 0 12 20 6 14 10 0 0 0 0 0 13 12 17 16 20 0 0 0 0 0 
15 0 0 0 0 36 2 0 3 3 45 34 28 29 23 39 0 0 0 2 19 0 4 1 0 
15 10 11 17 11 11 14 8 13 7 0 0 3 0 0 0 0 1 0 0 0 0 3 0 0 
0 36 0 0 0 1 37 0 0 0 0 31 0 0 0 0 25 0 0 0 0 25 0 0 0 
0 0 0 69 0 0 0 0 52 0 0 0 0 73 0 0 0 0 67 0 0 0 0 65 0 
4 14 0 11 0 0 0 0 0 0 0 0 4 0 0 0 0 0 0 0 0 0 0 0 0 
