59 18 65 64 56 58 9 39 25 13 108 68 77 80 70 72 17 69 39 55 117 52 88 64 79 
0 0 0 68 0 0 0 0 53 0 0 0 0 72 0 0 0 0 60 0 0 0 0 65 0 
28 13 16 0 29 15 0 0 0 0 8 18 2 7 0 16 3 0 0 1 9 0 1 0 0 
0 29 0 0 0 0 38 0 0 0 0 34 0 0 0 0 31 0 0 0 0 32 0 0 0 
0 41 5 41 13 33 51 19 61 47 6 48 13 31 29 12 56 13 32 16 20 51 15 48 28 
23 17 15 18 6 12 13 8 13 8 0 0 3 0 0 0 0 0 0 0 0 0 3 0 0 
0 0 18 0 0 0 0 21 0 0 0 0 25 0 0 0 0 14 0 0 0 0 22 0 0 
0 0 0 0 16 0 0 0 0 28 0 0 0 0 19 0 0 0 0 18 0 0 0 0 19 
0 9 0 16 0 0 0 0 0 0 7 0 0 0 0 0 0 0 0 0 0 0 0 0 0 
0 0 0 0 0 11 19 6 13 8 0 0 0 0 0 14 11 18 16 20 0 0 0 0 0 
8 0 0 0 0 30 0 0 0 1 41 21 25 24 25 30 0 0 0 0 14 0 2 0 0 
0 5 0 0 0 0 0 0 0 6 0 0 0 0 0 0 0 0 0 1 0 11 0 0 11 
