66 49 74 79 63 69 14 47 28 23 114 81 82 84 80 72 40 73 50 59 134 92 102 68 94 
0 0 0 67 0 0 0 0 54 0 0 0 0 75 0 0 0 0 66 0 0 0 0 70 0 
23 12 4 0 20 9 0 0 0 0 5 12 0 0 0 8 0 0 0 0 0 0 0 0 0 
0 30 0 0 0 0 37 0 0 0 0 36 0 0 0 1 27 0 0 0 0 25 0 0 0 
0 30 1 30 8 25 47 12 59 40 2 35 10 30 25 12 37 8 16 10 8 29 1 39 22 
0 0 17 0 0 0 0 21 0 0 0 0 25 0 0 0 0 14 0 0 0 0 22 0 0 
0 0 0 0 16 0 0 0 0 28 0 0 0 0 19 0 0 0 0 20 0 0 0 0 21 
0 0 0 0 0 12 20 6 12 10 0 0 0 0 0 11 14 18 15 22 0 0 0 0 0 
11 0 0 0 0 34 0 1 0 0 43 25 25 22 19 39 0 0 0 0 15 0 3 0 0 
0 1 10 16 4 0 0 0 0 0 6 0 0 3 0 1 0 0 0 0 3 0 0 0 0 
18 10 13 15 9 10 12 6 12 10 0 0 3 0 0 0 0 1 0 0 0 0 3 0 0 
