73 47 60 70 53 71 9 42 23 23 108 65 81 71 82 84 25 71 27 58 125 84 91 69 93 
0 0 0 72 0 0 0 0 69 0 0 0 0 81 0 0 0 0 80 0 0 0 0 68 0 
0 0 0 0 0 11 20 6 13 10 0 0 0 0 0 10 13 16 15 21 0 0 0 0 0 
21 11 15 0 24 10 0 0 0 0 14 11 0 3 0 11 0 0 0 0 6 0 0 0 0 
0 24 0 0 0 0 34 0 0 0 0 27 0 0 0 0 26 0 0 0 0 24 1 0 0 
0 0 0 0 16 0 0 0 0 28 0 0 0 0 19 0 0 0 0 18 0 0 0 0 19 
0 32 14 35 17 23 55 15 48 42 0 55 6 31 20 1 54 13 25 14 12 38 10 40 23 
13 7 12 12 6 8 12 8 12 8 0 0 3 0 0 0 0 0 0 0 0 0 3 0 0 
0 0 18 0 0 0 0 21 0 0 0 0 25 0 0 0 0 14 0 0 0 0 22 0 0 
11 2 0 0 0 36 0 1 0 0 48 31 30 28 22 38 0 0 0 0 15 0 4 0 1 
0 4 0 17 0 0 0 0 0 0 0 0 0 0 0 0 0 0 0 0 0 0 0 0 0 
0 5 0 1 4 0 0 0 0 0 0 0 0 0 0 0 0 0 0 0 2 0 0 0 1 
