66 37 71 63 58 60 12 48 29 34 114 77 80 74 88 78 31 68 44 54 127 74 100 70 95 
0 0 0 63 0 0 0 0 50 0 0 0 0 69 0 0 0 0 61 0 0 0 0 67 0 
0 0 0 0 0 12 19 6 16 10 0 0 0 0 0 12 10 18 15 21 0 0 0 0 0 
25 21 14 21 28 13 0 0 0 0 17 10 2 4 0 14 0 0 0 0 9 1 0 0 0 
0 37 0 0 0 4 44 0 0 0 0 44 0 0 0 0 33 0 0 0 0 35 0 0 1 
0 0 0 0 16 0 0 0 0 28 0 0 0 0 19 0 0 0 0 18 0 0 0 0 19 
0 25 0 41 8 30 43 8 58 31 0 36 8 49 17 11 44 13 27 18 10 36 5 40 22 
10 0 0 0 0 29 0 2 0 0 39 22 27 18 19 29 0 0 0 0 14 0 1 0 0 
17 12 16 19 10 11 12 8 12 8 0 0 3 0 0 0 0 1 0 0 0 0 3 0 0 
0 0 18 0 0 0 0 21 0 0 0 0 25 0 0 0 0 14 0 0 0 0 22 0 0 
