73 57 75 75 56 72 19 44 30 26 114 69 82 85 75 86 24 78 46 64 135 87 95 70 100 
0 0 0 79 0 0 0 0 66 0 0 0 0 88 0 0 0 0 67 0 0 0 0 70 0 
22 10 4 0 23 11 0 0 0 0 12 7 0 0 0 7 0 0 0 0 0 0 0 0 0 
0 35 0 0 3 0 42 0 0 0 0 48 0 0 0 0 37 0 0 0 0 30 0 0 0 
0 21 0 24 11 26 37 12 43 41 0 40 7 19 19 5 44 3 20 8 6 29 8 37 16 
0 0 18 0 0 0 0 21 0 0 0 0 25 0 0 0 0 14 0 0 0 0 22 0 0 
0 0 0 0 21 0 0 0 0 29 0 0 0 0 22 0 0 0 0 19 0 0 0 0 21 
0 0 0 0 0 12 20 7 14 10 0 0 0 0 0 13 13 18 14 20 0 0 0 0 0 
11 0 1 0 0 31 0 1 0 0 44 25 27 19 27 32 0 1 0 0 15 0 3 0 0 
0 2 10 17 0 0 0 0 0 0 0 0 1 3 0 1 0 0 0 0 4 0 0 0 0 
12 7 11 12 6 7 12 8 12 5 0 0 3 0 0 0 0 0 0 0 0 0 3 0 0 
