57 59 70 96 63 91 51 58 64 56 112 112 89 96 95 87 73 82 58 71 134 117 104 97 115 
11 0 0 0 0 32 1 0 4 2 40 25 28 29 27 32 0 0 1 0 15 0 1 3 0 
0 0 0 73 0 0 0 0 71 0 0 0 0 81 0 0 0 0 72 0 0 0 0 73 0 
0 0 19 0 0 0 0 21 0 0 0 0 25 0 0 0 0 14 0 0 0 0 22 0 0 
23 16 14 18 9 9 13 8 12 9 0 0 1 0 0 0 0 0 0 0 0 0 3 0 0 
0 0 0 0 0 13 20 6 14 8 0 0 0 0 0 11 13 18 16 20 0 0 0 0 0 
27 21 16 20 27 12 0 0 0 0 18 15 2 8 0 14 0 0 0 0 11 0 0 0 0 
0 32 0 0 0 2 36 0 0 0 0 37 0 0 0 0 32 0 0 0 0 29 1 0 0 
0 0 0 0 18 0 0 0 0 31 0 0 0 0 21 0 0 0 0 20 0 0 0 0 22 
0 4 0 0 3 0 9 0 0 5 0 0 0 0 0 0 0 0 0 0 0 0 0 4 0 
