64 39 68 52 50 70 12 50 22 26 113 76 85 89 79 83 31 73 43 56 133 73 95 70 94 
0 0 0 63 0 0 0 0 50 0 0 0 0 72 0 0 0 0 64 0 0 0 0 64 0 
25 16 7 0 27 14 0 0 0 0 13 24 0 5 0 10 0 0 0 0 6 7 0 0 0 
0 31 1 0 0 0 42 0 0 0 0 27 0 0 0 0 32 0 0 0 0 26 2 0 0 
0 26 2 36 11 26 43 9 50 36 3 38 2 20 21 5 41 10 22 15 8 40 6 43 19 
19 14 14 18 10 9 13 8 12 8 0 0 3 0 0 0 0 0 0 0 0 0 3 0 0 
0 0 18 0 0 0 0 21 0 0 0 0 25 0 0 0 0 14 0 0 0 0 22 0 0 
0 0 0 0 22 0 0 0 0 31 0 0 0 0 19 0 0 0 0 20 0 0 0 0 21 
0 6 9 17 0 0 0 0 0 0 4 0 1 0 0 4 0 0 0 0 0 0 0 0 0 
0 0 0 0 0 13 20 5 14 10 0 0 3 0 1 13 14 17 15 20 0 0 0 0 0 
10 0 0 0 0 27 0 0 0 0 37 24 26 28 23 29 0 0 0 0 13 0 2 0 0 
0 0 0 21 0 0 0 0 17 0 0 0 0 0 0 0 0 0 3 0 0 0 1 0 3 
