63 38 70 72 57 71 5 46 31 19 113 70 86 79 79 79 16 73 41 55 128 61 91 69 83 
0 0 0 70 0 0 0 0 57 0 0 0 0 80 0 0 0 0 70 0 0 0 0 68 0 
21 10 16 0 28 10 0 0 0 0 7 18 0 0 0 13 0 0 0 0 7 0 0 0 0 
0 32 0 0 0 0 40 0 0 0 0 33 0 0 0 0 33 0 0 0 0 33 0 0 0 
2 33 1 37 12 27 50 10 50 37 3 47 4 23 25 10 57 7 21 16 11 47 12 40 28 
17 9 14 12 7 7 15 8 14 10 0 0 4 0 0 0 0 1 0 0 0 0 3 0 0 
0 0 18 0 0 0 0 22 0 0 0 0 25 0 0 0 0 14 0 0 0 0 22 0 0 
0 0 0 0 16 0 0 0 0 28 0 0 0 0 19 0 0 0 0 18 0 0 0 0 19 
0 5 0 16 0 1 0 0 0 0 9 0 0 3 0 0 0 0 0 0 0 0 0 0 0 
0 0 0 0 0 12 18 6 13 10 0 0 0 0 0 14 11 18 12 22 0 0 0 0 0 
10 0 0 0 0 31 0 1 0 0 38 21 26 21 20 28 0 1 0 0 14 0 3 0 0 
0 0 0 0 0 0 2 0 0 0 0 0 0 8 0 0 1 0 3 0 0 0 0 0 0 
5 5 0 0 0 0 0 0 0 7 0 0 0 0 0 0 0 0 0 0 0 5 0 0 7 
