58 36 72 76 50 75 10 46 30 28 110 63 83 79 80 83 26 66 45 61 128 75 98 71 97 
0 0 0 67 0 0 0 0 54 0 0 0 0 78 0 0 0 0 66 0 0 0 0 66 0 
28 10 9 0 30 10 0 0 0 0 21 11 1 8 0 11 0 0 0 0 9 0 0 0 0 
0 35 0 0 0 0 41 0 0 0 0 46 0 0 0 0 35 0 0 0 0 34 0 0 0 
1 33 0 26 8 21 46 11 55 39 0 46 3 25 19 4 45 13 21 9 9 37 8 39 21 
21 15 14 20 13 7 13 8 13 7 0 0 2 0 0 0 0 0 0 0 0 0 2 0 0 
0 0 18 0 0 0 0 21 0 0 0 0 24 0 0 0 0 14 0 0 0 0 22 0 0 
10 0 0 0 0 33 0 0 0 0 39 23 32 24 22 37 0 5 0 0 14 0 1 1 0 
0 0 0 0 19 0 0 0 0 28 0 0 0 0 22 0 0 0 0 20 0 0 0 0 19 
0 3 6 17 0 0 0 0 0 0 0 0 0 0 0 0 0 0 0 0 0 0 0 0 0 
0 0 0 1 0 13 20 7 13 9 0 0 0 0 0 9 12 16 15 21 0 0 0 0 0 
