75 49 76 75 59 77 15 39 27 30 115 74 77 78 76 89 34 74 42 49 127 74 93 72 96 
0 0 0 78 0 0 0 0 68 0 0 0 0 84 0 0 0 0 69 0 0 0 0 67 0 
21 10 2 0 24 10 0 0 0 0 14 2 0 0 0 9 0 0 0 0 0 0 0 0 0 
0 30 0 0 0 0 37 0 0 0 0 37 0 0 0 0 29 0 0 2 0 29 0 0 0 
0 30 1 27 11 22 46 17 46 35 2 47 10 29 25 1 42 7 20 16 13 43 10 38 21 
0 0 18 0 0 0 0 21 0 0 0 0 25 0 0 0 0 14 0 0 0 0 22 0 0 
0 0 0 0 18 0 0 0 0 30 0 0 0 0 19 0 0 0 0 23 0 0 0 0 20 
0 2 0 0 0 13 20 7 12 10 0 0 2 0 0 12 13 18 16 21 0 0 0 0 0 
9 0 0 0 0 30 0 1 0 0 39 24 27 21 23 33 0 0 0 0 16 0 3 0 0 
1 4 11 15 2 0 0 0 0 0 0 5 1 2 0 0 0 0 0 0 4 0 0 0 0 
12 7 11 12 6 7 12 8 12 6 0 0 3 0 0 0 0 1 0 0 0 0 3 0 0 
