63 36 68 63 60 67 8 42 25 29 113 74 79 80 78 81 30 62 48 58 137 79 106 74 95 
0 0 0 71 0 0 0 0 55 0 0 0 0 78 0 0 0 0 65 1 0 0 0 68 0 
21 16 10 0 28 8 0 0 0 0 6 15 0 0 0 6 0 0 0 0 0 0 0 0 0 
0 30 0 0 0 0 37 0 0 0 0 34 0 0 0 0 26 0 0 0 0 29 0 0 0 
1 34 2 38 5 23 52 15 59 35 1 37 8 31 22 11 48 18 20 12 3 38 0 35 24 
0 0 18 0 0 0 0 21 0 0 0 0 25 0 0 0 0 14 0 0 0 0 21 0 0 
0 0 0 0 16 0 0 0 0 28 0 0 0 0 19 0 0 0 0 18 0 0 0 0 18 
0 0 0 0 0 12 20 7 14 9 0 0 0 0 0 12 14 18 14 22 0 0 0 0 0 
11 0 0 0 0 35 0 0 0 1 46 29 30 22 24 32 0 0 0 0 16 0 1 0 0 
0 1 5 17 0 3 0 0 0 0 4 0 0 3 0 2 0 0 0 0 4 0 0 0 0 
22 15 16 18 11 11 13 8 12 9 0 0 3 0 0 0 0 2 0 0 0 0 3 0 0 
