59 28 71 69 60 74 7 42 28 21 115 67 83 83 80 81 24 71 46 58 124 71 102 75 88 
0 0 0 66 0 0 0 0 52 0 0 0 0 70 0 0 0 0 63 0 0 0 0 64 0 
27 12 13 0 28 9 0 0 0 0 18 11 0 5 0 9 0 0 0 0 11 0 0 0 0 
0 37 0 0 0 0 39 0 0 0 0 41 0 0 0 0 35 0 0 0 0 31 0 0 0 
1 39 0 21 4 16 50 13 46 44 0 43 0 15 16 4 48 3 23 8 11 44 1 38 29 
21 14 15 17 11 13 13 8 13 9 0 0 3 0 0 0 0 2 0 0 0 0 3 0 0 
0 0 18 0 0 0 0 21 0 0 0 0 25 0 0 0 0 14 0 0 0 0 22 0 0 
10 0 0 0 0 29 0 1 4 0 37 27 27 23 29 37 0 0 0 0 14 0 3 0 0 
0 0 0 0 17 0 0 0 0 29 0 0 0 0 18 0 0 0 0 19 0 0 0 0 20 
0 2 2 17 0 0 0 0 0 0 0 0 0 0 0 0 0 0 0 0 0 0 0 0 0 
0 0 0 0 0 14 21 6 11 8 0 0 0 0 0 11 11 15 15 20 0 0 0 0 0 
0 0 0 17 0 4 0 2 11 0 0 0 7 18 0 2 0 9 0 6 0 0 0 0 0 
