70 51 71 76 64 79 19 41 32 33 115 70 87 86 79 84 26 67 48 54 127 77 102 74 100 
0 0 0 66 0 0 0 0 50 0 0 0 0 70 0 0 0 0 60 0 0 0 0 64 0 
25 22 15 0 29 13 0 0 0 0 16 15 0 0 0 12 0 0 0 0 11 0 0 0 0 
0 24 0 0 0 0 33 0 0 0 0 30 0 0 0 0 26 0 0 2 0 27 0 0 1 
0 0 0 0 16 0 0 0 0 28 0 0 0 0 19 0 0 0 0 18 0 0 0 0 19 
0 27 4 36 4 18 46 15 57 34 0 51 4 35 23 6 56 15 25 17 9 42 5 39 17 
13 7 11 13 7 7 12 9 12 6 0 0 3 0 0 0 0 0 0 0 0 0 4 0 0 
0 0 18 0 0 0 0 21 0 0 0 0 25 0 0 0 0 14 0 0 0 0 20 0 0 
10 0 0 0 0 30 0 0 0 0 38 23 26 23 21 29 0 0 0 0 13 0 0 0 0 
0 1 0 16 0 0 0 0 0 0 1 0 0 0 0 0 0 0 0 0 0 0 0 0 0 
0 0 0 0 0 12 20 7 14 10 0 0 0 0 1 13 10 18 14 20 0 0 0 0 0 
