70 58 73 77 67 73 21 52 37 41 116 84 89 82 84 86 47 82 49 64 133 93 101 77 104 
0 0 0 76 0 0 0 0 64 0 0 0 0 84 0 0 0 0 69 0 0 0 0 71 0 
0 0 0 0 0 12 20 5 14 9 0 0 0 0 0 15 11 16 15 22 0 0 0 0 0 
24 16 15 5 26 13 0 0 0 0 17 17 0 5 0 15 0 0 0 0 7 2 0 0 0 
0 29 0 0 0 2 46 0 0 0 1 35 1 0 1 0 30 0 0 0 0 28 0 0 0 
0 0 0 0 16 0 0 0 0 28 0 0 0 0 19 0 0 0 0 18 0 0 0 0 19 
0 19 0 19 3 20 29 7 37 25 0 28 7 20 16 0 30 0 14 7 7 23 5 29 14 
14 8 13 16 8 8 14 8 13 8 0 0 3 0 0 0 0 0 0 0 0 0 3 0 0 
0 0 18 0 0 0 0 21 0 0 0 0 25 0 0 0 0 14 0 0 0 0 21 0 0 
10 0 0 0 0 31 0 0 0 0 36 25 20 23 23 28 0 2 0 0 13 0 1 0 0 
0 2 0 14 0 0 0 0 0 0 0 0 0 0 0 0 0 0 0 0 0 0 0 0 0 
