63 40 67 52 48 68 5 42 31 25 112 65 88 78 82 76 23 62 37 56 124 68 88 70 94 
0 0 0 73 0 0 0 0 55 0 0 0 0 86 0 0 0 0 71 0 0 0 0 74 0 
26 9 9 0 28 13 0 0 0 0 19 17 1 3 0 11 0 0 0 0 10 0 0 0 0 
0 28 0 0 0 0 34 0 0 0 0 33 0 0 0 0 29 1 0 0 0 28 1 0 0 
0 37 1 44 18 26 59 15 53 37 0 49 1 27 23 13 52 20 23 16 12 50 15 32 24 
21 12 17 21 10 9 13 7 10 8 0 0 3 0 0 0 0 0 0 0 0 0 2 0 0 
0 0 19 0 0 0 0 22 0 0 0 0 26 0 0 0 0 14 0 0 0 0 22 0 0 
8 1 0 0 0 30 0 0 2 4 38 25 26 20 19 32 0 0 0 0 14 0 3 1 0 
0 0 0 0 16 0 0 0 0 28 0 0 0 0 19 0 0 0 0 17 0 0 0 0 19 
0 5 6 17 0 0 0 0 0 0 1 0 0 0 0 0 0 0 0 0 0 0 0 0 0 
0 0 0 0 0 13 19 7 14 9 0 0 0 0 0 12 14 17 16 22 0 0 0 0 0 
