67 73 73 104 68 96 46 57 62 67 116 116 95 108 101 90 73 80 66 72 138 120 104 104 118 
9 0 0 0 0 25 0 0 1 0 38 26 22 23 23 27 0 0 0 0 13 0 2 0 0 
0 0 0 71 0 0 0 0 52 0 0 0 0 80 0 0 0 0 66 0 0 0 0 68 0 
0 0 18 0 0 0 0 21 0 0 0 0 25 0 0 0 0 14 0 0 0 0 22 0 0 
0 0 0 0 16 0 0 0 0 28 0 0 0 0 19 0 0 0 0 18 0 0 0 0 19 
16 9 11 12 6 11 17 8 19 6 0 0 3 0 0 0 0 3 0 0 0 0 3 0 0 
0 0 0 0 0 11 20 7 15 10 0 0 0 0 0 12 13 17 15 21 0 0 0 0 0 
26 17 17 20 29 14 0 0 0 0 16 9 0 3 0 15 0 0 0 0 9 0 0 0 0 
0 33 0 0 0 2 40 0 0 0 0 38 0 0 0 0 27 0 0 0 0 26 0 0 0 
0 0 0 0 1 0 7 0 16 0 0 0 0 0 0 0 5 0 0 0 0 0 0 5 0 
