72 56 70 85 64 76 28 51 40 52 103 97 80 85 93 75 51 69 56 64 131 102 103 87 113 
0 0 0 64 0 0 0 0 51 0 0 0 0 74 0 0 0 0 63 0 0 0 0 65 0 
11 16 14 14 8 8 22 8 18 8 0 0 3 0 0 0 0 0 0 0 0 0 3 3 0 
0 0 0 0 0 12 19 6 11 10 0 0 0 0 0 12 8 14 15 22 0 0 0 0 0 
25 22 17 20 29 8 0 0 0 0 18 10 1 4 0 10 0 0 0 1 7 0 0 0 0 
0 33 0 0 0 2 44 0 1 0 0 31 0 0 0 0 32 0 0 0 0 32 0 0 0 
0 0 0 0 18 0 0 0 0 29 0 0 0 0 19 0 0 0 0 19 0 0 0 0 22 
0 0 18 0 0 0 0 21 0 0 0 0 25 0 0 0 0 14 0 0 0 0 21 0 0 
0 5 0 24 1 17 17 7 44 12 0 14 5 22 4 6 27 10 13 5 1 12 0 22 2 
10 0 0 0 0 36 0 0 0 0 49 37 31 29 27 41 0 7 0 0 21 0 4 0 0 
