55 44 68 67 48 58 13 44 33 28 114 71 86 80 79 78 42 75 47 62 125 87 100 71 103 
0 0 0 75 0 0 0 0 68 0 0 0 0 85 0 0 0 0 68 0 0 0 0 69 0 
25 13 5 0 31 15 0 0 0 0 11 16 0 6 0 11 0 0 0 0 11 0 0 0 0 
0 31 0 0 0 0 36 0 0 0 0 34 0 0 0 0 27 0 0 0 0 29 1 0 0 
0 22 1 33 8 28 43 13 38 38 0 40 2 17 19 5 38 11 18 9 9 30 2 37 14 
27 16 17 15 14 19 18 8 11 6 0 0 3 0 0 0 0 0 0 0 0 0 3 0 0 
0 0 17 0 0 0 0 21 0 0 0 0 25 0 0 0 0 14 0 0 0 0 22 0 0 
0 0 0 0 19 0 0 0 0 30 0 0 0 0 26 0 0 0 0 24 0 0 0 0 20 
0 6 10 17 0 0 0 0 0 0 9 2 1 0 0 4 0 0 0 0 0 0 0 0 0 
0 0 0 0 0 12 20 7 15 9 0 0 0 0 0 15 11 14 14 16 0 0 0 0 0 
11 0 1 0 0 27 0 0 0 0 36 26 28 26 19 31 0 0 0 0 15 0 3 0 0 
