62 62 74 80 64 75 26 47 41 46 110 86 83 83 98 77 41 79 44 60 131 98 99 85 114 
0 0 0 71 0 0 0 0 51 0 0 0 0 76 0 0 0 0 68 0 0 0 0 66 0 
16 9 11 13 7 7 13 9 18 8 0 0 3 0 0 0 0 1 0 0 0 0 3 0 0 
0 0 0 1 0 13 19 5 13 10 0 0 0 0 0 10 12 15 15 20 0 0 0 0 0 
27 13 15 21 29 11 0 0 0 0 16 16 0 7 0 10 0 0 0 0 7 0 0 0 0 
0 40 0 0 0 3 47 0 0 0 0 38 0 0 0 0 38 0 0 0 0 32 0 0 0 
0 0 0 0 16 0 0 0 0 28 0 0 0 0 19 0 0 0 0 18 0 0 0 0 19 
0 0 18 0 0 0 0 21 0 0 0 0 25 0 0 0 0 14 0 0 0 0 22 0 0 
13 1 1 0 0 38 2 0 4 3 44 34 33 28 25 47 0 1 0 0 21 0 7 1 0 
0 7 0 21 4 12 23 11 38 16 0 15 1 20 1 0 27 4 20 13 1 16 0 25 4 
