60 35 68 65 54 67 5 43 23 23 113 69 76 82 81 82 27 67 39 63 123 73 93 69 94 
0 0 0 63 0 0 0 0 51 0 0 0 0 75 0 0 0 0 67 0 0 0 0 64 0 
27 15 17 0 30 13 0 0 0 0 18 20 1 0 1 11 0 0 0 0 10 0 0 0 0 
0 32 0 0 0 0 40 0 0 0 0 33 0 0 0 0 35 0 0 0 0 31 0 0 0 
0 33 2 22 8 24 48 14 47 39 0 42 1 18 22 0 42 16 27 8 13 42 12 43 24 
22 14 14 20 12 11 15 8 15 9 0 0 3 0 0 0 0 0 0 0 0 0 3 0 0 
0 0 18 0 0 0 0 21 0 0 0 0 25 0 0 0 0 14 0 0 0 0 22 0 0 
9 0 0 0 0 29 2 0 3 3 39 25 29 25 20 34 0 0 0 0 14 0 1 1 0 
0 0 0 0 16 0 0 0 0 28 0 0 0 0 19 0 0 0 0 18 0 0 0 0 19 
0 3 0 17 0 0 0 0 0 0 0 0 0 3 0 0 0 0 0 0 0 0 0 0 0 
0 0 0 0 0 12 20 7 13 9 0 0 0 0 0 14 11 17 14 22 0 0 0 0 0 
0 0 0 20 0 3 0 0 13 0 0 0 10 11 0 3 3 0 0 0 0 0 0 0 0 
