71 67 75 84 68 72 25 49 39 43 105 92 82 81 99 77 40 80 46 68 140 102 97 80 111 
0 0 0 68 0 0 0 0 55 0 0 0 0 79 0 0 0 0 69 0 0 0 0 66 0 
12 7 11 12 6 7 12 8 12 6 0 0 3 0 0 0 0 1 0 0 0 0 3 0 0 
0 0 0 1 0 13 20 7 13 9 0 0 0 0 0 14 13 16 14 19 0 0 0 0 0 
23 17 15 21 29 12 0 0 0 0 18 19 0 6 0 12 0 0 0 0 5 0 0 0 0 
0 36 0 0 0 3 49 0 0 0 0 40 0 0 0 0 37 0 0 0 0 28 0 0 0 
0 0 0 0 16 0 0 0 0 27 0 0 0 0 19 0 0 0 0 18 0 0 0 0 19 
0 0 18 0 0 0 0 21 0 0 0 0 25 0 0 0 0 14 0 0 0 0 22 0 0 
12 0 0 0 0 37 2 0 6 3 47 25 34 24 24 41 0 0 0 0 15 0 8 1 3 
0 5 0 21 1 15 22 8 40 23 0 13 1 24 1 0 28 3 18 6 0 16 1 30 4 
