69 31 75 66 49 75 6 40 25 19 110 65 78 72 78 88 19 64 40 57 124 75 94 64 87 
0 0 0 63 0 0 0 0 56 0 0 0 0 73 0 0 0 0 63 0 0 0 0 64 0 
21 6 4 0 26 10 0 0 0 0 4 16 0 0 0 8 0 0 0 0 0 0 0 0 0 
0 31 0 1 0 0 35 0 0 0 0 24 0 0 0 0 28 0 0 0 0 23 0 0 0 
0 45 0 43 11 22 56 16 57 47 9 59 11 38 19 3 58 20 30 14 17 48 10 49 31 
0 0 18 0 0 0 0 21 0 0 0 0 23 0 0 0 0 14 0 0 0 0 22 0 0 
0 0 0 0 16 0 0 0 0 28 0 0 0 0 19 0 0 0 0 18 0 0 0 0 19 
0 0 0 0 0 13 20 7 15 10 0 0 2 0 0 10 13 16 14 22 0 0 0 0 0 
9 0 0 0 0 31 0 0 0 0 40 25 27 28 27 35 0 0 0 0 15 0 1 0 0 
0 7 7 17 0 0 0 0 0 0 7 0 0 3 0 0 0 0 0 0 4 0 0 0 0 
19 12 15 17 18 8 13 9 12 7 0 0 4 0 0 0 0 0 0 0 0 0 4 0 0 
