52 45 69 70 60 72 19 45 33 37 106 79 77 78 81 83 39 79 49 59 121 83 99 76 104 
0 0 0 66 0 0 0 0 53 0 0 0 0 76 0 0 0 0 66 0 0 0 0 70 0 
0 2 0 2 0 13 20 6 15 9 0 0 0 0 0 12 12 16 15 21 0 0 0 0 0 
19 14 15 17 30 12 0 0 0 0 18 8 1 3 0 11 0 0 0 0 13 1 0 0 0 
7 40 0 0 0 2 43 0 0 0 0 41 0 0 0 0 34 0 0 1 0 30 0 0 0 
0 0 0 0 17 0 0 0 0 28 0 0 0 0 19 0 0 0 0 20 0 0 0 0 19 
0 17 0 32 5 18 35 12 52 32 0 35 8 26 13 0 33 0 17 10 13 32 5 31 14 
26 14 16 20 8 11 13 8 12 5 0 0 3 0 0 0 0 0 0 0 0 0 2 0 0 
0 0 18 0 0 0 0 21 0 0 0 0 25 0 0 0 0 16 0 0 0 0 22 0 0 
14 0 1 0 0 31 0 1 0 0 46 26 31 31 30 38 0 3 0 0 13 0 3 0 0 
