73 70 75 102 74 98 68 58 69 64 123 126 96 111 106 96 79 90 71 75 139 118 106 109 117 
10 0 1 0 0 29 1 1 4 3 34 21 23 14 18 27 0 0 0 0 15 0 3 1 0 
0 0 0 76 0 0 0 0 69 0 0 0 0 86 0 0 0 0 63 0 0 0 0 67 0 
0 24 0 0 0 0 28 0 0 0 0 22 0 0 0 0 24 0 0 0 0 20 0 0 0 
10 10 12 17 13 6 0 0 0 0 11 6 1 3 0 7 0 0 0 0 4 0 0 0 0 
0 0 20 0 0 0 0 21 0 0 0 0 25 0 0 0 0 14 0 0 0 0 22 0 0 
0 0 0 0 16 0 0 0 0 28 0 0 0 0 19 0 0 0 0 18 0 0 0 0 19 
0 0 0 0 0 12 18 6 12 9 0 0 0 0 0 14 9 10 13 18 0 0 0 0 0 
12 9 0 0 12 5 7 0 0 0 2 14 0 0 0 0 6 0 0 0 2 8 0 0 1 
13 19 11 12 5 9 8 7 11 7 0 0 0 0 0 0 0 0 0 0 0 0 0 0 0 
