59 25 65 69 55 65 8 46 28 17 101 70 77 77 77 79 23 63 34 53 120 57 97 63 76 
0 0 0 81 0 0 0 0 64 0 0 1 0 89 0 0 0 0 82 0 0 0 0 77 0 
23 8 7 0 27 11 0 0 0 0 9 13 0 3 0 0 0 0 0 0 6 0 0 0 0 
0 33 0 0 0 0 40 0 0 0 0 32 0 0 0 0 32 0 0 0 0 32 0 0 0 
0 34 6 23 9 32 49 12 47 43 2 42 11 18 22 12 49 21 18 15 19 45 8 37 33 
21 16 15 18 12 12 13 8 12 7 0 0 3 0 0 0 0 1 0 5 0 0 3 0 0 
0 0 19 0 0 0 0 21 0 0 0 0 25 0 0 0 0 14 0 0 0 0 22 0 0 
0 0 0 0 16 0 0 0 0 28 0 0 0 0 19 0 0 0 0 18 0 0 0 0 19 
0 9 7 16 0 0 0 0 0 0 7 0 0 0 0 6 0 0 0 0 0 0 0 0 0 
0 0 0 0 0 12 20 5 14 10 0 0 0 0 0 14 14 15 13 20 0 0 0 0 0 
15 1 0 0 1 27 0 1 0 0 51 31 29 27 25 33 0 0 0 0 15 0 1 0 0 
0 6 0 0 0 0 0 0 0 6 0 0 0 0 0 0 0 0 0 0 0 12 0 0 9 
