68 48 72 72 64 66 11 43 28 32 99 71 74 69 67 78 23 65 38 53 120 83 93 69 101 
0 0 0 69 0 0 0 0 53 0 0 0 0 75 0 0 0 0 69 0 0 0 0 64 0 
27 21 17 0 27 13 0 0 0 0 17 17 0 2 0 11 0 0 0 0 8 0 0 0 0 
0 26 0 0 0 0 33 0 0 0 0 27 0 0 0 0 24 0 0 0 0 21 0 0 0 
0 0 0 0 15 0 0 0 0 28 0 0 0 0 19 0 0 0 0 18 0 0 0 0 19 
0 28 1 37 8 24 54 14 56 34 0 40 9 38 25 8 58 15 24 18 10 41 11 42 15 
13 7 10 12 6 7 12 8 12 7 0 0 2 0 0 0 0 1 0 0 0 0 1 0 0 
0 0 18 0 0 0 0 21 0 0 0 0 25 0 0 0 0 14 0 0 0 0 22 0 0 
10 0 1 0 0 36 0 1 0 0 54 34 35 30 32 37 0 3 0 0 22 1 4 0 2 
0 1 0 17 0 0 0 0 0 0 0 0 0 0 0 0 0 0 0 0 0 0 0 0 0 
0 1 0 0 0 13 20 6 16 10 0 0 0 0 0 10 13 16 16 22 0 0 0 2 0 
