59 43 72 62 52 71 16 43 34 31 111 84 79 76 78 82 37 70 41 57 128 71 95 70 92 
0 0 0 73 0 0 0 0 54 0 0 0 0 81 0 0 0 0 70 0 0 0 0 69 0 
0 0 0 0 0 12 20 7 14 10 0 0 0 0 0 12 13 18 13 19 0 0 0 0 0 
26 18 15 21 28 11 0 0 0 0 19 18 0 7 0 12 0 0 0 0 8 0 0 0 0 
0 42 0 0 0 2 42 0 0 0 0 34 0 1 0 0 29 0 0 0 0 31 0 0 1 
0 0 0 0 16 0 0 0 0 28 0 0 0 0 19 0 0 0 0 18 0 0 0 0 19 
0 20 0 31 13 23 39 13 51 34 0 28 10 31 22 5 39 10 23 16 11 44 9 38 25 
10 0 0 0 0 31 0 1 0 1 40 25 28 18 24 33 0 1 0 0 13 0 3 0 0 
23 9 14 20 11 9 13 8 12 7 0 0 3 0 0 0 0 1 0 1 0 0 2 0 0 
0 0 18 0 0 0 0 21 0 0 0 0 25 0 0 0 0 14 0 0 0 0 22 0 0 
