70 28 70 67 55 61 9 41 34 23 112 72 78 74 78 82 21 61 36 57 132 75 94 63 97 
0 0 0 71 0 0 0 0 59 0 1 0 0 75 0 0 0 0 70 0 0 0 0 70 0 
24 19 8 0 28 13 0 0 0 0 19 24 3 1 0 16 0 0 0 0 11 0 0 0 0 
0 27 0 0 0 0 33 0 0 0 0 21 0 0 0 0 24 0 0 0 0 23 0 0 0 
0 0 0 0 18 1 0 0 0 32 0 0 0 0 19 0 0 0 0 18 0 0 0 0 19 
0 41 2 35 11 34 54 16 44 39 1 48 6 35 24 8 60 22 26 15 6 48 13 44 20 
20 14 14 17 8 12 14 8 12 8 0 0 3 0 0 0 0 0 0 0 0 0 2 0 0 
0 0 18 0 0 0 0 21 0 0 0 0 25 0 0 0 0 14 0 0 0 0 22 0 0 
4 0 0 0 0 26 0 0 0 0 37 24 30 27 22 25 0 1 0 0 11 0 0 0 1 
0 3 7 17 0 0 0 0 0 0 0 0 0 2 0 0 0 0 0 0 0 0 0 0 0 
0 0 0 0 0 12 20 7 16 9 0 0 0 0 0 13 13 16 15 21 0 0 0 0 0 
