64 78 70 85 67 97 54 56 58 62 108 121 89 94 102 88 61 83 62 76 135 119 104 109 118 
9 0 0 0 0 30 0 1 1 3 46 27 28 26 22 36 0 0 0 0 17 0 2 2 0 
0 0 0 64 0 0 0 0 53 0 0 0 0 73 0 0 0 0 67 0 0 0 0 65 0 
0 28 0 0 0 0 36 0 0 0 0 29 0 0 0 0 30 0 0 0 0 27 0 1 0 
0 0 18 0 0 0 0 21 0 0 0 0 25 0 0 0 0 14 0 0 0 0 22 0 0 
0 0 0 0 17 0 0 0 0 28 0 0 0 0 19 0 0 0 0 18 0 0 0 0 19 
0 0 0 0 0 12 19 7 14 10 0 0 0 0 0 11 13 16 14 17 0 0 0 0 0 
21 9 15 16 9 8 14 8 14 7 0 0 3 0 0 0 0 1 0 0 0 0 3 0 0 
24 17 16 20 27 11 0 0 0 0 16 12 0 1 0 9 0 0 0 0 8 0 0 0 0 
0 0 0 22 0 1 7 0 25 1 0 0 0 20 0 0 14 0 4 0 0 0 0 0 0 
