62 40 62 63 56 73 9 42 32 26 107 70 80 84 80 80 31 63 40 55 114 77 94 69 98 
0 0 0 66 0 0 0 0 55 0 0 0 0 77 0 0 0 0 66 0 0 0 0 67 0 
24 15 16 0 29 11 1 0 0 0 19 13 1 0 0 13 0 0 0 0 9 0 0 0 0 
0 32 0 0 0 0 38 0 0 0 0 38 0 0 0 0 33 0 0 0 0 30 0 0 0 
5 30 4 30 12 19 43 13 42 35 4 45 3 19 22 3 42 16 27 16 10 37 8 40 19 
16 11 19 19 7 9 17 9 14 9 0 0 4 0 0 0 0 1 0 0 0 0 3 0 0 
0 0 18 0 0 0 0 21 0 0 0 0 25 0 0 0 0 14 0 0 0 0 22 0 0 
9 0 0 0 0 28 2 1 3 3 40 23 27 23 22 30 0 0 0 0 14 0 3 1 0 
0 0 0 0 16 0 0 0 0 28 0 0 0 0 19 0 0 0 0 20 0 0 0 0 20 
0 4 0 16 0 0 0 0 0 0 0 0 0 2 0 0 0 0 0 0 0 0 0 0 0 
0 0 0 1 0 12 20 7 12 10 0 0 0 0 0 14 11 18 14 20 0 0 0 0 0 
0 0 0 12 0 6 0 0 7 0 0 0 5 9 0 4 1 2 0 0 0 0 0 0 0 
2 0 0 0 0 1 0 0 0 0 0 0 0 0 0 0 0 0 0 0 13 2 1 0 0 
