67 35 51 43 41 70 9 42 19 20 105 62 80 80 69 77 40 69 44 59 122 85 90 70 95 
0 0 0 70 0 0 0 0 57 0 0 0 0 77 0 0 0 0 67 0 0 0 0 69 0 
26 12 6 3 30 11 0 0 0 0 18 20 2 0 0 14 0 0 0 0 11 0 0 0 0 
0 29 2 0 0 0 36 0 0 0 0 35 0 1 0 0 30 0 0 0 0 26 0 0 0 
0 34 8 41 10 26 52 14 56 43 1 47 9 28 29 7 33 13 21 10 12 35 12 38 21 
14 13 16 17 9 8 13 8 12 6 0 0 3 0 0 0 0 0 0 0 0 0 3 0 0 
0 0 18 0 0 0 0 21 0 0 0 0 25 0 0 0 0 14 0 0 0 0 22 0 0 
0 0 0 0 24 0 0 0 0 31 0 0 0 0 23 0 1 0 0 21 0 0 0 0 21 
0 9 9 17 0 3 0 0 0 0 4 0 0 4 0 0 0 0 0 0 0 0 0 0 0 
0 0 0 0 0 12 20 7 14 10 0 0 0 0 4 14 14 17 15 21 0 0 0 0 0 
11 0 1 0 0 29 0 1 1 0 42 25 26 24 18 32 0 1 0 0 15 0 4 0 0 
0 0 8 16 6 0 0 0 6 1 0 0 0 0 0 0 0 0 0 0 0 0 0 0 0 
