58 27 73 68 57 58 7 38 25 20 111 67 78 81 75 88 24 60 33 55 118 53 91 70 75 
0 0 0 76 0 0 0 1 63 0 0 0 0 85 0 0 0 0 71 0 0 0 0 69 0 
24 5 8 0 28 9 0 0 0 0 6 17 0 3 0 0 0 0 0 0 9 0 0 0 0 
0 37 0 0 0 0 42 0 0 0 0 35 0 0 0 0 33 0 0 0 0 30 0 0 0 
0 33 0 31 9 37 48 19 53 41 0 42 9 24 24 4 48 21 28 17 17 49 12 38 33 
23 15 13 16 10 11 13 8 12 7 0 0 3 0 0 0 0 2 0 0 0 0 3 0 0 
0 0 18 0 0 0 0 21 0 0 0 0 25 0 0 0 0 14 0 0 0 0 22 0 0 
0 0 0 0 16 0 0 0 0 28 0 0 0 0 18 0 0 0 0 18 0 0 0 0 19 
0 11 7 16 0 0 0 0 0 0 8 0 0 0 0 4 0 0 0 0 0 0 0 0 0 
0 0 0 0 0 13 20 6 12 10 0 0 0 0 0 13 13 17 14 21 0 0 0 0 0 
13 0 0 0 0 31 0 0 0 0 45 28 30 21 26 35 0 0 0 0 16 0 3 0 0 
0 4 0 0 0 0 0 0 0 5 0 0 0 0 0 0 0 0 1 0 0 14 0 0 10 
