4937 4975 4476 5035 4260 5672 5824 5439 5919 5021 5501 5610 5104 5636 4912 4753 4914 4461 5015 4109 5341 5480 5040 5394 4545 
865 584 731 740 1274 392 108 242 202 697 526 279 429 348 906 563 241 385 377 942 2562 2309 2403 2437 2935 
473 505 535 509 652 0 0 6 0 110 154 135 173 176 251 23 23 43 32 148 0 0 11 0 141 
0 2200 0 0 0 0 2271 0 0 0 0 2117 0 0 0 0 2151 0 0 0 0 2087 0 0 0 
45 11 34 1076 46 13 0 19 1052 31 664 532 638 1584 618 142 123 113 1159 171 45 9 33 1018 44 
14 119 13 3 9 18 135 25 17 25 11 118 8 0 2 1104 1268 1124 1098 1054 319 465 290 281 305 
1423 12 0 6 0 1439 6 12 17 10 1465 36 41 42 34 1413 5 0 6 0 1421 4 0 6 0 
0 0 1991 28 33 0 0 2003 18 27 0 0 1891 9 26 0 0 1983 17 21 0 0 1911 15 27 
0 0 0 22 24 1724 1644 1688 1672 1725 0 0 0 24 32 0 0 0 22 33 0 0 0 20 33 
17 406 0 661 0 138 505 100 802 100 34 410 22 735 39 106 499 87 768 87 20 370 0 666 0 
372 25 221 0 0 402 15 200 0 0 440 18 246 11 13 377 25 231 4 1 545 166 355 137 143 
0 2 32 0 1206 1 6 33 0 1192 0 0 54 0 1202 0 2 48 1 1250 2 7 38 1 1176 
0 0 0 286 0 95 99 83 374 117 83 91 65 412 66 0 0 0 313 0 269 260 262 598 279 
499 404 748 847 461 146 57 453 495 134 309 235 651 665 295 79 18 400 412 108 181 133 503 574 192 
585 586 605 638 586 0 0 0 0 0 0 0 0 0 0 0 0 0 0 0 0 0 0 0 0 
0 473 0 0 229 0 457 0 0 243 122 693 184 159 428 0 485 0 0 228 15 527 19 23 300 
0 0 0 0 0 0 0 0 0 0 1239 1262 1200 1288 1295 0 0 0 0 0 0 0 0 0 0 
69 37 897 350 43 518 427 1223 718 455 5 47 756 227 3 634 609 1422 836 564 150 148 908 401 115 
118 0 374 107 0 120 0 350 107 0 361 285 597 359 256 145 16 364 126 12 110 0 388 94 0 
218 57 172 230 628 670 565 691 677 1146 535 432 558 636 960 245 123 217 228 654 203 105 263 286 640 
20 0 0 0 0 77 19 35 21 31 28 0 0 0 0 1103 1083 1116 1096 1019 22 0 0 0 0 
413 41 33 384 37 350 0 0 368 0 352 1 0 345 0 420 46 35 403 36 411 27 36 407 45 
279 716 791 278 409 56 498 547 69 157 2 420 496 4 98 138 561 629 153 256 43 392 540 37 95 
0 0 180 1 0 534 490 725 562 570 0 0 187 2 0 9 10 199 10 12 119 102 280 101 116 
0 197 201 278 0 0 222 213 278 1 35 222 256 344 35 0 204 210 272 0 0 211 223 290 2 
0 0 17 1429 0 7 8 29 1403 3 0 0 17 1435 0 4 6 29 1517 6 0 0 21 1441 0 
585 355 817 528 1049 366 111 548 269 810 582 335 790 509 945 1055 824 1290 976 1494 469 250 665 418 996 
12 114 3 26 5 0 84 0 21 0 0 101 0 20 0 7 109 4 25 3 1029 1134 1061 1049 1015 
619 448 29 129 20 1106 938 446 606 430 814 626 119 196 96 817 558 139 240 133 620 436 36 115 32 
1327 1948 1177 1125 1216 404 942 225 153 201 639 1291 504 395 490 340 783 149 73 181 405 848 190 145 180 
