4851 4888 4432 4884 4083 5631 5639 5265 5713 4807 5428 5458 4890 5454 4661 4636 4734 4315 4812 3874 5181 5194 4827 5147 4247 
842 487 637 641 1163 471 116 326 175 823 687 358 560 407 1035 742 348 529 426 1101 2519 2155 2338 2349 2855 
328 346 364 307 495 0 0 6 0 110 151 136 161 133 238 21 25 42 20 142 0 0 10 0 127 
0 2195 0 0 0 0 2277 0 0 0 0 2129 0 0 0 0 2186 0 0 0 0 2093 0 0 0 
33 15 36 1059 46 12 0 21 982 30 583 484 554 1490 561 135 121 111 1116 175 32 7 24 963 47 
31 170 28 6 12 31 174 24 30 19 12 125 8 0 1 1128 1268 1143 1109 1077 313 477 280 277 300 
1333 13 0 11 0 1317 20 18 31 20 1364 24 23 25 19 1340 10 0 12 0 1335 5 0 16 0 
0 0 2084 44 35 0 0 2058 35 27 0 0 1933 30 25 0 0 2081 20 23 0 0 1991 27 27 
0 0 0 20 12 1780 1692 1747 1766 1765 0 0 0 27 13 0 0 0 23 11 0 0 0 21 19 
21 431 0 762 0 109 505 66 889 63 52 440 47 806 51 133 524 82 873 82 43 404 0 753 0 
361 23 218 0 0 403 12 196 0 0 437 25 250 14 27 385 21 230 8 3 531 171 348 146 152 
0 4 39 1 1259 4 15 49 9 1255 0 0 51 2 1264 0 4 48 2 1321 8 13 56 9 1238 
0 3 0 284 0 101 106 88 382 117 83 94 75 417 77 0 0 0 313 0 272 273 263 597 281 
579 465 777 928 600 172 84 436 524 199 329 212 625 672 358 114 27 358 429 141 249 170 523 587 288 
585 586 605 638 586 0 0 0 0 0 0 0 0 0 0 0 0 0 0 0 0 0 0 0 0 
0 489 0 0 173 0 500 0 0 178 254 865 289 282 444 0 516 0 0 182 18 548 32 28 234 
0 0 0 0 0 0 0 0 0 0 1122 1155 1114 1143 1189 0 0 0 0 0 0 0 0 0 0 
116 77 883 328 90 512 392 1159 649 442 21 48 682 205 13 644 604 1431 774 611 234 202 911 447 161 
141 0 409 134 0 126 0 404 133 0 404 301 691 418 290 154 16 407 174 12 112 0 419 140 0 
225 60 163 235 622 769 679 766 797 1235 600 464 602 686 967 213 105 152 203 627 210 148 238 297 662 
7 0 0 0 0 43 26 33 20 40 4 0 0 0 0 1110 1126 1172 1133 1069 5 0 0 0 0 
432 54 33 387 37 380 1 0 383 0 364 1 0 350 0 412 6 12 389 4 416 19 26 395 30 
302 772 789 304 438 70 573 554 71 192 14 523 521 24 169 181 627 612 196 302 111 569 621 101 258 
0 0 196 0 0 506 455 721 514 537 0 0 220 0 0 9 12 217 5 11 93 73 285 86 96 
0 221 221 371 1 0 243 230 342 1 35 240 273 424 36 0 217 222 366 2 0 219 238 361 3 
0 0 5 1317 0 7 8 17 1293 3 0 0 11 1331 0 4 6 17 1399 6 0 0 9 1333 0 
440 250 696 440 939 338 135 564 317 833 533 328 816 554 981 987 786 1257 1001 1471 400 225 650 412 925 
8 113 4 25 4 0 93 0 19 0 0 127 0 20 0 7 127 5 28 3 978 1095 999 969 956 
618 383 12 132 12 1064 805 392 508 353 786 536 106 194 88 770 499 91 196 100 616 389 32 121 30 
1289 1794 1094 1001 1128 386 881 195 120 187 625 1223 483 383 484 335 771 144 66 162 423 836 202 116 192 
348 376 352 457 452 16 0 0 118 0 13 0 1 70 11 17 0 0 86 10 202 185 154 256 228 
