5895 5489 5196 5724 5192 7089 6669 6443 6894 6237 6763 6399 6067 6607 6035 6230 5948 5622 6116 5448 6401 6067 5803 6234 5576 
774 544 648 666 1164 306 117 250 149 658 486 307 389 300 848 675 435 522 479 1061 3139 2795 2918 2947 3472 
1771 2505 1670 1620 1865 293 938 174 158 311 682 1384 628 538 700 273 825 181 114 280 252 870 163 122 253 
0 2213 0 0 0 0 2259 0 0 0 0 2149 0 0 0 0 2189 0 0 0 0 2094 0 0 0 
40 15 33 1109 49 13 0 20 1091 30 641 529 605 1574 597 161 143 125 1233 195 33 7 21 1024 45 
10 152 14 1 8 23 199 20 22 14 9 152 6 0 1 1115 1274 1096 1097 1059 302 506 276 280 319 
1485 9 0 3 0 1481 0 3 8 0 1501 52 48 67 47 1476 4 0 5 0 1491 4 0 6 0 
0 0 2080 21 34 0 0 2064 18 30 0 0 1954 11 24 0 0 2098 14 21 0 0 2007 18 27 
0 0 0 25 18 1862 1813 1866 1869 1896 0 0 0 31 20 0 0 5 28 20 0 0 0 22 25 
5 391 0 715 0 99 491 67 854 72 36 418 28 761 34 60 459 27 760 18 18 365 0 715 0 
342 19 193 0 0 366 12 176 0 0 401 11 215 5 3 344 13 198 1 0 509 155 312 130 134 
0 9 33 0 1321 1 8 37 2 1257 0 5 51 0 1272 0 7 57 1 1424 4 10 37 1 1254 
0 14 0 288 0 115 123 104 385 129 94 104 88 422 85 0 15 0 318 0 278 277 270 606 285 
685 519 1007 984 767 222 58 557 486 290 343 155 687 639 427 200 64 540 481 284 250 156 617 632 388 
585 586 605 638 586 0 0 0 0 0 0 0 0 0 0 0 0 0 0 0 0 0 0 0 0 
0 473 0 0 236 0 498 0 0 269 310 903 336 372 582 0 498 0 0 225 15 613 27 34 346 
114 0 0 0 0 292 158 150 166 152 191 20 18 20 15 228 47 46 52 41 130 0 0 0 0 
0 0 0 0 0 0 0 0 0 0 1089 1112 1067 1111 1153 0 0 0 0 0 0 0 0 0 0 
38 25 820 211 11 380 276 1084 520 372 4 19 710 152 2 600 514 1368 673 539 55 64 853 189 35 
100 0 433 114 0 98 0 411 97 0 368 318 692 369 294 110 16 435 120 13 78 0 460 92 0 
184 50 67 124 364 563 458 487 505 765 413 292 350 404 591 118 16 47 84 318 137 37 92 115 340 
55 0 0 0 0 86 9 12 11 22 64 0 0 0 0 1121 1083 1111 1096 1019 52 0 0 0 0 
501 127 36 435 39 483 126 17 455 24 466 132 0 384 0 552 134 42 480 44 525 133 44 457 48 
0 15 0 0 0 0 13 0 0 0 0 12 0 0 0 0 15 0 0 0 513 503 519 508 466 
306 841 850 308 532 100 605 611 87 309 13 583 596 10 240 206 746 745 241 499 36 531 588 31 250 
0 0 144 0 0 369 344 523 362 395 0 0 146 0 0 4 6 157 0 6 83 65 205 69 90 
0 219 241 293 1 0 249 242 289 1 27 240 296 342 32 0 229 237 283 2 0 218 250 278 3 
0 0 7 1437 0 7 8 17 1392 3 0 0 9 1442 0 4 6 19 1503 6 0 0 14 1444 0 
