5094 5047 4708 5234 4388 5853 5908 5559 6141 5123 5634 5618 5210 5804 5016 4823 4932 4569 5136 4207 5417 5438 5189 5527 4617 
769 519 690 631 1170 322 95 271 143 737 432 210 412 214 829 613 326 481 409 987 2592 2306 2408 2441 3003 
475 520 497 500 663 0 0 6 0 120 149 132 158 163 253 3 6 27 11 131 0 1 10 0 159 
0 2172 0 0 0 0 2235 0 0 0 0 2089 0 0 0 0 2156 0 0 0 0 2055 0 0 0 
34 15 31 1079 29 13 0 23 1039 14 648 539 635 1609 613 148 120 110 1167 164 32 8 21 1041 19 
4 128 13 0 4 6 181 14 8 8 7 111 4 0 1 1076 1242 1054 1077 1025 300 477 262 273 298 
1385 6 0 4 0 1397 4 6 8 10 1412 32 29 38 24 1404 1 0 3 0 1410 4 0 3 0 
0 0 1971 20 33 0 0 1972 16 27 0 0 1878 14 24 0 0 1981 10 22 0 0 1911 9 27 
0 0 0 9 25 1777 1679 1729 1716 1756 0 0 0 17 30 0 0 0 10 31 0 0 0 9 34 
5 404 0 669 0 134 496 109 845 124 44 421 31 745 41 140 499 126 800 120 18 353 0 666 0 
377 20 225 0 0 419 13 198 0 0 448 14 248 10 11 382 17 240 4 1 564 177 370 146 147 
0 4 28 1 1227 4 16 49 10 1244 0 8 48 2 1207 0 2 37 2 1257 11 18 45 9 1215 
0 14 0 288 0 115 123 104 385 129 94 104 88 422 85 0 15 0 318 0 278 277 270 606 285 
582 464 876 946 562 157 55 494 513 106 348 231 684 643 318 127 32 409 418 84 182 128 556 544 166 
585 586 605 638 586 0 0 0 0 0 0 0 0 0 0 0 0 0 0 0 0 0 0 0 0 
0 443 0 0 199 0 468 0 0 237 233 786 272 278 497 0 487 0 0 223 17 510 22 26 270 
0 0 0 0 0 0 0 0 0 0 1153 1197 1133 1178 1216 0 0 0 0 0 0 0 0 0 0 
95 63 946 325 47 536 418 1264 747 476 14 34 783 214 10 662 600 1504 845 600 184 137 1025 408 123 
124 0 396 102 0 130 0 376 103 0 380 287 626 367 263 153 16 391 124 13 119 0 407 94 0 
219 74 162 222 641 691 600 677 672 1197 550 504 569 656 997 231 137 202 220 658 202 150 239 288 663 
18 0 0 0 0 46 10 24 12 25 19 0 0 0 0 1110 1099 1129 1106 1035 16 0 0 0 0 
417 76 33 389 37 371 46 0 391 0 373 34 0 353 0 422 73 40 408 43 414 65 41 410 48 
272 699 701 280 375 61 490 497 68 144 1 385 425 1 90 118 506 538 133 194 33 410 475 46 130 
0 0 149 0 0 436 382 609 417 429 0 0 164 0 0 0 0 164 0 0 96 72 221 74 90 
0 198 202 341 1 0 222 214 323 1 35 222 256 405 36 0 204 212 342 2 0 211 224 346 3 
0 0 17 1415 0 7 8 33 1360 4 0 0 15 1399 0 4 6 31 1469 6 0 0 26 1415 0 
426 258 610 339 898 281 98 419 169 712 501 320 700 421 864 945 762 1152 849 1430 392 229 546 338 891 
7 101 2 27 11 0 70 0 19 0 0 98 0 18 0 7 118 4 27 3 1005 1095 1017 998 990 
618 388 12 109 11 1085 824 458 560 423 762 521 103 155 69 788 497 129 227 117 604 400 16 99 6 
1384 2016 1203 1148 1280 407 990 230 155 190 664 1399 515 435 508 321 833 148 64 169 415 949 175 138 172 
