5476 5380 4715 5319 4410 6668 6501 5950 6494 5439 6136 6098 5370 5993 5125 5338 5370 4688 5270 4283 5941 5862 5326 5775 4726 
787 628 683 730 1199 279 177 257 180 659 394 282 367 304 778 552 329 435 426 925 3032 2807 2834 2926 3454 
1666 2381 1632 1528 1825 271 900 196 136 334 701 1361 663 537 763 279 796 197 106 334 314 835 170 133 325 
0 2217 0 0 0 0 2288 0 0 0 0 2155 0 0 0 0 2221 0 0 0 0 2086 0 0 0 
36 14 32 1056 48 10 0 22 1007 29 629 529 602 1563 582 154 134 128 1173 177 33 7 28 974 45 
14 155 13 2 9 37 174 21 29 33 13 158 6 0 2 1086 1205 1078 1064 1005 298 507 278 274 311 
1481 13 0 6 0 1472 6 1 9 0 1509 34 24 24 24 1496 7 0 9 0 1501 4 0 7 0 
0 0 2065 6 35 0 0 2023 7 27 0 0 1932 5 24 0 0 2059 8 23 0 0 1973 5 28 
0 0 0 23 17 1879 1793 1826 1864 1874 0 0 0 27 16 0 0 0 23 18 0 0 0 20 26 
25 387 0 711 0 110 487 90 861 74 68 423 48 780 38 102 463 38 790 41 43 361 0 724 0 
342 19 201 0 0 373 12 179 0 0 403 13 220 6 10 353 13 206 2 1 511 159 325 133 140 
0 4 31 1 1246 2 12 44 6 1210 0 0 53 0 1239 0 2 46 5 1321 8 13 42 6 1208 
0 14 0 288 0 115 123 104 385 129 94 104 88 422 85 0 15 0 318 0 278 277 270 606 285 
530 414 831 863 524 164 68 503 507 172 362 233 677 645 315 118 26 442 388 128 191 147 573 554 228 
585 586 605 638 586 0 0 0 0 0 0 0 0 0 0 0 0 0 0 0 0 0 0 0 0 
0 453 0 0 235 0 452 0 0 276 297 896 335 349 579 0 484 0 0 221 17 559 19 33 276 
139 0 0 0 0 338 156 152 165 152 210 20 18 20 15 244 47 46 52 41 155 0 0 0 0 
0 0 0 0 0 0 0 0 0 0 1133 1134 1097 1139 1199 0 0 0 0 0 0 0 0 0 0 
48 26 812 208 18 423 339 1094 538 400 2 25 716 172 8 539 540 1303 661 537 117 83 850 232 64 
84 0 371 104 0 99 0 386 96 0 320 265 605 333 241 103 16 373 111 12 71 0 394 90 0 
251 72 136 207 587 723 546 693 688 1107 590 418 558 624 932 257 99 175 224 598 233 115 205 261 606 
56 0 0 0 0 89 11 22 12 28 67 0 0 0 0 1160 1114 1164 1127 1064 54 0 0 0 0 
530 131 35 442 40 494 125 16 457 24 470 124 0 394 0 571 135 42 484 46 528 139 41 467 48 
0 13 0 0 0 0 9 0 0 0 0 10 0 0 0 0 13 0 0 0 513 509 519 508 466 
327 849 779 315 488 73 612 513 65 219 13 572 497 7 183 220 732 677 238 414 33 555 554 37 207 
0 0 145 0 0 371 344 528 363 395 0 0 148 0 0 7 9 164 4 8 83 65 207 69 90 
0 216 257 313 1 0 250 254 303 1 35 234 297 344 36 0 236 262 310 2 0 220 269 294 3 
0 0 9 1480 0 7 8 22 1447 3 0 0 12 1468 0 5 6 24 1546 6 0 0 15 1487 0 
513 243 725 476 919 251 38 439 201 651 455 208 653 405 808 893 674 1131 840 1317 347 160 584 339 820 
