5091 4990 4606 5184 4344 5829 5825 5469 6055 5030 5619 5552 5149 5732 4957 4818 4881 4494 5088 4151 5485 5474 5076 5499 4601 
777 544 684 623 1187 318 99 258 171 728 460 234 381 257 867 603 296 464 401 987 2521 2198 2354 2405 2945 
465 489 505 499 658 0 0 7 0 120 147 131 155 156 244 5 15 33 17 136 0 0 11 0 152 
0 2161 0 0 0 0 2237 0 0 0 0 2083 0 0 0 0 2156 0 0 0 0 2050 0 0 0 
46 14 33 1076 28 12 0 26 1012 15 627 532 622 1577 600 138 124 106 1158 160 29 11 27 1009 25 
7 129 14 1 3 11 179 9 4 24 8 128 4 0 2 1064 1250 1051 1100 1043 294 489 286 279 300 
1441 7 0 4 0 1465 4 10 14 11 1477 37 36 35 28 1435 1 0 7 0 1445 3 0 3 0 
0 0 1949 16 33 0 0 1961 12 27 0 0 1881 4 23 0 0 1991 11 22 0 0 1895 10 27 
0 0 0 13 24 1784 1683 1732 1738 1755 0 0 0 16 31 0 0 0 6 32 0 0 0 12 32 
7 401 0 704 0 132 497 110 828 122 40 421 24 749 42 142 502 129 807 116 14 355 0 669 0 
391 18 222 0 0 425 12 199 0 0 452 23 248 10 13 392 12 235 3 2 552 179 366 139 148 
0 0 26 1 1223 3 9 41 14 1249 0 0 37 3 1200 0 1 36 3 1267 9 14 39 11 1220 
0 14 0 288 0 115 123 104 385 129 94 104 88 422 85 0 15 0 318 0 278 277 270 606 285 
565 479 895 960 529 170 59 519 515 121 332 229 683 663 314 91 25 432 415 88 189 127 567 563 190 
585 586 605 638 586 0 0 0 0 0 0 0 0 0 0 0 0 0 0 0 0 0 0 0 0 
0 475 0 0 246 0 505 0 0 262 195 790 255 227 510 0 520 0 0 237 15 562 27 24 312 
0 0 0 0 0 0 0 0 0 0 1196 1225 1174 1235 1254 0 0 0 0 0 0 0 0 0 0 
77 34 927 324 58 534 456 1259 740 481 10 43 793 235 11 651 608 1474 828 559 171 143 977 411 94 
119 0 383 111 0 122 0 361 113 0 369 283 602 368 262 148 16 355 119 12 112 0 392 101 0 
216 56 179 224 618 706 593 719 696 1196 541 458 554 661 945 246 116 218 244 658 214 128 251 307 672 
16 0 0 0 0 58 13 23 14 26 23 0 0 0 0 1118 1090 1123 1103 1029 14 0 0 0 0 
416 76 33 389 37 371 46 0 392 0 378 34 0 352 0 427 73 40 408 43 432 65 41 410 48 
293 757 822 296 400 63 524 574 68 160 1 455 531 2 88 172 584 647 159 274 53 464 603 52 122 
0 0 156 0 0 439 393 603 437 442 0 0 161 0 0 3 1 183 0 0 99 72 221 78 90 
0 204 208 281 1 0 224 213 264 1 36 230 258 347 36 0 208 212 277 2 0 218 230 291 3 
0 0 14 1458 0 7 9 27 1433 3 0 0 12 1473 0 4 7 28 1536 6 0 0 20 1476 0 
456 259 630 333 935 294 94 432 194 747 542 313 712 433 904 937 752 1158 846 1383 428 242 582 354 934 
12 121 3 30 6 0 77 0 20 0 0 105 0 22 0 11 118 4 26 4 994 1121 1031 1002 985 
536 378 10 120 11 962 798 444 540 394 687 524 102 167 73 728 501 125 231 126 541 366 21 103 7 
1374 2023 1173 1143 1260 428 972 235 161 193 667 1362 524 415 513 344 814 140 68 185 412 912 189 140 164 
