3909 4501 3867 3996 3147 4195 4850 4265 4248 3372 3963 4654 4042 4113 3245 3913 4580 4032 4182 3197 3890 4496 3967 3912 3035 
800 256 407 261 535 547 31 197 22 280 1135 483 728 499 787 713 101 275 118 347 1953 1385 1558 1509 1684 
381 364 415 357 567 0 0 7 1 126 156 126 174 139 278 20 22 48 21 153 0 0 14 0 148 
0 2185 0 0 0 0 2255 0 0 0 0 2098 0 0 0 0 2184 0 0 0 0 2085 0 0 0 
33 15 26 1091 47 14 0 14 1059 30 625 549 612 1588 622 155 131 106 1196 184 28 9 20 1004 43 
0 0 3 0 0 0 4 0 1 0 0 0 2 0 0 721 723 704 689 734 198 192 202 195 212 
1406 3 0 2 0 1419 16 19 22 21 1394 16 19 15 14 1413 1 0 2 0 1426 2 0 5 0 
0 0 1989 7 33 0 0 1994 5 27 0 0 1861 4 25 0 0 1971 5 22 0 0 1931 4 27 
0 0 0 5 19 1851 1748 1813 1768 1808 0 0 0 10 13 0 0 0 2 14 0 0 0 4 20 
6 395 0 719 0 94 447 85 851 95 34 396 35 786 53 134 480 123 840 117 8 359 0 721 0 
275 16 233 0 0 260 11 233 0 0 279 11 238 6 3 266 10 245 0 0 287 27 235 10 13 
0 2 29 2 1259 1 10 44 5 1279 0 0 46 0 1263 0 3 39 1 1294 8 8 46 5 1253 
0 4 0 287 0 82 94 87 375 118 77 84 76 419 76 0 0 0 316 0 267 269 269 603 285 
447 405 715 773 416 72 42 396 410 63 288 212 607 574 220 64 24 369 370 50 117 98 449 435 86 
585 586 605 638 586 0 0 0 0 0 0 0 0 0 0 0 0 0 0 0 0 0 0 0 0 
0 429 0 0 179 0 442 0 0 179 242 763 279 283 448 0 480 0 0 175 14 499 22 23 206 
0 0 0 0 0 0 0 0 0 0 1150 1159 1122 1164 1201 0 0 0 0 0 0 0 0 0 0 
145 31 1072 382 72 514 348 1426 721 399 90 30 913 273 15 606 513 1535 783 450 243 120 1152 417 118 
15 0 252 51 0 12 0 212 49 0 264 284 487 320 265 29 1 221 66 4 7 0 252 54 0 
284 101 304 118 552 704 548 727 522 944 669 576 726 594 919 263 123 260 99 510 259 140 315 160 602 
21 0 0 0 0 74 19 31 22 38 32 0 0 0 0 1122 1113 1141 1138 1052 20 0 0 0 0 
499 1 0 349 2 470 0 0 384 0 464 1 0 352 0 489 5 5 336 0 494 20 30 375 32 
318 828 892 318 495 77 593 654 96 261 42 547 618 41 240 177 648 722 174 366 159 625 750 138 331 
0 0 179 0 0 444 419 620 437 482 0 0 177 0 0 11 11 198 5 9 93 74 248 81 105 
0 261 245 463 1 0 285 235 423 1 41 279 307 529 46 0 246 241 427 3 0 247 261 442 3 
0 0 0 1332 0 7 8 13 1303 3 0 0 5 1326 0 4 6 9 1401 6 0 0 2 1338 0 
459 273 773 444 989 359 136 613 268 861 557 344 869 537 1036 964 768 1300 945 1454 477 233 701 401 997 
6 126 2 26 3 0 64 0 19 0 0 101 0 18 0 7 91 4 26 3 904 998 936 916 882 
588 449 26 179 10 1079 873 437 574 399 844 648 186 255 124 796 592 142 252 126 596 416 8 160 6 
1225 1768 1124 1002 1163 361 830 184 117 183 571 1168 460 352 478 312 729 152 56 190 383 819 199 126 186 
294 337 312 423 389 13 0 0 59 0 13 0 0 48 0 17 0 0 73 0 202 168 137 226 178 
247 240 237 219 563 64 94 112 46 400 3 15 62 1 349 316 362 392 327 759 1052 1134 1127 1087 1403 
917 332 349 1265 1148 1475 900 859 1957 1795 943 443 331 1315 1281 577 110 89 924 960 1130 689 591 1545 1440 
30 307 21 7 12 60 364 58 56 72 25 309 4 0 1 388 629 355 405 343 86 358 54 58 61 
