3941 4487 3853 4013 3031 4339 4922 4304 4334 3348 3948 4600 3966 4054 3115 3955 4516 3994 4093 3055 3904 4436 3964 3876 2968 
803 255 407 260 565 580 42 182 31 316 1147 491 737 512 803 712 149 311 186 418 1970 1401 1530 1491 1679 
378 352 406 327 527 0 0 12 0 134 155 126 176 133 272 25 22 48 21 157 0 0 12 0 143 
0 2182 0 0 0 0 2243 0 0 0 0 2078 0 0 0 0 2157 0 0 0 0 2094 0 0 0 
38 14 34 1071 32 15 0 24 1030 14 696 610 650 1619 625 185 133 114 1177 175 30 8 29 1034 17 
0 0 3 0 0 0 5 0 1 0 0 0 2 0 0 720 733 706 680 721 204 191 216 198 210 
1382 6 0 4 0 1425 14 18 22 21 1421 19 21 21 17 1400 1 0 4 0 1441 3 0 4 0 
0 0 2066 18 34 0 0 2060 14 27 0 0 1939 9 23 0 0 2084 11 21 0 0 1995 8 27 
0 0 0 6 19 1869 1762 1832 1789 1841 0 0 0 8 20 0 0 0 4 16 0 0 0 8 24 
8 385 0 713 0 118 469 103 861 101 46 398 67 817 98 132 482 123 845 115 12 351 0 728 0 
287 16 234 0 0 272 11 231 0 0 299 13 263 6 1 266 11 269 0 0 297 25 247 14 10 
0 2 32 0 1255 1 13 37 0 1251 0 0 55 0 1245 0 2 40 1 1305 8 5 42 3 1237 
0 3 0 288 0 88 98 84 366 124 80 88 83 419 84 0 0 0 314 0 271 269 270 606 285 
499 421 762 780 437 124 46 431 419 58 314 229 612 589 223 116 36 401 368 54 159 112 481 444 103 
585 586 605 638 586 0 0 0 0 0 0 0 0 0 0 0 0 0 0 0 0 0 0 0 0 
0 419 0 0 169 0 409 0 0 172 245 731 269 274 423 0 463 0 0 169 15 474 18 22 216 
0 0 0 0 0 0 0 0 0 0 1100 1131 1089 1129 1180 0 0 0 0 0 0 0 0 0 0 
110 47 994 381 55 477 360 1319 742 415 66 28 826 284 11 591 501 1458 798 503 237 155 1049 414 140 
26 0 255 49 0 21 0 214 49 0 272 285 484 319 266 46 10 216 66 10 7 0 254 53 0 
294 128 312 117 596 682 588 759 527 979 669 594 758 602 963 228 102 225 67 480 278 143 328 150 607 
23 0 0 0 0 59 10 21 17 28 29 0 0 0 0 1118 1115 1140 1122 1052 23 0 0 0 0 
485 0 0 355 1 465 2 0 381 0 465 1 0 349 0 485 4 6 359 0 498 19 26 385 35 
315 845 862 319 467 72 583 614 84 226 43 533 585 42 200 171 678 680 186 351 146 621 724 146 303 
0 0 179 0 0 444 418 620 437 482 0 0 177 0 0 7 9 186 6 9 87 75 237 78 107 
0 269 239 419 1 0 277 228 377 1 43 277 286 476 46 0 242 232 387 2 0 250 248 415 3 
0 0 0 1376 0 7 8 14 1341 3 0 0 6 1374 0 4 6 8 1442 6 0 0 3 1371 0 
435 245 741 453 998 384 135 651 308 893 570 339 923 570 1100 1009 805 1340 1019 1546 469 236 696 422 998 
11 114 3 26 5 0 71 0 22 0 0 106 0 19 1 7 102 4 25 3 942 1025 975 951 923 
587 433 37 141 19 1018 835 430 562 372 800 614 164 186 61 745 551 127 242 112 548 400 19 115 7 
1314 1929 1197 1149 1245 386 892 202 127 198 580 1265 471 386 511 313 790 142 70 179 380 882 197 129 202 
272 296 312 360 353 14 0 0 46 0 13 0 0 48 0 21 0 0 56 0 180 152 132 202 164 
243 234 229 228 562 67 98 117 58 422 3 17 62 5 356 321 369 382 313 743 1029 1114 1108 1055 1420 
817 253 294 1219 1213 1259 774 772 1822 1744 874 407 313 1311 1356 512 103 95 927 1011 1079 667 617 1578 1469 
37 294 21 6 17 62 346 56 53 66 23 316 2 0 2 388 594 347 390 309 87 362 59 54 59 
