3832 4438 3844 3972 3050 4189 4821 4294 4221 3275 3968 4665 4114 4150 3233 3879 4500 3983 4032 3055 3942 4566 4077 3963 3022 
750 229 379 274 489 513 32 182 16 283 1068 508 667 488 759 691 152 328 176 385 1790 1226 1375 1355 1508 
409 427 476 379 642 0 0 7 0 158 160 130 193 138 295 21 22 48 23 171 0 0 14 0 178 
0 2159 0 0 0 0 2229 0 0 0 0 2086 0 0 0 0 2159 0 0 0 0 2074 0 0 0 
42 13 27 1087 34 14 0 15 1040 17 687 550 617 1660 608 145 136 113 1219 169 39 7 18 1046 30 
0 0 3 0 0 0 4 0 1 0 0 0 2 0 0 695 698 677 661 685 201 193 195 200 220 
1405 10 0 3 0 1430 6 6 14 10 1462 30 36 37 25 1404 4 0 7 0 1425 3 0 9 0 
0 0 2045 38 34 0 0 2061 30 27 0 0 1933 26 24 0 0 2065 17 22 0 0 1984 20 27 
0 0 0 14 5 1869 1776 1807 1784 1804 0 0 0 20 9 0 0 0 21 4 0 0 0 14 14 
13 423 0 706 0 105 501 61 850 83 37 437 56 767 71 108 500 64 790 77 43 389 0 704 0 
242 16 218 0 0 237 12 200 0 0 228 11 217 4 1 204 9 217 0 0 248 31 212 10 10 
0 6 45 0 1300 2 6 55 1 1302 0 0 60 0 1298 0 3 56 1 1324 3 11 54 1 1261 
0 2 0 279 0 41 51 58 364 91 67 88 80 417 78 0 0 0 313 0 269 265 270 603 283 
395 348 676 623 343 67 28 402 364 54 271 197 605 505 200 34 7 396 316 25 97 70 441 359 68 
585 586 605 638 586 0 0 0 0 0 0 0 0 0 0 0 0 0 0 0 0 0 0 0 0 
0 386 0 0 159 0 384 0 0 166 235 687 256 261 404 0 418 0 0 158 14 448 18 22 197 
0 0 0 0 0 0 0 0 0 0 1095 1143 1080 1110 1176 0 0 0 0 0 0 0 0 0 0 
170 84 1002 409 92 542 384 1335 739 420 123 48 865 294 24 677 566 1581 847 569 217 163 1072 422 111 
56 0 266 7 0 49 0 230 0 0 272 265 466 240 234 97 15 236 23 12 51 0 269 2 0 
242 114 260 94 508 627 517 725 476 895 601 539 704 513 835 220 140 249 73 450 214 126 320 124 524 
38 0 0 0 0 83 20 35 22 42 48 0 0 0 0 1125 1116 1140 1122 1052 34 0 0 0 0 
485 0 0 345 1 472 3 0 376 0 467 0 0 351 0 505 2 6 362 1 509 23 28 387 38 
296 792 838 303 444 59 578 583 76 207 8 516 558 12 196 148 627 659 177 326 119 596 683 115 283 
0 0 179 0 0 444 419 620 437 482 0 0 177 0 0 7 9 193 4 8 90 73 250 76 97 
0 266 235 368 1 0 275 223 343 1 37 278 277 421 44 0 243 225 327 2 0 261 250 365 3 
0 0 1 1391 0 7 8 12 1352 3 0 0 8 1397 0 4 6 15 1469 6 0 0 11 1407 0 
512 298 778 523 1069 392 147 643 360 906 594 373 899 614 1098 1037 772 1283 1004 1527 489 238 715 458 1011 
17 127 9 33 9 0 83 0 19 0 0 115 1 19 2 10 102 4 25 3 1007 1086 1027 1004 982 
619 444 76 205 37 1200 962 588 688 491 890 625 245 299 137 792 539 128 254 96 543 363 22 157 6 
1288 1838 1172 1115 1275 372 884 165 140 253 624 1228 472 417 577 314 757 104 72 242 408 864 181 148 296 
382 417 417 553 510 18 6 1 133 40 12 6 2 102 53 21 8 9 132 37 211 185 148 295 223 
217 174 224 183 468 62 97 107 53 382 3 8 67 1 333 325 378 386 329 733 1061 1107 1136 1052 1398 
846 271 278 1167 1109 1383 829 844 1868 1764 919 409 317 1298 1285 587 106 108 952 998 1190 682 630 1585 1494 
49 347 24 7 22 71 369 76 53 80 25 354 12 0 3 427 692 405 431 385 87 420 76 51 72 
