5125 4978 4611 5186 4339 5846 5836 5482 6045 5010 5647 5599 5134 5730 4942 4797 4873 4483 5055 4131 5521 5465 5134 5498 4580 
797 562 698 664 1198 321 112 257 195 733 451 234 386 284 888 610 296 485 407 984 2511 2236 2352 2445 2989 
457 490 489 485 641 0 0 6 0 120 149 128 158 155 245 8 14 32 17 135 0 0 10 0 156 
0 2170 0 0 0 0 2237 0 0 0 0 2086 0 0 0 0 2158 0 0 0 0 2054 0 0 0 
42 15 29 1072 27 11 0 24 1020 18 631 528 620 1581 594 144 125 113 1144 161 33 11 26 1004 29 
7 132 11 1 3 8 186 12 7 25 9 123 5 0 1 1084 1230 1053 1079 1044 300 476 269 267 298 
1473 7 0 6 0 1468 8 9 8 8 1499 39 35 32 30 1436 2 0 6 0 1455 3 0 4 0 
0 0 1966 16 33 0 0 1962 12 27 0 0 1874 4 25 0 0 1970 9 21 0 0 1908 15 27 
0 0 0 18 23 1775 1680 1735 1723 1762 0 0 0 18 30 0 0 0 8 32 0 0 0 12 33 
7 404 0 700 0 130 505 110 829 118 49 426 25 756 50 133 499 129 811 115 12 347 0 678 0 
381 19 218 0 0 422 14 193 0 0 453 15 248 10 11 397 12 234 4 1 556 169 352 133 145 
0 0 26 1 1226 4 11 41 13 1242 0 0 41 4 1204 0 1 35 3 1260 7 15 40 15 1217 
0 14 0 288 0 115 123 104 385 129 94 104 88 422 85 0 15 0 318 0 278 277 270 606 285 
575 462 880 951 539 179 55 504 510 136 336 230 697 661 294 93 22 432 423 81 178 122 569 567 173 
585 586 605 638 586 0 0 0 0 0 0 0 0 0 0 0 0 0 0 0 0 0 0 0 0 
0 491 0 0 261 0 492 0 0 271 206 775 264 219 512 0 514 0 0 257 16 582 24 27 310 
0 0 0 0 0 0 0 0 0 0 1167 1243 1173 1238 1250 0 0 0 0 0 0 0 0 0 0 
79 43 933 335 55 554 452 1262 741 479 13 35 803 230 13 654 613 1456 833 572 182 153 986 432 118 
118 0 365 107 0 120 0 362 107 0 360 277 600 365 255 145 16 365 122 12 110 0 376 96 0 
222 62 175 224 623 718 597 702 708 1201 556 449 541 652 941 249 122 217 248 650 222 120 245 305 663 
19 0 0 0 0 57 12 24 13 30 19 0 0 0 0 1118 1092 1124 1103 1028 16 0 0 0 0 
406 76 33 387 37 376 46 0 391 0 370 34 0 354 0 420 73 40 408 43 427 65 41 410 48 
289 743 817 290 406 65 530 577 71 164 1 470 523 2 94 161 581 656 169 255 53 479 614 51 142 
0 0 160 0 0 430 391 612 433 441 0 0 161 0 0 2 2 181 0 0 94 74 223 79 90 
0 203 204 274 1 0 222 214 262 1 36 225 256 342 36 0 204 211 273 2 0 213 225 269 3 
0 0 13 1457 0 7 10 26 1434 3 0 0 14 1455 0 4 6 28 1533 6 0 0 19 1486 0 
423 267 642 327 921 279 90 439 198 729 513 310 716 443 921 928 762 1159 862 1406 419 221 579 334 906 
8 117 2 31 5 0 72 0 19 0 0 101 0 21 0 7 113 5 25 4 980 1099 1008 985 969 
514 390 12 125 11 953 792 434 534 393 680 516 101 166 78 740 495 123 234 126 532 382 19 103 6 
1363 1984 1188 1133 1252 410 958 244 162 196 662 1349 523 417 503 347 846 147 85 196 399 907 187 133 169 
