3847 4339 3768 3753 2896 4108 4707 4168 3948 3091 4036 4576 3999 3977 3058 3821 4352 3852 3804 2888 3880 4391 3954 3766 2828 
672 236 423 315 579 502 42 224 63 348 1082 537 779 604 901 651 156 367 242 468 1808 1304 1414 1487 1635 
367 366 399 323 526 0 0 6 0 121 153 131 170 136 269 21 24 41 20 150 0 0 12 0 134 
0 2168 0 0 0 0 2240 0 0 0 0 2094 0 0 0 0 2167 0 0 0 0 2088 0 0 0 
45 12 38 1108 47 13 0 35 1082 33 631 535 617 1585 585 146 124 127 1166 173 26 8 30 1013 44 
0 0 4 0 0 0 4 0 1 0 0 0 2 0 0 783 773 751 766 761 233 232 233 245 277 
1431 7 0 3 0 1461 16 18 25 20 1458 21 20 19 15 1446 1 0 7 0 1448 4 0 3 0 
0 0 2072 25 36 0 0 2095 28 29 0 0 1959 15 25 0 0 2117 14 23 0 0 2014 14 29 
0 0 0 22 18 1756 1666 1706 1655 1724 0 0 0 23 27 0 0 0 23 22 0 0 0 19 27 
31 483 0 716 0 170 563 109 876 127 94 534 65 837 99 168 595 83 883 102 39 419 0 690 0 
294 18 248 0 0 272 13 224 0 0 312 11 254 6 1 251 9 246 0 0 292 28 254 10 11 
0 5 42 0 1288 1 5 45 0 1290 0 0 59 0 1286 0 4 54 1 1331 4 8 52 1 1276 
0 3 0 288 0 85 92 84 376 117 75 82 81 417 80 0 0 0 315 0 266 270 267 603 285 
441 354 703 674 350 78 18 389 374 57 321 237 637 553 229 66 31 400 345 60 159 126 505 428 115 
625 604 648 671 623 0 0 0 0 0 0 0 0 0 0 0 0 0 0 0 0 0 0 0 0 
0 385 0 0 159 0 379 0 0 162 237 694 258 265 404 0 424 0 0 161 14 438 17 22 200 
0 0 0 0 0 0 0 0 0 0 1123 1149 1101 1137 1200 0 0 0 0 0 0 0 0 0 0 
115 56 933 397 73 560 401 1299 813 430 33 26 792 275 13 661 586 1515 898 557 252 214 1038 503 156 
35 0 275 8 0 33 0 235 4 0 261 269 493 271 242 67 16 235 28 12 20 0 266 10 0 
246 129 255 91 506 616 505 644 431 872 580 516 634 497 797 203 114 194 52 435 237 141 266 119 499 
10 0 0 0 0 40 21 34 23 40 6 0 0 0 0 1096 1122 1155 1134 1060 8 0 0 0 0 
488 0 0 355 1 475 0 0 384 0 466 0 0 346 0 506 1 5 365 6 515 19 38 388 45 
315 886 902 334 473 80 666 654 94 213 34 595 609 41 179 246 778 780 252 368 160 706 762 134 290 
0 0 181 0 0 477 456 663 489 520 0 0 181 0 0 9 10 187 4 8 99 77 270 81 99 
0 281 246 424 1 0 295 232 375 1 44 296 284 484 49 0 240 234 383 2 0 247 257 414 4 
0 0 8 1425 0 7 8 24 1388 4 0 0 9 1408 0 4 6 20 1491 6 0 0 12 1438 0 
527 264 795 536 1089 455 183 717 435 1015 722 408 1012 733 1239 1074 783 1361 1020 1611 533 197 753 487 1115 
10 102 4 28 3 0 77 0 19 0 0 95 0 20 0 8 102 4 25 3 1048 1147 1084 1042 1043 
582 329 20 144 13 1134 857 492 601 435 894 556 200 263 124 780 444 109 223 81 634 341 43 137 37 
1251 1845 1133 1064 1175 343 871 180 119 180 554 1192 461 365 472 307 764 136 64 177 390 847 181 126 208 
366 416 418 554 537 24 9 4 128 39 15 0 0 117 47 27 3 13 145 46 189 177 158 311 228 
258 251 232 247 584 39 69 91 49 431 3 12 65 8 376 313 353 344 304 779 1043 1120 1085 1109 1438 
890 397 322 1205 1200 1465 960 915 1984 1872 741 413 245 1159 1285 548 185 83 929 969 952 596 505 1350 1332 
44 279 8 6 10 54 308 48 56 65 26 317 0 0 0 275 519 265 276 263 52 325 6 4 1 
