3904 4448 3860 3970 3059 4221 4839 4302 4235 3333 4050 4684 4094 4187 3251 3895 4512 3966 4061 3058 3990 4607 4092 4035 3091 
666 233 380 270 504 466 42 193 26 277 977 485 702 488 745 630 162 348 183 410 1718 1246 1397 1338 1517 
420 389 455 358 617 0 0 7 0 127 152 128 181 134 290 23 22 46 20 165 0 0 13 0 154 
0 2171 0 0 0 0 2248 0 0 0 0 2089 0 0 0 0 2162 0 0 0 0 2060 0 0 0 
40 12 30 1086 48 15 0 12 1039 29 679 552 608 1615 590 138 118 112 1182 161 60 7 16 1016 43 
0 0 5 0 0 0 5 0 1 0 0 0 3 0 0 691 696 683 661 685 200 194 199 200 218 
1420 12 0 8 0 1439 9 8 11 9 1460 37 37 41 31 1452 6 0 6 0 1430 7 0 10 0 
0 0 2121 35 33 0 0 2119 33 28 0 0 1980 24 26 0 0 2125 19 21 0 0 2070 25 29 
0 0 0 22 7 1860 1757 1811 1767 1828 0 0 0 24 10 0 0 0 23 9 0 0 0 19 14 
17 430 0 702 0 101 500 67 839 90 48 449 50 780 77 114 515 77 811 78 18 396 0 710 0 
283 18 242 0 0 284 11 234 0 0 274 13 249 4 1 290 19 251 0 0 290 26 250 10 11 
0 0 28 0 1264 0 5 38 5 1248 0 0 43 0 1286 0 1 45 0 1299 1 1 46 1 1241 
0 2 0 285 0 73 70 62 365 105 75 88 79 416 77 0 0 0 316 0 267 259 270 603 285 
411 362 696 669 368 69 27 402 367 46 280 209 615 508 215 53 18 386 337 39 117 72 441 378 71 
585 586 605 638 586 0 0 0 0 0 0 0 0 0 0 0 0 0 0 0 0 0 0 0 0 
0 383 0 0 154 0 368 0 0 163 238 684 252 255 399 0 413 0 0 157 14 435 17 22 193 
0 0 0 0 0 0 0 0 0 0 1113 1133 1078 1109 1172 0 0 0 0 0 0 0 0 0 0 
162 77 909 385 69 511 374 1245 737 407 112 48 786 290 14 654 526 1441 821 546 200 123 958 387 97 
5 0 236 5 0 3 0 206 7 0 227 265 467 244 246 8 5 204 29 12 1 0 238 4 0 
252 125 282 101 532 658 576 756 486 921 636 600 716 568 896 231 148 252 73 489 230 149 311 125 569 
42 0 0 0 0 70 8 12 9 17 56 0 0 0 0 1122 1114 1141 1127 1045 43 0 0 0 0 
494 0 0 357 1 472 1 0 382 0 465 0 0 344 0 516 5 7 356 2 514 21 29 384 40 
303 806 887 308 453 55 566 609 75 210 16 534 602 23 194 165 649 711 171 325 122 612 731 126 291 
0 0 177 0 0 444 418 620 437 482 0 0 176 0 0 11 11 187 4 8 91 72 246 76 99 
0 261 236 409 1 0 273 221 367 1 38 275 272 464 41 0 234 225 372 2 0 251 247 403 3 
0 0 2 1348 0 7 8 14 1314 3 0 0 7 1344 0 4 6 12 1418 6 0 0 10 1354 0 
491 288 759 522 1057 394 139 643 338 923 615 349 896 632 1113 1021 779 1291 1053 1544 511 263 706 495 1037 
14 113 3 27 3 0 82 0 19 0 0 103 0 18 0 8 102 4 25 3 1012 1093 1017 994 963 
611 434 66 214 34 1154 929 558 670 460 855 608 226 284 120 777 525 119 252 103 578 406 30 156 7 
1262 1817 1136 1058 1226 389 879 186 135 263 601 1196 475 391 550 311 753 126 59 216 400 830 183 125 234 
380 438 420 576 565 15 2 1 174 56 15 6 2 144 69 24 4 2 170 74 213 188 151 331 269 
226 195 218 216 499 62 103 121 72 403 3 9 70 6 334 322 379 404 336 744 1063 1109 1146 1090 1413 
853 268 291 1141 1083 1412 826 809 1853 1720 890 417 305 1224 1246 585 108 108 877 930 1126 648 593 1486 1396 
49 347 33 6 24 74 366 79 57 87 26 335 15 0 9 432 694 405 417 391 92 395 69 51 71 
