3853 4535 3885 3957 3127 4276 4928 4377 4226 3418 4000 4725 4179 4170 3312 3862 4592 4056 4080 3133 3939 4575 4067 3982 3093 
756 245 417 248 534 499 30 182 12 272 1090 484 673 468 757 705 123 298 113 372 1864 1334 1500 1430 1659 
446 467 477 464 720 0 0 9 0 176 154 138 184 164 328 21 24 49 37 201 0 0 14 0 187 
0 2151 0 0 0 0 2224 0 0 0 0 2091 0 0 0 0 2145 0 0 0 0 2090 0 0 0 
36 18 30 1090 50 14 0 21 1070 32 597 528 583 1537 561 167 143 128 1222 185 33 7 31 1050 45 
0 0 5 0 0 0 4 0 3 0 0 0 2 0 0 705 711 695 680 692 205 194 206 197 223 
1466 7 0 3 0 1488 21 19 24 23 1519 43 45 49 38 1484 1 0 3 0 1502 3 0 6 0 
0 0 2047 9 34 0 0 2049 10 27 0 0 1945 4 26 0 0 2070 8 21 0 0 1972 7 29 
0 0 0 23 8 1786 1703 1747 1700 1736 0 0 0 23 11 0 0 0 24 7 0 0 0 19 12 
17 403 0 697 0 108 461 82 829 77 84 433 61 809 88 146 513 102 816 111 20 371 0 712 0 
281 16 253 0 0 272 12 235 0 0 283 14 252 6 1 300 28 246 0 0 289 26 244 10 10 
0 4 35 0 1255 1 12 43 2 1280 0 0 51 0 1278 0 2 47 1 1326 3 9 43 1 1245 
0 2 0 283 0 105 108 100 384 122 88 90 68 419 83 0 0 0 315 0 272 272 267 603 282 
437 404 752 769 405 67 26 397 401 77 273 217 635 590 265 59 15 396 386 74 144 103 526 490 130 
585 586 605 638 586 0 0 0 0 0 0 0 0 0 0 0 0 0 0 0 0 0 0 0 0 
0 415 0 0 161 0 459 0 0 175 240 768 259 276 433 0 470 0 0 174 16 506 22 22 219 
0 0 0 0 0 0 0 0 0 0 1080 1118 1068 1109 1163 0 0 0 0 0 0 0 0 0 0 
160 83 1092 434 71 596 405 1420 829 463 117 53 956 325 12 694 572 1584 906 559 286 177 1162 491 152 
6 0 234 56 0 5 0 208 53 0 250 283 469 317 263 7 0 217 68 12 3 0 244 48 0 
304 144 300 112 552 657 543 736 469 919 682 582 745 564 902 247 152 244 70 487 234 155 294 104 547 
16 0 0 0 0 58 18 26 20 30 16 0 0 0 0 1125 1134 1152 1125 1071 12 0 0 0 0 
469 47 33 389 37 431 0 0 392 0 425 0 0 356 0 442 7 7 370 0 473 20 30 398 33 
329 794 806 318 458 83 581 554 87 199 53 541 527 55 192 212 673 645 214 349 156 587 651 133 295 
0 0 177 0 0 472 434 646 454 511 0 0 177 0 0 9 10 217 4 11 90 74 243 81 100 
0 220 217 368 1 0 240 220 357 1 36 247 264 438 38 0 222 216 360 2 0 226 235 372 3 
0 0 14 1404 0 9 9 23 1376 4 0 0 10 1397 0 4 6 23 1469 6 0 0 16 1411 0 
412 234 675 412 955 341 133 589 297 858 544 319 822 506 1014 965 736 1255 919 1482 452 245 663 387 1000 
2 107 3 22 1 0 73 0 19 0 0 101 0 18 0 7 93 4 25 3 915 977 952 924 887 
547 421 9 174 14 984 802 365 550 339 773 598 140 230 90 749 539 113 267 110 560 426 15 147 5 
1301 1833 1115 1032 1198 379 883 156 103 190 585 1169 437 345 487 303 757 110 52 170 406 827 167 128 222 
291 271 284 307 294 16 0 0 33 0 13 0 1 36 0 19 1 0 38 0 182 157 131 174 164 
201 222 225 223 515 76 132 119 69 398 3 15 65 12 347 301 328 349 310 734 1014 1106 1096 1069 1366 
941 283 358 1278 1187 1469 854 942 2003 1845 972 432 360 1338 1305 583 97 101 942 927 1147 638 619 1505 1387 
34 303 29 6 24 56 336 70 48 64 24 307 8 0 8 361 592 354 355 303 84 365 66 53 61 
