3826 4422 3855 3923 3040 4132 4811 4224 4175 3281 3978 4628 4052 4128 3210 3824 4498 3965 4029 3053 3926 4581 4063 3944 3020 
719 247 388 278 519 540 36 183 27 280 1081 523 732 509 776 730 169 335 174 392 1790 1204 1386 1397 1519 
433 414 458 383 631 0 0 7 0 162 159 129 190 138 314 21 22 49 21 173 0 0 15 0 175 
0 2162 0 0 0 0 2238 0 0 0 0 2081 0 0 0 0 2144 0 0 0 0 2084 0 0 0 
37 13 31 1101 26 10 0 17 1070 16 694 548 621 1619 577 164 129 116 1196 159 35 7 23 1016 35 
0 0 3 0 0 0 4 0 1 0 0 0 2 0 0 695 696 674 660 682 202 195 196 198 220 
1405 10 0 4 0 1428 4 5 11 8 1439 30 35 40 24 1409 5 0 8 0 1441 3 0 9 0 
0 0 2058 36 33 0 0 2059 29 27 0 0 1954 20 25 0 0 2058 18 22 0 0 1989 19 27 
0 0 0 16 7 1844 1782 1815 1800 1830 0 0 0 21 7 0 0 0 20 3 0 0 0 14 16 
40 432 0 707 0 140 528 90 867 112 97 467 83 802 104 116 513 69 825 82 52 389 0 724 0 
238 17 216 0 0 243 12 206 0 0 230 10 221 4 1 210 8 214 0 0 245 29 213 10 10 
0 4 40 0 1304 2 7 53 0 1286 0 0 56 0 1282 0 4 59 1 1332 2 12 50 1 1255 
0 5 0 283 0 53 55 60 352 89 71 83 79 421 81 0 0 0 315 0 265 270 270 605 284 
411 355 671 651 351 69 26 392 367 45 272 207 618 509 197 53 10 403 312 33 112 86 450 363 70 
585 586 605 638 586 0 0 0 0 0 0 0 0 0 0 0 0 0 0 0 0 0 0 0 0 
0 388 0 0 166 0 381 0 0 165 234 696 257 265 411 0 412 0 0 162 14 449 18 22 198 
0 0 0 0 0 0 0 0 0 0 1089 1130 1075 1117 1191 0 0 0 0 0 0 0 0 0 0 
182 75 983 396 89 540 385 1368 748 431 117 40 863 290 27 663 535 1571 810 571 231 147 1084 409 118 
56 0 265 5 0 45 0 233 0 0 276 263 463 244 237 93 16 241 22 12 48 0 263 3 0 
248 116 255 101 505 647 534 742 500 912 604 554 714 556 865 240 140 247 82 467 218 122 314 138 538 
37 0 0 0 0 83 21 35 24 36 49 0 0 0 0 1133 1112 1140 1119 1050 33 0 0 0 0 
489 0 0 353 1 474 5 0 383 0 467 0 0 349 0 499 4 7 371 1 504 21 29 383 36 
302 787 837 297 443 61 573 585 74 210 20 520 543 12 189 150 639 657 183 317 128 596 680 108 278 
0 0 179 0 0 447 426 626 439 490 0 0 177 0 0 7 11 197 5 11 89 72 252 79 102 
0 265 238 371 1 0 278 225 336 2 38 279 279 430 40 0 244 234 335 2 0 262 255 363 4 
0 0 2 1395 0 7 8 12 1358 3 0 0 6 1401 0 4 6 14 1474 6 0 0 9 1413 0 
495 291 785 517 1043 397 150 648 350 900 600 368 896 623 1101 1023 775 1270 1008 1544 475 235 699 490 1007 
18 126 6 36 8 1 78 0 19 0 0 117 1 20 2 10 110 4 25 3 997 1071 1024 1005 979 
593 402 70 185 35 1153 909 531 648 451 810 587 190 258 96 778 529 128 254 88 544 362 31 137 7 
1279 1881 1176 1108 1285 377 908 159 139 263 618 1237 476 421 586 307 762 102 76 235 402 869 170 157 298 
350 398 393 515 486 13 4 1 119 34 12 5 2 115 38 18 10 4 122 36 190 167 135 277 214 
230 182 234 195 491 63 94 110 48 379 3 8 65 1 330 336 379 398 339 727 1068 1119 1157 1094 1423 
877 293 300 1214 1115 1414 797 865 1878 1746 913 413 321 1248 1287 574 110 108 963 973 1191 705 632 1522 1444 
40 344 29 8 22 65 377 84 58 78 30 373 15 0 4 420 694 414 412 386 99 413 69 54 79 
