5099 5038 4683 5251 4376 5890 5810 5491 6125 5035 5616 5665 5201 5802 4964 4826 4906 4536 5175 4191 5464 5465 5137 5505 4538 
740 499 659 626 1212 265 99 253 127 741 422 190 372 185 881 567 272 452 369 984 2537 2300 2436 2457 3077 
490 527 508 507 676 0 0 7 0 118 152 131 160 168 262 1 3 27 10 113 0 0 12 0 152 
0 2163 0 0 0 0 2243 0 0 0 0 2105 0 0 0 0 2148 0 0 0 0 2052 0 0 0 
35 14 33 1082 28 11 0 16 1070 10 654 536 661 1626 630 141 120 104 1159 163 35 7 28 1024 21 
4 122 9 0 2 7 179 19 12 10 7 113 4 0 1 1101 1237 1081 1103 1032 305 476 266 294 309 
1425 5 0 6 0 1411 2 7 9 8 1425 33 33 32 21 1409 1 0 2 0 1429 2 0 5 0 
0 0 1984 34 33 0 0 1983 23 27 0 0 1884 18 24 0 0 2003 18 21 0 0 1931 16 27 
0 0 0 8 24 1776 1712 1751 1754 1782 0 0 0 13 31 0 0 0 6 33 0 0 0 9 33 
2 390 0 650 0 111 487 98 749 99 34 406 26 696 29 128 483 96 751 94 7 356 0 622 0 
386 24 233 0 0 433 12 204 0 0 457 21 263 8 7 406 15 236 4 1 572 169 374 153 158 
0 19 41 1 1223 2 22 50 9 1263 0 16 62 2 1226 0 18 58 3 1273 10 26 61 10 1227 
0 14 0 288 0 115 123 104 385 129 94 104 88 422 85 0 15 0 318 0 278 277 270 606 285 
625 496 894 971 570 147 60 500 522 118 343 231 687 674 302 111 36 430 406 98 203 117 560 598 155 
585 586 605 638 586 0 0 0 0 0 0 0 0 0 0 0 0 0 0 0 0 0 0 0 0 
0 447 0 0 192 0 468 0 0 224 238 787 266 284 481 0 485 0 0 204 15 514 18 23 254 
0 0 0 0 0 0 0 0 0 0 1163 1205 1136 1198 1233 0 0 0 0 0 0 0 0 0 0 
102 53 989 301 57 530 402 1309 688 469 14 43 818 213 10 659 606 1532 820 603 185 134 999 366 94 
123 0 391 108 0 133 0 373 98 0 391 290 633 370 262 155 16 382 126 13 120 0 403 98 0 
224 75 165 227 678 721 599 724 715 1244 590 512 616 695 1037 242 146 193 227 663 214 146 242 309 715 
17 0 0 0 0 53 9 20 11 26 17 0 0 0 0 1118 1102 1129 1107 1050 17 0 0 0 0 
404 76 33 389 37 366 46 0 392 0 375 34 0 355 0 413 73 40 408 43 411 65 41 410 48 
271 721 705 262 373 60 490 477 60 163 1 413 419 0 104 135 544 536 127 245 31 439 479 42 130 
0 0 160 0 0 438 389 604 428 439 0 0 159 0 0 6 1 168 1 0 97 66 226 75 90 
0 198 202 341 1 0 222 214 323 1 35 222 256 405 36 0 204 212 342 2 0 211 224 346 3 
0 0 13 1398 0 8 8 36 1390 4 0 0 12 1403 0 4 6 22 1484 6 0 0 18 1437 0 
414 226 590 339 881 285 79 411 178 715 515 308 659 441 856 961 758 1150 903 1396 404 211 533 330 877 
2 101 0 21 3 0 69 0 19 0 0 90 0 19 0 7 116 4 27 3 1008 1097 1023 1004 997 
585 377 9 100 9 1109 834 444 566 426 752 503 103 143 70 786 517 127 212 119 606 383 12 85 5 
1357 2044 1171 1168 1226 377 1067 240 167 185 606 1338 468 389 450 301 858 160 71 172 353 957 183 130 161 
