4896 4884 4452 4942 4192 5578 5637 5236 5688 4810 5425 5417 4971 5500 4764 4614 4756 4365 4908 3964 5185 5242 4868 5169 4335 
973 683 817 871 1416 377 124 283 216 767 496 277 429 322 909 624 308 457 452 1044 2634 2290 2424 2593 3043 
373 389 402 361 520 0 0 6 0 107 146 126 155 143 232 21 22 40 24 137 0 0 11 0 125 
0 2150 0 0 0 0 2227 0 0 0 0 2080 0 0 0 0 2145 0 0 0 0 2048 0 0 0 
43 13 24 1053 46 14 0 18 1037 30 615 519 585 1527 594 136 112 97 1134 171 44 7 20 1005 48 
30 193 21 6 11 30 196 19 34 26 20 182 7 0 1 1098 1290 1118 1076 1037 288 496 280 252 297 
1408 12 0 11 0 1412 16 14 22 17 1437 50 47 65 43 1421 10 0 12 0 1394 4 0 11 0 
0 1 2042 6 34 0 0 2019 3 27 0 0 1932 1 24 0 0 2031 5 21 0 0 1971 2 28 
0 0 0 23 24 1770 1663 1744 1725 1768 0 0 0 24 32 0 0 0 25 30 0 0 0 21 32 
15 404 0 743 0 116 511 87 879 106 46 412 32 807 40 128 500 95 863 95 31 385 0 735 0 
457 22 247 0 0 480 11 233 0 0 521 23 289 10 11 472 45 271 3 5 616 166 395 137 151 
0 3 28 0 1211 1 6 34 2 1213 0 0 42 1 1200 0 5 38 1 1275 5 8 33 3 1170 
0 0 0 287 0 96 99 93 376 117 81 91 68 412 72 0 0 0 314 0 275 267 263 599 275 
473 389 721 835 452 102 56 409 476 114 329 242 636 663 299 86 19 370 409 83 170 156 512 527 181 
585 586 605 638 586 0 0 0 0 0 0 0 0 0 0 0 0 0 0 0 0 0 0 0 0 
0 469 0 1 194 0 487 0 0 215 227 826 263 253 478 0 524 0 0 213 16 572 22 26 257 
0 0 0 0 0 0 0 0 0 0 1149 1176 1138 1178 1226 0 0 0 0 0 0 0 0 0 0 
104 116 958 374 93 546 444 1289 713 439 8 60 837 228 12 652 626 1498 835 596 185 190 968 422 129 
57 0 359 120 0 52 0 337 108 0 320 285 581 379 263 48 0 342 123 11 53 0 365 106 0 
243 69 174 274 690 763 614 723 783 1260 627 475 573 734 1046 253 121 182 230 718 256 134 256 363 727 
36 0 0 0 0 64 7 9 6 11 40 0 0 0 0 1101 1083 1116 1095 1019 31 0 0 0 0 
393 45 33 387 37 346 2 0 375 0 378 1 0 349 0 411 44 37 405 39 428 30 37 405 43 
298 774 751 296 411 62 560 525 62 193 6 500 484 22 158 185 585 607 174 296 74 494 551 60 204 
0 0 199 0 0 555 503 740 588 571 0 0 194 0 0 10 9 203 8 9 110 85 279 103 106 
0 198 201 305 1 0 222 213 295 1 35 222 256 362 36 0 204 212 299 2 0 211 224 310 3 
0 0 23 1384 0 7 8 36 1350 3 0 0 21 1400 0 4 6 35 1456 6 0 0 24 1391 0 
557 302 809 531 1040 382 131 595 342 846 628 369 872 580 1011 1055 781 1285 1029 1478 476 250 704 461 1003 
15 122 7 32 11 0 86 0 20 0 0 107 1 20 2 7 117 6 28 3 1036 1128 1056 1041 1015 
619 448 13 93 12 1116 918 470 568 447 762 588 103 162 94 813 556 131 207 135 610 447 39 86 42 
1315 1943 1191 1143 1206 379 903 203 152 148 605 1268 470 419 455 338 818 142 64 135 384 860 174 126 142 
