3879 4357 3802 3803 2899 4178 4739 4216 4102 3160 4043 4586 4000 4004 3091 3873 4401 3907 3883 2899 3876 4427 3945 3787 2822 
631 232 400 279 556 455 34 207 43 335 1018 522 741 594 868 616 154 358 232 459 1749 1292 1414 1488 1599 
359 359 406 319 537 0 0 6 0 123 159 132 169 131 265 22 22 41 20 148 0 0 11 0 133 
0 2160 0 0 0 0 2239 0 0 0 0 2080 0 0 0 0 2167 0 0 0 0 2069 0 0 0 
41 14 38 1105 49 10 0 30 1074 30 614 527 627 1589 594 145 124 125 1178 174 25 8 34 1002 44 
0 0 3 0 0 0 4 0 1 0 0 0 3 0 0 779 764 750 747 762 237 218 236 250 272 
1424 7 0 4 0 1465 15 18 25 21 1482 20 23 18 14 1445 1 0 7 0 1454 3 0 2 0 
0 0 2057 26 33 0 0 2095 22 29 0 0 1960 12 28 0 0 2116 16 22 0 0 2017 15 27 
0 0 0 21 17 1746 1674 1706 1681 1735 0 0 0 23 23 0 0 0 22 22 0 0 0 19 23 
37 472 0 714 0 165 571 98 855 118 113 543 88 853 114 159 580 74 850 95 50 417 0 711 0 
294 16 247 0 0 279 11 235 0 0 294 11 241 5 1 264 13 255 0 0 303 26 251 11 10 
0 5 45 0 1292 1 8 49 0 1289 0 0 58 0 1298 0 5 52 1 1338 3 12 45 1 1282 
0 2 0 288 0 96 96 82 374 116 77 94 79 416 82 0 0 0 318 0 270 272 270 606 285 
459 363 698 687 369 97 23 393 366 63 335 239 660 560 245 65 20 398 346 65 167 123 519 417 109 
630 606 656 676 620 0 0 0 0 0 0 0 0 0 0 0 0 0 0 0 0 0 0 0 0 
0 391 0 0 160 0 391 0 0 164 241 697 269 271 407 0 436 0 0 164 14 457 18 22 202 
0 0 0 0 0 0 0 0 0 0 1114 1149 1102 1132 1189 0 0 0 0 0 0 0 0 0 0 
109 47 912 377 69 515 386 1271 769 414 29 23 771 287 10 670 561 1476 829 558 246 172 1004 481 139 
31 0 268 13 0 31 0 220 2 0 267 271 483 268 244 50 11 223 32 12 10 0 257 8 0 
265 122 284 109 536 646 526 693 481 909 617 552 688 539 863 234 125 224 75 464 246 127 304 148 550 
8 0 0 0 0 48 18 37 25 35 6 0 0 0 0 1093 1116 1141 1126 1047 6 0 0 0 0 
491 0 0 337 1 474 0 0 379 0 466 0 0 339 0 507 1 4 367 4 515 20 34 394 43 
325 891 898 338 461 78 660 661 84 206 25 591 608 35 182 241 777 789 253 354 152 710 766 132 297 
0 0 181 0 0 467 451 655 486 515 0 0 178 0 0 8 10 190 5 9 99 81 259 78 99 
0 278 245 432 1 0 292 239 385 1 43 298 292 475 47 0 258 235 385 2 0 262 259 417 7 
0 0 6 1419 0 7 8 30 1409 5 0 0 11 1413 0 4 6 21 1491 6 0 0 14 1436 0 
516 261 776 530 1081 423 170 675 399 993 686 401 949 687 1175 1042 762 1334 1038 1627 552 228 778 482 1143 
12 109 2 29 3 0 74 0 19 0 0 100 0 18 0 9 102 4 26 3 1062 1161 1101 1036 1042 
597 344 22 145 11 1115 859 497 614 433 861 564 198 255 121 763 448 104 226 92 628 358 31 132 35 
1247 1846 1138 1043 1176 381 861 174 112 174 591 1206 468 368 490 318 769 127 80 179 408 849 196 151 226 
375 424 426 595 561 21 9 5 141 59 14 0 0 118 49 22 2 11 122 41 196 171 153 312 233 
250 244 236 226 574 49 70 84 40 417 3 11 65 11 371 296 347 349 320 739 1020 1094 1066 1062 1395 
875 384 322 1195 1169 1442 932 912 1877 1827 776 381 255 1140 1231 559 172 81 896 974 963 598 485 1348 1335 
35 281 9 6 12 59 310 47 55 65 27 298 0 0 0 293 532 289 288 263 50 315 9 6 4 
