3915 4281 3718 3802 2747 4109 4521 4016 3992 2880 4031 4389 3821 3930 2839 3886 4308 3792 3893 2759 3896 4335 3751 3783 2657 
762 271 453 308 596 530 31 209 44 338 1289 656 1002 667 1035 714 141 379 198 480 1959 1359 1608 1573 1796 
400 397 417 346 619 0 0 8 0 159 152 129 171 131 300 21 22 46 20 179 0 0 11 0 159 
0 2247 0 0 0 0 2320 0 0 0 0 2149 0 0 0 0 2224 0 0 0 0 2141 0 0 0 
43 15 28 1104 27 14 0 16 1058 11 603 511 556 1574 530 146 129 109 1188 172 23 8 23 1002 21 
0 0 3 0 0 0 4 0 1 0 0 0 3 0 0 693 694 683 661 681 200 190 205 201 220 
1581 10 0 3 0 1628 24 22 27 25 1619 26 26 27 20 1594 3 0 5 0 1638 3 0 6 0 
0 1 2023 36 17 0 0 2022 40 19 0 0 1897 26 21 0 0 2048 19 9 0 0 1962 20 24 
0 0 0 23 28 1795 1694 1774 1754 1747 0 0 0 27 32 0 0 0 23 29 0 0 0 20 34 
7 396 0 729 0 130 505 85 920 100 30 415 24 816 37 136 543 98 895 102 11 373 0 750 0 
264 20 274 0 0 257 11 262 0 0 258 12 261 5 1 221 8 276 0 0 281 30 270 13 14 
0 2 29 0 1217 1 11 36 0 1196 0 0 45 0 1221 0 3 36 1 1224 4 6 38 3 1177 
0 2 0 310 0 98 89 93 395 125 80 93 87 451 90 0 0 0 337 0 285 287 288 643 321 
401 332 639 608 325 47 22 362 344 32 264 206 570 479 182 58 14 347 288 38 100 60 414 344 44 
609 608 658 674 619 0 0 0 0 0 0 0 0 0 0 0 0 0 0 0 0 0 0 0 0 
0 450 0 0 165 0 456 0 0 181 239 801 270 279 432 0 523 0 0 170 16 519 22 25 221 
0 0 0 0 0 0 0 0 0 0 1147 1162 1123 1155 1226 0 0 0 0 0 0 0 0 0 0 
195 99 997 413 118 486 342 1273 668 378 126 58 859 295 30 680 545 1501 794 541 234 136 1042 399 147 
22 0 305 30 0 26 0 272 17 0 254 281 540 296 254 54 16 291 47 12 10 0 314 20 0 
205 121 237 63 480 602 524 671 412 866 567 543 639 483 822 163 79 189 21 440 158 105 237 42 467 
16 0 0 0 0 69 25 41 31 51 13 0 0 0 0 1104 1116 1141 1121 1044 13 0 0 0 0 
436 0 0 348 1 421 0 0 372 0 417 0 0 347 0 454 2 12 369 14 471 19 41 391 48 
310 887 850 313 513 78 633 638 71 261 12 578 586 2 226 239 739 740 250 393 129 664 704 116 334 
0 0 179 0 0 444 419 620 437 482 0 0 176 0 0 9 13 187 4 12 91 76 240 75 97 
0 261 235 364 1 0 281 225 317 1 37 277 272 418 41 0 238 225 323 2 0 250 243 355 3 
0 0 1 1382 0 7 8 14 1357 3 0 0 5 1386 0 4 6 9 1464 6 0 0 4 1402 0 
582 347 978 623 1236 551 273 885 540 1178 760 543 1200 847 1424 1118 849 1476 1133 1736 644 357 951 636 1240 
7 83 1 22 1 0 39 0 20 0 0 67 0 19 0 7 86 5 25 3 1072 1169 1115 1088 1073 
531 401 58 158 34 975 838 452 572 427 749 578 167 220 125 707 515 131 226 119 521 396 35 133 11 
1222 1763 1072 1016 1181 343 876 188 114 263 603 1235 501 407 580 309 761 126 62 265 371 811 171 113 266 
488 560 552 750 722 23 17 13 237 106 15 17 7 172 88 21 13 12 209 92 245 231 167 407 311 
213 183 198 219 473 67 93 116 81 409 5 17 59 13 329 310 348 371 336 740 982 1065 1081 1070 1369 
651 229 162 1065 1056 1492 1076 979 1947 1937 606 279 119 1089 1117 517 210 143 940 971 870 573 495 1277 1252 
30 249 10 7 11 55 299 43 52 61 25 274 0 0 0 312 538 305 327 289 77 307 44 47 50 
