5910 5651 5225 5854 5145 7017 6697 6427 6939 6164 6659 6442 6092 6610 5976 6219 6090 5679 6245 5381 6345 6147 5798 6328 5488 
722 470 624 634 1148 304 101 230 141 672 483 274 412 322 874 669 415 509 460 1072 3123 2835 2927 2958 3555 
1799 2545 1710 1652 1920 290 957 186 145 316 674 1454 612 545 739 269 832 164 95 313 273 867 167 120 281 
0 2098 0 0 0 0 2158 0 0 0 0 2036 0 0 0 0 2100 0 0 0 0 2020 0 0 0 
34 14 22 1077 46 12 0 20 1023 29 606 529 586 1590 587 159 120 116 1197 186 31 8 20 1007 44 
8 155 15 1 5 23 204 27 11 12 10 131 7 0 1 1048 1216 1030 1014 994 304 465 263 264 300 
1466 9 0 7 0 1482 20 19 28 20 1534 48 50 58 44 1451 1 0 6 0 1485 4 0 3 0 
0 0 2031 20 36 0 0 2020 15 27 0 0 1929 6 25 0 0 2059 15 24 0 1 1953 9 28 
0 0 0 22 24 1789 1700 1757 1733 1794 0 0 0 23 31 0 0 0 22 30 0 0 0 19 32 
10 413 0 703 0 109 482 64 862 68 30 413 29 749 29 105 493 74 814 69 14 372 0 717 0 
341 17 204 0 0 379 19 179 0 0 416 11 222 5 9 348 12 207 2 0 505 158 318 135 142 
0 5 37 0 1304 1 6 28 0 1236 0 2 51 0 1224 0 5 46 1 1380 2 10 32 1 1226 
0 14 0 288 0 115 123 104 385 129 94 104 88 422 85 0 15 0 318 0 278 277 270 606 285 
720 505 1040 968 766 244 74 583 504 296 409 217 730 641 462 242 87 588 481 313 279 190 680 606 390 
585 586 605 638 586 0 0 0 0 0 0 0 0 0 0 0 0 0 0 0 0 0 0 0 0 
0 429 0 0 213 0 449 0 0 236 320 875 366 362 532 0 476 0 0 217 17 558 25 24 280 
99 0 0 0 0 265 142 134 147 132 169 20 18 20 15 206 47 46 52 41 111 0 0 0 0 
0 0 0 0 0 0 0 0 0 0 1103 1139 1076 1110 1173 0 0 0 0 0 0 0 0 0 0 
34 14 875 214 33 409 356 1231 621 460 5 18 751 131 4 612 532 1500 716 574 64 41 899 192 37 
124 0 388 96 0 130 0 378 93 0 373 274 630 342 257 161 16 387 109 12 118 0 423 82 0 
195 36 73 138 410 644 529 558 625 911 451 305 362 456 681 125 12 42 97 386 159 35 106 127 391 
55 0 0 0 0 94 10 7 7 14 64 0 0 0 0 1101 1070 1087 1076 1001 52 0 0 0 0 
486 122 33 417 37 466 119 16 435 24 454 120 0 379 0 526 126 40 449 43 514 123 41 443 48 
0 112 0 0 0 0 108 0 0 0 0 106 0 0 0 0 96 0 0 0 513 572 519 508 466 
302 822 861 297 513 99 607 616 98 299 33 569 583 32 234 232 715 733 248 478 31 512 597 27 270 
0 0 129 0 0 369 340 517 355 393 0 0 135 0 0 0 0 139 0 0 83 64 202 68 90 
0 198 202 259 1 0 222 212 236 1 14 209 250 317 20 0 203 207 248 2 0 211 216 244 3 
0 0 3 1431 0 7 8 22 1417 3 0 0 7 1441 0 4 7 25 1514 6 0 0 20 1466 0 
