3852 4510 3890 3918 3112 4244 4894 4350 4261 3396 3984 4680 4108 4112 3255 3899 4614 4013 4084 3110 3975 4644 4118 4012 3116 
735 250 420 271 492 513 30 185 39 263 1019 441 666 445 716 679 99 291 162 343 1792 1244 1418 1361 1540 
418 397 446 395 628 0 0 8 0 137 157 138 189 168 306 22 22 45 24 165 0 0 13 0 162 
0 2142 0 0 0 0 2199 0 0 0 0 2062 0 0 0 0 2132 0 0 0 0 2044 0 0 0 
54 12 27 1135 53 16 0 13 1096 32 731 594 643 1670 639 167 135 108 1226 178 46 9 16 1053 43 
0 0 3 0 0 0 4 0 1 0 0 0 2 0 0 691 697 676 659 684 205 195 207 198 216 
1439 9 0 5 0 1482 21 21 29 23 1452 16 12 20 11 1467 6 0 6 0 1491 5 0 10 0 
0 0 2012 5 36 0 0 2031 5 27 0 0 1904 3 24 0 0 2039 4 21 0 0 1963 2 27 
0 0 0 22 10 1823 1727 1786 1763 1750 0 0 0 24 14 0 0 0 23 10 0 0 0 20 17 
6 414 0 695 0 114 484 84 827 89 38 395 25 758 44 142 508 109 824 111 29 366 0 699 0 
271 16 235 0 0 250 13 222 0 0 257 13 241 5 1 258 15 248 0 0 282 27 239 10 11 
0 5 41 1 1257 0 17 59 3 1286 0 0 58 0 1257 0 3 56 0 1307 3 13 49 2 1221 
0 3 0 283 0 106 104 89 383 122 85 90 78 417 74 0 0 0 314 0 274 275 258 601 278 
445 407 736 778 434 76 35 404 388 86 311 228 621 586 279 71 28 383 356 86 164 145 501 487 183 
585 586 605 638 586 0 0 0 0 0 0 0 0 0 0 0 0 0 0 0 0 0 0 0 0 
0 408 0 0 157 0 434 0 0 172 239 753 254 270 419 0 449 0 0 169 14 469 20 24 205 
0 0 0 0 0 0 0 0 0 0 1152 1154 1123 1142 1211 0 0 0 0 0 0 0 0 0 0 
156 48 1027 434 29 570 399 1436 844 433 110 23 926 329 12 675 544 1589 915 529 257 126 1128 483 110 
15 0 240 56 0 15 0 207 49 0 262 279 485 318 264 23 0 213 64 3 8 0 246 52 0 
280 147 301 101 550 622 536 681 449 892 648 577 737 566 885 229 154 221 69 491 210 177 291 96 530 
19 0 0 0 0 64 24 36 19 41 20 0 0 0 0 1101 1115 1140 1118 1052 18 0 0 0 0 
499 48 33 389 37 450 0 0 390 0 443 0 0 356 0 464 4 6 361 0 492 20 25 396 39 
321 847 866 327 489 79 635 606 84 255 34 573 569 25 213 205 700 712 212 367 142 602 675 121 317 
0 0 179 0 0 465 429 637 449 504 0 0 177 0 0 12 11 208 6 10 86 71 238 79 101 
0 246 245 419 1 0 272 227 387 1 37 269 273 477 42 0 237 233 384 2 0 249 252 412 3 
0 0 0 1350 0 7 8 12 1316 3 0 0 3 1353 0 4 6 6 1419 6 0 0 0 1362 0 
414 230 703 382 941 351 114 604 277 832 536 306 871 530 1027 987 742 1293 957 1469 405 168 666 350 920 
4 103 2 20 3 0 87 0 19 0 0 97 0 19 0 7 110 4 25 3 899 981 934 902 863 
613 423 34 169 18 1077 852 429 583 403 824 657 186 257 119 823 575 146 257 136 567 423 31 144 26 
1214 1749 1086 977 1132 344 816 126 78 163 554 1163 403 330 432 301 725 105 50 154 382 794 168 116 176 
310 321 315 377 364 15 0 1 55 0 13 2 1 43 1 18 2 1 59 0 191 175 143 214 189 
249 251 237 237 615 64 113 121 79 455 3 14 68 6 390 346 385 413 348 834 1116 1221 1190 1171 1552 
958 365 381 1326 1233 1448 864 905 1898 1812 965 479 363 1332 1366 518 92 101 887 994 1168 677 634 1522 1459 
33 278 13 6 10 53 320 55 49 59 27 293 0 0 1 368 576 319 366 288 85 350 53 55 52 
