3927 4513 3844 4005 3021 4331 5025 4365 4344 3396 4053 4814 4165 4257 3313 3945 4617 3992 4142 3055 3949 4613 4041 4028 2997 
740 242 417 262 506 549 39 223 25 286 1166 475 731 472 786 687 110 326 139 373 1994 1403 1551 1486 1746 
409 397 419 352 594 0 0 11 0 154 159 137 174 137 306 20 22 47 21 163 0 0 11 0 153 
0 2150 0 0 0 0 2236 0 0 0 0 2085 0 0 0 0 2168 0 0 0 0 2072 0 0 0 
39 13 25 1004 47 10 0 18 973 30 556 484 548 1486 544 142 123 102 1098 172 28 8 22 982 45 
0 0 4 0 0 0 7 0 3 0 0 0 3 0 0 731 747 747 710 734 209 204 205 207 230 
1419 11 0 7 0 1475 19 19 28 23 1473 38 45 46 33 1415 8 0 5 0 1459 4 0 12 0 
0 0 2064 19 34 0 0 2050 14 27 0 0 1917 8 23 0 1 2056 14 22 0 0 1984 6 28 
0 0 0 21 14 1749 1654 1705 1689 1729 0 0 0 24 13 0 0 0 22 17 0 0 0 19 20 
12 405 0 684 0 108 492 61 827 68 84 442 54 785 82 150 521 93 836 115 21 378 0 694 0 
273 20 225 0 0 262 11 223 0 0 254 14 231 5 1 263 18 249 0 0 282 26 222 10 10 
0 3 29 1 1256 1 11 42 6 1285 0 0 48 0 1269 0 2 38 1 1301 9 12 44 6 1260 
0 2 0 282 0 107 110 91 378 119 85 94 77 422 76 0 0 0 317 0 274 274 265 600 281 
464 438 767 804 433 52 26 388 392 63 284 225 639 578 261 40 18 386 359 71 137 93 488 462 119 
585 586 605 638 586 0 0 0 0 0 0 0 0 0 0 0 0 0 0 0 0 0 0 0 0 
0 415 0 0 169 0 409 0 0 165 233 719 249 272 420 0 441 0 0 170 15 458 18 22 210 
0 0 0 0 0 0 0 0 0 0 1101 1130 1068 1103 1177 0 0 0 0 0 0 0 0 0 0 
197 87 1070 410 74 590 406 1402 750 415 138 44 946 304 21 697 563 1581 856 531 280 163 1149 439 125 
22 0 240 52 0 23 0 211 54 0 276 284 497 316 266 41 8 218 64 12 10 0 274 51 0 
299 128 293 109 517 647 498 724 458 891 648 551 740 553 867 249 136 247 63 453 216 124 286 76 528 
11 0 0 0 0 49 12 27 15 28 15 0 0 0 0 1101 1116 1141 1116 1052 12 0 0 0 0 
479 45 33 386 37 433 0 0 385 0 417 0 0 352 0 463 3 5 378 0 466 21 26 396 32 
300 771 777 303 424 75 568 541 85 179 33 517 511 36 166 195 640 637 197 326 122 559 619 104 240 
0 0 179 0 0 485 434 659 477 528 0 0 178 0 0 10 11 220 4 11 93 72 251 79 98 
0 237 222 349 1 0 258 227 333 1 35 257 272 407 38 0 236 221 333 2 0 231 238 352 4 
0 0 17 1455 0 7 9 42 1416 4 0 0 24 1451 0 4 6 32 1510 6 0 0 15 1457 0 
458 262 751 480 1068 381 168 649 353 959 632 392 949 642 1126 1005 787 1321 1042 1586 531 279 737 455 1094 
6 104 2 23 5 0 76 0 19 0 0 105 0 22 0 7 98 4 25 3 897 977 927 899 864 
536 396 31 121 22 991 821 416 519 380 716 537 93 155 84 790 509 127 208 132 532 380 19 87 2 
1278 1905 1182 1143 1324 382 915 237 195 264 591 1242 484 430 553 302 762 128 82 222 390 850 186 160 239 
309 313 318 339 310 16 0 0 33 0 14 0 1 36 0 18 0 0 39 0 183 172 133 197 169 
194 184 206 198 493 62 91 109 61 359 4 8 59 4 305 287 338 336 305 688 990 1035 1071 1032 1335 
902 292 324 1261 1227 1414 834 834 1955 1827 910 400 278 1258 1268 559 89 74 938 1008 1115 704 620 1584 1461 
31 296 33 8 25 49 302 61 33 56 24 302 5 0 4 356 588 350 355 297 87 358 74 52 66 
