3888 4433 3853 3997 3063 4238 4856 4288 4266 3327 4036 4682 4133 4229 3294 3859 4485 3942 4016 3046 3949 4563 4057 4013 3095 
703 239 402 257 528 482 41 201 18 288 992 496 686 477 732 635 158 336 180 400 1753 1217 1399 1348 1514 
421 384 457 371 584 0 0 8 0 141 157 129 179 138 291 20 22 45 21 159 0 0 13 0 162 
0 2170 0 0 0 0 2256 0 0 0 0 2089 0 0 0 0 2172 0 0 0 0 2074 0 0 0 
47 12 24 1089 47 13 0 17 1061 29 675 545 599 1570 572 144 120 102 1189 164 58 8 17 1008 45 
0 0 3 0 0 0 4 0 1 0 0 0 4 0 0 694 696 686 661 684 202 192 207 201 215 
1422 10 0 6 0 1450 7 8 11 9 1477 37 36 40 29 1443 6 0 6 0 1437 8 0 9 0 
0 0 2116 32 35 0 0 2109 31 28 0 0 1967 24 23 0 0 2115 18 21 0 0 2033 26 27 
0 0 0 23 6 1853 1763 1841 1790 1826 0 0 0 28 11 0 0 1 26 6 0 0 0 19 15 
9 430 0 696 0 100 502 70 850 87 38 448 54 782 77 116 509 75 804 84 24 378 0 715 0 
290 17 236 0 0 284 11 233 0 0 272 12 240 5 2 293 20 250 0 0 291 29 247 10 12 
0 3 37 0 1263 0 5 58 3 1265 0 0 49 0 1298 0 1 50 0 1316 4 1 50 1 1234 
0 2 0 287 0 60 70 53 358 97 75 82 78 413 82 0 0 0 313 0 268 270 268 605 285 
416 374 683 682 356 65 25 414 370 61 284 222 617 521 213 50 17 384 332 35 117 72 440 384 82 
585 586 605 638 586 0 0 0 0 0 0 0 0 0 0 0 0 0 0 0 0 0 0 0 0 
0 385 0 0 157 0 382 0 0 167 236 689 261 260 402 0 424 0 0 167 14 444 17 22 201 
0 0 0 0 0 0 0 0 0 0 1095 1140 1085 1128 1185 0 0 0 0 0 0 0 0 0 0 
196 94 952 409 111 536 382 1273 726 429 130 64 806 299 29 669 551 1517 850 573 241 152 1024 437 116 
4 0 234 7 0 2 0 200 5 0 233 263 462 258 246 7 5 201 30 12 1 0 227 4 0 
229 111 263 92 491 639 522 716 460 887 590 543 700 533 826 218 124 251 72 443 202 129 322 115 524 
43 0 0 0 0 72 8 11 13 21 51 0 0 0 0 1133 1115 1139 1135 1049 38 0 0 0 0 
489 0 0 343 1 476 1 0 377 0 465 0 0 351 0 501 2 12 344 4 511 19 28 381 35 
315 817 861 305 464 61 599 606 72 202 10 520 607 20 202 160 660 701 186 353 126 615 708 117 283 
0 0 179 0 0 444 419 620 437 482 0 0 175 0 0 8 11 184 4 9 89 74 238 75 102 
0 258 240 407 1 0 280 227 369 1 38 273 273 464 45 0 240 228 366 2 0 253 244 397 4 
0 0 2 1354 0 7 8 12 1318 3 0 0 8 1354 0 4 6 14 1424 6 0 0 12 1357 0 
464 261 743 501 1048 387 142 633 347 931 623 364 885 608 1136 1034 779 1301 1043 1548 510 256 714 489 1052 
11 115 3 25 3 0 77 0 19 0 0 99 0 18 0 8 101 4 25 3 1010 1078 1011 1002 968 
604 427 68 198 38 1179 933 564 676 491 887 652 210 278 121 808 549 129 269 97 578 403 41 168 7 
1276 1857 1172 1066 1251 385 878 194 138 257 613 1207 487 412 564 325 755 129 58 227 416 874 220 144 286 
389 433 422 608 567 17 9 1 166 66 15 9 2 121 57 20 5 3 179 64 212 189 147 340 264 
225 204 212 196 507 63 100 116 57 376 3 9 69 4 318 315 369 385 326 734 1038 1098 1128 1059 1399 
829 261 275 1119 1059 1375 806 786 1825 1687 880 386 307 1226 1242 600 113 100 887 953 1115 691 597 1457 1360 
35 332 35 8 21 60 345 76 56 78 26 336 7 0 5 413 671 394 415 363 97 383 67 51 69 
