5192 5159 4694 5257 4400 6251 6193 5792 6342 5331 5904 5914 5411 5960 5149 5041 5085 4624 5199 4263 5763 5814 5389 5792 4806 
924 651 797 847 1323 345 129 287 219 670 458 189 375 281 796 619 312 472 472 958 2508 2172 2352 2420 2875 
1613 2239 1526 1395 1698 294 859 162 128 343 700 1343 630 522 738 290 773 171 85 298 280 796 148 115 287 
0 2208 0 0 0 0 2266 0 0 0 0 2130 0 0 0 0 2190 0 0 0 0 2102 0 0 0 
47 13 23 1071 45 16 0 13 1058 31 680 549 602 1582 613 138 122 94 1200 161 41 9 10 1012 44 
17 154 22 3 16 47 180 38 34 52 19 155 15 0 4 1097 1248 1106 1099 1032 310 461 288 273 312 
1496 12 0 6 0 1510 9 4 8 0 1544 24 25 28 21 1525 3 0 5 0 1533 3 0 8 0 
0 0 2017 23 36 0 0 1999 11 27 0 0 1920 6 24 0 0 2033 14 21 0 0 1955 9 29 
0 0 0 6 21 1833 1760 1803 1831 1836 0 0 0 10 22 0 0 0 1 21 0 0 0 3 25 
27 399 0 590 0 130 499 82 688 94 39 397 34 650 32 121 490 79 674 73 41 365 0 567 0 
363 21 217 0 0 405 12 191 0 0 431 20 231 14 10 375 17 220 3 1 546 163 341 140 149 
0 6 36 0 1238 1 7 51 3 1212 0 2 53 0 1218 0 5 50 1 1290 4 11 42 3 1184 
0 14 0 288 0 115 123 104 385 129 94 104 88 422 85 0 15 0 318 0 278 277 270 606 285 
509 428 766 855 499 152 78 468 489 168 345 240 655 639 324 98 29 404 388 119 215 169 553 551 227 
585 586 605 638 586 0 0 0 0 0 0 0 0 0 0 0 0 0 0 0 0 0 0 0 0 
0 427 0 1 197 0 431 0 0 227 279 811 290 345 526 0 453 0 0 209 16 528 22 31 250 
0 0 0 0 0 0 0 0 0 0 1138 1168 1106 1166 1194 0 0 0 0 0 0 0 0 0 0 
65 35 906 267 39 433 344 1202 583 398 3 31 776 180 3 586 541 1410 694 526 121 79 891 274 55 
93 0 372 98 0 102 0 366 100 0 334 267 598 337 252 122 16 363 119 12 75 0 390 84 0 
238 54 161 224 626 726 613 723 699 1185 604 486 577 679 988 256 110 191 228 625 203 119 239 288 696 
13 0 0 0 0 54 12 26 12 27 19 0 0 0 0 1094 1087 1126 1098 1028 14 0 0 0 0 
441 80 34 411 39 386 51 0 402 0 385 36 0 371 0 442 76 41 439 46 446 69 42 421 48 
339 905 793 340 475 65 636 505 85 187 6 615 481 1 149 171 751 622 193 351 39 560 525 45 173 
0 0 150 0 0 378 346 543 365 400 0 0 150 0 0 7 9 168 4 9 83 66 213 69 90 
0 215 226 326 1 0 238 236 308 1 35 237 281 380 36 0 220 236 306 3 0 217 234 332 3 
0 0 11 1541 0 7 8 32 1540 4 0 0 13 1515 0 4 7 23 1610 6 0 0 12 1537 0 
471 256 674 417 909 257 20 400 148 621 412 177 638 392 799 906 686 1140 852 1362 336 138 501 301 796 
14 118 7 34 9 0 80 0 21 0 0 105 2 23 2 7 112 4 28 4 1037 1150 1050 1032 1022 
443 235 40 78 30 741 537 308 361 293 472 296 35 58 17 578 329 101 149 104 412 202 9 41 0 
