3864 4356 3773 3836 2906 4033 4657 4151 3928 3082 3995 4568 4029 4008 3071 3856 4409 3929 3892 2908 3834 4417 3927 3783 2830 
705 247 441 324 579 455 31 212 73 342 1063 530 778 607 864 643 166 356 231 461 1782 1270 1401 1402 1576 
385 376 419 365 564 0 0 8 0 130 161 134 178 152 291 20 22 43 24 167 0 0 12 0 153 
0 2218 0 0 0 0 2284 0 0 0 0 2127 0 0 0 0 2200 0 0 0 0 2125 0 0 0 
35 17 41 1132 48 12 0 34 1078 34 599 540 604 1572 570 142 134 127 1178 177 27 7 39 1015 43 
0 0 3 0 0 0 4 0 1 0 0 0 2 0 0 779 759 730 738 748 234 213 233 246 265 
1422 9 0 5 0 1448 18 18 23 20 1474 23 23 29 21 1431 4 0 5 0 1459 4 0 8 0 
0 0 2050 30 35 0 0 2075 32 30 0 0 1949 23 23 0 0 2088 19 21 0 0 2019 15 29 
0 0 0 21 24 1712 1626 1666 1643 1664 0 0 0 25 31 0 0 0 24 33 0 0 0 20 35 
12 426 0 719 0 123 503 91 922 114 41 478 44 850 80 142 546 111 896 125 14 380 0 743 0 
292 17 240 0 0 272 11 225 0 0 276 10 243 5 1 249 9 233 0 0 294 26 246 11 10 
0 5 51 0 1276 0 9 48 0 1287 0 1 64 0 1284 0 5 58 1 1327 10 11 63 2 1261 
0 3 0 301 0 78 102 83 390 115 78 88 80 440 86 0 0 0 324 0 279 282 286 635 297 
438 360 694 653 365 114 42 391 380 47 359 265 658 560 256 99 39 384 342 56 168 126 495 413 126 
618 610 649 669 615 0 0 0 0 0 0 0 0 0 0 0 0 0 0 0 0 0 0 0 0 
0 408 0 0 164 0 414 0 0 170 237 720 254 263 409 0 463 0 0 168 14 457 17 22 200 
0 0 0 0 0 0 0 0 0 0 1130 1165 1121 1146 1215 0 0 0 0 0 0 0 0 0 0 
142 47 948 406 88 511 396 1291 752 404 55 39 815 261 19 648 545 1509 848 514 225 162 1045 433 113 
34 0 283 12 0 37 0 242 5 0 268 269 500 263 248 64 16 251 23 12 29 0 279 18 0 
233 123 259 64 496 591 498 629 415 837 575 541 638 462 785 177 92 185 10 402 202 125 257 66 485 
10 0 0 0 0 47 25 39 23 47 7 0 0 0 0 1092 1116 1141 1120 1047 7 0 0 0 0 
494 0 0 350 1 474 0 0 384 0 467 0 0 351 0 511 1 12 372 11 520 19 41 396 48 
324 916 897 334 478 82 649 659 99 208 42 589 611 46 189 248 776 782 254 375 158 692 754 162 309 
0 0 179 0 0 452 437 634 455 491 0 0 177 0 0 9 17 190 4 8 91 80 258 79 106 
0 281 244 417 2 0 284 225 375 1 20 267 252 462 18 0 246 227 383 3 0 252 253 413 3 
0 0 11 1393 0 7 8 25 1354 3 0 0 11 1379 0 4 6 24 1461 6 0 0 14 1408 0 
493 245 815 505 1085 424 169 738 385 1008 674 405 1028 720 1205 1062 784 1378 1060 1630 536 223 803 516 1078 
14 112 6 29 6 0 73 0 19 0 0 102 1 19 2 7 92 4 25 5 1010 1120 1057 1022 1028 
639 394 38 138 12 1238 902 538 671 472 940 597 210 252 122 801 486 119 217 86 628 373 17 116 10 
1219 1803 1111 1001 1143 354 895 164 78 171 570 1159 418 321 474 299 760 108 44 157 376 853 169 116 211 
385 437 430 601 556 24 11 12 170 72 13 12 1 115 68 32 12 14 169 88 204 173 151 325 245 
261 253 229 234 568 33 74 96 47 424 3 13 66 8 381 310 357 352 309 759 1015 1089 1067 1060 1447 
837 289 257 1171 1162 1673 994 992 2065 2002 828 349 231 1222 1289 576 102 58 901 968 1136 692 562 1505 1444 
34 263 9 6 14 54 315 49 53 61 26 305 0 0 0 276 522 265 305 260 49 299 11 4 4 
