3777 4193 3517 3667 2665 3999 4459 3867 3824 2842 3877 4344 3702 3861 2846 3811 4213 3646 3734 2739 3800 4268 3707 3669 2710 
825 275 491 359 669 520 35 200 95 361 1312 672 903 740 1060 752 171 409 283 556 1970 1409 1579 1621 1825 
401 385 417 339 600 0 0 7 0 150 149 129 175 135 295 21 23 40 21 173 0 0 12 0 157 
0 2224 0 0 0 0 2299 0 0 0 0 2141 0 0 0 0 2214 0 0 1 0 2120 0 0 0 
30 16 24 1159 32 14 0 12 1117 19 653 555 635 1648 606 146 122 109 1230 167 37 7 16 1025 34 
0 0 3 0 0 0 4 0 1 0 0 0 2 0 0 695 696 677 661 684 201 190 195 199 212 
1468 3 0 6 0 1521 16 18 23 21 1492 17 15 18 13 1501 1 0 2 0 1522 1 0 4 0 
0 0 2013 25 26 0 0 2025 19 25 0 0 1904 15 22 0 0 2057 14 13 0 0 1967 10 24 
0 0 0 23 26 1785 1665 1740 1714 1725 0 0 0 24 31 0 0 0 22 29 0 0 0 19 32 
10 380 0 630 0 129 503 121 821 124 19 399 25 735 36 138 531 146 824 134 12 361 0 659 0 
304 17 295 0 0 282 11 285 0 0 296 10 279 7 1 245 9 291 0 0 320 31 285 12 12 
0 11 53 0 1219 1 12 56 0 1201 0 14 65 0 1227 0 8 66 1 1260 2 12 61 2 1193 
0 2 0 283 0 83 92 85 370 115 77 80 74 418 79 0 0 0 314 0 267 272 270 602 285 
406 351 693 657 341 59 18 399 371 57 279 220 612 508 186 32 13 388 312 38 98 73 481 383 75 
606 610 642 676 618 0 0 0 0 0 0 0 0 0 0 0 0 0 0 0 0 0 0 0 0 
0 429 0 0 170 0 441 0 0 180 239 755 265 274 433 0 477 0 0 177 14 492 21 26 215 
0 0 0 0 0 0 0 0 0 0 1157 1157 1128 1166 1219 0 0 0 0 0 0 0 0 0 0 
138 94 920 384 97 431 329 1158 639 346 62 56 808 249 20 616 548 1388 782 492 164 118 969 355 101 
13 0 313 27 0 18 0 262 18 0 256 264 531 294 256 27 0 271 41 2 6 0 310 17 0 
261 134 265 106 506 674 560 725 480 917 631 564 690 521 840 214 108 218 60 444 241 136 288 99 504 
55 0 0 0 0 92 18 34 15 29 66 0 0 0 0 1137 1115 1140 1119 1048 52 0 0 0 0 
423 0 0 354 1 392 0 0 378 0 388 0 0 348 0 427 2 14 365 11 440 20 41 390 48 
347 961 929 346 563 102 695 712 102 314 66 638 656 65 292 302 854 853 296 487 194 745 763 160 389 
0 0 179 0 0 444 419 620 437 482 0 0 177 0 0 7 11 193 4 9 90 76 250 77 105 
0 261 235 419 1 0 275 231 375 1 38 275 270 472 42 0 241 225 370 2 0 254 251 409 3 
0 0 8 1420 0 7 10 22 1382 3 0 0 10 1409 0 4 6 23 1487 6 0 0 13 1440 0 
509 255 887 544 1145 517 264 858 537 1112 732 462 1114 784 1331 1053 781 1416 1067 1651 608 307 896 633 1178 
16 112 6 33 8 0 73 0 19 0 0 108 1 19 2 10 118 5 25 2 1027 1147 1066 1060 1016 
659 448 65 183 26 1209 931 526 712 494 940 698 250 269 143 863 602 157 280 133 665 442 56 173 39 
1264 1880 1158 1087 1249 386 925 246 161 280 575 1225 479 390 569 305 768 129 60 232 346 839 170 116 225 
442 479 492 701 666 27 20 16 223 110 17 17 6 202 99 19 12 11 227 102 209 192 163 403 285 
220 194 212 204 516 53 94 106 62 394 4 15 62 4 333 324 375 380 335 737 1042 1108 1089 1060 1397 
685 261 251 1078 1030 1451 994 961 1876 1876 553 233 148 986 1021 524 181 152 927 915 897 551 513 1284 1241 
31 240 9 6 13 52 269 43 49 58 23 248 0 0 0 304 486 274 316 278 77 299 44 47 51 
