3823 4495 3826 3960 3019 4165 4812 4231 4182 3229 3948 4643 4040 4084 3150 3864 4534 3932 4052 3055 3922 4608 4018 4000 3029 
749 267 437 337 568 484 50 194 82 299 1084 532 789 577 847 692 165 370 224 433 1776 1261 1462 1426 1606 
404 384 427 346 562 0 0 10 0 125 162 126 190 135 260 21 22 46 21 151 0 0 12 0 145 
0 2168 0 0 0 0 2256 0 0 0 0 2097 0 0 0 0 2173 0 0 0 0 2112 0 0 0 
35 16 26 1061 49 12 0 18 1043 29 612 551 569 1532 582 138 116 102 1147 165 35 9 23 984 44 
0 0 3 0 0 0 4 0 1 0 0 0 3 0 0 746 742 717 713 726 230 223 236 241 256 
1412 6 0 4 0 1429 5 9 7 14 1437 21 19 19 17 1429 4 0 5 0 1447 3 0 3 0 
0 0 2155 7 37 0 0 2119 5 29 0 0 1991 1 26 0 0 2154 7 22 0 0 2076 3 28 
0 0 0 23 11 1835 1753 1794 1788 1821 0 0 0 24 16 0 0 0 23 10 0 0 0 20 18 
26 423 0 726 0 118 507 73 857 88 82 449 42 786 55 118 509 76 823 90 48 378 0 743 0 
283 17 246 0 0 279 11 241 0 0 300 15 266 7 2 300 26 264 0 0 290 28 253 10 10 
0 1 29 0 1244 1 7 32 2 1237 0 0 43 0 1256 0 2 35 1 1276 4 7 35 1 1194 
0 3 0 287 0 86 92 87 370 113 74 88 85 420 79 0 0 0 311 0 273 268 269 600 285 
396 338 679 660 345 52 30 402 372 46 282 219 596 517 213 57 18 377 328 41 114 84 440 386 72 
585 586 605 638 586 0 0 0 0 0 0 0 0 0 0 0 0 0 0 0 0 0 0 0 0 
0 393 0 0 175 0 397 0 0 173 242 712 274 268 424 0 444 0 0 169 14 461 22 22 207 
0 0 0 0 0 0 0 0 0 0 1111 1139 1096 1131 1178 0 0 0 0 0 0 0 0 0 0 
156 30 873 338 61 514 365 1228 703 400 103 16 782 269 16 644 537 1444 805 551 205 123 923 343 72 
8 0 240 8 0 8 0 202 8 0 226 260 446 262 245 9 0 193 31 12 4 0 229 11 0 
253 106 251 56 474 644 510 710 455 896 624 569 708 544 878 186 62 192 21 418 208 89 264 61 506 
57 0 0 0 0 95 9 19 9 23 66 0 0 0 0 1138 1116 1140 1137 1050 54 0 0 0 0 
495 0 0 341 1 471 0 0 379 0 466 0 0 346 0 505 3 6 360 1 509 19 33 387 39 
304 813 829 299 458 70 579 601 80 216 19 523 575 20 209 164 650 661 186 323 147 613 696 142 287 
0 0 179 0 0 444 419 620 437 482 0 0 176 0 0 9 11 190 5 9 91 72 243 76 101 
0 284 260 485 1 0 291 269 442 1 37 303 300 533 41 0 252 253 430 2 0 255 281 479 3 
0 0 3 1322 0 7 8 18 1291 3 0 0 7 1324 0 4 6 18 1394 6 0 0 10 1331 0 
469 240 765 470 1056 431 182 707 396 1001 670 392 974 672 1197 1081 790 1385 1053 1596 527 222 749 478 1018 
11 107 5 28 5 0 76 0 20 0 0 94 0 20 1 11 102 4 25 3 1028 1104 1058 1025 1009 
612 376 30 176 10 1181 912 525 676 471 857 593 189 268 106 801 525 146 275 95 594 394 43 177 21 
1283 1899 1168 1112 1272 388 887 199 129 247 586 1226 462 391 541 299 764 126 64 210 371 840 156 93 260 
403 448 459 626 578 16 9 5 153 52 14 13 6 130 60 28 12 11 163 50 218 187 168 344 254 
253 231 246 242 545 69 108 121 76 424 3 15 66 15 352 320 382 395 348 767 1052 1105 1124 1098 1450 
838 259 295 1157 1103 1390 805 819 1803 1742 873 376 280 1266 1247 575 120 99 897 973 1090 657 614 1460 1424 
35 325 41 7 27 59 347 82 54 75 23 324 12 0 4 338 599 342 330 318 50 348 39 10 18 
