5233 5150 4714 5279 4413 6229 6157 5784 6321 5326 5933 5889 5409 6017 5150 5049 5074 4630 5204 4251 5778 5803 5414 5808 4801 
918 630 788 820 1319 340 132 271 213 647 452 201 366 259 842 614 300 467 461 962 2494 2160 2338 2371 2846 
1566 2261 1511 1409 1712 291 879 181 132 354 694 1327 639 524 731 277 784 171 92 309 284 801 148 118 302 
0 2215 0 0 0 0 2274 0 0 0 0 2137 0 0 0 0 2188 0 0 0 0 2101 0 0 0 
48 9 22 1067 42 14 0 14 1050 33 655 533 603 1595 606 128 113 94 1201 159 42 9 14 1023 44 
22 148 23 4 18 55 169 41 44 52 19 150 9 0 3 1113 1255 1099 1116 1047 307 464 291 284 320 
1506 12 0 7 0 1501 5 3 11 0 1527 29 24 28 19 1497 3 0 6 0 1531 3 0 6 0 
0 0 2000 21 37 0 0 1986 11 27 0 0 1935 8 23 0 0 2036 17 21 0 0 1936 10 29 
0 0 0 5 19 1846 1757 1809 1835 1850 0 0 0 10 25 0 0 0 2 28 0 0 0 3 27 
27 401 0 595 0 139 505 90 715 97 47 402 32 643 28 132 488 81 688 83 43 367 0 567 0 
375 19 220 0 0 412 11 189 0 0 426 17 232 13 11 370 11 215 5 1 536 169 333 142 148 
0 7 39 0 1223 1 7 45 2 1207 0 1 52 0 1203 0 4 49 2 1272 5 10 44 3 1195 
0 14 0 288 0 115 123 104 385 129 94 104 88 422 85 0 15 0 318 0 278 277 270 606 285 
507 426 766 858 501 155 70 458 475 167 328 244 656 638 316 94 37 406 378 122 217 162 553 568 227 
585 586 605 638 586 0 0 0 0 0 0 0 0 0 0 0 0 0 0 0 0 0 0 0 0 
0 433 0 0 201 0 444 0 0 235 280 824 295 346 521 0 456 0 0 213 14 522 23 28 252 
0 0 0 0 0 0 0 0 0 0 1139 1171 1111 1172 1188 0 0 0 0 0 0 0 0 0 0 
58 32 901 282 26 404 340 1194 575 382 4 30 765 162 2 580 541 1383 664 531 117 92 885 262 60 
91 0 377 111 0 97 0 374 99 0 345 272 591 340 257 122 16 359 113 12 78 0 399 86 0 
242 62 166 221 629 746 612 748 708 1210 584 496 602 676 989 240 114 187 236 635 213 120 253 302 693 
16 0 0 0 0 59 10 25 10 28 19 0 0 0 0 1092 1090 1130 1103 1027 12 0 0 0 0 
452 79 33 414 39 392 53 0 406 0 388 40 0 370 0 450 74 41 441 46 454 71 42 422 48 
335 887 779 319 465 72 643 503 76 181 5 600 472 0 139 178 729 624 184 328 39 572 518 41 180 
0 0 150 0 0 379 350 543 369 405 0 0 148 0 0 7 9 169 4 8 83 65 213 69 90 
0 215 229 326 1 0 237 230 306 1 35 236 277 387 36 0 224 239 320 2 0 219 238 331 3 
0 0 10 1525 0 10 8 32 1530 4 0 0 12 1506 0 4 6 25 1584 6 0 0 12 1543 0 
452 272 698 414 913 241 18 401 161 606 438 158 619 359 802 917 692 1151 849 1339 326 127 495 294 794 
15 104 6 32 12 0 73 0 20 0 0 107 1 23 2 7 103 4 27 3 1028 1129 1048 1029 1012 
442 253 40 81 31 750 554 310 366 295 489 328 48 63 24 606 360 118 164 117 422 227 9 38 0 
