3895 4449 3809 3897 3000 4257 4947 4305 4288 3299 3991 4680 4015 4035 3133 3908 4516 3956 4063 3017 3922 4548 3939 3934 2991 
655 228 405 270 559 421 31 177 22 313 1007 526 757 582 854 562 133 334 165 419 1814 1309 1481 1475 1661 
371 359 415 330 562 0 0 7 0 138 152 127 174 133 268 21 22 44 20 171 0 0 11 0 159 
0 2173 0 0 0 0 2246 0 0 0 0 2093 0 0 0 0 2166 0 0 0 0 2090 0 0 0 
36 16 26 1122 49 18 0 16 1061 29 661 549 622 1628 578 140 118 106 1167 170 28 7 25 1014 46 
0 0 3 0 0 0 6 0 2 0 0 0 2 0 0 769 768 737 741 752 231 212 217 236 264 
1443 11 0 10 0 1487 10 17 21 15 1488 18 16 21 13 1444 6 0 6 0 1472 4 0 7 0 
0 0 2110 16 13 0 0 2125 19 11 0 0 1996 8 15 0 0 2102 14 5 0 0 2047 11 16 
0 0 0 21 20 1787 1701 1746 1727 1778 0 0 0 24 13 0 0 0 24 12 0 0 0 21 23 
35 444 0 689 0 145 541 80 849 92 125 484 84 785 94 116 518 49 792 57 57 409 0 702 0 
298 18 262 0 0 297 11 239 0 0 306 11 264 10 2 296 17 268 0 0 321 28 259 13 11 
0 4 36 0 1264 2 11 39 2 1247 0 0 54 0 1278 0 2 49 1 1315 6 9 44 3 1238 
0 3 0 286 0 91 99 91 379 115 75 86 84 419 79 0 0 0 316 0 265 263 270 604 285 
427 341 670 655 344 88 26 387 382 58 308 226 630 523 226 64 15 374 316 36 137 113 469 406 92 
622 613 650 673 612 0 0 0 0 0 0 0 0 0 0 0 0 0 0 0 0 0 0 0 0 
0 418 0 0 170 0 406 0 0 167 243 735 259 270 424 0 446 0 0 169 14 467 20 24 199 
0 0 0 0 0 0 0 0 0 0 1128 1141 1096 1121 1198 0 0 0 0 0 0 0 0 0 0 
111 34 947 408 86 515 371 1302 758 431 52 19 777 280 15 684 551 1553 857 592 219 171 1012 470 172 
26 0 255 9 0 18 0 225 5 0 253 273 471 265 250 33 8 223 35 12 6 0 257 8 0 
288 121 309 115 552 685 548 754 519 970 652 571 747 584 932 251 146 258 91 506 253 132 317 168 562 
9 0 0 0 0 49 19 34 17 29 4 0 0 0 0 1116 1133 1167 1141 1074 6 0 0 0 0 
489 0 0 337 1 473 1 0 375 0 467 0 0 345 0 512 1 2 355 4 515 19 36 385 42 
323 829 816 315 457 79 590 592 77 210 17 565 550 31 189 178 674 645 194 330 126 621 678 118 316 
0 0 184 1 0 484 478 674 510 536 0 0 186 0 0 7 11 183 8 11 100 83 274 95 107 
0 285 247 433 1 0 291 234 390 1 40 303 294 485 42 0 247 240 389 2 0 256 263 428 3 
0 0 6 1436 0 8 8 23 1392 4 0 0 12 1424 0 4 6 22 1487 6 0 0 12 1436 0 
458 225 754 439 1037 394 134 635 350 963 646 369 927 669 1188 1021 757 1306 1018 1549 502 213 749 442 1032 
16 113 7 31 4 0 84 0 19 0 0 91 0 18 0 8 93 4 25 3 1058 1163 1093 1055 1047 
591 433 38 157 18 1080 847 439 559 391 809 600 129 229 98 791 533 134 224 113 600 418 29 121 12 
1240 1810 1108 1080 1176 389 861 207 155 202 580 1169 468 389 509 295 746 122 60 189 364 829 175 108 201 
402 447 455 645 577 21 11 8 183 65 13 13 6 145 70 21 15 16 192 80 209 181 163 361 232 
248 242 224 252 569 58 91 115 57 402 3 11 63 11 352 303 375 364 342 732 1017 1083 1080 1040 1376 
872 297 290 1082 1086 1347 733 785 1643 1690 857 335 276 1127 1172 588 81 69 802 893 1002 493 505 1246 1242 
35 302 51 7 30 55 329 79 59 80 24 301 27 0 10 345 582 351 334 303 57 349 51 23 27 
