3901 4468 3884 3978 3093 4204 4797 4248 4186 3282 3991 4629 4073 4128 3241 3840 4439 3936 4024 3046 3974 4572 4044 4035 3086 
674 236 399 286 489 470 38 193 24 277 1015 513 735 515 766 671 182 356 199 388 1747 1251 1439 1364 1535 
404 392 452 373 586 0 0 9 0 132 156 128 175 135 277 20 22 50 21 161 0 0 12 0 157 
0 2175 0 0 0 0 2245 0 0 0 0 2085 0 0 0 0 2158 0 0 0 0 2080 0 0 0 
40 18 25 1070 47 10 0 12 1051 29 643 569 588 1601 589 136 116 109 1186 171 36 9 20 999 44 
0 0 3 0 0 0 4 0 1 0 0 0 3 0 0 693 690 681 661 684 200 189 200 199 212 
1418 12 0 8 0 1461 9 7 10 11 1474 27 27 35 22 1437 6 0 5 0 1434 7 0 10 0 
0 0 2080 5 38 0 0 2082 3 28 0 0 1944 2 26 0 0 2076 3 21 0 0 2008 5 30 
0 0 0 21 9 1832 1734 1785 1756 1815 0 0 0 25 15 0 0 0 22 7 0 0 0 20 15 
13 427 0 697 0 100 503 71 838 79 57 456 48 771 71 103 518 73 791 73 40 383 0 728 0 
289 17 244 0 0 282 11 228 0 0 299 18 258 4 2 299 24 264 0 0 289 26 243 10 10 
0 0 23 0 1265 1 9 33 1 1270 0 0 42 0 1267 0 1 43 1 1295 3 5 34 1 1246 
0 3 0 286 0 62 74 70 356 91 70 86 83 417 81 0 0 0 317 0 264 267 269 602 285 
409 341 696 668 370 68 32 404 360 52 295 213 621 526 212 56 17 393 331 50 119 77 478 382 75 
585 586 605 638 586 0 0 0 0 0 0 0 0 0 0 0 0 0 0 0 0 0 0 0 0 
0 376 0 0 157 0 372 0 0 163 233 679 250 259 399 0 404 0 0 157 14 429 17 23 190 
0 0 0 0 0 0 0 0 0 0 1100 1122 1081 1104 1171 0 0 0 0 0 0 0 0 0 0 
175 75 912 409 79 524 359 1241 732 417 120 49 794 275 11 660 533 1473 847 539 205 140 981 372 81 
6 0 243 7 0 4 0 206 7 0 221 261 451 256 239 6 0 201 34 12 2 0 248 6 0 
244 139 275 100 530 659 588 739 491 934 644 598 735 585 894 226 157 263 72 496 235 166 310 115 559 
47 0 0 0 0 69 9 9 10 19 54 0 0 0 0 1128 1113 1139 1120 1048 41 0 0 0 0 
498 0 0 358 1 476 2 0 378 0 467 0 0 345 0 514 5 9 365 1 513 22 26 389 36 
287 795 882 299 447 67 569 653 70 214 20 528 629 22 204 161 636 713 177 325 135 603 745 133 300 
0 0 179 0 0 444 419 620 437 482 0 0 176 0 0 9 17 189 4 9 91 77 245 77 105 
0 262 246 456 1 0 272 246 409 2 37 274 293 517 43 0 231 233 411 2 0 256 266 435 3 
0 0 2 1328 0 7 8 12 1301 3 0 0 9 1322 0 4 6 16 1394 6 0 0 9 1334 0 
482 251 730 484 1030 379 137 627 343 893 617 363 868 611 1098 1009 770 1284 1006 1498 488 230 667 435 986 
13 110 2 25 3 0 79 0 19 0 0 106 0 19 0 8 102 4 25 3 997 1079 1017 992 969 
569 396 45 188 12 1207 947 606 811 524 862 577 207 311 118 828 542 131 305 95 581 395 34 178 6 
1299 1863 1178 1087 1240 400 911 229 138 284 586 1239 482 391 581 314 787 123 60 236 400 833 186 105 238 
366 439 416 595 551 15 8 3 185 64 13 13 2 151 71 20 13 5 165 87 204 193 146 334 274 
232 209 229 234 534 61 105 127 72 410 3 10 71 9 354 322 389 396 350 783 1082 1132 1158 1133 1463 
900 290 297 1107 1098 1385 837 804 1777 1681 901 417 334 1225 1245 599 125 111 881 923 1118 641 601 1485 1388 
39 335 30 9 21 61 353 71 54 80 23 336 7 0 5 414 683 407 402 406 89 408 73 53 63 
