5101 4969 4613 5167 4334 5855 5837 5501 6059 5030 5604 5550 5135 5722 4931 4804 4859 4484 5105 4119 5481 5432 5094 5523 4597 
767 545 687 643 1184 318 101 262 173 708 434 230 391 264 831 581 302 476 391 983 2527 2243 2360 2392 2926 
474 496 498 495 667 0 0 7 0 121 148 129 160 157 249 4 12 31 10 134 0 0 10 0 149 
0 2159 0 0 0 0 2233 0 0 0 0 2085 0 0 0 0 2161 0 0 0 0 2050 0 0 0 
46 12 33 1068 27 10 0 35 1026 16 640 522 640 1588 603 137 125 114 1159 162 31 9 28 1023 27 
6 133 11 1 3 6 179 14 9 17 8 117 6 0 1 1074 1230 1051 1090 1033 298 480 273 275 308 
1439 7 0 3 0 1443 4 10 14 8 1484 32 36 36 32 1439 1 0 8 0 1442 3 0 5 0 
0 0 1967 15 34 0 0 1961 12 27 0 0 1871 4 23 0 0 1981 11 21 0 0 1891 8 27 
0 0 0 11 26 1785 1678 1743 1727 1754 0 0 0 15 32 0 0 0 6 31 0 0 0 13 33 
6 393 0 698 0 130 506 108 825 122 58 421 28 759 42 144 500 129 808 114 13 357 0 675 0 
392 20 232 0 0 423 11 198 0 0 449 22 254 10 12 395 12 228 3 2 562 179 367 143 146 
0 0 25 2 1223 3 12 41 12 1247 0 0 37 3 1199 0 1 45 3 1269 7 13 41 13 1226 
0 14 0 288 0 115 123 104 385 129 94 104 88 422 85 0 15 0 318 0 278 277 270 606 285 
558 459 873 929 525 160 61 516 515 131 348 236 661 659 317 85 25 405 412 79 176 118 559 541 179 
585 586 605 638 586 0 0 0 0 0 0 0 0 0 0 0 0 0 0 0 0 0 0 0 0 
0 498 0 0 257 0 500 0 0 271 195 795 250 217 511 0 531 0 0 255 15 570 24 26 320 
0 0 0 0 0 0 0 0 0 0 1192 1226 1173 1249 1264 0 0 0 0 0 0 0 0 0 0 
85 56 937 338 66 545 451 1254 737 474 13 34 808 228 14 656 606 1501 829 578 176 140 983 387 102 
119 0 368 113 0 121 0 370 106 0 369 282 620 368 264 147 16 355 120 12 110 0 398 103 0 
218 59 168 221 613 709 583 699 698 1180 542 467 542 646 974 243 119 216 233 641 199 128 243 308 661 
17 0 0 0 0 58 11 22 14 28 18 0 0 0 0 1120 1094 1125 1107 1033 14 0 0 0 0 
412 76 33 389 37 367 46 0 390 0 372 34 0 354 0 416 73 40 408 43 431 65 41 409 48 
281 745 838 292 399 62 519 565 70 155 1 457 522 5 95 166 592 656 158 263 55 468 608 50 142 
0 0 154 0 0 432 388 608 443 448 0 0 155 0 0 5 1 180 0 2 100 73 228 77 90 
0 205 208 285 1 0 224 213 274 1 36 237 259 361 38 0 207 211 280 2 0 220 230 298 3 
0 0 12 1459 0 7 8 29 1429 3 0 0 11 1457 0 4 6 28 1534 6 0 0 23 1475 0 
469 275 622 366 931 306 86 417 187 749 537 312 723 422 899 955 763 1145 868 1424 436 238 565 351 921 
10 119 2 28 5 0 78 0 19 0 0 103 0 20 0 7 114 4 26 4 988 1120 1030 1008 970 
538 394 11 121 14 976 813 433 537 404 684 525 96 179 71 750 507 127 227 125 556 370 15 105 8 
1367 1995 1180 1146 1255 417 979 225 159 213 675 1376 520 416 515 345 814 146 65 187 406 917 195 140 188 
