3885 4535 3848 3992 3118 4298 5059 4438 4395 3502 4088 4803 4190 4228 3381 3914 4617 4051 4101 3115 3963 4580 4077 3981 3161 
748 289 445 303 533 558 43 217 14 281 1030 435 649 477 718 623 73 271 86 344 2016 1520 1609 1611 1760 
391 368 408 337 559 0 0 8 0 128 151 127 174 146 278 23 23 48 20 161 0 0 11 0 156 
0 2141 0 0 0 0 2211 0 0 0 0 2072 0 0 0 0 2136 0 0 0 0 2033 0 0 0 
29 10 25 993 46 11 0 17 978 30 561 508 548 1462 535 130 120 103 1091 170 28 10 13 966 46 
0 0 4 0 0 1 6 1 12 2 0 0 4 0 0 727 737 729 711 725 215 192 203 209 230 
1317 9 0 5 0 1292 15 18 26 20 1349 31 37 46 30 1305 3 0 5 0 1301 4 0 8 0 
0 0 2022 21 33 0 0 2012 21 27 0 0 1904 14 23 0 0 2031 15 22 0 0 1959 13 27 
0 0 0 24 11 1778 1704 1751 1728 1767 0 0 0 25 12 0 0 0 23 12 0 0 0 19 15 
4 423 0 676 0 91 496 63 808 55 62 461 40 764 43 155 537 90 823 110 11 377 0 676 0 
273 16 227 0 0 261 12 217 0 0 267 20 233 4 1 273 20 235 0 11 285 28 237 10 11 
0 2 27 0 1266 1 9 30 3 1284 0 0 35 0 1280 0 2 42 1 1312 7 14 43 4 1274 
0 2 0 288 0 106 105 89 370 124 87 86 78 418 77 0 0 0 315 0 274 264 267 602 280 
448 406 744 772 443 33 27 413 408 78 268 201 607 554 253 17 6 377 354 62 107 100 463 408 117 
585 586 605 638 586 0 0 0 0 0 0 0 0 0 0 0 0 0 0 0 0 0 0 0 0 
0 428 0 0 171 0 418 0 0 177 239 781 263 284 450 0 475 0 0 174 14 495 19 24 223 
0 0 0 0 0 0 0 0 0 0 1090 1124 1083 1114 1182 0 0 0 0 0 0 0 0 0 0 
224 101 1064 459 104 629 439 1357 806 455 141 60 914 307 23 759 643 1612 948 603 307 214 1153 515 174 
21 0 249 55 0 18 0 207 50 0 286 300 515 332 271 37 6 220 68 2 9 0 245 54 0 
312 127 305 122 540 675 543 754 486 947 682 557 765 593 922 259 136 247 91 476 242 142 293 120 535 
13 0 0 0 0 41 11 17 11 23 10 0 0 0 0 1108 1122 1157 1131 1063 9 0 0 0 0 
443 49 33 389 37 409 0 0 381 0 399 0 0 353 0 430 4 5 373 0 458 20 24 390 33 
290 731 790 289 414 73 551 563 73 157 18 479 535 18 134 185 596 666 188 288 65 513 604 55 181 
0 0 195 0 0 503 450 701 485 535 0 0 183 0 0 10 11 205 4 12 94 78 256 80 98 
0 214 210 298 1 0 233 217 271 1 35 236 262 354 36 0 208 214 285 2 0 212 235 289 3 
0 0 8 1478 0 8 8 36 1454 9 0 0 13 1484 0 4 6 26 1542 6 0 0 16 1502 0 
445 288 756 501 1000 349 133 607 324 898 580 365 899 602 1036 969 774 1295 997 1491 426 219 686 412 956 
6 121 2 24 3 0 133 0 19 0 0 177 0 19 0 7 155 4 26 3 922 1061 941 932 889 
626 365 11 91 14 1107 791 415 503 357 795 507 92 125 60 844 505 109 185 109 630 368 11 73 2 
1254 1831 1133 1078 1200 391 856 226 167 220 588 1177 472 391 492 320 737 144 87 195 359 817 165 126 168 
307 342 305 322 320 13 1 0 36 0 18 0 4 43 4 17 0 0 40 0 175 150 125 170 163 
200 192 208 185 498 41 59 76 22 348 3 10 61 0 327 305 332 362 287 725 930 927 973 927 1252 
1038 382 432 1370 1273 1520 866 855 1951 1779 1132 510 421 1404 1431 707 134 108 1037 1028 1371 797 786 1726 1542 
31 257 21 6 17 41 252 30 18 32 22 269 5 0 3 349 568 327 345 301 83 335 62 52 60 
