3975 4396 3828 3887 2968 4185 4657 4188 4042 3180 4114 4576 4086 4035 3176 3970 4367 3929 3966 2989 4018 4479 4026 3903 2942 
767 271 490 370 670 512 44 265 110 400 1159 536 839 650 941 724 179 438 284 555 1916 1364 1578 1549 1764 
399 385 421 341 587 0 0 6 0 142 151 129 165 131 299 21 22 42 21 159 0 0 14 0 148 
0 2217 0 0 0 0 2292 0 0 0 0 2127 0 0 0 0 2208 0 0 0 0 2124 0 0 0 
44 17 26 1135 48 14 0 15 1087 30 682 595 635 1646 620 143 128 96 1191 165 36 8 15 1054 44 
0 0 4 0 0 0 8 0 1 0 0 0 2 0 0 728 723 702 688 703 218 192 223 231 253 
1468 5 0 5 0 1508 16 21 24 21 1529 31 31 35 23 1470 1 0 6 0 1502 3 0 2 0 
0 0 2077 19 38 0 0 2063 13 32 0 0 1925 8 24 0 0 2074 14 22 0 0 2000 11 28 
0 0 0 21 23 1742 1658 1712 1687 1704 0 0 0 25 34 0 0 0 22 29 0 0 0 20 34 
4 411 0 698 0 147 505 118 889 122 28 418 26 763 42 146 537 129 846 116 21 375 0 710 0 
293 16 240 0 0 270 12 221 0 0 290 12 241 6 1 277 23 244 0 0 292 25 230 10 10 
0 8 35 0 1255 1 11 37 2 1277 0 0 55 0 1265 0 3 40 1 1321 5 17 44 2 1252 
0 3 0 291 0 87 97 80 378 122 81 90 80 435 76 0 0 0 322 0 282 274 276 629 291 
405 350 660 635 322 93 33 363 367 31 292 223 587 491 188 86 33 364 312 35 122 79 443 372 56 
612 612 639 667 616 0 0 0 0 0 0 0 0 0 0 0 0 0 0 0 0 0 0 0 0 
0 429 0 0 158 0 445 0 0 172 247 792 261 278 417 0 479 0 0 168 16 488 19 23 206 
0 0 0 0 0 0 0 0 0 0 1097 1120 1083 1124 1186 0 0 0 0 0 0 0 0 0 0 
133 33 949 353 64 463 318 1253 655 349 78 21 814 237 5 597 498 1472 747 486 229 141 1053 407 133 
15 0 260 22 0 16 0 221 14 0 242 267 492 273 255 32 1 223 36 12 7 0 268 14 0 
247 106 241 54 513 621 541 699 447 927 622 564 712 517 887 176 105 176 31 439 204 125 240 71 517 
14 0 0 0 0 79 34 50 38 58 19 0 0 0 0 1123 1115 1139 1135 1045 16 0 0 0 0 
489 0 0 344 1 473 0 0 375 0 468 0 0 343 0 503 2 17 361 11 518 17 41 395 48 
296 872 859 318 474 79 657 642 94 218 38 586 597 38 190 231 782 753 235 364 99 638 701 93 236 
0 0 178 0 0 444 415 620 437 482 0 0 177 0 0 9 9 190 4 8 90 79 243 72 98 
0 283 255 439 1 0 298 241 391 1 38 299 289 488 41 0 246 245 398 2 0 259 265 438 3 
0 0 0 1350 0 7 8 10 1318 3 0 0 4 1363 0 4 6 7 1406 6 0 0 4 1352 0 
475 255 766 484 1049 385 172 679 400 966 623 394 986 680 1158 1063 811 1362 1067 1632 450 186 722 485 1046 
14 114 4 27 7 0 80 0 19 0 0 100 1 19 2 7 103 4 25 3 1060 1175 1085 1061 1060 
576 368 67 155 28 1085 883 552 632 479 802 569 216 230 122 729 466 123 232 98 567 386 56 137 42 
1212 1837 1132 1061 1175 354 842 188 126 162 561 1203 450 378 477 291 749 135 65 154 352 808 155 108 177 
416 463 491 737 643 32 22 24 260 136 13 14 6 228 112 18 13 9 216 122 204 191 154 397 286 
219 198 196 192 496 56 82 74 45 341 3 11 32 5 316 309 373 375 333 737 1009 1062 1068 1032 1363 
792 296 254 1110 1043 1544 999 949 1920 1820 703 341 194 1135 1145 537 192 119 910 877 1009 647 530 1357 1305 
25 270 5 1 8 51 302 44 49 61 21 278 0 0 0 283 512 271 305 264 59 328 23 19 14 
