5112 4993 4692 5198 4290 5860 5804 5529 6139 5093 5636 5632 5235 5802 4909 4842 4889 4561 5153 4180 5456 5415 5154 5571 4534 
750 511 661 693 1203 272 97 241 158 699 403 190 371 196 889 544 292 441 391 1004 2599 2342 2431 2474 3097 
488 532 512 502 685 0 0 6 1 114 150 134 159 166 256 0 3 28 7 135 0 0 10 0 162 
0 2179 0 0 0 0 2248 0 0 0 0 2113 0 0 0 0 2164 0 0 0 1 2058 0 0 0 
41 16 21 1105 35 19 0 19 1084 20 659 536 652 1671 624 141 119 99 1185 155 30 9 20 1048 36 
2 129 10 0 1 26 179 34 35 29 6 111 8 0 2 1133 1256 1077 1113 1062 316 478 294 278 312 
1443 4 0 4 0 1417 1 3 6 0 1433 31 30 32 28 1434 2 0 2 0 1422 1 0 5 0 
0 0 1985 31 36 0 0 1981 21 28 0 0 1885 19 25 0 0 1999 21 21 0 0 1927 13 29 
0 0 0 9 26 1785 1690 1777 1745 1806 0 0 0 12 31 0 0 0 5 34 0 0 0 9 33 
1 386 0 633 0 111 485 87 731 99 41 404 22 685 35 126 481 102 740 97 5 347 0 627 0 
384 22 227 0 0 432 12 195 0 0 466 12 257 7 16 400 13 232 4 1 568 160 370 153 152 
0 19 40 1 1224 3 22 59 7 1244 0 13 55 1 1210 0 13 57 3 1273 11 25 53 7 1194 
0 14 0 288 0 115 123 104 385 129 94 104 88 422 85 0 15 0 318 0 278 277 270 606 285 
635 490 916 954 576 164 63 536 500 120 337 218 704 659 301 124 34 452 434 90 196 116 575 559 137 
585 586 605 638 586 0 0 0 0 0 0 0 0 0 0 0 0 0 0 0 0 0 0 0 0 
0 449 0 0 192 0 453 0 0 208 238 778 254 287 470 0 474 0 0 191 14 493 20 28 233 
0 0 0 0 0 0 0 0 0 0 1180 1216 1142 1193 1228 0 0 0 0 0 0 0 0 0 0 
97 57 986 313 53 516 379 1244 667 433 15 47 790 216 11 634 587 1502 810 564 154 124 977 355 92 
124 0 397 109 0 130 0 377 102 0 388 291 643 352 269 157 16 394 123 14 117 0 416 95 0 
226 81 155 228 710 746 607 702 715 1233 606 516 609 707 1049 240 135 197 226 681 208 137 244 312 735 
19 0 0 0 0 49 8 19 10 29 19 0 0 0 0 1116 1101 1128 1110 1037 14 0 0 0 0 
414 76 33 389 37 371 46 0 392 0 371 34 0 355 0 421 73 40 408 43 439 65 41 410 48 
271 723 705 267 392 61 519 486 61 185 1 428 418 0 140 133 560 548 120 240 27 480 469 34 167 
0 0 171 0 0 439 389 614 443 444 0 0 165 0 0 10 10 183 6 8 99 74 227 78 90 
0 199 207 350 1 0 224 220 324 1 35 222 263 407 36 0 206 213 345 2 0 211 231 347 3 
0 0 12 1409 0 8 8 29 1397 3 0 0 11 1413 0 4 6 23 1490 6 0 0 16 1430 0 
366 219 553 288 839 258 84 373 158 698 495 288 656 395 850 940 753 1117 850 1390 373 196 491 290 846 
7 98 1 29 5 0 76 0 19 0 0 98 0 19 0 8 108 4 27 3 1016 1097 1035 1012 1001 
572 374 10 114 11 1088 817 458 545 423 736 506 91 147 77 776 502 125 213 121 590 388 15 85 6 
1353 2058 1178 1164 1285 378 1097 242 175 198 592 1374 478 398 461 294 874 156 75 170 368 977 190 128 164 
