3797 4246 3576 3715 2728 3938 4422 3910 3845 2859 3847 4346 3685 3823 2838 3823 4232 3653 3769 2777 3851 4333 3768 3730 2741 
797 250 477 374 623 552 33 221 113 360 1318 689 956 712 1037 740 166 404 316 526 1958 1376 1584 1621 1732 
398 380 408 328 568 0 0 8 0 132 150 129 163 134 283 22 23 47 21 159 0 0 14 0 144 
0 2208 0 0 0 0 2310 0 0 0 0 2134 0 0 0 0 2209 0 0 0 0 2111 0 0 0 
50 12 24 1155 46 17 0 13 1106 25 624 549 594 1632 579 148 117 106 1216 169 54 7 17 1012 37 
0 0 4 0 0 0 4 0 1 0 0 0 2 0 0 694 696 673 660 682 199 188 200 200 215 
1520 6 0 4 0 1573 16 25 23 22 1560 20 18 19 11 1586 1 0 3 0 1573 3 0 3 0 
0 0 1989 26 36 0 0 1989 26 29 0 0 1884 17 25 0 0 2020 22 22 0 0 1954 15 30 
0 0 0 22 25 1773 1679 1735 1696 1744 0 0 0 23 30 0 0 0 22 29 0 0 0 20 32 
4 375 0 653 0 112 500 82 847 100 32 402 26 738 44 110 515 97 829 92 7 366 0 680 0 
279 19 278 0 0 261 12 273 0 0 274 12 282 5 1 226 8 277 0 0 286 30 281 13 13 
0 3 28 0 1206 1 6 27 2 1198 0 5 42 0 1238 0 1 39 1 1234 4 3 31 2 1195 
0 2 0 286 0 90 91 81 372 115 73 81 81 417 78 0 0 0 314 0 268 271 270 602 284 
387 332 668 652 335 59 22 383 357 50 293 212 620 511 220 49 10 374 312 44 110 83 476 401 102 
607 612 649 671 616 0 0 0 0 0 0 0 0 0 0 0 0 0 0 0 0 0 0 0 0 
0 420 0 0 178 0 434 0 0 184 239 758 265 283 435 0 472 0 0 177 14 480 19 23 221 
0 0 0 0 0 0 0 0 0 0 1156 1183 1140 1174 1246 0 0 0 0 0 0 0 0 0 0 
117 94 954 393 91 456 329 1238 660 353 42 47 781 270 7 624 555 1463 782 548 145 105 968 331 108 
21 0 322 35 0 17 0 273 18 0 246 269 556 288 252 38 3 279 36 8 8 0 308 25 0 
275 146 287 89 497 686 579 725 478 910 655 592 740 539 850 209 99 250 45 440 225 133 291 93 473 
55 0 0 0 0 93 18 41 28 32 67 0 0 0 0 1148 1113 1136 1130 1043 56 0 0 0 0 
440 1 0 343 1 392 0 0 369 0 413 0 0 338 0 418 3 17 360 13 453 23 41 387 48 
341 975 964 339 587 102 710 736 110 323 59 653 674 52 292 289 872 897 290 492 158 749 803 143 407 
0 0 178 0 0 444 419 620 437 482 0 0 177 0 0 8 11 197 5 11 92 78 245 76 102 
0 252 237 318 1 0 277 228 305 1 38 275 276 390 42 0 236 226 287 2 0 254 249 326 4 
0 0 9 1471 0 7 9 29 1408 3 0 0 10 1452 0 4 7 25 1535 6 0 0 12 1468 0 
531 243 874 568 1114 517 238 811 531 1086 747 441 1123 823 1331 1044 774 1397 1052 1605 590 235 855 606 1108 
18 115 9 31 13 0 63 0 19 0 0 91 1 20 2 10 114 5 27 4 1084 1192 1110 1109 1084 
632 458 73 184 33 1136 908 538 653 461 881 682 254 278 128 796 600 167 282 127 604 439 56 182 42 
1242 1837 1131 1029 1251 376 915 164 103 261 581 1240 454 370 548 293 745 95 48 222 363 843 136 113 271 
397 477 471 683 620 32 24 20 240 114 16 13 5 207 108 19 12 12 210 113 200 188 160 392 278 
249 249 225 233 557 63 110 107 63 451 5 13 69 6 360 347 396 397 362 812 1046 1091 1098 1096 1441 
699 265 233 1108 1049 1499 1027 1015 1961 1881 563 210 108 1040 1017 520 205 144 918 881 875 591 486 1239 1192 
34 238 9 6 12 52 276 43 49 60 22 250 0 0 0 312 491 281 325 284 78 298 44 46 52 
