3794 4207 3573 3712 2739 3988 4461 3908 3836 2850 3879 4325 3713 3856 2856 3798 4237 3666 3750 2775 3869 4354 3789 3755 2736 
775 248 459 366 616 556 31 217 117 359 1362 691 974 719 1043 744 161 395 334 512 1970 1322 1609 1601 1746 
379 373 402 327 565 0 0 7 0 128 155 129 168 131 273 20 22 45 21 149 0 0 11 0 140 
0 2225 0 0 0 0 2300 0 0 0 0 2135 0 0 0 0 2216 0 0 0 0 2124 0 0 0 
48 13 26 1142 45 12 0 15 1104 23 618 556 605 1633 592 147 123 120 1194 174 47 7 20 1015 36 
0 0 3 0 0 0 4 1 1 0 0 0 2 0 0 694 697 670 661 684 199 188 200 200 214 
1507 9 0 3 0 1563 18 24 23 25 1562 19 19 18 11 1580 1 0 3 0 1579 3 0 5 0 
0 0 1995 25 34 0 0 1974 24 30 0 0 1889 16 23 0 0 2011 16 24 0 0 1945 13 30 
0 0 0 21 24 1781 1672 1726 1697 1722 0 0 0 24 30 0 0 0 22 32 0 0 0 21 32 
2 380 0 656 0 101 501 78 858 93 28 398 25 754 41 112 508 91 836 96 11 373 0 677 0 
278 18 270 0 0 256 13 275 0 0 269 11 265 5 1 222 8 274 0 0 278 29 280 10 14 
0 3 29 0 1197 1 6 26 2 1197 0 4 40 0 1225 0 1 38 1 1235 5 5 29 1 1183 
0 4 0 286 0 82 95 81 367 117 75 86 77 420 75 0 0 0 313 0 270 268 269 600 284 
393 332 655 636 333 51 18 375 355 57 282 217 604 512 221 36 9 359 309 39 113 94 445 381 97 
604 610 650 677 621 0 0 0 0 0 0 0 0 0 0 0 0 0 0 0 0 0 0 0 0 
0 432 0 0 175 0 436 0 0 187 238 756 267 281 437 0 469 0 0 185 15 492 18 23 217 
0 0 0 0 0 0 0 0 0 0 1154 1175 1137 1157 1229 0 0 0 0 0 0 0 0 0 0 
134 92 980 401 70 461 315 1249 651 353 52 48 788 267 9 641 553 1464 794 537 162 102 980 357 108 
23 0 324 28 0 20 0 278 22 0 264 270 552 288 256 34 3 288 42 8 9 0 321 25 0 
265 144 278 92 512 684 572 752 488 938 651 605 723 551 857 206 106 236 52 439 227 129 290 91 489 
55 0 0 0 0 90 19 39 24 34 66 0 0 0 0 1148 1116 1136 1133 1046 54 0 0 0 0 
438 2 0 353 1 397 0 0 379 0 398 0 0 338 0 415 3 17 356 14 453 22 41 384 48 
341 969 975 339 583 104 702 730 105 321 51 625 674 49 292 278 841 892 276 499 148 740 803 135 414 
0 0 179 0 0 444 419 619 437 482 0 0 177 0 0 8 10 200 4 9 92 78 245 76 103 
0 260 232 318 1 0 275 223 303 1 37 274 267 392 43 0 229 224 287 3 0 251 240 314 4 
0 0 10 1466 0 7 9 31 1399 3 0 0 14 1447 0 4 7 26 1533 6 0 0 13 1479 0 
542 259 865 570 1119 509 233 812 557 1101 738 469 1124 808 1320 1078 774 1406 1090 1643 595 235 860 600 1124 
20 108 7 34 15 0 63 0 20 0 0 94 1 21 2 11 105 5 26 3 1075 1182 1105 1111 1084 
631 461 64 201 35 1152 923 512 667 454 848 674 237 269 140 809 608 156 285 130 626 441 52 179 33 
1248 1847 1160 1047 1233 392 899 172 114 262 588 1252 470 374 547 302 749 104 61 234 358 850 130 123 263 
403 460 458 673 628 34 22 25 242 115 17 14 5 207 107 21 11 11 206 110 202 189 153 393 277 
262 237 243 243 558 64 114 122 65 458 4 12 65 6 365 350 405 413 344 794 1049 1116 1124 1089 1460 
713 281 231 1093 1073 1450 1026 1020 1914 1865 539 195 104 1018 1007 504 202 148 893 858 818 566 460 1250 1168 
35 241 9 7 10 49 285 44 49 61 26 262 0 0 0 315 512 283 337 284 77 310 44 46 52 
