3921 4397 3802 3893 2920 4144 4700 4190 4011 3148 4092 4698 4061 4036 3119 3936 4421 3957 3960 3018 3928 4456 3941 3852 2883 
800 262 480 336 653 537 30 214 53 346 1244 622 895 659 948 696 144 393 249 498 1940 1390 1643 1580 1789 
394 379 412 352 565 0 0 6 0 117 163 130 179 146 261 22 22 44 21 149 0 0 12 0 137 
0 2193 0 0 0 0 2280 0 0 0 0 2101 0 0 0 0 2194 0 0 0 0 2116 0 0 0 
39 17 27 1154 39 14 0 13 1111 17 702 560 677 1702 646 131 124 106 1210 160 32 7 20 1032 33 
0 0 3 0 0 0 4 0 5 0 0 0 3 0 0 731 737 724 702 710 210 199 209 208 228 
1478 9 0 4 0 1501 17 18 25 20 1550 40 43 48 43 1503 5 0 6 0 1498 4 0 6 0 
0 0 2088 13 39 0 0 2127 7 30 0 0 1984 4 23 0 0 2150 9 26 0 0 2033 4 29 
0 0 0 22 24 1754 1656 1719 1695 1716 0 0 0 27 32 0 0 0 22 31 0 0 0 20 32 
17 413 0 591 0 113 500 60 751 100 46 438 26 678 39 117 527 87 773 98 45 378 0 608 0 
303 16 235 0 0 282 11 241 0 0 309 13 253 7 1 293 25 250 0 0 298 26 243 10 10 
0 4 31 0 1265 1 6 35 3 1267 0 0 49 1 1256 0 4 37 1 1288 4 8 36 3 1233 
0 2 0 287 0 83 102 92 373 118 78 83 81 420 84 0 0 0 314 0 270 274 270 603 285 
426 340 667 637 352 81 33 391 364 37 297 217 633 526 203 83 30 385 337 39 144 100 455 354 63 
622 611 658 670 615 0 0 0 0 0 0 0 0 0 0 0 0 0 0 0 0 0 0 0 0 
0 404 0 0 160 0 397 0 0 172 238 726 266 269 423 0 461 0 0 172 14 462 18 23 205 
0 0 0 0 0 0 0 0 0 0 1085 1124 1075 1106 1163 0 0 0 0 0 0 0 0 0 0 
111 34 887 368 20 456 289 1190 672 362 67 27 737 254 6 624 502 1360 746 482 173 95 951 362 64 
13 0 303 23 0 10 0 218 22 0 228 265 495 264 243 16 0 242 36 12 8 0 296 20 0 
236 105 278 62 533 594 503 689 381 866 592 552 710 481 845 166 75 190 9 409 156 107 251 37 460 
22 0 0 0 0 74 25 36 25 42 37 0 0 0 0 1124 1116 1139 1121 1044 23 0 0 0 0 
394 0 0 345 1 372 0 0 379 0 373 0 0 344 0 405 1 17 375 12 418 20 41 383 48 
316 921 905 347 513 88 666 651 107 251 59 601 624 63 240 250 788 783 260 413 167 678 734 157 336 
0 0 179 0 0 444 419 620 434 482 0 0 176 0 0 9 9 183 5 10 91 71 243 74 97 
0 257 241 419 2 0 280 224 375 1 38 279 281 475 42 0 243 226 382 2 0 261 249 415 3 
0 0 2 1450 0 8 8 28 1439 4 0 0 8 1438 0 4 6 21 1491 6 0 0 9 1461 0 
529 270 822 569 1066 478 203 766 514 1039 696 428 1034 762 1264 1105 832 1423 1122 1659 576 265 793 599 1139 
9 123 2 26 4 0 69 0 21 0 0 97 0 18 0 7 95 4 25 3 1002 1121 1048 1037 987 
642 409 50 166 21 1196 888 509 616 462 846 550 168 233 108 799 487 113 219 91 647 378 44 142 39 
1253 1844 1130 1058 1203 343 864 108 105 167 559 1188 399 371 466 289 738 84 59 149 380 823 145 115 215 
405 443 444 640 573 19 9 16 193 73 13 5 2 155 72 22 6 2 157 71 212 174 152 353 247 
257 240 233 226 557 62 79 98 58 360 3 18 40 14 337 293 338 358 298 720 1060 1090 1107 1112 1408 
667 262 189 1051 1051 1541 1107 1030 2032 1978 561 246 87 1060 1138 520 221 97 937 956 924 637 489 1338 1331 
36 260 9 7 11 53 286 46 49 61 25 288 0 0 0 332 535 303 333 294 81 330 44 46 55 
