4891 4913 4366 4862 4019 5715 5800 5316 5843 4901 5345 5456 4884 5386 4595 4584 4782 4273 4790 3844 5229 5304 4821 5237 4313 
930 605 762 778 1237 416 84 277 195 713 599 267 457 325 897 609 207 411 350 896 2583 2163 2333 2350 2859 
437 477 499 455 691 0 0 6 0 135 153 142 174 156 290 22 25 47 24 180 0 0 10 0 156 
0 2236 0 0 0 0 2290 0 0 0 0 2174 0 0 0 0 2205 0 0 0 0 2122 0 0 0 
37 14 27 1117 47 12 0 10 1050 30 667 528 586 1639 603 147 108 106 1159 167 38 8 14 1050 46 
9 144 25 9 5 12 185 12 21 13 5 121 4 0 0 1136 1303 1146 1170 1090 295 477 305 303 306 
1350 8 0 3 0 1350 16 18 22 23 1380 65 59 74 52 1356 3 0 5 0 1330 3 0 8 0 
0 0 2067 35 7 0 0 2070 22 12 0 0 1961 11 6 0 0 2084 16 7 0 0 1988 12 11 
0 0 0 22 25 1739 1656 1697 1684 1729 0 0 0 24 30 0 0 0 22 32 0 0 0 19 33 
38 369 0 763 0 180 528 134 952 131 63 343 43 789 49 156 516 128 908 124 51 365 0 770 0 
409 21 233 0 0 454 13 213 0 0 475 28 261 16 18 427 21 246 7 6 605 167 384 147 149 
0 20 29 0 1275 2 21 39 7 1259 0 18 53 2 1244 0 18 38 2 1313 7 23 51 4 1250 
0 2 0 284 0 94 106 87 374 115 84 87 73 411 72 0 0 0 314 0 273 267 259 599 279 
518 415 751 861 514 152 79 451 523 181 360 258 652 694 328 105 35 392 436 139 212 190 537 585 246 
585 586 605 638 586 0 0 0 0 0 0 0 0 0 0 0 0 0 0 0 0 0 0 0 0 
0 480 0 0 188 0 464 0 0 202 219 806 258 272 426 0 490 0 0 184 6 556 9 14 234 
0 0 0 0 0 0 0 0 0 0 1159 1193 1139 1171 1231 0 0 0 0 0 0 0 0 0 0 
109 66 928 327 80 529 404 1212 684 436 7 31 762 211 16 638 624 1432 786 581 240 178 975 433 151 
90 0 367 116 0 97 0 347 114 0 350 286 591 379 266 117 15 357 133 9 72 0 377 110 0 
239 52 168 246 623 714 578 713 741 1135 588 446 566 713 1001 266 111 195 263 670 222 97 240 321 657 
47 0 0 0 0 82 12 24 13 23 53 0 0 0 0 1117 1083 1116 1096 1020 45 0 0 0 0 
430 49 33 382 37 373 2 0 382 0 385 1 0 351 0 418 43 31 399 39 425 21 26 397 35 
270 716 751 284 409 61 528 536 67 189 4 463 499 13 141 155 583 580 166 265 88 514 567 75 225 
0 0 183 0 0 524 466 713 513 541 0 0 184 0 0 10 12 204 5 10 111 85 276 88 97 
0 223 219 367 1 0 244 230 340 1 35 245 275 428 36 0 216 230 361 2 0 223 240 364 3 
0 0 1 1327 0 7 8 13 1308 3 0 0 6 1347 0 4 6 11 1405 6 0 0 7 1345 0 
605 367 863 583 1199 379 146 615 328 934 639 416 925 603 1166 1071 860 1358 1061 1666 490 283 781 462 1095 
8 107 2 28 3 0 76 0 19 0 0 94 0 20 0 7 114 4 28 4 1019 1158 1073 1052 1030 
536 367 8 87 7 981 813 414 499 385 697 505 94 130 66 781 499 131 208 126 574 392 17 79 22 
1352 1978 1190 1142 1234 375 912 188 119 145 634 1323 480 396 469 351 807 158 65 142 386 874 186 130 159 
