4896 4927 4418 4902 4031 5664 5722 5286 5773 4845 5384 5467 4870 5425 4645 4558 4735 4264 4758 3865 5218 5292 4816 5200 4271 
928 566 715 747 1204 424 97 280 221 737 612 268 482 359 858 619 201 424 364 883 2536 2127 2342 2375 2848 
452 498 494 461 691 0 0 6 0 135 154 136 169 147 289 20 23 44 22 165 0 0 12 0 150 
0 2228 0 0 0 0 2274 0 0 0 0 2155 0 0 0 0 2209 0 0 0 0 2096 0 0 0 
36 13 24 1076 49 13 0 7 1043 29 620 496 591 1549 580 131 117 90 1147 162 43 7 10 1031 45 
7 164 19 2 11 17 196 17 23 10 7 151 8 0 1 1131 1328 1150 1161 1087 315 499 299 297 321 
1338 9 0 3 0 1363 17 19 26 20 1406 57 59 74 53 1360 2 0 5 0 1362 3 0 6 0 
0 0 2086 23 15 0 0 2065 18 14 0 0 1960 9 11 0 0 2086 18 4 0 0 1995 10 5 
0 0 0 22 25 1747 1652 1708 1698 1734 0 0 0 25 32 0 0 0 29 35 0 0 0 20 34 
45 350 0 750 0 180 496 134 943 136 60 343 38 809 50 155 488 128 894 119 47 364 0 757 0 
392 22 224 0 0 422 16 204 0 0 467 24 255 15 15 409 24 252 5 3 577 164 363 138 149 
0 19 33 1 1265 2 20 38 8 1276 0 16 49 2 1234 0 15 38 2 1304 12 26 52 7 1266 
0 2 0 284 0 100 100 88 366 116 77 88 80 412 68 0 0 0 315 0 274 268 264 599 277 
510 414 747 867 508 155 76 447 526 186 363 251 660 703 351 115 41 392 438 142 215 184 544 599 263 
585 586 605 638 586 0 0 0 0 0 0 0 0 0 0 0 0 0 0 0 0 0 0 0 0 
0 421 0 0 170 0 426 0 0 178 232 747 251 273 433 0 453 0 0 181 15 495 23 28 218 
0 0 0 0 0 0 0 0 0 0 1136 1189 1134 1143 1219 0 0 0 0 0 0 0 0 0 0 
119 77 922 336 79 543 424 1220 690 441 17 38 760 213 11 661 613 1441 807 595 224 209 988 438 149 
87 0 371 118 0 95 0 352 119 0 344 286 597 378 266 107 15 342 135 12 67 0 370 110 0 
253 58 190 271 667 731 605 726 742 1179 632 494 620 752 1045 297 129 216 265 687 256 127 258 344 703 
50 0 0 0 0 78 10 19 11 23 48 0 0 0 0 1116 1083 1116 1094 1018 40 0 0 0 0 
440 53 33 384 37 370 3 0 387 0 374 1 0 348 0 426 42 34 398 39 413 18 26 392 32 
268 767 761 282 427 64 564 553 71 182 2 520 512 8 156 169 621 614 175 300 83 560 585 73 222 
0 0 196 0 0 527 473 714 515 524 0 0 193 0 0 14 9 198 5 10 109 83 281 91 103 
0 222 214 375 2 0 236 234 349 1 35 245 277 425 36 0 221 222 366 2 0 216 241 364 3 
0 0 2 1346 0 7 8 14 1319 3 0 0 6 1354 0 4 6 11 1409 6 0 0 9 1360 0 
595 322 827 561 1176 354 142 592 318 921 627 380 859 577 1119 1054 844 1324 1054 1627 465 248 743 447 1080 
8 110 2 26 3 0 78 0 19 0 0 104 0 18 0 7 106 6 25 3 1068 1182 1060 1062 1035 
559 399 40 111 30 1033 865 434 525 412 701 539 94 142 61 776 537 132 221 128 560 399 17 73 9 
1322 1988 1154 1130 1211 359 931 178 110 134 603 1301 462 401 469 348 824 154 67 145 402 903 178 133 173 
