5801 5749 5360 5789 5204 6970 7017 6614 7030 6283 6640 6745 6304 6693 6091 6111 6257 5977 6365 5597 6107 6204 5866 6129 5523 
885 601 718 796 1303 392 114 270 232 800 576 254 412 387 974 752 389 521 538 1118 3029 2624 2775 2925 3402 
1644 2339 1603 1520 1853 291 873 213 124 370 710 1376 648 524 769 311 831 200 94 404 336 892 202 122 423 
0 2043 0 0 0 0 2099 0 0 0 0 1976 0 0 0 0 2063 0 0 0 0 1983 0 0 0 
28 30 109 1634 42 10 17 90 1597 29 506 471 561 2083 503 121 126 200 1797 163 26 22 102 1628 42 
29 161 20 6 11 41 209 35 7 7 21 167 3 0 1 1045 1220 1042 1001 993 302 491 282 257 297 
1434 9 0 10 0 1460 24 21 35 21 1449 53 51 61 44 1430 1 0 11 0 1443 4 0 15 0 
0 0 1999 72 33 0 0 1992 58 27 19 20 1929 75 41 0 1 2000 42 21 0 0 1942 45 27 
0 0 67 21 25 2100 1982 2222 2036 2132 0 0 78 25 33 0 0 93 23 34 75 57 147 82 122 
20 470 1 754 1 178 588 152 949 155 119 521 85 879 87 155 555 147 914 113 46 406 0 780 0 
351 32 206 0 0 390 26 182 0 0 426 45 233 43 52 367 44 216 19 15 527 180 336 156 154 
0 6 54 0 1162 0 5 58 0 1136 0 3 68 0 1149 0 2 70 0 1225 0 8 48 0 1110 
0 14 0 288 0 115 123 104 385 129 94 104 88 422 85 0 15 0 318 0 278 277 270 606 285 
657 477 972 950 730 228 74 545 497 278 403 225 742 666 459 217 80 556 457 296 256 187 651 580 371 
585 586 605 638 586 0 0 0 0 0 0 0 0 0 0 0 0 0 0 0 0 0 0 0 0 
0 472 67 0 293 0 477 76 0 307 285 872 411 317 560 0 491 69 0 275 10 581 97 19 332 
101 0 0 0 0 249 144 132 147 131 169 20 18 20 15 207 47 46 52 41 109 0 0 0 0 
0 0 0 1 0 0 0 0 0 0 1110 1122 1080 1121 1172 0 0 0 0 0 0 0 0 0 0 
521 954 1879 820 496 460 859 1710 776 442 105 548 1432 343 94 803 1226 2008 971 722 400 805 1742 639 323 
118 0 328 69 0 120 0 329 68 0 338 257 550 298 232 145 16 322 87 12 110 0 339 61 0 
0 0 0 777 0 7 8 5 774 3 0 0 0 786 0 4 6 5 831 6 0 0 0 788 0 
148 38 56 153 411 600 510 499 605 892 374 291 293 441 641 122 11 50 114 424 147 54 117 173 431 
55 0 0 0 0 134 55 70 64 70 64 0 0 0 0 1121 1083 1116 1096 1020 52 0 0 0 0 
513 122 33 418 37 503 119 16 436 24 493 120 0 377 0 566 126 40 449 43 535 123 41 441 48 
0 112 0 0 0 0 108 0 0 0 0 106 0 0 0 0 96 0 0 0 513 572 519 508 466 
