4818 4885 4444 4865 4081 5600 5619 5269 5730 4812 5353 5457 4888 5486 4692 4635 4748 4313 4838 3895 5158 5201 4808 5201 4238 
846 482 608 618 1184 488 147 335 195 831 701 345 546 431 1055 748 346 544 440 1111 2567 2191 2330 2362 2870 
323 338 364 303 490 0 0 6 0 110 152 129 160 137 244 21 22 40 21 149 0 0 10 0 125 
0 2204 0 0 0 0 2275 0 0 0 0 2133 0 0 0 0 2191 0 0 0 0 2094 0 0 0 
38 13 35 1057 53 10 0 24 979 29 585 475 554 1485 555 131 132 113 1105 171 35 7 26 961 47 
29 164 29 6 12 31 197 21 31 18 11 139 12 0 1 1116 1259 1135 1113 1043 307 492 280 278 303 
1328 13 0 13 0 1333 21 18 28 20 1367 29 24 31 18 1337 11 0 12 0 1331 6 0 15 0 
0 0 2069 38 33 0 0 2054 42 28 0 0 1926 30 27 0 0 2067 23 21 0 0 1992 28 27 
0 0 0 22 16 1771 1685 1740 1767 1767 0 0 0 27 12 0 0 0 24 11 0 0 0 21 17 
25 419 0 745 0 117 502 70 895 67 64 442 51 815 57 125 515 73 864 80 51 390 0 746 0 
369 22 219 0 0 403 15 194 0 0 448 31 243 22 24 385 30 226 9 4 538 175 350 143 154 
0 5 39 1 1253 3 13 57 11 1256 0 0 52 3 1247 0 3 49 2 1315 10 16 52 9 1271 
0 2 0 282 0 104 106 86 374 117 84 97 73 408 73 0 0 0 317 0 272 267 261 600 275 
581 482 787 951 593 185 78 443 526 209 357 227 644 664 341 141 33 367 419 150 244 194 555 622 280 
585 586 605 638 586 0 0 0 0 0 0 0 0 0 0 0 0 0 0 0 0 0 0 0 0 
0 484 0 0 175 0 473 0 0 179 260 841 283 274 441 0 520 0 0 187 16 544 26 24 218 
0 0 0 0 0 0 0 0 0 0 1100 1161 1105 1145 1187 0 0 0 0 0 0 0 0 0 0 
122 67 872 329 87 514 416 1128 635 434 13 49 677 211 12 659 596 1429 784 611 232 221 913 422 168 
131 0 417 137 0 125 0 397 138 0 411 309 704 425 287 154 16 410 156 12 115 0 410 125 0 
227 58 151 230 624 770 681 737 766 1231 597 466 586 676 967 215 97 159 205 609 203 118 226 292 647 
8 0 0 0 0 42 21 37 22 38 4 0 0 0 0 1120 1128 1172 1145 1078 5 0 0 0 0 
434 46 33 383 37 359 2 0 384 0 374 1 0 349 0 412 13 8 377 3 412 22 25 389 32 
294 771 784 300 427 69 556 552 68 203 12 507 530 26 170 173 632 611 191 316 115 569 613 99 266 
0 0 222 0 0 499 454 746 515 543 0 0 222 0 0 7 10 212 5 13 94 73 300 93 96 
0 220 221 370 1 0 235 223 347 1 35 240 282 423 36 0 224 228 356 2 0 219 235 359 3 
0 0 3 1322 0 7 8 18 1287 3 0 0 7 1330 0 4 6 17 1397 6 0 0 9 1331 0 
471 237 714 462 928 347 147 585 336 814 541 328 813 533 956 978 779 1260 1021 1470 384 201 667 388 922 
6 122 2 24 3 0 94 0 19 0 0 129 1 18 0 7 119 4 28 3 973 1095 1010 975 939 
626 376 17 104 17 1079 802 378 480 348 793 532 99 149 72 762 496 94 174 95 626 370 35 80 35 
1289 1842 1091 1049 1150 373 884 217 130 178 627 1229 503 394 521 329 759 147 58 162 405 833 193 134 201 
340 377 351 467 437 19 0 0 115 0 12 0 1 69 7 18 1 0 95 5 208 172 150 257 222 
