4988 4971 4405 4993 4096 5758 5810 5282 5872 4915 5465 5519 4848 5510 4707 4696 4780 4243 4805 3907 5372 5365 4865 5320 4354 
975 654 813 834 1354 407 83 262 208 729 608 314 488 398 970 606 219 414 381 939 2503 2169 2330 2378 2879 
402 436 451 453 631 0 0 7 0 133 146 131 173 160 279 20 25 50 46 180 0 0 10 0 153 
0 2237 0 0 0 0 2291 0 0 0 0 2181 0 0 0 0 2235 0 0 0 0 2126 0 0 0 
38 11 23 1070 49 13 0 12 991 29 644 494 571 1550 595 138 114 98 1150 161 37 7 16 999 42 
18 140 28 6 3 21 174 22 19 15 10 115 5 0 1 1151 1321 1179 1175 1126 319 484 297 302 311 
1396 13 0 7 0 1383 18 18 26 20 1429 65 66 87 63 1372 8 1 6 0 1373 4 0 9 0 
0 0 2060 37 12 0 0 2077 31 16 0 0 1951 20 15 0 0 2077 21 13 0 0 1996 13 13 
0 0 0 16 9 1793 1731 1772 1792 1795 0 0 0 16 11 0 0 0 11 9 0 0 0 14 23 
23 393 0 752 1 115 517 65 907 64 33 410 34 774 27 128 516 66 884 79 47 373 0 780 0 
378 22 222 0 0 429 14 211 0 0 455 24 267 15 18 407 18 245 5 3 559 180 372 147 156 
0 19 35 1 1288 1 17 42 3 1270 0 16 52 0 1266 0 17 41 1 1333 9 21 65 6 1293 
0 2 0 283 0 100 103 84 371 117 78 94 72 417 69 0 0 0 313 0 273 267 266 598 283 
512 418 752 875 563 132 61 430 525 191 329 230 644 690 337 101 21 390 443 151 196 147 527 606 252 
585 586 605 638 586 0 0 0 0 0 0 0 0 0 0 0 0 0 0 0 0 0 0 0 0 
0 473 0 0 192 0 460 0 0 187 211 779 234 239 415 0 491 0 0 185 16 534 19 24 229 
0 0 0 0 0 0 0 0 0 0 1139 1191 1121 1175 1191 0 0 0 0 0 0 0 0 0 0 
129 83 923 351 78 541 382 1223 676 446 14 39 714 215 8 714 664 1538 821 621 256 210 1009 447 158 
104 0 405 124 0 124 0 371 115 0 385 306 641 396 279 134 16 395 141 13 105 0 413 112 0 
264 67 170 224 622 766 596 751 708 1160 628 451 619 665 995 242 105 184 216 623 222 123 232 297 656 
9 0 0 0 0 44 12 26 14 32 15 0 0 0 0 1080 1082 1115 1095 1020 4 0 0 0 0 
418 43 33 386 37 363 2 0 376 0 373 1 0 347 0 428 44 33 403 39 416 18 26 390 34 
306 808 797 305 460 71 577 573 75 218 8 521 542 17 179 186 661 653 195 325 101 576 629 90 270 
0 0 221 0 0 523 477 763 559 556 0 0 228 0 0 12 13 227 4 9 107 84 317 93 104 
0 219 217 368 2 0 244 236 348 1 35 243 285 426 36 0 218 223 360 2 0 217 235 363 3 
0 0 2 1330 0 7 8 12 1301 3 0 0 7 1351 0 4 6 13 1414 6 0 0 10 1349 0 
484 259 724 453 1018 319 123 544 280 833 584 328 829 536 1006 979 762 1217 993 1505 427 222 620 378 999 
10 116 4 31 7 0 80 0 19 0 0 97 1 20 2 8 105 4 25 3 985 1121 1013 1025 971 
540 339 6 86 7 974 743 368 469 340 703 481 96 143 71 753 477 124 206 118 580 353 30 87 30 
1311 1906 1181 1093 1172 364 908 184 135 166 609 1266 498 394 462 318 768 148 65 152 394 869 179 127 143 
