3850 4516 3857 3969 3097 4270 4942 4358 4249 3423 3987 4687 4135 4138 3317 3851 4595 4031 4095 3124 3950 4569 4066 4005 3156 
715 247 386 245 542 536 32 173 14 269 1047 456 660 438 745 701 101 309 114 388 1836 1281 1491 1381 1589 
427 450 468 418 661 0 0 7 0 160 153 138 184 154 317 22 26 48 22 187 0 0 17 0 172 
0 2161 0 0 0 0 2223 0 0 0 0 2092 0 0 0 0 2157 0 0 0 0 2060 0 0 0 
35 14 32 1070 51 10 0 18 1039 30 581 540 569 1513 547 152 136 124 1219 190 27 10 26 1027 46 
0 0 4 0 0 0 4 0 3 0 0 0 3 0 0 714 724 706 675 697 208 192 210 203 224 
1469 6 0 4 0 1484 14 21 25 21 1518 35 48 47 39 1479 1 0 4 0 1505 3 0 4 0 
0 0 2050 9 33 0 0 2053 11 30 0 0 1936 4 24 0 0 2068 7 22 0 0 1998 8 28 
0 0 0 23 5 1802 1720 1771 1730 1746 0 0 0 24 10 0 0 0 22 5 0 0 0 19 15 
16 392 0 691 0 110 465 79 823 78 81 417 74 799 92 149 500 99 824 110 27 352 0 687 0 
287 18 262 0 0 283 11 232 0 0 301 15 247 7 1 297 27 252 0 0 292 26 251 10 10 
0 5 31 0 1265 1 11 40 1 1276 0 0 50 0 1264 0 3 42 1 1300 3 8 46 1 1213 
0 3 0 284 0 106 101 93 381 121 90 88 74 415 76 0 0 0 315 0 271 268 263 603 278 
492 428 770 779 456 74 36 422 402 85 311 232 656 575 262 63 25 391 392 74 151 125 513 482 127 
585 586 605 638 586 0 0 0 0 0 0 0 0 0 0 0 0 0 0 0 0 0 0 0 0 
0 432 0 0 164 0 447 0 0 177 245 792 274 281 435 0 508 0 0 176 16 533 20 27 219 
0 0 0 0 0 0 0 0 0 0 1080 1121 1063 1114 1162 0 0 0 0 0 0 0 0 0 0 
191 97 1091 435 84 566 426 1446 804 437 132 53 971 319 15 707 565 1586 886 528 256 171 1148 469 147 
6 0 231 56 0 4 0 211 52 0 235 282 476 316 265 8 0 203 68 12 3 0 218 51 0 
304 146 303 111 532 663 520 721 464 898 677 559 732 570 880 255 136 249 55 484 234 140 303 98 533 
16 0 0 0 0 60 17 23 22 28 20 0 0 0 0 1107 1116 1138 1108 1052 12 0 0 0 0 
462 43 33 387 37 419 0 0 386 0 420 0 0 356 0 438 2 8 380 0 449 20 26 393 34 
325 796 802 316 455 78 572 553 90 200 56 531 532 57 198 201 659 653 218 366 159 572 631 130 289 
0 0 178 0 0 470 436 644 454 517 0 0 176 0 0 9 9 212 6 11 88 75 241 83 96 
0 220 218 369 1 0 248 221 343 2 36 239 259 437 38 0 221 218 350 2 0 227 237 362 3 
0 0 14 1414 0 8 8 27 1386 3 0 0 10 1399 0 4 6 28 1473 6 0 0 14 1421 0 
451 224 689 437 962 357 133 588 290 858 550 323 827 539 1042 973 744 1264 945 1450 476 249 665 422 991 
3 110 3 26 2 0 79 0 19 0 0 104 0 18 0 7 101 4 26 3 894 974 933 912 866 
550 426 16 152 13 1026 813 368 552 365 808 624 132 233 116 777 555 129 266 131 589 433 13 153 8 
1283 1840 1141 1075 1235 332 863 184 121 219 587 1214 468 379 547 312 739 133 65 193 453 906 228 179 257 
294 281 299 319 306 17 0 0 32 0 14 0 1 37 0 17 0 0 39 0 191 151 133 175 168 
197 194 213 233 503 72 130 117 77 410 3 13 61 6 337 292 336 344 335 745 1047 1113 1110 1098 1412 
897 273 353 1249 1177 1446 848 915 2006 1820 947 431 360 1386 1269 569 95 89 911 964 1076 645 607 1499 1411 
35 307 28 7 20 54 332 50 44 63 22 310 8 0 4 373 599 350 358 302 88 367 68 52 64 
