3818 4224 3651 3720 2779 4085 4522 4000 3941 2967 3931 4367 3769 3911 2905 3862 4250 3789 3815 2843 3776 4288 3772 3717 2687 
854 287 477 399 617 556 37 207 110 355 1375 686 939 779 1086 734 159 384 278 461 2083 1410 1640 1678 1781 
375 358 399 331 532 0 0 8 0 116 154 127 161 133 257 21 22 43 20 152 0 0 11 0 137 
0 2209 0 0 0 0 2282 0 0 0 0 2126 0 0 0 0 2195 0 0 0 0 2122 0 0 0 
41 14 27 1146 19 11 0 10 1101 7 600 508 587 1573 555 149 119 104 1209 165 32 9 12 1003 13 
0 0 3 0 0 0 4 0 1 0 0 0 2 0 0 695 695 677 660 683 199 189 199 200 219 
1546 7 0 3 0 1582 24 22 30 22 1580 17 20 26 17 1603 1 0 3 0 1587 3 0 3 0 
0 0 1935 30 21 0 0 1972 34 16 0 0 1845 26 15 0 0 1969 20 7 0 0 1887 21 8 
0 0 0 21 24 1805 1701 1764 1727 1768 0 0 0 23 32 0 0 0 23 29 0 0 0 19 33 
7 412 0 723 0 119 510 78 878 94 31 431 27 805 45 142 525 85 912 92 8 369 0 752 0 
264 22 252 0 0 250 11 278 0 0 268 11 262 4 1 219 8 272 0 0 286 33 270 10 13 
0 1 29 0 1191 1 6 26 2 1187 0 0 45 0 1217 0 2 40 1 1221 6 8 34 3 1159 
0 3 0 288 0 84 97 82 375 124 75 93 77 419 83 0 0 0 314 0 274 276 267 601 285 
404 336 660 636 351 52 20 365 350 57 293 211 626 500 228 52 28 388 320 53 157 110 459 398 126 
608 612 656 676 623 0 0 0 0 0 0 0 0 0 0 0 0 0 0 0 0 0 0 0 0 
0 456 0 0 172 0 476 0 0 181 248 811 268 277 445 0 522 0 0 188 16 540 21 23 239 
0 0 0 0 0 0 0 0 0 0 1179 1184 1132 1189 1243 0 0 0 0 0 0 0 0 0 0 
160 86 1003 403 108 497 329 1274 675 377 69 50 843 278 17 656 574 1532 813 578 175 132 1038 366 133 
21 0 314 24 0 20 0 275 18 0 256 278 541 283 250 37 16 291 31 12 12 0 330 27 0 
257 129 267 85 498 636 540 710 443 875 605 546 694 503 830 214 120 226 63 448 223 125 276 81 476 
55 0 0 0 0 98 23 39 25 40 64 0 0 0 0 1138 1113 1139 1122 1044 52 0 0 0 0 
430 0 0 347 1 408 0 0 381 0 406 0 0 350 0 440 7 14 373 16 457 21 41 391 48 
338 923 949 324 559 89 655 724 97 304 37 583 653 27 269 269 769 871 266 465 157 658 770 129 399 
0 0 179 0 0 444 419 620 437 482 0 0 177 0 0 7 12 193 5 10 92 77 246 76 98 
0 261 239 345 1 0 281 225 327 1 40 281 273 417 40 0 236 224 329 2 0 255 251 347 4 
0 0 0 1412 0 7 8 11 1372 3 0 0 8 1410 0 4 6 11 1476 6 0 0 4 1412 0 
536 286 882 573 1150 515 242 822 536 1100 706 456 1115 783 1298 1046 801 1377 1045 1608 585 267 865 596 1131 
16 111 2 28 3 0 76 0 20 0 0 97 0 19 0 7 116 4 28 3 1090 1182 1133 1100 1081 
553 411 74 167 37 1052 862 505 624 426 794 616 228 249 106 743 540 157 252 120 540 376 39 154 9 
1247 1859 1151 1076 1248 354 885 184 116 268 590 1249 481 378 566 305 776 108 62 249 358 864 170 129 320 
422 459 460 672 610 39 21 25 221 119 15 13 6 204 114 19 10 12 195 113 207 192 157 381 278 
250 229 227 229 563 68 99 129 58 438 4 20 66 7 378 331 361 374 333 771 994 1055 1090 1069 1412 
656 268 233 1051 1070 1421 1002 937 1871 1845 559 266 141 988 1005 476 180 109 880 899 860 583 448 1222 1217 
32 252 8 7 10 55 299 43 50 64 22 269 0 0 0 308 523 285 331 284 75 326 46 46 50 
