3934 4511 3866 3968 3174 4302 4988 4390 4298 3490 4036 4766 4128 4159 3358 3952 4633 4065 4163 3222 4007 4688 4112 4073 3215 
702 245 409 249 497 493 25 200 31 268 992 436 661 438 681 649 110 283 115 349 1822 1282 1474 1408 1551 
423 419 485 440 630 0 0 8 0 143 156 134 188 174 303 20 24 45 26 185 0 0 10 0 163 
0 2122 0 0 0 0 2208 0 0 0 0 2057 0 0 0 0 2114 0 0 0 0 2031 0 0 0 
36 13 33 1161 50 12 0 10 1128 31 697 589 669 1661 636 173 124 106 1235 180 41 7 12 1059 47 
0 0 5 0 0 0 5 0 1 0 0 0 2 0 0 714 711 696 675 699 204 189 205 200 218 
1435 12 0 3 0 1456 17 20 28 23 1464 24 26 30 18 1433 3 0 9 0 1483 9 0 13 0 
0 0 2046 21 33 0 0 2039 12 28 0 0 1919 8 23 0 0 2062 13 21 0 0 1963 11 28 
0 0 0 21 9 1759 1691 1716 1703 1717 0 0 0 23 11 0 0 0 23 12 0 0 0 20 15 
16 396 0 662 0 128 467 82 821 85 48 404 37 743 38 147 496 103 802 113 24 361 0 674 0 
276 16 237 0 0 272 13 231 0 0 265 11 234 6 1 272 22 242 0 0 288 25 237 10 11 
0 3 38 1 1250 1 11 50 2 1267 0 0 59 0 1252 0 4 46 1 1295 6 10 47 5 1223 
0 4 0 287 0 103 102 92 380 121 89 92 82 415 79 0 0 0 315 0 276 269 265 604 283 
473 412 750 781 447 84 33 410 403 94 323 223 645 599 276 84 26 386 381 83 152 137 492 469 155 
585 586 605 638 586 0 0 0 0 0 0 0 0 0 0 0 0 0 0 0 0 0 0 0 0 
0 419 0 0 162 0 444 0 0 174 243 761 257 274 430 0 454 0 0 166 14 476 19 27 206 
0 0 0 0 0 0 0 0 0 0 1110 1145 1090 1131 1192 0 0 0 0 0 0 0 0 0 0 
147 51 1002 432 40 566 400 1403 823 434 114 35 888 316 9 675 556 1537 895 559 245 130 1133 462 112 
16 0 244 56 0 12 0 201 51 0 265 285 481 319 266 26 3 221 67 12 8 0 236 53 0 
299 151 300 97 533 635 531 709 429 910 687 600 761 560 919 226 152 220 58 493 225 167 295 94 551 
19 0 0 0 0 66 17 32 20 36 20 0 0 0 0 1115 1122 1141 1131 1056 18 0 0 0 0 
492 46 33 389 37 459 0 0 387 0 449 0 0 355 0 466 2 9 349 0 475 19 25 399 34 
313 857 840 314 480 73 598 603 83 224 28 552 553 28 200 205 686 707 215 357 124 592 651 103 283 
0 0 177 0 0 462 433 647 455 507 0 0 177 0 0 9 11 210 4 12 89 77 241 82 102 
0 234 251 413 1 0 263 242 377 1 36 261 292 476 40 0 225 248 379 2 0 241 280 404 3 
0 0 0 1363 0 7 8 9 1338 3 0 0 2 1362 0 4 6 7 1426 6 0 0 0 1375 0 
440 240 734 441 989 378 150 634 344 870 571 344 902 589 1053 1018 768 1310 988 1479 471 195 713 429 982 
5 113 2 24 2 0 79 0 19 0 0 103 0 19 0 7 119 5 29 3 917 1018 935 931 878 
560 427 19 175 16 970 806 386 546 356 744 606 130 229 92 754 551 126 238 111 569 410 21 138 18 
1233 1848 1114 994 1165 350 858 138 90 159 562 1164 389 333 443 309 743 108 55 152 370 819 157 110 156 
273 262 271 304 279 14 0 0 32 0 12 0 1 36 0 18 1 0 38 0 180 159 139 174 164 
242 240 241 250 599 76 117 123 88 466 3 12 67 9 371 293 360 386 353 772 1104 1184 1156 1181 1544 
939 318 363 1226 1197 1513 844 903 1878 1766 964 405 346 1269 1310 548 87 91 836 893 1105 628 604 1392 1362 
32 270 12 6 11 57 323 57 53 63 23 287 0 0 1 360 573 318 360 290 84 347 54 54 52 
