4047 4612 4000 4017 3305 4506 5123 4628 4479 3711 4159 4713 4219 4149 3519 3999 4556 4076 4079 3242 3998 4561 4111 3920 3248 
517 240 405 289 526 326 33 200 29 319 753 440 612 435 709 405 85 294 75 359 1634 1351 1430 1401 1615 
374 366 419 345 555 0 0 10 0 128 159 130 166 145 277 20 22 42 21 160 0 0 11 0 143 
0 2182 0 0 0 0 2257 0 0 0 0 2111 0 0 0 0 2174 0 0 0 0 2084 0 0 0 
33 13 34 1022 47 12 0 26 996 31 611 506 568 1527 549 149 135 114 1126 173 25 7 28 977 45 
31 196 24 7 14 29 195 17 27 25 21 195 6 0 1 1094 1257 1067 1060 1016 290 501 263 265 288 
1321 8 0 3 0 1305 17 18 24 20 1356 32 36 31 22 1325 1 0 5 0 1321 3 0 4 0 
0 0 2044 22 35 0 0 2063 13 28 0 0 1929 9 23 0 0 2062 14 22 0 0 1985 12 27 
0 0 0 23 23 1768 1685 1729 1711 1753 0 0 0 26 19 0 0 0 24 25 0 0 0 20 27 
35 442 0 688 0 157 522 93 834 107 153 490 108 807 112 147 541 88 820 93 39 391 0 696 0 
426 24 232 0 0 456 17 219 0 0 513 32 275 28 42 469 48 265 7 21 605 181 382 146 154 
0 0 24 0 1259 1 9 34 2 1285 0 0 40 0 1284 0 2 37 1 1319 5 8 34 3 1275 
0 2 0 280 0 101 111 82 378 120 80 89 74 416 75 0 0 0 314 0 274 273 262 599 281 
470 401 763 808 449 64 37 398 386 71 278 209 636 578 237 38 12 380 364 48 100 77 472 473 96 
585 586 605 638 586 0 0 0 0 0 0 0 0 0 0 0 0 0 0 0 0 0 0 0 0 
0 441 0 0 169 0 445 0 0 184 243 779 268 276 433 0 483 0 0 177 15 522 20 23 218 
0 0 0 0 0 0 0 0 0 0 1104 1128 1089 1128 1189 0 0 0 0 0 0 0 0 0 0 
222 82 1044 443 76 645 462 1365 795 459 122 50 872 308 17 761 642 1592 955 607 294 208 1137 493 163 
16 0 258 55 0 12 0 216 52 0 245 285 483 313 261 19 0 217 65 1 4 0 254 49 0 
199 56 186 167 619 693 585 709 691 1154 539 464 592 625 935 221 106 191 171 617 179 104 242 239 660 
11 0 0 0 0 66 31 47 40 58 6 0 0 0 0 1100 1120 1165 1136 1074 6 0 0 0 0 
436 49 33 384 37 383 1 0 378 0 368 2 0 351 0 441 4 8 376 4 423 24 27 387 33 
282 749 781 282 403 66 557 532 72 144 14 494 500 13 128 167 598 632 193 285 51 467 589 53 127 
0 0 194 0 0 484 435 691 487 523 0 0 188 0 0 10 10 208 5 10 89 73 279 86 100 
0 220 211 295 1 0 233 225 280 1 35 248 281 364 38 0 220 225 296 2 0 219 235 289 3 
0 0 8 1508 0 7 9 24 1488 6 0 0 9 1502 0 4 8 22 1578 6 0 0 11 1536 0 
510 315 806 568 1107 387 167 653 402 941 611 403 955 672 1125 968 779 1318 1035 1567 508 280 745 531 1104 
6 116 3 28 4 0 130 0 19 0 0 168 0 21 0 7 149 5 26 3 943 1056 949 941 912 
616 365 5 84 11 1084 806 394 473 355 809 529 97 147 64 823 527 106 181 103 643 370 20 74 15 
1275 1828 1144 1089 1186 396 839 221 145 208 606 1226 498 382 498 337 760 147 68 185 407 839 196 123 205 
304 371 314 347 336 13 5 0 46 0 15 0 2 43 2 17 0 0 43 0 175 160 125 186 173 
199 195 200 183 491 30 42 74 19 344 4 10 70 0 319 300 339 343 258 704 934 924 951 904 1233 
975 356 340 1141 948 1257 678 667 1554 1261 1097 563 413 1265 1124 656 108 74 883 699 1339 787 718 1524 1211 
