5525 5460 4765 5357 4436 6595 6475 5870 6415 5400 6127 6177 5375 6029 5132 5320 5365 4636 5227 4264 5912 5865 5280 5712 4676 
786 631 722 740 1289 290 166 269 156 663 388 268 389 283 807 575 399 496 463 1015 3057 2791 2848 2914 3495 
1632 2304 1558 1463 1698 270 925 182 127 338 666 1330 625 493 716 276 776 185 103 295 256 829 162 125 257 
0 2192 0 0 0 0 2263 0 0 0 0 2141 0 0 0 0 2187 0 0 0 0 2101 0 0 0 
38 14 30 1049 48 12 0 24 1029 29 662 515 603 1550 591 151 133 102 1172 180 37 7 29 1002 44 
11 171 12 3 8 36 214 19 36 20 9 165 5 0 1 1089 1251 1067 1075 1021 300 498 283 280 302 
1471 10 0 7 0 1474 4 1 6 0 1586 57 55 83 54 1490 6 0 5 0 1530 5 0 8 0 
0 0 2062 7 34 0 0 2049 6 28 0 0 1932 4 27 0 0 2074 10 23 0 0 1994 4 27 
0 0 0 26 17 1890 1788 1830 1885 1871 0 0 0 30 17 0 0 0 26 19 0 0 1 20 24 
28 401 0 725 0 117 482 73 875 72 53 416 51 791 46 77 479 34 787 28 39 356 0 727 0 
341 20 205 0 0 376 12 181 0 0 409 16 222 9 6 354 15 210 2 0 508 159 330 131 139 
0 4 31 1 1280 1 9 36 6 1229 0 0 52 0 1244 0 2 44 1 1357 7 10 38 6 1237 
0 14 0 288 0 115 123 104 385 129 94 104 88 422 85 0 15 0 318 0 278 277 270 606 285 
570 429 839 857 549 186 60 506 479 205 338 205 656 616 328 132 32 476 391 155 196 163 586 547 268 
585 586 605 638 586 0 0 0 0 0 0 0 0 0 0 0 0 0 0 0 0 0 0 0 0 
0 462 0 0 230 0 450 0 0 252 316 887 333 363 597 0 494 0 0 238 19 590 21 27 317 
146 0 0 0 0 324 157 152 165 152 199 20 18 20 15 247 47 46 52 41 143 0 0 0 0 
0 0 0 0 0 0 0 0 0 0 1073 1109 1055 1084 1153 0 0 0 0 0 0 0 0 0 0 
52 30 780 230 35 424 350 1136 574 416 10 22 697 162 9 561 511 1333 687 545 112 89 823 252 64 
97 0 383 102 0 100 0 369 94 0 320 277 631 338 255 110 16 394 110 13 70 0 406 90 0 
251 67 137 220 585 733 569 714 672 1156 601 441 563 627 949 277 108 180 251 625 243 113 207 273 630 
55 0 0 0 0 83 10 21 11 25 67 0 0 0 0 1165 1101 1162 1128 1060 53 0 0 0 0 
524 126 35 436 39 496 124 17 457 24 470 131 0 387 0 577 133 41 473 45 516 129 44 463 48 
0 20 0 0 0 0 8 0 0 0 0 10 0 0 0 0 14 0 0 0 513 498 519 508 466 
296 794 811 300 496 65 583 509 74 208 14 545 499 7 179 208 714 697 216 416 37 522 574 34 240 
0 0 145 0 0 371 344 528 363 395 0 0 148 0 0 7 9 164 4 8 83 65 207 69 90 
0 217 242 310 1 0 250 251 298 1 35 238 301 353 36 0 231 251 308 2 0 217 267 294 3 
0 0 7 1489 0 8 8 18 1459 3 0 0 12 1474 0 5 6 23 1547 7 0 0 12 1487 0 
482 263 708 468 856 282 57 476 248 620 464 222 676 436 755 856 642 1063 823 1165 392 186 575 375 744 
