3845 4343 3785 3780 2885 4035 4633 4112 3905 3039 4003 4587 3988 3982 3059 3857 4395 3902 3893 2887 3800 4401 3918 3738 2780 
704 240 439 340 570 489 33 221 58 343 1068 529 787 603 892 639 172 358 231 469 1763 1269 1418 1427 1627 
374 386 421 366 565 0 0 7 0 132 153 132 176 147 284 20 22 40 26 165 0 0 12 0 146 
0 2206 0 0 0 0 2276 0 0 0 0 2129 0 0 0 0 2200 0 0 0 0 2116 0 0 0 
29 13 44 1083 48 11 0 31 1068 33 596 511 602 1560 559 138 127 130 1156 183 26 7 34 992 44 
0 0 3 0 0 0 5 0 1 0 0 0 3 0 0 767 755 738 731 748 229 216 232 244 272 
1406 9 0 3 0 1454 18 20 24 20 1460 20 22 25 16 1432 4 0 6 0 1444 3 0 6 0 
0 0 2067 31 37 0 0 2054 26 27 0 0 1931 21 24 0 0 2070 22 21 0 0 2010 16 28 
0 0 0 21 23 1726 1648 1687 1653 1687 0 0 0 25 30 0 0 0 23 28 0 0 0 20 33 
12 431 0 704 0 127 502 93 916 103 53 483 54 851 81 137 564 107 883 108 19 378 0 724 0 
279 16 236 0 0 273 11 214 0 0 285 12 250 8 1 242 12 239 0 0 302 27 236 11 10 
0 6 44 0 1275 1 9 57 2 1289 0 3 63 0 1287 0 4 60 1 1318 8 15 62 4 1264 
0 2 0 302 0 88 105 89 392 126 78 92 80 447 88 0 0 0 323 0 285 279 281 634 298 
461 360 699 678 367 117 40 412 393 49 360 246 665 556 242 99 44 407 359 61 175 125 517 435 107 
619 609 656 670 621 0 0 0 0 0 0 0 0 0 0 0 0 0 0 0 0 0 0 0 0 
0 405 0 0 163 0 401 0 0 169 233 703 253 266 407 0 443 0 0 163 14 462 17 23 207 
0 0 0 0 0 0 0 0 0 0 1140 1157 1108 1154 1219 0 0 0 0 0 0 0 0 0 0 
133 80 946 407 79 521 393 1320 769 384 58 35 810 294 14 660 560 1510 846 547 219 147 1035 447 116 
38 0 276 10 0 33 0 244 5 0 270 270 504 256 247 67 13 244 23 12 24 0 262 11 0 
233 116 250 64 511 575 494 640 395 857 577 524 647 466 792 167 95 193 14 404 204 126 248 59 488 
17 0 0 0 0 50 23 38 24 38 6 0 0 0 0 1106 1115 1146 1124 1052 7 0 0 0 0 
488 0 0 355 1 475 0 0 379 0 467 0 0 347 0 505 1 6 366 5 516 23 41 386 48 
314 910 904 342 490 86 678 666 96 221 39 596 625 48 207 247 769 790 260 377 177 704 775 164 314 
0 0 179 0 0 458 434 640 451 495 0 0 176 0 0 10 13 190 6 9 99 83 262 80 101 
0 272 249 408 1 0 281 230 370 1 19 278 259 456 24 0 246 229 380 2 0 247 257 412 3 
0 0 8 1399 0 8 8 23 1360 3 0 0 9 1383 0 4 6 27 1459 6 0 0 15 1409 0 
523 249 807 515 1080 427 173 772 405 1003 681 428 1055 700 1212 1074 796 1381 1053 1616 538 221 812 521 1081 
15 115 6 30 6 0 76 0 19 0 0 94 1 20 2 7 96 5 25 3 1040 1134 1057 1031 1031 
609 344 34 145 12 1158 886 511 641 452 898 532 191 235 107 769 470 118 220 87 599 344 23 133 7 
1240 1805 1094 1006 1138 352 863 143 72 185 574 1181 422 303 466 304 749 97 37 155 389 848 162 111 222 
361 410 402 558 535 28 12 5 158 56 13 5 1 139 63 19 12 14 165 78 196 177 145 329 238 
253 247 232 243 574 28 77 83 33 435 3 11 64 3 379 323 353 352 312 774 1011 1102 1063 1046 1439 
899 369 288 1249 1194 1674 1050 974 2155 2028 841 434 240 1266 1300 603 131 61 947 973 1160 698 569 1534 1446 
38 272 8 7 12 54 302 49 50 61 26 304 0 0 0 281 519 264 288 271 57 318 13 7 6 
