3828 4378 3727 3793 2880 4198 4873 4212 4203 3214 3947 4650 3906 3984 3055 3858 4478 3855 3996 2908 3852 4478 3894 3825 2866 
640 225 401 292 551 445 41 200 27 345 1002 534 753 547 860 613 166 342 224 446 1787 1308 1434 1465 1594 
363 352 387 318 519 0 0 8 0 122 153 126 171 132 258 20 22 44 22 147 0 0 12 0 144 
0 2171 0 0 0 0 2253 0 0 0 0 2086 0 0 0 0 2162 0 0 0 0 2085 0 0 0 
33 16 35 1111 47 10 0 18 1065 29 618 535 620 1568 576 145 124 122 1168 175 27 7 28 1020 44 
0 0 3 0 0 0 5 0 1 0 0 0 2 0 0 776 751 723 729 740 235 216 220 244 262 
1444 3 0 3 0 1475 19 18 20 20 1466 17 15 17 13 1435 1 0 2 0 1468 2 0 4 0 
0 0 2126 22 22 0 0 2132 18 25 0 0 2007 11 22 0 0 2123 12 9 0 0 2063 16 17 
0 0 0 21 15 1772 1694 1722 1725 1764 0 0 0 26 20 0 0 0 22 22 0 0 0 20 24 
46 466 1 719 1 153 542 99 868 116 185 517 116 846 132 142 549 64 821 73 60 397 0 719 0 
299 16 248 0 0 285 11 229 0 0 311 12 250 8 1 268 14 247 0 0 310 26 250 12 10 
0 4 39 1 1270 0 10 49 2 1253 0 0 53 0 1268 0 2 52 0 1310 6 12 45 2 1247 
0 2 0 285 0 85 99 90 370 118 76 90 79 418 79 0 0 0 315 0 269 269 270 601 284 
431 362 668 661 367 75 27 381 377 60 324 230 626 553 234 60 13 383 332 47 150 106 503 426 124 
617 614 647 675 615 0 0 0 0 0 0 0 0 0 0 0 0 0 0 0 0 0 0 0 0 
0 420 0 0 171 0 398 0 0 162 234 726 262 270 416 0 434 0 0 165 15 459 18 22 197 
0 0 0 0 0 0 0 0 0 0 1122 1149 1096 1140 1191 0 0 0 0 0 0 0 0 0 0 
116 45 901 387 66 522 354 1254 754 412 40 23 760 288 10 644 539 1480 844 541 228 169 993 496 151 
26 0 262 6 0 21 0 220 9 0 246 272 484 272 249 51 11 228 29 12 12 0 258 9 0 
268 134 296 116 552 668 575 738 487 930 630 575 715 576 879 242 144 252 67 491 243 148 331 133 573 
7 0 0 0 0 46 19 38 21 35 5 0 0 0 0 1111 1125 1156 1128 1067 6 0 0 0 0 
491 0 0 343 1 475 0 0 380 0 468 0 0 349 0 513 1 6 369 2 512 18 37 387 42 
317 850 827 334 493 84 621 604 91 235 18 560 558 53 228 161 665 685 201 337 153 649 699 145 327 
0 0 188 0 0 494 477 678 521 537 0 0 183 0 0 8 9 192 8 10 98 83 280 88 111 
0 286 252 435 1 0 290 231 379 1 44 300 287 473 47 0 249 228 389 3 0 255 255 398 3 
0 0 5 1424 0 7 8 27 1391 3 0 0 9 1409 0 4 6 23 1485 6 0 0 12 1431 0 
522 252 844 534 1134 465 162 731 426 1010 717 362 999 703 1215 1102 784 1368 1053 1650 606 236 810 528 1150 
17 107 10 33 6 0 73 0 19 0 0 93 0 18 0 8 100 4 25 3 1046 1147 1086 1041 1042 
607 358 24 150 7 1129 834 461 593 406 858 563 184 241 132 799 462 116 217 85 618 356 30 138 23 
1257 1840 1161 1088 1193 395 862 219 144 202 596 1199 478 405 490 309 756 125 64 181 399 862 195 135 208 
389 427 423 589 572 19 18 4 150 71 13 0 1 129 66 19 7 19 144 83 199 182 158 328 234 
255 235 231 234 560 71 100 109 58 430 3 12 67 8 368 297 361 372 341 749 1029 1126 1068 1085 1380 
880 308 315 1133 1110 1289 717 769 1663 1642 799 321 270 1117 1182 541 94 93 816 903 914 493 477 1219 1269 
37 344 56 9 34 65 349 94 58 94 26 344 35 0 11 351 657 376 356 357 59 381 50 17 30 
