3874 4433 3784 3859 2914 4254 4868 4257 4231 3261 4014 4670 3984 4053 3105 3893 4443 3905 3989 2957 3910 4489 3951 3872 2874 
634 226 412 306 575 432 35 191 33 347 1012 517 729 561 861 622 161 351 224 461 1736 1276 1425 1446 1629 
363 351 390 320 524 0 0 7 0 124 152 126 169 135 256 21 22 44 20 144 0 0 12 0 137 
0 2171 0 0 0 0 2246 0 0 0 0 2086 0 0 0 0 2157 0 0 0 0 2080 0 0 0 
32 13 34 1108 46 13 0 24 1050 31 601 518 604 1573 581 143 131 120 1178 174 25 7 26 1010 45 
0 0 3 0 0 0 6 0 1 0 0 0 2 0 0 773 776 749 744 740 229 226 239 242 257 
1428 6 0 3 0 1459 17 20 27 20 1482 16 16 21 11 1437 1 0 3 0 1456 4 0 4 0 
0 0 2084 27 29 0 0 2106 20 25 0 0 1971 10 22 0 0 2104 17 9 0 0 2028 14 19 
0 0 0 22 17 1766 1686 1719 1695 1753 0 0 0 24 22 0 0 0 23 21 0 0 0 19 23 
33 457 0 702 0 158 560 104 867 122 163 533 116 836 141 147 578 72 834 97 55 410 0 717 0 
300 16 243 0 0 278 11 232 0 0 316 13 266 8 2 272 14 256 0 0 314 26 257 12 10 
0 4 48 0 1286 0 6 47 2 1270 0 0 63 0 1282 0 3 53 0 1321 2 7 57 2 1257 
0 4 0 286 0 88 103 88 379 123 78 88 82 418 82 0 0 0 316 0 273 271 270 604 284 
419 349 677 659 366 94 27 391 377 55 313 221 629 538 223 52 24 376 353 47 143 108 486 420 103 
620 609 654 670 621 0 0 0 0 0 0 0 0 0 0 0 0 0 0 0 0 0 0 0 0 
0 414 0 0 169 0 400 0 0 166 237 730 263 268 413 0 448 0 0 170 14 458 17 22 202 
0 0 0 0 0 0 0 0 0 0 1131 1157 1100 1145 1195 0 0 0 0 0 0 0 0 0 0 
119 34 903 380 66 524 366 1242 756 407 27 26 754 282 11 645 534 1458 831 543 239 168 993 476 145 
27 0 260 7 0 24 0 223 7 0 251 270 482 273 242 53 13 225 27 12 14 0 258 10 0 
283 132 302 112 543 678 558 728 498 945 635 589 710 583 895 243 141 247 61 480 247 143 323 153 559 
9 0 0 0 0 44 17 36 23 31 6 0 0 0 0 1113 1120 1153 1129 1054 10 0 0 0 0 
490 0 0 353 1 476 0 0 382 0 467 0 0 349 0 506 1 3 375 7 513 16 35 389 45 
312 902 916 334 478 99 668 676 94 212 18 579 618 39 202 241 781 796 252 376 156 712 762 137 330 
0 0 183 0 0 482 468 666 496 523 0 0 182 0 0 10 9 193 5 12 100 88 271 83 108 
0 297 255 433 1 0 295 239 386 1 45 297 282 481 44 0 246 230 399 2 0 258 255 414 4 
0 0 7 1427 0 8 8 25 1395 3 0 0 11 1414 0 4 6 27 1488 6 0 0 12 1433 0 
510 250 754 510 1088 428 151 691 390 988 684 375 969 667 1197 1053 773 1311 1032 1606 566 219 751 501 1143 
17 118 13 31 5 0 68 0 20 0 0 95 0 18 0 7 103 4 26 3 1063 1142 1095 1044 1032 
618 341 25 143 10 1135 855 480 598 414 859 568 192 247 114 780 461 110 226 79 620 359 28 135 23 
1247 1831 1143 1086 1216 387 874 204 159 197 587 1173 477 379 485 314 751 128 62 190 384 878 209 136 217 
389 424 436 570 554 19 15 11 151 71 13 1 1 107 63 24 3 14 133 71 205 178 152 317 237 
254 235 232 229 575 67 95 116 63 429 3 13 67 8 378 312 362 381 330 769 1019 1113 1090 1056 1409 
872 319 310 1133 1091 1280 713 765 1669 1644 780 323 247 1124 1175 522 98 96 821 887 952 525 465 1276 1252 
40 279 9 6 12 55 315 47 51 74 27 312 0 0 0 290 526 272 281 284 56 309 9 10 12 
