4908 4855 4435 4910 4150 5666 5634 5236 5727 4842 5441 5456 4987 5544 4777 4634 4745 4369 4896 3985 5273 5298 4920 5240 4407 
1005 705 832 875 1393 372 142 314 227 763 534 270 430 358 901 635 317 445 463 1002 2594 2278 2422 2508 2961 
360 382 397 344 513 0 0 6 0 107 148 126 155 138 232 20 22 40 24 137 0 0 10 0 127 
0 2144 0 0 0 0 2225 0 0 0 0 2079 0 0 0 0 2155 0 0 0 0 2048 0 0 0 
37 12 24 1053 47 14 0 16 1038 32 651 516 589 1546 607 143 120 103 1140 168 52 7 24 1001 48 
29 201 26 7 12 30 207 24 41 26 21 196 6 0 1 1085 1299 1105 1078 1043 297 496 271 268 287 
1407 15 0 10 0 1426 19 18 23 16 1445 51 45 62 47 1413 8 0 13 0 1401 5 0 13 0 
0 0 2016 10 34 0 0 2005 4 28 0 0 1892 1 23 0 0 2031 8 22 0 0 1946 2 27 
0 0 0 21 25 1770 1654 1735 1722 1761 0 0 0 27 31 0 0 0 24 32 0 0 0 19 33 
19 388 0 750 0 131 516 88 875 98 45 420 40 769 44 121 506 89 844 108 35 368 0 728 0 
456 20 263 0 0 485 12 241 0 0 515 19 291 12 11 486 36 282 4 7 603 165 401 141 145 
0 6 28 0 1217 2 8 33 3 1209 0 2 41 0 1202 0 7 37 1 1266 5 9 29 2 1177 
0 0 0 281 0 95 103 85 367 112 72 90 64 409 64 0 0 0 310 0 266 265 263 597 274 
459 393 711 809 440 106 51 415 479 106 320 240 641 650 286 86 25 373 402 86 176 158 498 535 206 
585 586 605 638 586 0 0 0 0 0 0 0 0 0 0 0 0 0 0 0 0 0 0 0 0 
0 487 0 0 195 0 477 0 0 220 241 804 264 280 489 0 513 0 0 217 15 575 20 26 275 
0 0 0 0 0 0 0 0 0 0 1129 1174 1117 1153 1211 0 0 0 0 0 0 0 0 0 0 
123 91 992 377 71 556 459 1310 757 437 6 74 837 231 3 695 608 1560 866 582 210 192 1012 462 147 
49 0 368 106 0 17 0 334 100 0 307 286 620 391 265 18 0 319 107 9 33 0 356 98 0 
243 74 175 258 677 772 626 727 758 1267 614 487 596 726 1055 261 132 186 227 710 264 133 261 354 717 
32 0 0 0 0 57 8 7 7 11 44 0 0 0 0 1114 1083 1116 1094 1018 31 0 0 0 0 
395 43 33 387 37 346 2 0 375 0 361 1 0 350 0 389 45 32 403 37 408 27 39 407 48 
303 757 753 287 422 55 545 514 58 174 10 499 499 16 154 170 598 596 171 311 63 487 552 55 209 
0 0 194 0 0 546 494 734 566 565 0 0 193 0 0 10 10 203 10 9 107 89 276 94 106 
0 198 201 322 1 0 222 214 296 1 35 222 256 384 36 0 204 212 316 2 0 211 224 328 3 
0 0 8 1381 0 7 8 15 1353 3 1 0 8 1372 0 4 6 11 1436 6 0 0 7 1379 0 
547 313 804 545 1048 379 134 593 332 848 623 356 837 573 1024 1049 767 1294 1027 1479 467 241 711 460 999 
16 124 6 35 9 0 77 0 20 0 0 112 1 21 2 7 130 7 26 3 1040 1150 1043 1029 1011 
594 417 16 92 11 1051 868 453 535 440 755 568 107 164 85 812 533 133 212 129 600 411 22 76 3 
1323 2004 1190 1218 1299 365 940 218 157 170 583 1248 470 384 452 325 817 135 77 154 361 857 169 132 146 
