3837 4330 3708 3772 2817 4087 4646 4134 3996 3034 3998 4508 3988 3967 2966 3847 4370 3928 3916 2873 3792 4292 3892 3735 2744 
759 248 470 318 605 469 35 210 40 344 1081 512 771 597 891 670 154 398 215 485 1865 1319 1515 1476 1682 
370 344 377 315 511 0 0 7 0 124 155 126 168 131 257 21 22 43 22 146 0 0 10 0 138 
0 2223 0 0 0 0 2300 0 0 0 0 2120 0 0 0 0 2208 0 0 0 0 2123 0 0 0 
38 11 20 1142 43 13 0 9 1088 31 676 577 634 1607 610 135 121 101 1214 164 33 7 14 1045 44 
0 0 3 0 0 0 5 0 1 0 0 0 2 0 0 728 724 709 710 710 219 209 232 233 254 
1434 8 0 3 0 1485 22 21 21 23 1521 23 33 34 24 1468 3 0 2 0 1489 1 0 10 0 
0 0 2062 12 37 0 0 2084 11 29 0 0 1959 5 25 0 0 2067 9 22 0 1 2017 8 31 
0 0 0 22 24 1761 1676 1716 1697 1718 0 0 0 25 36 0 0 0 22 31 0 0 0 19 32 
5 400 0 694 0 137 488 115 882 118 32 401 20 761 36 138 519 131 845 116 11 370 0 709 0 
303 16 258 0 0 286 12 230 0 0 314 15 249 7 1 298 26 262 0 0 307 26 248 10 10 
0 3 36 0 1243 1 11 38 1 1274 0 0 54 0 1280 0 2 48 0 1328 4 6 41 2 1249 
0 2 0 297 0 89 100 84 387 118 75 87 82 438 87 0 0 0 326 0 280 281 277 628 288 
418 368 680 672 341 98 43 408 374 50 320 246 612 529 220 75 32 372 333 44 140 109 470 389 111 
621 604 650 666 608 0 0 0 0 0 0 0 0 0 0 0 0 0 0 0 0 0 0 0 0 
0 448 0 0 160 0 458 0 0 177 241 781 267 281 424 0 503 0 0 170 18 510 21 24 222 
0 0 0 0 0 0 0 0 0 0 1102 1136 1082 1138 1184 0 0 0 0 0 0 0 0 0 0 
110 70 957 422 72 525 392 1249 775 385 56 37 805 290 8 663 531 1488 858 533 258 179 1056 492 171 
8 0 258 18 0 8 0 220 6 0 225 273 478 279 253 12 0 226 25 12 4 0 258 10 0 
242 103 249 75 489 607 511 664 423 843 579 550 659 507 808 206 114 182 46 440 218 147 258 98 498 
15 0 0 0 0 70 25 48 34 54 15 0 0 0 0 1098 1116 1140 1120 1045 12 0 0 0 0 
495 0 0 341 1 474 0 0 368 0 467 0 0 338 0 518 1 15 370 14 519 20 41 394 48 
308 862 886 330 492 91 650 668 102 246 60 566 605 59 221 248 757 776 254 373 144 652 733 153 289 
0 0 179 0 0 444 418 620 437 482 0 0 177 0 0 7 11 185 4 10 92 76 238 73 97 
0 257 237 408 1 0 280 223 366 1 27 273 269 457 33 0 233 228 377 2 0 242 248 407 5 
0 0 11 1378 0 7 8 26 1349 3 0 0 13 1381 0 4 7 25 1440 6 0 0 17 1383 0 
535 267 887 551 1132 471 189 787 499 1037 719 440 1085 796 1285 1068 817 1401 1086 1633 553 245 804 571 1086 
15 103 2 26 3 0 68 0 19 0 0 102 0 18 0 7 110 4 25 4 1016 1124 1040 1015 1017 
580 354 29 106 12 1099 837 515 602 465 787 545 185 193 101 731 452 110 192 90 578 373 39 118 21 
1272 1893 1147 1062 1245 358 881 181 112 222 585 1255 469 373 538 293 786 117 46 198 353 854 154 89 204 
420 484 500 735 655 23 22 25 284 131 14 14 6 227 103 22 13 11 225 123 207 188 159 413 297 
261 259 229 246 578 45 83 108 57 421 3 13 63 10 372 328 381 364 339 757 1038 1117 1091 1061 1449 
809 284 234 1098 1107 1544 974 904 1838 1842 825 408 251 1113 1239 581 136 65 863 910 1089 689 584 1373 1356 
35 274 8 7 11 56 297 41 51 64 24 288 0 0 0 311 537 282 295 283 62 310 19 16 13 
