3759 4243 3646 3696 2769 4010 4595 4013 3908 3006 3932 4548 3901 3948 2984 3805 4335 3786 3834 2889 3757 4369 3797 3756 2764 
766 257 496 320 627 531 43 262 93 327 1123 568 836 600 930 676 178 431 252 476 1882 1327 1580 1485 1695 
418 400 444 392 580 0 0 6 0 125 155 131 183 160 286 22 22 47 22 160 0 0 11 0 133 
0 2206 0 0 0 0 2285 0 0 0 0 2133 0 0 0 0 2205 0 0 0 0 2112 0 0 0 
42 16 38 1119 24 15 0 32 1090 14 658 558 655 1636 626 150 125 130 1194 165 33 9 32 1026 19 
0 0 4 0 0 0 9 0 2 0 0 0 3 0 0 727 745 719 699 728 215 201 209 214 225 
1404 8 0 3 0 1424 15 18 22 20 1461 35 48 48 35 1433 1 0 5 0 1424 3 0 3 0 
0 0 2092 17 36 0 0 2126 12 27 0 0 1981 6 25 0 0 2123 12 22 0 0 2081 9 32 
0 0 0 24 25 1782 1701 1769 1710 1753 0 0 0 30 33 0 0 0 22 31 0 0 0 20 34 
12 402 0 677 0 104 487 60 848 86 28 415 24 750 30 100 508 72 825 81 40 369 0 717 0 
283 21 249 0 0 268 13 233 0 0 279 11 241 5 1 247 8 219 0 0 290 25 243 11 10 
0 1 21 1 1280 1 11 41 3 1287 0 0 44 0 1280 0 0 44 1 1305 8 11 43 4 1254 
0 2 0 299 0 85 97 80 387 119 77 84 81 429 82 0 0 0 346 0 272 283 276 632 299 
434 377 681 661 351 98 42 380 384 34 307 224 620 530 220 98 41 381 339 52 170 129 465 408 104 
621 614 657 667 608 0 0 0 0 0 0 0 0 0 0 0 0 0 0 0 0 1 0 0 0 
0 421 0 0 174 0 419 0 0 182 238 736 254 273 420 0 461 0 0 170 14 473 20 25 208 
0 0 0 0 0 0 0 0 0 0 1106 1121 1059 1113 1175 0 0 0 0 0 0 0 0 0 0 
123 99 886 438 80 490 367 1242 711 402 51 49 740 287 17 657 552 1438 836 534 177 120 935 396 67 
27 0 296 19 0 36 0 248 10 0 278 276 523 273 247 59 16 261 33 12 19 0 277 16 0 
272 144 316 114 565 664 537 714 462 939 627 582 722 552 888 216 102 233 56 474 222 129 291 92 542 
22 0 0 0 0 62 13 22 17 26 31 0 0 0 0 1110 1115 1140 1124 1047 21 0 0 0 0 
493 0 0 350 1 475 0 0 382 0 468 0 0 346 0 513 2 15 369 12 521 20 41 393 48 
323 898 942 344 507 96 674 675 105 235 59 592 653 55 226 266 792 813 252 402 167 696 760 150 338 
0 0 180 0 0 453 422 626 451 495 0 0 177 0 0 7 11 202 5 8 99 79 253 82 113 
0 265 243 420 2 0 277 229 384 1 38 280 282 476 43 0 236 232 385 2 0 253 250 418 3 
0 0 1 1360 0 7 8 11 1332 3 0 0 6 1364 0 4 6 12 1422 6 0 0 5 1363 0 
503 246 774 517 1076 467 159 736 443 1027 721 419 1011 725 1246 1078 798 1371 1074 1603 552 225 777 524 1106 
12 108 4 26 5 0 83 0 20 0 0 102 1 18 3 7 97 4 27 5 1019 1126 1059 1061 1033 
651 371 21 116 17 1197 890 534 613 469 887 556 185 214 116 791 452 116 191 87 635 347 34 117 36 
1259 1806 1108 1049 1161 350 847 164 119 185 599 1205 482 395 510 315 788 129 63 167 413 872 199 139 217 
450 544 513 753 681 17 20 12 247 114 16 10 5 170 78 23 14 7 205 105 206 212 154 397 282 
245 203 212 215 519 53 81 84 48 387 4 16 55 5 337 279 321 325 289 691 1038 1100 1088 1062 1420 
736 274 245 1113 1087 1508 1031 970 1962 1903 733 336 214 1153 1164 555 186 122 934 978 1035 650 573 1411 1364 
35 289 8 6 12 55 305 48 55 70 25 309 0 0 0 339 569 306 363 310 72 329 23 23 10 
