3746 4254 3581 3661 2722 4073 4563 4018 3904 2952 3962 4465 3803 3842 2961 3840 4300 3749 3814 2837 3838 4354 3777 3679 2746 
826 281 469 379 635 525 17 198 79 346 1231 641 827 701 987 708 156 366 266 499 1959 1397 1530 1628 1777 
398 393 415 331 582 0 0 8 0 139 152 129 167 133 304 23 22 45 21 176 0 0 11 0 164 
0 2223 0 0 0 0 2293 0 0 0 0 2123 0 0 0 0 2203 0 0 0 0 2127 0 0 0 
31 14 44 1071 44 12 0 29 1067 17 582 518 636 1593 594 140 128 131 1137 172 27 7 39 987 31 
0 0 3 0 0 0 5 0 1 0 0 0 2 0 0 691 696 683 660 683 202 186 195 196 216 
1457 3 0 3 0 1515 17 20 20 21 1495 12 14 13 14 1525 1 0 2 0 1511 1 0 3 0 
0 0 2011 24 17 0 0 2023 17 26 0 0 1887 12 18 0 0 2015 19 7 0 0 1969 12 18 
0 0 0 23 24 1804 1683 1741 1725 1749 0 0 0 25 31 0 0 0 23 30 0 0 0 19 32 
8 382 0 622 0 129 478 112 789 134 38 425 51 718 61 150 521 135 798 125 22 356 0 599 0 
321 20 289 0 0 300 12 305 0 0 310 11 278 5 1 290 11 306 0 0 340 29 313 15 11 
0 7 48 0 1242 0 6 56 0 1239 0 8 64 0 1243 0 7 67 0 1272 0 10 56 2 1224 
0 3 0 287 0 88 99 85 378 115 79 89 86 419 76 0 0 0 312 0 264 274 270 605 284 
399 353 693 668 350 55 25 405 369 60 273 213 622 501 211 25 11 408 321 48 85 73 464 382 91 
613 609 662 674 623 0 0 0 0 0 0 0 0 0 0 0 0 0 0 0 0 0 0 0 0 
0 426 0 0 181 0 432 0 0 181 241 761 283 275 430 0 462 0 0 182 15 484 19 24 227 
0 0 0 0 0 0 0 0 0 0 1135 1151 1106 1140 1184 0 0 0 0 0 0 0 0 0 0 
120 61 900 381 68 440 328 1162 643 348 40 40 788 267 19 592 534 1381 755 480 154 109 960 351 92 
32 0 309 29 0 30 0 260 16 0 280 276 541 300 259 52 15 273 40 12 15 0 292 25 0 
255 115 247 96 476 648 516 669 440 864 597 508 607 487 766 198 93 201 52 413 216 113 253 92 468 
56 0 0 0 0 92 16 32 15 35 65 0 0 0 0 1135 1113 1137 1115 1043 52 0 0 0 0 
412 0 0 345 2 381 0 0 375 0 388 0 0 343 0 411 2 18 374 15 446 21 41 393 48 
324 917 917 327 551 96 675 679 110 275 58 598 638 59 270 260 809 797 258 453 178 702 757 154 379 
0 0 179 0 0 460 440 636 457 496 0 0 177 0 0 11 11 187 5 10 93 91 262 84 108 
0 262 245 404 1 0 280 232 391 1 37 279 286 489 47 0 239 239 387 2 0 252 259 419 4 
0 0 9 1443 0 9 8 25 1412 3 0 0 10 1427 0 4 6 21 1511 6 0 0 15 1482 0 
570 302 874 640 1173 506 219 790 552 1092 751 489 1122 853 1317 1114 838 1424 1164 1676 609 281 865 650 1187 
19 121 6 32 5 0 80 0 19 0 0 114 1 19 3 8 114 4 25 3 1000 1108 1042 1025 986 
603 429 44 166 21 1120 905 509 628 442 863 602 179 252 128 787 565 150 252 119 632 434 50 164 42 
1261 1873 1186 1063 1283 362 907 191 148 285 593 1241 494 399 557 283 742 107 49 208 350 842 141 108 242 
475 494 495 731 674 28 23 21 232 106 18 13 5 208 119 21 14 10 220 102 212 194 172 420 292 
219 184 210 219 510 60 106 113 59 384 4 19 62 12 312 335 374 381 311 750 1070 1108 1107 1072 1407 
715 254 232 1090 991 1466 1020 974 1929 1867 683 318 250 1069 1090 567 210 163 962 925 935 622 575 1318 1227 
30 235 9 7 12 49 278 42 45 59 26 253 0 0 0 307 489 280 326 274 76 295 42 46 53 
