4903 4914 4370 4881 4023 5714 5785 5293 5804 4818 5427 5500 4839 5422 4581 4614 4727 4215 4767 3830 5286 5310 4869 5227 4247 
944 646 804 840 1352 399 80 258 191 780 611 289 459 403 975 621 224 413 393 978 2590 2181 2363 2481 2973 
416 466 470 449 666 0 0 7 0 137 147 132 171 165 284 21 23 49 24 169 0 0 11 0 153 
0 2232 0 0 0 0 2297 0 0 0 0 2153 0 0 0 0 2215 0 0 0 0 2110 0 0 0 
44 13 34 1087 57 14 0 12 1052 37 672 510 588 1612 591 144 121 101 1159 185 48 9 18 1034 53 
11 133 19 6 1 18 159 13 21 11 9 109 5 0 1 1114 1298 1152 1133 1081 308 482 307 287 299 
1347 11 0 9 0 1335 17 18 28 20 1381 65 65 78 65 1330 6 0 9 0 1335 4 0 8 0 
0 0 2081 26 10 0 0 2064 26 17 0 0 1947 23 12 0 0 2080 15 9 0 0 1999 12 12 
0 0 0 15 26 1761 1684 1742 1754 1758 0 0 0 19 34 0 0 0 8 30 0 0 0 13 33 
26 387 0 752 0 107 488 68 886 57 46 398 21 795 33 123 516 76 880 73 49 372 0 767 0 
398 22 227 0 0 432 15 199 0 0 456 23 266 19 40 402 22 243 7 4 551 181 375 152 154 
0 18 29 0 1248 1 22 47 2 1257 0 16 52 0 1258 0 16 44 1 1313 6 19 58 7 1273 
0 2 0 287 0 93 105 92 378 115 81 96 72 415 76 0 0 0 314 0 271 268 263 600 278 
525 418 768 891 552 151 68 431 544 207 336 243 645 695 352 101 38 400 454 152 199 155 539 579 260 
585 586 605 638 586 0 0 0 0 0 0 0 0 0 0 0 0 0 0 0 0 0 0 0 0 
0 474 0 0 191 0 469 0 0 197 205 808 252 247 435 0 520 0 0 187 19 540 22 24 227 
0 0 0 0 0 0 0 0 0 0 1150 1176 1126 1147 1200 0 0 0 0 0 0 0 0 0 0 
110 70 936 373 73 566 437 1288 726 469 9 39 779 220 5 732 623 1534 835 608 241 200 1032 487 154 
105 0 372 119 0 109 0 358 115 0 356 286 606 374 263 131 15 364 136 12 94 0 373 111 0 
273 62 187 242 652 794 606 771 735 1174 614 461 629 677 991 244 117 186 221 628 232 121 256 295 669 
55 0 0 0 0 94 12 26 17 27 64 0 0 0 0 1121 1083 1116 1096 1020 52 0 0 0 0 
426 48 33 384 37 358 2 0 377 0 367 3 0 346 0 422 47 37 398 39 403 21 27 398 35 
287 745 754 286 422 64 554 548 71 191 12 485 505 16 157 168 577 610 181 294 93 539 577 80 244 
0 0 193 0 0 533 472 725 538 549 0 0 196 0 0 12 12 206 4 9 100 90 267 87 102 
0 221 225 367 1 0 240 231 346 1 35 242 278 428 36 0 218 231 360 2 0 220 238 359 3 
0 0 1 1340 0 7 8 11 1306 3 0 0 9 1350 0 4 6 13 1418 6 0 0 11 1350 0 
548 325 790 497 1064 326 138 576 270 893 590 365 864 551 1078 1058 868 1338 1039 1627 439 256 652 384 1025 
11 128 5 27 7 0 76 0 21 0 0 113 1 20 2 7 117 5 27 3 1004 1137 1016 992 986 
545 342 4 78 5 991 773 379 474 365 715 491 95 135 77 780 489 124 210 117 592 366 28 93 29 
1331 1952 1170 1122 1214 381 924 178 138 153 618 1293 516 404 456 328 788 141 90 146 389 889 175 127 147 
