3784 4298 3774 3781 2870 4047 4621 4108 3939 3049 3970 4596 4023 3978 3065 3855 4396 3912 3889 2953 3800 4435 3890 3748 2822 
802 276 468 366 621 534 45 244 152 385 1170 552 804 645 909 699 166 412 265 482 1925 1324 1528 1539 1695 
430 404 445 394 588 0 0 8 0 131 158 131 190 150 278 21 22 47 24 162 0 0 10 0 139 
0 2230 0 0 0 0 2287 0 0 0 0 2125 0 0 0 0 2210 0 0 2 0 2131 0 0 0 
39 15 33 1105 48 15 0 29 1055 34 661 558 641 1628 641 143 124 113 1191 173 34 8 26 1022 44 
0 0 3 0 0 0 6 0 1 0 0 0 2 0 0 716 725 722 690 708 211 202 207 212 226 
1424 5 0 3 0 1449 17 20 20 20 1494 39 43 42 35 1425 1 0 5 0 1436 2 0 3 0 
0 0 2039 24 37 0 0 2079 12 29 0 0 1930 8 25 0 0 2057 8 22 0 0 1988 7 28 
0 0 0 22 25 1787 1708 1756 1732 1749 0 0 0 25 32 0 0 0 23 31 0 0 0 19 33 
34 412 0 693 0 135 514 82 886 109 54 440 33 769 38 120 507 72 827 76 52 371 0 731 0 
282 16 239 0 0 276 12 241 0 0 285 14 252 4 2 265 12 243 0 0 294 28 232 10 11 
0 3 31 0 1233 1 9 33 2 1249 1 0 49 0 1246 0 2 42 2 1270 5 8 42 2 1215 
0 2 0 302 0 90 94 86 396 118 76 87 81 442 86 0 0 0 352 0 281 280 281 650 304 
426 368 670 661 335 110 30 378 357 19 295 217 600 506 194 88 28 360 336 44 157 109 471 406 79 
618 609 656 674 612 0 0 0 0 0 0 0 0 0 0 0 0 0 0 0 0 0 0 0 0 
0 426 0 0 177 0 418 0 0 183 237 743 270 278 420 0 468 0 0 169 14 475 21 24 215 
0 0 0 0 0 0 0 0 0 0 1096 1128 1082 1116 1165 0 0 0 0 0 0 0 0 0 0 
134 73 915 404 84 478 348 1257 705 350 60 40 786 277 17 669 535 1479 808 515 221 134 1017 429 113 
29 0 284 14 0 32 0 238 15 0 267 267 512 273 252 51 12 254 34 12 16 0 293 14 0 
266 120 307 99 526 636 551 692 449 912 628 578 695 526 855 183 85 195 26 438 173 115 269 62 514 
20 0 0 0 0 52 10 25 12 25 21 0 0 0 0 1116 1115 1140 1131 1042 18 0 0 0 0 
490 0 0 344 3 473 0 0 382 0 467 0 0 344 0 509 2 13 359 10 517 20 41 387 48 
326 906 936 338 536 97 674 695 105 270 51 596 641 54 255 250 777 815 265 437 151 671 753 135 351 
0 0 183 0 0 464 430 640 451 507 0 0 182 0 0 10 15 188 6 9 100 80 255 79 107 
0 276 254 445 2 0 279 232 416 1 42 288 286 510 43 0 243 241 401 2 0 250 258 442 3 
0 0 1 1358 0 7 8 13 1335 3 0 0 6 1361 0 4 6 12 1427 6 0 0 5 1366 0 
523 237 788 554 1077 466 155 737 489 1015 732 431 1021 774 1265 1117 830 1393 1128 1646 544 224 769 537 1075 
10 102 4 26 4 0 79 0 19 0 0 106 0 19 1 11 104 4 25 3 1017 1108 1033 1028 988 
590 380 13 109 9 1135 860 491 579 462 827 540 145 189 97 752 450 102 174 76 605 365 34 114 43 
1221 1784 1087 1031 1137 320 821 121 98 120 584 1180 452 372 460 290 754 86 58 133 381 830 160 134 191 
421 516 495 664 624 22 4 11 171 70 16 4 1 162 69 20 5 4 166 96 201 206 161 359 276 
231 205 213 208 534 46 78 84 39 389 4 14 60 8 349 295 337 351 305 749 1061 1126 1139 1072 1455 
757 280 231 1091 1095 1524 1071 989 1946 1969 678 323 199 1101 1203 516 193 117 904 948 1006 632 551 1376 1327 
33 272 8 6 10 52 302 46 57 68 27 299 0 0 0 352 562 304 350 308 81 336 42 47 54 
