3787 4294 3697 3771 2790 4035 4567 4061 3944 2967 3897 4523 3852 3879 2948 3838 4330 3764 3861 2835 3836 4420 3869 3782 2789 
809 265 481 367 608 520 42 190 127 354 1278 612 898 705 986 705 168 385 275 530 1933 1315 1555 1610 1757 
422 418 414 354 653 0 0 7 0 157 161 137 172 138 325 21 24 42 23 182 0 0 12 0 160 
0 2222 0 0 0 0 2295 0 0 0 0 2134 0 0 0 0 2195 0 0 0 0 2123 0 0 0 
40 14 35 1066 26 15 0 26 1033 15 631 538 618 1597 589 143 122 126 1134 158 28 7 28 958 23 
0 0 3 0 0 0 5 0 1 0 0 0 2 0 0 694 698 680 661 685 200 192 203 205 216 
1490 2 0 1 0 1527 15 19 23 22 1533 8 14 19 12 1527 1 0 2 0 1542 1 0 1 0 
0 0 2038 17 20 0 0 2067 14 19 0 0 1934 9 17 0 0 2050 11 9 0 0 1992 10 20 
0 0 0 22 24 1815 1721 1760 1765 1780 0 0 0 24 33 0 0 0 23 30 0 2 0 20 33 
17 398 0 587 0 144 502 110 782 127 40 441 42 703 64 148 515 131 774 122 20 359 0 604 0 
332 19 273 0 0 300 11 303 0 0 323 10 296 6 2 279 13 299 0 0 341 28 295 16 10 
0 5 50 1 1243 1 10 50 5 1235 0 4 65 0 1243 0 7 59 3 1277 7 15 61 6 1235 
0 3 0 284 0 87 90 81 372 117 74 87 78 418 78 0 0 0 314 0 265 269 268 601 285 
392 335 678 632 329 61 16 401 360 55 288 188 636 513 186 20 7 387 310 28 91 50 454 363 75 
612 614 664 672 620 0 0 0 0 0 0 0 0 0 0 0 0 0 0 0 0 0 0 0 0 
0 408 0 0 160 0 422 0 0 167 230 717 247 268 414 0 441 0 0 161 14 450 18 23 209 
0 0 0 0 0 0 0 0 0 0 1121 1139 1098 1123 1192 0 0 0 0 0 0 0 0 0 0 
90 54 849 358 36 416 301 1132 629 344 31 29 716 254 17 582 517 1383 740 482 155 98 906 339 84 
26 0 305 20 0 25 0 247 11 0 262 274 528 285 248 50 11 267 35 12 10 0 295 17 0 
261 161 278 85 522 646 562 692 424 896 634 582 701 524 849 222 153 236 45 450 204 165 283 65 500 
49 0 0 0 0 91 15 27 16 28 58 0 0 0 0 1133 1115 1139 1121 1045 47 0 0 0 0 
410 0 0 351 1 396 0 0 372 0 369 0 0 340 0 423 1 16 365 11 431 19 41 385 48 
330 899 891 333 544 92 673 677 107 281 65 596 621 67 269 266 793 794 263 443 180 700 748 164 363 
0 0 179 0 0 455 426 626 441 486 0 0 177 0 0 8 9 194 4 8 91 74 244 71 102 
0 268 240 403 1 0 278 225 369 1 39 278 273 466 38 0 236 226 382 2 0 251 248 412 3 
0 0 5 1472 0 8 10 24 1443 3 0 0 9 1444 0 4 7 24 1535 6 0 0 12 1492 0 
527 281 820 578 1078 479 204 761 513 1043 708 431 1065 792 1245 1062 794 1395 1109 1606 560 228 791 570 1094 
19 121 4 27 5 0 76 0 20 0 0 110 1 19 3 7 111 4 25 3 998 1123 1048 1025 985 
585 406 30 159 13 1092 884 472 620 435 853 623 190 244 129 789 562 157 259 122 608 442 49 161 41 
1215 1802 1119 1051 1221 387 893 196 125 256 586 1220 468 396 545 297 761 103 43 201 389 846 169 126 250 
443 491 492 724 659 28 23 23 276 99 16 17 8 235 118 22 12 10 228 120 209 197 155 413 287 
220 172 209 227 498 58 86 98 70 376 4 15 65 15 320 333 383 366 335 739 1048 1106 1094 1087 1422 
783 324 315 1146 1126 1514 1027 1017 1908 1908 679 327 212 1078 1132 599 211 164 973 976 1017 689 596 1382 1309 
31 239 8 8 10 56 277 43 50 65 21 256 0 0 0 305 489 277 326 279 77 301 42 46 56 
