3838 4584 3912 3993 3151 4319 5048 4462 4342 3513 4054 4814 4203 4216 3348 3884 4644 4078 4082 3172 3994 4660 4126 4078 3203 
758 269 416 286 495 601 43 207 29 278 1022 438 653 428 719 678 97 271 107 333 1983 1426 1583 1517 1692 
418 425 435 370 622 0 0 6 0 159 161 137 173 140 307 21 23 45 21 163 0 0 14 0 151 
0 2140 0 0 0 0 2203 0 0 0 0 2064 0 0 0 0 2129 0 0 0 0 2048 0 0 0 
30 12 28 998 44 12 0 13 985 31 538 492 554 1465 555 125 124 101 1112 171 24 7 17 971 45 
0 0 4 0 0 0 7 1 10 1 0 0 2 0 0 722 725 720 690 715 209 195 210 202 228 
1304 11 0 4 0 1294 19 18 26 20 1335 38 41 46 29 1286 3 0 7 0 1297 4 0 6 0 
0 0 2047 28 35 0 0 2041 24 29 0 0 1928 19 24 0 0 2045 16 21 0 0 1976 17 27 
0 0 0 22 14 1786 1685 1745 1710 1752 0 0 0 23 14 0 0 0 22 12 0 0 0 19 20 
17 417 0 697 0 97 481 63 818 61 81 448 63 772 57 161 536 92 839 108 19 375 0 685 0 
280 16 231 0 0 271 12 226 0 0 270 11 224 4 1 265 17 242 0 6 281 26 238 10 10 
0 2 27 1 1268 1 8 37 5 1285 0 0 44 0 1260 0 3 40 1 1308 7 14 46 7 1267 
0 2 0 299 0 101 117 89 387 119 84 93 78 431 77 0 1 0 320 0 276 285 273 619 288 
445 408 723 760 465 62 34 408 391 85 288 214 619 570 267 27 18 375 346 71 125 93 472 432 102 
585 586 605 638 586 0 0 0 0 0 0 0 0 0 0 0 0 0 0 0 0 0 0 0 0 
0 428 0 0 171 0 409 0 0 176 239 738 265 287 449 0 457 0 0 173 14 480 17 23 211 
0 0 0 0 0 0 0 0 0 0 1100 1127 1072 1121 1169 0 0 0 0 0 0 0 0 0 0 
192 80 1054 436 76 591 442 1385 798 445 122 49 906 303 17 726 606 1601 911 567 274 208 1162 486 135 
21 0 250 55 0 14 0 219 48 0 277 303 519 336 276 37 9 229 71 6 8 0 252 54 0 
290 121 298 122 530 661 541 743 473 928 668 540 741 572 903 252 123 247 65 479 219 129 302 109 539 
14 0 0 0 0 46 11 20 16 27 12 0 0 0 0 1111 1120 1156 1132 1071 13 0 0 0 0 
464 49 33 389 37 419 0 0 385 0 421 0 0 352 0 464 3 6 376 0 463 18 26 400 34 
287 719 731 290 398 67 538 524 71 145 19 469 470 20 126 180 592 607 186 295 72 490 564 61 187 
0 0 191 0 0 504 449 682 481 545 0 0 185 0 0 9 12 218 5 10 93 77 254 86 95 
0 211 207 296 1 0 224 216 286 1 35 232 260 337 36 0 207 212 291 2 0 214 225 300 3 
0 0 10 1482 0 7 8 31 1451 4 0 0 11 1489 0 4 6 28 1539 6 0 0 12 1491 0 
484 291 771 525 1032 376 140 618 351 888 602 373 887 602 1064 1025 775 1294 1047 1507 449 227 665 415 1001 
8 126 2 22 3 0 133 0 19 0 0 169 0 19 0 7 156 4 25 3 920 1040 941 924 883 
624 364 14 86 13 1111 807 413 503 362 786 516 98 150 55 834 509 102 188 97 627 376 11 66 3 
1254 1845 1171 1097 1256 406 869 209 179 266 591 1190 468 400 511 310 728 135 81 209 373 872 203 139 216 
297 333 296 323 310 14 0 0 35 0 18 0 4 43 4 16 0 0 43 0 176 153 125 171 162 
181 140 186 162 418 49 67 87 29 325 3 7 64 0 288 315 351 369 300 694 939 912 950 917 1247 
1067 348 401 1329 1242 1404 843 842 1939 1753 1151 533 450 1416 1444 678 123 121 1016 1028 1360 781 748 1699 1547 
32 288 34 6 20 35 293 30 29 38 24 301 4 0 2 340 589 340 340 295 86 360 64 50 60 
