3797 4240 3632 3721 2673 4005 4510 3971 3888 2878 3914 4472 3806 3900 2907 3854 4290 3744 3825 2793 3790 4361 3804 3698 2718 
777 270 454 373 616 525 35 187 134 348 1251 621 882 713 988 721 150 387 266 503 1907 1298 1507 1582 1722 
400 417 420 349 639 0 0 9 0 168 165 136 167 133 301 22 23 43 20 185 0 0 11 0 166 
0 2219 0 0 0 0 2297 0 0 0 0 2131 0 0 0 0 2197 0 0 0 0 2105 0 0 0 
40 17 38 1031 31 11 0 27 1025 15 620 504 601 1563 588 139 125 117 1154 163 28 7 26 966 25 
0 0 3 0 0 0 5 0 1 0 0 0 3 0 0 695 696 680 660 683 203 190 204 204 215 
1486 3 0 1 0 1501 14 19 26 21 1521 10 11 23 12 1517 1 0 3 0 1535 1 0 1 0 
0 0 2025 19 16 0 0 2061 13 19 0 0 1931 8 14 0 0 2059 16 8 0 0 1985 12 21 
0 0 0 22 24 1818 1722 1770 1761 1788 0 0 0 25 31 0 0 0 23 30 0 2 0 19 34 
14 399 0 599 0 146 507 114 804 135 53 451 45 703 59 152 514 129 767 119 21 349 0 606 0 
334 19 277 0 0 309 11 308 0 0 317 14 302 6 3 277 14 295 0 0 350 25 305 15 11 
0 6 52 1 1236 1 12 53 5 1216 0 4 59 0 1238 0 5 56 3 1288 9 17 60 5 1219 
0 2 0 286 0 84 95 86 368 110 73 88 80 418 78 0 1 0 317 0 265 268 269 601 284 
385 323 668 640 330 61 21 404 376 59 280 193 620 518 195 16 5 391 319 31 102 58 461 409 78 
612 609 658 670 620 0 0 0 0 0 0 0 0 0 0 0 0 0 0 0 0 0 0 0 0 
0 399 0 0 160 0 414 0 0 175 232 706 246 266 412 0 443 0 0 163 14 446 18 23 208 
0 0 0 0 0 0 0 0 0 0 1124 1147 1100 1128 1199 0 0 0 0 0 0 0 0 0 0 
95 52 848 356 45 411 318 1130 608 332 33 30 729 251 16 579 513 1380 731 468 145 108 916 329 75 
24 0 312 27 0 20 0 246 11 0 265 277 525 291 249 48 10 265 35 12 9 0 292 22 0 
263 156 274 84 519 644 562 712 425 900 622 584 702 512 837 212 171 238 50 465 205 165 294 62 505 
52 0 0 0 0 90 14 27 13 30 58 0 0 0 0 1137 1116 1139 1122 1047 51 0 0 0 0 
405 0 0 345 1 401 0 0 378 0 372 0 0 338 0 415 1 16 371 12 429 22 41 386 48 
335 932 919 345 562 102 681 691 108 305 59 622 632 63 270 269 815 817 277 451 178 713 761 167 377 
0 0 179 0 0 452 427 627 442 484 0 0 176 0 0 7 11 196 5 10 88 77 242 73 102 
0 263 240 403 1 0 277 225 366 1 40 279 275 466 36 0 233 226 376 2 0 247 246 406 3 
0 0 7 1465 0 7 10 25 1439 3 0 0 12 1440 0 4 6 22 1526 6 0 0 12 1481 0 
557 319 885 646 1176 508 219 815 535 1082 738 481 1132 842 1328 1075 799 1407 1124 1660 587 280 854 613 1151 
17 123 5 30 5 0 76 0 19 0 0 115 1 20 2 8 114 4 25 3 996 1134 1044 1032 988 
581 418 28 154 16 1113 894 469 614 437 862 620 180 249 119 804 564 156 259 119 628 446 46 150 40 
1231 1805 1126 1043 1219 383 897 186 135 254 608 1218 501 388 555 293 761 100 50 213 381 843 168 139 256 
441 484 501 743 676 32 25 22 272 108 14 15 8 235 114 18 14 11 228 110 221 200 166 441 302 
226 174 215 224 498 59 80 102 64 384 4 16 65 12 325 331 384 367 349 729 1054 1116 1094 1088 1449 
789 332 301 1132 1114 1514 1025 1007 1940 1921 653 313 195 1050 1126 579 217 153 954 972 1029 698 607 1378 1307 
29 234 10 7 10 51 283 42 50 63 23 249 0 0 0 305 493 280 324 277 76 294 43 46 52 
