3921 4377 3827 3869 3002 4140 4669 4172 4021 3225 4029 4554 4012 4022 3139 3908 4367 3910 3935 2985 3944 4464 3995 3870 2928 
814 283 521 383 667 548 52 263 116 419 1283 616 922 707 1001 792 191 470 303 568 2011 1381 1637 1669 1851 
407 392 420 342 589 0 0 6 0 146 146 129 165 132 298 21 22 41 20 160 0 0 14 0 150 
0 2225 0 0 0 0 2266 0 0 0 0 2124 0 0 0 0 2207 0 0 0 0 2118 0 0 0 
47 16 21 1111 49 13 0 15 1085 33 670 585 661 1667 629 148 120 96 1187 165 32 7 22 1014 45 
0 0 3 0 0 0 7 0 1 0 0 0 2 0 0 721 725 710 694 704 213 202 221 226 254 
1449 7 0 6 0 1495 17 19 24 20 1514 34 34 31 25 1468 1 0 3 0 1476 3 0 3 0 
0 0 2073 20 40 0 0 2061 16 29 0 0 1948 11 23 0 0 2076 15 22 0 0 2004 10 28 
0 0 0 22 25 1748 1661 1699 1680 1701 0 0 0 24 30 0 0 0 22 29 0 0 0 20 33 
6 401 0 695 0 155 514 113 895 115 34 425 21 757 39 145 524 127 835 120 31 370 0 725 0 
266 16 241 0 0 272 11 229 0 0 267 11 229 5 2 277 22 246 0 0 287 28 225 10 10 
0 5 31 0 1265 1 12 37 2 1271 0 2 51 0 1260 0 4 43 1 1301 8 12 52 4 1249 
0 2 0 297 0 90 102 87 401 118 81 98 86 441 82 0 0 0 316 0 286 281 279 625 293 
410 341 640 644 329 80 34 357 375 13 285 198 569 482 191 73 29 348 325 26 121 77 417 349 38 
616 608 639 667 616 0 0 0 0 0 0 0 0 0 0 0 0 0 0 0 0 0 0 0 0 
0 414 0 0 158 0 433 0 0 166 240 760 256 271 419 0 478 0 0 168 15 483 20 25 211 
0 0 0 0 0 0 0 0 0 0 1095 1128 1083 1130 1177 0 0 0 0 0 0 0 0 0 0 
144 46 979 367 68 497 327 1247 684 337 89 28 812 249 6 604 499 1458 764 489 228 152 1049 409 126 
21 0 264 22 0 13 0 223 15 0 248 272 482 284 255 30 4 227 32 12 6 0 274 24 0 
252 119 252 56 519 599 548 706 424 928 601 574 706 515 879 163 112 195 38 436 197 144 254 62 521 
17 0 0 0 0 81 38 59 42 60 15 0 0 0 0 1110 1113 1139 1136 1044 14 0 0 0 0 
490 0 0 341 1 474 0 0 375 0 468 0 0 344 0 507 4 17 360 13 518 19 41 395 48 
301 876 863 323 478 85 642 640 97 221 36 575 601 31 201 235 775 748 242 379 96 607 683 85 259 
0 0 179 0 0 444 416 620 437 482 0 0 177 0 0 8 10 185 4 8 89 77 243 77 101 
0 282 246 433 2 0 298 237 388 1 41 292 285 480 41 0 252 231 384 2 0 250 255 438 3 
0 0 0 1353 0 7 8 10 1316 3 0 0 6 1348 0 4 6 9 1413 6 0 0 3 1352 0 
453 234 757 484 1021 379 146 663 377 946 645 402 998 675 1163 1045 794 1365 1074 1596 446 200 711 475 999 
12 120 5 26 8 0 86 0 19 0 0 98 1 19 3 7 110 4 25 3 1097 1189 1079 1069 1054 
616 379 58 155 23 1124 900 544 630 483 842 580 211 222 126 762 487 133 223 102 589 393 57 149 45 
1229 1825 1120 1048 1187 344 849 183 115 164 571 1199 465 379 478 296 754 129 62 162 340 811 162 100 189 
421 471 481 740 630 36 23 28 260 110 13 14 5 215 129 18 12 8 215 109 204 190 156 406 286 
216 209 189 198 455 53 79 79 43 329 3 9 32 2 298 327 366 375 332 746 995 1073 1071 1018 1387 
763 299 266 1114 1048 1518 1001 994 1931 1855 671 329 166 1118 1108 523 195 122 918 900 991 633 528 1326 1240 
19 268 2 0 7 52 292 44 51 61 14 260 0 0 0 285 503 266 301 267 67 306 24 19 8 
