4939 4932 4388 4939 4096 5683 5766 5297 5816 4881 5412 5518 4932 5462 4685 4593 4740 4267 4807 3862 5236 5322 4836 5266 4330 
922 577 721 777 1243 429 106 281 211 739 593 259 470 355 876 594 194 411 351 885 2527 2115 2353 2409 2853 
435 482 502 420 668 0 0 6 0 126 150 133 169 153 283 21 23 44 20 167 0 0 14 0 144 
0 2243 0 0 0 0 2281 0 0 0 0 2148 0 0 0 0 2218 0 0 0 0 2104 0 0 0 
37 11 22 1102 47 12 0 8 1034 30 611 505 563 1548 571 132 113 87 1143 165 48 7 11 1016 44 
8 161 25 2 11 15 186 21 22 14 8 158 6 0 2 1136 1330 1159 1165 1101 317 517 301 286 307 
1352 8 0 3 0 1374 15 18 24 21 1406 58 59 76 51 1345 3 0 7 0 1365 3 0 8 0 
0 0 2079 26 8 0 0 2066 15 12 0 0 1954 9 11 0 0 2079 16 5 0 0 1990 10 4 
0 0 0 22 24 1744 1653 1712 1680 1713 0 0 0 24 30 0 0 0 26 31 0 0 0 20 33 
39 348 0 748 0 177 503 137 947 131 62 348 36 813 52 161 483 126 893 121 45 367 0 779 0 
383 19 220 0 0 422 15 200 0 0 448 24 244 13 16 413 20 240 5 4 567 172 354 144 148 
0 20 32 1 1271 3 23 46 11 1268 0 16 50 2 1246 0 17 37 2 1305 12 26 47 8 1256 
0 2 0 281 0 89 97 80 366 109 79 81 69 411 65 0 0 0 308 0 266 266 255 597 276 
510 410 755 847 502 162 75 419 520 173 364 247 647 677 341 111 37 390 441 140 202 163 512 577 249 
585 586 605 638 586 0 0 0 0 0 0 0 0 0 0 0 0 0 0 0 0 0 0 0 0 
0 452 0 0 185 0 439 0 0 187 234 768 268 281 446 0 489 0 0 187 15 510 23 26 229 
0 0 0 0 0 0 0 0 0 0 1141 1181 1137 1136 1220 0 0 0 0 0 0 0 0 0 0 
108 85 923 336 92 537 411 1234 690 436 11 37 784 212 8 648 634 1435 800 569 221 192 998 417 151 
93 0 367 119 0 99 0 358 119 0 352 286 601 378 266 106 14 361 136 11 81 0 376 111 0 
252 49 189 257 643 729 587 720 762 1189 635 471 599 749 1049 296 119 221 270 698 256 106 273 347 696 
47 0 0 0 0 77 11 19 16 22 48 0 0 0 0 1115 1083 1116 1094 1019 40 0 0 0 0 
433 49 33 385 37 366 2 0 385 0 373 1 0 350 0 429 40 34 398 36 410 21 28 390 32 
279 754 790 285 427 61 572 554 70 191 3 506 512 5 147 155 623 614 169 305 84 537 573 76 220 
0 0 189 0 0 529 472 712 504 536 0 0 191 0 0 10 9 200 4 12 112 78 275 89 110 
0 221 226 371 1 0 241 230 345 1 35 245 274 429 36 0 209 228 366 3 0 219 238 368 3 
0 0 1 1337 0 7 8 12 1314 3 0 0 7 1351 0 4 6 10 1406 6 0 0 9 1352 0 
572 341 804 550 1133 356 128 608 324 912 626 384 853 577 1104 1089 840 1331 1050 1615 477 273 742 434 1072 
7 98 3 26 4 0 73 0 21 0 0 97 0 21 0 9 96 4 26 3 1051 1169 1054 1034 1019 
552 402 42 110 29 1013 844 421 518 404 698 530 93 136 58 767 524 132 207 123 563 384 20 66 6 
1337 1965 1161 1134 1180 364 923 176 106 138 612 1295 468 393 439 343 822 152 69 149 406 919 194 124 174 
