4233 4601 4117 4133 3488 5004 5423 4971 5032 4258 4273 4725 4191 4325 3648 4157 4537 4125 4234 3388 4266 4651 4242 4160 3478 
761 395 558 529 835 463 107 261 238 553 766 401 535 482 809 510 110 272 242 511 1776 1398 1506 1605 1841 
352 368 392 364 558 0 0 6 0 116 153 139 160 151 254 20 23 40 24 155 0 0 10 0 141 
0 2216 0 0 0 0 2273 0 0 0 0 2159 0 0 0 0 2187 0 0 0 0 2073 0 0 0 
36 13 29 1008 54 10 0 19 937 29 529 453 519 1397 518 130 117 108 1056 171 27 7 23 908 43 
29 168 22 8 6 30 181 15 20 19 11 143 5 0 2 1079 1227 1048 1058 1000 298 475 260 261 281 
1336 10 0 4 0 1312 17 18 22 20 1350 24 27 28 19 1323 3 0 6 0 1312 3 0 7 0 
0 0 2049 7 35 0 0 2031 6 28 0 0 1925 2 25 0 0 2061 5 22 0 0 1980 4 27 
0 0 0 22 13 1782 1697 1736 1757 1752 0 0 0 24 14 0 0 0 23 17 0 0 0 20 22 
39 438 0 761 0 115 505 61 897 73 91 439 65 824 63 134 522 73 873 80 52 395 0 751 0 
365 20 220 0 0 398 11 187 0 0 441 21 239 26 28 379 22 224 8 4 533 175 356 147 153 
0 4 45 0 1277 0 9 40 0 1291 0 1 56 0 1288 0 6 53 0 1337 2 13 43 2 1261 
0 2 0 283 0 103 112 86 374 122 80 84 74 415 78 0 0 0 317 0 270 268 266 603 278 
562 464 794 945 553 171 69 451 499 202 328 215 594 641 339 115 31 382 418 162 240 178 559 594 292 
585 586 605 638 586 0 0 0 0 0 0 0 0 0 0 0 0 0 0 0 0 0 0 0 0 
0 457 0 0 191 0 466 0 0 194 266 838 290 285 443 0 499 0 0 186 16 532 23 23 228 
0 0 0 0 0 0 0 0 0 0 1106 1143 1090 1137 1185 0 0 0 0 0 0 0 0 0 0 
124 86 912 348 78 546 412 1204 668 428 17 55 732 221 17 673 626 1451 806 599 243 213 963 434 154 
127 0 402 136 0 128 0 402 133 0 403 305 694 424 288 148 16 422 167 13 113 0 422 125 0 
186 29 130 220 584 730 596 718 740 1152 555 404 543 641 942 164 59 134 187 578 186 109 227 291 622 
7 0 0 0 0 44 23 44 23 42 7 0 0 0 0 1126 1128 1166 1140 1077 6 0 0 0 0 
410 50 33 381 37 386 1 0 376 0 384 3 0 350 0 414 3 9 381 1 437 19 25 399 33 
281 758 773 294 416 69 576 550 70 141 23 503 523 31 120 180 639 605 188 266 128 556 608 110 225 
0 0 213 0 0 499 450 713 507 531 0 0 207 0 0 10 10 228 4 9 91 76 291 87 102 
0 219 224 382 2 0 236 245 359 1 37 256 292 455 37 0 221 228 380 2 0 231 248 384 3 
0 0 4 1340 0 7 8 21 1312 3 0 0 15 1345 0 4 6 18 1404 6 0 0 10 1349 0 
485 261 696 458 987 306 135 569 291 831 545 330 837 508 1002 976 766 1260 1000 1484 389 203 611 373 939 
6 134 2 23 3 0 97 0 19 0 0 117 0 20 1 8 130 4 27 3 944 1080 984 968 951 
618 366 18 108 13 1034 789 370 472 338 744 518 95 144 70 758 491 99 181 99 623 377 32 84 28 
1275 1794 1066 1010 1130 400 884 222 121 191 638 1238 499 398 502 325 740 154 53 163 419 857 197 134 201 
342 350 347 443 437 14 3 0 77 0 14 2 2 47 1 17 0 0 70 0 206 180 142 230 221 
136 110 155 141 399 61 45 110 42 323 4 8 75 0 264 294 313 354 277 670 900 906 960 886 1207 
595 316 271 730 505 636 306 285 828 598 1136 772 702 1240 1045 533 254 160 650 519 824 495 488 1015 625 
