3834 4333 3674 3721 2772 4035 4603 4048 3911 2990 3973 4576 3859 3902 3002 3863 4396 3798 3824 2890 3854 4472 3819 3704 2786 
856 255 528 385 692 564 30 226 75 369 1261 586 838 668 980 768 162 429 256 528 1954 1338 1561 1608 1790 
452 419 445 397 629 0 0 7 0 133 181 139 189 175 293 24 22 45 24 160 0 0 11 0 149 
0 2224 0 0 0 0 2306 0 0 0 0 2127 0 0 0 0 2211 0 0 0 0 2130 0 0 0 
54 14 20 1143 25 16 0 9 1137 14 704 565 682 1684 661 148 115 104 1219 155 46 8 11 1046 23 
0 0 3 0 0 0 6 0 1 0 0 0 2 0 0 742 773 741 727 731 223 194 213 217 226 
1387 10 0 3 0 1419 19 19 22 20 1483 40 52 49 41 1417 3 0 6 0 1419 3 0 11 0 
0 0 2128 22 35 0 0 2143 15 29 0 0 2004 11 24 0 0 2164 15 22 0 0 2075 11 30 
0 0 0 24 24 1759 1669 1736 1698 1731 0 0 0 29 31 0 0 0 22 29 0 0 0 19 32 
8 400 0 688 0 120 491 69 872 88 28 423 25 737 36 123 510 85 826 88 35 373 0 716 0 
272 16 229 0 0 259 11 213 0 0 260 10 235 5 1 237 14 224 0 0 286 26 231 10 10 
0 0 25 0 1273 1 10 34 5 1289 0 1 42 0 1281 0 1 35 0 1310 3 5 34 4 1240 
0 2 0 301 0 85 101 85 388 115 74 85 81 437 81 0 0 0 354 0 270 281 279 639 297 
438 373 684 672 341 85 29 383 380 29 326 224 644 541 231 82 29 379 340 41 160 106 498 409 100 
620 610 661 668 614 0 0 0 0 0 0 0 0 0 0 0 0 0 0 0 0 0 0 0 0 
0 421 0 0 167 0 407 0 0 178 237 736 257 267 424 0 464 0 0 169 14 481 20 22 211 
0 0 0 0 0 0 0 0 0 0 1091 1128 1057 1112 1163 0 0 0 0 0 0 0 0 0 0 
145 97 918 418 71 506 367 1260 732 398 69 56 798 295 21 649 528 1444 804 505 168 106 990 358 71 
40 0 291 20 0 36 0 247 11 0 277 276 516 276 261 71 12 259 26 12 30 0 274 18 0 
246 107 275 90 545 627 527 674 441 878 595 559 664 515 837 165 86 172 33 431 208 111 249 70 507 
27 0 0 0 0 79 18 29 16 32 28 0 0 0 0 1117 1115 1133 1125 1045 21 0 0 0 0 
479 0 0 341 2 472 0 0 373 0 467 0 0 340 0 506 2 22 361 12 519 19 41 395 48 
330 898 895 342 511 92 646 656 110 240 59 582 626 60 220 254 773 782 258 407 169 675 731 156 337 
0 0 179 0 0 444 418 620 437 482 0 0 177 0 0 8 11 188 5 8 87 78 243 75 100 
0 258 237 408 0 0 283 225 370 0 38 278 268 469 41 0 235 225 383 0 0 252 247 404 3 
0 0 1 1362 0 7 8 12 1330 3 0 0 8 1369 0 4 7 12 1425 6 0 0 7 1373 0 
516 268 835 536 1081 490 185 786 473 1075 722 419 1090 779 1238 1112 813 1442 1081 1649 557 240 814 575 1118 
5 108 1 21 2 0 71 0 19 0 0 100 0 19 0 7 95 4 25 3 1023 1099 1061 1047 1005 
659 380 31 155 14 1204 875 524 602 470 890 582 185 228 119 796 475 114 226 85 638 366 38 138 34 
1270 1839 1157 1065 1226 347 872 173 112 188 600 1213 467 367 495 303 773 114 58 152 397 856 203 115 221 
453 493 493 738 644 20 14 18 250 114 12 14 5 207 89 29 13 9 230 107 207 192 148 402 268 
243 232 226 233 554 64 83 104 55 394 3 16 65 8 349 286 333 360 288 728 1057 1118 1099 1106 1427 
523 191 133 957 954 1461 1080 988 1934 1908 498 269 150 1012 1083 435 158 92 892 940 889 602 553 1283 1293 
33 267 8 6 11 56 302 47 51 69 25 292 0 0 0 331 557 302 346 309 67 339 26 23 30 
