4190 4610 4084 4137 3405 4784 5318 4816 4755 4015 4278 4827 4306 4299 3665 4078 4575 4163 4202 3337 4169 4584 4185 4059 3403 
534 242 384 315 525 369 40 250 90 291 747 419 598 444 668 462 99 297 161 346 1585 1302 1396 1417 1508 
343 350 357 333 517 0 0 6 0 117 150 133 158 144 259 20 25 40 22 145 0 0 10 0 129 
0 2211 0 0 0 0 2270 0 0 0 0 2159 0 0 0 0 2193 0 0 0 0 2105 0 0 0 
33 14 33 1064 48 11 0 29 998 30 556 491 578 1509 546 140 122 114 1110 174 25 8 25 969 43 
33 177 20 7 12 29 179 19 23 19 21 163 9 0 1 1096 1253 1053 1075 1014 297 479 277 263 283 
1327 16 0 7 0 1322 18 18 25 20 1347 39 28 36 19 1345 7 0 7 0 1316 4 0 9 0 
0 0 2069 13 35 0 0 2044 13 29 0 0 1920 5 27 0 0 2050 11 21 0 0 1993 10 27 
0 0 0 22 20 1749 1678 1718 1726 1730 0 0 0 29 23 0 0 0 23 17 0 0 0 19 23 
44 412 0 760 1 132 509 88 915 91 125 454 86 845 91 163 524 77 894 86 67 407 0 756 0 
414 21 241 0 0 452 13 215 0 0 490 29 269 26 33 472 47 262 6 22 596 173 372 147 156 
0 8 42 0 1283 1 10 50 3 1300 0 8 60 0 1272 0 10 58 1 1346 5 24 56 1 1293 
0 4 0 284 0 104 107 85 379 119 80 94 69 417 75 0 0 0 315 0 275 272 267 601 282 
468 407 755 802 437 72 22 388 404 82 277 198 626 551 216 36 20 372 343 50 104 87 444 411 85 
585 586 605 638 586 0 0 0 0 0 0 0 0 0 0 0 0 0 0 0 0 0 0 0 0 
0 461 0 0 185 0 447 0 0 181 239 797 270 281 456 0 491 0 0 180 14 526 21 23 226 
0 0 0 0 0 0 0 0 0 0 1122 1145 1087 1130 1191 0 0 0 0 0 0 0 0 0 0 
210 74 1047 444 79 646 451 1336 768 450 114 46 863 292 15 748 633 1628 916 611 342 240 1142 539 179 
14 0 247 58 0 8 0 227 53 0 250 283 484 316 260 10 0 224 71 0 3 0 256 53 0 
184 55 152 200 589 688 555 682 676 1121 545 418 549 640 927 167 83 160 161 609 150 87 212 263 621 
8 0 0 0 0 55 26 51 34 51 8 0 0 0 0 1093 1122 1159 1136 1068 6 0 0 0 0 
428 41 33 382 37 373 2 0 379 0 378 2 0 351 0 414 9 19 381 1 417 25 25 386 31 
279 722 744 288 393 58 548 524 67 136 8 483 474 21 100 178 599 586 182 266 56 491 539 58 149 
0 0 203 0 0 488 444 706 497 520 0 0 201 0 0 8 10 210 4 12 93 71 273 80 101 
0 230 225 363 2 0 247 236 341 1 38 263 301 444 39 0 235 240 365 2 0 238 250 382 3 
0 0 5 1341 0 7 8 19 1313 3 0 0 14 1353 0 4 6 21 1408 6 0 0 10 1348 0 
506 329 795 521 1118 331 142 576 320 893 594 374 866 603 1098 964 789 1263 1004 1549 424 254 685 434 1069 
6 123 3 26 3 0 114 0 20 0 0 135 0 21 0 7 142 4 25 3 946 1041 953 940 905 
628 402 41 114 33 1075 804 384 467 351 763 502 94 128 76 814 514 102 180 111 651 395 33 77 31 
1289 1847 1101 1020 1156 407 845 204 130 196 627 1237 491 377 504 332 736 143 60 179 403 799 205 115 212 
326 341 344 378 387 18 0 0 46 0 12 0 2 40 2 18 0 0 56 0 185 164 128 204 190 
203 206 209 184 508 26 40 74 18 366 3 10 65 0 336 294 309 328 255 737 920 907 984 892 1266 
838 326 338 1015 828 1043 594 590 1360 1124 1129 587 518 1259 1103 614 133 105 805 630 1252 787 735 1498 1141 
