3876 4341 3806 3732 2913 4042 4654 4138 3917 3078 3995 4549 4003 3974 3051 3840 4368 3908 3799 2861 3864 4387 3948 3759 2841 
674 241 438 337 581 489 46 218 78 337 1076 549 754 616 909 648 169 359 236 480 1841 1311 1440 1453 1633 
377 362 416 326 540 0 0 9 0 128 151 130 176 138 279 24 22 42 20 154 0 0 13 0 137 
0 2185 0 0 0 0 2267 0 0 0 0 2115 0 0 0 0 2175 0 0 0 0 2118 0 0 0 
43 14 42 1120 47 13 0 35 1054 31 620 531 631 1579 562 148 117 121 1170 179 30 8 28 994 44 
0 0 6 0 0 0 5 0 1 0 0 0 2 0 0 767 777 744 740 750 239 233 228 246 275 
1427 9 0 3 0 1458 15 18 26 21 1486 21 20 21 14 1420 1 0 6 0 1452 3 0 3 0 
0 0 2083 26 38 0 0 2098 25 28 0 0 1961 16 26 0 0 2101 16 23 0 0 2015 14 27 
0 0 0 21 21 1736 1667 1702 1667 1714 0 0 0 23 26 0 0 0 22 21 0 0 0 19 29 
28 449 0 700 0 158 551 107 891 142 75 514 57 859 92 165 594 81 876 103 27 406 0 731 0 
289 19 246 0 0 264 11 235 0 0 310 11 255 6 2 246 11 241 0 0 291 26 236 10 12 
0 5 39 0 1293 1 6 45 1 1288 0 0 63 0 1291 0 4 57 1 1324 4 12 50 1 1273 
0 4 0 287 0 81 99 79 376 120 73 82 84 417 80 0 0 0 317 0 270 276 269 604 285 
435 367 688 678 359 86 28 393 367 51 332 247 658 557 250 57 23 408 344 63 144 123 507 435 110 
624 608 649 675 614 0 0 0 0 0 0 0 0 0 0 0 0 0 0 0 0 0 0 0 0 
0 384 0 0 158 0 389 0 0 164 236 686 257 261 405 0 423 0 0 163 14 443 17 22 195 
0 0 0 0 0 0 0 0 0 0 1119 1150 1094 1145 1201 0 0 0 0 0 0 0 0 0 0 
124 41 932 373 76 555 391 1294 785 396 27 33 808 268 7 657 574 1542 863 554 228 177 1054 458 128 
33 0 268 10 0 35 0 214 3 0 254 269 484 259 248 65 13 230 23 12 23 0 276 11 0 
249 122 254 93 511 607 493 633 406 866 586 538 638 486 802 194 94 189 53 429 217 139 269 105 502 
9 0 0 0 0 49 21 35 27 39 6 0 0 0 0 1113 1119 1156 1134 1058 6 0 0 0 0 
496 0 0 345 2 474 0 0 384 0 466 0 0 350 0 502 2 6 358 5 515 18 38 395 45 
304 910 907 326 464 84 660 662 95 193 27 595 618 36 174 247 779 795 251 365 140 692 749 136 282 
0 0 176 0 0 464 443 644 468 505 0 0 177 0 0 10 11 181 6 9 94 82 265 85 95 
0 284 243 432 1 0 287 232 386 1 46 295 277 486 48 0 247 232 387 3 0 255 247 410 5 
0 0 6 1411 0 7 8 30 1386 3 0 0 11 1381 0 4 6 22 1479 6 0 0 13 1413 0 
497 250 750 507 1049 446 180 702 432 981 711 398 994 709 1190 1087 780 1328 1065 1578 530 206 741 497 1076 
11 117 3 32 3 0 74 0 19 0 0 90 0 18 1 9 97 4 25 3 1047 1130 1093 1031 1043 
578 324 19 152 11 1142 837 515 609 442 880 555 187 249 114 786 441 111 215 87 611 321 21 135 17 
1214 1831 1111 1042 1150 352 856 184 106 193 553 1181 450 366 470 310 767 131 66 183 381 861 204 135 220 
357 405 408 559 514 25 10 3 129 34 14 0 0 114 45 19 3 9 152 47 201 178 153 309 224 
261 256 231 235 592 37 67 91 48 419 3 14 67 9 390 308 358 341 313 768 1044 1091 1079 1094 1443 
950 415 347 1288 1238 1590 1057 969 2079 2002 832 444 260 1218 1325 572 215 82 964 1040 1038 667 511 1440 1414 
34 272 9 6 12 53 309 50 55 60 23 299 0 0 0 279 496 257 278 254 50 307 12 9 1 
