4157 4638 4040 4075 3362 4774 5315 4777 4681 3923 4217 4765 4258 4276 3565 4046 4600 4147 4149 3325 4109 4617 4200 4050 3342 
567 243 437 342 536 368 40 234 92 320 743 432 607 469 695 482 108 293 164 369 1680 1358 1464 1428 1611 
339 360 358 330 535 0 0 6 0 126 146 138 159 141 260 20 22 40 20 145 0 0 10 0 138 
0 2212 0 0 0 0 2281 0 0 0 0 2154 0 0 0 0 2209 0 0 0 0 2109 0 0 0 
30 16 32 1029 49 11 0 23 959 36 529 467 539 1438 533 134 123 120 1073 167 26 8 22 930 42 
30 178 29 6 14 29 184 19 26 19 22 160 9 0 1 1102 1243 1074 1075 1009 298 491 272 259 290 
1319 13 0 8 0 1297 17 18 23 20 1333 31 31 34 19 1329 7 0 6 0 1319 4 0 10 0 
0 0 2055 18 35 0 0 2034 13 27 0 1 1941 5 24 0 0 2054 7 21 0 0 1997 6 27 
0 0 0 24 21 1751 1673 1711 1733 1738 0 0 0 25 20 0 0 0 23 16 0 0 0 20 21 
31 427 0 762 0 120 501 85 913 82 115 457 75 839 85 150 522 83 884 87 54 394 0 759 0 
428 20 244 0 0 467 19 226 0 0 502 27 271 20 37 481 44 265 7 21 597 172 385 145 152 
0 9 44 0 1273 1 7 50 1 1305 0 4 53 0 1276 0 5 59 1 1362 6 12 55 2 1292 
0 2 0 282 0 105 112 92 380 121 89 97 74 417 78 0 0 0 313 0 275 275 264 602 280 
500 451 785 841 465 108 33 436 397 61 303 217 626 553 246 53 20 391 353 51 107 93 464 453 85 
585 586 605 638 586 0 0 0 0 0 0 0 0 0 0 0 0 0 0 0 0 0 0 0 0 
0 451 0 0 176 0 454 0 0 176 243 801 272 283 437 0 488 0 0 180 14 531 25 25 236 
0 0 0 0 0 0 0 0 0 0 1118 1128 1093 1123 1189 0 0 0 0 0 0 0 0 0 0 
237 95 1053 444 116 637 452 1329 774 461 136 58 843 297 26 781 655 1607 931 652 343 254 1151 554 224 
9 0 249 57 0 6 0 211 50 0 238 281 478 316 260 9 0 223 72 0 4 0 235 51 0 
198 37 161 167 607 684 567 700 672 1139 570 409 555 647 935 180 59 151 149 593 150 69 188 224 622 
9 0 0 0 0 63 27 47 29 51 6 0 0 0 0 1112 1127 1170 1131 1072 8 0 0 0 0 
431 48 33 385 37 397 1 0 380 0 377 1 0 352 0 421 4 11 383 4 430 22 24 391 32 
280 727 739 288 382 64 531 525 70 119 4 484 476 9 78 163 585 571 183 234 85 494 555 75 164 
0 0 206 0 0 497 454 716 503 527 0 0 211 0 0 8 11 223 4 10 90 71 280 86 102 
0 233 232 374 1 0 242 227 345 1 37 267 300 453 40 0 237 244 363 2 0 235 257 376 3 
0 0 5 1342 0 7 8 21 1316 3 0 0 8 1354 0 4 6 22 1411 6 0 0 11 1350 0 
469 272 738 489 1056 307 144 569 325 896 555 372 861 564 1088 966 803 1266 1010 1532 390 231 633 406 1006 
6 119 2 22 3 0 98 0 20 0 0 129 0 18 0 7 122 4 27 4 909 1032 950 929 890 
606 371 33 119 29 1047 773 382 470 350 751 498 96 139 71 760 487 94 190 101 615 374 32 86 28 
1272 1829 1083 1026 1179 382 842 203 124 196 637 1265 496 372 501 316 760 148 56 149 402 812 190 128 169 
327 375 361 414 389 15 0 0 48 0 13 0 2 40 3 18 0 0 58 0 195 165 143 217 220 
192 192 211 175 517 21 47 69 16 387 3 10 68 0 347 283 312 310 249 751 950 919 969 857 1278 
868 311 342 1059 819 1090 609 625 1460 1152 1214 643 584 1377 1188 652 127 108 887 659 1245 728 700 1535 1102 
