3843 4325 3741 3771 2874 4011 4583 4057 3998 3025 3908 4503 3847 3942 2986 3815 4337 3833 3869 2942 3867 4435 3865 3811 2863 
846 276 470 429 642 575 46 250 122 366 1365 678 969 724 995 754 167 429 266 510 1996 1365 1655 1598 1785 
422 427 456 374 683 1 0 6 0 171 157 133 169 148 336 22 24 46 22 189 0 0 12 0 194 
0 2201 0 0 0 0 2293 0 0 0 0 2129 0 0 0 0 2205 0 0 0 0 2114 0 0 0 
31 13 28 1069 34 17 0 25 1053 11 609 507 633 1609 614 138 124 107 1138 165 29 7 29 980 16 
0 0 3 0 0 0 4 0 1 0 0 0 2 0 0 692 698 677 660 680 202 193 196 199 213 
1527 14 0 3 0 1598 22 19 24 21 1558 26 23 16 15 1561 11 0 6 0 1561 5 0 9 0 
0 0 2067 18 6 0 0 2106 18 20 0 0 1944 11 10 0 0 2069 12 13 0 0 2012 6 11 
0 0 0 24 24 1793 1706 1756 1747 1768 0 0 0 27 32 0 0 0 23 33 0 0 0 19 32 
4 412 0 600 0 129 507 96 781 127 39 439 31 696 48 151 548 119 787 120 16 378 0 599 0 
300 17 251 0 0 303 11 222 0 0 323 11 256 11 1 275 18 252 0 0 323 26 258 11 10 
0 6 38 1 1229 1 13 53 6 1238 0 0 54 0 1246 0 3 58 1 1265 8 12 51 5 1204 
0 3 0 287 0 85 91 85 373 119 75 90 80 416 76 0 0 0 316 0 265 272 270 605 285 
387 334 658 624 347 72 19 377 334 46 276 201 596 493 189 56 8 371 315 27 103 56 415 380 80 
613 612 670 669 619 0 0 0 0 0 0 0 0 0 0 0 0 0 0 0 0 0 0 0 0 
0 401 0 0 164 0 406 0 0 169 233 712 248 266 421 0 437 0 0 166 15 446 19 23 198 
0 0 0 0 0 0 0 0 0 0 1117 1149 1087 1131 1191 0 0 0 0 0 0 0 0 0 0 
102 68 888 367 54 435 330 1172 648 337 30 50 722 251 9 599 523 1413 764 475 159 110 960 361 91 
22 0 291 23 0 15 0 256 17 0 248 271 521 286 256 42 7 269 45 12 5 0 282 25 0 
246 167 268 81 514 624 555 699 428 900 642 604 722 507 864 216 150 244 30 460 206 174 264 57 502 
41 0 0 0 0 80 10 20 12 23 53 0 0 0 0 1130 1114 1138 1121 1046 39 0 0 0 0 
406 0 0 348 1 373 0 0 376 0 381 0 0 342 0 403 1 17 370 11 417 21 41 393 48 
330 907 897 340 526 95 671 664 103 272 59 595 628 62 254 260 793 788 257 425 173 684 741 162 358 
0 0 179 0 0 461 436 633 447 487 0 0 177 0 0 11 9 194 5 13 90 73 253 77 105 
0 267 236 407 1 0 281 224 369 1 41 277 273 475 40 0 240 223 370 2 0 245 242 406 3 
0 0 5 1462 0 8 12 26 1429 3 0 0 13 1447 0 4 9 19 1522 6 0 1 10 1489 0 
512 255 802 588 1041 448 167 713 462 976 706 412 1022 746 1224 1041 783 1319 1087 1562 536 227 753 537 1008 
9 118 3 27 3 0 67 0 22 0 0 96 0 18 1 8 96 4 25 3 1023 1130 1059 1035 1004 
587 380 36 171 13 1105 893 515 615 437 866 632 237 270 134 774 499 140 239 100 602 395 52 159 39 
1267 1832 1148 1077 1244 374 891 214 153 252 583 1199 491 393 530 303 768 121 67 196 366 844 185 144 240 
390 428 420 608 551 22 15 12 210 80 14 13 6 163 84 20 13 10 167 82 209 179 144 338 246 
199 179 201 211 467 50 63 102 51 377 4 16 63 8 307 332 391 391 341 742 1052 1118 1097 1094 1415 
772 316 312 1130 1139 1517 1051 990 1971 1943 588 283 172 1103 1139 551 192 135 1018 975 961 646 568 1386 1355 
34 257 9 7 11 56 288 43 50 67 26 270 0 0 0 319 518 292 336 302 78 314 43 46 51 
