3922 4368 3764 3884 2878 4055 4613 4041 3970 3011 4006 4530 3939 3990 3027 3879 4354 3822 3939 2875 3850 4468 3863 3828 2785 
753 261 451 346 626 532 31 244 73 359 1185 613 895 647 964 675 171 436 237 522 1933 1333 1547 1536 1730 
399 392 409 337 580 0 0 7 0 151 155 131 173 140 307 21 22 45 21 166 0 0 11 0 147 
0 2212 0 0 0 0 2296 0 0 0 0 2131 0 0 0 0 2199 0 0 0 0 2141 0 0 0 
59 15 32 1103 52 13 0 19 1099 35 702 577 645 1634 613 150 126 103 1174 168 41 9 23 1036 47 
0 0 3 0 0 0 5 0 1 0 0 0 2 0 0 693 695 681 661 685 196 190 208 202 215 
1431 12 0 9 0 1474 20 20 25 20 1495 32 36 39 30 1465 6 0 5 0 1441 4 0 13 0 
0 0 2094 29 34 0 0 2105 26 28 0 0 1962 17 23 0 0 2115 20 23 0 0 2026 17 29 
0 0 0 21 23 1777 1690 1749 1726 1761 0 0 0 26 32 0 0 0 23 33 0 0 0 19 33 
23 405 0 681 0 120 499 76 842 92 43 418 32 767 37 101 501 68 820 76 43 356 0 698 0 
302 17 242 0 0 288 11 225 0 0 313 12 245 5 1 260 13 238 0 0 306 25 254 10 11 
0 1 27 0 1215 1 8 33 3 1233 0 0 47 0 1239 0 2 36 1 1264 3 7 37 2 1205 
0 3 0 285 0 88 95 88 370 121 74 87 82 412 83 0 0 0 318 0 271 266 268 605 285 
405 365 674 622 345 88 26 359 356 11 268 195 570 492 183 83 31 365 319 25 136 92 454 372 51 
617 610 651 666 605 0 0 0 0 0 0 0 0 0 0 0 0 0 0 0 0 0 0 0 0 
0 440 0 0 178 0 457 0 0 189 247 796 268 284 434 0 516 0 0 189 15 531 21 23 221 
0 0 0 0 0 0 0 0 0 0 1110 1136 1077 1132 1191 0 0 0 0 0 0 0 0 0 0 
119 53 946 416 70 477 362 1262 737 389 29 27 782 283 13 653 554 1499 864 533 228 173 1050 453 144 
22 0 284 17 0 21 0 241 9 0 250 271 507 281 258 56 11 258 26 12 14 0 272 18 0 
248 110 287 78 528 640 536 744 448 927 611 569 740 513 902 178 78 206 21 446 202 100 288 64 519 
19 0 0 0 0 52 8 22 14 24 20 0 0 0 0 1112 1116 1138 1118 1043 19 0 0 0 0 
493 0 0 350 1 474 0 0 374 0 468 0 0 347 0 511 1 18 369 13 516 18 41 396 48 
304 877 884 332 502 89 660 654 105 260 37 585 608 41 211 234 752 765 246 399 116 638 705 103 310 
0 0 150 0 0 462 433 631 446 484 0 0 153 0 0 9 12 164 4 7 96 82 229 76 105 
0 282 269 465 1 0 279 238 409 1 41 285 295 511 44 0 241 242 390 2 0 233 255 430 3 
0 0 1 1347 0 7 8 10 1321 3 0 0 7 1353 0 4 6 8 1417 6 0 0 3 1359 0 
507 256 849 530 1102 444 173 763 411 1029 712 410 1088 727 1276 1087 827 1420 1097 1666 552 267 817 541 1156 
16 126 8 32 12 0 87 0 19 0 0 112 1 20 2 8 114 4 25 3 1068 1172 1082 1052 1040 
637 439 62 149 35 1176 928 516 628 455 856 644 170 225 86 792 523 124 208 103 620 406 38 117 33 
1174 1743 1057 1034 1158 306 768 157 111 174 540 1136 442 380 448 289 733 122 65 168 339 778 150 131 180 
374 455 437 594 567 18 15 8 166 59 12 17 5 130 66 18 18 9 154 75 211 201 164 320 242 
221 195 190 224 495 35 69 50 41 357 3 15 38 6 310 303 349 352 326 734 1021 1077 1086 1066 1382 
814 317 298 1158 1169 1560 1064 1028 2044 2000 699 305 177 1159 1222 576 188 139 982 999 984 588 541 1421 1381 
31 261 8 7 11 51 290 45 46 63 25 262 0 0 0 320 527 301 329 287 80 315 43 46 54 
