3717 4364 3764 3778 2921 4113 4836 4238 4145 3228 3826 4597 3921 3996 3080 3814 4517 3953 4008 3030 3819 4503 3904 3825 2971 
740 280 444 333 592 503 44 206 79 324 1086 557 762 569 868 652 166 352 234 460 1836 1330 1497 1461 1670 
382 360 428 343 571 0 0 6 0 140 157 126 176 134 271 22 22 48 20 167 0 0 13 0 164 
0 2205 0 0 0 0 2266 0 0 0 0 2109 0 0 0 0 2190 0 0 0 0 2109 0 0 0 
35 13 30 1071 48 11 0 15 1031 29 662 558 599 1572 596 154 117 106 1157 172 34 8 21 1006 42 
0 0 3 0 0 0 6 0 1 0 0 0 2 0 0 746 749 715 707 715 223 220 234 234 262 
1412 11 0 3 0 1450 4 12 15 12 1449 21 24 28 20 1424 2 0 5 0 1432 3 0 6 0 
0 0 2114 13 10 0 0 2102 10 12 0 0 1997 6 11 0 0 2124 6 6 0 0 2040 5 9 
0 0 0 23 17 1811 1731 1786 1761 1786 0 0 0 28 13 0 0 0 23 16 0 0 0 19 18 
27 403 0 730 0 128 509 81 894 99 89 429 51 812 55 120 508 84 847 97 52 360 0 748 0 
278 17 235 0 0 275 12 221 0 0 267 12 239 4 1 261 19 251 0 2 290 26 230 10 11 
0 3 32 0 1225 1 6 33 0 1218 0 0 48 0 1254 0 2 37 2 1263 3 10 37 2 1219 
0 2 0 299 0 96 97 81 393 120 71 96 81 437 80 0 0 0 339 0 273 272 274 636 290 
447 376 703 683 373 117 25 413 380 49 327 236 655 537 222 95 30 402 345 42 162 120 506 423 97 
590 590 610 646 589 0 0 0 0 0 0 0 0 0 0 0 0 0 0 0 0 0 0 0 0 
0 430 0 1 192 0 426 0 0 182 244 763 277 275 423 0 473 0 0 175 15 481 20 24 219 
0 0 0 0 0 0 0 0 0 0 1111 1136 1094 1131 1181 0 0 0 0 0 0 0 0 0 0 
179 59 914 360 87 532 375 1247 725 408 123 29 797 270 33 675 534 1467 818 575 248 139 1003 401 137 
14 0 253 6 0 13 0 225 3 0 247 267 458 272 243 41 6 213 26 11 6 0 261 18 0 
289 123 294 104 528 701 549 796 513 958 654 570 768 583 943 232 67 221 46 449 240 125 306 118 521 
55 0 0 0 0 93 12 23 13 27 64 0 0 0 0 1144 1115 1140 1131 1049 52 0 0 0 0 
484 0 0 344 1 472 1 0 371 0 467 0 0 340 0 503 1 2 355 3 509 19 33 380 38 
293 760 797 297 452 66 557 570 78 199 33 525 546 32 195 163 631 624 169 311 150 603 686 147 316 
0 0 179 0 0 472 462 645 476 500 0 0 177 0 0 8 13 187 5 11 107 84 260 88 101 
0 279 260 439 1 0 299 240 396 1 38 299 298 491 39 0 252 254 402 2 0 269 269 427 4 
0 0 4 1369 0 7 8 23 1338 3 0 0 11 1364 0 4 6 17 1431 6 0 0 15 1367 0 
445 237 750 469 980 401 169 680 377 926 616 379 964 650 1128 1040 809 1354 1024 1569 467 223 747 446 1019 
18 111 5 27 2 0 71 0 19 0 0 100 0 18 0 7 102 4 26 3 1041 1148 1073 1045 1026 
576 370 40 170 9 1112 916 519 657 462 815 596 172 261 92 820 542 153 262 106 593 388 33 164 4 
1289 1892 1182 1115 1284 383 887 198 141 263 597 1185 496 412 561 313 756 122 63 220 369 850 161 118 245 
424 472 478 696 617 22 8 7 218 56 20 5 2 166 58 28 11 19 193 70 208 181 175 372 239 
257 250 234 243 575 69 96 114 63 436 3 14 63 12 362 313 383 386 339 760 1047 1110 1093 1096 1405 
901 274 277 1145 1087 1338 713 766 1668 1716 912 375 280 1161 1261 572 89 66 846 906 1065 550 543 1358 1310 
38 334 47 9 26 62 346 88 55 82 23 312 28 0 12 326 574 377 350 326 60 339 42 10 19 
