3710 4329 3752 3833 2985 4058 4688 4162 4081 3217 3746 4471 3903 3959 3054 3777 4422 3923 3997 3047 3741 4392 3892 3843 2952 
766 267 429 249 490 568 43 188 26 289 1119 515 692 481 765 729 169 345 170 365 1870 1332 1484 1398 1607 
403 387 419 348 608 0 0 6 0 146 150 129 186 134 319 21 23 48 20 165 0 0 13 0 163 
0 2128 0 0 0 0 2197 0 0 0 0 2053 0 0 0 0 2128 0 0 0 0 2051 0 0 0 
39 15 46 1070 26 14 0 27 1018 18 630 547 631 1574 575 157 135 123 1173 177 30 7 36 999 22 
0 0 3 0 0 0 4 0 1 0 0 0 2 0 0 694 697 677 661 683 196 193 201 201 215 
1409 10 0 4 0 1403 18 19 26 20 1451 29 26 29 21 1399 5 0 6 0 1457 6 0 11 0 
0 0 2059 20 34 0 0 2061 21 29 0 0 1937 12 25 0 0 2071 15 21 0 0 1997 11 29 
0 0 0 16 3 1896 1780 1823 1811 1851 0 0 0 15 3 0 0 0 6 3 0 0 0 10 11 
22 435 1 746 1 160 526 120 915 114 113 472 100 859 127 152 535 123 874 113 36 388 0 766 0 
287 16 231 0 0 265 12 218 0 0 281 11 238 7 2 240 14 229 0 0 291 25 233 10 11 
0 5 32 0 1316 1 10 44 4 1289 0 0 63 0 1289 0 3 43 1 1350 4 8 51 1 1278 
0 3 0 285 0 78 88 80 365 106 78 88 79 419 85 0 0 0 316 0 275 273 270 604 285 
450 380 716 771 418 103 50 426 414 80 304 215 622 568 269 73 25 367 358 71 137 104 465 452 125 
585 586 605 638 586 0 0 0 0 0 0 0 0 0 0 0 0 0 0 0 0 0 0 0 0 
0 386 0 0 165 0 377 0 0 168 237 704 260 267 405 0 420 0 0 166 15 446 18 22 200 
0 0 0 0 0 0 0 0 0 0 1104 1133 1074 1134 1180 0 0 0 0 0 0 0 0 0 0 
113 39 995 371 54 562 399 1345 772 409 63 23 854 282 8 652 520 1515 852 540 257 183 1101 470 168 
34 0 258 59 0 30 0 225 49 0 277 286 484 318 264 66 14 243 64 12 17 0 255 49 0 
265 144 305 112 564 663 565 765 482 945 631 575 720 560 907 209 118 230 42 465 230 132 302 108 572 
32 0 0 0 0 79 16 29 14 36 38 0 0 0 0 1145 1142 1174 1159 1077 29 0 0 0 0 
495 0 0 358 1 471 2 0 387 0 466 1 0 353 0 492 2 5 355 3 500 20 27 384 30 
304 798 838 310 462 69 562 587 78 226 38 532 578 51 217 175 652 673 183 338 164 634 728 160 306 
0 0 190 0 0 455 437 641 452 509 0 0 183 0 0 8 10 196 4 10 96 75 254 77 104 
0 259 241 340 2 0 281 222 311 1 39 276 266 393 39 0 246 224 289 2 0 261 252 332 3 
0 0 1 1432 0 7 8 12 1385 3 0 0 7 1439 0 4 6 10 1520 6 0 0 4 1449 0 
471 262 760 475 994 378 162 630 341 892 617 372 898 633 1102 1030 791 1335 1018 1553 485 212 698 428 972 
9 132 5 29 6 0 88 0 19 0 0 128 2 19 1 7 117 5 25 3 971 1063 996 958 944 
623 482 84 172 40 1084 935 487 618 434 848 665 216 221 95 802 597 165 244 123 576 447 45 135 19 
1347 2019 1218 1267 1395 381 945 218 187 269 600 1270 498 455 588 295 816 140 102 238 378 907 175 155 250 
303 306 329 367 351 19 0 0 40 0 12 0 0 43 0 20 0 1 48 0 179 143 123 196 159 
220 188 199 196 473 41 71 90 34 381 3 9 61 0 314 314 359 364 312 714 976 1033 1046 994 1335 
968 318 336 1241 1192 1407 806 838 1914 1736 1037 477 402 1336 1346 650 133 122 1000 984 1311 770 747 1679 1528 
35 321 25 7 21 56 361 72 55 68 19 315 4 0 2 366 587 327 365 293 80 365 63 52 68 
