4936 4956 4468 5002 4155 5519 5571 5192 5697 4748 5408 5457 4956 5528 4704 4636 4802 4355 4899 3956 5169 5252 4878 5239 4278 
897 653 806 853 1383 365 131 287 207 797 501 245 403 319 910 624 282 444 416 1041 2587 2269 2414 2481 3053 
380 405 413 360 546 0 0 6 0 107 145 126 155 142 232 20 22 40 22 137 0 0 11 0 125 
0 2137 0 0 0 0 2208 0 0 0 0 2073 0 0 0 0 2135 0 0 0 0 2043 0 0 0 
35 13 31 1085 49 11 0 13 1028 31 595 508 592 1554 609 129 110 98 1144 169 37 7 19 994 45 
23 193 15 4 9 30 203 22 30 36 19 184 4 0 2 1087 1292 1110 1087 1048 303 510 278 266 288 
1411 12 0 12 0 1439 13 14 35 15 1445 45 42 63 44 1413 5 0 12 0 1405 4 0 10 0 
0 0 2055 6 35 0 0 2009 2 27 0 0 1903 0 25 0 0 2030 4 21 0 0 1956 1 27 
0 0 0 22 25 1719 1659 1700 1695 1727 0 0 0 26 32 0 0 0 25 30 0 0 0 19 35 
12 392 0 743 0 118 505 81 876 92 45 408 28 766 42 114 510 86 848 93 39 365 0 740 0 
456 23 259 0 0 488 12 233 0 0 532 28 298 17 16 482 43 269 3 12 626 169 413 145 154 
0 3 34 0 1221 1 7 37 2 1205 0 0 51 0 1204 0 4 38 1 1273 4 8 38 2 1188 
0 0 0 281 0 102 106 83 374 112 81 86 77 415 72 0 0 0 314 0 271 269 259 600 278 
524 405 733 837 456 100 45 421 483 114 355 239 652 654 308 94 26 384 415 88 192 139 520 563 216 
585 586 605 638 586 0 0 0 0 0 0 0 0 0 0 0 0 0 0 0 0 0 0 0 0 
0 495 0 0 200 0 504 0 0 223 204 799 227 233 468 0 518 0 0 219 15 589 20 31 273 
0 0 0 0 0 0 0 0 0 0 1185 1195 1163 1196 1250 0 0 0 0 0 0 0 0 0 0 
105 105 963 355 89 523 439 1268 707 453 8 74 807 231 9 647 640 1508 834 584 184 177 966 406 123 
63 0 348 123 0 73 0 351 119 0 310 281 599 378 260 56 0 351 137 0 49 0 339 111 0 
238 71 183 263 718 806 658 776 830 1288 657 535 601 758 1090 262 125 199 240 740 255 149 271 360 752 
30 0 0 0 0 84 25 47 29 48 34 0 0 0 0 1114 1083 1116 1096 1020 29 0 0 0 0 
393 44 33 388 37 341 2 0 372 0 361 1 0 348 0 394 45 31 405 40 416 26 35 406 43 
297 757 759 291 419 62 543 528 75 178 4 480 491 19 141 184 596 616 191 322 55 465 572 61 198 
0 0 197 0 0 562 507 748 570 576 0 0 193 6 0 13 12 205 11 11 112 91 286 100 113 
0 198 202 306 1 0 222 214 288 1 35 222 256 370 36 0 204 210 310 2 0 211 224 311 3 
0 0 18 1383 0 7 8 33 1358 3 0 0 21 1393 0 4 6 40 1446 6 0 0 24 1390 0 
534 299 789 536 1043 372 122 600 329 859 596 361 855 570 996 1057 767 1263 1006 1452 479 243 701 450 987 
14 124 4 39 7 0 85 0 22 0 0 111 1 25 3 7 115 6 28 3 1038 1158 1048 1056 1009 
623 447 20 88 11 1159 971 484 566 456 782 572 118 159 80 820 557 140 211 128 632 458 40 91 38 
1334 1897 1142 1101 1197 367 885 188 126 140 599 1266 493 391 469 320 787 139 74 127 404 868 164 121 130 
