4855 4970 4495 4905 4197 5618 5778 5358 5786 4945 5319 5474 4969 5415 4740 4616 4889 4387 4895 3987 5180 5359 4951 5237 4452 
890 579 716 776 1328 402 126 267 213 754 568 302 464 368 965 624 262 433 392 973 2658 2343 2442 2515 3005 
441 484 500 491 616 0 0 7 0 109 150 131 163 166 244 22 24 42 23 141 0 0 10 0 142 
0 2190 0 0 0 0 2274 0 0 0 0 2113 0 0 0 0 2161 0 0 0 0 2094 0 0 0 
47 9 24 1125 49 12 0 9 1087 35 732 567 660 1754 673 150 119 101 1208 167 55 7 9 1050 44 
14 127 21 2 8 25 126 22 19 19 14 117 10 0 1 1092 1264 1125 1111 1030 301 450 279 276 300 
1439 12 0 9 0 1456 11 12 17 14 1465 38 39 46 34 1425 5 0 10 0 1427 4 0 8 0 
0 0 2042 27 34 0 0 2023 21 27 0 0 1920 11 23 0 0 2034 15 22 0 0 1960 18 27 
0 0 0 23 23 1751 1655 1710 1714 1730 0 0 0 25 31 0 0 0 23 31 0 0 0 20 34 
24 411 0 690 0 136 513 104 836 104 23 391 23 705 31 114 506 85 811 91 17 369 0 695 0 
404 26 239 0 0 423 12 215 0 0 454 13 265 13 16 388 11 239 4 5 565 178 376 145 154 
0 4 29 1 1205 2 6 33 0 1196 0 0 52 0 1201 0 3 44 1 1249 3 7 41 1 1179 
0 0 0 287 0 93 99 88 373 110 86 89 64 416 72 0 0 0 313 0 272 263 258 593 273 
503 388 752 867 491 134 60 454 496 166 329 241 649 659 318 80 22 390 430 128 189 148 515 557 205 
585 586 605 638 586 0 0 0 0 0 0 0 0 0 0 0 0 0 0 0 0 0 0 0 0 
0 459 0 0 219 0 451 0 0 232 125 681 152 168 427 0 482 0 0 226 16 536 19 26 293 
0 0 0 0 0 0 0 0 0 0 1230 1255 1214 1247 1279 0 0 0 0 0 0 0 0 0 0 
55 59 898 359 50 486 415 1199 712 427 7 44 780 220 10 616 604 1451 830 595 140 138 943 395 101 
118 0 378 106 0 120 0 372 105 0 364 279 616 364 263 145 16 367 129 12 110 0 385 95 0 
257 61 227 270 678 749 596 760 742 1201 659 518 643 762 1055 329 146 266 298 715 272 118 289 360 739 
22 0 0 0 0 80 20 40 21 34 31 0 0 0 0 1105 1083 1116 1095 1020 22 0 0 0 0 
391 43 33 384 37 339 0 0 381 0 345 1 0 346 0 398 47 36 400 36 405 34 34 404 46 
276 738 731 275 392 63 514 514 72 169 1 451 465 3 109 156 561 598 164 262 38 406 506 37 104 
0 0 173 0 0 528 496 732 551 566 0 0 190 2 0 9 11 196 6 15 114 95 274 104 104 
0 198 202 277 1 0 222 213 267 1 35 222 256 339 36 0 204 211 269 2 0 211 224 288 3 
0 0 17 1414 0 7 8 26 1389 3 0 0 14 1438 0 4 6 30 1491 6 0 0 21 1434 0 
585 349 792 512 1008 354 112 520 276 765 553 308 772 486 917 1041 797 1242 939 1482 455 259 681 418 945 
9 125 3 26 4 0 82 0 19 0 0 106 0 23 1 7 109 4 26 3 1041 1138 1057 1032 1011 
612 451 34 111 25 1089 915 450 577 454 770 619 110 162 72 792 561 131 222 135 615 432 39 100 32 
1363 1946 1166 1141 1236 381 940 207 146 175 641 1336 496 423 484 364 793 150 74 189 406 881 163 146 163 
