4922 4861 4505 5004 4189 5675 5757 5427 5981 5023 5465 5562 5047 5646 4897 4719 4873 4446 5020 4086 5277 5344 4914 5340 4372 
888 591 773 768 1351 379 125 256 202 752 542 275 450 353 967 629 270 457 419 1015 2714 2376 2566 2577 3193 
481 510 527 513 669 0 0 6 0 112 157 131 170 163 251 22 23 46 21 150 0 0 11 0 138 
0 2199 0 0 0 0 2265 0 0 0 0 2115 0 0 0 0 2168 0 0 0 0 2110 0 0 0 
40 15 43 1052 37 15 0 35 1034 21 654 529 614 1552 588 143 127 121 1149 171 38 9 34 1000 36 
8 111 15 1 6 18 140 22 22 24 7 100 7 0 1 1092 1230 1088 1088 1029 306 442 281 276 318 
1442 9 0 8 0 1458 6 17 13 9 1465 40 40 54 34 1426 3 0 5 0 1425 5 0 6 0 
0 0 1968 22 34 0 0 1955 18 27 0 0 1866 9 24 0 0 1962 15 21 0 0 1895 10 27 
0 0 0 16 23 1745 1642 1681 1686 1722 0 0 0 20 31 0 0 0 20 30 0 0 0 14 34 
16 399 0 661 0 101 499 93 772 101 24 403 25 704 30 109 487 87 766 93 19 356 0 670 0 
356 19 215 0 0 403 16 188 0 0 420 17 242 8 15 371 15 228 4 2 538 167 348 135 148 
0 2 35 0 1217 1 4 29 0 1190 0 0 51 0 1187 0 2 43 1 1260 2 6 37 1 1172 
0 14 0 288 0 115 123 104 385 129 94 104 88 422 85 0 15 0 318 0 278 277 270 606 285 
522 432 789 885 496 141 61 462 495 128 333 225 658 659 298 90 19 381 409 104 156 111 513 540 181 
585 586 605 638 586 0 0 0 0 0 0 0 0 0 0 0 0 0 0 0 0 0 0 0 0 
0 472 0 0 220 0 464 0 0 243 131 729 177 180 456 0 515 0 0 248 15 564 24 24 288 
0 0 0 0 0 0 0 0 0 0 1228 1246 1205 1250 1289 0 0 0 0 0 0 0 0 0 0 
43 47 905 340 43 556 458 1264 752 506 4 37 778 226 3 644 613 1463 827 569 161 155 967 422 106 
118 0 375 105 0 120 0 384 100 0 365 279 610 372 261 145 16 371 128 12 110 0 391 101 0 
229 58 170 238 637 678 548 685 690 1137 539 422 550 632 938 244 111 216 247 644 217 117 252 293 653 
17 0 0 0 0 64 18 31 21 33 25 0 0 0 0 1111 1102 1128 1107 1037 21 0 0 0 0 
420 76 33 389 37 374 46 0 391 0 376 34 0 353 0 425 73 40 408 43 443 65 41 410 48 
281 725 818 288 401 58 524 565 62 172 2 435 527 2 80 151 548 649 143 262 44 427 583 34 81 
0 0 164 3 0 486 438 672 499 496 0 0 169 0 0 10 10 198 5 9 111 85 253 98 102 
0 198 202 264 1 0 222 212 257 1 35 222 255 329 36 0 204 211 264 2 0 211 223 263 3 
0 0 14 1466 0 8 8 28 1423 3 0 0 17 1455 0 4 6 29 1516 6 0 0 18 1480 0 
555 330 742 471 983 359 115 543 275 780 572 339 802 525 937 1014 783 1233 950 1431 431 245 616 374 946 
11 116 4 27 6 0 74 0 19 0 0 96 1 23 2 7 105 4 27 3 1011 1083 1028 1012 1004 
606 467 26 151 16 1104 928 474 598 447 810 625 129 224 97 788 568 126 251 128 608 419 33 133 33 
1350 1978 1149 1118 1235 390 950 202 125 180 653 1331 508 400 495 333 800 151 71 167 376 896 178 135 188 
