3893 4353 3823 3820 2943 4100 4605 4121 3979 3127 4008 4539 3991 3971 3095 3871 4337 3906 3939 2959 3915 4400 3937 3799 2861 
789 254 490 367 665 563 50 283 116 415 1327 620 978 673 1030 753 175 440 283 562 2043 1429 1672 1644 1860 
390 395 426 347 581 0 0 7 0 150 149 128 167 135 292 21 22 43 20 160 0 0 13 0 150 
0 2208 0 0 0 0 2293 0 0 0 0 2141 0 0 0 0 2220 0 0 0 0 2132 0 0 0 
46 13 25 1126 52 16 0 17 1086 31 667 547 646 1674 651 134 122 99 1218 161 38 7 19 1038 46 
0 0 3 0 0 0 8 0 1 0 0 0 2 0 0 713 714 706 688 700 214 198 217 220 249 
1455 8 0 3 0 1508 16 20 24 24 1507 34 36 33 26 1466 1 0 7 0 1488 4 0 3 0 
0 0 2102 23 38 0 0 2098 20 27 0 0 1986 8 25 0 0 2123 22 24 0 0 2037 18 28 
0 0 0 21 23 1735 1660 1706 1691 1714 0 0 0 23 33 0 0 0 22 29 0 0 0 20 33 
9 409 0 689 0 145 514 114 887 127 40 434 30 752 29 141 529 128 835 116 33 364 0 709 0 
269 16 228 0 0 265 11 215 0 0 243 14 244 6 2 276 20 239 0 0 291 25 230 10 12 
0 7 33 1 1251 1 11 43 3 1265 0 5 52 0 1271 0 6 42 1 1300 6 15 53 7 1246 
0 2 0 295 0 83 105 87 386 116 73 95 84 437 84 0 0 0 322 0 276 279 277 630 296 
419 358 660 655 329 73 30 336 359 12 258 183 563 485 154 87 30 371 316 27 98 61 421 346 34 
617 615 656 667 618 0 0 0 0 0 0 0 0 0 0 0 0 0 0 0 0 0 0 0 0 
0 424 0 0 156 0 440 0 0 178 243 761 250 269 419 0 475 0 0 174 14 491 18 23 212 
0 0 0 0 0 0 0 0 0 0 1101 1128 1075 1109 1174 0 0 0 0 0 0 0 0 0 0 
139 35 925 365 56 465 321 1219 687 361 92 13 791 246 11 610 521 1427 779 505 265 162 1060 405 135 
16 0 269 20 0 17 0 235 11 0 255 272 484 274 253 28 4 235 23 12 8 0 270 16 0 
239 142 243 65 544 639 572 738 459 939 625 610 715 520 916 184 133 207 29 460 193 168 268 64 547 
16 0 0 0 0 96 34 49 38 60 17 0 0 0 0 1119 1123 1143 1132 1041 14 0 0 0 0 
499 0 0 348 1 472 0 0 377 0 467 0 0 342 0 506 1 16 363 12 518 21 41 394 48 
300 876 893 328 472 89 644 649 96 207 33 568 596 30 155 242 780 756 258 376 92 601 681 96 238 
0 0 169 0 0 444 415 613 437 482 0 0 164 0 0 9 9 173 5 10 89 76 236 78 102 
0 275 248 428 2 0 297 239 385 1 38 289 278 485 38 0 253 233 388 2 0 256 260 427 3 
0 0 0 1353 0 7 8 10 1327 3 0 0 4 1365 0 4 6 11 1418 6 0 0 3 1355 0 
463 243 730 433 1024 394 151 644 339 929 630 399 986 653 1135 1059 795 1345 1047 1566 411 196 682 435 982 
16 130 4 29 7 0 76 0 19 0 0 114 1 20 2 8 105 4 25 3 1056 1197 1088 1075 1049 
612 400 70 179 35 1121 892 557 653 486 844 610 204 246 131 783 505 128 226 111 594 400 55 148 47 
1217 1812 1112 1031 1182 341 822 188 111 182 580 1160 448 393 494 292 734 123 64 151 351 799 155 118 196 
410 479 475 737 627 35 26 24 257 113 15 13 5 227 120 21 12 9 219 122 206 184 157 402 282 
225 187 191 196 465 56 77 75 49 352 4 11 43 4 310 318 374 368 311 739 1004 1069 1064 1050 1380 
821 317 302 1190 1111 1533 1060 1006 1975 1874 664 347 163 1181 1152 545 188 133 927 935 1017 625 536 1400 1307 
30 257 0 0 5 50 293 42 48 61 21 261 0 0 0 287 492 270 292 259 67 311 26 24 13 
