3851 4349 3690 3699 2775 4052 4606 4046 3894 3035 3947 4564 3842 3877 2959 3870 4375 3813 3845 2937 3857 4437 3807 3745 2776 
801 258 519 387 707 562 33 209 61 367 1240 622 876 687 999 754 164 390 259 509 1937 1380 1588 1590 1801 
428 415 452 381 614 0 0 7 0 137 175 142 187 160 295 24 25 48 22 164 0 0 12 0 144 
0 2202 0 0 0 0 2294 0 0 0 0 2119 0 0 0 0 2208 0 0 0 0 2103 0 0 0 
62 11 21 1165 24 19 0 7 1117 14 725 567 666 1722 659 146 107 96 1216 157 51 7 7 1048 22 
0 0 3 0 0 0 7 0 2 0 0 0 2 0 0 749 756 744 722 728 218 198 210 209 228 
1395 9 0 4 0 1418 17 19 23 20 1491 41 52 57 36 1415 4 0 9 0 1430 4 0 11 0 
0 0 2136 25 35 0 0 2136 19 29 0 0 1997 8 23 0 0 2164 16 24 0 0 2099 13 29 
0 0 0 21 23 1758 1673 1733 1704 1722 0 0 0 26 33 0 0 0 23 29 0 0 0 19 33 
5 410 0 691 0 107 497 77 862 81 35 407 27 735 27 111 504 77 815 90 21 367 0 709 0 
299 19 255 0 0 286 11 239 0 0 294 12 249 6 1 267 14 254 0 0 306 25 247 10 10 
0 1 25 0 1268 0 10 28 3 1269 0 0 43 0 1267 0 2 37 2 1288 3 4 29 1 1242 
0 2 0 294 0 87 94 91 382 117 65 78 79 433 82 0 0 0 329 0 269 276 272 623 294 
437 374 699 684 363 85 34 400 387 44 360 237 654 551 249 86 30 399 340 51 161 106 495 417 104 
620 610 652 670 614 0 0 0 0 0 0 0 0 0 0 0 0 0 0 0 0 0 0 0 0 
0 424 0 0 173 0 418 0 0 171 239 741 263 278 419 0 471 0 0 176 15 479 21 24 209 
0 0 0 0 0 0 0 0 0 0 1086 1124 1055 1107 1156 0 0 0 0 0 0 0 0 0 0 
162 100 914 414 72 517 361 1271 730 390 76 58 792 303 18 651 537 1462 833 494 160 109 983 382 66 
10 0 271 19 0 5 0 237 14 0 245 274 494 286 255 36 10 229 34 12 7 0 260 17 0 
222 86 259 88 510 621 521 674 443 876 599 525 669 491 833 165 78 160 30 408 191 112 259 78 509 
26 0 0 0 0 78 15 28 18 34 29 0 0 0 0 1121 1114 1137 1117 1042 24 0 0 0 0 
492 0 0 345 3 475 0 0 375 0 465 0 0 346 0 512 1 19 378 15 519 19 41 390 48 
327 910 903 334 519 87 656 664 103 258 57 597 627 61 234 256 775 782 260 406 173 687 742 159 348 
0 0 179 0 0 444 418 620 437 482 0 0 177 0 0 7 11 185 7 9 87 75 243 74 99 
0 255 239 410 0 0 282 225 366 1 37 279 270 460 42 0 240 227 377 0 0 259 250 404 0 
0 0 1 1352 0 7 8 11 1322 3 0 0 6 1362 0 4 6 14 1419 6 0 0 8 1360 0 
536 264 839 558 1080 498 188 786 499 1033 714 438 1090 780 1284 1119 828 1448 1112 1648 574 237 809 574 1121 
4 114 1 22 1 0 66 0 19 0 0 98 0 19 0 7 101 4 25 3 1014 1127 1051 1039 1014 
656 387 31 148 18 1196 886 516 621 488 881 585 195 230 121 810 478 114 208 89 646 381 42 130 32 
1284 1867 1164 1091 1205 360 855 169 111 191 570 1208 450 366 476 289 763 115 62 155 397 849 205 114 226 
433 468 478 709 634 21 16 12 243 97 13 13 5 183 85 27 14 9 195 97 202 187 152 392 260 
253 232 225 221 548 62 92 113 63 400 3 19 68 12 343 298 346 351 295 730 1064 1132 1097 1102 1438 
554 179 113 978 991 1446 1074 966 1952 1911 524 256 151 1015 1106 422 158 89 886 941 909 589 519 1289 1276 
33 269 8 6 10 57 299 51 50 66 31 292 0 0 0 331 566 311 343 314 66 321 28 31 27 
