3935 4498 3829 3992 3026 4326 5002 4401 4400 3340 4125 4824 4217 4282 3289 3985 4609 4036 4155 3032 3995 4638 4065 4069 2972 
718 253 431 278 551 566 47 220 34 330 1080 448 704 477 815 677 101 322 137 379 1992 1418 1569 1513 1829 
424 399 440 368 608 0 0 8 0 160 164 132 179 139 303 22 23 44 20 175 0 0 16 0 153 
0 2172 0 0 0 0 2237 0 0 0 0 2096 0 0 0 0 2161 0 0 0 0 2075 0 0 0 
31 12 21 987 46 10 0 15 975 30 532 484 531 1464 551 129 124 116 1115 174 26 7 18 965 46 
0 0 5 0 0 0 4 0 3 0 0 0 2 0 0 735 754 732 710 719 213 198 219 213 234 
1419 11 0 7 0 1468 21 19 27 22 1456 39 39 49 31 1435 5 0 6 0 1437 4 0 8 0 
0 0 2067 30 33 0 0 2060 26 29 0 0 1944 23 23 0 0 2072 19 21 0 0 1982 21 28 
0 0 0 22 15 1769 1665 1714 1717 1732 0 0 0 24 15 0 0 0 22 16 0 0 0 23 23 
10 420 0 690 0 101 490 77 856 74 86 435 67 807 68 153 531 96 837 114 25 375 0 698 0 
257 19 229 0 0 265 12 228 0 0 251 10 233 4 1 258 12 238 0 0 283 27 227 10 10 
0 4 29 1 1260 1 17 34 7 1280 0 0 46 0 1277 0 2 37 1 1297 8 12 45 5 1264 
0 3 0 286 0 102 106 96 377 124 81 93 78 418 77 0 0 0 310 0 275 271 266 603 283 
469 436 759 805 445 62 24 404 388 63 299 223 615 584 250 37 18 389 368 65 129 98 497 460 113 
585 586 605 638 586 0 0 0 0 0 0 0 0 0 0 0 0 0 0 0 0 0 0 0 0 
0 412 0 0 167 0 407 0 0 170 232 729 253 274 419 0 447 0 0 168 15 457 18 22 197 
0 0 0 0 0 0 0 0 0 0 1098 1128 1079 1105 1162 0 0 0 0 0 0 0 0 0 0 
180 68 1069 394 76 546 378 1357 727 403 119 49 906 274 24 690 570 1549 839 537 262 183 1117 413 140 
32 0 252 54 0 20 0 211 54 0 284 286 492 319 266 52 13 230 64 12 10 0 266 49 0 
291 134 298 105 520 627 512 709 436 874 670 546 740 563 867 236 119 236 51 463 193 127 293 80 514 
10 0 0 0 0 39 12 24 16 25 12 0 0 0 0 1110 1120 1150 1129 1060 8 0 0 0 0 
456 41 33 385 37 413 0 0 388 0 407 0 0 354 0 422 4 6 369 0 442 19 27 398 33 
311 775 776 302 439 77 567 546 84 182 35 510 516 36 153 198 647 635 202 327 110 546 604 94 233 
0 0 183 0 0 502 445 679 483 535 0 0 180 0 0 7 13 222 4 10 93 75 241 76 99 
0 237 217 339 1 0 262 225 330 1 35 253 269 401 36 0 232 218 331 2 0 235 250 353 3 
0 0 10 1451 0 9 8 30 1391 3 0 0 10 1419 0 4 7 24 1513 6 0 0 13 1458 0 
440 260 744 485 1041 362 148 640 328 946 610 399 933 616 1118 971 797 1304 1019 1567 513 250 758 436 1105 
5 100 2 24 3 0 78 0 19 0 0 101 0 20 0 8 98 4 25 3 901 973 931 907 865 
559 379 18 113 17 988 806 408 500 379 709 549 92 141 69 783 506 115 182 111 578 380 13 77 3 
1299 1935 1210 1174 1293 368 914 232 185 261 601 1236 475 413 542 311 777 140 100 225 391 882 181 150 224 
315 314 324 339 325 14 0 0 33 0 12 0 1 38 0 17 0 0 39 0 186 168 135 193 175 
172 162 194 181 464 60 82 102 49 356 3 7 71 2 312 302 319 338 284 692 962 990 1039 980 1294 
939 287 304 1258 1214 1506 877 850 1959 1871 977 419 310 1315 1330 583 91 81 978 1048 1162 692 621 1628 1457 
33 298 28 8 20 47 310 46 28 46 23 300 4 0 4 352 586 344 350 299 92 370 65 52 59 
