3797 4323 3730 3743 2838 4070 4665 4122 3945 3062 3923 4526 3941 3894 3022 3828 4409 3853 3850 2878 3806 4354 3835 3703 2787 
759 262 473 371 647 517 41 236 88 342 1076 545 783 622 885 712 187 415 251 493 1871 1367 1572 1513 1707 
358 351 384 319 517 0 0 8 0 119 149 126 171 133 255 22 22 45 20 149 0 0 12 0 136 
0 2209 0 0 0 0 2285 0 0 0 0 2116 0 0 0 0 2201 0 0 0 0 2141 0 0 0 
45 15 43 1156 50 11 0 33 1109 31 635 536 648 1686 619 155 139 126 1238 188 37 9 33 1071 46 
0 0 4 0 0 0 5 0 1 0 0 0 2 0 0 748 732 725 709 725 225 210 231 239 258 
1403 12 0 6 0 1413 17 18 25 20 1460 26 24 32 19 1419 8 0 7 0 1431 4 0 7 0 
0 0 2058 6 37 0 0 2063 7 29 0 0 1917 5 24 0 0 2077 7 21 0 0 2004 8 29 
0 0 0 25 25 1775 1667 1731 1708 1716 0 0 0 27 33 0 0 0 22 30 0 0 0 19 33 
1 406 0 657 0 107 487 81 837 106 20 426 20 710 30 118 518 105 807 117 10 363 0 670 0 
297 18 251 0 0 277 11 237 0 0 305 14 260 6 1 285 15 260 0 0 305 26 244 11 10 
0 2 28 0 1249 1 7 33 2 1282 0 0 55 0 1284 0 3 40 1 1311 5 8 47 1 1273 
0 3 0 299 0 85 105 85 397 126 75 93 85 445 85 0 0 0 327 0 284 284 279 640 301 
415 369 642 667 345 81 37 381 372 50 305 231 624 532 227 73 24 370 319 36 123 94 438 380 79 
621 609 641 670 604 0 0 0 0 0 0 0 0 0 0 0 0 0 0 0 0 0 0 0 0 
0 406 0 0 159 0 420 0 0 170 232 718 252 267 409 0 437 0 0 167 14 456 18 22 202 
0 0 0 0 0 0 0 0 0 0 1143 1146 1112 1140 1207 0 0 0 0 0 0 0 0 0 0 
120 68 920 405 75 534 392 1293 746 391 51 32 770 267 6 656 531 1463 839 518 228 158 1004 463 136 
11 0 272 12 0 13 0 234 6 0 246 274 496 251 251 25 10 233 29 12 4 0 258 12 0 
231 143 250 67 504 588 505 636 411 826 563 541 629 478 781 186 121 192 31 414 199 149 254 84 492 
12 0 0 0 0 60 28 39 33 53 12 0 0 0 0 1095 1116 1139 1125 1044 8 0 0 0 0 
497 0 0 341 1 474 0 0 373 0 466 0 0 346 0 508 1 16 364 12 519 20 41 392 48 
312 891 917 327 484 86 652 695 106 209 44 576 641 53 204 247 773 817 242 367 171 688 795 164 293 
0 0 178 0 0 444 418 620 437 482 0 0 177 0 0 8 11 180 4 11 86 76 244 74 102 
0 259 247 417 1 0 280 229 369 1 16 280 256 457 27 0 236 227 377 2 0 256 248 405 3 
0 0 14 1410 0 8 8 32 1379 3 0 0 14 1401 0 4 6 24 1463 6 0 0 20 1401 0 
538 263 861 554 1122 463 185 725 479 1038 721 430 1049 770 1287 1118 841 1436 1152 1683 518 263 804 530 1137 
14 114 5 29 5 0 69 0 19 0 0 109 1 19 2 8 116 4 25 3 1019 1116 1065 1022 1023 
637 363 25 125 9 1209 882 518 623 469 894 552 171 204 80 801 459 106 188 86 647 369 26 90 5 
1265 1859 1168 1045 1217 359 890 190 100 226 579 1203 464 366 518 311 768 123 52 200 361 827 168 89 204 
422 483 473 698 650 26 22 30 255 125 13 15 5 192 112 24 14 9 228 129 213 187 161 392 285 
255 238 238 232 553 45 69 89 46 426 3 14 67 9 360 288 346 336 312 734 1001 1046 1058 1059 1386 
847 271 247 1129 1084 1550 981 931 1899 1873 947 466 352 1249 1274 573 125 88 897 927 1158 690 605 1484 1378 
33 278 8 6 11 52 303 46 48 61 23 301 0 0 0 265 517 269 293 259 58 309 12 9 3 
