3831 4245 3554 3739 2698 4029 4427 3877 3894 2865 3946 4368 3738 3869 2843 3844 4232 3660 3813 2771 3819 4320 3697 3737 2678 
786 261 466 363 644 551 36 197 107 349 1276 659 951 689 1019 747 161 393 294 535 1966 1390 1585 1584 1796 
392 383 403 341 575 0 0 7 0 136 153 129 168 132 284 22 22 43 21 156 0 0 11 0 143 
0 2224 0 0 0 0 2293 0 0 0 0 2140 0 0 0 0 2208 0 0 0 0 2130 0 0 0 
46 13 22 1155 42 20 0 14 1106 24 655 550 613 1668 591 139 123 107 1226 168 38 7 18 1027 33 
0 0 3 0 0 0 4 0 2 0 0 0 2 0 0 695 698 681 660 678 201 188 208 198 216 
1486 6 0 3 0 1532 16 19 22 22 1511 17 15 20 11 1505 2 0 4 0 1506 2 0 2 0 
0 0 1992 28 33 0 0 2021 23 24 0 0 1902 16 23 0 0 2027 15 17 0 0 1979 11 28 
0 0 0 21 23 1786 1690 1743 1731 1751 0 0 0 24 31 0 0 0 22 29 0 0 0 19 33 
2 391 0 620 0 112 491 81 802 103 23 395 23 729 35 108 504 91 808 95 10 368 0 654 0 
299 18 289 0 0 277 11 284 0 0 298 12 278 7 1 244 9 283 0 0 313 34 301 12 10 
0 11 54 0 1221 1 11 53 0 1200 0 16 62 0 1236 0 10 62 1 1255 3 14 59 1 1202 
0 3 0 286 0 88 87 83 370 113 72 80 82 417 79 0 0 0 315 0 266 271 269 604 285 
395 341 694 647 316 75 21 398 364 57 295 205 620 485 198 39 9 382 311 36 115 73 475 382 80 
606 608 650 677 624 0 0 0 0 0 0 0 0 0 0 0 0 0 0 0 0 0 0 0 0 
0 433 0 0 189 0 445 0 0 185 239 753 280 274 432 0 483 0 0 191 14 491 21 24 218 
0 0 0 0 0 0 0 0 0 0 1147 1167 1127 1160 1234 0 0 0 0 0 0 0 0 0 0 
124 82 941 382 70 437 324 1216 643 362 43 47 781 261 10 641 546 1472 774 523 163 113 938 346 107 
17 0 314 22 0 19 0 263 17 0 259 269 532 283 257 32 0 286 42 1 13 0 302 23 0 
263 126 288 92 504 671 566 737 486 898 649 592 699 562 844 207 109 223 52 447 216 134 301 89 489 
56 0 0 0 0 94 20 34 19 31 64 0 0 0 0 1137 1114 1137 1123 1043 55 0 0 0 0 
430 0 0 337 1 402 0 0 374 0 400 0 0 341 0 440 2 15 367 12 435 21 41 401 48 
359 980 953 357 584 111 730 733 106 348 72 657 664 66 300 312 879 879 306 521 208 766 784 172 404 
0 0 179 0 0 444 419 620 436 482 0 0 177 0 0 7 9 189 5 15 90 78 237 78 101 
0 262 236 353 2 0 280 230 312 1 38 277 271 406 42 0 245 225 313 2 0 258 244 338 3 
0 0 9 1455 0 9 10 23 1422 3 0 0 12 1462 0 5 7 24 1531 6 0 0 12 1500 0 
521 247 885 548 1152 501 264 844 539 1097 713 458 1123 804 1341 1047 767 1398 1042 1602 592 266 874 575 1133 
21 104 7 36 11 0 61 0 20 0 0 87 1 20 2 9 103 4 26 4 1096 1179 1110 1091 1067 
637 442 68 196 35 1158 948 528 690 463 877 685 258 289 139 831 606 158 297 134 641 432 61 170 37 
1242 1850 1140 1064 1249 378 920 220 160 284 597 1243 440 395 561 294 756 92 52 221 355 812 129 123 243 
416 476 494 711 644 28 25 21 243 118 13 13 8 205 115 22 12 14 206 121 210 190 171 385 298 
242 219 211 244 524 66 95 105 61 419 4 14 70 4 339 338 393 407 345 787 1013 1076 1107 1080 1427 
686 261 217 1033 1035 1409 959 942 1822 1846 536 214 89 973 1035 508 189 145 887 883 887 559 499 1282 1222 
33 229 8 6 11 50 278 42 49 55 21 249 0 0 0 304 488 281 321 269 76 298 43 46 55 
