3721 4215 3579 3679 2689 4074 4516 4014 3909 2958 3941 4428 3810 3868 2928 3838 4283 3753 3834 2848 3804 4319 3758 3684 2691 
858 284 480 382 656 518 23 179 83 351 1220 642 872 674 978 703 162 368 267 491 1974 1388 1530 1616 1786 
392 399 405 335 594 0 0 7 0 140 151 129 170 132 294 20 23 48 21 176 0 0 12 0 160 
0 2226 0 0 0 0 2290 0 0 0 0 2118 0 0 0 0 2215 0 0 0 0 2115 0 0 0 
39 17 47 1106 33 18 0 36 1070 17 619 510 626 1604 598 146 127 134 1165 174 28 8 33 986 27 
0 0 4 0 0 0 5 0 1 0 0 0 2 0 0 695 698 677 661 685 205 188 198 201 213 
1472 2 0 3 0 1499 16 19 21 20 1478 12 17 15 14 1524 1 0 2 0 1518 1 0 3 0 
0 0 2014 21 18 0 0 2031 25 23 0 0 1896 10 21 0 0 2041 13 11 0 0 1969 12 20 
0 0 0 22 23 1802 1682 1746 1735 1746 0 0 0 24 30 0 0 0 25 30 0 0 0 19 32 
8 374 0 586 0 131 487 115 783 122 36 426 42 695 62 141 506 144 783 121 18 351 0 624 0 
323 19 295 0 0 304 11 312 0 0 321 10 273 6 1 285 11 308 0 0 342 29 331 14 10 
0 8 49 0 1237 1 7 53 0 1219 0 8 67 0 1238 0 7 62 1 1259 2 11 63 2 1228 
0 3 0 286 0 89 97 86 374 114 79 83 82 415 84 0 0 0 316 0 270 274 267 604 285 
383 341 681 655 353 50 18 398 382 56 276 214 617 485 218 18 8 377 302 43 94 75 464 378 80 
602 610 660 673 620 0 0 0 0 0 0 0 0 0 0 0 0 0 0 0 0 0 0 0 0 
0 421 0 0 181 0 433 0 0 179 242 757 272 281 437 0 460 0 0 173 15 481 19 22 224 
0 0 0 0 0 0 0 0 0 0 1135 1154 1089 1140 1194 0 0 0 0 0 0 0 0 0 0 
97 57 902 351 66 427 325 1172 621 348 41 41 772 259 19 583 524 1378 754 473 157 104 918 356 84 
27 0 306 33 0 25 0 243 15 0 273 277 527 292 259 45 14 262 41 12 15 0 281 26 0 
260 120 242 96 478 638 532 677 444 874 604 525 624 495 797 207 100 205 56 422 223 115 259 101 490 
56 0 0 0 0 93 16 30 15 32 64 0 0 0 0 1143 1116 1137 1111 1047 53 0 0 0 0 
400 0 0 347 1 390 0 0 377 0 396 0 0 344 0 409 2 15 374 12 432 22 41 389 48 
332 926 919 338 564 97 675 683 110 291 58 601 649 63 267 275 838 816 258 453 169 729 778 151 373 
0 0 178 0 0 461 442 636 451 498 0 0 177 0 0 7 9 193 4 8 94 87 260 78 106 
0 265 245 413 1 0 291 231 388 1 41 285 286 494 43 0 247 229 387 2 0 251 252 423 3 
0 0 6 1461 0 7 8 24 1407 3 0 0 12 1432 0 4 7 20 1511 6 0 0 17 1459 0 
566 342 899 667 1166 502 228 789 535 1070 755 508 1135 853 1329 1101 820 1410 1144 1640 585 308 864 627 1177 
18 119 4 28 6 0 76 0 19 0 0 119 1 19 2 7 106 4 25 3 1001 1119 1033 1027 980 
596 436 55 159 16 1134 895 496 636 455 855 629 193 272 116 809 567 153 260 120 611 436 55 154 37 
1287 1855 1137 1066 1280 378 936 214 133 262 593 1229 490 379 564 310 759 100 49 221 373 825 159 99 247 
478 508 515 688 676 34 25 19 235 116 14 17 8 207 100 18 12 13 214 106 221 191 163 415 296 
229 176 220 218 504 74 98 130 68 402 4 15 65 12 323 328 374 383 332 763 1075 1123 1132 1091 1448 
715 253 225 1097 1013 1451 1016 953 1934 1873 681 307 212 1091 1086 556 204 173 939 946 946 627 578 1347 1255 
31 239 10 6 12 51 283 42 49 66 24 252 0 0 0 305 486 275 330 277 76 293 42 46 56 
