5235 5163 4729 5283 4427 6251 6197 5803 6352 5360 5933 5893 5450 6063 5140 5106 5157 4664 5270 4252 5755 5835 5407 5835 4826 
917 627 761 774 1315 351 130 268 210 666 467 201 358 279 808 630 297 489 471 988 2521 2183 2357 2445 2850 
1621 2276 1537 1454 1720 294 892 166 125 336 688 1348 628 514 736 283 768 165 86 294 289 794 149 111 297 
0 2212 0 0 0 0 2286 0 0 0 0 2131 0 0 0 0 2183 0 0 0 0 2105 0 0 0 
39 11 21 1060 42 14 0 10 1034 31 665 545 604 1547 575 142 120 96 1158 156 41 8 10 1001 45 
20 149 21 2 16 45 165 33 40 37 17 148 10 0 5 1072 1228 1060 1074 1019 300 461 290 267 307 
1499 12 0 5 0 1523 6 6 8 0 1548 28 24 29 24 1536 3 0 6 0 1536 6 0 11 0 
0 0 1989 20 36 0 0 1983 11 27 0 0 1910 6 26 0 0 2030 12 22 0 0 1944 10 27 
0 0 0 6 19 1815 1732 1810 1831 1835 0 0 0 8 24 0 0 0 1 23 0 0 0 3 22 
33 396 0 608 0 133 498 76 743 90 43 388 31 655 39 114 468 71 691 63 41 361 0 571 0 
358 24 209 0 0 393 12 186 0 0 422 15 228 6 9 362 13 210 4 1 544 151 326 143 142 
0 4 38 0 1236 1 9 45 3 1204 0 0 53 0 1212 0 4 47 1 1287 4 9 43 2 1200 
0 14 0 288 0 115 123 104 385 129 94 104 88 422 85 0 15 0 318 0 278 277 270 606 285 
514 423 774 859 500 151 73 462 489 166 343 238 668 634 311 103 23 400 392 112 206 172 554 540 222 
585 586 605 638 586 0 0 0 0 0 0 0 0 0 0 0 0 0 0 0 0 0 0 0 0 
0 420 0 0 202 0 437 0 0 218 288 828 302 339 539 0 446 0 0 204 15 526 21 26 256 
0 0 0 0 0 0 0 0 0 0 1140 1168 1115 1174 1205 0 0 0 0 0 0 0 0 0 0 
62 23 912 281 33 445 363 1220 579 389 5 32 776 162 2 575 542 1406 705 543 114 89 891 246 62 
94 0 393 104 0 95 0 381 98 0 330 266 605 328 249 114 16 368 111 12 72 0 396 83 0 
225 61 155 225 618 744 611 759 709 1220 608 491 613 692 1006 245 99 182 218 648 203 108 248 291 695 
19 0 0 0 0 57 14 27 18 34 23 0 0 0 0 1106 1093 1133 1104 1031 19 0 0 0 0 
442 81 33 420 37 382 49 0 404 0 379 40 0 369 0 428 75 42 433 44 446 74 43 429 48 
326 911 791 323 472 64 629 530 72 199 11 613 446 3 153 198 708 644 184 338 43 569 519 38 192 
0 0 152 0 0 376 351 535 367 399 0 0 149 0 0 7 10 171 4 8 83 65 210 69 90 
0 212 218 320 1 0 232 227 285 1 35 235 273 388 36 0 218 219 307 2 0 216 230 311 3 
0 0 12 1525 0 9 8 33 1513 4 0 0 11 1513 0 4 6 23 1613 6 0 0 13 1557 0 
458 261 679 411 890 242 14 374 169 598 398 178 604 354 796 856 750 1147 840 1372 345 122 499 286 768 
15 120 8 31 7 0 67 0 19 0 0 99 1 25 3 7 119 9 27 3 1028 1135 1047 1038 1019 
428 229 40 79 30 748 533 297 356 293 464 307 39 51 19 589 325 102 149 94 418 204 9 35 0 
