3870 4436 3851 3984 3054 4226 4846 4310 4226 3328 4021 4684 4135 4216 3259 3900 4499 3978 4041 3050 3943 4582 4070 4011 3043 
711 244 385 263 508 552 34 176 24 278 1043 501 695 495 763 694 161 344 186 388 1797 1240 1443 1355 1555 
404 389 447 363 611 0 0 8 0 136 157 129 171 132 290 20 22 42 21 160 0 0 12 0 144 
0 2166 0 0 0 0 2239 0 0 0 0 2086 0 0 0 0 2165 0 0 0 0 2074 0 0 0 
49 14 27 1092 45 17 0 12 1057 24 686 580 593 1587 590 144 126 103 1196 168 54 7 16 1008 42 
0 0 3 0 0 0 6 0 1 0 0 0 2 0 0 695 696 683 661 685 201 195 209 198 219 
1408 10 0 5 0 1420 8 9 9 10 1452 34 36 39 24 1390 5 0 6 0 1413 5 0 11 0 
0 0 2119 29 33 0 0 2107 36 27 0 0 1969 25 25 0 0 2104 20 22 0 0 2032 28 27 
0 0 0 22 6 1871 1757 1825 1788 1838 0 0 0 25 8 0 0 1 26 4 0 0 0 19 15 
16 422 0 694 0 107 517 55 840 78 34 439 51 770 75 99 507 75 803 79 23 382 0 718 0 
285 16 239 0 0 278 11 229 0 0 285 12 248 4 3 287 17 251 0 0 292 26 246 10 11 
0 5 46 0 1270 2 10 54 2 1282 0 0 64 0 1286 0 4 56 1 1321 4 11 52 1 1246 
0 2 0 285 0 48 60 60 362 88 74 80 72 412 80 0 0 0 316 0 268 270 270 601 285 
411 346 673 661 346 68 25 414 385 40 285 210 613 495 204 43 17 393 323 34 100 64 433 358 76 
585 586 605 638 586 0 0 0 0 0 0 0 0 0 0 0 0 0 0 0 0 0 0 0 0 
0 383 0 0 159 0 378 0 0 163 236 696 257 263 400 0 417 0 0 163 14 443 17 22 196 
0 0 0 0 0 0 0 0 0 0 1088 1116 1088 1119 1183 0 0 0 0 0 0 0 0 0 0 
179 88 947 417 90 538 388 1319 733 413 135 58 837 294 27 682 545 1503 848 548 239 144 1022 445 133 
9 0 246 5 0 4 0 202 3 0 224 261 444 265 240 13 10 203 20 12 3 0 231 4 0 
246 110 281 101 507 631 538 706 480 887 600 527 686 538 858 223 129 243 81 448 215 136 308 128 534 
39 0 0 0 0 70 7 10 10 16 55 0 0 0 0 1141 1116 1139 1137 1047 35 0 0 0 0 
484 0 0 348 1 472 3 0 378 0 465 0 0 349 0 499 2 8 357 1 499 21 27 377 39 
299 801 855 311 451 63 570 618 73 202 7 546 584 17 203 157 649 676 173 328 129 614 710 129 278 
0 0 179 0 0 444 417 620 437 482 0 0 177 0 0 7 11 187 4 8 90 71 236 78 98 
0 268 237 379 2 0 273 223 351 1 38 278 278 433 47 0 239 229 353 2 0 260 250 369 3 
0 0 1 1378 0 7 8 12 1338 3 0 0 8 1383 0 4 6 17 1441 6 0 0 10 1376 0 
527 285 775 539 1097 408 134 630 369 935 615 364 910 640 1148 1053 780 1316 1049 1563 520 259 724 500 1072 
8 115 3 22 3 0 75 0 19 0 0 94 0 18 0 8 90 4 25 3 1011 1073 1013 994 964 
607 431 68 195 38 1144 926 539 691 481 865 631 229 293 107 791 547 134 245 97 584 379 36 165 6 
1288 1861 1157 1105 1264 371 908 179 158 253 603 1244 492 419 568 308 768 106 66 233 426 863 193 167 302 
374 411 412 556 522 18 4 1 139 46 14 6 2 115 52 24 6 3 132 48 222 184 149 320 242 
227 205 219 223 498 67 101 126 54 392 3 8 64 6 310 319 370 393 333 757 1051 1119 1127 1077 1418 
822 269 276 1095 1076 1357 829 818 1803 1753 888 385 273 1209 1249 553 107 91 892 955 1080 661 579 1435 1346 
42 352 26 6 20 65 359 73 54 80 28 327 8 0 3 423 675 396 423 392 88 387 61 50 62 
