3767 4350 3766 3913 2936 4110 4824 4273 4242 3253 3825 4551 3968 4049 3104 3814 4477 3937 4043 2985 3791 4438 3916 3857 2859 
774 258 415 301 528 583 43 203 68 263 1104 514 706 495 779 735 170 338 214 387 1798 1248 1389 1347 1495 
408 417 447 371 613 0 0 12 0 147 161 129 183 134 309 23 22 49 20 162 0 0 13 0 157 
0 2144 0 0 0 0 2232 0 0 0 0 2059 0 0 0 0 2146 0 0 0 0 2048 0 0 0 
32 14 58 1071 33 11 0 33 1035 17 583 528 579 1540 541 156 145 137 1152 183 28 7 46 988 34 
0 0 3 0 0 0 4 0 1 0 0 0 2 0 0 694 697 682 659 685 200 189 201 203 217 
1405 9 0 7 0 1428 4 9 21 14 1446 29 31 35 24 1393 1 0 7 0 1417 3 0 7 0 
0 0 2064 37 34 0 0 2055 31 28 0 0 1933 20 25 0 0 2078 20 23 0 0 1992 13 27 
0 0 0 15 8 1856 1781 1811 1796 1853 0 0 0 21 7 0 0 0 14 3 0 0 0 14 14 
44 435 1 738 1 136 524 87 895 86 156 483 110 851 136 135 526 61 834 81 62 383 0 757 0 
259 19 226 0 0 240 12 205 0 0 251 10 221 5 1 223 9 224 0 0 256 29 218 10 10 
0 3 41 1 1298 1 14 52 3 1300 0 0 62 0 1278 0 3 61 1 1334 8 10 64 5 1272 
0 2 0 286 0 56 48 60 348 83 71 82 73 413 80 0 0 0 315 0 270 265 269 602 285 
385 349 676 633 346 61 21 383 336 38 266 204 630 501 205 40 8 364 304 28 110 88 467 382 87 
585 586 605 638 586 0 0 0 0 0 0 0 0 0 0 0 0 0 0 0 0 0 0 0 0 
0 386 0 0 164 0 386 0 0 167 234 696 270 264 408 0 414 0 0 168 14 445 17 22 207 
0 0 0 0 0 0 0 0 0 0 1105 1143 1094 1135 1194 0 0 0 0 0 0 0 0 0 0 
135 54 953 382 52 534 378 1310 717 443 89 35 816 270 12 658 527 1521 847 550 239 155 1059 429 114 
50 0 257 5 0 45 0 234 0 0 280 266 484 259 241 84 15 235 24 12 40 0 267 10 0 
251 105 270 102 512 662 522 732 509 929 629 540 704 540 875 227 139 246 89 479 235 141 300 146 535 
34 0 0 0 0 84 21 33 24 37 45 0 0 0 0 1129 1114 1141 1127 1049 34 0 0 0 0 
484 0 0 350 1 472 5 0 379 0 465 0 0 340 0 496 3 4 357 2 498 20 26 379 37 
299 808 832 305 447 70 579 606 78 223 34 536 571 46 214 166 647 658 189 332 173 627 710 162 307 
0 0 180 0 0 445 424 629 446 489 0 0 179 0 0 8 10 189 6 8 91 77 250 74 100 
0 265 238 372 1 0 280 225 342 1 39 280 282 420 42 0 247 228 315 2 0 256 256 372 4 
0 0 1 1407 0 7 8 12 1357 3 0 0 6 1415 0 4 6 12 1491 6 0 0 8 1413 0 
513 308 812 517 1119 401 157 671 358 942 633 390 945 656 1164 1033 801 1358 1066 1591 507 243 739 506 1092 
21 136 4 29 5 0 79 0 19 0 0 127 1 20 2 10 108 5 27 3 1037 1113 1051 1015 990 
572 450 80 174 35 1114 941 540 652 457 774 615 187 264 90 758 556 156 247 122 524 393 34 138 2 
1304 1888 1175 1106 1300 390 873 151 130 239 605 1232 480 401 569 309 741 82 66 215 395 847 164 145 281 
345 384 399 511 480 14 2 3 111 28 13 3 1 128 41 20 10 7 130 40 190 168 130 287 216 
215 180 214 186 502 60 82 109 47 391 4 9 66 0 319 321 365 387 319 727 1012 1075 1078 1007 1393 
972 335 336 1252 1164 1406 843 836 1817 1735 1063 499 397 1339 1339 645 126 141 902 999 1283 811 739 1608 1545 
36 330 24 7 22 62 344 61 58 70 26 336 5 0 3 396 653 377 394 346 89 391 73 56 76 
