3857 4475 3814 3891 2989 4239 4930 4297 4237 3300 3919 4668 4000 3986 3091 3880 4548 3973 4049 2995 3871 4547 3963 3869 2970 
652 269 420 275 550 422 37 194 21 328 1001 527 729 573 862 585 148 335 171 462 1792 1341 1519 1482 1668 
365 347 401 327 545 0 0 7 0 135 152 126 169 134 270 21 22 44 20 161 0 0 14 0 162 
0 2173 0 0 0 0 2263 0 0 0 0 2095 0 0 0 0 2173 0 0 0 0 2093 0 0 0 
40 14 31 1124 51 17 0 17 1064 29 688 563 675 1616 618 147 118 114 1164 176 33 7 27 1026 43 
0 0 3 0 0 0 4 0 1 0 0 0 2 0 0 761 777 746 742 751 230 217 224 243 267 
1441 10 0 5 0 1494 9 15 22 16 1498 21 19 26 18 1458 4 0 6 0 1472 6 0 6 0 
0 0 2091 19 8 0 0 2103 14 14 0 0 1977 8 12 0 0 2110 9 7 0 0 2057 11 11 
0 0 0 21 14 1808 1721 1759 1748 1784 0 0 0 29 13 0 0 0 23 18 0 0 0 19 19 
28 425 0 729 0 141 528 84 887 108 110 466 65 823 97 109 513 58 836 61 54 385 0 737 0 
304 16 271 0 0 287 11 248 0 0 297 10 269 7 2 280 21 266 0 0 301 25 270 11 13 
0 4 33 0 1256 1 8 41 2 1239 0 0 54 0 1261 0 2 49 1 1299 8 8 47 1 1235 
0 2 0 291 0 90 98 84 390 122 74 77 84 419 80 0 0 0 318 0 273 268 270 612 288 
430 360 675 664 351 98 27 397 385 43 323 238 637 545 226 82 28 376 333 51 156 123 482 403 84 
623 606 651 678 617 0 0 0 0 0 0 0 0 0 0 0 0 0 0 0 0 0 0 0 0 
0 431 0 0 175 0 407 0 0 161 240 728 266 271 413 0 449 0 0 164 16 458 19 22 199 
0 0 0 0 0 0 0 0 0 0 1108 1141 1100 1138 1185 0 0 0 0 0 0 0 0 0 0 
150 38 931 391 82 536 374 1317 770 443 55 23 803 300 12 697 523 1542 871 594 238 179 1027 491 171 
20 0 254 6 0 23 0 212 3 0 264 271 469 258 247 34 4 222 31 12 13 0 233 8 0 
292 121 313 114 554 676 557 752 507 956 664 601 754 594 924 251 142 241 79 483 238 147 314 148 569 
8 0 0 0 0 51 15 28 14 33 6 0 0 0 0 1115 1127 1161 1141 1070 7 0 0 0 0 
488 0 0 341 1 471 0 0 376 0 468 0 0 341 0 500 1 5 352 4 510 23 33 380 41 
292 770 787 300 441 64 573 553 81 203 13 508 520 26 186 161 615 624 181 305 134 583 652 127 281 
0 0 179 1 0 478 459 652 489 517 0 0 177 0 0 8 10 183 5 12 103 90 269 101 101 
0 288 267 436 3 0 294 240 401 1 41 301 288 478 48 0 267 246 386 2 0 262 266 429 4 
0 0 5 1364 0 7 8 17 1333 3 0 0 12 1366 0 4 6 21 1428 6 0 0 11 1365 0 
457 220 765 438 1020 392 138 651 322 969 636 362 916 643 1172 1010 761 1303 995 1561 484 215 715 443 1041 
18 118 6 33 5 0 77 0 19 0 0 97 0 18 0 10 107 4 25 3 1055 1153 1093 1051 1032 
578 443 31 160 17 1051 875 461 554 411 814 618 137 228 93 786 552 133 231 122 582 401 19 126 7 
1245 1781 1118 1076 1216 382 821 214 150 228 586 1148 472 388 508 296 716 114 65 206 368 810 158 127 230 
410 474 471 674 603 21 9 6 211 65 13 7 3 154 67 22 9 12 182 67 220 181 169 370 243 
245 234 220 229 564 75 99 113 56 412 4 13 63 5 356 298 363 362 342 741 1019 1072 1057 1038 1377 
910 303 297 1121 1098 1368 772 793 1709 1633 906 389 305 1187 1235 627 119 99 855 887 1062 542 517 1292 1274 
37 293 43 8 27 56 317 80 54 83 21 298 21 0 6 335 561 335 338 302 62 334 51 16 26 
