5093 5013 4650 5149 4266 5826 5818 5524 6034 5022 5651 5597 5199 5776 4950 4823 4862 4516 5109 4131 5404 5377 5099 5413 4503 
823 574 755 725 1331 314 116 241 184 814 486 285 433 273 956 599 314 489 447 1065 2704 2439 2511 2636 3190 
468 488 473 473 648 0 0 6 0 115 149 132 156 162 246 19 23 38 26 144 0 0 12 0 155 
0 2164 0 0 0 0 2228 0 0 0 0 2095 0 0 0 0 2154 0 0 0 0 2058 0 0 0 
40 13 43 1038 32 12 0 26 1002 18 612 517 609 1514 579 146 130 126 1110 166 31 10 38 975 29 
6 157 14 1 6 21 196 16 6 23 8 130 5 0 1 1086 1244 1064 1079 1029 289 474 269 266 302 
1453 9 0 8 0 1497 6 7 13 10 1516 35 39 46 32 1436 4 0 10 0 1452 3 0 9 0 
0 0 1947 23 33 0 0 1943 11 28 0 0 1847 6 26 0 0 1954 14 21 0 0 1903 9 27 
0 0 0 11 23 1750 1675 1716 1700 1742 0 0 0 14 33 0 0 0 8 30 0 0 0 12 32 
18 397 0 698 0 139 504 124 824 128 54 402 41 760 43 149 496 125 812 115 25 346 0 688 0 
367 20 214 0 0 413 12 195 0 0 453 22 245 10 13 380 17 237 3 1 533 165 358 144 144 
0 1 25 0 1214 0 4 32 2 1200 0 0 52 0 1197 0 2 43 3 1257 2 3 31 1 1180 
0 14 0 288 0 115 123 104 385 129 94 104 88 422 85 0 15 0 318 0 278 277 270 606 285 
541 421 797 925 498 141 50 485 515 132 347 222 685 670 281 86 23 409 405 78 170 128 514 542 148 
585 586 605 638 586 0 0 0 0 0 0 0 0 0 0 0 0 0 0 0 0 0 0 0 0 
0 468 0 0 223 0 464 0 0 266 190 761 249 216 484 0 511 0 0 238 15 557 24 22 295 
0 0 0 0 0 0 0 0 0 0 1174 1221 1148 1219 1245 0 0 0 0 0 0 0 0 0 0 
71 33 941 337 63 505 448 1252 723 472 6 36 783 229 3 602 586 1448 792 573 165 156 953 387 99 
118 0 370 106 0 120 0 363 112 0 361 282 610 365 257 145 16 366 124 12 110 0 378 98 0 
223 60 172 229 634 701 565 701 700 1156 546 450 559 643 953 243 142 215 232 657 212 127 253 301 674 
20 0 0 0 0 63 16 28 14 30 21 0 0 0 0 1096 1083 1116 1096 1019 18 0 0 0 0 
425 76 33 389 37 375 46 0 390 0 372 34 0 354 0 433 73 40 407 43 439 65 41 410 48 
278 754 813 293 416 60 528 572 64 148 1 450 514 1 94 150 579 660 170 271 45 440 585 38 122 
0 0 158 0 0 474 426 645 508 486 0 0 162 0 0 9 9 190 6 9 111 85 240 87 99 
0 198 202 268 1 0 221 213 263 1 35 222 255 324 36 0 204 212 263 2 0 211 224 275 3 
0 0 14 1456 0 7 9 29 1421 3 0 0 15 1476 0 4 6 28 1534 6 0 0 18 1462 0 
434 285 647 356 918 287 97 435 174 703 481 313 682 439 893 910 724 1118 847 1348 371 206 524 310 835 
8 110 4 29 8 0 82 0 19 0 0 102 1 21 1 8 114 4 27 3 1004 1080 1052 1007 998 
576 423 22 147 27 1033 840 464 604 435 729 565 111 202 105 809 559 133 266 128 560 388 19 127 23 
1343 1951 1178 1129 1223 395 957 214 152 175 615 1319 498 419 489 344 796 147 71 176 363 875 160 129 165 
