3939 4542 3903 4026 3189 4364 5034 4440 4426 3591 4069 4758 4181 4249 3416 3908 4623 4043 4163 3224 4018 4655 4130 4097 3199 
722 257 412 248 510 511 33 176 12 258 1006 457 658 418 702 687 109 287 115 356 1877 1337 1515 1408 1606 
419 455 482 457 723 0 0 9 0 166 156 138 177 171 336 20 25 48 29 196 0 0 13 0 180 
0 2140 0 0 0 0 2221 0 0 0 0 2078 0 0 0 0 2154 0 0 0 0 2052 0 0 0 
53 15 40 1128 52 12 0 25 1117 30 682 584 635 1676 615 165 137 122 1264 194 40 8 37 1070 46 
0 0 4 0 0 0 6 0 3 0 0 0 2 0 0 710 722 718 681 706 207 199 209 198 229 
1439 7 0 4 0 1455 16 19 29 22 1473 42 45 54 42 1440 2 0 5 0 1475 4 0 7 0 
0 0 2053 13 33 0 0 2042 10 28 0 0 1950 6 23 0 0 2072 9 21 0 0 1988 10 29 
0 0 0 21 10 1777 1690 1729 1696 1721 0 0 0 23 10 0 0 0 24 9 0 0 0 20 14 
9 400 0 657 0 90 473 82 781 75 49 402 43 721 51 137 492 104 773 115 21 364 0 661 0 
273 16 250 0 0 271 11 232 0 0 287 10 252 5 2 284 25 256 0 0 283 26 245 10 12 
0 6 39 0 1252 1 8 46 3 1273 0 0 55 0 1266 0 2 48 1 1315 4 6 44 1 1225 
0 2 0 282 0 107 107 92 379 120 83 95 72 415 76 0 0 0 316 0 271 268 263 601 283 
434 410 750 780 419 104 32 401 414 72 302 227 644 595 257 59 18 384 369 68 139 118 486 485 153 
585 586 605 638 586 0 0 0 0 0 0 0 0 0 0 0 0 0 0 0 0 0 0 0 0 
0 422 0 0 155 0 445 0 0 175 246 755 261 272 425 0 458 0 0 172 15 489 21 22 222 
0 0 0 0 0 0 0 0 0 0 1081 1112 1067 1092 1163 0 0 0 0 0 0 0 0 0 0 
188 85 1055 433 61 560 409 1457 815 448 125 50 961 332 17 693 578 1591 891 551 260 165 1176 474 148 
9 0 228 50 0 8 0 211 46 0 245 286 460 315 265 17 3 206 64 12 4 0 234 49 0 
291 152 298 98 540 633 528 709 442 916 680 585 763 548 913 225 138 216 41 477 218 160 297 96 543 
18 0 0 0 0 61 16 30 14 29 18 0 0 0 0 1112 1131 1153 1128 1067 14 0 0 0 0 
493 44 33 389 35 449 0 0 388 0 454 0 0 354 0 466 3 7 359 0 485 19 26 397 36 
317 779 760 310 444 69 558 537 81 197 29 502 482 34 165 194 638 628 188 343 120 540 577 98 265 
0 0 178 0 0 477 425 645 451 513 0 0 177 0 0 10 11 204 4 8 88 72 243 79 96 
0 225 225 380 1 0 254 219 356 1 37 249 265 448 39 0 223 221 358 3 0 233 236 380 3 
0 0 14 1401 0 7 9 31 1374 3 0 0 11 1398 0 4 6 24 1467 6 0 0 17 1410 0 
447 228 688 404 934 380 146 613 310 862 549 332 857 557 1033 982 775 1278 960 1453 450 201 663 384 937 
4 108 2 22 1 0 79 0 19 0 0 99 0 19 0 7 101 4 25 3 901 991 928 914 869 
552 414 14 164 9 1005 800 373 548 375 771 616 121 232 110 772 543 118 249 103 581 423 23 149 7 
1258 1810 1107 1027 1165 359 891 128 115 164 569 1164 390 336 447 312 711 100 51 141 385 796 117 103 159 
269 274 272 306 297 15 0 0 32 0 12 1 1 37 0 17 1 0 38 0 183 158 134 175 158 
233 217 229 261 578 77 114 127 87 459 4 13 61 12 367 308 347 362 360 779 1097 1186 1167 1193 1523 
908 311 383 1211 1164 1402 785 896 1819 1678 951 428 386 1242 1250 582 107 136 878 895 1079 629 618 1411 1354 
30 310 53 6 29 54 341 66 53 60 23 313 9 0 12 366 603 348 369 305 86 371 69 52 60 
