4899 4912 4427 4907 4112 5636 5603 5248 5698 4815 5400 5432 4885 5442 4666 4652 4729 4281 4777 3886 5258 5265 4869 5262 4336 
815 471 612 622 1132 448 124 315 168 800 675 352 573 399 1015 728 341 520 416 1056 2432 2085 2258 2263 2790 
326 337 363 296 484 0 0 6 0 108 144 129 160 130 232 21 22 42 20 143 0 0 10 0 122 
0 2213 0 0 0 0 2277 0 0 0 0 2133 0 0 0 0 2197 0 0 0 0 2091 0 0 0 
32 13 38 1063 52 10 0 23 984 30 584 465 544 1470 558 133 118 106 1111 175 29 7 23 933 44 
31 165 28 6 14 30 175 26 31 20 8 125 8 0 1 1112 1267 1142 1124 1071 316 496 285 282 307 
1324 13 0 11 0 1321 19 18 31 20 1352 23 24 31 20 1326 12 0 10 0 1335 5 0 12 0 
0 0 2090 41 35 0 0 2074 36 27 0 0 1937 33 23 0 0 2085 18 21 0 0 2010 25 27 
0 0 0 20 15 1783 1686 1744 1755 1775 0 0 0 23 17 0 0 0 25 10 0 0 0 20 16 
25 426 0 759 0 115 484 64 892 72 54 435 44 815 58 127 508 75 858 80 50 406 0 765 0 
359 21 222 0 0 398 15 194 0 0 433 17 244 12 21 379 18 232 7 2 531 169 347 143 148 
0 5 39 1 1252 4 12 50 9 1257 0 0 52 2 1270 0 3 50 3 1325 11 14 50 8 1259 
0 2 0 285 0 101 109 88 378 117 87 94 70 410 74 0 0 0 316 0 271 273 266 601 280 
560 455 803 910 571 169 78 440 540 197 334 232 622 677 354 119 27 395 441 154 259 185 540 605 259 
585 586 605 638 586 0 0 0 0 0 0 0 0 0 0 0 0 0 0 0 0 0 0 0 0 
0 487 0 0 178 0 491 0 0 176 254 859 280 280 433 0 532 0 0 186 15 547 23 26 231 
0 0 0 0 0 0 0 0 0 0 1133 1166 1113 1165 1203 0 0 0 0 0 0 0 0 0 0 
113 92 838 332 91 527 391 1125 654 419 23 40 683 203 14 650 614 1425 790 608 224 210 892 447 159 
131 0 403 134 0 126 0 397 136 0 406 298 687 420 279 152 16 387 157 12 114 0 403 126 0 
237 67 176 217 627 788 722 784 807 1232 627 496 617 705 986 219 119 169 211 626 220 142 243 298 667 
8 0 0 0 0 45 23 35 26 39 4 0 0 0 0 1109 1126 1173 1140 1073 6 0 0 0 0 
435 54 33 380 37 375 1 0 383 0 369 1 0 346 0 429 5 10 386 1 406 19 25 394 33 
303 767 782 302 438 67 566 553 69 200 14 520 527 26 175 175 622 627 204 299 111 557 616 101 265 
0 0 202 0 0 497 459 737 511 539 0 0 219 0 0 8 10 211 6 11 92 76 297 87 96 
0 218 225 372 1 0 241 228 338 2 35 241 273 422 36 0 213 227 363 2 0 217 241 360 3 
0 0 2 1323 0 7 8 18 1292 3 0 0 10 1329 0 4 6 21 1402 6 0 0 10 1335 0 
453 271 722 465 979 332 142 586 326 843 546 340 831 547 987 992 792 1259 1028 1519 395 219 688 402 930 
8 111 2 29 3 0 91 0 19 0 0 115 0 20 0 7 119 6 26 3 995 1096 1006 966 944 
618 365 12 138 11 1073 815 394 509 351 769 534 106 188 91 770 499 89 192 97 627 383 31 121 29 
1299 1804 1113 1007 1134 380 899 188 119 194 637 1249 476 396 477 349 770 146 68 150 408 829 200 121 195 
329 360 340 458 435 16 0 0 109 0 13 0 1 70 12 16 1 0 80 6 196 179 143 251 216 
