5446 5443 4792 5327 4432 6576 6534 5958 6450 5425 6159 6150 5440 6069 5124 5316 5380 4725 5255 4264 5907 5922 5393 5718 4766 
918 627 736 800 1315 379 134 271 197 714 464 185 351 275 828 636 295 479 451 1041 2558 2212 2355 2490 2910 
1646 2275 1548 1458 1756 286 895 168 143 335 685 1352 637 497 749 257 762 145 95 295 266 820 127 112 304 
0 2219 0 0 0 0 2294 0 0 0 0 2146 0 0 0 0 2182 0 0 0 0 2117 0 0 0 
34 10 29 1035 44 10 0 20 1002 29 604 502 593 1498 555 126 119 108 1130 172 34 8 14 960 43 
17 143 18 2 12 37 149 31 42 34 15 153 12 0 3 1069 1229 1071 1061 1013 301 454 273 275 308 
1428 14 0 12 0 1449 6 2 8 0 1445 29 22 33 19 1482 9 0 12 0 1471 6 0 15 0 
0 0 2036 18 34 0 0 2010 13 28 0 0 1919 4 25 0 0 2050 9 21 0 0 1974 9 28 
0 0 0 12 17 1844 1785 1828 1859 1857 0 0 0 11 19 0 0 0 11 22 0 0 0 11 26 
26 388 0 619 0 140 490 58 766 67 80 428 40 718 45 110 464 43 717 48 47 360 0 594 0 
341 19 202 0 0 379 14 179 0 0 410 15 221 8 13 353 13 207 5 1 514 157 317 146 134 
0 4 34 0 1222 1 6 42 2 1196 0 0 56 0 1214 0 2 48 1 1273 4 7 43 1 1186 
0 14 0 288 0 115 123 104 385 129 94 104 88 422 85 0 15 0 318 0 278 277 270 606 285 
518 416 774 834 503 131 64 470 479 174 353 225 686 640 317 96 25 389 390 122 219 170 561 545 256 
585 586 605 638 586 0 0 0 0 0 0 0 0 0 0 0 0 0 0 0 0 0 0 0 0 
0 431 0 0 203 0 437 0 0 226 292 859 309 343 530 0 473 0 0 203 17 521 22 28 247 
189 0 0 0 0 381 172 160 177 165 260 20 18 22 17 285 48 46 62 44 213 0 0 0 0 
0 0 0 0 0 0 0 0 0 0 1134 1167 1113 1168 1199 0 0 0 0 0 0 0 0 0 0 
45 29 893 269 51 443 354 1191 572 420 4 29 753 164 2 578 560 1449 735 550 126 86 913 271 71 
92 0 372 99 0 89 0 362 97 0 334 273 603 340 252 105 16 368 119 12 76 0 387 88 0 
238 64 132 223 599 700 572 695 682 1130 566 465 569 658 963 231 89 163 220 597 207 116 222 291 639 
55 0 0 0 0 97 13 25 17 25 64 0 0 0 0 1135 1103 1146 1105 1047 52 0 0 0 0 
529 128 34 434 38 496 125 17 453 24 486 128 0 392 0 557 131 41 473 46 528 130 41 461 48 
321 841 812 297 478 71 579 516 69 211 20 547 483 4 194 214 702 604 198 386 38 544 510 36 205 
0 0 145 0 0 371 344 528 363 395 0 0 148 0 0 7 9 164 4 8 83 65 207 69 90 
0 215 225 304 1 0 240 232 308 1 35 235 281 358 36 0 220 236 303 2 0 221 240 291 3 
0 0 10 1571 0 8 10 46 1529 5 0 0 10 1543 0 4 6 23 1617 6 0 0 12 1578 0 
452 234 673 448 888 245 17 422 188 646 397 184 634 373 810 908 718 1167 863 1346 335 129 543 327 788 
10 115 7 28 8 0 74 0 19 0 0 100 0 21 3 8 116 6 25 3 1027 1148 1052 1032 1019 
