4955 4965 4421 5052 4168 5823 5854 5371 5995 4992 5437 5538 4898 5552 4743 4630 4764 4276 4924 3924 5357 5438 4937 5432 4411 
1030 677 839 877 1395 418 96 277 197 762 661 318 517 426 975 711 286 486 442 1043 2578 2183 2384 2462 2970 
380 410 412 395 601 0 0 6 0 129 145 132 169 155 274 21 22 42 32 170 0 0 10 0 156 
0 2240 0 0 0 0 2297 0 0 0 0 2153 0 0 0 0 2210 0 0 0 0 2106 0 0 0 
34 14 23 1071 48 15 0 17 1010 29 645 510 574 1548 590 128 121 95 1140 170 34 7 18 1008 45 
31 140 22 7 4 29 161 16 20 18 9 104 5 0 2 1138 1303 1158 1126 1075 325 472 284 281 308 
1355 13 0 11 0 1345 21 19 32 21 1395 48 54 62 48 1344 7 0 10 0 1336 4 0 11 0 
0 0 2067 33 16 0 0 2049 32 18 0 0 1931 24 17 0 0 2075 19 9 0 0 1987 22 13 
0 0 0 14 7 1798 1703 1768 1788 1782 0 0 0 15 9 0 0 0 13 8 0 0 0 14 15 
24 402 0 740 0 110 500 64 889 58 39 400 28 778 25 112 510 73 869 82 50 396 0 736 0 
364 20 225 0 0 409 15 192 0 0 444 23 250 19 19 388 21 234 8 3 543 178 361 146 155 
0 0 33 1 1283 1 18 45 6 1291 0 1 49 0 1258 0 2 41 2 1327 10 11 50 5 1284 
0 3 0 285 0 101 99 89 374 107 85 88 72 416 73 0 0 0 315 0 271 269 261 598 279 
574 472 851 945 580 153 68 475 544 208 350 225 669 691 375 94 33 413 434 143 221 172 565 603 244 
585 586 605 638 586 0 0 0 0 0 0 0 0 0 0 0 0 0 0 0 0 0 0 0 0 
0 481 0 0 201 0 454 0 0 190 229 806 253 249 433 0 468 0 0 190 15 511 21 24 221 
0 0 0 0 0 0 0 0 0 0 1124 1146 1096 1146 1180 0 0 0 0 0 0 0 0 0 0 
130 81 920 327 85 492 359 1190 589 385 14 50 734 184 12 668 609 1469 770 583 226 166 988 357 121 
111 0 400 121 0 119 0 391 115 0 380 294 657 382 269 133 16 380 138 13 105 0 404 109 0 
241 60 170 228 603 715 559 688 702 1123 618 445 610 683 971 240 122 176 213 594 219 124 241 316 637 
9 0 0 0 0 42 17 28 20 30 5 0 0 0 0 1093 1116 1138 1118 1045 4 0 0 0 0 
435 46 33 384 37 380 2 0 379 0 391 1 0 349 0 440 4 9 377 11 440 21 25 391 34 
308 826 834 314 436 70 579 565 66 200 12 535 532 15 171 208 673 652 190 344 106 592 613 94 260 
0 0 223 0 0 515 473 763 548 549 0 0 214 0 0 10 10 225 10 9 100 75 300 94 99 
0 220 220 369 1 0 239 230 347 1 35 242 277 425 36 0 223 230 361 3 0 218 228 365 3 
0 0 2 1333 0 7 8 12 1300 3 0 0 7 1345 0 4 6 14 1410 6 0 0 10 1344 0 
433 210 620 370 970 327 139 507 259 836 546 340 815 538 984 1010 784 1222 960 1512 375 186 571 330 943 
12 124 4 28 6 0 88 0 21 0 0 122 1 19 2 7 113 5 27 3 983 1118 1012 1005 978 
566 344 10 101 8 1037 787 379 487 353 733 500 97 162 81 777 478 126 217 121 596 371 29 100 32 
1313 1881 1143 1072 1152 342 895 194 100 151 604 1275 477 378 455 321 785 139 54 134 407 852 177 107 148 
