3880 4318 3750 3861 2864 4058 4595 4092 3958 2961 3942 4523 3986 3954 2963 3867 4373 3902 3922 2825 3801 4323 3888 3747 2715 
701 247 454 273 592 442 32 227 32 341 1032 518 748 549 838 653 173 411 221 480 1818 1322 1513 1438 1663 
360 343 389 319 521 0 0 6 0 116 153 126 168 135 256 21 22 44 20 147 0 0 10 0 135 
0 2216 0 0 0 0 2291 0 0 0 0 2125 0 0 0 0 2207 0 0 0 0 2135 0 0 0 
35 14 30 1154 47 12 0 15 1098 32 648 548 629 1645 613 134 123 100 1200 171 33 7 22 1037 46 
0 0 4 0 0 0 5 0 1 0 0 0 2 0 0 721 721 706 703 716 222 207 228 231 257 
1403 17 0 7 0 1413 21 18 28 20 1485 29 33 32 23 1402 7 0 6 0 1438 4 0 12 0 
0 0 2065 11 38 0 0 2092 12 27 0 0 1963 5 26 0 0 2115 7 23 0 0 2019 11 29 
0 0 0 26 25 1750 1658 1722 1688 1724 0 0 0 25 35 0 0 0 23 31 0 0 0 19 33 
2 406 0 698 0 141 503 101 870 119 23 406 22 757 32 139 520 122 845 123 10 367 0 716 0 
311 16 249 0 0 287 11 239 0 0 319 12 255 7 1 300 26 254 0 0 303 25 255 11 11 
0 3 34 0 1261 1 10 39 3 1278 0 0 52 0 1265 0 2 48 1 1328 8 9 38 3 1257 
0 3 0 301 0 90 106 93 401 119 86 99 76 440 86 0 0 0 332 0 289 291 284 636 301 
419 363 675 664 344 103 40 385 382 52 314 235 624 522 223 85 34 370 330 47 133 103 457 380 99 
620 608 660 671 618 0 0 0 0 0 0 0 0 0 0 0 0 0 0 0 0 0 0 0 0 
0 433 0 0 161 0 455 0 0 184 237 757 252 269 422 0 478 0 0 172 15 505 19 22 215 
0 0 0 0 0 0 0 0 0 0 1114 1148 1094 1139 1199 0 0 0 0 0 0 0 0 0 0 
126 75 914 407 71 516 378 1237 735 399 67 38 789 284 7 619 512 1412 831 517 260 184 1020 491 177 
8 0 266 11 0 7 0 231 7 0 223 278 476 267 262 10 0 225 32 12 4 0 248 15 0 
256 147 267 85 516 611 552 684 411 864 604 577 659 503 813 195 147 212 40 449 225 160 291 77 519 
11 0 0 0 0 66 28 47 37 53 13 0 0 0 0 1108 1113 1143 1119 1043 11 0 0 0 0 
502 0 0 349 1 475 0 0 378 0 468 0 0 343 0 513 5 15 372 13 520 21 41 392 48 
314 867 882 327 495 90 639 671 106 242 53 575 618 58 226 252 750 783 251 374 152 669 746 151 291 
0 0 178 0 0 444 418 620 437 482 0 0 177 0 0 9 11 192 4 8 92 73 241 76 96 
0 260 240 404 1 0 279 226 369 1 23 266 263 466 24 0 240 229 376 2 0 250 256 413 4 
0 0 12 1371 0 7 8 24 1339 3 0 0 14 1371 0 4 6 22 1438 6 0 0 17 1368 0 
519 274 882 546 1089 481 198 791 499 1056 709 435 1081 775 1308 1112 825 1448 1143 1672 556 227 822 557 1089 
10 99 3 29 4 0 67 0 19 0 0 112 0 19 0 8 106 5 25 3 1014 1108 1051 1020 1013 
622 370 27 114 11 1170 842 516 599 464 860 559 181 200 88 807 485 111 201 99 641 382 31 114 14 
1275 1891 1160 1056 1225 379 900 178 142 222 582 1226 480 387 557 302 773 110 46 181 359 832 138 90 206 
398 454 451 683 607 27 20 22 248 123 13 14 5 185 95 18 12 11 218 122 205 189 156 395 281 
258 230 239 237 570 56 84 103 54 431 3 13 62 9 380 331 378 368 326 758 1029 1094 1079 1072 1449 
828 300 238 1106 1114 1568 986 914 1918 1865 905 408 277 1215 1260 579 123 50 849 929 1110 681 588 1445 1398 
32 261 8 6 12 54 305 42 49 58 25 269 0 0 0 288 514 270 298 271 53 302 18 15 10 
