3809 4232 3668 3769 2768 4020 4499 4015 3922 2908 3924 4343 3830 3958 2893 3792 4258 3744 3822 2767 3860 4325 3842 3815 2744 
799 260 461 330 604 561 30 215 68 359 1307 655 955 668 1006 727 171 415 270 520 1942 1371 1546 1613 1739 
405 397 416 340 602 0 0 7 0 151 149 128 167 135 309 20 23 46 20 168 0 0 12 0 154 
0 2264 0 0 0 0 2330 0 0 0 0 2157 0 0 0 0 2220 0 0 0 0 2139 0 0 0 
35 13 27 1109 34 11 0 21 1075 14 587 518 566 1575 575 139 124 115 1196 173 40 8 26 979 23 
0 0 3 0 0 0 4 0 1 0 0 0 2 0 0 693 697 676 661 683 200 192 199 203 216 
1556 11 0 6 0 1594 17 22 23 23 1605 28 33 32 22 1565 7 0 7 0 1596 5 0 8 0 
0 0 2052 18 25 0 0 2066 14 28 0 0 1944 4 24 0 0 2092 8 18 0 0 2003 14 23 
0 0 0 23 24 1814 1686 1763 1726 1731 0 0 0 26 32 0 0 0 23 30 0 0 0 19 32 
12 406 0 729 0 113 497 80 921 103 48 430 37 825 48 134 542 100 921 94 15 371 0 744 0 
259 20 276 0 0 250 11 267 0 0 252 13 263 5 1 230 8 269 0 0 270 29 277 12 13 
0 8 27 0 1225 1 9 33 0 1211 0 1 50 0 1229 0 4 37 1 1230 2 11 37 3 1181 
0 2 0 306 0 91 95 86 383 123 79 94 87 453 85 0 0 0 337 0 284 293 282 639 307 
365 323 664 622 320 38 32 358 351 26 272 214 591 461 204 47 13 373 289 30 70 41 413 308 36 
609 609 660 678 624 0 0 0 0 0 0 0 0 0 0 0 0 0 0 0 0 0 0 0 0 
0 431 0 0 166 0 450 0 0 180 243 777 267 287 415 0 492 0 0 173 15 513 22 22 218 
0 0 0 0 0 0 0 0 0 0 1130 1150 1111 1134 1195 0 0 0 0 0 0 0 0 0 0 
177 82 965 384 83 467 325 1258 655 347 105 51 831 268 18 638 542 1482 762 519 222 128 1018 399 106 
26 0 278 26 0 30 0 240 11 0 267 275 494 287 253 52 16 246 34 12 15 0 276 12 0 
230 131 231 69 511 605 515 652 430 874 586 555 653 490 809 176 94 188 30 435 175 135 235 64 478 
17 0 0 0 0 63 28 45 33 54 18 0 0 0 0 1120 1115 1140 1124 1048 19 0 0 0 0 
440 0 0 346 1 430 0 0 385 0 419 0 0 347 0 466 2 14 361 13 488 23 42 390 48 
311 881 844 311 513 75 628 629 79 273 17 544 558 4 236 246 745 737 232 413 138 655 706 117 343 
0 0 179 0 0 444 419 620 437 482 0 0 177 0 0 9 10 194 4 10 91 74 246 73 101 
0 266 237 369 1 0 276 226 332 1 40 278 273 440 42 0 238 222 326 3 0 246 252 344 4 
0 0 4 1398 0 7 8 12 1369 3 0 0 8 1398 0 4 6 11 1472 6 0 0 5 1412 0 
609 377 999 658 1266 581 310 893 594 1196 778 535 1177 831 1409 1135 854 1483 1155 1770 648 349 936 640 1243 
5 59 2 21 1 0 41 0 20 0 0 75 0 19 0 9 73 4 25 3 1077 1167 1105 1092 1074 
573 380 19 161 5 1121 872 499 645 454 840 598 217 271 129 761 483 112 226 104 563 372 22 140 7 
1249 1809 1125 1031 1239 349 879 185 131 267 598 1261 496 407 589 323 800 138 52 257 398 842 202 119 313 
504 563 524 750 704 18 17 12 215 114 15 18 6 178 96 23 20 10 200 86 236 227 175 421 309 
210 183 197 223 491 69 101 110 93 406 4 22 65 14 328 314 365 376 353 764 1009 1097 1097 1119 1434 
659 250 208 1033 970 1442 1041 970 1856 1849 584 264 128 1044 1055 531 195 136 930 910 865 542 475 1214 1192 
31 258 11 6 10 54 311 51 51 59 34 312 0 0 0 323 569 318 338 283 63 315 25 19 18 
