3819 4453 3803 3949 3064 4172 4833 4227 4202 3312 3921 4575 4006 4108 3207 3831 4502 3921 4038 3115 3895 4573 4022 3928 3080 
738 255 451 281 517 514 34 164 12 259 1074 487 703 469 753 687 99 339 131 363 1862 1312 1527 1459 1567 
398 378 437 372 583 0 0 6 0 138 156 130 185 143 293 21 23 52 22 157 0 0 13 0 153 
0 2191 0 0 0 0 2264 0 0 0 0 2095 0 0 0 0 2178 0 0 0 0 2094 0 0 0 
39 16 25 1115 53 12 0 11 1069 29 679 586 635 1659 623 165 131 106 1203 181 32 8 15 1033 47 
0 0 3 0 0 0 5 0 1 0 0 0 4 0 0 745 735 719 687 727 203 191 207 197 217 
1418 1 0 2 0 1408 16 20 19 24 1421 19 18 18 13 1428 1 0 2 0 1442 1 0 3 0 
0 0 1992 6 33 0 0 2000 4 27 0 0 1883 4 26 0 0 1996 7 21 0 0 1924 4 28 
0 0 0 8 16 1858 1731 1792 1771 1807 0 0 0 10 16 0 0 0 2 13 0 0 0 4 25 
5 379 0 705 0 113 443 97 846 92 30 387 36 743 54 130 493 121 824 117 8 340 0 718 0 
257 16 227 0 0 255 11 223 0 0 261 12 229 5 4 265 10 243 0 0 274 27 230 10 10 
0 1 28 0 1257 3 10 41 3 1265 0 0 47 0 1260 0 2 42 1 1307 6 7 40 3 1239 
0 2 0 288 0 83 90 86 370 114 78 87 81 416 81 0 0 0 318 0 269 270 268 601 283 
431 412 710 754 436 76 45 406 389 72 278 232 601 552 249 36 20 368 352 67 121 101 452 430 127 
585 586 605 638 586 0 0 0 0 0 0 0 0 0 0 0 0 0 0 0 0 0 0 0 0 
0 421 0 0 176 0 445 0 0 183 248 799 270 282 436 0 479 0 0 182 18 494 17 25 214 
0 0 0 0 0 0 0 0 0 0 1128 1143 1104 1136 1198 0 0 0 0 0 0 0 0 0 0 
178 53 1073 425 39 507 376 1422 741 398 109 27 919 298 11 586 494 1540 803 459 236 122 1121 401 97 
14 0 257 54 0 13 0 219 51 0 267 279 492 316 262 22 1 220 62 7 5 0 255 51 0 
288 135 336 127 558 673 536 742 496 941 624 537 724 556 891 247 124 252 89 477 249 142 327 155 579 
17 0 0 0 0 69 21 41 24 40 25 0 0 0 0 1115 1114 1140 1133 1052 19 0 0 0 0 
491 13 1 358 3 472 0 0 385 0 465 0 0 351 0 495 4 6 340 0 505 21 27 370 32 
310 838 865 318 506 68 600 640 80 245 28 567 602 38 219 175 660 706 191 355 141 615 727 135 326 
0 0 179 0 0 445 418 624 437 484 0 0 176 0 0 9 14 197 6 11 88 75 249 79 100 
0 265 241 463 1 0 277 238 425 1 39 280 285 513 47 0 245 234 413 2 0 246 270 447 3 
0 0 0 1325 0 7 8 10 1287 3 0 0 4 1323 0 4 6 10 1401 6 0 0 2 1339 0 
489 280 769 424 1050 387 131 630 311 875 573 349 887 569 1057 992 804 1315 984 1490 454 225 703 385 974 
6 105 3 28 3 0 81 0 19 0 0 113 0 18 0 7 105 4 26 3 904 1002 938 931 872 
613 465 20 168 9 1107 917 445 599 396 881 664 201 282 131 826 612 146 264 124 640 461 40 168 37 
1242 1774 1114 1013 1163 356 820 167 104 185 597 1159 458 366 507 324 734 137 62 179 420 833 199 118 220 
310 319 331 391 401 14 0 0 53 0 14 0 1 51 0 18 0 0 86 0 188 159 142 231 187 
246 240 235 223 573 65 117 112 56 417 3 13 67 6 354 335 368 400 340 778 1061 1148 1130 1112 1459 
964 320 352 1275 1149 1509 861 916 2008 1858 975 450 366 1329 1306 630 112 109 1000 993 1176 651 577 1567 1421 
32 297 20 6 11 62 341 56 58 71 27 306 2 0 4 384 616 355 392 336 85 352 54 50 59 
