5960 5599 5239 5793 5218 7091 6726 6470 6991 6216 6741 6494 6152 6641 6015 6250 6053 5694 6254 5480 6380 6139 5807 6320 5520 
759 512 618 667 1156 334 105 261 163 665 500 284 426 312 889 703 432 538 479 1030 3185 2805 2965 2967 3546 
1795 2518 1724 1670 1882 263 941 175 138 296 662 1383 616 560 739 260 816 169 100 294 264 907 174 131 272 
0 2175 0 0 0 0 2243 0 0 0 0 2113 0 0 0 0 2161 0 0 0 0 2047 0 0 0 
35 14 24 1080 49 12 0 20 1065 29 612 521 592 1580 582 157 136 111 1231 190 38 9 22 1011 44 
6 152 19 1 5 29 189 16 14 9 10 157 6 0 1 1063 1237 1074 1049 1029 302 490 277 262 296 
1455 8 0 4 0 1482 16 19 28 20 1522 49 53 55 45 1458 1 0 5 0 1475 3 0 4 0 
0 0 2036 18 35 0 0 2021 12 27 0 0 1937 8 25 0 0 2064 13 23 0 0 1958 12 28 
0 0 0 26 24 1827 1768 1813 1809 1859 0 0 0 23 33 0 0 0 22 30 0 0 0 19 35 
8 395 0 699 0 82 480 71 829 67 35 396 27 750 32 81 459 23 752 23 14 358 0 700 0 
340 19 201 0 0 371 11 180 0 0 408 15 214 5 7 345 15 205 1 0 503 160 322 130 135 
0 5 33 0 1305 1 5 32 1 1254 0 4 47 0 1229 0 6 49 2 1394 3 10 38 1 1227 
0 14 0 288 0 115 123 104 385 129 94 104 88 422 85 0 15 0 318 0 278 277 270 606 285 
644 462 963 910 725 198 60 516 444 273 322 152 630 578 397 192 58 508 436 290 198 138 593 556 354 
585 586 605 638 586 0 0 0 0 0 0 0 0 0 0 0 0 0 0 0 0 0 0 0 0 
0 484 0 0 256 0 491 0 0 294 311 907 351 366 581 0 491 0 0 250 15 614 30 34 347 
122 0 0 0 0 274 143 134 149 132 176 20 18 20 15 217 47 46 52 41 129 0 0 0 0 
0 0 0 0 0 0 0 0 0 0 1106 1131 1061 1113 1174 0 0 0 0 0 0 0 0 0 0 
22 24 924 241 13 398 290 1184 549 387 2 21 777 161 3 614 559 1459 711 562 72 45 899 215 34 
134 0 411 113 0 126 0 417 99 0 398 307 686 364 272 165 17 432 111 12 120 0 449 89 0 
193 45 69 135 384 617 511 503 578 867 417 302 350 432 639 123 12 52 93 351 146 35 104 136 377 
55 0 0 0 0 92 12 9 11 15 64 0 0 0 0 1114 1080 1103 1090 1016 52 0 0 0 0 
468 122 33 418 37 463 119 16 435 24 455 120 0 377 0 513 126 40 449 43 500 123 41 443 48 
0 42 0 0 0 0 27 0 0 0 0 31 0 0 0 0 27 0 0 0 513 538 519 508 466 
309 841 838 315 511 97 599 615 103 274 47 573 558 36 212 217 727 735 239 452 31 496 576 30 249 
0 0 135 0 0 369 342 525 356 395 0 0 137 0 0 1 1 145 0 4 83 65 195 67 90 
0 198 202 264 1 0 222 214 246 1 19 212 252 317 27 0 204 210 262 2 0 211 222 247 3 
0 0 3 1436 0 7 8 20 1415 3 0 0 8 1441 0 4 6 21 1510 6 0 0 15 1466 0 
