4979 4962 4402 4958 4095 5789 5818 5303 5891 4869 5413 5548 4890 5498 4627 4645 4783 4242 4800 3844 5323 5374 4879 5283 4306 
972 666 805 843 1362 393 77 251 178 789 605 309 453 367 977 605 218 433 405 1021 2545 2152 2333 2420 2893 
405 451 471 464 641 0 0 8 0 139 150 132 175 163 289 20 23 45 46 187 0 0 11 0 159 
0 2236 0 0 0 0 2297 0 0 0 0 2162 0 0 0 0 2235 0 0 0 0 2101 0 0 0 
41 13 27 1078 50 10 0 11 1011 30 667 515 583 1570 598 135 117 102 1144 175 41 7 16 1011 46 
12 138 22 7 2 21 171 15 23 14 6 109 5 0 1 1143 1306 1153 1155 1085 309 491 291 302 312 
1360 12 0 8 0 1351 19 18 27 21 1403 60 69 84 61 1352 13 1 8 1 1357 5 0 8 0 
0 0 2071 33 14 0 0 2054 23 15 0 0 1942 19 13 0 0 2073 15 8 0 0 1985 13 13 
0 0 0 14 25 1782 1731 1763 1788 1798 0 0 0 15 36 0 0 0 10 31 0 2 0 13 33 
19 403 0 756 0 104 494 64 888 72 40 402 24 781 38 132 514 64 873 78 45 378 0 779 0 
392 20 220 0 0 423 14 209 0 0 459 29 265 16 22 404 20 238 6 3 562 172 369 135 155 
0 19 36 1 1260 1 20 47 2 1251 0 16 50 0 1257 0 15 46 1 1312 9 24 50 6 1276 
0 4 0 284 0 104 109 88 373 123 82 97 76 418 79 0 0 0 314 0 271 271 263 602 280 
509 433 762 891 530 142 68 439 530 183 333 231 635 680 338 91 27 389 446 141 205 143 547 595 245 
585 586 605 638 586 0 0 0 0 0 0 0 0 0 0 0 0 0 0 0 0 0 0 0 0 
0 479 0 0 201 0 470 0 0 189 209 795 245 245 416 0 510 0 0 192 18 544 27 23 227 
0 0 0 0 0 0 0 0 0 0 1149 1158 1116 1163 1181 0 0 0 0 0 0 0 0 0 0 
112 74 951 359 80 550 410 1246 709 444 9 36 761 211 6 712 645 1539 843 616 238 201 1041 449 166 
107 0 396 122 0 111 0 397 120 0 379 295 647 385 277 136 17 390 142 12 96 0 413 115 0 
265 54 174 231 620 761 591 753 700 1167 623 466 622 689 984 234 106 178 208 619 212 126 238 289 638 
35 0 0 0 0 72 14 25 13 28 41 0 0 0 0 1106 1076 1115 1093 1019 28 0 0 0 0 
428 46 33 385 37 376 2 0 379 0 372 1 0 348 0 430 38 36 403 39 416 23 24 395 36 
294 778 771 293 451 68 550 540 62 186 7 511 514 14 158 174 613 621 181 294 96 564 582 87 258 
0 0 205 0 0 517 478 748 538 553 0 0 212 0 0 16 11 217 8 9 104 75 295 91 99 
0 221 218 367 1 0 240 229 343 1 35 242 279 423 36 0 216 227 361 2 0 219 240 365 3 
0 0 1 1334 0 7 8 13 1308 3 0 0 10 1352 0 4 6 12 1418 6 0 0 8 1350 0 
511 264 726 448 1033 325 134 552 293 876 587 321 831 562 1077 1021 799 1285 998 1573 430 231 634 384 1034 
11 128 5 27 7 0 80 0 19 0 0 109 1 20 2 7 109 4 25 3 998 1119 1026 1007 989 
540 342 7 81 7 981 760 379 465 333 711 483 92 142 74 767 485 121 208 113 593 369 30 101 35 
1313 1886 1169 1094 1185 360 876 183 137 152 621 1269 489 396 455 343 784 147 68 139 405 879 174 131 153 
