3704 4322 3749 3842 2970 4035 4723 4182 4097 3198 3772 4473 3939 3996 3063 3788 4440 3898 3989 3009 3761 4404 3881 3856 2968 
766 271 431 271 525 596 42 198 32 288 1084 506 706 479 757 719 170 352 163 375 1875 1326 1491 1389 1599 
395 389 413 344 586 0 0 7 0 132 154 129 183 135 306 21 22 47 21 159 0 0 12 0 161 
0 2131 0 0 0 0 2192 0 0 0 0 2056 0 0 0 0 2122 0 0 0 0 2046 0 0 0 
35 13 50 1060 30 10 0 26 1018 18 613 533 619 1559 558 150 133 120 1164 168 27 7 37 991 21 
0 0 3 0 0 0 4 0 1 0 0 0 2 0 0 695 697 683 659 685 202 195 198 204 215 
1407 9 0 4 0 1413 23 18 28 20 1430 25 29 33 20 1406 4 0 5 0 1464 4 0 8 0 
0 0 2062 22 33 0 0 2054 18 28 0 0 1926 8 25 0 0 2057 16 21 0 0 1961 13 28 
0 0 0 12 2 1898 1766 1811 1790 1830 0 0 0 15 6 0 0 0 8 2 0 0 0 10 8 
21 428 1 751 1 146 528 116 912 118 111 475 101 855 121 155 536 123 874 113 39 370 0 764 0 
289 16 228 0 0 254 12 221 0 0 291 11 245 8 1 250 11 237 0 0 288 26 235 11 12 
0 5 37 0 1306 1 6 41 3 1291 0 0 65 0 1290 0 3 49 1 1348 4 12 58 2 1292 
0 3 0 287 0 92 104 90 383 120 78 90 81 418 83 0 0 0 316 0 273 270 270 606 285 
434 389 724 756 404 96 40 426 417 79 304 227 623 562 261 70 27 378 374 62 144 101 478 455 113 
585 586 605 638 586 0 0 0 0 0 0 0 0 0 0 0 0 0 0 0 0 0 0 0 0 
0 391 0 0 167 0 389 0 0 169 236 703 256 266 403 0 419 0 0 167 15 443 18 22 206 
0 0 0 0 0 0 0 0 0 0 1119 1143 1077 1133 1184 0 0 0 0 0 0 0 0 0 0 
110 42 989 383 45 537 404 1310 785 418 61 23 833 266 7 649 526 1519 837 520 260 187 1103 471 183 
36 0 258 51 0 34 0 222 49 0 277 285 493 317 264 61 14 234 64 12 21 0 274 48 0 
280 134 303 114 561 662 550 746 465 960 635 579 731 545 898 207 123 232 46 473 199 127 301 98 552 
37 0 0 0 0 80 15 30 14 34 37 0 0 0 0 1145 1135 1166 1147 1071 28 0 0 0 0 
494 0 0 356 1 474 1 0 388 0 465 1 0 355 0 491 3 4 357 2 503 20 29 391 33 
306 798 838 310 467 71 583 602 90 225 39 528 581 55 221 173 643 675 187 319 171 636 724 160 303 
0 0 191 0 0 456 437 648 451 503 0 0 180 0 0 7 10 194 6 8 91 73 258 77 106 
0 267 241 355 2 0 276 227 321 1 41 277 272 416 41 0 253 228 306 2 0 254 252 344 3 
0 0 1 1423 0 7 8 12 1385 3 0 0 7 1430 0 4 6 13 1509 6 0 0 5 1438 0 
449 270 718 435 997 359 144 610 301 877 543 341 843 557 1060 985 786 1307 997 1527 442 215 669 400 958 
9 123 6 31 5 0 93 0 19 0 0 118 1 20 1 7 116 4 27 3 963 1050 984 958 939 
605 491 72 174 37 1070 897 497 571 423 841 654 193 206 96 781 587 163 243 127 552 445 41 127 22 
1361 2014 1224 1243 1374 386 942 219 171 255 602 1278 480 448 586 303 809 135 99 234 387 913 181 158 246 
297 311 318 365 348 15 0 0 45 0 13 0 0 46 0 21 0 1 44 0 181 145 127 187 157 
227 190 206 195 491 47 78 92 31 392 3 9 61 0 314 315 354 370 303 732 988 1060 1044 992 1315 
1008 298 383 1287 1231 1457 813 859 1981 1784 1130 513 453 1433 1435 709 135 165 1051 1066 1341 768 781 1721 1568 
35 324 26 7 18 52 361 71 54 70 22 319 6 0 1 365 602 324 366 311 82 373 64 53 63 
