3859 4524 3879 3983 3125 4260 4919 4360 4261 3407 3973 4721 4145 4171 3325 3879 4576 4033 4090 3127 3930 4583 4088 3981 3115 
754 247 400 247 548 513 27 174 12 282 1092 478 688 432 752 681 122 309 109 385 1891 1344 1514 1399 1646 
442 448 474 445 695 0 0 11 0 172 152 137 188 164 333 22 22 51 29 192 0 1 21 0 187 
0 2158 0 0 0 0 2233 0 0 0 0 2087 0 0 0 0 2155 0 0 0 0 2069 0 0 0 
37 14 32 1073 51 11 0 20 1050 30 578 533 589 1531 552 160 146 121 1210 184 30 7 27 1029 47 
0 0 4 0 0 0 4 0 3 0 0 0 2 0 0 708 714 694 674 699 208 195 217 201 226 
1462 7 0 3 0 1494 17 19 28 22 1529 40 45 54 40 1476 1 0 6 0 1494 3 0 10 0 
0 0 2057 9 33 0 0 2058 14 27 0 0 1943 4 27 0 0 2076 11 22 0 0 1971 8 27 
0 0 0 23 7 1781 1710 1748 1708 1727 0 0 0 23 11 0 0 0 23 5 0 0 0 20 13 
17 395 0 695 0 108 467 79 829 78 81 413 67 804 81 146 503 102 816 116 17 358 0 693 0 
286 16 251 0 0 273 12 244 0 0 291 11 256 7 2 299 28 259 0 0 284 25 242 10 10 
0 4 32 0 1243 2 15 42 1 1272 0 0 51 0 1267 0 2 42 1 1309 4 7 44 1 1232 
0 3 0 285 0 111 111 94 380 120 89 86 74 420 79 0 0 0 315 0 271 273 267 602 280 
464 415 752 774 431 74 26 414 389 77 291 224 631 597 260 62 18 391 394 74 122 114 505 477 130 
585 586 605 638 586 0 0 0 0 0 0 0 0 0 0 0 0 0 0 0 0 0 0 0 0 
0 433 0 0 163 0 449 0 0 178 241 783 263 273 436 0 480 0 0 181 16 504 22 24 217 
0 0 0 0 0 0 0 0 0 0 1080 1117 1065 1109 1157 0 0 0 0 0 0 0 0 0 0 
176 91 1088 426 72 564 405 1432 812 461 124 52 954 328 16 701 579 1581 889 554 260 177 1184 486 135 
7 0 224 59 0 6 0 191 52 0 240 285 466 321 264 7 0 192 66 12 3 0 236 51 0 
308 142 300 121 543 652 532 728 465 910 661 578 752 557 901 245 140 249 65 482 226 149 295 108 536 
18 0 0 0 0 59 16 25 21 28 17 0 0 0 0 1125 1131 1149 1118 1063 14 0 0 0 0 
465 45 33 389 37 421 0 0 389 0 408 0 0 355 0 436 4 5 373 0 462 19 29 400 34 
333 801 794 318 458 83 575 565 90 200 56 541 540 56 194 213 678 659 214 343 157 586 646 130 286 
0 0 178 0 0 469 431 645 459 510 0 0 177 0 0 9 9 212 5 9 87 72 233 80 96 
0 218 219 370 1 0 243 221 357 1 36 241 263 443 38 0 225 219 360 2 0 229 235 370 4 
0 0 14 1406 0 9 8 29 1371 3 0 0 10 1392 0 4 6 26 1467 6 0 0 15 1414 0 
412 222 707 430 955 349 139 573 280 862 535 310 812 525 1028 962 739 1261 964 1485 467 244 653 401 990 
2 110 3 20 1 0 71 0 19 0 0 103 0 18 0 8 96 4 25 3 893 962 929 909 868 
563 437 14 151 20 1017 817 356 564 336 825 616 132 249 102 765 552 119 254 115 596 430 14 161 9 
1270 1818 1117 1027 1179 386 879 159 116 200 574 1193 435 363 485 314 732 108 58 180 433 849 183 141 239 
283 289 295 311 300 14 0 0 32 0 12 0 1 36 0 19 1 0 39 0 189 165 128 177 164 
193 213 212 216 506 74 132 116 70 404 3 16 64 10 337 297 328 355 323 729 1037 1108 1088 1094 1385 
919 281 358 1289 1209 1460 856 964 1998 1865 990 424 366 1319 1308 582 104 104 919 943 1123 624 629 1526 1412 
35 298 35 8 24 58 337 68 50 64 23 307 7 0 7 357 595 357 362 302 87 373 61 51 68 
