5064 4980 4599 5142 4294 5816 5820 5498 6010 5092 5590 5600 5142 5775 4966 4795 4895 4472 5114 4139 5365 5291 4995 5376 4458 
892 579 762 745 1335 318 129 261 207 793 511 257 460 305 954 568 286 484 420 1051 2702 2430 2512 2602 3124 
458 482 496 479 642 0 0 6 0 113 149 131 158 160 246 21 23 40 21 147 0 0 12 0 146 
0 2173 0 0 0 0 2229 0 0 0 0 2091 0 0 0 0 2150 0 0 0 0 2068 0 0 0 
45 15 42 1032 38 13 0 28 997 18 599 501 583 1498 557 150 122 126 1118 173 28 8 29 963 29 
7 143 15 1 8 21 180 12 13 24 8 128 5 0 1 1100 1269 1087 1107 1019 307 480 278 273 303 
1458 10 0 5 0 1469 5 7 16 12 1516 40 39 50 32 1469 3 0 6 0 1439 3 0 8 0 
0 0 1937 23 33 0 0 1940 15 27 0 0 1844 11 24 0 0 1936 14 21 0 0 1880 13 27 
0 0 0 14 24 1737 1665 1711 1698 1727 0 0 0 15 33 0 0 0 10 30 0 0 0 13 36 
16 402 0 707 0 144 499 116 845 123 66 418 44 783 55 146 493 128 814 119 18 339 0 723 0 
372 22 228 0 0 400 13 200 0 0 440 19 250 12 10 378 24 233 3 1 536 166 353 139 145 
0 1 31 0 1213 2 4 30 2 1203 0 0 51 0 1202 0 2 47 1 1242 2 5 31 1 1180 
0 14 0 288 0 115 123 104 385 129 94 104 88 422 85 0 15 0 318 0 278 277 270 606 285 
532 445 814 899 510 154 52 491 518 124 345 242 673 661 315 92 25 411 420 95 162 127 544 538 177 
585 586 605 638 586 0 0 0 0 0 0 0 0 0 0 0 0 0 0 0 0 0 0 0 0 
0 469 0 0 229 0 476 0 0 260 185 775 233 213 494 0 514 0 0 244 15 570 25 25 316 
0 0 0 0 0 0 0 0 0 0 1180 1230 1160 1223 1243 0 0 0 0 0 0 0 0 0 0 
55 43 937 347 53 509 443 1253 710 457 3 31 783 224 2 572 574 1421 781 573 150 144 944 376 104 
118 0 362 107 0 120 0 357 108 0 362 281 609 369 258 145 16 360 131 12 110 0 377 97 0 
224 64 181 219 635 682 565 684 681 1142 540 455 562 634 945 259 140 215 242 656 213 121 253 297 641 
20 0 0 0 0 67 16 28 16 33 23 0 0 0 0 1104 1083 1116 1095 1019 21 0 0 0 0 
402 76 33 389 37 387 46 0 392 0 365 34 0 353 0 409 73 40 408 43 429 65 41 410 48 
285 740 826 285 404 62 517 594 63 138 1 436 534 2 69 159 570 673 151 259 41 431 601 42 116 
0 0 164 0 0 474 438 652 514 494 0 0 170 0 0 8 9 193 5 9 113 94 252 99 101 
0 198 201 259 1 0 222 213 261 1 35 222 256 328 36 0 203 212 273 2 0 211 224 280 3 
0 0 16 1466 0 8 8 33 1411 4 0 0 12 1456 0 4 7 34 1526 6 0 0 21 1451 0 
469 292 690 396 907 311 98 458 213 723 519 307 727 453 883 960 740 1159 865 1359 416 242 599 350 923 
8 112 3 26 7 0 74 0 19 0 0 98 1 20 1 7 120 4 26 4 1010 1092 1051 1014 1004 
577 423 22 142 19 1052 883 465 588 437 748 596 116 199 102 788 540 133 241 130 566 423 28 120 27 
1303 1946 1113 1107 1212 387 926 194 138 162 622 1300 486 395 489 343 790 154 69 169 380 883 156 138 163 
