4140 4572 4087 4126 3398 4742 5309 4783 4745 3984 4282 4807 4306 4281 3659 4075 4603 4176 4188 3336 4125 4596 4176 4002 3361 
555 260 419 321 508 367 46 231 82 300 710 413 589 438 678 441 101 271 157 348 1583 1275 1389 1426 1540 
347 355 349 334 519 0 0 6 0 120 149 133 159 145 257 20 23 40 20 147 0 0 10 0 133 
0 2201 0 0 0 0 2277 0 0 0 0 2143 0 0 0 0 2171 0 0 0 0 2075 0 0 0 
38 12 38 1076 47 10 0 24 1007 29 593 507 593 1535 561 150 123 111 1115 171 31 9 30 990 45 
31 183 17 6 12 30 184 19 24 17 21 170 7 0 1 1095 1254 1047 1060 1001 294 484 270 269 288 
1327 14 0 7 0 1314 21 18 27 20 1338 31 27 34 20 1322 7 0 7 0 1313 4 0 9 0 
0 0 2046 15 33 0 0 2038 12 27 0 0 1930 6 24 0 0 2053 9 22 0 0 1982 9 27 
0 0 0 23 19 1746 1670 1718 1727 1730 0 0 0 28 23 0 0 0 25 17 0 0 0 20 24 
39 417 0 759 0 130 503 85 911 92 125 469 95 842 85 154 516 80 893 84 63 387 0 756 0 
427 22 236 0 0 461 15 224 0 0 496 27 270 34 33 480 39 265 6 24 605 171 388 149 156 
0 9 38 0 1268 1 8 58 4 1295 0 7 57 0 1275 0 9 59 1 1328 4 26 55 1 1297 
0 5 0 285 0 100 103 89 375 122 83 93 75 417 74 0 0 0 315 0 275 271 264 603 283 
457 412 745 790 448 87 19 414 395 71 276 201 606 548 234 40 16 360 350 55 93 90 454 425 93 
585 586 605 638 586 0 0 0 0 0 0 0 0 0 0 0 0 0 0 0 0 0 0 0 0 
0 454 0 0 180 0 447 0 0 191 238 806 276 289 450 0 490 0 0 177 14 531 20 22 225 
0 0 0 0 0 0 0 0 0 0 1121 1146 1090 1119 1182 0 0 0 0 0 0 0 0 0 0 
210 96 1076 454 91 651 441 1350 762 460 113 54 878 304 19 758 637 1610 924 606 316 243 1169 513 170 
10 0 265 52 0 7 0 217 54 0 246 284 481 316 264 10 0 224 73 0 4 0 251 51 0 
167 51 145 170 550 647 531 646 638 1064 517 402 534 590 868 163 75 160 145 563 139 85 197 229 578 
8 0 0 0 0 59 26 51 32 53 7 0 0 0 0 1094 1118 1159 1136 1069 7 0 0 0 0 
426 47 33 384 37 382 1 0 378 0 388 1 0 346 0 437 8 12 377 1 430 21 24 388 31 
286 725 730 288 395 62 544 518 69 139 5 485 481 15 108 180 605 588 182 266 60 477 538 55 136 
0 0 202 0 0 486 435 706 500 521 0 0 194 0 0 7 9 215 4 12 95 73 268 78 101 
0 232 228 364 1 0 251 235 349 1 37 267 312 452 36 0 234 243 362 2 0 234 250 372 4 
0 0 6 1338 0 7 8 19 1314 3 0 0 11 1350 0 4 6 22 1408 6 0 0 10 1348 0 
524 331 796 530 1108 333 141 585 306 883 570 365 852 619 1092 960 794 1273 1010 1571 431 260 685 443 1077 
6 125 2 24 4 0 114 0 19 0 0 142 0 21 0 7 144 4 25 3 938 1068 962 947 911 
632 397 41 111 36 1059 797 388 465 347 764 507 94 134 74 813 516 110 185 114 643 393 33 83 33 
1256 1820 1097 1025 1180 392 861 206 130 213 632 1234 503 394 512 315 740 152 63 186 394 820 184 121 194 
312 354 339 383 370 13 0 0 41 0 13 0 2 43 3 16 0 0 53 0 180 174 132 203 191 
204 196 202 180 501 25 42 76 18 354 3 10 66 0 337 296 308 335 263 718 944 902 964 893 1269 
903 339 335 1033 896 1137 637 631 1436 1200 1174 592 498 1261 1133 640 140 109 823 695 1320 801 771 1549 1189 
