3790 4328 3731 3790 2844 4015 4645 4130 3962 3046 3963 4534 3964 4003 3032 3838 4388 3878 3914 2915 3829 4390 3903 3779 2806 
726 248 455 340 608 480 39 226 71 355 1067 528 789 611 882 675 168 389 238 495 1827 1281 1459 1456 1628 
381 372 411 357 575 0 0 8 0 138 155 137 172 152 288 22 24 43 28 184 0 0 13 0 155 
0 2219 0 0 0 0 2286 0 0 0 0 2118 0 0 0 0 2202 0 0 0 0 2125 1 0 0 
36 16 46 1137 50 13 0 32 1072 33 586 522 626 1614 582 150 137 137 1175 178 26 7 41 1017 42 
0 0 3 0 0 0 6 0 1 0 0 0 2 0 0 771 755 731 721 729 230 210 239 244 262 
1404 11 0 4 0 1444 19 19 24 20 1466 24 26 28 18 1415 4 0 5 0 1442 5 0 8 0 
0 0 2058 30 35 0 0 2062 32 30 0 0 1954 20 24 0 0 2073 17 22 0 0 1995 17 29 
0 0 0 21 25 1712 1622 1673 1635 1667 0 0 0 24 32 0 0 0 22 29 0 0 0 20 33 
7 427 0 736 0 122 488 84 902 99 52 476 50 817 72 150 544 111 887 115 19 382 0 716 0 
276 16 241 0 0 274 12 220 0 0 279 12 240 6 1 247 9 230 0 0 276 28 234 12 10 
0 1 34 0 1257 1 7 37 0 1274 0 0 55 0 1276 0 2 53 1 1328 6 12 49 1 1272 
0 3 0 300 0 90 98 89 376 110 81 88 84 435 87 0 0 0 320 0 276 289 280 636 291 
444 351 696 661 365 107 39 400 382 57 351 251 653 545 244 97 29 404 337 41 160 119 474 411 95 
615 610 646 671 611 0 0 0 0 0 0 0 0 0 0 0 0 0 0 0 0 0 0 0 0 
0 413 0 0 165 0 402 0 0 166 236 724 261 266 410 0 463 0 0 172 14 467 17 22 206 
0 0 0 0 0 0 0 0 0 0 1135 1167 1108 1154 1212 0 0 0 0 0 0 0 0 0 0 
147 52 960 400 82 507 395 1316 742 411 73 35 808 277 20 654 556 1494 844 540 231 164 1033 426 119 
42 0 270 10 0 36 0 233 5 0 271 270 487 260 250 69 16 252 30 12 33 0 282 10 0 
244 124 262 67 499 603 500 637 400 831 561 527 635 482 778 170 100 199 17 394 196 128 257 70 485 
11 0 0 0 0 47 25 36 28 46 8 0 0 0 0 1095 1116 1142 1128 1051 7 0 0 0 0 
496 0 0 347 1 476 0 0 376 0 467 0 0 347 0 507 1 10 362 9 520 18 41 400 48 
315 893 914 332 473 87 652 691 98 210 37 579 633 47 197 247 773 777 253 376 169 693 781 165 298 
0 0 179 0 0 448 428 627 442 486 0 0 177 0 0 9 12 181 4 10 92 79 249 79 106 
0 271 238 414 1 0 288 226 380 1 17 271 263 452 13 0 243 231 375 2 0 248 253 409 4 
0 0 12 1385 0 7 8 25 1350 4 0 0 12 1382 0 4 6 22 1462 6 0 0 14 1418 0 
500 262 848 521 1100 432 177 762 435 1029 679 441 1067 724 1233 1085 809 1390 1070 1606 524 232 826 517 1118 
12 104 4 26 6 0 73 0 19 0 0 98 1 19 2 7 97 4 25 3 1022 1126 1056 1029 1018 
673 357 28 113 10 1213 923 522 678 476 949 600 188 212 108 799 497 114 201 82 652 352 16 105 11 
1243 1855 1134 1045 1166 364 883 169 95 193 568 1203 420 325 473 299 769 117 46 171 381 852 145 122 214 
380 441 443 619 563 24 17 9 190 80 16 13 5 145 74 24 14 15 178 93 210 182 151 343 248 
253 249 235 237 575 37 61 88 47 413 4 15 65 10 386 302 343 343 312 754 1002 1070 1078 1054 1429 
860 298 221 1147 1162 1653 1013 963 2025 1998 856 366 241 1204 1308 568 94 67 907 915 1098 685 576 1463 1426 
35 294 8 6 14 56 325 51 53 63 24 297 0 0 0 273 515 271 300 290 59 326 13 5 3 
