4984 5007 4470 5033 4168 5749 5743 5321 5863 4864 5434 5443 4930 5509 4703 4749 4856 4414 4976 3964 5281 5348 4926 5331 4378 
868 595 723 794 1281 334 130 252 218 754 484 246 407 295 903 576 279 440 415 985 2534 2230 2303 2456 2868 
392 441 445 415 564 0 0 6 0 107 150 126 159 147 235 22 22 40 20 139 0 0 11 0 127 
0 2195 0 1 0 0 2264 0 0 0 0 2104 0 0 0 0 2157 0 0 0 0 2094 0 0 0 
39 14 24 1138 50 11 0 11 1059 36 639 510 630 1642 627 128 126 94 1186 171 48 9 15 1027 45 
16 142 20 3 11 34 166 41 35 35 16 164 8 0 3 1086 1260 1088 1082 1023 291 481 281 267 290 
1418 11 0 8 0 1452 9 15 31 12 1460 42 45 54 41 1426 5 0 11 0 1435 4 0 14 0 
0 0 2061 37 37 0 0 2034 30 27 0 0 1908 23 24 0 0 2044 20 21 0 0 1975 14 27 
0 0 0 25 23 1741 1657 1705 1712 1727 0 0 0 24 32 0 0 0 23 31 0 0 0 21 32 
9 388 0 723 0 111 492 68 871 82 20 381 26 752 28 115 489 81 821 98 19 365 0 736 0 
386 20 225 0 0 421 16 204 0 0 439 22 257 9 13 393 14 245 4 3 557 178 368 151 151 
0 4 35 0 1213 1 7 39 3 1191 0 0 64 2 1206 0 3 45 2 1265 4 12 39 1 1201 
0 0 0 282 0 96 95 82 366 106 72 89 73 412 61 0 0 0 311 0 269 266 259 594 279 
496 377 734 820 477 140 66 428 495 182 341 239 637 674 316 95 22 376 413 129 177 142 510 559 227 
585 586 605 638 586 0 0 0 0 0 0 0 0 0 0 0 0 0 0 0 0 0 0 0 0 
0 499 0 0 221 0 496 0 0 254 178 809 204 192 454 0 543 0 0 231 16 581 26 26 305 
0 0 0 0 0 0 0 0 0 0 1211 1245 1191 1241 1262 0 0 0 0 0 0 0 0 0 0 
110 110 945 336 72 444 378 1208 626 413 4 69 792 198 8 604 572 1456 774 535 126 115 931 346 92 
118 0 363 115 0 120 0 366 114 0 368 285 609 375 264 145 16 355 133 12 110 0 379 109 0 
278 64 226 278 693 770 598 752 778 1201 666 497 639 767 1062 310 135 241 287 707 286 127 298 374 707 
25 0 0 0 0 83 24 45 25 50 39 0 0 0 0 1108 1083 1116 1096 1020 25 0 0 0 0 
399 48 33 382 37 336 1 0 375 0 346 1 0 349 0 387 45 34 396 36 394 26 35 407 44 
281 724 782 286 418 64 530 540 67 155 4 463 507 14 121 156 591 604 183 293 55 450 562 50 143 
0 0 194 2 0 545 494 740 549 570 0 0 192 5 0 12 10 215 12 10 136 98 301 112 113 
0 198 202 296 1 0 222 212 282 1 35 222 256 365 36 0 204 209 299 2 0 211 224 309 3 
0 0 16 1372 0 7 8 29 1341 3 0 0 16 1378 0 4 6 35 1444 6 0 0 22 1380 0 
566 332 803 506 1122 368 140 590 290 910 594 375 840 541 1074 1045 781 1285 954 1575 525 302 765 463 1151 
12 115 4 30 12 0 67 0 21 0 0 113 1 21 2 7 118 4 26 4 1013 1092 1027 997 994 
569 411 10 104 11 1034 876 458 541 427 773 564 111 171 94 794 536 131 224 124 574 436 33 95 37 
1339 1934 1157 1092 1190 387 952 189 128 129 628 1287 484 401 433 315 813 126 67 138 426 903 186 115 142 
