4899 4902 4426 4982 4092 5659 5729 5342 5774 4853 5426 5481 5000 5511 4718 4570 4783 4325 4874 3869 5193 5279 4858 5276 4317 
892 666 767 821 1397 376 139 263 199 842 566 267 466 375 1016 668 303 475 424 1113 2636 2298 2459 2492 3089 
408 426 441 392 561 0 0 6 0 107 146 126 155 141 232 20 22 40 22 137 0 0 11 0 137 
0 2167 0 0 0 0 2238 0 0 0 0 2101 0 0 0 0 2156 0 0 0 0 2058 0 0 0 
41 11 28 1001 48 12 0 20 960 29 604 492 554 1478 580 144 117 107 1100 167 39 8 27 960 44 
13 171 9 1 4 29 206 21 32 28 9 164 4 0 2 1076 1287 1081 1061 1018 290 495 275 260 281 
1371 13 0 18 0 1381 21 18 32 21 1408 47 55 65 49 1368 9 0 11 0 1375 6 0 15 0 
0 0 2078 11 36 0 0 2051 10 28 0 0 1948 6 23 0 0 2090 8 25 0 0 1991 5 28 
0 0 0 23 23 1771 1659 1740 1728 1742 0 0 0 25 31 0 0 0 22 30 0 0 0 19 34 
17 409 0 763 0 148 538 112 939 128 55 420 36 822 42 139 507 105 893 105 48 386 0 788 0 
437 24 250 0 0 465 13 238 0 0 508 22 262 10 27 450 34 265 3 10 611 175 382 140 146 
0 7 28 1 1218 1 14 34 6 1207 0 8 46 0 1201 0 6 37 1 1273 9 12 41 8 1198 
0 0 0 283 0 94 101 79 370 110 73 82 67 412 66 0 0 0 310 0 272 268 257 594 273 
507 398 745 821 452 148 54 417 507 125 335 234 633 661 306 96 23 375 424 101 184 162 521 554 211 
585 586 605 638 586 0 0 0 0 0 0 0 0 0 0 0 0 0 0 0 0 0 0 0 0 
0 444 0 0 181 0 432 0 0 197 239 777 256 280 462 0 474 0 0 189 14 494 20 24 253 
0 0 0 0 0 0 0 0 0 0 1158 1186 1139 1183 1217 0 0 0 0 0 0 0 0 0 0 
140 114 998 381 75 581 440 1288 756 428 7 72 802 222 3 713 646 1558 875 611 262 201 1022 473 139 
48 0 314 111 0 22 0 301 86 0 315 281 576 376 262 42 0 266 103 1 26 0 330 89 0 
251 55 179 286 674 750 599 698 766 1223 629 485 597 737 1034 267 123 177 265 710 258 130 245 367 705 
36 0 0 0 0 66 9 13 9 20 49 0 0 0 0 1113 1083 1116 1096 1020 33 0 0 0 0 
409 43 33 384 37 361 1 0 383 0 383 1 0 341 0 417 50 33 401 38 411 26 29 400 33 
288 812 790 287 472 64 580 554 57 204 8 547 534 24 175 149 644 603 170 329 76 567 586 62 249 
0 0 182 0 0 540 466 702 527 548 0 0 176 0 0 10 9 203 4 9 105 78 277 93 101 
0 198 202 341 1 0 222 214 323 1 35 222 256 405 36 0 204 212 342 2 0 211 224 346 3 
0 0 0 1367 0 7 8 13 1373 3 0 0 6 1374 1 4 6 9 1453 6 0 0 4 1373 0 
573 307 798 546 1054 378 136 598 343 855 625 374 856 576 1025 1086 794 1327 1027 1511 459 215 712 438 976 
17 113 8 33 11 0 79 0 19 0 0 106 2 21 2 8 117 4 26 3 1020 1114 1019 1004 990 
604 409 23 70 21 1027 836 424 497 385 740 534 91 127 47 803 508 126 196 133 597 393 18 39 4 
1354 1940 1173 1155 1244 368 911 189 124 152 583 1267 469 389 445 334 781 144 68 112 383 894 168 135 145 
