3748 4390 3754 3810 2957 4108 4815 4234 4146 3241 3857 4628 3982 4035 3101 3824 4527 3967 4011 3033 3818 4516 3937 3849 2935 
723 274 442 310 559 495 48 214 75 330 1089 536 759 571 859 659 168 338 219 442 1835 1346 1481 1448 1653 
393 367 421 341 582 0 0 10 0 142 157 126 175 133 268 21 22 50 22 170 0 0 17 0 162 
0 2182 0 0 0 0 2263 0 0 0 0 2106 0 0 0 0 2187 0 0 0 0 2103 0 0 0 
37 14 26 1073 48 12 0 14 1026 29 651 571 619 1567 601 138 119 101 1169 169 28 7 15 986 44 
0 0 3 0 0 0 5 0 1 0 0 0 3 0 0 743 749 714 709 714 225 219 221 230 257 
1424 9 0 3 0 1459 7 15 18 12 1451 23 25 28 22 1419 3 0 7 0 1443 3 0 6 0 
0 0 2092 14 6 0 0 2106 10 12 0 0 1990 5 9 0 0 2114 6 6 0 0 2013 5 9 
0 0 0 22 14 1811 1737 1774 1762 1788 0 0 0 25 15 0 0 0 22 12 0 0 0 21 20 
28 419 0 727 0 129 508 73 882 90 97 443 54 810 67 124 508 81 843 95 50 367 0 746 0 
272 18 233 0 0 273 12 223 0 0 274 21 243 5 2 276 23 244 0 0 286 26 233 10 11 
0 2 32 0 1230 1 10 33 1 1236 0 0 50 0 1247 0 2 40 1 1269 6 7 35 1 1220 
0 3 0 297 0 84 92 87 380 111 76 86 81 427 81 0 0 0 323 0 277 271 273 630 290 
448 369 724 681 369 120 33 413 388 50 327 233 652 539 225 93 28 411 347 46 159 114 502 420 99 
591 591 606 643 590 0 0 0 0 0 0 0 0 0 0 1 0 0 0 0 0 0 0 0 0 
0 439 0 0 177 0 430 0 0 174 243 772 271 280 429 0 474 0 0 177 14 476 17 23 208 
0 0 0 0 0 0 0 0 0 0 1100 1133 1082 1129 1176 0 0 0 0 0 0 0 0 0 0 
177 61 979 390 89 549 398 1309 785 464 120 25 836 288 35 696 537 1558 876 590 270 161 1076 460 154 
14 0 246 11 0 14 0 212 7 0 244 259 451 266 243 27 1 212 26 12 7 0 262 13 0 
281 117 303 106 541 707 576 785 521 969 682 569 774 583 935 234 94 213 59 466 239 125 310 128 559 
55 0 0 0 0 90 11 24 13 28 64 0 0 0 0 1142 1116 1139 1123 1049 52 0 0 0 0 
490 0 0 339 1 473 0 0 372 0 467 0 0 344 0 507 1 3 361 2 506 20 34 379 41 
291 772 776 298 447 67 558 572 71 207 40 516 537 44 200 161 624 632 175 325 162 596 685 149 293 
0 0 179 2 0 473 459 650 477 509 0 0 176 0 0 7 11 189 5 13 99 87 267 94 102 
0 283 254 445 1 0 295 235 391 1 39 302 294 488 46 0 262 245 398 2 0 247 256 418 4 
0 0 4 1366 0 7 8 17 1332 3 0 0 10 1364 0 4 6 20 1430 6 0 0 13 1366 0 
471 263 764 475 981 402 178 690 373 936 603 383 940 651 1135 1048 795 1357 1044 1535 494 231 726 472 1040 
13 108 4 31 2 0 74 0 19 0 0 93 0 18 0 7 95 4 26 3 1040 1134 1063 1031 1019 
574 386 24 168 13 1111 895 485 609 445 800 636 148 250 101 800 557 143 240 118 568 394 21 146 8 
1291 1869 1187 1110 1302 378 868 188 139 257 581 1152 445 376 519 288 737 93 65 232 367 830 165 128 246 
412 474 478 676 602 20 5 8 194 42 18 2 1 163 46 21 5 11 178 48 216 181 170 375 237 
248 238 230 234 576 66 92 116 66 411 3 14 65 9 361 316 375 384 324 758 1006 1108 1089 1062 1396 
873 259 272 1136 1076 1345 732 769 1706 1677 896 361 299 1163 1268 590 91 68 835 921 1078 569 557 1343 1328 
36 308 44 8 24 54 322 79 56 72 22 306 24 0 11 331 569 347 335 309 56 332 38 15 21 
