3877 4399 3806 3868 2857 4091 4652 4088 4046 3046 3987 4549 3950 3965 3021 3869 4341 3879 3972 2911 3820 4419 3883 3841 2785 
808 280 535 404 679 544 42 264 100 403 1245 601 969 705 994 725 185 451 273 544 2021 1363 1655 1573 1811 
393 403 427 356 583 0 0 6 0 135 154 132 164 139 298 22 22 42 20 164 0 0 10 0 144 
0 2219 0 0 0 0 2288 0 0 0 0 2130 0 0 0 0 2205 0 0 0 0 2117 0 0 1 
42 13 29 1126 51 18 0 19 1102 33 711 605 662 1688 638 157 126 104 1190 171 43 9 22 1058 46 
0 0 4 0 0 0 4 0 1 0 0 0 2 0 0 700 700 685 669 688 202 194 199 202 225 
1448 15 0 7 0 1473 18 20 24 22 1513 36 35 40 25 1454 5 0 7 0 1457 5 0 8 0 
0 0 2123 30 34 0 0 2106 25 29 0 0 1976 20 24 0 0 2148 19 25 0 0 2027 15 27 
0 0 0 25 23 1721 1647 1698 1682 1716 0 0 0 26 32 0 0 0 22 29 0 0 0 19 32 
17 397 0 674 0 106 483 74 839 102 35 397 24 748 39 100 492 73 824 80 42 374 0 681 0 
290 18 248 0 0 274 11 233 0 0 298 10 257 5 2 283 17 250 0 0 304 27 234 11 11 
0 14 36 0 1250 1 22 44 3 1254 0 17 55 0 1262 0 14 42 2 1286 10 20 56 5 1232 
0 4 0 288 0 87 92 84 390 118 84 92 84 426 85 0 0 0 324 0 278 268 271 623 288 
414 348 636 618 318 87 13 353 359 15 284 200 569 480 158 75 28 363 298 21 125 77 440 348 37 
621 606 651 668 613 0 0 0 0 0 0 0 0 0 0 0 0 0 0 0 0 0 0 0 0 
0 446 0 0 178 0 462 0 0 188 252 819 277 287 435 0 526 0 0 190 14 523 20 22 232 
0 0 0 0 0 0 0 0 0 0 1092 1117 1086 1107 1179 0 0 0 0 0 0 0 0 0 0 
102 46 897 427 67 525 382 1281 767 404 30 21 768 276 9 668 551 1464 841 551 239 190 1037 492 179 
24 0 269 10 0 28 0 232 17 0 265 273 496 270 249 41 10 252 31 12 8 0 268 16 0 
266 141 310 95 557 655 555 749 458 966 638 570 738 528 919 209 102 230 51 451 228 138 289 103 531 
20 0 0 0 0 96 29 39 24 57 22 0 0 0 0 1112 1111 1130 1126 1040 17 0 0 0 0 
494 0 0 354 1 475 0 0 380 0 468 0 0 347 0 510 1 17 366 13 520 20 41 390 48 
306 858 850 332 488 85 623 636 97 223 37 545 590 40 193 239 735 743 250 368 98 619 675 99 275 
0 0 150 0 0 444 419 600 437 482 0 0 153 0 0 7 11 158 0 4 92 72 236 79 97 
0 274 239 398 1 0 284 232 375 1 42 289 270 475 39 0 234 224 374 2 0 248 246 405 3 
0 0 2 1350 0 7 8 11 1319 3 0 0 7 1355 0 4 6 8 1421 6 0 0 4 1359 0 
483 252 781 457 1078 365 164 671 341 973 646 422 1026 698 1214 1048 839 1357 1062 1623 481 241 743 483 1088 
18 127 4 35 7 0 93 0 20 0 0 110 1 19 2 7 107 4 25 3 1069 1169 1096 1059 1048 
629 424 71 178 35 1172 933 581 674 472 830 612 193 253 114 802 539 156 246 109 618 418 54 162 36 
1194 1735 1073 1025 1157 332 794 169 109 147 547 1130 437 373 454 281 724 119 65 169 331 781 158 124 174 
393 481 465 640 585 20 12 9 169 55 13 16 5 138 70 23 19 9 145 59 213 208 167 338 254 
223 181 196 205 473 34 65 60 46 377 3 12 43 7 307 304 347 356 327 716 1032 1081 1077 1065 1377 
796 273 275 1143 1141 1554 1045 1031 1969 1954 680 321 149 1146 1240 534 173 124 910 1001 962 577 528 1333 1328 
32 261 0 3 11 54 291 45 47 61 25 270 0 0 0 303 516 290 319 286 77 312 40 41 47 
