3870 4510 3860 3921 3094 4258 4923 4350 4282 3407 3963 4716 4095 4128 3236 3883 4581 4011 4087 3104 3963 4614 4087 4002 3127 
698 240 412 269 494 519 30 189 31 263 1033 421 657 451 733 668 108 303 142 367 1809 1258 1407 1370 1563 
431 399 467 406 632 0 0 8 0 144 160 138 183 172 305 20 23 50 27 181 0 0 13 0 164 
0 2122 0 0 0 0 2200 0 0 0 0 2060 0 0 0 0 2136 0 0 0 0 2050 0 0 0 
54 13 27 1129 56 14 0 12 1120 31 708 595 653 1668 673 168 133 97 1271 186 60 9 17 1064 45 
0 0 3 0 0 0 5 0 1 0 0 0 2 0 0 694 697 675 660 682 201 191 202 198 220 
1439 9 0 6 0 1460 22 18 30 21 1461 18 15 20 12 1456 4 0 7 0 1469 4 0 9 0 
0 0 2029 14 34 0 0 2019 10 27 0 0 1899 5 23 0 0 2031 7 21 0 0 1967 8 29 
0 0 0 27 15 1828 1739 1785 1752 1773 0 0 0 25 14 0 0 0 22 8 0 0 0 19 18 
14 412 0 671 0 116 489 92 821 81 32 398 30 750 36 144 508 104 794 112 22 378 0 704 0 
272 16 234 0 0 267 11 219 0 0 274 13 237 4 1 262 13 238 0 0 276 26 224 10 10 
0 4 40 1 1249 1 18 59 7 1249 0 0 63 0 1254 0 4 57 1 1304 6 13 45 5 1237 
0 2 0 285 0 95 101 87 376 118 82 88 78 415 71 0 0 0 313 0 272 271 258 597 279 
461 413 721 769 430 86 33 413 388 81 313 228 623 577 273 67 21 374 361 79 165 153 511 466 160 
585 586 605 638 586 0 0 0 0 0 0 0 0 0 0 0 0 0 0 0 0 0 0 0 0 
0 401 0 0 153 0 422 0 0 170 239 744 251 277 420 0 450 0 0 170 14 474 21 26 202 
0 0 0 1 0 0 0 0 0 0 1131 1157 1124 1154 1199 0 0 0 0 0 0 0 0 0 0 
156 33 1034 429 24 579 404 1434 825 421 110 30 914 317 11 670 553 1615 880 538 266 128 1162 484 100 
11 0 240 57 0 12 0 213 52 0 257 281 491 320 265 31 0 223 68 3 7 0 256 51 0 
284 150 295 101 558 628 555 704 449 904 645 574 735 554 895 231 162 219 61 500 230 173 303 94 545 
20 0 0 0 0 68 18 40 22 36 25 0 0 0 0 1103 1115 1141 1121 1052 21 0 0 0 0 
490 43 33 389 37 453 0 0 390 0 444 0 0 356 0 473 3 5 364 0 501 19 25 397 34 
312 863 850 322 491 71 614 612 85 260 27 571 590 28 211 192 702 699 222 386 140 624 709 121 329 
0 0 179 0 0 465 429 637 450 512 0 0 177 0 0 9 10 214 5 15 90 75 243 81 97 
0 241 237 414 1 0 272 230 376 1 35 273 273 468 41 0 230 228 378 2 0 242 255 398 7 
0 0 0 1359 0 7 8 11 1335 4 0 0 3 1354 0 4 6 7 1432 6 0 0 0 1365 0 
450 242 743 433 980 379 131 640 304 878 569 340 870 562 1049 1026 780 1326 983 1478 434 161 656 393 954 
4 104 2 20 2 0 82 0 19 0 0 102 0 20 0 7 106 4 25 3 886 976 935 909 872 
590 441 29 177 16 1013 824 416 557 386 838 640 191 247 118 808 569 141 251 124 572 419 28 153 28 
1220 1761 1097 973 1129 355 811 134 82 168 564 1158 407 330 445 313 733 96 46 140 401 807 161 107 162 
306 330 317 384 348 15 0 0 58 1 13 0 1 46 1 19 0 0 53 1 195 175 134 223 186 
244 266 237 254 611 74 130 121 84 476 3 12 67 15 371 347 386 395 370 821 1124 1225 1183 1177 1535 
945 340 373 1261 1235 1428 835 844 1866 1767 951 448 357 1298 1344 519 85 103 873 957 1094 659 622 1471 1406 
34 274 13 6 12 57 325 48 48 57 24 291 0 0 1 363 568 322 355 282 83 346 52 52 47 
