5490 5391 4725 5305 4445 6632 6455 5896 6447 5432 6150 6152 5368 6050 5142 5341 5308 4659 5265 4304 5931 5862 5278 5729 4726 
785 622 723 753 1261 290 155 261 164 699 369 275 385 269 806 584 391 473 453 975 3057 2825 2879 2890 3506 
1685 2353 1562 1487 1740 266 912 190 135 328 668 1339 621 515 735 252 798 179 100 310 259 805 161 137 279 
0 2197 0 0 0 0 2267 0 0 0 0 2140 0 0 0 0 2198 0 0 0 0 2100 0 0 0 
39 15 31 1076 48 14 0 23 1045 29 658 542 606 1566 593 146 137 107 1177 180 34 8 28 1000 45 
13 168 15 4 8 33 206 21 39 23 12 166 6 0 1 1092 1248 1071 1079 1006 303 500 280 273 298 
1490 13 0 9 0 1487 4 1 11 0 1598 50 59 68 51 1534 5 0 6 0 1537 5 0 12 0 
0 0 2036 7 36 0 0 2027 6 27 0 0 1924 5 25 0 0 2081 7 21 0 1 1997 5 27 
0 0 0 24 17 1899 1803 1836 1910 1885 0 0 0 28 18 0 0 0 23 16 0 0 0 20 25 
23 390 0 719 0 123 496 76 863 68 51 405 50 796 43 83 462 31 792 33 46 359 0 718 0 
338 19 198 0 0 375 12 178 0 0 410 14 221 6 6 347 13 209 2 0 508 155 325 138 144 
0 3 34 2 1277 1 8 38 5 1221 0 0 54 0 1236 0 2 41 1 1360 8 9 38 5 1219 
0 14 0 288 0 115 123 104 385 129 94 104 88 422 85 0 15 0 318 0 278 277 270 606 285 
553 430 860 867 537 184 60 512 478 197 340 191 681 632 332 119 32 477 377 150 200 161 573 569 249 
585 586 605 638 586 0 0 0 0 0 0 0 0 0 0 0 0 0 0 0 0 0 0 0 0 
0 470 0 0 240 0 462 0 0 255 316 902 330 360 585 0 496 0 0 222 14 576 21 33 303 
137 0 0 0 0 320 158 152 163 152 203 20 18 20 15 236 47 46 52 41 145 0 0 0 0 
0 0 0 0 0 0 0 0 0 0 1076 1107 1051 1082 1152 0 0 0 0 0 0 0 0 0 0 
38 25 801 236 25 420 348 1159 563 420 7 23 703 157 6 549 522 1328 673 550 115 88 834 271 69 
89 0 392 102 0 99 0 378 90 0 320 281 623 337 253 110 16 378 115 12 75 0 390 86 0 
260 65 135 217 585 702 554 697 658 1145 604 428 561 623 937 283 109 185 250 624 234 113 212 269 637 
56 0 0 0 0 85 8 22 12 25 66 0 0 0 0 1162 1118 1168 1136 1060 54 0 0 0 0 
517 132 33 432 37 485 124 16 454 24 462 128 0 392 0 560 137 41 481 43 511 135 43 460 48 
0 17 0 0 0 0 10 0 0 0 0 9 0 0 0 0 14 0 0 0 513 502 519 508 466 
314 821 826 308 502 77 614 528 74 206 19 579 509 4 196 223 737 729 241 428 42 539 588 34 220 
0 0 145 0 0 371 344 528 363 395 0 0 148 0 0 7 9 164 4 8 83 65 207 69 90 
0 218 256 306 1 0 252 261 300 1 35 237 304 358 36 0 236 247 304 2 0 221 271 299 3 
0 0 6 1486 0 8 8 21 1451 3 0 0 10 1472 0 5 6 21 1546 7 0 0 16 1471 0 
478 266 694 450 842 262 48 410 204 572 443 204 666 399 749 844 630 1043 777 1170 354 164 546 352 717 
