3867 4273 3700 3771 2740 4084 4506 3994 3990 2938 4000 4406 3848 3959 2862 3840 4287 3773 3877 2760 3857 4298 3784 3804 2695 
737 251 447 316 606 519 28 208 43 331 1272 649 960 649 1006 722 129 380 193 488 1940 1377 1628 1525 1744 
406 401 422 350 602 0 0 8 0 162 153 129 170 133 299 22 23 43 21 172 0 0 10 0 169 
0 2255 0 0 0 0 2328 0 0 0 0 2148 0 0 0 0 2226 0 0 0 0 2130 0 0 0 
39 17 24 1125 27 12 0 19 1065 11 596 522 556 1607 553 147 137 108 1178 166 28 8 23 993 22 
0 0 3 0 0 0 4 0 1 0 0 0 3 0 0 693 696 683 661 685 198 191 205 198 212 
1565 9 0 4 0 1635 25 26 32 23 1628 28 25 29 23 1605 4 0 6 0 1641 5 0 9 0 
0 0 2013 33 22 0 0 2032 38 24 0 0 1899 25 20 0 0 2043 20 14 0 0 1979 21 23 
0 0 0 23 25 1800 1699 1775 1746 1750 0 0 0 24 31 0 0 0 22 30 0 0 0 19 32 
11 410 0 725 0 130 500 83 892 106 25 422 28 801 31 131 550 94 899 107 9 382 0 770 0 
266 17 279 0 0 256 12 253 0 0 252 12 260 4 1 221 9 271 0 0 285 31 259 12 10 
0 5 28 0 1212 0 9 41 0 1190 0 0 45 0 1222 0 2 36 1 1232 4 7 37 1 1181 
0 2 0 307 0 90 88 99 395 127 78 98 86 452 89 0 0 0 336 0 284 295 288 645 321 
413 327 632 619 327 63 25 366 333 31 271 203 570 478 178 51 9 364 291 32 105 60 413 354 51 
612 608 652 676 616 0 0 0 0 0 0 0 0 0 0 0 0 0 0 0 0 0 0 0 0 
0 458 0 0 165 1 468 0 0 185 243 797 263 282 428 0 530 0 0 171 16 520 17 23 219 
0 0 0 0 0 0 0 0 0 0 1125 1156 1120 1134 1209 0 0 0 0 0 0 0 0 0 0 
191 99 996 410 119 478 339 1284 689 366 139 58 867 292 31 667 548 1539 796 558 245 131 1043 379 145 
27 0 319 24 0 24 0 267 16 0 261 276 545 288 256 53 15 292 41 12 10 0 309 18 0 
221 113 249 64 483 600 516 661 409 857 585 537 627 469 813 162 80 177 20 429 150 113 233 36 482 
18 0 0 0 0 66 29 43 30 52 15 0 0 0 0 1109 1116 1140 1113 1044 12 0 0 0 0 
445 0 0 341 1 418 0 0 375 0 424 0 0 347 0 450 1 12 373 13 467 19 41 387 48 
308 882 844 315 511 76 635 631 72 269 14 551 582 2 226 243 737 751 244 397 149 658 711 121 341 
0 0 179 0 0 444 419 620 437 482 0 0 176 0 0 9 11 187 4 8 93 75 240 78 105 
0 262 242 373 1 0 283 228 321 1 38 275 271 429 41 0 237 228 334 2 0 257 251 362 3 
0 0 1 1379 0 7 8 11 1354 3 0 0 5 1383 0 4 6 10 1463 6 0 0 3 1392 0 
589 347 976 628 1238 529 286 871 548 1146 759 537 1206 839 1421 1114 842 1461 1151 1730 632 349 925 627 1216 
4 63 2 25 1 0 35 0 19 0 0 69 0 20 0 9 82 4 25 3 1058 1180 1118 1109 1072 
562 423 59 161 38 1023 862 472 598 436 786 593 171 227 128 728 530 133 241 120 542 397 28 135 10 
1214 1785 1091 1011 1194 345 877 190 121 260 596 1246 506 418 583 313 765 124 59 243 376 836 170 120 286 
483 573 548 771 736 26 20 12 230 121 16 20 8 179 91 19 19 12 205 102 237 230 170 434 327 
204 173 194 213 481 63 97 109 85 401 5 18 61 16 326 309 356 368 326 733 993 1050 1085 1052 1352 
676 212 169 1046 1032 1502 1040 986 1927 1904 595 267 128 1075 1134 550 196 146 948 974 894 557 457 1283 1238 
32 250 8 6 10 57 293 46 54 60 25 279 0 0 0 306 543 299 331 291 76 314 49 47 52 
