5942 5530 5199 5787 5172 7075 6710 6449 6979 6231 6731 6434 6108 6645 6011 6272 6045 5668 6245 5423 6387 6068 5856 6330 5534 
752 490 640 658 1140 327 111 258 145 671 474 292 401 293 849 679 425 566 452 1072 3138 2830 2963 2929 3499 
1801 2564 1737 1687 1908 264 957 177 158 298 685 1400 615 545 739 260 823 166 99 293 255 901 170 135 286 
0 2160 0 0 0 0 2225 0 0 0 0 2108 0 0 0 0 2157 0 0 0 0 2057 0 0 0 
37 14 24 1079 47 12 0 19 1052 29 627 530 601 1567 575 153 137 113 1227 189 38 7 23 1000 42 
8 158 12 1 5 26 181 15 16 10 11 149 7 0 1 1072 1219 1079 1045 1009 298 487 267 258 295 
1451 8 0 4 0 1480 14 18 29 22 1523 55 52 62 43 1459 1 0 6 0 1455 3 0 4 0 
0 0 2044 15 33 0 0 2027 14 27 0 0 1925 7 23 0 0 2059 13 21 0 0 1951 11 28 
0 0 0 23 26 1836 1761 1801 1798 1843 0 0 0 28 30 0 0 0 23 30 0 0 0 20 34 
7 399 0 702 0 97 482 64 833 62 24 390 27 763 31 74 456 24 757 23 16 356 0 706 0 
339 19 200 0 0 377 12 180 0 0 409 15 215 5 8 349 13 206 1 0 504 158 319 129 136 
0 5 31 0 1302 1 6 31 1 1258 0 2 49 0 1222 0 4 49 1 1395 3 8 35 1 1222 
0 14 0 288 0 115 123 104 385 129 94 104 88 422 85 0 15 0 318 0 278 277 270 606 285 
663 490 956 933 731 197 53 533 466 282 327 165 665 605 418 186 64 531 448 292 235 155 576 587 372 
585 586 605 638 586 0 0 0 0 0 0 0 0 0 0 0 0 0 0 0 0 0 0 0 0 
0 476 0 0 246 0 486 0 0 280 324 913 351 374 593 0 487 0 0 250 14 600 29 33 347 
122 0 0 0 0 272 145 135 148 130 166 20 18 20 15 211 47 46 52 41 134 0 0 0 0 
0 0 0 0 0 0 0 0 0 0 1102 1130 1067 1103 1184 0 0 0 0 0 0 0 0 0 0 
32 23 927 220 17 380 289 1185 550 389 3 18 784 164 3 591 554 1460 729 580 75 49 888 213 33 
129 0 414 108 0 128 0 402 99 0 396 309 679 362 281 168 16 411 112 12 120 0 457 96 0 
189 43 71 140 397 634 511 527 579 866 425 303 348 433 648 123 14 44 100 355 151 43 107 134 385 
55 0 0 0 0 87 8 11 9 15 64 0 0 0 0 1119 1077 1094 1088 1015 52 0 0 0 0 
471 122 33 418 37 460 119 16 436 24 463 120 0 376 0 522 126 40 449 43 510 123 41 443 48 
0 51 0 0 0 0 43 0 0 0 0 38 0 0 0 0 36 0 0 0 513 538 519 508 466 
307 865 850 319 539 103 622 628 102 274 34 591 591 33 224 233 759 743 248 471 42 534 566 30 251 
0 0 129 0 0 370 343 523 360 392 0 0 136 0 0 2 1 148 0 0 83 65 200 69 90 
0 198 202 257 1 0 221 214 243 1 19 210 247 318 19 0 204 208 265 2 0 211 222 251 3 
0 0 3 1439 0 7 9 18 1418 3 0 0 12 1436 0 4 6 23 1501 6 0 0 17 1461 0 
