3754 4426 3807 3832 2921 4209 4888 4310 4224 3227 3908 4658 4025 4071 3129 3881 4552 4018 4058 3036 3861 4549 4013 3884 2961 
701 252 424 306 551 452 46 202 53 332 1015 520 738 517 827 607 154 354 207 443 1786 1325 1467 1423 1636 
384 365 428 344 576 0 0 8 0 140 153 126 178 135 278 21 22 47 20 163 0 0 10 0 158 
0 2181 0 0 0 0 2270 0 0 0 0 2103 0 0 0 0 2177 0 0 0 0 2082 0 0 0 
31 13 24 1072 46 10 0 10 1012 29 648 561 633 1567 595 154 121 99 1152 169 32 7 22 1007 42 
0 0 3 0 0 0 5 0 1 0 0 0 2 0 0 745 740 720 709 719 215 207 219 235 255 
1421 12 0 4 0 1453 10 17 19 12 1459 22 27 24 22 1432 4 0 5 0 1444 3 0 7 0 
0 0 2100 15 10 0 0 2123 17 11 0 0 1992 6 14 0 0 2129 7 8 0 0 2025 7 10 
0 0 0 22 13 1800 1709 1777 1752 1777 0 0 0 28 14 0 0 0 25 13 1 0 0 20 17 
32 419 0 736 0 133 512 81 894 98 104 459 60 823 72 127 524 84 849 80 48 377 0 742 0 
278 18 240 0 0 269 11 225 0 0 265 19 250 4 1 269 25 238 0 0 288 27 232 10 10 
0 3 32 0 1237 1 11 33 2 1213 0 0 49 0 1235 0 2 39 1 1278 8 5 35 1 1215 
0 3 0 295 0 90 99 90 392 123 74 88 81 432 83 0 0 0 327 0 269 266 282 629 295 
441 364 699 684 368 113 25 415 386 54 319 235 658 538 223 77 30 410 343 50 172 110 497 415 90 
592 591 609 646 587 0 0 0 0 0 0 0 0 0 0 0 0 0 0 0 0 0 0 0 0 
0 430 0 0 177 0 415 0 0 167 240 750 265 276 422 0 464 0 0 170 14 464 17 23 218 
0 0 0 0 0 0 0 0 0 0 1108 1137 1076 1131 1180 0 0 0 0 0 0 0 0 0 0 
174 39 951 412 91 570 381 1333 773 443 126 24 839 312 23 694 540 1519 855 595 257 145 1040 455 137 
15 0 251 13 0 15 0 207 3 0 253 256 460 266 241 35 2 214 26 12 7 0 253 9 0 
291 129 297 97 540 686 557 749 521 966 664 564 741 590 923 233 106 229 65 461 247 141 307 127 542 
58 0 0 0 0 100 13 24 16 25 64 0 0 0 0 1128 1115 1139 1119 1050 53 0 0 0 0 
485 0 0 340 1 474 0 0 384 0 468 0 0 338 0 519 1 1 365 3 510 21 37 393 42 
297 762 779 298 443 64 565 568 71 213 20 513 524 36 197 167 632 637 178 324 147 590 669 155 312 
0 0 179 1 0 476 454 654 480 510 0 0 177 0 0 7 10 186 6 9 109 82 264 84 105 
0 286 253 434 1 0 298 240 385 1 40 303 289 480 43 0 256 232 396 2 0 260 260 426 3 
0 0 4 1365 0 7 8 16 1332 3 0 0 10 1366 0 4 6 19 1433 6 0 0 12 1368 0 
466 248 790 464 1036 389 153 666 362 949 638 393 952 639 1140 1041 774 1344 1009 1553 457 231 717 416 1038 
12 111 4 32 3 0 68 0 19 0 0 84 0 18 0 8 93 4 27 3 1031 1126 1065 1030 1019 
581 417 17 166 11 1090 880 455 592 416 826 623 149 227 88 810 576 139 250 126 574 410 14 136 8 
1285 1869 1156 1079 1279 388 866 180 139 272 577 1182 425 383 554 293 743 81 64 215 372 824 162 123 255 
424 473 473 704 590 23 10 7 188 52 17 1 2 189 63 22 5 14 188 66 211 180 170 382 242 
251 237 239 224 569 66 105 119 59 422 3 14 64 5 368 325 361 384 335 755 1019 1109 1082 1076 1413 
886 271 276 1124 1112 1312 749 755 1694 1714 890 365 302 1160 1256 565 95 74 838 917 1105 591 561 1357 1313 
31 296 42 7 25 58 323 71 50 67 22 296 18 0 11 313 556 324 322 296 64 338 44 14 20 
