3864 4521 3877 3954 3120 4251 4973 4390 4255 3434 3982 4719 4176 4175 3307 3875 4601 4060 4099 3175 3935 4591 4068 3976 3141 
746 252 419 244 523 526 26 180 16 282 1084 486 662 457 757 686 122 303 108 363 1879 1308 1508 1440 1616 
436 462 481 460 732 0 0 7 0 173 154 139 190 167 329 22 24 45 36 199 0 0 13 0 185 
0 2147 0 0 0 0 2228 0 0 0 0 2085 0 0 0 0 2147 0 0 0 0 2071 0 0 0 
34 15 33 1090 52 12 0 20 1048 32 579 520 583 1538 543 165 132 133 1214 191 28 8 34 1022 43 
0 0 4 0 0 0 5 0 3 0 0 0 2 0 0 705 725 699 680 708 204 193 208 205 222 
1469 7 0 4 0 1480 23 20 24 23 1509 39 44 51 37 1469 1 0 3 0 1496 4 0 5 0 
0 0 2051 11 33 0 0 2048 12 28 0 0 1943 4 25 0 0 2068 8 22 0 0 1973 9 27 
0 0 0 23 10 1787 1697 1739 1711 1742 0 0 0 23 11 0 0 0 22 8 0 0 0 19 12 
12 409 0 689 0 99 463 75 822 75 82 423 64 803 88 146 505 106 819 113 24 357 0 717 0 
280 16 245 0 0 275 11 223 0 0 292 12 250 8 1 294 26 251 0 0 291 27 248 10 12 
0 5 35 0 1252 1 10 41 3 1272 0 0 50 0 1268 0 2 45 1 1315 3 10 43 1 1236 
0 5 0 285 0 108 106 93 378 126 90 98 64 415 75 0 0 0 314 0 272 270 260 605 279 
438 409 723 745 413 57 30 410 375 78 287 216 625 585 250 50 16 389 362 71 143 125 505 482 147 
585 586 605 638 586 0 0 0 0 0 0 0 0 0 0 0 0 0 0 0 0 0 0 0 0 
0 416 0 0 162 0 454 0 0 175 241 773 263 273 433 0 470 0 0 173 15 511 26 26 214 
0 0 0 0 0 0 0 0 0 0 1093 1121 1071 1104 1169 0 0 0 0 0 0 0 0 0 0 
166 81 1093 439 77 575 419 1428 820 458 113 47 947 324 15 694 574 1574 882 549 289 171 1173 485 148 
6 0 238 56 0 6 0 217 49 0 243 284 470 315 264 7 0 210 65 12 3 0 238 48 0 
312 141 299 119 545 663 536 732 474 916 679 568 744 574 904 250 148 245 70 487 238 146 300 112 542 
18 0 0 0 0 58 16 27 17 30 17 0 0 0 0 1119 1139 1161 1119 1075 13 0 0 0 0 
468 46 33 389 37 429 0 0 392 0 426 0 0 356 0 454 6 5 373 0 472 20 29 394 33 
326 799 780 316 458 81 573 555 89 201 50 532 524 58 192 206 666 647 211 334 145 584 643 133 287 
0 0 178 0 0 466 432 648 455 513 0 0 177 0 0 12 10 209 5 9 92 74 244 78 102 
0 221 217 371 2 0 248 219 356 1 36 244 262 443 36 0 220 218 360 2 0 230 237 379 3 
0 0 14 1404 0 9 8 27 1381 3 0 0 14 1395 0 4 6 23 1470 6 0 0 14 1405 0 
421 231 684 390 923 352 127 618 307 823 533 337 832 527 1028 937 745 1257 938 1441 446 207 668 353 904 
2 101 2 22 1 0 71 0 19 0 0 103 0 18 0 7 93 4 25 3 894 966 933 912 867 
546 427 12 160 9 991 797 355 548 348 769 602 132 230 96 756 528 110 265 99 558 432 14 147 9 
1286 1843 1114 1028 1173 385 861 154 103 191 596 1180 454 340 489 322 750 108 55 171 381 818 151 106 207 
273 273 291 301 297 13 1 0 32 0 13 2 1 35 0 17 1 0 39 0 186 162 129 172 167 
227 226 230 271 558 71 141 121 102 443 3 16 67 13 366 306 344 366 354 774 1084 1187 1151 1163 1524 
942 277 387 1301 1201 1499 838 920 1981 1805 1005 436 364 1330 1312 615 91 92 921 923 1128 624 604 1492 1369 
33 299 32 6 23 54 337 68 48 64 25 314 11 0 7 359 594 350 361 299 82 374 62 58 60 
