5882 5668 5244 5692 5064 6870 6546 6269 6636 5899 6627 6411 5979 6413 5785 6139 5940 5556 5978 5239 6318 6083 5812 6090 5387 
835 603 696 705 1266 273 160 250 144 695 376 264 383 269 814 603 427 544 456 1086 3028 2775 2847 2828 3471 
1650 2324 1593 1491 1705 277 915 189 126 326 671 1337 609 484 697 259 788 180 106 283 264 825 157 129 251 
0 2195 0 0 0 0 2266 0 0 0 0 2149 0 0 0 0 2184 0 0 0 0 2082 0 0 0 
36 14 31 1045 50 12 0 21 1034 29 648 506 602 1564 584 156 135 123 1171 179 36 7 31 994 42 
9 174 9 2 9 31 220 23 34 27 10 170 5 0 1 1089 1278 1103 1088 1040 305 507 286 276 304 
1435 9 0 6 0 1466 4 1 10 0 1500 53 53 73 55 1484 4 0 6 0 1463 6 0 8 0 
0 0 2084 16 35 0 0 2048 10 27 0 0 1945 7 27 0 0 2084 8 24 0 0 2017 11 27 
0 0 0 22 18 1872 1774 1839 1875 1846 0 0 0 30 16 0 0 0 25 13 0 0 0 20 27 
26 398 0 735 0 126 490 69 859 65 69 408 49 785 45 93 466 39 799 29 44 352 0 734 0 
336 17 203 0 0 374 12 181 0 0 404 14 219 8 4 349 11 207 1 0 504 151 321 131 137 
0 6 35 1 1309 2 8 39 5 1254 0 0 52 0 1259 0 4 49 3 1410 7 9 37 6 1240 
0 14 0 288 0 115 123 104 385 129 94 104 88 422 85 0 15 0 318 0 278 277 270 606 285 
680 519 1045 997 762 222 56 589 514 293 367 194 735 650 438 220 67 579 472 297 250 168 662 631 367 
585 586 605 638 586 0 0 0 0 0 0 0 0 0 0 0 0 0 0 0 0 0 0 0 0 
0 449 0 0 248 0 457 0 0 246 320 884 330 360 588 0 478 0 0 223 18 579 22 37 292 
146 0 0 0 0 315 157 152 163 152 214 20 18 20 15 232 47 46 52 41 149 0 0 0 0 
0 0 0 0 0 0 0 0 0 0 1074 1123 1054 1103 1152 0 0 0 0 0 0 0 0 0 0 
49 29 779 236 22 442 359 1095 589 438 9 26 690 179 5 544 535 1279 668 511 109 93 805 254 62 
99 0 380 99 0 96 0 378 97 0 335 287 641 338 260 104 16 389 118 12 73 0 401 82 0 
264 66 137 224 585 746 577 728 690 1146 597 436 562 648 954 293 109 188 248 642 246 119 215 267 639 
56 0 0 0 0 86 9 18 11 23 65 0 0 0 0 1138 1093 1135 1104 1032 53 0 0 0 0 
514 132 33 439 38 484 121 16 455 24 470 127 0 381 0 565 138 41 479 47 525 133 41 467 48 
0 15 0 0 0 0 11 0 0 0 0 9 0 0 0 0 11 0 0 0 513 507 519 508 466 
288 778 803 287 488 61 568 521 69 216 16 538 509 5 182 197 699 695 222 398 35 511 552 28 218 
0 0 145 0 0 371 344 528 363 395 0 0 148 0 0 7 9 164 4 8 83 65 207 69 90 
0 219 250 305 1 0 246 260 292 2 35 236 303 350 36 0 225 254 303 2 0 221 264 292 3 
0 0 5 1488 1 7 8 17 1459 4 0 0 12 1472 0 5 7 23 1550 6 0 0 10 1486 0 
