3782 4187 3593 3722 2725 4083 4521 3988 3941 2973 3962 4443 3826 3922 2929 3857 4264 3716 3863 2806 3860 4335 3817 3734 2742 
835 268 477 381 689 525 18 191 87 373 1275 656 972 717 1043 756 178 409 291 538 1983 1374 1576 1643 1841 
391 399 421 331 603 0 0 6 0 150 153 128 168 134 285 20 22 44 20 164 0 0 12 0 151 
0 2218 0 0 0 0 2290 0 0 0 0 2118 0 0 0 0 2209 0 0 0 0 2114 0 0 0 
35 14 22 1119 39 13 0 11 1075 19 614 549 618 1611 585 143 113 111 1185 160 28 7 16 988 32 
0 0 3 0 0 0 4 0 1 0 0 0 2 0 0 693 697 680 661 685 196 194 202 197 218 
1456 3 0 3 0 1504 18 19 25 20 1505 14 16 17 13 1483 1 0 4 0 1512 1 0 2 0 
0 0 2003 28 27 0 0 2013 21 23 0 0 1905 15 20 0 0 2019 15 12 0 0 1962 11 20 
0 0 0 21 23 1792 1696 1752 1728 1741 0 0 0 25 30 0 0 0 22 30 0 0 0 19 32 
9 380 0 606 0 129 484 108 811 118 50 413 42 727 59 139 504 137 804 123 16 355 0 622 0 
301 17 301 0 0 276 12 313 0 0 301 11 286 7 1 247 8 294 0 0 307 34 317 11 13 
0 9 49 0 1236 1 11 53 0 1223 0 12 63 0 1240 0 9 63 2 1271 2 12 56 1 1196 
0 3 0 287 0 91 101 83 373 111 72 92 82 420 82 0 0 0 316 0 269 268 269 606 284 
383 351 692 630 333 57 22 402 369 49 291 220 613 506 206 34 8 376 316 38 80 85 453 354 62 
608 614 646 674 617 0 0 0 0 0 0 0 0 0 0 0 0 0 0 0 0 0 0 0 0 
0 424 0 0 175 0 442 0 0 182 235 754 276 273 434 0 472 0 0 176 14 489 21 23 225 
0 0 0 0 0 0 0 0 0 0 1120 1139 1100 1131 1184 0 0 0 0 0 0 0 0 0 0 
139 86 924 388 74 440 340 1169 644 347 53 58 779 258 18 610 531 1416 755 508 153 104 952 362 93 
14 0 324 30 0 9 0 264 28 0 267 262 537 299 254 40 0 288 28 6 9 0 308 28 0 
262 137 262 105 508 663 573 722 473 916 635 551 672 529 843 209 98 214 61 450 233 130 274 98 495 
56 0 0 0 0 94 15 33 14 31 64 0 0 0 0 1138 1116 1138 1124 1047 52 0 0 0 0 
425 0 0 345 1 397 0 0 372 0 388 0 0 346 0 442 2 15 368 13 454 21 41 391 48 
356 964 956 339 575 123 707 710 105 306 68 653 666 68 296 297 874 852 308 487 191 750 793 176 412 
0 0 179 0 0 453 426 629 445 489 0 0 177 0 0 9 10 190 4 8 96 77 250 82 100 
0 271 243 418 1 0 283 234 396 1 38 282 286 496 42 0 247 235 390 2 0 251 260 403 4 
0 0 8 1431 0 8 9 23 1389 3 0 0 10 1421 0 4 7 22 1494 6 0 0 13 1457 0 
545 242 814 581 1112 470 198 770 501 1058 704 409 1051 770 1289 1067 792 1379 1083 1626 594 271 839 624 1147 
16 125 4 34 6 0 82 0 19 0 0 113 1 21 2 7 111 5 25 3 992 1107 1044 1026 991 
628 441 51 181 24 1180 911 513 653 466 880 641 192 253 130 832 583 157 265 125 649 447 55 169 39 
1276 1896 1168 1060 1260 381 915 216 141 264 594 1253 470 389 577 286 775 108 51 218 377 871 138 114 220 
439 499 502 723 664 28 19 19 231 114 17 13 6 201 116 21 12 12 200 102 209 188 161 409 286 
219 175 209 205 493 60 99 109 55 382 4 18 66 5 331 323 381 379 328 748 1067 1132 1113 1093 1439 
684 248 217 1066 992 1423 960 944 1871 1818 588 239 104 1000 993 514 172 140 882 889 883 560 490 1265 1215 
31 244 9 8 10 48 275 41 52 59 23 255 0 0 0 306 490 279 314 281 75 293 44 46 51 
