3865 4327 3759 3796 2828 4066 4629 4036 3899 3037 3976 4606 3860 3917 2962 3929 4403 3809 3854 2934 3875 4421 3851 3741 2798 
803 282 506 361 673 556 32 222 53 375 1266 631 917 705 1024 716 147 408 233 501 1953 1373 1607 1603 1779 
437 414 440 373 610 0 0 6 0 124 171 141 179 169 312 24 22 44 22 160 0 0 13 0 148 
0 2225 0 0 0 0 2302 0 0 0 0 2131 0 0 0 0 2201 0 0 0 0 2130 0 0 0 
61 12 22 1170 25 18 0 11 1141 20 704 584 648 1694 655 138 114 95 1237 161 54 7 11 1057 26 
0 0 4 0 0 0 4 0 1 0 0 0 2 0 0 744 769 742 732 735 207 205 216 215 236 
1402 10 0 4 0 1422 20 20 24 20 1482 43 50 52 44 1411 4 0 5 0 1444 6 0 11 0 
0 0 2099 24 37 0 0 2127 18 27 0 0 1982 13 24 0 0 2154 16 22 0 0 2039 10 30 
0 0 0 22 23 1748 1658 1729 1698 1711 0 0 0 26 32 0 0 0 23 29 0 0 0 19 34 
5 400 0 682 0 115 495 76 862 89 33 394 23 751 45 121 520 84 823 85 22 371 0 701 0 
309 16 251 0 0 291 11 239 0 0 306 11 256 11 3 306 17 261 0 0 305 26 256 12 10 
0 2 28 0 1275 1 8 29 2 1278 0 0 43 0 1272 0 4 33 1 1306 2 7 37 1 1239 
0 2 0 293 0 87 92 83 385 120 79 82 82 432 81 0 0 0 344 0 277 283 272 628 292 
427 361 674 652 346 104 25 389 371 38 304 216 615 529 230 87 29 395 327 48 159 102 490 414 126 
621 610 663 673 616 0 0 0 0 0 0 0 0 0 0 0 0 0 0 0 0 0 0 0 0 
0 422 0 0 172 0 415 0 0 177 235 738 264 281 415 0 470 0 0 165 17 467 17 22 209 
0 0 0 0 0 0 0 0 0 0 1077 1122 1066 1107 1154 0 0 0 0 0 0 0 0 0 0 
164 92 911 417 78 481 354 1277 707 388 77 56 821 292 20 640 539 1442 797 519 150 95 953 349 58 
10 0 281 22 0 6 0 239 19 0 244 275 502 279 258 10 8 230 30 12 4 0 274 19 0 
239 102 269 68 532 619 537 687 446 915 596 529 673 513 842 149 77 163 35 438 203 102 259 75 529 
27 0 0 0 0 79 23 27 17 32 33 0 0 0 0 1120 1116 1138 1115 1044 22 0 0 0 0 
489 0 0 342 1 475 0 0 380 0 467 0 0 345 0 513 1 18 375 12 519 21 41 391 48 
321 899 904 339 503 92 639 653 102 236 57 591 617 62 223 260 770 782 250 395 169 674 744 148 312 
0 0 178 0 0 444 419 620 437 482 0 0 177 0 0 7 10 191 4 9 94 72 239 75 95 
0 257 237 412 1 0 277 224 375 1 38 274 274 465 44 0 238 222 377 2 0 253 257 408 3 
0 0 1 1352 0 7 8 12 1323 3 0 0 8 1355 0 4 6 16 1421 6 0 0 10 1361 0 
540 266 832 563 1063 484 181 807 495 1040 711 430 1077 764 1240 1121 825 1438 1118 1644 580 249 799 574 1112 
4 98 2 23 1 0 71 0 19 0 0 95 0 18 0 8 100 4 25 3 1011 1114 1053 1047 1014 
640 395 32 167 22 1188 894 499 632 459 877 565 201 232 121 801 462 110 213 86 648 376 41 149 33 
1250 1871 1156 1069 1196 366 841 157 105 197 574 1179 453 359 477 299 760 123 58 155 391 838 177 127 207 
417 465 467 678 584 26 15 8 199 76 14 13 5 171 90 20 11 9 186 88 212 191 155 387 269 
251 233 230 231 570 72 101 114 68 399 3 15 50 15 351 284 328 353 314 718 1094 1155 1141 1124 1456 
569 178 123 977 1019 1441 1073 990 1983 1922 547 267 141 1004 1083 438 163 97 888 924 817 600 498 1255 1271 
39 276 8 6 12 60 307 54 59 70 30 308 0 0 0 327 572 317 356 321 72 332 26 31 22 
