4909 4938 4345 4880 3972 5750 5787 5276 5831 4791 5411 5509 4841 5417 4521 4609 4803 4271 4787 3783 5293 5401 4868 5210 4233 
954 620 789 829 1349 376 82 278 220 798 600 280 469 406 1002 608 226 443 397 1025 2585 2129 2339 2539 2991 
425 457 467 443 663 0 0 6 0 135 154 135 181 152 272 20 22 43 22 157 0 0 12 0 145 
0 2236 0 0 0 0 2314 0 0 0 0 2160 0 0 0 0 2230 0 0 0 0 2103 0 0 0 
37 13 25 1074 45 13 0 14 1032 29 643 526 584 1571 599 143 114 101 1151 170 36 7 19 1025 44 
11 136 18 9 0 17 155 17 24 13 6 101 6 0 1 1143 1260 1126 1151 1081 312 486 316 290 319 
1362 10 0 6 0 1325 16 19 26 20 1378 61 68 83 58 1336 5 0 7 0 1322 4 0 7 0 
0 0 2087 25 11 0 0 2061 21 14 0 0 1941 15 14 0 0 2084 15 11 0 0 1983 10 10 
0 0 0 14 23 1760 1685 1738 1717 1754 0 0 0 12 32 0 0 0 7 32 0 0 0 11 33 
45 387 0 758 0 141 488 96 908 93 82 364 47 803 55 132 516 70 889 83 57 360 0 755 0 
409 25 229 0 0 436 11 214 0 0 461 24 255 18 24 418 15 255 8 5 572 180 369 150 157 
0 19 30 0 1255 1 17 40 4 1266 0 16 55 0 1248 0 16 42 1 1312 4 24 44 1 1267 
0 8 0 283 0 98 114 94 374 125 81 94 77 418 70 0 0 0 316 0 276 270 264 601 279 
502 432 784 896 561 157 71 445 520 192 341 240 663 694 333 107 29 387 453 147 208 164 541 592 263 
585 586 605 638 586 0 0 0 0 0 0 0 0 0 0 0 0 0 0 0 0 0 0 0 0 
0 491 0 0 195 0 469 0 0 190 212 821 219 224 406 0 508 0 0 182 16 552 25 26 240 
0 0 0 0 0 0 0 0 1 0 1173 1194 1167 1191 1232 0 0 0 0 0 0 0 0 0 0 
110 55 919 321 85 536 426 1233 704 460 13 33 746 207 6 684 634 1506 789 601 226 208 979 446 149 
101 0 364 119 0 110 0 359 118 0 360 286 615 378 265 133 16 356 137 12 89 0 384 111 0 
270 67 206 263 665 770 593 779 726 1178 659 480 634 740 1044 296 87 208 249 689 258 102 273 328 692 
55 0 0 0 0 88 14 22 17 26 61 0 0 0 0 1120 1083 1116 1096 1019 49 0 0 0 0 
411 42 33 385 37 368 2 0 371 0 370 1 0 352 0 417 45 35 398 37 416 19 25 390 32 
271 719 759 279 410 62 547 539 61 183 4 461 494 12 153 153 600 600 157 281 92 495 573 72 222 
0 0 187 0 0 513 463 700 530 530 0 0 193 0 0 12 12 216 10 10 107 86 274 92 103 
0 225 227 369 2 0 236 231 347 1 35 245 282 423 36 0 217 229 366 2 0 217 234 370 3 
0 0 1 1341 0 7 8 12 1313 3 0 0 8 1355 0 4 6 13 1418 6 0 0 8 1355 0 
532 318 800 506 1071 318 148 577 276 872 534 358 847 517 1061 1016 821 1315 1019 1576 385 243 681 347 974 
9 107 6 28 5 0 75 0 20 0 0 107 1 18 1 8 115 4 26 3 1037 1152 1056 1021 1013 
525 359 4 82 4 1013 783 410 515 388 712 508 92 134 75 777 494 124 214 126 565 373 24 86 22 
1367 1965 1192 1168 1248 389 927 175 144 175 611 1292 501 421 494 341 812 134 96 172 396 895 185 119 165 
