4888 4874 4425 4889 4103 5605 5636 5265 5672 4832 5387 5437 4954 5484 4729 4555 4741 4350 4811 3915 5164 5251 4879 5204 4298 
1050 736 862 895 1472 434 149 284 251 805 605 277 455 375 1004 704 326 476 457 1109 2739 2340 2497 2599 3138 
356 375 380 335 507 0 0 6 0 107 146 126 155 136 232 20 22 40 22 137 0 0 10 0 129 
0 2149 0 0 0 0 2228 0 0 0 0 2083 0 0 0 0 2142 0 0 0 0 2053 0 0 0 
41 12 26 1045 47 11 0 20 1021 32 617 507 568 1521 576 139 114 103 1141 180 42 8 24 980 46 
29 201 20 6 11 32 197 22 32 30 21 189 5 0 0 1078 1298 1103 1066 1036 293 500 284 264 285 
1383 13 0 11 0 1403 17 16 25 17 1419 51 47 62 44 1378 7 0 13 0 1361 4 0 12 0 
0 0 2033 7 36 0 0 2026 4 28 0 1 1896 4 26 0 0 2027 5 22 0 0 1951 5 29 
0 0 0 21 25 1754 1654 1744 1714 1755 0 0 0 26 35 0 0 0 22 36 0 0 0 19 32 
20 391 0 717 0 132 498 81 878 97 51 412 44 782 54 119 502 92 823 89 36 364 0 726 0 
437 23 250 0 0 472 14 229 0 0 526 24 282 14 17 496 41 274 3 18 614 174 389 138 147 
0 6 29 0 1229 1 14 31 2 1203 0 1 42 0 1205 0 5 34 1 1277 4 12 35 1 1184 
0 0 0 279 0 97 103 88 379 116 76 93 69 410 69 0 0 0 315 0 272 268 259 596 278 
478 403 734 817 462 121 47 405 469 104 348 239 642 644 289 90 24 377 411 99 163 146 506 513 195 
585 586 605 638 586 0 0 0 0 0 0 0 0 0 0 0 0 0 0 0 0 0 0 0 0 
0 473 0 0 202 0 483 0 0 222 243 824 277 287 481 0 526 0 0 203 14 548 22 25 266 
0 0 0 0 0 0 0 0 0 0 1124 1166 1124 1157 1216 0 0 0 0 0 0 0 0 0 0 
144 91 1008 399 79 574 436 1350 762 445 12 70 858 229 3 716 631 1578 910 584 239 199 1025 485 138 
30 0 345 108 0 10 0 321 84 0 302 284 603 399 261 14 0 335 106 2 27 0 354 92 0 
249 69 189 269 681 763 627 714 786 1266 633 498 596 738 1042 259 129 180 236 708 264 139 259 357 739 
30 0 0 0 0 59 8 8 8 14 44 0 0 0 0 1114 1083 1116 1096 1018 31 0 0 0 0 
411 42 33 382 37 355 1 0 378 0 361 0 0 349 0 422 45 39 402 38 436 25 40 408 46 
305 772 765 296 433 62 545 524 65 178 10 501 488 20 157 171 612 593 182 310 68 519 572 63 215 
0 0 183 0 0 546 492 723 550 571 0 0 189 0 0 14 12 192 7 10 116 90 269 96 112 
0 198 202 329 1 0 222 214 307 1 35 222 256 391 36 0 204 212 331 2 0 211 224 330 3 
0 0 4 1384 0 9 9 11 1391 4 0 0 6 1390 0 4 6 8 1473 7 0 3 2 1397 0 
533 284 773 532 990 373 132 594 327 838 600 338 859 565 996 1047 750 1267 1006 1447 422 203 685 424 934 
14 128 7 34 11 0 91 0 19 0 0 110 1 20 2 7 121 4 27 3 1037 1123 1024 1026 999 
588 422 19 115 13 1052 889 456 520 419 756 565 104 151 81 812 540 136 221 138 593 408 13 67 3 
1319 1967 1185 1208 1262 383 939 203 176 152 585 1278 466 407 447 318 805 142 92 134 366 882 153 127 140 
