3925 4557 3864 3997 3105 4256 4992 4366 4317 3369 4095 4820 4158 4216 3367 3940 4635 4008 4166 3113 3989 4661 4075 4019 3066 
681 226 419 251 484 549 24 211 12 278 1087 444 697 469 775 654 107 323 107 361 1938 1317 1494 1438 1689 
426 415 448 386 646 0 0 6 0 151 156 137 174 149 321 22 24 46 24 162 0 0 12 0 164 
0 2159 0 0 0 0 2251 0 0 0 0 2098 0 0 0 0 2159 0 0 0 0 2083 0 0 0 
33 14 30 1072 52 14 0 15 1025 32 577 523 566 1538 556 153 127 110 1177 180 28 7 21 1042 50 
0 0 5 0 0 0 5 0 2 0 0 0 3 0 0 723 741 725 693 708 208 194 207 209 229 
1433 7 0 5 0 1426 16 20 23 21 1470 33 45 42 32 1437 1 0 3 0 1459 2 0 5 0 
0 0 2062 14 36 0 0 2056 6 28 0 0 1943 4 24 0 0 2080 10 23 0 0 1990 7 29 
0 0 0 21 14 1810 1702 1764 1729 1763 0 0 0 24 16 0 0 0 23 11 0 0 0 19 17 
19 408 0 691 0 109 486 66 821 67 85 437 53 787 67 151 523 93 826 107 27 360 0 689 0 
288 16 247 0 0 270 11 214 0 0 272 10 238 6 1 271 21 246 0 0 283 26 238 10 10 
0 3 30 2 1249 1 14 44 8 1257 0 0 48 0 1268 0 4 38 1 1329 10 14 49 5 1267 
0 2 0 282 0 102 104 88 377 118 85 93 79 418 72 0 0 0 314 0 272 273 263 596 281 
463 418 750 791 459 57 23 408 402 59 298 220 643 574 259 55 13 377 387 65 113 97 501 483 119 
585 586 605 638 586 0 0 0 0 0 0 0 0 0 0 0 0 0 0 0 0 0 0 0 0 
0 410 0 0 165 0 411 0 0 174 234 726 257 267 424 0 440 0 0 171 15 474 18 25 207 
0 0 0 0 0 0 0 0 0 0 1103 1127 1071 1123 1172 0 0 0 0 0 0 0 0 0 0 
215 89 1091 434 71 589 417 1419 778 421 135 57 943 325 25 693 582 1561 854 526 261 176 1125 453 136 
8 0 236 52 0 15 0 212 48 0 263 286 473 317 265 27 4 209 68 12 8 0 252 53 0 
291 130 297 120 533 636 524 735 460 907 660 546 745 559 893 256 133 263 66 482 210 122 301 84 531 
14 0 0 0 0 52 11 23 14 30 16 0 0 0 0 1108 1116 1140 1125 1052 9 0 0 0 0 
484 40 33 389 37 456 1 0 387 0 440 0 0 355 0 458 3 6 360 0 482 25 26 393 32 
296 755 759 301 429 73 560 538 84 183 44 497 510 36 167 195 625 618 197 310 114 539 616 100 247 
0 0 177 0 0 478 435 658 470 524 0 0 178 0 0 9 15 218 7 14 92 76 249 78 98 
0 232 220 347 1 0 253 221 331 1 35 250 263 418 36 0 217 215 328 2 0 221 235 344 3 
0 0 11 1446 0 7 10 33 1424 7 0 0 13 1436 0 4 6 25 1500 6 0 0 12 1452 0 
452 284 771 434 1074 371 177 637 326 958 584 386 923 586 1115 975 801 1321 987 1582 523 279 722 437 1101 
8 113 2 23 4 0 73 0 19 0 0 96 0 20 0 7 101 4 26 4 895 971 929 913 859 
570 379 4 119 7 1008 799 385 520 370 766 565 102 192 80 783 520 125 236 121 564 415 14 128 4 
1268 1912 1171 1112 1260 363 861 191 134 243 598 1240 467 390 514 325 754 130 78 210 414 904 219 162 237 
301 286 302 329 307 15 0 0 32 0 13 0 1 35 0 17 0 0 39 0 182 147 131 176 172 
200 198 208 217 490 62 91 114 56 381 3 10 71 4 308 284 324 358 311 702 1016 1046 1093 1054 1332 
897 274 304 1237 1158 1481 859 862 1978 1851 860 387 314 1271 1236 566 102 89 908 965 1100 676 620 1526 1406 
33 302 31 6 20 48 321 49 37 43 22 308 8 0 9 364 588 350 358 304 89 365 64 54 70 
