3827 4225 3670 3819 2759 4034 4502 4029 3937 2919 3928 4401 3853 3960 2909 3830 4235 3748 3854 2806 3842 4320 3805 3823 2722 
753 264 434 351 595 572 33 199 64 348 1288 658 943 655 1027 718 173 419 234 524 1952 1360 1557 1613 1765 
397 401 409 335 572 0 0 8 0 129 151 128 166 132 297 20 22 43 20 161 0 0 10 0 152 
0 2246 0 0 0 0 2323 0 0 0 0 2152 0 0 0 0 2226 0 0 0 0 2140 0 0 0 
34 16 24 1101 39 10 0 16 1086 13 596 497 548 1587 549 143 124 113 1175 164 28 7 23 981 27 
0 0 5 0 0 0 5 0 1 0 0 0 2 0 0 693 693 675 661 684 200 192 195 199 215 
1566 12 0 4 0 1616 17 24 23 22 1608 26 33 32 24 1588 3 0 5 0 1607 4 0 7 0 
0 0 2069 17 22 0 0 2063 14 25 0 0 1945 5 24 0 0 2083 8 20 0 0 2011 12 22 
0 0 0 22 23 1779 1685 1755 1717 1741 0 0 0 24 31 0 0 0 22 29 0 0 0 19 32 
9 400 0 725 0 122 506 81 908 98 29 432 42 811 45 119 546 95 910 96 12 365 0 739 0 
260 18 281 0 0 252 11 271 0 0 258 11 256 4 2 232 8 267 0 0 286 32 278 10 14 
0 4 27 0 1206 1 8 30 0 1187 0 0 47 0 1224 0 4 39 1 1225 2 7 37 1 1149 
0 2 0 306 0 89 88 98 390 124 78 88 83 456 77 0 0 0 337 0 277 292 285 647 312 
389 336 660 612 314 43 23 359 351 29 281 197 578 473 189 39 11 356 289 28 81 43 400 297 47 
611 609 661 672 623 0 0 0 0 0 0 0 0 0 0 0 0 0 0 0 0 0 0 0 0 
0 436 0 0 159 0 450 0 0 178 240 770 272 276 419 0 503 0 0 179 14 507 20 22 221 
0 0 0 0 0 0 0 0 0 0 1135 1155 1104 1141 1197 0 0 0 0 0 0 0 0 0 0 
175 86 984 379 85 456 315 1267 653 357 103 51 835 262 15 628 532 1473 782 515 214 131 1030 407 113 
27 0 264 27 0 25 0 250 11 0 266 280 504 281 257 58 16 256 40 12 17 0 275 13 0 
226 131 220 72 511 621 528 645 418 882 596 551 648 489 819 175 98 178 29 426 156 140 237 70 484 
16 0 0 0 0 60 24 42 32 50 19 0 0 0 0 1110 1115 1139 1123 1048 11 0 0 0 0 
441 0 0 349 1 432 0 0 376 0 416 0 0 340 0 463 1 15 360 13 476 20 41 396 48 
313 873 842 298 493 67 636 626 79 262 12 544 564 6 220 242 734 744 231 409 128 668 704 112 345 
0 0 177 0 0 444 418 620 437 482 0 0 177 0 0 9 14 195 4 9 91 74 250 77 102 
0 265 239 374 1 0 279 226 338 1 38 280 273 451 39 0 238 223 329 3 0 258 256 363 4 
0 0 2 1389 0 7 8 12 1362 3 0 0 6 1389 0 4 6 14 1469 6 0 0 3 1400 0 
613 372 1012 652 1314 567 301 895 561 1201 779 539 1188 850 1423 1145 861 1505 1156 1768 665 369 950 652 1252 
6 60 2 23 1 0 42 0 20 0 0 63 0 19 0 8 75 5 25 3 1082 1155 1110 1073 1071 
579 402 35 166 11 1097 904 500 654 454 844 637 212 275 144 766 521 138 244 102 579 368 18 132 6 
1226 1808 1114 1017 1221 354 888 185 125 270 608 1245 501 399 582 305 795 129 60 250 387 841 200 112 274 
501 582 540 743 724 18 15 10 216 121 13 18 6 172 97 21 15 11 206 95 236 232 164 417 323 
210 183 194 230 488 63 105 104 90 438 4 19 62 10 334 312 369 387 343 739 1006 1081 1102 1074 1434 
680 226 203 1027 1015 1466 1013 971 1909 1840 587 255 138 1062 1058 533 187 120 928 921 879 536 475 1249 1192 
31 258 9 6 10 53 304 49 48 62 24 299 0 0 0 316 561 308 334 287 73 328 40 37 30 
