3920 4500 3836 3983 3006 4390 5026 4458 4386 3443 4161 4861 4218 4277 3306 3962 4578 4047 4178 3092 4062 4652 4099 4107 3126 
806 267 446 302 537 610 41 206 19 299 1067 444 653 450 759 701 101 283 113 340 1995 1396 1546 1503 1720 
414 407 427 365 611 0 0 7 0 148 156 139 167 136 293 21 22 49 22 169 0 0 12 0 148 
1 2147 0 0 0 0 2212 0 0 0 0 2076 0 0 0 0 2140 0 0 0 0 2052 0 0 0 
31 14 29 997 47 11 0 16 982 30 525 501 529 1471 540 129 124 103 1106 166 30 7 24 961 47 
0 0 4 0 0 0 6 0 3 0 0 0 3 0 0 741 748 740 709 720 217 201 213 208 237 
1318 13 0 7 0 1317 18 18 26 20 1355 37 42 53 34 1318 7 0 5 0 1324 7 0 6 0 
0 0 2059 29 33 0 0 2058 23 27 0 0 1939 17 26 0 0 2066 19 21 0 0 1989 15 27 
0 0 0 21 15 1770 1663 1727 1713 1739 0 0 0 24 15 0 0 0 24 14 0 0 0 19 21 
10 419 0 701 0 86 498 54 804 57 87 457 49 783 56 149 534 87 834 112 23 372 0 684 0 
270 18 235 0 0 265 12 225 0 0 266 13 230 4 1 266 14 246 0 0 289 26 222 10 10 
0 2 26 1 1261 1 8 41 7 1296 0 0 47 0 1279 0 2 37 1 1326 10 14 44 6 1261 
0 3 0 285 0 98 101 90 382 121 85 90 74 419 78 0 0 0 313 0 273 267 261 600 283 
443 413 730 786 435 47 36 383 399 81 283 205 608 588 254 26 15 371 347 78 133 111 471 455 116 
585 586 605 638 586 0 0 0 0 0 0 0 0 0 0 0 0 0 0 0 0 0 0 0 0 
0 416 0 0 168 0 398 0 0 169 240 722 263 274 426 0 452 0 0 171 14 480 19 23 213 
0 0 0 0 0 0 0 0 0 0 1108 1128 1069 1103 1168 0 0 0 0 0 0 0 0 0 0 
182 74 1089 412 77 538 383 1372 722 403 116 41 928 268 25 706 600 1592 843 541 237 170 1142 421 111 
21 0 259 51 0 21 0 210 51 0 275 298 503 327 269 40 12 224 68 13 8 0 257 51 0 
282 124 288 108 511 646 498 727 447 877 648 540 742 550 862 235 112 236 50 453 201 114 291 73 495 
12 0 0 0 0 39 11 24 14 25 12 0 0 0 0 1115 1120 1157 1126 1062 11 0 0 0 0 
454 47 33 388 37 406 0 0 387 0 404 0 0 353 0 416 4 6 368 0 430 22 24 398 33 
302 763 755 306 429 75 565 542 85 172 39 509 509 37 163 181 627 620 201 310 101 536 614 95 217 
0 0 180 0 0 487 441 679 483 539 0 0 177 0 0 9 15 236 4 19 89 74 249 87 101 
0 236 221 338 1 0 256 219 325 1 35 251 267 385 37 0 226 218 312 2 0 239 238 326 3 
0 0 8 1472 0 8 9 37 1433 3 0 0 11 1465 0 4 8 25 1535 6 0 0 14 1485 0 
472 285 764 493 1090 348 143 616 315 915 629 400 940 604 1135 1000 793 1294 1041 1550 459 264 719 437 1055 
5 117 2 21 4 0 111 0 19 0 0 130 0 21 0 8 133 4 25 3 918 1019 930 915 884 
646 371 21 99 22 1116 821 402 512 378 805 523 96 148 64 855 508 110 200 111 627 378 8 79 2 
1287 1941 1208 1185 1314 397 933 224 201 244 576 1228 489 428 535 308 780 144 85 221 392 872 213 163 256 
321 336 330 341 332 14 0 0 36 0 19 0 1 42 3 16 0 0 39 0 184 174 133 183 166 
186 158 197 182 451 69 73 109 43 360 3 7 64 11 297 296 327 343 285 693 981 984 1029 969 1293 
892 262 301 1199 1203 1448 862 849 1972 1839 984 396 362 1323 1374 620 101 103 972 1029 1208 690 652 1625 1473 
30 296 24 6 17 41 306 42 31 50 23 300 6 0 3 355 583 337 354 300 85 349 63 50 58 
