3807 4202 3550 3700 2690 3994 4426 3876 3867 2836 3930 4349 3708 3844 2830 3816 4221 3655 3755 2766 3798 4272 3727 3704 2663 
795 264 477 372 657 555 41 204 110 347 1281 653 942 684 1029 750 162 405 299 520 1966 1399 1611 1612 1799 
384 389 400 338 571 0 0 8 0 143 152 129 166 133 287 24 22 43 21 158 0 0 10 0 144 
0 2237 0 0 0 0 2292 0 0 0 0 2141 0 0 0 0 2216 0 0 0 0 2121 0 0 0 
43 17 22 1152 37 15 0 13 1131 21 664 571 623 1669 609 149 124 107 1218 167 43 8 20 1023 35 
0 0 3 0 0 0 5 0 1 0 0 0 2 0 0 692 697 678 660 682 201 188 197 198 217 
1470 5 0 3 0 1520 18 20 19 23 1503 17 15 20 11 1518 1 0 3 0 1503 3 0 2 0 
0 0 1991 24 33 0 0 2012 25 24 0 0 1882 17 21 0 0 2035 14 16 0 0 1968 13 26 
0 0 0 22 23 1777 1681 1738 1728 1739 0 0 0 25 31 0 0 0 23 31 0 0 0 19 32 
3 387 0 624 0 96 484 83 796 107 20 391 23 721 33 113 526 105 816 101 10 362 0 644 0 
302 19 280 0 0 272 12 297 0 0 299 10 284 4 1 238 9 292 0 0 311 31 284 12 11 
0 14 54 0 1224 0 13 56 0 1204 0 14 66 0 1226 0 8 62 1 1266 2 14 61 2 1202 
0 2 0 288 0 84 95 84 370 112 74 81 77 419 78 0 0 0 317 0 263 266 268 601 285 
391 340 679 643 322 66 21 397 356 55 288 212 618 503 205 40 9 378 311 31 112 78 475 381 68 
606 609 652 676 616 0 0 0 0 0 0 0 0 0 0 0 0 0 0 0 0 0 0 0 0 
0 441 0 0 189 0 458 0 0 190 234 754 268 276 433 0 482 0 0 187 15 490 21 24 226 
0 0 0 0 0 0 0 0 0 0 1148 1167 1123 1163 1219 0 0 0 0 0 0 0 0 0 0 
126 86 932 381 78 435 335 1211 647 364 49 52 793 268 6 628 548 1447 777 538 155 113 960 359 111 
13 0 322 35 0 15 0 265 17 0 254 267 542 283 259 38 0 283 45 1 13 0 301 24 0 
267 126 277 97 501 676 576 729 475 911 647 592 720 544 847 211 106 227 60 448 232 142 283 102 498 
55 0 0 0 0 95 19 34 22 30 64 0 0 0 0 1137 1115 1136 1116 1043 52 0 0 0 0 
429 0 0 354 1 405 0 0 379 0 402 0 0 345 0 433 3 17 371 15 457 22 41 392 48 
362 987 958 359 595 111 720 725 110 339 69 662 668 66 310 302 880 883 304 494 196 770 795 172 419 
0 0 179 0 0 444 418 620 437 482 0 0 177 0 0 10 10 192 5 11 90 78 248 78 100 
0 258 232 352 1 0 278 227 318 1 39 276 269 402 40 0 235 220 313 2 0 256 243 343 3 
0 0 12 1462 0 7 9 23 1421 3 0 0 12 1451 0 4 6 24 1529 6 0 0 13 1485 0 
533 257 889 548 1155 517 255 838 535 1101 715 459 1116 801 1334 1053 756 1385 1046 1594 599 274 874 579 1116 
19 106 6 34 10 0 64 0 20 0 0 93 1 20 2 10 105 5 26 4 1082 1190 1109 1090 1062 
661 444 72 198 39 1222 929 543 690 471 903 691 264 293 147 838 607 165 288 132 655 444 58 171 36 
1232 1860 1140 1066 1257 377 922 204 146 290 577 1228 456 388 551 287 750 104 53 218 368 831 147 123 263 
434 474 496 710 641 31 24 21 235 120 15 13 6 196 122 19 12 14 222 112 203 191 159 417 300 
234 211 226 236 520 59 100 106 58 410 4 15 65 4 355 333 400 407 356 794 1024 1065 1097 1075 1433 
689 243 220 1036 1014 1426 962 960 1857 1854 546 208 100 1022 1016 524 192 133 908 909 876 564 464 1262 1206 
35 237 8 6 13 49 274 41 50 59 24 251 0 0 0 310 484 276 322 276 75 298 42 47 53 
