3759 4220 3564 3688 2708 4066 4545 3971 3883 2934 3955 4479 3824 3888 2931 3882 4306 3795 3838 2853 3829 4340 3791 3733 2752 
841 279 475 377 642 537 16 168 74 347 1232 584 839 638 963 673 144 374 277 511 1894 1309 1499 1542 1710 
387 381 411 338 627 0 0 8 0 138 150 129 167 133 299 21 22 44 22 182 0 0 13 0 150 
0 2241 0 0 0 0 2297 0 0 0 0 2135 0 0 0 0 2209 0 0 0 0 2109 0 0 0 
39 13 43 1100 36 11 0 30 1084 16 630 540 633 1615 590 144 117 131 1178 168 25 7 37 1014 25 
0 0 3 0 0 0 5 0 1 0 0 0 3 0 0 695 697 688 658 684 202 193 200 197 214 
1495 1 0 4 0 1509 18 18 25 20 1513 11 14 16 10 1535 1 0 4 0 1517 1 0 2 0 
0 0 2041 23 14 0 0 2051 19 24 0 0 1921 14 21 0 0 2057 16 8 0 0 1975 11 17 
0 0 0 22 24 1784 1693 1743 1722 1752 0 0 0 25 30 0 0 0 22 31 0 0 0 19 34 
18 400 0 601 0 145 514 117 798 135 50 445 64 719 76 150 519 124 777 118 18 354 0 617 0 
308 19 301 0 0 301 11 319 0 0 317 12 299 9 1 283 13 294 0 1 351 28 297 17 12 
0 6 48 1 1250 1 13 52 8 1230 0 5 70 0 1247 0 5 56 1 1280 9 16 66 5 1236 
0 4 0 286 0 81 90 84 378 114 76 87 80 417 78 0 0 0 314 0 268 271 268 605 285 
386 311 655 645 336 54 17 392 380 50 290 199 629 520 204 21 5 369 296 28 98 65 472 383 60 
609 611 660 672 619 0 0 0 0 0 0 0 0 0 0 0 0 0 0 0 0 0 0 0 0 
0 407 0 0 161 0 415 0 0 170 235 714 250 267 419 0 450 0 0 160 15 447 18 23 203 
0 0 0 0 0 0 0 0 0 0 1129 1142 1099 1143 1191 0 0 0 0 0 0 0 0 0 0 
94 53 846 362 52 394 307 1118 603 331 32 40 728 268 20 584 523 1362 730 454 149 113 908 323 84 
25 0 304 31 0 30 0 245 12 0 271 275 523 278 256 53 11 268 37 11 13 0 309 25 0 
260 158 273 103 526 673 572 720 460 921 641 592 700 518 845 236 167 251 72 482 225 182 277 97 519 
56 0 0 0 0 99 16 30 17 29 67 0 0 0 0 1133 1115 1139 1117 1040 53 0 0 0 0 
411 0 0 350 1 391 0 0 374 0 390 0 0 343 0 427 2 15 373 16 450 19 41 393 48 
326 916 914 342 538 111 695 685 108 295 62 589 628 59 264 282 823 802 282 463 186 711 757 147 388 
0 0 179 0 1 465 441 648 463 507 0 0 176 2 0 7 10 184 8 9 97 85 261 83 106 
0 263 231 410 1 0 283 231 387 1 41 284 275 472 41 0 234 225 382 2 0 254 252 397 3 
0 0 6 1458 0 7 8 23 1433 4 0 0 10 1434 0 4 6 22 1528 6 0 0 12 1470 0 
555 324 919 652 1157 490 225 798 539 1079 734 492 1126 838 1335 1066 811 1397 1107 1647 585 300 855 613 1158 
16 116 5 29 5 0 74 0 19 0 0 126 1 19 3 8 111 4 25 3 993 1120 1054 1034 986 
567 423 33 157 14 1093 873 474 600 431 827 616 194 250 124 777 558 159 257 122 628 429 42 160 34 
1304 1850 1169 1076 1275 398 906 218 142 291 596 1222 466 396 555 298 755 89 58 196 398 873 205 142 291 
451 517 523 717 671 31 21 23 254 133 16 16 8 216 118 18 12 10 220 124 213 186 159 420 312 
240 220 226 219 508 64 105 121 66 417 5 14 61 12 324 350 394 398 350 763 1091 1133 1123 1148 1474 
714 251 240 1046 1010 1465 998 1005 1923 1811 621 298 198 1052 1057 536 192 145 919 900 918 632 543 1288 1209 
29 231 8 7 11 48 273 43 48 56 21 250 0 0 0 294 474 276 311 260 76 293 42 46 46 
