4931 4941 4411 5014 4160 5780 5804 5321 5945 4956 5404 5518 4910 5563 4716 4649 4784 4280 4896 3911 5318 5389 4880 5356 4415 
1045 695 872 880 1419 421 104 279 196 774 637 338 491 425 1022 668 245 471 451 1050 2641 2198 2388 2487 2980 
382 408 425 412 621 0 0 7 0 137 150 131 164 161 268 20 22 43 40 172 0 0 10 0 154 
0 2234 0 0 0 0 2292 0 0 0 0 2152 0 0 0 0 2220 0 0 0 0 2114 0 0 0 
40 13 25 1069 49 13 0 15 992 29 643 513 568 1527 584 135 113 97 1114 171 29 7 25 995 45 
21 137 22 7 2 29 179 18 24 12 8 111 5 0 1 1143 1322 1172 1159 1092 300 491 290 299 307 
1365 14 0 9 0 1345 19 18 28 21 1420 65 76 85 67 1361 7 0 10 0 1360 4 0 10 0 
0 0 2068 33 15 0 0 2061 26 16 0 0 1939 22 18 0 0 2076 18 9 0 0 1997 17 14 
0 0 0 14 8 1785 1714 1765 1795 1778 0 0 0 17 12 0 0 0 8 7 0 0 0 12 16 
25 393 0 734 0 103 486 66 889 47 48 418 29 787 34 111 488 68 858 74 44 371 0 751 0 
383 23 223 0 0 414 14 189 0 0 457 24 250 14 18 391 17 237 8 2 551 176 366 149 154 
0 20 37 1 1284 1 20 43 4 1285 0 18 51 0 1269 0 14 43 1 1340 10 23 56 7 1304 
0 5 0 285 0 103 112 88 377 123 86 88 78 418 73 0 0 0 316 0 269 270 265 601 279 
565 482 833 947 561 153 74 468 532 209 344 233 671 689 367 108 25 409 445 151 205 165 553 608 248 
585 586 605 638 586 0 0 0 0 0 0 0 0 0 0 0 0 0 0 0 0 0 0 0 0 
0 466 1 0 193 0 443 0 0 180 236 810 243 241 431 0 484 0 0 186 16 525 20 26 227 
0 0 0 0 0 0 0 0 0 0 1105 1127 1087 1137 1165 0 0 0 0 0 0 0 0 0 0 
119 78 919 319 79 526 383 1185 643 439 10 36 747 177 7 692 650 1496 801 607 230 185 985 430 116 
106 0 393 119 0 125 0 389 124 0 380 296 654 389 279 139 15 384 146 13 97 0 405 110 0 
248 58 162 236 606 726 569 707 683 1142 629 440 610 669 977 245 117 182 211 611 220 126 239 294 638 
9 0 0 0 0 47 16 27 19 34 5 0 0 0 0 1094 1106 1136 1113 1046 6 0 0 0 0 
424 44 33 384 37 373 2 0 376 0 384 1 0 348 0 423 18 10 379 11 425 23 29 388 30 
316 808 808 308 444 71 593 567 70 188 21 526 540 24 173 186 663 642 178 325 127 568 613 84 260 
0 0 214 0 0 519 463 763 547 549 0 0 214 0 0 8 9 208 4 8 98 75 292 86 101 
0 223 223 374 1 0 240 233 348 1 35 242 277 424 36 0 215 228 364 2 0 216 243 363 3 
0 0 2 1339 0 7 8 14 1311 3 0 0 7 1359 0 4 6 14 1422 6 0 0 9 1357 0 
409 225 632 387 952 314 122 519 265 797 544 327 786 513 961 990 759 1208 947 1462 379 203 573 311 902 
12 128 5 25 9 0 78 0 19 0 0 115 1 21 2 7 117 5 26 3 995 1111 1031 987 978 
587 350 9 108 10 1040 797 397 492 359 743 517 100 163 84 778 478 128 211 123 597 369 26 106 35 
1318 1884 1155 1074 1151 353 899 196 115 157 612 1250 488 388 438 325 792 141 53 140 384 861 181 120 150 
