5916 5720 5217 5779 5134 6977 6769 6425 6949 6101 6636 6537 6090 6610 5992 6197 6106 5687 6215 5405 6308 6130 5757 6250 5450 
743 490 633 650 1145 362 86 230 178 747 548 292 394 292 864 691 416 508 451 1064 3097 2788 2912 2934 3532 
1791 2521 1718 1713 1943 252 930 175 138 297 660 1386 625 554 739 259 812 171 107 273 246 895 150 121 270 
0 2049 0 0 0 0 2100 0 0 0 0 1971 0 0 0 0 2057 0 0 0 0 1987 0 0 0 
30 18 37 1131 43 10 1 18 1090 29 556 490 571 1606 524 136 122 131 1259 172 25 10 38 1067 42 
6 147 13 0 4 29 198 26 4 7 11 149 5 0 1 1041 1227 1028 1010 978 308 491 263 265 290 
1467 9 0 3 0 1490 18 18 23 20 1525 39 47 55 44 1492 2 0 3 0 1480 4 0 3 0 
0 0 1972 17 33 0 0 1966 14 28 0 0 1864 8 25 0 0 1984 13 23 0 0 1918 12 31 
0 0 0 23 24 1713 1632 1682 1660 1702 0 0 0 24 33 0 0 0 23 30 0 0 0 20 32 
9 459 0 719 0 126 593 99 922 126 49 500 45 811 64 104 526 79 877 85 19 396 0 734 0 
362 32 207 0 0 400 26 182 0 0 468 45 252 48 58 375 44 216 19 15 550 182 336 159 154 
0 7 40 0 1278 1 5 39 0 1232 0 0 61 0 1207 0 4 66 0 1351 2 6 49 0 1219 
0 14 0 288 0 115 123 104 385 129 94 104 88 422 85 0 15 0 318 0 278 277 270 606 285 
721 508 1040 967 769 248 72 597 498 291 397 215 753 645 466 240 87 592 489 311 301 200 670 621 390 
585 586 605 638 586 0 0 0 0 0 0 0 0 0 0 0 0 0 0 0 0 0 0 0 0 
0 427 0 0 210 1 455 0 0 241 316 861 352 352 536 0 464 0 0 213 16 548 24 24 279 
118 0 0 0 0 267 145 135 149 132 165 20 18 20 15 204 47 46 52 41 117 0 0 0 0 
0 0 0 0 0 0 0 0 0 0 1114 1150 1084 1133 1182 0 0 0 0 0 0 0 0 0 0 
70 23 984 279 96 463 346 1280 618 485 37 27 861 158 42 635 557 1542 727 623 126 70 1017 249 121 
118 0 369 96 0 120 0 379 97 0 354 267 607 330 242 145 16 369 114 12 110 0 388 83 0 
159 37 59 153 400 625 515 532 597 894 399 290 314 460 634 115 11 48 111 408 132 52 110 177 407 
55 0 0 0 0 134 55 70 64 70 64 0 0 0 0 1121 1083 1116 1096 1020 52 0 0 0 0 
471 122 33 418 37 452 119 16 439 24 453 120 0 377 0 516 126 40 449 43 496 123 41 443 48 
0 112 0 0 0 0 108 0 0 0 0 106 0 0 0 0 96 0 0 0 513 572 519 508 466 
269 741 832 271 484 88 571 626 96 283 32 529 596 34 222 202 667 702 214 447 43 468 597 31 247 
0 0 125 0 0 368 341 512 359 394 0 0 131 0 0 0 0 135 0 0 82 64 200 66 90 
0 193 191 231 1 0 215 208 227 1 23 198 217 272 27 0 195 198 224 2 0 207 207 234 3 
0 0 2 1340 0 7 8 16 1313 3 0 0 11 1350 0 4 6 20 1408 6 0 0 10 1347 0 
