5915 5831 5441 5912 5268 6979 7061 6686 7043 6277 6682 6801 6332 6694 6099 6240 6359 6041 6432 5654 6209 6266 5900 6243 5541 
863 593 695 756 1266 395 107 255 223 773 575 251 401 353 959 692 380 494 528 1135 3005 2667 2761 2914 3406 
1668 2361 1593 1540 1882 300 845 210 120 362 711 1370 653 525 774 312 826 205 88 385 326 887 215 109 409 
0 2043 0 0 0 0 2096 0 0 0 0 1974 0 0 0 0 2065 0 0 0 0 1989 0 0 0 
28 31 100 1655 43 10 17 87 1598 29 495 470 576 2113 500 117 118 179 1777 156 25 22 108 1629 42 
31 157 20 6 11 31 210 29 8 5 21 180 3 0 1 1041 1213 1024 990 987 301 476 284 258 299 
1437 6 0 8 0 1464 18 19 35 22 1486 48 44 61 37 1467 2 0 14 0 1475 4 0 7 0 
0 0 1831 31 33 0 0 1855 26 27 0 0 1747 26 23 0 1 1847 20 21 0 0 1778 23 27 
0 0 7 21 24 1735 1654 1721 1685 1740 0 0 3 24 33 0 0 1 23 30 0 3 1 19 33 
12 487 0 773 0 173 610 143 963 156 112 508 80 892 75 155 577 121 917 108 42 412 0 796 0 
351 32 206 0 0 390 26 182 0 0 426 45 233 43 52 367 44 216 19 15 527 180 336 156 154 
0 4 48 0 1166 0 4 54 0 1143 0 2 65 0 1143 0 3 64 0 1232 1 5 49 0 1107 
0 14 0 288 0 115 123 104 385 129 94 104 88 422 85 0 15 0 318 0 278 277 270 606 285 
662 480 989 951 725 231 72 544 503 289 409 228 746 666 464 227 80 551 469 293 264 183 649 564 371 
585 586 605 638 586 0 0 0 0 0 0 0 0 0 0 0 0 0 0 0 0 0 0 0 0 
0 408 6 0 229 0 406 4 0 233 283 802 356 331 503 0 421 3 0 199 14 489 22 23 268 
110 0 0 0 0 264 145 134 144 130 162 20 18 20 15 191 47 46 52 41 99 0 0 0 0 
0 0 0 1 0 0 0 0 0 0 1117 1125 1080 1117 1183 0 0 0 0 0 0 0 0 0 0 
137 190 1039 410 125 374 428 1197 680 365 50 139 944 299 47 563 611 1455 746 507 242 306 1130 479 209 
118 0 508 97 0 120 0 471 93 0 355 273 704 338 247 145 16 491 119 12 110 0 502 81 0 
0 0 0 777 0 7 8 5 774 3 0 0 0 786 0 4 6 5 831 6 0 0 0 788 0 
147 40 60 143 406 611 503 507 596 889 372 293 293 442 629 118 11 47 106 414 154 52 111 169 433 
55 0 0 0 0 134 55 70 64 70 64 0 0 0 0 1121 1083 1116 1096 1020 52 0 0 0 0 
498 122 33 416 37 479 119 16 438 24 465 120 0 378 0 539 126 40 448 43 514 123 41 442 48 
0 112 0 0 0 0 108 0 0 0 0 106 0 0 0 0 96 0 0 0 513 572 519 508 466 
273 718 835 293 386 71 480 560 87 180 22 437 551 31 133 178 586 643 185 262 75 500 658 76 173 
0 0 61 0 0 365 336 482 355 390 0 0 69 0 0 0 0 89 1 2 75 57 142 64 85 
