3808 4332 3751 3807 2823 4027 4633 4123 3952 3039 3965 4554 4001 3975 3040 3841 4386 3891 3900 2893 3847 4381 3943 3761 2851 
713 255 445 351 605 490 41 226 81 362 1078 539 773 620 874 660 169 386 240 493 1807 1293 1450 1456 1621 
395 387 417 375 584 0 0 7 0 139 154 137 179 155 283 21 26 45 28 183 0 0 11 0 170 
0 2226 0 0 0 0 2280 0 0 0 0 2128 0 0 0 0 2198 0 0 0 0 2134 0 0 0 
35 14 47 1122 51 11 0 30 1072 30 573 520 613 1604 574 150 132 128 1159 180 24 7 43 1023 43 
0 0 3 0 0 0 5 0 1 0 0 0 2 0 0 761 750 732 721 741 231 213 240 244 261 
1408 11 0 4 0 1426 18 18 24 22 1483 23 22 27 16 1417 3 0 6 0 1440 4 0 8 0 
0 0 2088 29 38 0 0 2109 29 29 0 0 1951 23 29 1 0 2107 23 22 0 0 2016 16 27 
0 0 0 22 26 1701 1628 1664 1637 1667 0 0 0 23 31 0 0 0 24 29 0 0 0 20 33 
12 405 0 714 0 136 492 90 884 112 51 476 48 823 78 140 544 109 887 117 16 369 0 714 0 
281 17 236 0 0 265 12 222 0 0 277 11 248 7 1 241 9 227 0 0 283 25 239 10 10 
0 1 32 0 1275 2 4 34 0 1278 0 0 53 0 1271 0 1 41 1 1329 5 9 47 1 1272 
0 2 0 296 0 88 100 91 398 122 84 93 86 447 87 0 0 0 332 0 285 288 282 644 293 
441 360 688 669 341 100 43 382 393 51 325 247 645 550 233 84 27 391 336 42 147 83 465 403 86 
617 608 646 668 617 0 0 0 0 0 0 0 0 0 0 0 0 0 0 0 0 0 0 0 0 
0 410 0 0 164 0 406 0 0 171 235 718 260 265 404 0 469 0 0 168 14 469 20 25 205 
0 0 0 0 0 0 0 0 0 0 1141 1168 1120 1151 1218 0 0 0 0 0 0 0 0 0 0 
142 59 928 396 81 524 411 1300 770 409 63 39 809 283 22 667 553 1501 873 553 223 156 1031 433 119 
39 0 268 10 0 40 0 226 7 0 272 274 508 266 248 79 15 238 32 12 34 0 267 8 0 
237 133 272 74 514 592 498 639 397 839 573 521 634 481 783 170 98 195 16 395 205 124 245 61 481 
11 0 0 0 0 55 22 34 26 46 8 0 0 0 0 1088 1116 1141 1126 1048 6 0 0 0 0 
485 0 0 341 1 475 0 0 379 0 467 0 0 346 0 517 1 13 360 10 518 24 41 399 48 
315 897 912 332 474 84 658 679 98 225 33 586 638 43 184 246 774 791 240 362 163 703 790 155 301 
0 0 179 0 0 448 426 629 442 487 0 0 177 0 0 10 14 186 4 12 89 76 238 79 102 
0 275 246 406 1 0 278 229 373 1 13 265 249 453 13 0 245 230 379 2 0 261 254 395 5 
0 0 13 1400 0 7 8 26 1372 3 0 0 10 1384 0 4 6 26 1459 6 0 0 15 1416 0 
499 256 832 521 1120 439 177 762 409 1022 689 427 1037 714 1259 1077 810 1379 1082 1634 525 243 794 504 1098 
14 104 4 29 5 0 75 0 19 0 0 97 1 20 2 7 99 5 25 3 1026 1121 1062 1025 1023 
675 375 26 116 10 1223 937 522 652 455 962 604 186 203 119 833 496 108 204 80 651 383 16 105 9 
1233 1830 1127 1042 1168 375 889 177 90 190 569 1171 430 342 483 301 761 119 42 158 388 844 158 115 200 
396 437 449 636 553 30 16 14 192 81 14 13 5 155 80 20 12 12 186 94 212 184 159 346 247 
257 241 234 233 576 34 70 83 43 419 4 12 66 11 384 311 347 346 310 747 1000 1070 1048 1083 1434 
839 300 226 1117 1148 1618 990 971 2029 1972 843 366 235 1190 1286 549 100 64 880 941 1107 695 587 1498 1412 
38 280 8 6 12 58 314 48 51 65 25 307 0 0 0 282 525 267 304 268 55 311 15 7 5 
