4885 4880 4417 4848 4073 5610 5669 5262 5650 4830 5398 5452 4953 5468 4701 4569 4744 4346 4813 3891 5149 5212 4822 5133 4252 
1024 725 860 933 1491 412 154 305 250 839 595 282 466 409 1033 687 332 452 481 1132 2769 2406 2521 2634 3200 
352 371 390 336 521 0 0 6 0 107 147 126 155 137 232 20 22 40 21 137 0 0 10 0 126 
0 2149 0 0 0 0 2221 0 0 0 0 2081 0 0 0 0 2129 0 0 0 0 2050 0 0 0 
36 12 25 1043 46 11 0 14 1039 30 632 511 579 1536 592 141 119 105 1124 167 50 11 24 996 50 
32 197 17 7 10 28 207 20 26 30 21 189 6 0 1 1076 1280 1097 1062 1008 302 499 275 268 278 
1380 12 0 13 0 1434 21 16 24 17 1431 55 48 58 53 1379 10 0 12 0 1370 5 0 16 0 
0 0 2000 8 34 0 0 2011 4 29 0 3 1878 5 24 0 0 2028 5 24 0 0 1949 4 29 
0 0 0 21 29 1745 1657 1739 1717 1750 0 0 0 24 32 0 0 0 23 33 0 0 0 19 33 
16 410 0 734 0 134 504 84 890 100 54 418 39 799 51 130 490 98 867 88 39 374 0 737 0 
445 23 255 0 0 480 12 230 0 0 528 18 278 13 16 485 37 278 3 18 612 175 404 141 148 
0 5 31 0 1226 1 9 34 2 1206 0 0 42 0 1195 0 5 35 1 1274 4 16 38 1 1184 
0 0 0 281 0 95 103 87 376 118 76 91 76 407 69 0 0 0 316 0 272 269 264 596 283 
523 407 738 828 451 116 55 422 496 109 338 238 646 675 298 108 26 391 402 106 172 144 516 549 211 
585 586 605 638 586 0 0 0 0 0 0 0 0 0 0 0 0 0 0 0 0 0 0 0 0 
0 466 0 0 188 0 485 0 0 229 239 822 264 272 491 0 516 0 0 218 14 548 22 22 264 
0 0 0 0 0 0 0 0 0 0 1121 1166 1124 1142 1216 0 0 0 0 0 0 0 0 0 0 
131 95 997 398 71 571 432 1360 757 437 13 66 853 240 2 709 623 1548 895 587 243 186 1043 466 133 
25 0 363 108 0 15 0 333 83 0 303 286 622 390 265 22 0 329 110 2 21 0 344 91 0 
241 74 189 260 676 752 605 688 747 1228 594 460 561 708 1020 265 124 179 224 660 239 127 253 325 708 
35 0 0 0 0 58 7 9 8 13 45 0 0 0 0 1111 1083 1116 1096 1017 35 0 0 0 0 
410 43 33 383 37 353 1 0 380 0 352 0 0 349 0 426 44 36 404 34 422 25 40 404 44 
299 778 776 294 443 65 549 534 68 184 11 487 498 21 158 170 624 601 178 333 78 519 581 60 222 
0 0 186 0 0 553 485 720 552 576 0 0 187 0 0 12 12 203 6 10 107 87 270 92 115 
0 198 202 341 1 0 222 214 323 1 35 222 256 405 36 0 204 212 342 2 0 211 224 346 3 
0 0 2 1360 0 7 8 10 1368 3 0 0 5 1357 0 4 7 9 1435 6 0 0 3 1375 0 
561 296 780 537 1014 384 135 605 344 835 616 364 858 575 1002 1058 777 1292 1039 1489 448 221 697 451 928 
13 129 7 32 11 0 99 0 25 0 0 102 1 19 2 7 123 5 26 3 1029 1115 1017 1023 999 
589 408 18 111 14 1054 882 455 535 409 775 568 102 153 78 793 532 141 212 139 577 402 10 75 4 
1308 1951 1186 1202 1265 370 909 177 156 156 577 1289 489 399 435 305 823 137 82 144 349 868 149 130 142 
