4053 4638 3949 4064 3313 4628 5231 4639 4568 3803 4154 4744 4147 4153 3465 3978 4586 4031 4101 3244 3961 4553 4060 3916 3229 
578 223 440 321 522 335 32 210 39 298 734 400 620 433 694 415 90 289 104 341 1566 1262 1388 1373 1529 
341 353 359 328 529 0 0 6 0 119 146 132 159 153 262 20 22 40 20 152 0 0 10 0 136 
0 2198 0 0 0 0 2257 0 0 0 0 2127 0 0 0 0 2178 0 0 0 0 2087 0 0 0 
32 12 37 1046 48 13 0 29 988 33 564 514 574 1507 574 146 117 117 1114 172 26 8 31 973 44 
30 181 24 6 12 33 193 14 32 21 21 192 7 0 1 1099 1266 1081 1059 1012 299 491 265 262 284 
1321 12 0 8 0 1309 20 18 27 20 1318 34 28 38 24 1309 7 0 9 0 1319 4 0 12 0 
0 0 2065 19 34 0 0 2056 12 27 0 0 1927 8 24 0 0 2055 10 21 0 0 1984 9 27 
0 0 0 24 19 1759 1671 1730 1715 1753 0 0 0 24 23 0 0 0 23 21 0 0 0 19 23 
47 434 0 761 1 141 516 94 913 92 134 469 94 839 104 158 535 88 898 86 65 383 0 758 0 
420 20 234 0 0 452 16 218 0 0 494 27 266 14 32 462 43 258 6 19 600 166 381 143 146 
0 13 40 0 1284 1 13 55 2 1299 0 11 59 0 1272 0 9 62 1 1334 5 15 57 4 1281 
0 2 0 281 0 100 101 89 374 119 82 94 72 411 78 0 0 0 312 0 273 270 262 605 278 
444 420 725 788 439 102 25 378 403 77 290 233 617 568 219 65 23 384 371 61 122 97 463 436 108 
585 586 605 638 586 0 0 0 0 0 0 0 0 0 0 0 0 0 0 0 0 0 0 0 0 
0 444 0 0 186 0 445 0 0 187 237 791 275 282 446 0 471 0 0 176 15 514 25 24 224 
0 0 0 0 0 0 0 0 0 0 1124 1123 1091 1124 1165 0 0 0 0 0 0 0 0 0 0 
226 102 1067 438 91 641 464 1351 773 461 115 66 878 299 11 741 645 1607 915 626 301 206 1130 518 159 
12 0 255 53 0 11 0 215 48 0 256 284 481 319 263 22 0 220 65 0 7 0 245 55 0 
188 57 159 181 564 650 553 692 655 1088 507 409 521 621 891 189 99 175 174 571 162 103 202 242 606 
10 0 0 0 0 58 31 47 32 55 6 0 0 0 0 1115 1124 1166 1144 1073 9 0 0 0 0 
440 45 33 389 37 381 1 0 373 0 395 1 0 344 0 426 4 9 382 1 428 20 23 383 31 
273 709 730 285 385 68 535 506 73 139 9 480 470 16 121 175 575 563 193 253 51 485 540 54 132 
0 0 194 0 0 487 436 704 508 525 0 0 198 0 0 8 11 201 5 10 94 75 276 81 100 
0 230 223 311 1 0 231 224 277 1 41 256 313 381 37 0 230 241 300 2 0 228 253 307 3 
0 0 7 1411 0 7 9 20 1394 3 0 0 13 1424 0 4 6 23 1490 6 0 0 11 1422 0 
552 323 917 596 1214 397 194 702 413 1019 638 406 1013 695 1231 1033 801 1397 1067 1650 505 289 827 563 1201 
6 134 3 24 4 0 110 0 19 0 0 139 0 20 0 7 133 5 25 3 933 1037 953 950 914 
561 355 7 65 7 1035 751 374 468 344 746 487 88 130 64 776 482 96 158 98 589 366 16 63 10 
1291 1851 1129 1068 1190 402 876 210 147 204 629 1235 527 394 533 345 772 152 59 182 404 839 198 121 199 
311 339 326 365 357 16 1 0 49 0 15 1 2 40 2 18 1 0 54 0 185 170 128 209 181 
199 189 204 180 499 31 45 84 20 367 4 10 70 0 331 293 323 329 262 737 973 971 1008 905 1326 
970 345 345 1066 865 1191 674 670 1498 1182 1242 631 476 1324 1135 673 133 89 858 671 1409 831 740 1547 1185 
