3867 4285 3680 3782 2823 4069 4536 4033 3972 3002 3996 4461 3902 3943 2998 3824 4269 3787 3841 2819 3859 4318 3867 3748 2759 
749 242 509 341 632 506 38 251 66 366 1107 513 781 599 901 709 175 441 250 535 1912 1340 1580 1534 1730 
369 348 383 323 534 0 0 6 0 116 154 126 176 132 260 22 22 46 20 155 0 0 10 0 143 
0 2210 0 0 0 0 2296 0 0 0 0 2123 0 0 0 0 2190 0 0 0 0 2122 0 0 0 
43 12 30 1134 47 14 0 10 1118 34 661 577 637 1693 633 131 121 94 1206 169 38 9 11 1026 42 
0 0 3 0 0 0 5 0 1 0 0 0 3 0 0 729 730 705 701 715 215 196 228 230 255 
1443 3 0 4 0 1501 14 19 24 20 1518 33 33 30 25 1441 1 0 3 0 1472 2 0 2 0 
0 0 2048 14 36 0 0 2083 16 27 0 0 1938 6 25 0 0 2059 12 22 0 0 2007 10 30 
0 0 0 24 23 1772 1674 1717 1711 1714 0 0 0 24 35 0 0 0 24 29 0 0 0 19 32 
7 409 0 692 0 133 508 113 869 123 29 416 28 752 39 154 530 126 836 118 19 371 0 728 0 
293 17 228 0 0 266 11 215 0 0 314 10 245 8 1 287 25 249 0 0 293 26 244 10 10 
0 3 32 0 1248 1 9 35 2 1273 0 0 47 0 1269 0 4 41 1 1311 5 10 44 1 1246 
0 3 0 294 0 97 102 83 387 116 80 87 75 436 83 0 0 0 324 0 281 284 275 631 288 
409 352 668 640 346 91 37 389 359 50 295 225 606 494 214 82 33 380 312 45 114 96 431 348 71 
620 614 656 673 610 0 0 0 0 0 0 0 0 0 0 0 0 0 0 0 0 0 0 0 0 
0 434 0 0 158 0 468 0 0 178 243 791 259 277 420 0 495 0 0 170 14 496 23 23 219 
0 0 0 0 0 0 0 0 0 0 1108 1125 1076 1122 1169 0 0 0 0 0 0 0 0 0 0 
118 41 955 339 54 481 309 1233 661 361 63 18 816 247 3 593 498 1466 766 467 235 162 1056 425 137 
11 0 274 14 0 15 0 235 8 0 227 272 494 262 255 20 0 232 36 12 9 0 250 14 0 
212 101 213 52 498 598 532 674 429 873 578 552 654 493 804 165 100 182 34 429 196 126 247 101 516 
21 0 0 0 0 68 29 48 33 58 15 0 0 0 0 1121 1111 1136 1125 1044 13 0 0 0 0 
493 0 0 346 1 474 0 0 376 0 466 0 0 341 0 501 2 20 368 14 517 22 41 396 48 
314 912 899 335 507 98 670 651 103 241 48 581 607 51 218 256 801 784 268 388 117 671 714 111 284 
0 0 179 0 0 444 418 620 437 482 0 0 176 0 0 9 11 192 4 9 90 78 240 77 101 
0 279 251 436 1 0 303 236 383 1 33 296 282 479 40 0 246 245 386 2 0 259 252 419 3 
0 0 0 1361 0 8 8 20 1318 3 0 0 3 1361 0 4 6 10 1414 6 0 0 2 1349 0 
578 305 930 581 1138 531 261 876 584 1123 761 487 1161 828 1347 1118 826 1465 1132 1702 609 289 901 631 1172 
12 114 3 26 11 0 72 0 19 0 0 89 0 18 1 8 116 4 26 4 1033 1129 1052 1031 1017 
615 387 51 158 20 1109 895 549 636 481 826 607 216 235 125 769 495 130 224 99 611 382 49 133 46 
1220 1841 1120 1056 1162 353 855 185 116 210 558 1216 456 379 522 285 750 102 54 169 343 803 133 107 197 
433 489 489 739 668 37 23 20 254 118 17 14 6 242 108 24 16 10 240 121 208 187 153 411 274 
254 240 227 229 582 49 85 76 49 397 3 15 40 1 345 341 398 371 350 755 1006 1071 1070 1050 1414 
773 312 241 1117 1076 1479 968 913 1834 1802 773 374 269 1108 1162 595 188 123 921 933 1026 694 576 1374 1314 
36 262 8 6 12 54 305 45 55 67 28 288 0 0 0 289 527 278 301 280 66 327 20 15 8 
