3751 4429 3828 3887 3019 4052 4736 4207 4034 3223 3819 4557 3986 4004 3098 3774 4439 3946 3969 3026 3810 4497 3949 3865 2967 
743 265 456 330 567 507 42 204 48 276 1134 546 763 580 837 683 180 351 217 409 1878 1338 1512 1453 1626 
408 382 450 355 580 0 0 15 0 125 154 128 177 131 275 21 23 43 20 160 0 0 11 0 147 
0 2168 0 0 0 0 2246 0 0 0 0 2093 0 0 0 0 2160 0 0 0 0 2079 0 0 0 
34 15 32 1080 46 17 0 16 1043 29 638 551 591 1556 584 143 115 113 1159 171 34 7 21 985 43 
0 0 3 0 0 0 4 0 1 0 0 0 2 0 0 740 748 714 712 726 229 214 230 243 256 
1404 4 0 3 0 1446 3 9 9 14 1438 19 22 24 15 1430 2 0 2 0 1428 1 0 4 0 
0 0 2148 3 35 0 0 2132 3 25 0 0 1983 1 26 0 0 2128 5 20 0 0 2074 4 25 
0 0 0 23 10 1835 1741 1798 1768 1826 0 0 0 24 15 0 0 0 24 14 0 0 0 20 16 
26 425 0 702 0 108 497 67 855 87 68 434 35 793 50 114 519 74 806 87 47 374 0 723 0 
294 17 251 0 0 271 11 232 0 0 276 13 253 5 1 296 25 250 0 0 296 27 238 10 11 
0 1 23 0 1252 2 5 31 2 1245 0 0 41 0 1268 0 4 35 1 1293 3 5 33 1 1222 
0 2 0 286 0 79 85 89 362 105 79 86 80 420 81 0 0 0 314 0 272 267 269 603 284 
423 363 679 677 354 54 23 401 367 57 269 214 592 517 199 52 11 381 319 42 114 67 468 387 68 
585 586 605 638 586 0 0 0 0 0 0 0 0 0 0 0 0 0 0 0 0 0 0 0 0 
0 403 0 0 174 0 394 0 0 174 240 713 279 272 421 0 447 0 0 166 14 461 21 22 211 
0 0 0 0 0 0 0 0 0 0 1117 1140 1094 1121 1186 0 0 0 0 0 0 0 0 0 0 
149 32 864 350 47 510 352 1239 708 400 89 20 774 264 14 653 528 1462 822 542 202 124 934 348 82 
6 0 254 9 0 11 0 209 9 0 239 265 460 260 245 10 0 207 32 12 3 0 243 16 0 
251 69 257 50 485 660 521 712 456 899 641 567 721 547 894 188 68 210 24 416 215 76 299 83 512 
55 0 0 0 0 87 9 15 10 23 64 0 0 0 0 1144 1113 1140 1130 1049 53 0 0 0 0 
498 0 0 358 1 474 0 0 382 0 468 0 0 347 0 503 6 8 359 1 500 20 29 385 40 
301 799 831 308 444 71 585 589 81 223 21 539 564 25 205 164 647 651 174 326 147 625 702 154 299 
0 0 179 0 0 444 419 620 437 482 0 0 177 0 0 8 12 193 5 9 89 75 245 73 98 
0 297 269 497 1 0 293 255 442 2 39 297 315 540 41 0 254 252 440 2 0 269 279 462 4 
0 0 3 1325 0 7 8 16 1291 3 0 0 7 1324 0 4 6 19 1392 6 0 0 9 1327 0 
459 233 742 439 1005 422 157 663 368 932 656 397 956 649 1148 1034 781 1322 1018 1543 491 225 706 429 1023 
14 111 3 30 5 0 70 0 19 0 0 99 0 19 1 10 104 4 27 4 992 1079 1020 1008 970 
617 423 31 191 12 1238 1015 543 763 469 851 622 209 280 107 841 580 159 321 101 613 398 49 194 14 
1266 1869 1144 1106 1251 395 911 195 135 250 589 1231 471 386 534 305 755 123 58 208 340 827 156 98 211 
384 454 449 628 599 15 9 10 164 55 16 15 5 123 67 25 11 16 175 71 238 196 162 357 261 
240 211 213 237 538 65 117 120 66 423 3 14 66 6 350 326 373 394 339 789 1069 1152 1157 1127 1486 
946 320 331 1197 1151 1422 850 860 1945 1815 970 419 343 1343 1333 659 164 136 976 1011 1170 697 626 1564 1458 
36 337 32 7 25 56 328 88 52 74 23 317 20 0 7 350 611 347 339 318 54 370 34 9 22 
