3792 4279 3672 3710 2814 3990 4572 4014 3899 2984 4015 4586 3944 3959 3028 3864 4331 3835 3891 2925 3845 4399 3850 3766 2779 
771 254 474 321 612 539 46 255 93 336 1173 567 862 662 930 692 177 395 260 479 1894 1318 1541 1547 1696 
419 395 427 399 607 0 0 6 0 132 172 135 189 160 292 27 22 44 22 168 0 0 11 0 139 
0 2198 0 0 0 0 2280 0 0 0 0 2125 0 0 0 0 2204 0 0 0 0 2111 0 0 0 
51 15 43 1107 25 14 0 28 1083 15 656 552 622 1631 604 145 136 122 1181 162 42 9 37 1048 18 
0 0 3 0 0 0 9 0 1 0 0 0 2 0 0 726 738 725 706 724 220 198 209 216 235 
1388 8 0 3 0 1422 15 19 22 22 1469 41 41 53 38 1416 1 0 6 0 1448 3 0 5 0 
0 0 2100 14 36 0 0 2125 16 29 0 0 1983 10 25 0 0 2121 12 23 0 0 2082 11 31 
0 0 0 24 23 1771 1699 1742 1707 1750 0 0 0 26 33 0 0 0 22 30 0 0 0 19 32 
5 392 0 681 0 112 498 68 849 72 26 407 23 738 33 110 501 70 817 80 29 361 0 686 0 
273 16 236 0 0 263 11 215 0 0 282 10 241 7 1 241 9 227 0 0 297 26 242 11 11 
0 1 24 1 1280 1 8 32 6 1284 0 0 40 0 1269 0 1 43 1 1308 7 7 36 7 1267 
0 2 0 305 0 85 96 83 388 117 74 84 82 437 85 0 0 0 339 0 277 280 276 637 296 
436 356 684 668 338 109 34 385 383 38 326 248 617 534 205 104 50 386 342 54 173 144 483 405 101 
618 613 648 673 603 0 0 0 0 0 0 0 0 0 0 0 0 0 0 0 0 0 0 0 0 
0 421 0 0 171 0 416 0 0 182 235 746 260 274 426 0 461 0 0 178 15 471 18 22 214 
0 0 0 0 0 0 0 0 0 0 1096 1134 1076 1117 1177 0 0 0 0 0 0 0 0 0 0 
121 86 880 428 82 484 358 1230 710 400 43 53 725 282 16 614 527 1421 822 523 154 110 913 394 79 
40 0 306 19 0 37 0 258 12 0 279 273 532 276 251 64 15 273 31 12 20 0 281 14 0 
272 138 328 114 573 665 539 736 460 948 646 548 725 550 905 224 128 237 65 466 232 131 294 104 554 
24 0 0 0 0 62 12 25 18 26 29 0 0 0 0 1117 1116 1139 1135 1047 19 0 0 0 0 
493 0 0 349 1 475 0 0 375 0 468 0 0 341 0 508 1 14 360 14 519 18 41 391 48 
325 906 933 343 499 101 659 680 110 233 56 622 643 61 236 254 775 825 259 404 177 700 776 149 333 
0 0 180 0 0 451 422 626 448 489 0 0 178 0 0 11 13 190 7 9 94 82 251 77 103 
0 263 246 431 1 0 274 229 388 1 38 280 283 499 43 0 238 232 385 2 0 245 255 429 3 
0 0 1 1362 0 7 8 11 1329 3 0 0 6 1356 0 4 6 11 1425 6 0 0 4 1362 0 
495 223 790 512 1044 447 160 741 464 1001 709 396 1046 722 1237 1069 798 1370 1070 1604 537 207 738 520 1081 
14 124 4 30 5 0 85 0 19 0 0 107 1 19 2 7 98 4 25 3 1001 1122 1048 1049 1016 
682 381 19 127 14 1222 896 511 615 469 910 582 183 214 108 823 463 108 191 87 655 364 35 115 40 
1277 1863 1155 1077 1207 364 866 190 110 173 595 1226 470 390 496 311 782 127 60 170 418 888 226 144 241 
442 517 485 728 653 19 18 8 250 118 16 15 6 214 96 20 14 11 210 100 207 202 156 400 277 
250 231 224 220 542 47 85 94 50 406 4 17 65 5 349 296 324 335 291 702 1051 1106 1108 1063 1404 
666 258 207 1063 1045 1511 1055 975 1957 1936 553 229 141 1024 1117 493 195 107 891 935 901 641 545 1337 1342 
36 275 8 7 12 50 310 49 58 72 31 313 0 0 0 337 562 306 353 307 69 327 20 26 16 
