3812 4436 3793 3927 3016 4119 4830 4237 4147 3243 3963 4650 4036 4094 3178 3815 4518 3896 4008 3022 3909 4542 4000 3926 2974 
763 242 401 277 518 569 38 188 34 285 1106 541 718 525 772 723 170 342 180 382 1792 1271 1399 1371 1500 
434 419 471 375 631 0 0 11 0 160 160 131 185 138 312 25 23 52 20 177 0 0 12 0 175 
0 2158 0 0 0 0 2236 0 0 0 0 2068 0 0 0 0 2154 0 0 0 0 2078 0 0 0 
35 13 41 1115 34 10 0 27 1070 17 670 545 603 1603 580 154 133 117 1209 161 37 7 28 1025 32 
0 0 3 0 0 0 5 0 1 0 0 0 2 0 0 694 697 677 661 684 202 193 202 199 218 
1399 8 0 3 0 1413 6 8 11 10 1442 31 34 35 23 1405 3 0 6 0 1430 3 0 9 0 
0 0 2058 36 35 0 0 2066 30 27 0 0 1944 23 26 0 0 2078 19 24 0 0 2007 23 28 
0 0 0 18 8 1856 1756 1814 1790 1825 0 0 0 21 7 0 0 0 16 5 0 0 0 13 15 
40 435 0 703 0 135 522 86 860 107 97 462 89 801 94 111 513 66 799 72 51 388 0 734 0 
253 17 225 0 0 239 11 203 0 0 240 10 219 5 1 219 8 217 0 0 254 27 220 10 10 
0 5 42 0 1298 1 6 53 1 1298 0 0 63 0 1290 0 3 60 1 1346 2 8 55 1 1265 
0 3 0 282 0 45 60 60 351 88 72 84 75 420 84 0 0 0 315 0 265 271 270 602 285 
389 345 689 644 349 64 20 405 356 37 265 202 602 492 191 49 13 389 311 28 97 98 446 378 62 
585 586 605 638 586 0 0 0 0 0 0 0 0 0 0 0 0 0 0 0 0 0 0 0 0 
0 388 0 0 161 0 373 0 0 163 237 694 260 259 405 0 409 0 0 162 14 443 17 22 201 
0 0 0 0 0 0 0 0 0 0 1086 1136 1081 1128 1188 0 0 0 0 0 0 0 0 0 0 
170 65 978 389 63 516 381 1349 727 417 112 44 848 290 25 671 538 1544 822 555 226 143 1075 411 118 
50 0 261 5 0 53 0 230 0 0 287 262 475 255 247 87 16 233 26 12 50 0 259 3 0 
246 108 254 104 508 653 548 714 483 920 604 543 715 568 877 232 140 258 79 487 225 123 322 131 549 
35 0 0 0 0 84 24 32 23 36 45 0 0 0 0 1131 1114 1141 1123 1048 33 0 0 0 0 
487 0 0 364 1 475 3 0 384 0 466 0 0 347 0 506 2 7 363 1 507 24 29 385 38 
306 791 836 304 447 62 570 598 79 216 12 518 546 26 202 155 655 637 178 325 140 602 682 116 282 
0 0 182 0 0 444 422 631 442 491 0 0 179 0 0 8 10 195 4 9 89 74 246 77 100 
0 269 247 368 1 0 281 228 345 1 40 280 278 426 41 0 234 231 327 2 0 263 257 378 4 
0 0 1 1399 0 7 8 14 1348 4 0 0 7 1392 0 4 6 14 1472 6 0 0 9 1397 0 
479 297 786 510 1060 394 147 643 343 906 605 364 918 613 1113 1014 772 1291 1033 1532 489 221 706 490 1024 
19 125 4 31 7 2 88 0 19 0 0 127 1 19 2 9 102 4 26 3 996 1079 1019 998 967 
600 393 73 192 33 1169 919 544 675 470 796 573 204 243 93 749 494 138 236 87 532 356 34 151 3 
1269 1881 1175 1108 1306 358 886 153 149 246 604 1234 471 429 580 306 766 105 82 231 411 856 182 158 300 
336 396 387 504 483 15 7 1 130 31 12 7 3 120 46 17 12 5 123 38 188 169 136 284 213 
217 184 212 191 498 63 92 110 53 389 3 8 71 1 336 339 379 418 332 738 1066 1139 1143 1072 1443 
926 296 323 1223 1123 1439 827 854 1913 1775 946 428 345 1288 1287 630 112 146 990 994 1196 686 651 1540 1470 
40 355 30 6 21 63 365 76 56 74 31 354 14 0 2 424 690 417 418 391 100 406 70 50 80 
