3818 4254 3632 3756 2776 4044 4548 4009 3929 2934 3875 4378 3742 3868 2884 3824 4251 3706 3803 2824 3841 4332 3769 3726 2739 
825 262 491 406 630 566 33 207 155 347 1431 730 997 811 1092 756 168 414 343 481 1999 1394 1592 1672 1746 
379 366 409 342 559 0 0 7 0 134 155 129 170 132 289 21 23 43 20 152 0 0 11 0 141 
0 2217 0 0 0 0 2303 0 0 0 0 2118 0 0 0 0 2202 0 0 0 0 2104 0 0 0 
40 13 25 1101 25 12 0 6 1080 9 588 508 554 1566 549 148 123 94 1198 170 45 8 14 999 17 
0 0 5 0 0 0 4 0 1 0 0 0 2 0 0 695 696 679 661 682 200 190 200 200 214 
1557 4 0 4 0 1619 19 23 22 24 1589 18 19 19 16 1586 1 0 4 0 1609 4 0 4 0 
0 0 1959 25 15 0 0 1972 30 18 0 0 1862 22 22 0 0 1962 17 6 0 0 1912 17 8 
0 0 0 23 24 1767 1700 1761 1721 1744 0 0 0 26 31 0 0 0 23 29 0 0 0 20 34 
7 411 0 714 0 106 509 71 886 96 33 415 23 801 33 133 545 87 881 104 8 388 0 746 0 
285 20 278 0 0 255 11 275 0 0 273 12 278 6 1 223 9 278 0 0 292 33 282 11 15 
0 1 27 0 1204 1 8 26 1 1200 0 4 40 0 1226 0 2 38 2 1214 2 4 33 1 1181 
0 2 0 288 0 93 98 88 374 117 76 89 83 417 80 0 0 0 315 0 272 271 270 605 284 
391 331 681 624 352 74 19 392 344 53 293 222 615 498 226 52 23 374 308 44 121 98 465 389 100 
600 610 651 672 615 0 0 0 0 0 0 0 0 0 0 0 0 0 0 0 0 0 0 0 0 
0 424 0 0 176 0 437 0 0 177 237 749 269 276 431 0 478 0 0 183 14 485 18 22 219 
0 0 0 0 0 0 0 0 0 0 1179 1183 1154 1190 1252 0 0 0 0 0 0 0 0 0 0 
141 84 975 404 90 461 300 1276 682 372 52 45 832 266 12 640 538 1513 783 542 157 113 1016 369 123 
17 0 315 29 0 16 0 268 14 0 259 278 544 294 252 35 6 294 40 9 6 0 318 21 0 
259 137 266 93 500 651 565 704 446 907 639 586 687 520 825 205 107 224 48 443 221 128 283 83 477 
56 0 0 0 0 104 26 34 20 39 65 0 0 0 0 1134 1110 1139 1126 1043 52 0 0 0 0 
424 0 0 347 1 399 0 0 374 0 401 0 0 345 0 436 9 13 366 12 453 21 41 389 48 
341 936 951 318 546 96 657 717 103 312 50 614 663 51 272 275 799 866 258 494 151 710 779 133 394 
0 0 177 0 0 444 419 620 437 482 0 0 177 0 0 7 11 191 4 11 91 76 245 76 103 
0 247 230 337 1 0 273 221 301 1 37 274 268 383 40 0 230 222 289 2 0 242 244 320 3 
0 0 12 1413 0 7 8 30 1381 3 0 0 13 1416 0 4 6 23 1493 6 0 0 13 1417 0 
519 263 862 563 1143 511 235 800 519 1090 704 449 1116 788 1335 1033 762 1404 1079 1623 583 261 876 621 1155 
11 104 2 27 5 0 58 0 19 0 0 100 0 22 0 8 114 4 28 3 1093 1214 1108 1106 1087 
588 432 68 186 36 1058 887 508 648 447 813 639 215 257 138 774 568 151 260 122 550 401 32 149 9 
1254 1874 1140 1065 1240 354 885 173 103 248 586 1258 491 391 559 291 775 103 59 264 365 832 165 116 305 
402 451 442 645 605 41 25 28 255 116 15 14 5 187 110 22 10 12 203 115 199 186 148 380 280 
253 245 221 234 566 65 124 115 61 452 4 13 67 9 343 345 388 401 339 786 1051 1125 1122 1093 1443 
693 279 249 1093 1066 1452 982 959 1858 1851 520 204 100 1000 984 512 211 156 895 878 849 537 478 1223 1183 
30 248 9 7 12 52 298 45 56 63 27 267 0 0 0 318 521 287 334 280 77 313 42 46 48 
