4925 4930 4517 5023 4171 5731 5757 5454 6003 5029 5542 5573 5088 5706 4910 4768 4840 4460 5044 4094 5319 5310 4934 5326 4411 
908 597 783 843 1370 366 112 260 210 779 545 270 472 350 985 578 291 427 414 1074 2694 2435 2529 2626 3199 
462 509 513 471 669 0 0 6 0 116 150 134 161 167 251 20 23 44 23 152 0 0 10 0 143 
0 2200 0 0 0 0 2253 0 0 0 0 2111 0 0 0 0 2167 0 0 0 0 2100 0 0 0 
46 14 54 1048 38 12 0 30 1000 22 643 529 622 1558 579 155 125 118 1136 173 33 8 37 993 37 
10 103 14 2 10 20 158 13 12 21 7 133 5 0 1 1073 1218 1088 1084 1011 298 457 283 270 310 
1459 9 0 13 0 1445 5 9 16 7 1495 33 41 51 33 1447 3 0 12 0 1456 4 0 13 0 
0 0 1911 23 33 0 0 1924 14 27 0 0 1831 8 25 0 0 1940 12 21 0 0 1865 12 27 
0 0 0 14 25 1743 1642 1698 1690 1717 0 0 0 20 31 0 0 0 15 30 0 0 0 14 33 
10 405 0 666 0 103 508 93 805 108 32 408 26 723 31 121 500 91 771 87 12 349 0 678 0 
359 19 218 0 0 397 13 195 0 0 424 16 243 7 10 375 18 230 3 1 530 171 344 145 143 
0 2 31 0 1200 1 5 27 0 1186 0 0 53 0 1190 0 2 39 1 1240 2 4 31 1 1171 
0 14 0 288 0 115 123 104 385 129 94 104 88 422 85 0 15 0 318 0 278 277 270 606 285 
525 429 803 868 506 123 50 453 494 124 318 240 658 651 308 81 20 390 399 97 176 130 551 566 184 
585 586 605 638 586 0 0 0 0 0 0 0 0 0 0 0 0 0 0 0 0 0 0 0 0 
0 457 0 0 225 0 460 0 0 245 139 725 191 180 438 0 499 0 0 217 14 558 23 24 282 
0 0 0 0 0 0 0 0 0 0 1212 1253 1195 1233 1297 0 0 0 0 0 0 0 0 0 0 
54 29 932 330 59 563 460 1310 735 468 3 41 792 224 4 624 596 1484 827 589 174 152 971 412 114 
118 0 389 107 0 120 0 374 110 0 365 281 615 368 261 145 16 364 125 12 110 0 396 97 0 
217 62 166 216 619 659 548 686 671 1136 539 434 534 625 923 237 113 225 229 646 187 102 240 286 641 
18 0 0 0 0 66 16 32 19 33 23 0 0 0 0 1122 1111 1129 1109 1036 20 0 0 0 0 
421 76 33 387 37 386 46 0 389 0 376 34 0 353 0 418 73 40 408 43 425 65 41 409 48 
281 749 811 288 394 56 515 569 67 172 4 443 513 3 91 164 581 655 171 282 32 410 592 35 115 
0 0 166 1 0 480 439 653 507 514 0 0 174 0 1 9 10 197 4 10 115 92 252 97 102 
0 198 202 269 1 0 222 213 259 1 35 222 255 338 36 0 204 212 275 2 0 211 224 284 3 
0 0 14 1442 0 7 8 27 1419 3 0 0 16 1439 0 4 6 28 1512 6 0 0 17 1436 0 
538 312 726 464 972 373 116 549 266 789 554 317 795 507 907 1004 781 1233 950 1411 446 239 628 370 912 
11 110 5 29 6 0 73 0 20 0 0 90 1 18 1 7 118 5 25 3 993 1079 1035 992 998 
579 441 24 171 21 1091 925 473 610 434 752 595 127 201 102 770 566 128 240 118 574 419 28 127 19 
1364 1964 1160 1115 1245 391 977 183 119 176 649 1310 490 409 502 355 790 151 72 167 413 898 175 135 179 
