5080 4963 4654 5156 4322 5819 5852 5574 6067 5091 5619 5603 5194 5790 4950 4860 4885 4543 5173 4153 5372 5329 5127 5413 4473 
866 576 751 740 1299 324 113 245 202 778 483 278 441 306 962 599 299 470 418 1070 2713 2486 2494 2614 3195 
464 494 504 491 652 0 0 6 0 115 154 133 157 165 253 20 22 40 25 145 0 0 10 0 146 
0 2158 0 0 0 0 2219 0 0 0 0 2080 0 0 0 0 2151 0 0 0 0 2063 0 0 0 
42 14 43 1031 38 10 0 25 999 17 598 492 591 1507 562 145 125 121 1104 174 31 7 30 978 29 
8 163 17 1 8 24 207 18 9 22 9 133 4 0 1 1112 1295 1101 1100 1037 308 480 288 271 316 
1465 9 0 5 0 1488 10 8 14 11 1501 34 42 49 30 1448 4 0 5 0 1473 3 0 6 0 
0 0 1942 20 33 0 0 1945 15 27 0 0 1856 11 24 0 0 1954 19 21 0 0 1889 9 27 
0 0 0 15 24 1751 1661 1718 1704 1755 0 0 0 15 31 1 0 0 10 32 0 0 0 13 34 
14 408 0 702 0 150 497 120 836 123 65 418 44 757 52 148 502 126 827 118 21 351 0 704 0 
376 19 227 0 0 404 12 195 0 0 440 21 242 12 7 374 22 230 3 1 522 164 349 140 147 
0 1 29 0 1210 0 5 33 2 1202 0 0 46 0 1198 0 3 42 1 1247 3 4 33 1 1183 
0 14 0 288 0 115 123 104 385 129 94 104 88 422 85 0 15 0 318 0 278 277 270 606 285 
543 451 831 909 523 156 46 504 506 131 357 231 698 657 317 77 25 429 412 85 183 113 531 543 165 
585 586 605 638 586 0 0 0 0 0 0 0 0 0 0 0 0 0 0 0 0 0 0 0 0 
0 469 0 0 222 0 488 0 0 264 183 771 240 225 493 0 497 0 0 224 15 565 23 23 293 
0 0 0 0 0 0 0 0 0 0 1190 1223 1157 1226 1241 0 0 0 0 0 0 0 0 0 0 
65 31 919 341 54 504 434 1243 717 461 3 33 770 234 2 572 581 1425 787 556 150 146 952 405 98 
118 0 367 110 0 120 0 361 110 0 365 282 612 362 260 145 16 363 128 12 110 0 382 100 0 
227 62 173 216 646 683 566 683 677 1124 549 457 561 631 935 250 140 214 240 654 226 124 248 293 664 
19 0 0 0 0 69 16 28 15 32 24 0 0 0 0 1104 1083 1116 1096 1018 17 0 0 0 0 
408 76 33 389 37 379 46 0 392 0 366 34 0 355 0 416 73 40 408 43 423 65 41 410 48 
281 754 805 289 395 61 519 581 63 133 1 441 525 1 70 151 569 652 150 261 40 430 573 40 107 
0 0 156 0 0 475 426 638 509 486 0 0 167 0 0 7 9 196 7 10 107 93 248 91 99 
0 198 200 261 1 0 222 213 262 1 35 222 256 334 36 0 204 211 263 2 0 211 222 285 3 
0 0 21 1471 0 8 8 32 1420 4 0 0 12 1463 0 4 6 29 1527 6 0 0 21 1455 0 
421 277 623 352 899 290 93 389 170 733 477 300 667 432 890 895 724 1093 828 1354 366 203 516 290 854 
8 113 6 26 7 0 71 0 19 0 0 104 2 21 1 7 107 4 26 3 1010 1087 1045 1000 1008 
581 432 25 151 16 1025 864 461 588 421 757 577 117 197 107 802 535 129 241 125 549 408 26 129 24 
1319 1947 1146 1114 1215 393 933 211 139 176 631 1325 497 389 495 340 794 150 63 171 384 861 158 135 158 
