5074 4971 4588 5141 4269 5755 5775 5499 5963 4968 5652 5576 5185 5740 4913 4829 4848 4506 5058 4096 5400 5411 5115 5415 4499 
838 595 762 692 1293 333 97 280 193 755 469 226 415 259 908 590 306 498 410 1033 2568 2260 2409 2491 3020 
467 490 489 479 632 0 0 6 0 116 150 135 158 159 255 9 16 35 23 145 0 0 13 0 146 
0 2162 0 0 0 0 2239 0 0 0 0 2088 0 0 0 0 2151 0 0 0 0 2062 0 0 0 
40 13 39 1052 35 12 0 25 1019 19 614 515 627 1577 571 146 126 121 1128 168 31 7 29 994 29 
5 139 9 1 6 15 183 12 6 15 8 125 4 0 1 1088 1274 1074 1074 1034 304 486 276 270 307 
1465 10 0 5 0 1477 4 7 15 8 1518 38 38 54 29 1449 1 0 5 0 1475 3 0 6 0 
0 0 1963 16 33 0 0 1962 20 27 0 0 1871 7 25 0 0 1985 10 21 0 0 1905 10 28 
0 0 0 14 23 1765 1654 1714 1707 1746 0 0 0 17 31 0 0 0 6 30 0 0 0 11 35 
9 408 0 700 0 141 503 112 825 125 44 421 29 753 47 138 498 127 800 121 22 358 0 667 0 
380 20 226 0 0 424 15 195 0 0 455 14 245 11 9 383 15 241 3 1 541 175 370 137 146 
0 2 27 0 1216 0 6 33 1 1205 0 0 48 0 1192 0 1 40 2 1264 3 8 33 1 1207 
0 14 0 288 0 115 123 104 385 129 94 104 88 422 85 0 15 0 318 0 278 277 270 606 285 
561 433 838 952 522 137 66 481 539 127 332 239 670 681 316 104 28 402 446 94 180 126 532 571 198 
585 586 605 638 586 0 0 0 0 0 0 0 0 0 0 0 0 0 0 0 0 0 0 0 0 
0 469 0 0 235 0 483 0 0 248 180 773 229 225 489 0 512 0 0 240 15 567 23 25 318 
0 0 0 0 0 0 0 0 0 0 1205 1246 1158 1212 1249 0 0 0 0 0 0 0 0 0 0 
60 40 926 327 71 518 423 1262 724 488 4 36 785 228 5 603 583 1439 808 570 191 177 963 422 126 
118 0 366 108 0 120 0 362 103 0 360 283 600 364 261 145 16 355 128 12 110 0 377 100 0 
226 72 177 236 663 726 614 717 723 1220 550 451 561 669 990 251 140 220 262 675 230 135 260 332 696 
16 0 0 0 0 58 14 24 14 29 25 0 0 0 0 1102 1083 1116 1096 1020 18 0 0 0 0 
405 76 33 389 37 368 46 0 390 0 373 34 0 351 0 418 73 40 408 43 429 65 41 410 48 
277 752 799 291 405 60 520 543 64 164 1 445 518 0 93 160 567 625 171 252 51 436 578 47 120 
0 0 152 0 0 460 415 632 474 479 0 0 159 0 0 1 4 183 0 2 126 101 245 109 99 
0 198 201 270 1 0 222 213 261 1 35 222 256 347 36 0 204 212 263 2 0 211 224 265 3 
0 0 15 1467 0 7 8 28 1426 3 0 0 12 1451 0 4 6 25 1544 6 0 0 19 1493 0 
422 269 647 324 887 294 97 445 173 722 495 324 704 426 880 929 738 1142 848 1375 393 231 562 312 885 
9 118 2 29 5 0 71 0 19 0 0 97 0 18 0 7 115 4 26 3 970 1062 1021 984 961 
572 396 23 153 17 1030 866 449 596 434 683 538 102 166 97 773 544 135 263 127 543 383 16 120 13 
1361 1982 1190 1144 1251 433 987 230 180 208 654 1366 524 424 520 348 822 153 79 188 423 929 195 156 187 
