3892 4340 3706 3792 2855 4105 4575 4034 3909 2994 4050 4523 3891 3919 2966 3874 4329 3811 3865 2862 3884 4371 3871 3753 2786 
763 260 510 340 639 506 44 244 92 394 1092 516 784 615 905 720 174 426 281 521 1902 1333 1530 1548 1755 
368 347 394 321 524 0 0 6 0 118 153 126 170 133 262 22 22 46 20 150 0 0 11 0 142 
0 2193 0 0 0 0 2285 0 0 0 0 2128 0 0 0 0 2190 0 0 0 0 2121 0 0 0 
45 17 23 1149 49 13 0 12 1111 32 678 585 663 1679 641 135 119 94 1223 161 44 8 14 1072 43 
0 0 3 0 0 0 6 0 1 0 0 0 2 0 0 726 723 701 691 703 210 198 221 231 250 
1460 4 0 5 0 1510 16 20 24 23 1523 30 32 32 25 1471 1 0 2 0 1479 2 0 2 0 
0 0 2041 18 35 0 0 2066 16 28 0 0 1933 9 24 0 0 2069 13 24 0 0 1993 11 28 
0 0 0 23 24 1752 1669 1717 1703 1719 0 0 0 25 33 0 0 0 22 29 0 0 0 19 35 
6 417 0 678 0 139 514 108 879 121 37 406 21 745 34 151 525 127 850 117 19 382 0 703 0 
291 17 249 0 0 276 12 231 0 0 299 12 247 6 1 293 22 249 0 0 296 25 240 10 12 
0 6 31 0 1253 1 9 42 2 1278 0 0 49 0 1267 0 3 44 1 1290 6 12 45 3 1233 
0 3 0 300 0 89 115 85 398 123 83 90 86 435 85 0 0 0 327 0 288 289 279 629 289 
410 359 647 647 327 95 38 379 364 39 295 223 594 499 199 72 29 365 308 37 111 87 443 346 48 
614 612 656 672 612 0 0 0 0 0 0 0 0 0 0 0 0 0 0 0 0 0 0 0 0 
0 422 0 0 156 0 445 0 0 177 246 774 260 277 423 0 482 0 0 168 15 492 20 23 209 
0 0 0 0 0 0 0 0 0 0 1103 1135 1080 1125 1186 0 0 0 0 0 0 0 0 0 0 
129 30 971 374 64 462 319 1272 678 339 68 19 812 248 6 599 508 1469 778 490 230 131 1085 408 126 
13 0 275 13 0 14 0 224 15 0 232 270 496 273 251 20 4 229 31 12 7 0 258 12 0 
216 107 230 52 519 603 512 678 435 912 580 557 680 513 858 172 100 183 24 442 191 125 236 78 529 
16 0 0 0 0 80 31 49 31 56 16 0 0 0 0 1110 1112 1141 1126 1043 13 0 0 0 0 
484 0 0 330 1 474 0 0 374 0 468 0 0 339 0 505 4 14 369 15 520 19 41 390 48 
302 881 860 324 486 81 652 645 100 235 46 576 601 46 207 234 786 766 255 381 106 627 712 105 254 
0 0 179 0 0 444 417 620 437 482 0 0 177 0 0 7 10 191 4 10 91 77 244 79 100 
0 294 255 436 1 0 297 241 390 1 38 294 288 490 40 0 260 236 390 2 0 262 255 430 3 
0 0 0 1353 0 7 8 12 1315 3 0 0 4 1353 0 4 6 9 1415 6 0 0 3 1357 0 
531 293 906 537 1110 517 267 853 558 1118 714 471 1144 791 1325 1106 836 1448 1123 1698 564 258 873 582 1151 
11 121 7 30 8 0 75 0 20 0 0 92 3 18 1 7 105 4 25 3 1064 1187 1055 1055 1052 
580 377 60 161 22 1092 864 545 623 488 806 589 218 242 126 741 487 139 223 108 575 381 53 131 47 
1230 1819 1103 1038 1169 320 854 165 120 165 551 1209 445 372 492 293 755 120 59 170 361 824 148 107 179 
446 486 493 767 670 37 22 25 268 134 12 13 5 229 107 22 15 10 209 116 209 193 156 413 275 
255 249 216 235 554 53 82 76 37 359 3 13 34 1 343 333 378 384 342 758 1015 1075 1057 1057 1389 
795 298 254 1115 1098 1527 1004 944 1874 1834 784 361 267 1147 1195 572 197 131 910 941 1030 680 611 1388 1357 
33 263 8 6 11 51 299 42 46 64 24 284 0 0 0 288 504 272 293 265 71 311 22 12 16 
