5013 4901 4603 5157 4275 5786 5744 5467 6044 4975 5586 5621 5222 5810 4904 4781 4837 4522 5100 4154 5395 5326 5114 5508 4496 
746 513 638 713 1217 339 127 261 246 803 489 227 373 270 944 576 299 446 404 1022 2560 2297 2391 2521 3029 
493 527 528 493 671 0 0 6 0 102 152 132 156 165 243 24 23 40 29 131 1 1 12 0 153 
0 2193 0 0 0 0 2255 0 0 0 0 2118 0 0 0 0 2167 0 0 0 0 2075 0 0 0 
36 12 22 1121 46 13 0 10 1070 30 667 550 633 1622 633 149 135 92 1192 160 35 9 18 1064 44 
31 145 16 7 11 54 218 35 55 58 22 158 6 0 0 1166 1309 1139 1175 1080 306 519 295 301 333 
1464 13 0 9 0 1454 7 2 15 0 1477 29 29 34 23 1468 5 0 8 0 1450 7 0 7 0 
0 0 1983 27 33 0 0 1971 21 27 0 0 1888 14 24 0 0 2010 14 22 0 0 1932 15 27 
0 0 0 7 23 1832 1724 1795 1793 1817 0 0 0 8 32 0 0 0 6 32 0 0 0 5 33 
21 401 0 583 0 116 491 80 730 88 42 406 29 670 35 124 478 95 686 93 39 356 0 563 0 
386 19 224 0 0 420 13 195 0 0 457 19 255 10 14 395 20 247 3 1 559 178 363 149 149 
0 13 40 0 1219 1 18 55 5 1233 0 14 54 0 1210 0 9 52 1 1268 9 17 46 6 1199 
0 14 0 288 0 115 123 104 385 129 94 104 88 422 85 0 15 0 318 0 278 277 270 606 285 
631 504 918 977 567 192 75 511 510 110 377 248 714 676 326 124 42 448 450 94 245 196 612 598 228 
585 586 605 638 586 0 0 0 0 0 0 0 0 0 0 0 0 0 0 0 0 0 0 0 0 
0 434 0 0 186 0 431 0 0 216 265 813 286 329 511 0 456 0 0 205 16 506 19 26 245 
0 0 0 0 0 0 0 0 0 0 1119 1152 1101 1151 1188 0 0 0 0 0 0 0 0 0 0 
86 42 946 275 39 451 343 1217 588 401 12 31 792 181 6 594 525 1408 720 513 136 92 926 286 69 
112 0 390 111 0 114 0 387 98 0 360 281 639 357 267 132 16 381 122 12 99 0 415 88 0 
231 62 161 233 641 707 594 684 709 1188 567 448 572 681 972 261 140 203 241 659 207 140 238 307 685 
14 0 0 0 0 46 9 17 9 20 13 0 0 0 0 1085 1083 1116 1095 1020 10 0 0 0 0 
411 76 33 390 37 372 46 0 392 0 379 34 0 356 0 421 73 40 409 44 430 66 41 413 48 
288 814 792 299 420 57 562 540 68 196 1 494 481 1 137 143 622 600 148 294 41 510 541 39 186 
0 0 166 0 0 429 385 608 433 437 0 0 167 1 0 8 9 191 5 8 90 73 224 81 90 
0 204 217 346 1 0 235 225 329 1 35 232 265 406 36 0 210 222 340 3 0 214 232 341 3 
0 0 14 1464 0 7 8 28 1439 3 0 0 11 1440 0 4 7 23 1553 7 0 0 13 1483 0 
397 214 574 302 894 272 72 414 124 708 492 291 658 401 853 921 733 1137 850 1384 379 167 534 291 857 
16 127 9 30 14 0 78 0 20 0 0 112 3 24 2 7 116 4 25 3 1023 1130 1041 1026 1013 
580 380 4 69 8 1119 846 482 536 465 715 473 88 133 66 791 500 128 206 134 633 397 13 86 11 
1349 2021 1194 1177 1299 352 1027 241 201 229 580 1309 476 399 491 303 857 134 79 179 360 917 186 144 173 
