3864 4344 3777 3841 2946 4039 4582 4092 3990 3105 3986 4561 3951 3970 3079 3895 4394 3878 3928 2966 3950 4496 3956 3847 2935 
788 274 494 344 628 573 43 245 109 354 1212 588 849 655 926 733 154 372 252 483 1924 1335 1579 1568 1758 
396 401 428 360 595 0 0 9 0 140 152 132 167 139 300 21 22 41 20 162 1 0 12 0 160 
0 2203 0 0 0 0 2297 0 0 0 0 2128 0 0 0 0 2194 0 0 0 0 2108 0 0 0 
36 13 35 1082 28 15 0 21 1059 9 629 511 620 1617 611 143 121 110 1169 163 31 8 28 985 14 
0 0 3 0 0 0 4 0 1 0 0 0 2 0 0 695 697 674 661 681 205 194 202 202 219 
1532 15 0 4 0 1582 21 18 25 20 1607 54 57 73 48 1562 7 0 5 0 1550 4 0 4 0 
0 0 2054 27 20 0 0 2079 23 16 0 0 1954 15 13 0 0 2112 15 5 0 0 2035 13 12 
0 0 0 21 24 1803 1709 1769 1748 1777 0 0 0 27 33 0 0 0 23 33 0 0 0 19 32 
6 415 0 580 0 118 511 94 743 123 41 425 43 679 40 130 538 118 771 110 9 372 0 569 0 
269 16 244 0 0 269 11 209 0 0 274 10 232 4 1 258 14 241 0 0 292 26 228 10 11 
0 3 39 0 1239 1 11 46 2 1222 0 0 57 0 1242 0 4 49 2 1279 6 12 47 3 1214 
0 2 0 285 0 89 84 82 367 116 77 85 81 420 80 0 0 0 315 0 265 266 267 605 285 
406 338 654 640 335 80 30 375 353 49 275 211 608 494 205 62 29 377 307 29 116 69 448 354 73 
627 610 668 676 615 0 0 0 0 0 0 0 0 0 0 0 0 0 0 0 0 0 0 0 0 
0 397 0 0 157 0 407 0 0 168 230 713 246 261 411 0 439 0 0 171 16 454 18 26 202 
0 0 0 0 0 0 0 0 0 0 1083 1130 1055 1103 1162 0 0 0 0 0 0 0 0 0 0 
183 76 928 372 58 471 333 1224 653 347 118 45 782 274 8 618 521 1417 763 489 208 106 968 354 74 
16 0 289 36 0 13 0 253 15 0 250 279 522 280 253 37 3 249 42 4 7 0 278 24 0 
241 155 283 65 531 629 563 711 425 902 629 603 737 525 874 211 158 230 26 451 200 172 265 37 522 
39 0 0 0 0 76 8 20 11 23 48 0 0 0 0 1140 1119 1139 1114 1054 33 0 0 0 0 
393 0 0 344 1 385 0 0 379 0 386 0 0 343 0 401 1 14 375 11 426 22 41 390 48 
325 889 891 335 518 92 645 654 106 267 59 584 615 62 256 255 770 772 265 434 164 681 728 151 342 
0 0 179 0 0 464 442 643 453 488 0 0 177 0 0 7 11 200 4 12 92 74 246 77 99 
0 264 234 404 2 0 279 228 367 1 38 278 274 465 39 0 227 224 368 2 0 257 240 402 6 
0 0 4 1461 0 7 8 21 1467 3 0 0 8 1445 0 4 7 17 1517 6 0 0 10 1497 0 
487 231 772 542 1054 430 163 683 467 926 700 402 1009 744 1202 1035 769 1350 1079 1558 505 206 744 534 1016 
8 106 3 25 3 0 73 0 21 0 0 105 0 18 0 7 104 4 25 3 1040 1120 1056 1047 996 
612 407 54 191 23 1127 921 512 640 447 836 666 221 256 126 775 522 151 243 105 604 416 46 167 19 
1277 1871 1130 1094 1238 368 873 213 135 229 581 1204 462 388 532 301 777 123 67 203 349 839 169 127 227 
399 428 430 610 542 25 16 11 182 82 14 6 2 149 78 22 6 5 161 65 209 181 145 331 247 
229 197 216 215 504 40 57 63 32 374 3 14 47 7 327 334 391 390 342 760 1041 1102 1097 1118 1423 
728 302 260 1155 1115 1501 1058 1018 1996 1988 651 308 208 1148 1156 518 174 135 989 1005 980 637 578 1446 1368 
29 258 8 7 11 51 282 42 51 60 22 254 0 0 0 313 513 286 331 278 78 313 45 47 54 
