3812 4382 3738 3799 2900 4224 4865 4239 4214 3256 3966 4629 3951 4032 3081 3855 4479 3875 3964 2919 3858 4459 3958 3846 2851 
686 247 395 315 577 462 38 203 37 355 1038 517 737 568 880 632 165 340 231 478 1783 1309 1436 1473 1660 
368 347 390 324 539 0 0 6 0 128 149 126 169 134 261 23 22 43 21 165 0 0 13 0 148 
0 2163 0 0 0 0 2245 0 0 0 0 2084 0 0 0 0 2161 0 0 0 0 2086 0 0 0 
32 13 32 1100 47 12 0 24 1047 29 603 524 619 1591 587 141 131 124 1166 176 30 7 27 1000 42 
0 0 3 0 0 0 4 0 1 0 0 0 2 0 0 775 767 726 762 745 231 224 235 248 260 
1435 4 0 3 0 1473 22 21 20 20 1467 19 17 22 14 1456 1 0 2 0 1452 2 0 3 0 
0 0 2059 21 16 0 0 2093 20 23 0 0 1956 9 21 0 0 2099 13 8 0 0 2024 14 23 
0 0 0 21 15 1786 1678 1729 1705 1759 0 0 0 24 22 0 0 0 24 25 0 0 0 19 23 
45 462 1 709 1 153 543 94 852 119 179 526 117 847 135 147 546 57 832 69 59 392 0 703 0 
299 16 234 0 0 276 11 223 0 0 303 10 257 8 1 256 11 249 0 0 303 27 263 11 10 
0 4 44 1 1290 0 8 47 1 1276 0 0 59 0 1287 0 2 61 0 1312 6 10 47 2 1245 
0 6 0 286 0 84 96 85 365 118 76 88 76 410 81 0 0 0 314 0 267 270 270 606 285 
419 359 695 661 371 76 31 395 373 64 314 250 629 536 237 49 20 386 345 53 143 131 496 418 114 
618 611 658 673 614 0 0 0 0 0 0 0 0 0 0 0 0 0 0 0 0 0 0 0 0 
0 416 0 0 181 0 401 0 0 161 236 724 258 265 403 0 444 0 0 167 14 459 19 23 204 
0 0 0 0 0 0 0 0 0 0 1132 1152 1097 1132 1184 0 0 0 0 0 0 0 0 0 0 
120 39 909 409 65 523 390 1244 751 403 32 23 778 263 5 641 546 1467 830 547 238 175 970 488 160 
31 0 274 7 0 28 0 239 7 0 258 262 489 253 236 63 14 233 24 12 17 0 262 11 0 
275 135 308 108 534 665 552 737 493 933 641 562 716 570 903 243 130 249 67 483 246 145 308 145 553 
8 0 0 0 0 46 18 36 20 32 6 0 0 0 0 1109 1126 1157 1129 1061 8 0 0 0 0 
494 0 0 350 1 474 0 0 383 0 468 0 0 346 0 504 1 4 367 3 515 17 37 389 44 
322 895 903 341 486 96 665 653 96 240 18 605 609 39 207 241 781 783 247 394 143 721 754 153 337 
0 0 188 0 0 487 464 676 502 523 0 0 183 0 0 11 10 205 9 10 94 86 271 84 108 
0 284 262 431 2 0 279 232 385 1 45 298 285 493 48 0 253 223 394 2 0 255 257 414 4 
0 0 6 1427 0 7 8 27 1403 3 0 0 10 1410 0 4 6 23 1477 6 0 0 12 1432 0 
524 254 777 502 1097 425 158 691 411 991 700 386 961 686 1195 1077 778 1331 1048 1597 568 217 771 502 1136 
16 107 10 30 3 0 74 0 19 0 0 99 0 18 0 7 108 4 25 3 1065 1152 1088 1036 1033 
605 337 17 137 9 1123 839 470 597 430 853 569 186 246 121 765 457 99 218 80 611 348 29 124 23 
1247 1859 1160 1081 1173 385 886 208 154 195 606 1186 487 399 489 311 746 136 68 186 400 849 191 123 221 
381 430 445 588 556 22 17 8 159 71 13 2 1 124 68 21 4 12 148 71 203 180 161 337 235 
260 254 237 235 565 64 109 125 67 413 3 15 62 7 375 321 358 394 331 755 1039 1121 1090 1071 1401 
857 299 323 1151 1134 1302 723 783 1686 1627 770 346 275 1128 1161 535 96 109 838 917 946 511 476 1265 1224 
36 292 9 6 11 55 307 47 52 66 25 294 0 1 0 290 523 289 285 278 62 317 11 14 12 
