4046 4614 3967 4002 3312 4555 5176 4604 4439 3756 4112 4758 4121 4103 3463 3969 4557 4025 4045 3205 4009 4541 4048 3908 3229 
502 236 403 270 522 315 33 207 15 304 721 406 569 410 668 420 94 275 89 354 1562 1296 1399 1369 1558 
374 374 406 347 566 0 0 9 0 130 155 132 168 143 277 21 25 44 22 156 0 0 12 0 152 
0 2200 0 0 0 0 2273 0 0 0 0 2119 0 0 0 0 2174 0 0 0 0 2095 0 0 0 
29 16 42 1047 48 13 0 22 978 30 575 507 573 1511 550 142 119 120 1099 168 30 8 34 980 42 
31 188 28 6 12 28 184 15 33 22 21 189 5 0 1 1092 1252 1051 1043 1006 294 484 259 256 293 
1317 7 0 4 0 1307 17 18 22 20 1343 35 33 32 23 1316 1 0 6 0 1324 2 0 4 0 
0 0 2046 16 33 0 0 2029 14 28 0 0 1910 6 23 0 0 2040 13 22 0 0 1980 9 27 
0 0 0 26 21 1764 1670 1716 1713 1739 0 0 0 25 21 0 0 0 22 22 0 0 0 20 23 
47 441 1 699 1 140 512 87 797 102 147 478 105 788 106 133 535 78 813 89 64 391 0 664 0 
426 22 243 0 0 457 16 221 0 0 495 29 271 28 47 465 42 258 11 16 593 171 368 143 148 
0 0 23 0 1274 1 13 37 3 1295 0 0 45 0 1279 0 0 40 1 1322 7 8 44 3 1286 
0 2 0 285 0 99 101 87 374 113 82 90 78 418 73 0 0 0 311 0 269 269 262 599 283 
498 426 758 836 455 94 30 415 406 78 306 213 623 588 266 44 22 384 368 66 113 112 487 443 98 
585 586 605 638 586 0 0 0 0 0 0 0 0 0 0 0 0 0 0 0 0 0 0 0 0 
0 438 0 0 176 0 440 0 0 176 241 781 272 277 428 0 456 0 0 178 15 528 18 22 227 
0 0 0 0 0 0 0 0 0 0 1109 1126 1089 1132 1191 0 0 0 0 0 0 0 0 0 0 
224 106 1041 438 94 636 432 1358 780 457 127 56 870 308 17 771 639 1624 947 596 300 215 1111 505 153 
12 0 252 52 0 10 0 222 51 0 257 284 485 317 262 17 0 221 66 5 4 0 246 51 0 
198 63 177 188 583 688 580 690 663 1120 542 425 569 633 936 208 121 183 171 586 178 111 227 245 622 
10 0 0 0 0 65 32 50 36 59 6 0 0 0 0 1099 1120 1162 1142 1069 8 0 0 0 0 
441 50 33 389 37 391 1 0 383 0 377 1 0 352 0 442 5 12 375 2 420 25 26 394 33 
279 729 774 283 393 64 546 532 69 137 7 492 511 14 129 174 600 621 198 271 52 469 556 51 121 
0 0 197 0 0 496 441 705 507 528 0 0 210 0 0 8 12 215 4 11 94 72 282 91 99 
0 223 229 307 1 0 236 230 287 1 37 268 311 371 38 0 237 241 285 3 0 233 246 312 4 
0 0 5 1491 0 7 9 24 1499 5 0 0 13 1507 0 4 6 22 1569 6 0 0 10 1526 0 
496 311 829 548 1116 394 183 687 424 981 629 405 994 665 1139 1019 798 1381 1071 1655 497 294 772 503 1154 
6 126 2 24 4 0 117 0 19 0 0 155 0 21 0 7 149 4 26 4 934 1049 950 931 910 
603 357 11 82 7 1066 786 389 467 352 778 503 96 132 69 800 502 109 178 105 596 363 14 70 13 
1268 1803 1104 1055 1195 395 875 218 139 220 628 1225 516 392 499 327 750 149 66 185 412 839 216 117 197 
308 345 331 343 336 13 0 0 46 0 12 0 2 44 2 19 1 0 52 0 176 158 135 201 177 
198 183 222 183 521 25 46 73 19 357 3 12 68 0 336 301 329 329 265 730 959 950 1022 924 1312 
992 369 348 1157 894 1225 682 690 1637 1226 1191 607 479 1344 1159 679 140 90 921 690 1391 787 752 1613 1195 
