3869 4389 3799 3891 2862 4105 4653 4123 4091 3039 3966 4527 3915 3998 3002 3890 4398 3849 3986 2888 3847 4435 3836 3841 2799 
810 297 524 369 667 543 36 272 80 403 1261 621 968 697 996 705 164 464 275 546 1999 1395 1658 1581 1796 
403 394 428 345 585 0 0 8 0 145 157 132 164 141 293 22 22 41 20 159 0 0 12 0 137 
0 2229 0 0 0 0 2289 0 0 0 0 2132 0 0 0 0 2199 0 0 0 0 2128 0 0 0 
46 14 25 1124 53 13 0 17 1108 31 721 602 649 1692 649 160 125 106 1190 173 40 11 22 1037 43 
0 0 3 0 0 0 4 0 1 0 0 0 2 0 0 695 695 684 661 685 199 193 198 199 218 
1443 16 0 6 0 1481 18 21 24 20 1499 35 34 42 25 1444 5 0 7 0 1466 4 0 8 0 
0 0 2112 30 37 0 0 2104 25 29 0 0 1988 20 24 0 0 2144 18 24 0 0 2022 14 31 
0 0 0 24 25 1721 1642 1694 1675 1705 0 0 0 26 34 0 0 0 23 30 0 0 0 19 33 
15 398 0 670 0 111 505 77 840 101 34 417 31 750 42 99 507 74 810 72 46 370 0 686 0 
299 18 256 0 0 278 11 238 0 0 305 11 259 7 2 273 14 250 0 0 317 25 248 10 10 
0 17 34 1 1264 2 20 48 3 1258 0 15 53 0 1258 0 12 45 1 1286 7 24 53 5 1238 
0 3 0 288 0 84 97 89 385 119 78 85 81 423 82 0 0 0 322 0 267 274 270 618 285 
422 345 644 637 330 89 14 361 350 12 286 182 586 487 164 76 25 346 294 27 135 87 441 364 35 
626 607 659 670 613 0 0 0 0 0 0 0 0 0 0 0 0 0 0 0 0 0 0 0 0 
0 447 0 0 179 0 454 0 0 190 245 812 282 282 445 0 522 0 0 184 18 522 22 23 229 
0 0 0 0 0 0 0 0 0 0 1093 1124 1082 1102 1171 0 0 0 0 0 0 0 0 0 0 
106 43 890 411 60 511 388 1258 752 408 26 23 763 274 8 670 528 1463 852 555 248 194 1030 502 186 
19 0 283 16 0 22 0 234 9 0 256 275 502 266 248 49 11 243 33 12 7 0 281 15 0 
281 152 310 100 558 669 581 746 475 953 652 580 743 557 920 216 110 232 53 458 235 141 299 96 537 
21 0 0 0 0 101 22 26 17 52 23 0 0 0 0 1107 1109 1130 1118 1039 18 0 0 0 0 
486 0 0 345 1 474 0 0 377 0 467 0 0 343 0 514 1 15 362 12 519 17 41 389 48 
311 851 853 325 486 84 631 645 98 227 35 544 584 36 192 238 744 745 254 374 104 600 669 105 271 
0 0 147 0 0 454 444 631 474 495 0 0 153 0 0 12 19 164 6 11 92 73 233 77 99 
0 274 248 412 1 0 289 233 376 1 38 289 270 472 39 0 241 230 376 2 0 252 260 406 4 
0 0 1 1349 0 7 8 11 1322 3 0 0 5 1353 0 4 6 8 1421 6 0 0 4 1358 0 
451 267 787 457 1099 365 157 681 347 999 650 436 1046 669 1236 1029 809 1390 1024 1654 486 244 763 469 1092 
18 116 5 35 7 0 89 0 20 0 0 109 1 19 2 8 105 4 25 3 1058 1172 1089 1058 1046 
628 415 71 180 37 1175 913 555 657 474 838 607 199 241 108 816 535 150 246 96 629 408 50 149 34 
1201 1728 1067 1034 1136 319 786 159 110 152 555 1141 439 369 457 283 725 121 68 165 329 771 161 131 189 
404 475 468 657 592 22 17 6 177 61 13 15 6 142 73 20 13 8 156 74 212 204 172 342 252 
210 183 191 213 475 30 68 67 46 356 3 12 42 8 319 297 360 363 332 728 1016 1074 1080 1065 1388 
788 278 272 1125 1113 1535 1015 985 1932 1943 677 300 139 1145 1213 542 171 118 921 968 929 539 519 1341 1303 
33 259 0 2 7 53 280 46 49 60 23 270 0 0 0 308 511 291 325 291 78 313 43 46 53 
