3833 4305 3687 3805 2819 4084 4587 4104 4035 3027 3980 4465 3896 3967 2977 3878 4313 3808 3930 2854 3856 4295 3861 3763 2753 
756 253 497 351 644 547 38 230 52 360 1092 482 772 577 873 681 174 416 246 509 1897 1344 1533 1484 1653 
367 349 390 326 537 0 0 8 0 120 157 126 175 133 268 20 22 45 20 151 0 0 13 0 145 
0 2208 0 0 0 0 2294 0 0 0 0 2129 0 0 0 0 2189 0 0 0 0 2136 0 0 0 
39 10 25 1129 48 11 0 10 1127 29 684 554 660 1657 631 137 121 96 1204 173 37 8 16 1022 46 
0 0 3 0 0 0 5 0 1 0 0 0 2 0 0 732 723 710 690 709 215 199 221 228 257 
1438 5 0 4 0 1487 18 19 26 22 1517 27 34 33 24 1444 1 0 2 0 1472 1 0 2 0 
0 0 2046 17 37 0 0 2073 17 29 0 0 1909 11 24 0 0 2053 14 22 0 0 1997 10 30 
0 0 0 22 25 1755 1674 1718 1698 1700 0 0 0 24 30 0 0 0 22 29 0 0 0 20 32 
10 433 0 697 0 138 516 113 870 124 24 432 21 772 37 154 528 135 847 118 22 380 0 727 0 
292 17 237 0 0 279 11 229 0 0 299 15 255 5 1 285 25 253 0 0 291 26 246 11 12 
0 4 30 0 1242 1 12 36 3 1263 0 0 48 0 1266 0 2 38 1 1290 5 8 41 1 1233 
0 3 0 292 0 92 101 80 392 119 74 86 80 435 87 0 0 0 324 0 282 285 281 627 292 
425 366 663 644 362 76 42 389 359 54 317 243 623 532 231 87 32 363 315 46 119 114 462 407 116 
623 609 655 675 608 0 0 0 0 0 0 0 0 0 0 0 0 0 0 0 0 0 0 0 0 
0 430 0 0 158 0 467 0 0 173 241 784 265 277 423 0 494 0 0 175 16 499 20 25 214 
0 0 0 0 0 0 0 0 0 0 1103 1137 1077 1135 1183 0 0 0 0 0 0 0 0 0 0 
123 37 963 367 46 456 307 1251 649 354 45 21 808 242 5 596 499 1468 767 463 218 139 1065 394 127 
10 0 276 11 0 12 0 227 11 0 233 270 496 276 253 22 0 242 34 12 6 0 271 13 0 
212 80 219 55 503 610 532 671 438 884 576 537 662 482 830 173 120 194 39 439 203 139 261 95 519 
20 0 0 0 0 79 32 45 32 56 17 0 0 0 0 1112 1114 1141 1129 1045 15 0 0 0 0 
486 0 0 342 1 472 0 0 377 0 467 0 0 345 0 508 1 15 364 12 519 18 41 390 48 
306 871 868 334 474 88 628 647 106 235 50 568 594 44 210 251 756 765 250 390 125 657 699 115 282 
0 0 179 0 0 444 418 620 437 482 0 0 177 0 0 7 9 188 7 9 90 76 243 79 98 
0 280 253 426 1 0 306 235 384 1 31 294 288 468 40 0 244 239 388 2 0 250 255 420 3 
0 0 0 1362 0 7 8 16 1329 3 0 0 2 1360 0 4 6 8 1419 6 0 0 3 1357 0 
568 277 919 599 1141 555 272 866 591 1136 764 499 1162 836 1318 1139 846 1485 1149 1686 616 291 898 626 1170 
12 112 3 31 6 0 81 0 19 0 0 90 0 18 1 7 109 4 25 3 1021 1113 1043 1020 1009 
622 380 46 146 17 1113 878 557 621 492 835 595 218 236 106 778 493 135 224 103 594 369 48 133 43 
1228 1864 1118 1003 1189 346 842 164 117 208 568 1225 461 378 531 292 783 103 54 191 329 810 125 95 206 
455 508 522 781 678 39 25 30 275 127 15 13 6 241 117 23 13 11 233 121 207 195 162 436 286 
258 246 231 245 563 53 84 76 44 387 3 13 37 2 357 316 401 397 327 793 1036 1111 1083 1085 1430 
766 302 238 1043 1076 1449 942 875 1758 1782 786 397 258 1075 1179 548 142 91 839 884 1044 678 565 1354 1342 
41 266 9 9 12 55 311 46 52 69 23 294 0 0 0 283 526 275 316 287 66 329 23 15 10 
