3844 4495 3815 3919 3096 4121 4832 4296 4138 3281 3963 4645 4039 4076 3203 3853 4528 3974 4050 3101 3939 4555 4077 3937 3086 
757 251 426 239 534 517 13 156 9 256 1014 433 674 443 716 693 93 303 131 362 1818 1243 1432 1349 1564 
397 377 444 383 591 0 0 8 0 132 154 136 191 157 284 23 22 49 23 162 0 0 17 0 152 
0 2138 0 0 0 0 2220 0 0 0 0 2071 0 0 0 0 2143 0 0 0 0 2069 0 0 0 
56 15 21 1115 49 17 0 16 1080 30 737 614 673 1666 637 162 137 115 1237 184 42 7 18 1046 46 
0 0 3 0 0 0 4 0 1 0 0 0 2 0 0 735 730 705 685 715 204 190 221 196 217 
1435 7 0 3 0 1466 18 18 26 21 1467 12 13 16 12 1449 0 0 3 0 1470 5 0 4 0 
0 0 2009 4 33 0 0 2011 3 27 0 0 1896 1 24 0 0 2027 7 22 0 0 1952 2 28 
0 0 0 22 14 1828 1744 1786 1759 1770 0 0 0 25 16 1 0 0 23 12 0 0 0 21 15 
9 394 0 710 0 121 468 78 845 87 28 383 27 765 34 141 492 107 817 111 40 355 0 711 0 
262 18 228 0 0 256 11 226 0 0 258 11 235 5 1 263 12 235 0 0 277 25 230 10 11 
0 0 32 0 1245 1 8 44 8 1267 0 0 43 0 1260 0 4 35 1 1293 7 4 40 2 1247 
0 3 0 287 0 108 107 88 377 121 88 94 81 418 79 0 0 0 314 0 273 272 268 605 281 
446 402 716 798 432 72 41 402 387 86 295 229 609 583 280 44 18 367 350 76 140 143 480 483 163 
585 586 605 638 586 0 0 0 0 0 0 0 0 0 0 0 0 0 0 0 0 0 0 0 0 
0 443 0 0 185 0 468 0 0 195 242 786 287 278 448 0 507 0 0 187 15 533 20 22 227 
0 0 0 0 0 0 0 0 0 0 1123 1146 1121 1138 1198 0 0 0 0 0 0 0 0 0 0 
143 29 1049 403 32 583 398 1417 835 426 101 27 899 301 17 628 497 1544 855 493 253 159 1132 463 123 
14 0 254 60 0 12 0 216 50 0 263 279 488 313 266 29 0 222 65 0 8 0 247 51 0 
271 127 315 103 527 656 529 729 470 923 625 549 682 549 861 219 106 229 59 450 246 131 330 116 556 
21 0 0 0 0 70 21 34 21 40 25 0 0 0 0 1110 1117 1145 1122 1052 20 0 0 0 0 
497 44 33 387 37 453 0 0 389 0 441 0 0 356 0 478 6 5 372 0 492 20 24 394 33 
317 876 868 326 486 73 640 634 90 242 29 571 618 34 211 196 715 722 200 403 141 644 711 148 323 
0 0 179 0 0 460 430 646 449 504 0 0 177 0 0 12 11 216 5 12 87 76 238 83 100 
0 261 248 452 1 0 279 238 414 1 38 275 282 510 44 0 238 236 409 4 0 245 260 443 3 
0 0 0 1312 0 7 8 9 1290 3 0 0 3 1328 0 4 6 5 1401 6 0 0 1 1335 0 
447 252 760 406 996 368 117 601 298 862 551 338 875 531 1056 996 772 1319 981 1487 410 182 667 376 938 
4 104 3 25 3 0 78 0 19 0 0 103 0 18 0 7 101 4 25 3 904 992 941 917 870 
618 455 39 173 20 1062 848 448 587 413 850 677 211 271 140 828 598 146 253 142 592 444 39 157 36 
1267 1807 1086 1027 1154 344 820 144 89 180 588 1189 425 335 482 301 758 119 54 160 400 849 176 110 166 
291 305 317 362 356 13 0 0 41 0 13 0 2 47 1 16 0 0 59 0 192 169 142 211 197 
241 249 250 225 576 65 119 117 57 427 3 12 69 5 362 346 397 407 339 812 1078 1178 1159 1122 1503 
936 302 363 1331 1223 1519 882 923 2037 1882 978 429 363 1392 1368 580 108 114 980 988 1165 634 601 1587 1418 
32 275 14 6 11 56 328 50 51 60 27 287 1 0 2 363 570 328 359 285 88 346 53 53 53 
