3923 4531 3879 4012 3174 4379 5005 4452 4425 3581 4081 4738 4164 4218 3415 3936 4601 4069 4161 3226 4015 4651 4133 4090 3217 
748 250 416 246 514 524 30 163 12 254 1021 451 700 434 737 674 112 306 121 354 1883 1308 1508 1404 1604 
439 453 473 462 708 0 0 9 0 167 159 135 168 168 341 21 26 49 26 197 0 0 10 0 196 
0 2137 0 0 0 0 2217 0 0 0 0 2065 0 0 0 0 2148 0 0 0 0 2057 0 0 0 
41 18 39 1123 49 11 0 22 1096 29 680 576 624 1672 593 162 130 118 1249 200 36 9 35 1062 46 
0 0 4 0 0 0 5 0 2 0 0 0 2 0 0 712 710 707 688 692 211 201 203 201 224 
1436 9 0 3 0 1454 19 19 25 24 1479 39 51 56 39 1440 3 0 6 0 1452 3 0 8 0 
0 0 2052 14 35 0 0 2058 9 27 0 0 1938 6 24 0 0 2071 8 21 0 0 1979 10 27 
0 0 0 23 9 1766 1679 1723 1694 1716 0 0 0 23 10 0 0 0 23 7 0 0 0 19 13 
7 393 0 656 0 96 482 72 783 70 47 394 44 724 47 136 497 106 769 109 20 361 0 649 0 
275 16 237 0 0 274 12 223 0 0 294 15 245 6 1 277 21 246 0 0 282 30 252 10 12 
0 3 39 0 1273 2 7 43 3 1283 0 0 53 0 1272 0 2 49 1 1321 4 6 47 1 1243 
0 2 0 285 0 102 108 91 381 118 86 89 71 417 71 0 0 0 314 0 270 271 261 601 282 
443 389 750 782 428 100 29 414 412 77 298 222 629 583 263 53 20 398 357 61 137 123 483 471 145 
585 586 605 638 586 0 0 0 0 0 0 0 0 0 0 0 0 0 0 0 0 0 0 0 0 
0 424 0 0 154 0 432 0 0 172 245 761 261 285 433 0 458 0 0 171 14 503 20 23 215 
0 0 0 0 0 0 0 0 0 0 1078 1120 1063 1091 1163 0 0 0 0 0 0 0 0 0 0 
173 97 1098 436 75 576 427 1456 823 464 121 49 959 331 15 693 565 1559 891 549 262 166 1158 493 142 
15 0 237 49 0 7 0 213 48 0 247 281 467 313 265 21 5 209 67 12 4 0 233 49 0 
309 148 296 126 558 645 534 724 462 929 686 591 768 571 916 233 143 215 65 480 226 166 282 100 554 
20 0 0 0 0 68 20 35 16 30 21 0 0 0 0 1111 1129 1160 1134 1068 16 0 0 0 0 
486 45 33 388 37 453 0 0 388 0 442 0 0 354 0 475 2 6 361 0 496 19 26 401 35 
310 786 763 313 442 78 569 530 89 196 51 512 494 49 161 199 639 638 208 330 127 556 597 102 256 
0 0 178 0 0 469 427 649 462 518 0 0 177 0 0 9 9 203 4 12 88 73 245 80 99 
0 227 226 372 1 0 252 219 360 1 36 244 262 445 41 0 220 218 358 2 0 233 240 375 3 
0 0 15 1406 0 7 8 30 1380 3 0 0 11 1397 0 4 6 23 1472 6 0 0 16 1430 0 
437 233 701 409 924 366 140 616 309 840 536 337 853 534 1028 974 769 1253 949 1451 427 203 659 382 902 
3 104 3 21 1 0 76 0 19 0 0 110 0 20 0 7 94 4 26 3 894 972 928 904 865 
562 424 14 163 9 985 804 366 545 360 768 622 134 225 100 742 541 109 251 112 587 419 25 147 10 
1255 1832 1116 1035 1158 367 889 141 107 169 551 1188 406 336 457 321 751 110 53 145 380 800 137 95 172 
271 270 273 299 293 13 0 0 32 0 12 1 2 35 0 18 1 0 38 0 181 159 134 178 161 
229 227 228 256 577 72 110 126 82 459 4 14 63 15 354 315 378 377 352 804 1111 1173 1175 1199 1548 
892 300 363 1192 1153 1383 811 881 1806 1683 933 431 368 1253 1248 579 93 115 866 887 1094 624 620 1416 1320 
31 311 39 7 29 51 339 60 50 66 25 311 9 0 8 365 613 360 361 302 84 384 70 54 65 
