5065 5027 4646 5204 4309 5862 5874 5564 6049 5106 5635 5716 5254 5825 4966 4879 4975 4639 5155 4197 5422 5463 5216 5512 4569 
757 536 667 691 1207 312 114 271 223 765 440 196 353 245 888 554 283 471 426 982 2510 2216 2421 2512 2953 
1781 2459 1713 1620 1956 320 920 190 162 351 690 1371 642 534 741 302 800 182 100 329 325 917 188 138 366 
0 2186 0 0 0 0 2268 0 0 0 0 2124 0 0 0 0 2170 0 0 0 0 2096 0 0 0 
36 12 25 1112 44 16 0 14 1097 31 686 574 641 1650 643 137 126 96 1186 161 40 8 16 1049 49 
32 168 28 8 13 57 218 41 53 48 23 164 8 0 2 1145 1316 1121 1141 1101 317 495 299 298 322 
1474 14 0 6 0 1501 7 3 14 0 1524 26 27 32 24 1500 7 0 9 0 1491 5 0 6 0 
0 0 2000 22 33 0 0 1986 21 28 0 0 1900 11 23 0 0 2010 14 22 0 0 1929 14 28 
0 0 0 6 22 1810 1730 1804 1794 1796 0 0 0 9 25 0 0 0 3 22 0 0 0 6 26 
22 402 0 587 0 111 490 63 715 100 30 399 29 624 29 114 484 91 702 80 43 359 0 587 0 
383 20 227 0 0 427 11 203 0 0 465 23 250 9 11 391 15 232 3 1 570 168 364 139 157 
0 6 34 1 1214 1 13 51 2 1219 0 7 59 0 1205 0 10 54 1 1283 6 13 48 5 1197 
0 14 0 288 0 115 123 104 385 129 94 104 88 422 85 0 15 0 318 0 278 277 270 606 285 
565 476 839 928 510 148 67 484 484 113 358 249 695 674 297 121 35 429 438 87 246 192 581 615 232 
585 586 605 638 586 0 0 0 0 0 0 0 0 0 0 0 0 0 0 0 0 0 0 0 0 
0 426 0 0 197 0 437 0 0 210 265 805 292 341 509 0 456 0 0 207 15 510 19 30 243 
0 0 0 0 0 0 0 0 0 0 1125 1149 1111 1153 1184 0 0 0 0 0 0 0 0 0 0 
88 47 958 276 60 458 361 1212 564 392 10 31 807 163 4 587 535 1405 667 522 131 97 881 237 68 
100 0 375 107 0 101 0 359 98 0 346 276 599 349 259 121 16 364 121 12 88 0 390 88 0 
221 70 161 236 655 719 606 711 724 1190 554 473 570 674 1000 245 126 182 237 673 208 143 237 301 691 
14 0 0 0 0 44 10 15 10 21 16 0 0 0 0 1090 1083 1116 1096 1020 11 0 0 0 0 
441 77 33 400 38 376 47 0 396 0 364 36 0 362 0 430 76 40 425 44 444 69 42 426 48 
290 793 706 289 401 55 543 501 64 198 1 481 426 0 139 140 577 534 158 259 41 461 475 37 162 
0 0 162 0 0 437 383 606 431 432 0 0 160 0 0 7 9 180 4 8 94 69 226 81 90 
0 218 215 342 1 0 244 239 338 1 35 239 272 413 37 0 214 225 346 2 0 224 243 357 3 
0 0 10 1503 0 9 8 37 1493 3 0 0 10 1498 0 4 7 27 1570 6 0 0 13 1502 0 
455 186 660 332 918 280 20 397 149 663 515 252 692 416 849 918 712 1151 823 1375 384 151 534 271 817 
17 127 8 34 15 0 87 0 20 0 0 111 1 21 2 9 135 5 30 3 1022 1142 1056 1042 1016 
564 365 5 86 8 1089 850 480 534 440 725 490 100 136 80 783 504 124 206 126 615 395 28 95 34 
