5081 4970 4620 5193 4337 5811 5799 5504 6044 5015 5631 5576 5154 5766 4931 4827 4879 4511 5077 4101 5424 5396 5082 5451 4510 
849 590 735 699 1247 346 105 261 170 714 463 232 422 258 900 605 304 507 413 1028 2550 2260 2439 2462 3002 
455 484 501 476 633 0 0 6 0 112 150 131 156 158 250 7 17 34 22 141 0 0 11 0 145 
0 2164 0 0 0 0 2238 0 0 0 0 2088 0 0 0 0 2167 0 0 0 0 2059 0 0 0 
39 13 37 1054 32 12 0 28 1014 17 620 531 635 1545 583 142 121 118 1129 171 26 7 33 983 28 
6 133 10 1 5 14 176 12 10 17 7 127 4 0 1 1102 1240 1076 1086 1050 309 488 278 279 314 
1443 9 0 5 0 1490 6 7 15 8 1479 34 38 46 26 1432 1 0 8 0 1464 3 0 5 0 
0 0 1949 16 33 0 0 1963 19 27 0 0 1868 6 24 0 0 1984 9 21 0 0 1904 8 27 
0 0 0 12 23 1758 1662 1710 1707 1738 0 0 0 14 31 0 0 0 6 30 0 0 0 12 34 
8 405 0 691 0 137 506 116 823 125 49 414 28 760 50 138 498 126 806 118 16 353 0 675 0 
384 19 223 0 0 420 15 194 0 0 441 20 247 9 17 388 16 238 6 1 537 172 354 141 154 
0 1 26 0 1215 0 8 33 3 1204 0 0 45 0 1193 0 1 38 2 1248 2 8 35 2 1210 
0 14 0 288 0 115 123 104 385 129 94 104 88 422 85 0 15 0 318 0 278 276 270 606 285 
532 437 796 941 504 133 68 482 518 140 337 227 667 680 298 103 19 389 424 85 171 105 538 555 188 
585 586 605 638 586 0 0 0 0 0 0 0 0 0 0 0 0 0 0 0 0 0 0 0 0 
0 477 0 0 228 0 476 0 0 270 188 774 237 218 482 0 529 0 0 249 18 575 20 24 322 
0 0 0 0 0 0 0 0 0 0 1209 1234 1155 1219 1252 0 0 0 0 0 0 0 0 0 0 
60 34 926 313 61 507 412 1230 726 482 5 38 776 224 6 605 575 1434 796 559 189 176 947 437 130 
118 0 373 110 0 120 0 357 110 0 365 281 600 369 261 145 16 360 126 12 110 0 381 106 0 
223 65 178 230 652 725 615 728 726 1233 545 458 559 661 990 251 134 212 253 688 233 136 253 317 702 
19 0 0 0 0 63 13 26 15 27 23 0 0 0 0 1120 1089 1122 1100 1025 19 0 0 0 0 
410 76 33 388 37 367 46 0 390 0 379 34 0 354 0 427 73 40 408 43 426 65 41 410 48 
277 748 804 296 401 54 533 566 66 159 2 450 536 0 80 157 571 613 174 260 48 448 595 50 111 
0 0 154 0 0 462 416 631 476 471 0 0 167 0 0 6 3 178 0 3 124 99 251 112 99 
0 198 202 270 1 0 222 213 258 1 35 222 256 350 36 0 204 212 263 2 0 211 223 266 3 
0 0 16 1460 0 7 8 30 1433 3 0 0 11 1456 0 4 6 26 1545 6 0 0 21 1492 0 
457 275 673 342 923 298 93 446 175 721 503 317 703 434 900 929 750 1187 859 1375 415 233 564 326 893 
9 123 4 27 8 0 72 0 19 0 0 108 0 20 1 7 118 4 26 3 971 1065 1020 971 955 
578 395 19 135 21 996 837 450 551 416 715 547 107 174 89 751 519 127 242 123 542 397 23 110 11 
1357 1999 1193 1131 1240 413 982 238 167 207 661 1349 527 418 516 331 821 142 81 180 429 938 193 154 185 
