3795 4335 3754 3829 2884 4066 4671 4166 3982 3094 3988 4563 3970 3980 3054 3849 4413 3890 3924 2903 3820 4412 3881 3801 2773 
705 264 462 323 609 491 34 229 35 334 1058 555 782 583 887 665 168 406 209 471 1820 1271 1488 1428 1650 
377 378 408 352 573 0 0 8 0 140 157 134 177 158 290 20 25 46 23 170 0 0 10 0 159 
0 2206 0 0 0 0 2272 0 0 0 0 2126 0 0 0 0 2203 0 0 0 0 2136 0 0 0 
34 14 43 1137 48 10 0 36 1054 32 583 515 603 1621 573 147 135 133 1185 184 28 7 36 1028 44 
0 0 4 0 0 0 4 0 1 0 0 0 2 0 0 758 749 733 727 739 236 209 228 238 265 
1401 10 0 5 0 1422 20 18 24 21 1467 26 23 27 20 1441 8 0 5 0 1418 4 0 9 0 
0 0 2061 36 35 0 0 2079 34 28 0 0 1951 21 26 0 0 2083 19 22 0 0 1996 19 30 
0 0 0 21 23 1711 1620 1656 1626 1665 0 0 0 23 32 0 0 0 23 30 0 0 0 20 33 
7 417 0 704 0 132 500 90 884 105 55 453 58 819 93 141 518 98 892 110 27 369 0 725 0 
262 18 228 0 0 261 11 215 0 0 258 12 232 6 1 228 9 224 0 0 273 26 222 12 10 
0 1 24 0 1279 1 5 31 0 1285 0 0 49 0 1277 0 1 46 1 1321 3 7 49 1 1278 
0 2 0 304 0 86 113 90 397 126 79 94 86 447 89 0 0 0 327 0 286 294 281 643 297 
431 342 685 647 326 86 36 383 384 56 313 239 645 542 226 75 32 380 319 36 111 89 477 371 71 
618 606 660 673 609 0 0 0 0 0 0 0 0 0 0 0 0 0 0 0 0 0 0 0 0 
0 421 0 0 159 0 421 0 0 166 233 718 247 265 405 0 451 0 0 171 14 456 18 24 197 
0 0 0 0 0 0 0 0 0 0 1136 1163 1109 1144 1197 0 0 0 0 0 0 0 0 0 0 
123 55 916 373 57 528 389 1259 744 418 55 33 794 272 9 632 542 1473 847 520 205 146 1022 419 104 
59 0 281 5 0 48 0 250 6 0 280 272 507 264 255 85 15 239 26 12 42 0 285 11 0 
246 123 270 76 517 608 510 643 424 854 572 545 649 484 803 171 114 182 18 416 230 150 271 84 512 
12 0 0 0 0 60 24 41 27 46 8 0 0 0 0 1087 1114 1140 1132 1046 9 0 0 0 0 
491 0 0 349 1 476 0 0 379 0 468 0 0 351 0 512 1 14 360 13 519 22 41 394 48 
313 907 940 336 488 89 641 687 96 222 51 578 649 56 204 247 770 807 245 375 180 696 791 165 301 
0 0 178 0 0 454 430 626 444 489 0 0 177 0 0 9 10 187 4 8 95 84 253 78 101 
0 277 242 416 2 0 286 227 388 1 13 266 255 442 19 0 245 232 376 2 0 257 250 407 5 
0 0 11 1399 0 8 8 27 1372 3 0 0 11 1389 0 4 6 23 1464 6 0 0 15 1407 0 
547 266 825 541 1125 465 185 754 444 1030 741 418 1053 769 1250 1129 818 1418 1124 1671 540 243 791 549 1133 
13 104 5 25 7 0 64 0 19 0 0 93 0 19 2 7 100 5 25 2 1047 1111 1060 1027 1024 
658 421 44 133 14 1206 917 518 625 461 910 594 169 193 98 797 512 104 185 88 620 362 22 90 11 
1224 1799 1108 1021 1148 373 892 166 90 193 572 1174 443 322 459 302 752 118 41 179 371 865 156 103 191 
416 471 452 676 594 31 20 20 215 95 14 14 5 184 86 22 14 12 194 86 209 185 151 383 272 
258 237 234 244 568 40 71 95 44 408 3 14 65 9 383 310 341 360 311 749 1023 1064 1063 1068 1436 
864 273 232 1085 1111 1546 974 976 2033 1902 862 399 275 1171 1264 567 110 61 879 926 1128 698 601 1439 1409 
36 268 10 6 10 50 313 45 49 62 25 298 0 0 0 272 510 264 294 266 47 307 18 11 2 
