4858 4862 4329 4798 4027 5640 5687 5238 5689 4824 5384 5439 4815 5399 4613 4579 4765 4262 4742 3864 5128 5216 4803 5118 4277 
901 562 721 765 1278 423 119 296 224 753 560 273 463 373 918 670 291 518 444 1027 2673 2288 2440 2513 2987 
435 489 517 456 639 0 0 7 0 120 150 131 166 148 256 21 24 49 21 153 0 0 16 0 145 
0 2217 0 0 0 0 2261 0 0 0 0 2127 0 0 0 0 2182 0 0 0 0 2097 0 0 0 
33 13 39 1096 49 13 0 28 1045 29 603 501 592 1557 584 131 125 126 1159 169 32 9 35 1026 47 
6 165 15 2 6 7 174 11 14 8 8 154 6 0 1 1082 1248 1087 1075 1017 294 478 273 267 292 
1370 9 0 4 0 1387 14 18 25 20 1414 48 56 73 52 1360 1 0 5 0 1370 3 0 3 0 
0 0 2082 25 34 0 0 2071 12 27 0 0 1966 7 26 0 0 2082 16 22 0 0 1998 12 29 
0 0 0 24 24 1735 1643 1709 1705 1738 0 0 0 24 31 0 0 0 23 33 0 0 0 22 32 
43 323 0 755 0 178 492 133 939 132 80 353 47 809 54 164 478 124 891 115 68 355 2 777 0 
409 23 236 0 0 426 14 208 0 0 474 18 256 16 22 417 19 257 4 4 579 170 376 145 147 
0 13 28 1 1221 2 15 36 6 1207 0 11 46 1 1205 0 9 37 2 1278 12 19 37 6 1205 
0 2 0 283 0 106 110 89 379 116 84 90 74 417 77 0 0 0 312 0 274 266 264 604 279 
520 416 761 848 484 141 64 427 515 164 370 243 665 692 324 108 34 388 443 128 202 180 524 582 238 
585 586 605 638 586 0 0 0 0 0 0 0 0 0 0 0 0 0 0 0 0 0 0 0 0 
0 445 0 0 177 0 434 0 0 188 234 752 249 279 447 0 463 0 0 185 20 499 19 24 238 
0 0 0 0 0 0 0 0 0 0 1157 1184 1133 1164 1218 0 0 0 0 0 0 0 0 0 0 
135 84 931 333 103 544 435 1230 720 434 12 43 781 215 7 677 623 1455 839 566 226 210 995 440 153 
81 0 358 109 0 84 0 337 106 0 342 286 591 377 262 107 14 321 126 12 66 0 357 103 0 
243 56 158 255 663 750 607 729 743 1219 623 488 583 719 1037 250 97 164 234 658 228 116 228 316 681 
41 0 0 0 0 85 8 15 11 22 51 0 0 0 0 1116 1083 1116 1095 1019 42 0 0 0 0 
408 46 33 385 37 360 0 0 375 0 368 0 0 354 0 413 43 33 402 39 398 20 25 385 31 
274 782 778 287 438 60 570 553 69 197 2 512 537 7 164 151 643 621 157 311 65 557 561 52 229 
0 0 192 0 0 523 477 725 525 545 0 0 192 0 0 9 11 199 8 9 120 85 292 97 100 
0 221 223 379 1 0 245 228 346 1 35 240 274 424 36 0 215 229 369 2 0 219 246 366 3 
0 0 1 1354 0 7 8 11 1340 3 0 0 6 1357 0 4 6 10 1416 6 0 0 7 1358 0 
608 347 849 590 1132 380 141 598 342 916 654 414 888 600 1127 1097 833 1335 1085 1628 502 254 733 507 1084 
2 115 2 26 1 0 77 0 20 0 0 98 0 19 0 7 106 4 25 3 1028 1104 1047 1007 977 
566 429 32 96 21 1006 878 426 510 390 690 556 91 111 60 783 533 132 206 126 562 395 18 73 10 
1372 2010 1187 1207 1266 391 958 212 160 183 606 1335 509 419 481 331 840 129 80 148 412 930 180 151 172 
