3949 4348 3774 3815 2925 4082 4622 4108 3976 3077 4081 4583 4013 4053 3085 3924 4400 3927 3938 2983 3890 4417 3920 3851 2857 
742 262 490 370 641 541 38 258 89 413 1148 579 844 651 980 689 165 430 271 515 1913 1356 1591 1538 1768 
405 390 419 326 588 0 0 7 0 132 155 131 162 134 277 21 23 46 21 158 0 0 11 0 142 
0 2218 0 0 0 0 2282 0 0 0 0 2128 0 0 0 0 2201 0 0 0 0 2135 0 0 0 
46 13 34 1096 48 13 0 21 1088 31 711 569 671 1637 666 151 118 102 1173 168 44 8 24 1009 42 
0 0 4 0 0 0 4 0 1 0 0 0 2 0 0 695 694 681 660 683 195 188 205 201 220 
1438 15 0 7 0 1444 22 19 27 20 1487 34 39 41 30 1439 9 0 8 0 1456 4 0 10 0 
1 0 2093 35 35 0 0 2098 26 30 0 0 1961 20 24 0 0 2105 19 25 0 0 2024 17 27 
0 0 0 22 27 1784 1693 1746 1723 1752 0 0 0 23 31 0 0 0 22 31 0 0 0 19 35 
22 400 0 694 0 125 500 73 857 97 39 428 24 754 31 97 516 73 822 81 38 367 0 713 0 
293 16 253 0 0 292 11 227 0 0 296 15 248 6 2 258 8 250 0 0 302 26 241 13 11 
0 2 29 0 1239 1 7 35 3 1241 0 0 46 0 1250 0 2 35 1 1281 5 7 36 3 1221 
0 3 0 296 0 84 98 85 379 121 83 88 86 429 82 0 0 0 333 0 267 279 274 629 294 
426 358 664 650 344 96 25 367 356 26 285 201 609 485 173 76 26 362 318 39 144 86 450 370 75 
624 612 660 670 612 0 0 0 0 0 0 0 0 0 0 0 0 0 0 0 0 0 0 0 0 
0 447 0 0 174 0 441 0 0 171 246 777 277 277 428 0 500 0 0 180 15 515 19 23 230 
0 0 0 0 0 0 0 0 0 0 1093 1128 1076 1115 1162 0 0 0 0 0 0 0 0 0 0 
122 65 892 420 74 446 348 1261 700 375 43 41 788 287 12 670 526 1473 815 530 232 169 1050 462 127 
30 0 273 16 0 23 0 244 12 0 264 270 499 270 245 59 16 250 35 12 11 0 282 13 0 
247 109 313 83 545 622 552 724 432 930 637 573 732 533 929 196 88 215 25 448 192 95 299 67 532 
20 0 0 0 0 51 9 19 9 23 23 0 0 0 0 1111 1112 1140 1135 1050 15 0 0 0 0 
490 0 0 345 1 475 0 0 381 0 467 0 0 347 0 507 1 15 352 11 518 23 41 386 48 
307 865 888 327 504 89 639 656 104 244 39 566 612 41 222 243 758 771 260 396 114 631 701 117 300 
0 0 146 0 0 477 445 632 466 495 0 0 152 0 0 7 14 183 4 8 104 83 227 79 110 
0 284 267 478 1 0 282 230 407 1 39 282 292 514 45 0 224 239 397 3 0 240 258 417 4 
0 0 2 1345 0 7 8 10 1317 3 0 0 6 1349 0 4 6 12 1415 6 0 0 4 1357 0 
501 260 801 527 1040 434 175 697 448 980 683 428 1023 707 1203 1064 813 1348 1102 1587 547 293 759 568 1102 
15 123 7 31 8 0 87 0 20 0 0 111 0 19 2 8 112 4 25 3 1048 1143 1077 1047 1040 
587 413 21 113 8 1189 875 496 587 436 841 596 137 185 78 797 533 123 215 107 612 400 29 91 33 
1224 1809 1113 1080 1187 313 809 160 107 149 569 1164 458 384 457 299 744 117 70 169 370 833 186 123 185 
378 462 429 598 585 17 17 8 175 65 12 13 5 129 70 18 16 10 166 71 216 202 175 346 254 
214 182 213 206 475 44 63 69 47 371 3 14 49 11 324 304 366 356 310 702 993 1040 1059 1037 1323 
778 305 284 1160 1114 1549 1098 1042 2034 1987 635 317 175 1160 1194 530 190 112 946 984 982 618 491 1402 1325 
31 254 8 6 12 50 281 43 49 66 22 260 0 0 0 310 505 299 321 291 78 312 43 46 51 
