3862 4370 3751 3795 2844 4113 4676 4115 3967 3096 4015 4589 3909 3909 3036 3909 4390 3862 3820 2965 3882 4465 3903 3787 2851 
757 258 494 329 681 549 29 192 49 367 1224 588 893 646 986 702 141 370 223 493 1949 1352 1567 1563 1752 
426 389 445 358 603 0 0 14 0 130 164 132 182 150 296 25 22 46 20 167 0 0 11 0 140 
0 2204 0 0 0 0 2284 0 0 0 0 2116 0 0 0 0 2208 0 0 0 0 2134 0 0 0 
58 14 24 1188 30 19 0 15 1142 15 755 596 660 1738 660 143 127 105 1229 162 53 8 12 1049 30 
0 0 3 0 0 0 5 0 1 0 0 0 2 0 0 738 762 736 723 726 211 206 216 210 230 
1410 8 0 3 0 1418 18 18 26 20 1489 49 45 53 39 1417 2 0 8 0 1420 1 0 3 0 
0 0 2136 28 39 0 0 2128 21 28 0 0 1988 14 23 0 0 2142 14 22 0 0 2045 12 29 
0 0 0 23 23 1755 1662 1724 1710 1740 0 0 0 23 31 0 0 0 22 29 0 0 0 20 33 
6 405 0 668 0 116 504 75 840 94 29 409 22 735 33 108 502 86 832 82 27 361 0 678 0 
302 16 262 0 0 288 12 228 0 0 302 10 261 8 1 293 20 256 0 0 309 25 249 10 12 
0 2 30 0 1257 1 9 35 3 1270 0 0 46 0 1256 0 2 38 1 1308 4 7 33 1 1231 
0 3 0 301 0 83 90 89 382 119 74 87 78 425 83 0 0 0 335 0 278 275 278 627 290 
431 359 688 662 371 105 26 399 378 27 310 225 621 535 213 85 34 397 335 56 154 108 501 422 116 
624 611 661 670 606 0 0 0 0 0 0 0 0 0 0 0 0 0 0 0 0 0 0 0 0 
0 426 0 0 180 0 413 0 0 166 235 732 260 276 417 0 467 0 0 171 15 477 18 22 212 
0 0 0 0 0 0 0 0 0 0 1075 1118 1072 1114 1172 0 0 0 0 0 0 0 0 0 0 
147 81 886 388 56 449 305 1217 689 374 55 45 767 274 10 645 524 1393 773 499 143 101 951 365 68 
7 0 272 16 0 7 0 243 12 0 240 278 503 289 258 13 5 248 33 12 5 0 279 19 0 
232 96 265 67 522 641 531 693 432 929 594 546 686 505 852 162 64 180 34 444 174 103 237 82 517 
23 0 0 0 0 74 21 34 21 33 31 0 0 0 0 1131 1116 1138 1127 1045 25 0 0 0 0 
489 0 0 332 1 473 0 0 379 0 467 0 0 343 0 500 1 16 364 12 518 20 41 390 48 
317 910 880 336 513 96 655 659 100 242 53 605 618 61 232 255 788 789 251 379 181 677 768 152 329 
0 0 179 0 0 444 419 620 437 482 0 0 177 0 0 10 9 184 4 11 91 74 240 75 97 
0 268 238 411 1 0 276 225 367 1 37 278 269 456 44 0 237 227 370 2 0 244 250 391 3 
0 0 3 1352 0 7 8 13 1321 3 0 0 7 1350 0 4 6 13 1423 6 0 0 11 1360 0 
528 274 821 570 1101 498 195 782 515 1040 721 443 1068 786 1269 1109 838 1422 1149 1641 596 248 807 590 1128 
7 112 3 22 3 0 75 0 19 0 0 101 0 18 0 8 98 4 25 3 1010 1098 1044 1044 1010 
653 390 43 170 20 1192 909 508 637 457 866 573 208 237 122 791 485 110 214 88 649 383 41 148 43 
1247 1864 1137 1092 1197 351 856 178 119 189 580 1187 461 376 498 312 773 125 69 181 384 861 178 113 216 
424 450 470 683 611 20 10 7 202 68 14 2 1 176 74 21 3 3 180 88 207 183 153 372 266 
252 212 215 244 560 59 97 102 80 387 3 11 38 17 340 291 328 351 313 717 1090 1153 1126 1167 1444 
649 216 160 1002 957 1432 1048 974 1915 1888 540 282 144 1047 1057 467 177 133 941 890 855 578 484 1249 1232 
39 277 11 6 11 58 298 48 56 71 28 294 0 0 0 338 557 304 347 323 71 328 33 33 29 
