5878 5559 5203 5632 5047 6887 6518 6250 6608 5869 6630 6352 5948 6371 5733 6125 5930 5528 5945 5219 6315 6063 5757 6008 5340 
776 613 690 699 1223 245 166 238 146 687 348 253 383 280 823 622 454 536 422 1064 2999 2770 2842 2886 3443 
1666 2393 1607 1527 1782 293 897 179 134 327 667 1361 618 512 726 276 795 172 116 295 278 826 175 131 275 
0 2198 0 0 0 0 2270 0 0 0 0 2151 0 0 0 0 2187 0 0 0 0 2107 0 0 0 
41 16 33 1056 49 10 0 21 1042 29 647 516 583 1532 585 154 134 132 1182 184 44 8 25 995 44 
11 175 7 1 7 29 212 21 37 31 10 182 3 0 1 1095 1272 1091 1105 1053 297 511 276 280 315 
1476 12 0 5 0 1451 4 1 9 0 1519 47 54 65 54 1461 5 0 5 0 1473 4 0 9 0 
0 0 2068 23 35 0 0 2035 11 28 0 0 1944 8 25 0 0 2097 9 23 0 1 1997 5 27 
0 0 0 24 20 1855 1777 1839 1871 1851 0 0 1 33 14 0 0 0 23 12 0 0 0 20 21 
22 389 0 713 0 122 484 66 869 73 59 413 50 796 42 75 457 30 800 22 32 363 0 713 0 
345 20 204 0 0 367 11 179 0 0 407 16 217 6 4 338 15 211 1 0 517 149 329 137 140 
0 2 31 1 1287 2 9 35 5 1246 0 0 51 0 1254 0 2 46 2 1410 7 9 35 5 1228 
0 14 0 288 0 115 123 104 385 129 94 104 88 422 85 0 15 0 318 0 278 277 270 606 285 
696 507 1034 1005 761 229 60 593 499 280 364 172 725 652 420 220 55 592 480 288 241 156 663 626 384 
585 586 605 638 586 0 0 0 0 0 0 0 0 0 0 0 0 0 0 0 0 0 0 0 0 
0 455 0 0 230 0 457 0 0 254 318 895 330 362 595 0 485 0 0 228 20 584 27 42 312 
135 0 0 0 0 321 158 152 165 152 206 20 18 20 15 249 47 46 52 41 145 0 0 0 0 
0 0 0 0 0 0 0 0 0 0 1074 1125 1067 1113 1151 0 0 0 0 0 0 0 0 0 0 
45 25 783 238 24 429 358 1109 572 420 5 25 667 153 6 543 490 1257 665 516 98 82 828 232 57 
91 0 394 99 0 95 0 399 89 0 351 293 641 348 258 108 16 389 107 13 78 0 417 88 0 
266 65 159 235 601 771 602 749 727 1180 614 431 579 669 980 304 131 209 266 664 263 116 231 306 658 
55 0 0 0 0 88 9 17 9 22 64 0 0 0 0 1121 1083 1116 1096 1020 52 0 0 0 0 
511 131 36 440 37 499 122 16 461 24 472 134 0 389 0 567 139 40 488 43 530 138 41 466 48 
0 16 0 0 0 0 9 0 0 0 0 8 0 0 0 0 11 0 0 0 513 497 519 508 466 
291 816 826 297 497 62 586 533 68 230 17 560 551 6 194 208 715 733 244 411 38 523 561 40 220 
0 0 145 0 0 371 344 528 363 395 0 0 148 0 0 7 9 164 4 8 83 65 207 69 90 
0 223 246 301 1 0 247 252 292 6 35 238 304 361 36 0 232 260 305 2 0 221 262 301 3 
0 0 6 1494 0 7 8 19 1458 3 0 0 16 1463 1 4 7 29 1544 6 0 0 14 1481 0 
