3895 4361 3741 3771 2823 4077 4627 4063 3929 3045 3978 4606 3877 3935 2950 3904 4384 3783 3857 2926 3896 4473 3882 3768 2818 
790 262 501 379 665 531 32 213 43 353 1234 583 896 662 1007 702 152 401 215 498 1941 1315 1557 1545 1749 
416 389 439 371 595 0 0 8 0 123 175 136 187 164 296 23 23 44 22 163 0 0 11 0 152 
0 2225 0 0 0 0 2283 0 0 0 0 2114 0 0 0 0 2206 0 0 0 0 2126 0 0 0 
49 13 20 1164 25 22 0 8 1138 18 727 587 652 1727 664 154 119 93 1249 166 39 8 14 1082 29 
0 0 4 0 0 0 6 0 2 0 0 0 2 0 0 741 765 747 717 722 210 201 210 206 229 
1401 9 0 2 0 1403 19 18 23 21 1464 41 48 53 35 1406 2 0 7 0 1416 3 0 11 0 
0 0 2097 28 35 0 0 2132 18 28 0 0 1974 12 26 0 0 2149 13 22 0 0 2046 11 30 
0 0 0 22 24 1750 1657 1721 1696 1727 0 0 0 25 37 0 0 0 23 31 0 0 0 19 32 
10 399 0 679 0 111 495 80 843 82 30 389 21 727 40 115 506 83 809 83 35 361 0 698 0 
316 16 255 0 0 288 11 242 0 0 304 13 254 11 1 295 22 247 0 0 312 27 253 10 12 
0 2 28 0 1271 1 6 32 3 1298 0 0 49 0 1277 0 2 35 1 1311 3 8 36 1 1245 
0 2 0 296 0 85 93 81 387 126 80 82 84 429 82 0 0 0 335 0 279 276 273 627 300 
439 364 681 667 359 102 25 378 375 31 308 225 627 527 220 87 31 391 346 52 168 126 502 420 115 
620 609 654 666 614 0 0 0 0 0 0 0 0 0 0 0 0 0 0 0 0 0 0 0 0 
0 431 0 0 171 0 412 0 0 175 245 761 265 278 422 0 472 0 0 170 15 481 20 23 214 
0 0 0 0 0 0 0 0 0 0 1088 1115 1070 1115 1159 0 0 0 0 0 0 0 0 0 0 
164 105 944 431 83 499 353 1235 716 400 84 61 814 279 22 684 545 1454 797 499 145 100 986 359 61 
7 0 275 16 0 7 0 232 12 0 245 276 500 284 254 11 3 245 36 12 4 0 274 16 0 
199 93 238 66 533 612 532 707 440 929 592 543 671 512 873 144 81 149 30 429 161 105 236 73 510 
27 0 0 0 0 70 16 32 16 35 35 0 0 0 0 1123 1116 1139 1124 1041 24 0 0 0 0 
489 0 0 342 1 475 1 0 374 0 467 0 0 344 0 510 1 15 361 15 518 18 41 384 48 
325 894 903 332 509 93 639 656 106 229 58 574 623 63 219 259 768 791 254 395 171 662 724 142 323 
0 0 178 0 0 444 419 620 437 482 0 0 177 0 0 9 11 181 4 11 92 75 243 78 98 
0 261 236 406 1 0 276 224 369 1 38 277 271 466 44 0 235 223 378 2 0 247 257 404 4 
0 0 1 1351 0 7 8 12 1326 3 0 0 7 1355 0 4 6 15 1420 6 0 0 12 1363 0 
560 278 840 564 1096 495 190 793 511 1065 727 441 1073 756 1252 1116 834 1481 1127 1672 576 244 799 591 1126 
5 105 2 21 1 0 73 0 20 0 0 97 0 19 0 7 99 5 26 4 1009 1120 1068 1039 1004 
647 386 40 160 12 1215 891 524 616 462 880 588 200 234 118 801 470 110 206 87 659 391 42 143 40 
1247 1847 1141 1061 1205 354 867 165 102 157 564 1195 449 355 484 294 765 125 57 136 381 846 181 133 209 
427 467 476 700 602 21 16 8 228 86 16 13 6 180 83 22 12 11 200 88 212 190 150 388 266 
249 222 232 241 562 64 91 125 63 396 3 11 43 11 338 281 322 360 323 729 1094 1143 1115 1131 1466 
569 202 142 974 990 1469 1083 980 1971 1894 532 267 146 1038 1099 453 173 98 890 938 865 605 514 1252 1247 
39 273 9 6 10 53 310 46 56 70 27 301 0 0 0 332 561 303 352 314 76 319 30 37 29 
