3831 4248 3689 3738 2730 4044 4508 4002 3929 2879 3986 4437 3890 3922 2864 3855 4277 3744 3828 2779 3864 4378 3858 3787 2717 
789 272 465 351 617 534 35 213 68 358 1234 610 864 709 982 718 169 375 261 506 1991 1351 1577 1602 1781 
389 368 407 328 557 0 0 7 0 126 151 128 169 133 279 21 22 44 20 150 0 1 12 0 149 
0 2216 0 0 0 0 2289 0 0 0 0 2120 0 0 0 0 2196 0 0 0 0 2119 0 0 0 
35 14 27 1150 27 12 0 12 1090 12 610 538 573 1582 554 148 121 112 1188 164 30 7 13 994 19 
0 0 3 0 0 0 4 0 1 0 0 0 2 0 0 695 696 678 661 683 202 189 194 199 211 
1556 7 0 3 0 1606 23 20 23 21 1632 22 23 26 17 1604 1 0 9 0 1607 4 0 4 0 
0 0 1924 35 20 0 0 1977 31 19 0 0 1850 22 19 0 0 1959 25 7 0 0 1884 21 13 
0 0 0 22 25 1824 1723 1782 1759 1774 0 0 0 24 34 0 0 0 23 31 0 0 0 19 33 
2 400 0 703 0 95 504 85 888 103 24 412 29 803 39 116 546 93 884 91 9 365 0 728 0 
244 18 256 0 0 246 11 256 0 0 250 10 245 4 1 213 8 260 0 0 272 34 238 12 11 
0 2 27 0 1202 0 6 34 2 1181 0 0 54 0 1226 0 3 41 0 1227 5 7 41 3 1165 
0 3 0 295 0 87 89 88 383 120 81 91 83 447 89 0 0 0 328 0 284 280 279 646 313 
411 337 676 629 333 67 24 380 370 39 280 218 607 478 206 57 9 377 306 39 109 92 443 358 79 
615 611 664 677 625 0 0 0 0 0 0 0 0 0 0 0 0 0 0 0 0 0 0 0 0 
0 462 0 0 166 0 479 0 0 181 241 812 275 285 439 0 525 0 0 180 15 553 22 26 229 
0 0 0 0 0 0 0 0 0 0 1141 1164 1124 1155 1225 0 0 0 0 0 0 0 0 0 0 
174 82 993 415 105 497 339 1294 679 371 90 45 868 274 21 652 556 1537 825 563 204 136 1062 403 128 
26 0 332 21 0 18 0 278 23 0 256 269 549 291 255 43 16 291 42 12 11 0 325 20 0 
215 104 251 70 501 622 509 668 407 884 581 521 648 494 795 181 64 187 11 429 190 96 244 38 451 
18 0 0 0 0 78 23 38 26 47 28 0 0 0 0 1115 1114 1137 1121 1041 25 0 0 0 0 
440 0 0 349 3 414 0 0 375 0 411 0 0 347 0 454 1 14 365 12 460 16 41 390 48 
319 889 908 310 515 67 614 677 75 273 8 514 610 5 219 232 726 819 225 397 124 635 753 110 350 
0 0 179 0 0 444 419 620 437 482 0 0 177 0 0 7 11 192 4 10 89 77 251 77 106 
0 262 242 350 1 0 281 225 327 1 39 278 273 416 40 0 241 223 323 2 0 263 256 344 4 
0 0 0 1411 0 8 9 9 1373 3 0 0 5 1394 0 4 6 13 1478 7 0 0 3 1424 0 
612 364 952 636 1226 567 286 883 580 1180 792 523 1143 853 1421 1132 887 1498 1207 1770 617 295 893 625 1199 
11 125 3 30 5 0 84 0 19 0 0 106 0 18 1 8 117 4 25 3 1075 1183 1120 1102 1089 
581 413 58 177 39 1040 876 486 612 435 808 639 235 251 141 742 534 140 250 121 550 398 34 149 9 
1248 1821 1122 1065 1262 347 872 173 127 277 592 1220 472 410 587 306 759 126 62 269 366 855 189 131 324 
427 496 497 687 639 45 30 26 222 128 12 17 5 189 117 18 17 13 197 109 234 214 176 404 295 
226 220 205 233 534 64 91 102 56 418 4 18 63 12 346 306 344 368 312 749 971 1019 1031 1038 1352 
688 229 189 1025 1044 1464 1005 949 1887 1859 622 282 150 1017 1085 535 184 125 868 893 922 583 492 1254 1232 
33 252 8 6 11 58 298 51 51 65 28 302 0 0 0 315 536 308 331 278 75 320 45 46 49 
