3947 4539 3826 3994 3094 4255 4882 4246 4199 3347 3997 4652 4014 4107 3223 4003 4578 3970 4111 3108 3916 4546 3970 3957 3060 
806 243 433 292 510 538 30 185 24 276 1182 467 744 501 786 692 92 259 115 351 2006 1398 1544 1492 1663 
378 372 410 349 567 0 0 9 0 140 162 136 179 145 281 20 22 45 21 153 0 0 10 0 153 
0 2176 0 0 0 0 2241 0 0 0 0 2097 0 0 0 0 2159 0 0 0 0 2082 0 0 0 
37 13 34 1057 50 11 0 19 1044 31 635 548 585 1561 582 152 131 115 1175 180 26 8 21 1014 47 
0 0 4 0 0 0 4 0 1 0 0 0 2 0 0 725 725 705 674 721 201 192 210 194 215 
1396 5 0 3 0 1426 17 21 20 21 1408 17 18 19 14 1399 1 0 2 0 1428 3 0 8 0 
0 0 2068 11 33 0 0 2058 9 27 0 0 1919 5 24 0 0 2090 12 21 0 0 1979 5 28 
0 0 0 6 19 1866 1753 1813 1770 1813 0 0 0 9 17 0 0 0 4 15 0 0 0 6 19 
5 383 0 716 0 99 449 76 856 89 30 400 39 801 53 132 499 123 833 116 14 367 0 731 0 
303 19 247 0 0 277 11 231 0 0 298 10 239 7 1 272 12 249 0 0 309 26 239 11 10 
0 3 30 1 1259 1 15 36 3 1264 0 0 48 0 1252 0 3 43 1 1316 6 9 42 6 1250 
0 3 0 287 0 92 92 85 378 120 78 85 82 416 83 0 0 0 318 0 270 270 269 603 285 
453 409 734 755 425 96 45 415 421 61 295 238 610 579 232 77 31 390 364 42 139 98 472 446 92 
585 586 605 638 586 0 0 0 0 0 0 0 0 0 0 0 0 0 0 0 0 0 0 0 0 
0 429 0 0 178 0 416 0 0 179 243 773 273 276 440 0 474 0 0 177 15 497 20 23 223 
0 0 0 0 0 0 0 0 0 0 1123 1148 1116 1152 1196 0 0 0 0 0 0 0 0 0 0 
106 41 1003 401 59 503 377 1366 755 404 61 27 867 282 14 593 493 1472 820 492 225 146 1105 457 122 
21 0 243 53 0 18 0 223 52 0 271 283 503 315 263 30 3 212 68 9 9 0 263 51 0 
275 110 296 110 539 672 554 734 502 953 649 562 721 570 889 222 90 215 66 471 241 128 310 133 556 
27 0 0 0 0 66 8 22 11 28 28 0 0 0 0 1122 1116 1140 1121 1052 23 0 0 0 0 
490 1 0 338 1 470 1 0 387 0 464 1 0 347 0 496 2 7 357 0 499 20 27 380 32 
299 782 835 311 473 73 580 616 84 223 31 526 575 38 219 163 643 672 190 334 129 573 697 126 292 
0 0 178 0 0 444 419 620 437 482 0 0 177 0 0 10 11 197 7 9 90 74 243 82 102 
0 260 239 416 1 0 279 224 373 1 43 281 273 467 49 0 235 226 381 2 0 253 251 414 4 
0 0 0 1384 0 7 8 13 1361 3 0 0 8 1388 0 4 6 12 1447 6 0 0 3 1382 0 
523 322 825 519 1074 399 172 676 350 933 580 388 948 606 1147 1032 839 1403 1045 1592 502 271 759 453 1075 
9 109 2 25 3 0 78 0 19 0 0 102 0 20 0 7 106 4 26 3 923 1015 950 934 898 
598 437 35 140 21 1041 851 422 535 379 854 653 195 224 100 762 575 146 229 125 577 403 17 102 4 
1223 1828 1138 1051 1204 374 875 185 123 176 567 1185 473 371 489 315 751 157 65 164 355 843 183 104 191 
310 329 330 392 379 15 0 0 42 0 13 0 0 47 0 17 0 0 58 0 188 154 130 222 175 
249 235 239 218 547 59 86 114 49 384 3 12 65 2 343 315 370 378 312 745 1040 1108 1106 1029 1389 
814 260 302 1241 1151 1387 838 866 1961 1831 860 398 311 1306 1304 527 100 92 967 988 1083 618 589 1537 1405 
36 321 21 8 14 59 350 60 54 71 26 307 2 0 1 390 619 356 390 330 87 368 67 52 66 
