4980 5017 4452 5061 4185 5851 5909 5404 6055 4999 5470 5585 4955 5615 4749 4652 4823 4314 4963 3954 5345 5456 4935 5415 4431 
1041 696 868 893 1419 441 130 292 220 795 656 316 492 458 1018 698 281 472 447 1052 2629 2229 2396 2481 3015 
362 394 404 410 595 0 0 6 0 122 145 130 159 150 268 20 24 43 25 157 0 0 11 0 151 
0 2200 0 0 0 0 2277 0 0 0 0 2147 0 0 0 0 2212 0 0 0 0 2099 0 0 0 
36 15 26 1022 48 13 0 15 974 30 624 488 570 1515 589 136 117 104 1113 171 30 7 24 984 43 
30 145 21 8 5 36 177 22 25 14 11 119 5 0 1 1139 1284 1154 1126 1073 328 481 289 284 311 
1368 14 0 9 0 1369 20 19 28 20 1371 25 21 31 13 1371 10 0 11 0 1371 4 0 12 0 
0 0 2068 34 21 0 0 2061 32 22 0 0 1950 27 17 0 0 2068 21 14 0 0 1994 23 18 
0 0 0 13 9 1801 1719 1751 1789 1771 0 0 0 22 13 0 0 0 12 9 0 0 0 15 15 
31 415 0 758 0 109 502 69 878 68 50 424 32 792 27 119 523 68 873 86 53 399 0 746 0 
365 20 230 0 0 415 14 188 0 0 455 20 253 18 23 391 15 240 5 2 537 172 363 140 150 
0 1 34 1 1270 3 16 48 7 1277 0 0 45 0 1254 0 1 47 2 1325 7 10 42 7 1267 
0 2 0 283 0 97 101 93 372 116 80 86 78 414 75 0 0 0 313 0 270 272 261 603 278 
573 461 825 939 563 147 68 461 543 200 337 236 687 685 356 102 29 407 436 142 220 158 541 618 256 
585 586 605 638 586 0 0 0 0 0 0 0 0 0 0 0 0 0 0 0 0 0 0 0 0 
0 474 0 0 193 0 440 0 0 183 232 774 265 264 437 0 471 0 0 189 16 501 22 25 228 
0 0 0 0 0 0 0 0 0 0 1143 1168 1110 1146 1205 0 0 0 0 0 0 0 0 0 0 
112 81 917 322 95 473 330 1146 586 398 16 55 723 177 7 669 622 1476 740 579 212 159 961 356 116 
111 0 392 121 0 113 0 368 114 0 384 296 636 383 271 138 15 387 139 12 104 0 402 109 0 
233 55 159 222 581 714 560 683 672 1104 587 451 602 649 960 235 109 178 213 596 206 127 234 296 619 
9 0 0 0 0 45 17 31 20 34 3 0 0 0 0 1106 1115 1135 1118 1049 3 0 0 0 0 
423 45 33 386 37 356 1 0 373 0 365 3 0 346 0 405 4 14 375 5 390 19 24 385 31 
302 807 806 312 435 65 587 567 68 199 14 519 535 15 175 175 651 628 181 336 106 567 618 91 264 
0 0 226 0 0 495 449 752 515 539 0 0 224 0 0 8 11 214 4 8 98 73 292 99 99 
0 224 224 374 1 0 239 230 346 1 35 236 273 425 36 0 216 225 352 2 0 221 234 366 3 
0 0 2 1335 0 7 8 16 1301 3 0 0 7 1340 0 4 6 15 1408 6 0 0 11 1342 0 
451 242 652 396 980 330 124 544 272 828 565 356 784 526 972 1027 782 1226 1002 1490 374 200 601 338 908 
12 116 5 35 7 0 88 0 21 0 0 117 1 23 2 10 117 5 28 3 991 1101 1015 996 974 
585 359 15 111 11 1020 790 384 490 358 766 509 96 175 88 764 496 123 217 121 616 371 31 105 33 
1281 1846 1113 1033 1146 348 865 185 119 155 592 1236 483 365 446 308 752 135 55 141 395 844 175 118 146 
