3759 4417 3813 3892 3027 4068 4775 4221 4144 3259 3855 4572 3976 4058 3108 3817 4438 3946 4007 3046 3817 4501 3944 3900 2965 
766 262 473 351 567 512 34 199 31 289 1089 534 781 577 860 674 181 341 221 424 1884 1352 1527 1470 1632 
401 382 432 350 571 0 0 10 0 133 159 128 183 133 276 21 22 46 20 156 0 0 14 0 145 
0 2162 0 0 0 0 2238 0 0 0 0 2084 0 0 0 0 2174 0 0 0 0 2079 0 0 0 
39 14 21 1070 48 13 0 17 1044 29 643 560 579 1538 565 146 128 98 1185 166 33 8 21 987 43 
0 0 4 0 0 0 6 0 1 0 0 0 2 0 0 753 742 720 719 721 233 215 227 238 254 
1411 3 0 2 0 1418 3 9 6 9 1452 21 22 23 14 1429 1 0 2 0 1422 1 0 4 0 
0 0 2136 5 38 0 0 2126 2 30 0 0 1977 1 25 0 0 2131 4 22 0 0 2050 2 28 
0 0 0 21 8 1841 1726 1785 1772 1802 0 0 0 25 11 0 0 0 22 14 0 0 0 19 16 
25 429 0 711 0 98 497 74 843 72 66 437 35 781 54 108 506 75 793 82 47 374 0 718 0 
283 17 254 0 0 279 11 232 0 0 279 13 250 5 3 299 24 248 0 0 286 26 243 10 10 
0 1 26 0 1260 1 9 32 0 1257 0 0 40 0 1275 0 3 36 1 1299 3 5 30 1 1226 
0 4 0 285 0 76 84 72 367 99 80 85 83 419 83 0 0 0 317 0 271 272 270 602 285 
399 352 676 661 330 47 18 400 378 44 279 208 590 520 197 40 11 379 318 34 101 54 450 384 75 
585 586 605 638 586 0 0 0 0 0 0 0 0 0 0 0 0 0 0 0 0 0 0 0 0 
0 398 0 0 176 0 389 0 0 174 236 708 271 273 416 0 436 0 0 176 14 461 19 22 218 
0 0 0 0 0 0 0 0 0 0 1109 1135 1095 1138 1190 0 0 0 0 0 0 0 0 0 0 
154 31 868 354 62 532 342 1223 702 411 109 27 770 273 13 650 501 1450 808 544 200 128 947 364 97 
12 0 226 10 0 4 0 207 4 0 225 265 462 251 244 7 0 210 35 12 5 0 242 17 0 
221 76 259 44 470 638 539 718 495 910 640 570 731 549 881 199 89 216 18 428 208 97 292 65 497 
56 0 0 0 0 83 9 16 12 21 64 0 0 0 0 1137 1115 1139 1123 1045 52 0 0 0 0 
496 0 0 351 1 482 0 0 379 0 473 0 0 352 0 512 4 5 368 4 518 20 29 390 42 
311 808 839 296 465 62 573 609 73 209 22 541 588 21 206 165 655 653 179 335 126 618 699 129 316 
0 0 178 0 0 444 418 620 437 482 0 0 177 0 0 8 12 187 5 12 89 73 246 76 103 
0 286 276 492 1 0 303 254 444 1 37 297 310 532 41 0 260 252 442 3 0 259 285 467 4 
0 0 3 1324 0 7 8 14 1293 3 0 0 8 1323 0 4 6 16 1392 6 0 0 10 1331 0 
430 240 745 478 1030 403 151 660 334 923 633 377 933 653 1135 1046 772 1330 1021 1527 494 226 720 446 1013 
9 104 4 29 5 0 76 0 19 0 0 100 0 19 1 10 96 4 25 4 990 1074 1021 1003 972 
605 426 42 203 10 1305 988 596 760 503 848 640 203 312 119 850 604 147 323 97 619 414 34 187 10 
1305 1903 1146 1075 1254 373 917 220 142 244 592 1215 463 380 526 308 775 130 67 198 362 814 162 106 192 
370 438 431 594 577 14 8 8 171 55 16 14 5 119 54 26 12 13 169 60 215 194 160 340 241 
243 215 248 226 532 70 100 118 67 412 3 10 73 7 347 326 377 401 334 786 1087 1158 1160 1127 1463 
975 346 344 1246 1143 1414 867 821 1847 1785 966 428 370 1279 1352 607 158 140 937 989 1175 687 637 1537 1489 
35 315 28 8 26 64 342 74 53 80 26 327 9 0 6 335 584 365 324 332 50 360 37 12 20 
