5091 5027 4694 5242 4361 5862 5833 5498 6156 5063 5612 5644 5222 5827 4997 4806 4902 4503 5148 4137 5451 5429 5146 5525 4510 
743 495 666 653 1204 287 100 252 130 720 425 201 394 181 858 537 274 470 367 989 2570 2341 2437 2461 3097 
497 540 512 503 682 0 0 6 2 119 152 132 159 172 259 0 4 28 10 126 0 0 12 0 154 
0 2172 0 0 0 0 2240 0 0 0 0 2104 0 0 0 0 2167 0 0 0 0 2064 0 0 0 
36 13 26 1071 30 14 0 19 1069 9 664 542 646 1648 631 146 123 103 1180 164 31 7 28 1050 27 
3 128 4 0 2 9 170 19 12 9 8 103 3 0 1 1113 1246 1087 1096 1044 307 471 272 283 308 
1433 5 0 4 0 1426 2 6 10 4 1433 31 32 34 24 1412 1 0 2 0 1420 2 0 4 0 
0 0 1979 29 33 0 0 1967 23 27 0 0 1877 17 23 0 0 1991 18 21 0 0 1919 17 29 
0 0 0 8 24 1788 1707 1758 1754 1788 0 0 0 12 30 0 0 0 5 33 0 0 0 8 34 
2 392 0 645 0 110 480 90 734 105 33 405 17 676 24 130 497 101 746 91 9 345 0 626 0 
383 20 232 0 0 431 13 203 0 0 463 15 266 10 6 407 15 235 4 3 562 172 373 150 152 
0 18 41 1 1221 3 21 51 9 1252 0 16 57 1 1209 0 16 58 3 1280 8 25 56 10 1213 
0 14 0 288 0 115 123 104 385 129 94 104 88 422 85 0 15 0 318 0 278 277 270 606 285 
600 489 923 975 548 145 58 501 501 114 346 220 698 668 296 114 30 435 429 90 205 123 553 579 146 
585 586 605 638 586 0 0 0 0 0 0 0 0 0 0 0 0 0 0 0 0 0 0 0 0 
0 453 0 0 194 0 462 0 0 223 234 783 259 283 489 0 470 0 0 200 14 481 18 26 240 
0 0 0 0 0 0 0 0 0 0 1158 1205 1141 1194 1235 0 0 0 0 0 0 0 0 0 0 
96 61 984 317 56 519 406 1280 694 455 14 44 796 203 10 652 595 1533 821 610 192 149 1013 339 100 
126 0 398 99 0 132 0 402 104 0 385 290 640 357 264 153 16 396 120 12 117 0 418 89 0 
231 75 175 234 686 721 595 732 720 1262 596 511 612 684 1042 263 144 198 231 694 213 137 260 313 735 
15 0 0 0 0 52 9 21 11 26 15 0 0 0 0 1112 1101 1128 1108 1044 13 0 0 0 0 
409 76 33 389 37 360 46 0 392 0 369 34 0 355 0 426 73 40 408 43 432 65 41 410 48 
269 726 716 262 395 61 498 481 65 166 1 417 434 0 107 128 548 547 135 258 26 462 476 38 144 
0 0 146 0 0 434 387 597 428 437 0 0 160 0 0 6 3 166 1 0 95 73 224 77 90 
0 198 202 341 1 0 222 214 323 1 35 222 256 405 36 0 204 212 342 2 0 211 224 346 3 
0 0 13 1420 0 8 8 32 1394 4 0 0 14 1417 0 4 6 21 1489 6 0 0 17 1434 0 
421 221 543 314 865 290 79 386 159 701 522 303 661 426 859 955 765 1142 877 1379 382 197 493 314 876 
3 98 0 25 3 0 67 0 20 0 0 89 0 20 0 7 106 5 26 3 1011 1076 1024 1023 998 
587 362 7 96 11 1077 844 465 563 431 746 506 92 151 69 788 500 123 220 125 611 398 16 92 8 
1360 2046 1178 1162 1248 404 1061 251 162 191 596 1375 462 398 448 318 865 156 75 168 354 965 186 134 159 
