3730 4419 3740 3818 2948 4102 4805 4175 4080 3200 3786 4533 3847 3927 3013 3799 4491 3893 3962 3011 3777 4468 3876 3795 2884 
832 287 458 265 559 612 32 155 25 291 1144 497 707 522 803 734 154 336 142 383 1973 1391 1541 1442 1671 
389 367 418 328 556 0 0 6 0 135 157 131 185 136 291 21 22 49 21 165 0 0 16 0 144 
0 2140 0 0 0 0 2227 0 0 0 0 2076 0 0 0 0 2157 0 0 0 0 2070 0 0 0 
39 14 56 1112 29 12 0 24 1068 16 688 552 631 1628 592 163 138 128 1214 180 31 8 36 1038 19 
0 0 3 0 0 0 4 0 1 0 0 0 2 0 0 693 698 678 661 683 200 192 197 203 218 
1412 9 0 3 0 1410 20 19 27 21 1416 24 25 24 19 1413 3 0 5 0 1451 3 0 8 0 
1 0 2060 19 33 0 0 2064 14 27 0 0 1929 10 24 0 0 2083 13 21 0 0 1989 10 27 
0 0 0 10 20 1890 1782 1837 1822 1879 0 0 0 12 22 0 0 0 6 23 0 0 0 10 25 
16 419 0 745 0 129 502 97 892 98 77 453 76 843 93 143 523 123 868 114 38 379 0 761 0 
289 16 227 0 0 262 12 242 0 0 293 10 234 4 1 248 14 239 0 0 295 26 234 10 11 
0 6 34 0 1294 0 4 45 0 1288 0 0 59 0 1288 0 3 43 0 1325 3 8 50 0 1299 
0 5 0 285 0 86 95 89 374 116 78 80 86 421 83 0 0 0 311 0 266 268 268 602 285 
437 387 705 726 393 98 35 415 410 68 296 221 607 558 243 70 22 361 350 45 116 76 465 404 105 
585 586 605 638 586 0 0 0 0 0 0 0 0 0 0 0 0 0 0 0 0 0 0 0 0 
0 395 0 0 168 0 395 0 0 171 236 699 261 266 418 0 428 0 0 166 14 460 18 22 207 
0 0 0 0 0 0 0 0 0 0 1112 1147 1096 1133 1196 0 0 0 0 0 0 0 0 0 0 
155 42 989 428 80 556 395 1318 788 438 65 23 832 288 10 628 510 1502 843 536 272 183 1112 483 186 
32 0 258 52 0 30 0 211 48 0 276 286 497 317 265 60 10 219 65 12 11 0 256 51 0 
282 140 329 136 558 686 562 800 497 968 693 619 802 600 951 239 136 257 81 482 237 125 338 143 576 
23 0 0 0 0 75 14 22 15 28 36 0 0 0 0 1128 1115 1141 1129 1052 27 0 0 0 0 
491 0 0 350 1 468 1 0 386 0 464 2 0 350 0 485 3 7 352 0 500 23 27 385 37 
305 842 877 320 475 77 608 620 87 232 43 555 604 48 212 173 658 667 175 327 176 625 719 164 318 
0 0 179 0 0 444 419 620 437 482 0 0 177 0 0 9 9 192 4 10 91 74 248 73 99 
0 268 238 351 1 0 279 222 328 1 39 281 273 405 42 0 245 224 305 2 0 253 246 346 5 
0 0 1 1429 0 7 8 13 1387 3 0 0 5 1439 0 4 6 12 1511 6 0 0 3 1436 0 
478 241 737 460 1015 365 141 646 320 905 560 328 917 565 1066 997 782 1328 1005 1531 459 209 696 419 982 
12 125 5 30 7 0 76 0 19 0 0 104 1 19 2 7 103 4 25 3 948 1029 978 941 925 
584 433 65 157 32 1027 865 432 548 408 811 635 160 191 86 749 561 149 232 122 568 411 30 102 9 
1281 1903 1172 1165 1289 363 870 200 148 222 578 1235 483 407 529 294 758 139 76 202 353 825 173 133 206 
306 340 343 421 378 16 0 0 56 0 17 0 0 52 0 21 0 0 56 0 191 154 130 225 166 
242 233 223 217 528 66 91 112 57 399 3 11 67 6 362 337 370 391 325 735 1004 1059 1055 1044 1370 
933 283 330 1245 1220 1407 837 886 1930 1767 1006 476 419 1390 1389 674 139 161 1049 1061 1218 775 714 1648 1521 
36 315 25 6 17 60 352 65 56 73 27 318 4 0 2 388 628 352 393 325 82 376 61 56 61 
