5880 5513 5191 5640 5073 6869 6507 6222 6634 5920 6626 6319 5960 6403 5783 6127 5903 5535 5907 5271 6355 6041 5805 6132 5476 
686 554 670 681 1137 222 124 234 129 622 348 283 357 251 764 588 426 494 444 1000 2979 2780 2834 2818 3381 
1727 2479 1623 1532 1818 294 926 187 146 325 665 1365 609 510 705 279 820 169 99 279 263 859 175 114 261 
0 2226 0 0 0 0 2281 0 0 0 0 2150 0 0 0 0 2219 0 0 0 0 2107 0 0 0 
44 16 34 1118 49 15 0 23 1119 29 635 518 582 1614 598 162 135 113 1254 198 28 8 27 1044 49 
9 140 20 1 10 25 210 29 22 20 14 159 9 0 1 1098 1255 1093 1086 1046 305 495 285 279 311 
1484 9 0 5 0 1471 1 1 10 0 1557 48 55 75 48 1481 5 0 6 0 1528 4 0 8 0 
0 0 2078 25 43 0 0 2063 21 27 0 0 1945 13 25 0 0 2115 15 21 0 0 2013 11 28 
0 0 0 24 18 1876 1794 1848 1847 1867 0 0 0 26 14 0 0 0 25 16 0 0 0 20 25 
15 401 0 708 0 105 494 73 862 74 57 424 39 760 44 80 470 48 805 32 40 363 0 696 0 
335 18 201 0 0 374 13 179 0 0 409 13 217 5 4 334 14 211 1 0 516 159 321 126 133 
0 7 28 1 1292 1 9 36 4 1261 0 3 53 0 1259 0 4 45 1 1396 6 12 37 5 1231 
0 14 0 288 0 115 123 104 385 129 94 104 88 422 85 0 15 0 318 0 278 277 270 606 285 
700 511 997 985 765 227 61 552 482 285 364 158 689 626 418 210 55 563 460 288 236 155 616 598 362 
585 586 605 638 586 0 0 0 0 0 0 0 0 0 0 0 0 0 0 0 0 0 0 0 0 
0 468 0 0 236 0 470 0 0 256 302 884 350 371 569 0 493 0 0 226 17 594 24 34 311 
144 0 0 0 0 325 158 152 166 152 194 20 18 20 15 254 47 46 52 41 142 0 0 0 0 
0 0 0 0 0 0 0 0 0 0 1083 1117 1064 1083 1156 0 0 0 0 0 0 0 0 0 0 
47 32 788 231 19 430 319 1097 570 406 7 16 691 164 5 553 505 1323 695 536 72 57 838 242 41 
89 0 438 100 0 97 0 411 91 0 347 327 706 371 292 109 15 422 113 12 76 0 441 92 0 
269 68 150 231 570 786 605 736 749 1155 619 433 563 663 953 304 136 206 270 601 255 120 236 304 636 
55 0 0 0 0 81 9 15 11 19 64 0 0 0 0 1121 1083 1116 1095 1020 52 0 0 0 0 
508 129 36 441 38 487 128 18 455 24 460 128 0 386 0 557 128 42 481 43 519 141 41 459 48 
0 14 0 0 0 0 10 0 0 0 0 12 0 0 0 0 11 0 0 0 516 504 522 518 467 
313 811 823 313 532 70 589 552 68 266 21 571 538 7 228 209 700 698 235 480 35 506 521 31 218 
0 0 145 0 0 371 344 528 363 395 0 0 148 0 0 7 9 164 4 8 83 65 207 69 90 
0 219 240 291 1 0 248 252 300 1 35 244 294 358 36 0 232 253 309 2 0 223 253 292 3 
0 0 10 1463 0 7 8 23 1386 3 0 0 11 1433 0 4 6 22 1504 6 0 0 10 1456 0 
