3831 4325 3693 3786 2853 4125 4626 4102 4009 3096 3937 4500 3867 3919 3007 3847 4355 3820 3868 2957 3857 4467 3895 3833 2869 
808 263 458 389 624 554 42 209 122 344 1273 632 923 705 1020 734 164 431 285 518 1958 1340 1564 1597 1742 
414 420 441 367 645 0 0 7 0 182 154 130 175 144 328 20 23 46 26 187 0 0 13 0 182 
0 2220 0 0 0 0 2265 0 0 0 0 2129 0 0 0 0 2194 0 0 0 0 2112 0 0 0 
41 14 37 1059 26 12 0 24 1046 13 632 543 630 1596 593 135 125 126 1137 168 29 7 32 967 18 
0 0 3 0 0 0 6 0 1 0 0 0 3 0 0 694 697 682 661 684 200 189 201 199 213 
1492 7 0 3 0 1562 16 19 23 21 1506 9 10 23 10 1534 1 0 0 0 1509 2 0 3 0 
0 0 2056 19 17 0 0 2082 15 14 0 0 1951 8 18 0 0 2071 16 8 0 0 1990 11 17 
0 0 0 21 24 1803 1701 1757 1744 1774 0 0 0 25 32 0 0 0 22 29 0 0 0 19 33 
12 405 0 583 0 137 524 112 807 124 38 430 42 700 60 141 531 123 792 116 14 375 0 620 0 
310 18 285 0 0 288 12 273 0 0 305 10 269 5 1 274 14 287 0 0 328 29 282 12 10 
0 6 47 1 1252 1 13 57 6 1246 0 4 62 0 1250 0 5 58 2 1276 7 16 64 5 1249 
0 4 0 287 0 83 94 78 376 116 77 85 76 422 82 0 0 0 314 0 271 268 270 604 283 
376 340 677 645 326 43 15 394 370 48 286 195 628 513 183 13 5 380 307 30 108 55 458 372 79 
614 612 651 666 618 0 0 0 0 0 0 0 0 0 0 0 0 0 0 0 0 0 0 0 0 
0 414 2 0 162 0 415 0 0 170 235 724 248 269 410 0 452 0 0 168 15 448 17 24 205 
0 0 0 0 0 0 0 0 0 0 1137 1142 1098 1132 1194 0 0 0 0 0 0 0 0 0 0 
104 41 875 364 40 428 306 1156 615 349 42 33 739 260 16 611 527 1373 759 458 145 106 929 336 93 
23 0 301 25 0 24 0 241 13 0 262 273 520 283 255 47 11 257 38 12 8 0 299 20 0 
245 163 272 79 526 634 564 691 415 890 620 605 710 512 840 213 151 253 49 464 203 171 289 50 508 
50 0 0 0 0 86 11 21 13 26 58 0 0 0 0 1136 1116 1139 1118 1047 44 0 0 0 0 
407 0 0 340 1 373 0 0 379 0 386 0 0 339 0 416 1 16 375 11 432 18 41 392 48 
331 899 908 333 537 95 661 677 104 282 58 596 625 60 259 262 779 797 260 418 185 686 747 165 368 
0 0 179 0 0 460 426 636 447 484 0 0 176 0 0 9 10 194 5 9 91 80 244 77 105 
0 265 235 399 1 0 278 225 370 1 37 279 267 460 37 0 226 224 373 3 0 251 253 407 3 
0 0 5 1474 0 7 8 22 1439 3 0 0 10 1435 0 4 10 21 1516 6 0 0 11 1477 0 
522 272 824 590 1081 467 188 734 517 982 697 431 1023 789 1247 1073 778 1341 1111 1558 547 234 772 547 1050 
14 115 4 25 6 0 86 0 19 0 0 93 1 19 2 7 104 6 25 3 1009 1107 1032 1028 984 
589 397 36 166 13 1104 881 504 602 443 856 635 195 244 126 788 551 140 248 108 629 413 43 156 44 
1266 1832 1128 1057 1244 372 893 190 149 221 612 1243 470 411 515 304 754 91 58 210 401 855 173 144 250 
415 457 457 670 603 36 19 18 208 78 14 14 6 207 88 18 12 12 187 84 214 177 164 358 240 
220 170 198 221 500 46 84 99 50 384 4 13 66 8 320 327 384 366 331 747 1055 1099 1097 1075 1429 
773 306 297 1140 1078 1456 1012 965 1910 1882 651 289 196 1073 1109 560 200 138 963 942 966 663 553 1410 1283 
33 250 8 7 10 52 285 42 51 63 24 259 0 0 0 310 506 286 333 301 76 302 43 46 51 
