5036 4948 4648 5189 4286 5796 5804 5480 6063 4976 5590 5646 5220 5824 4906 4827 4893 4573 5132 4132 5366 5379 5129 5513 4470 
760 533 644 696 1242 323 113 271 236 833 466 222 368 268 923 558 294 454 411 1039 2561 2264 2397 2511 3055 
473 483 497 460 615 0 0 6 0 99 148 126 155 158 226 25 22 40 27 124 1 2 15 0 140 
0 2188 0 0 0 0 2263 0 0 0 0 2111 0 0 0 0 2158 0 0 0 0 2076 0 0 0 
37 14 23 1122 47 11 0 12 1069 33 702 536 644 1623 634 140 119 96 1209 162 49 9 15 1042 46 
30 149 20 7 11 51 210 41 50 47 21 166 7 0 0 1159 1323 1129 1167 1096 322 506 301 296 344 
1477 12 0 6 0 1474 7 2 13 0 1466 31 30 36 23 1496 6 0 8 0 1474 5 0 6 0 
0 0 1982 27 34 0 0 1967 25 29 0 0 1899 13 23 0 0 1996 14 22 0 0 1930 12 27 
0 0 0 5 26 1827 1743 1790 1796 1825 0 0 0 8 31 0 0 0 3 30 0 0 0 6 33 
17 395 0 596 0 114 489 70 722 93 31 403 30 654 38 124 484 92 699 93 34 351 0 593 0 
394 23 223 0 0 422 14 199 0 0 465 19 257 14 19 401 21 247 4 1 560 180 360 143 152 
0 13 40 1 1216 1 16 54 4 1237 0 11 59 0 1201 0 7 56 1 1265 7 16 53 6 1187 
0 14 0 288 0 115 123 104 385 129 94 104 88 422 85 0 15 0 318 0 278 277 270 606 285 
591 483 890 980 550 188 64 504 514 105 354 247 696 660 316 121 38 438 439 97 241 186 622 622 223 
585 586 605 638 586 0 0 0 0 0 0 0 0 0 0 0 0 0 0 0 0 0 0 0 0 
0 430 0 0 190 0 428 0 0 211 264 799 284 334 512 0 445 0 0 205 15 488 19 25 238 
0 0 0 0 0 0 0 0 0 0 1124 1159 1102 1157 1191 0 0 0 0 0 0 0 0 0 0 
86 45 933 278 39 446 342 1187 566 395 12 34 786 175 9 591 529 1407 697 518 125 87 910 286 65 
113 0 398 106 0 111 0 392 98 0 368 282 622 362 261 131 17 384 118 13 102 0 407 96 0 
229 61 168 236 648 715 584 710 709 1200 557 462 576 673 972 251 138 199 238 664 211 146 238 304 684 
17 0 0 0 0 41 8 17 10 20 14 0 0 0 0 1082 1083 1116 1096 1020 12 0 0 0 0 
413 79 33 393 37 372 49 0 397 0 374 35 0 355 0 421 74 41 417 43 437 70 41 415 48 
288 808 768 301 429 67 570 537 69 210 1 504 484 0 138 143 603 584 164 289 48 518 531 35 175 
0 0 162 0 0 436 383 614 432 440 0 0 171 0 0 8 10 184 5 8 98 75 229 82 90 
0 204 215 336 1 0 228 223 318 1 35 234 266 402 36 0 213 225 335 2 0 215 237 342 3 
0 0 10 1475 0 8 8 43 1465 3 0 0 10 1458 0 4 6 25 1557 6 0 0 14 1484 0 
432 224 595 298 892 261 73 389 131 694 490 274 666 406 875 926 733 1125 808 1396 365 160 511 267 850 
13 127 8 28 15 0 77 0 19 0 0 110 2 23 2 8 115 4 27 3 1015 1120 1041 1022 1017 
571 375 8 73 8 1103 825 489 528 423 751 494 96 138 80 783 503 128 206 118 627 407 34 89 33 
1328 2021 1207 1177 1315 366 1010 234 201 233 574 1287 468 398 501 278 837 135 79 176 353 933 172 151 191 
