3816 4371 3741 3810 2876 4045 4602 4132 3958 3035 3985 4568 3983 3982 3089 3879 4402 3940 3924 3003 3794 4391 3884 3769 2810 
849 272 543 385 702 597 41 263 107 404 1252 611 904 685 958 713 166 445 266 527 1986 1384 1622 1574 1815 
377 381 401 328 564 0 0 8 0 127 154 130 168 134 279 21 22 47 20 161 0 0 10 0 144 
0 2220 0 0 0 1 2298 0 0 0 0 2128 0 0 0 0 2205 0 0 0 0 2135 0 0 0 
42 14 34 1118 50 17 0 29 1109 33 702 573 645 1685 668 160 131 103 1203 172 31 8 25 1043 43 
0 0 4 0 0 0 4 0 1 0 0 0 3 0 0 695 696 685 654 680 199 191 201 203 215 
1421 4 0 3 0 1449 17 18 25 22 1463 33 39 44 33 1429 1 0 3 0 1430 1 0 3 0 
0 0 2069 37 34 0 0 2082 31 29 0 0 1944 19 24 0 0 2089 22 22 0 0 1991 16 27 
0 0 0 22 27 1795 1700 1767 1740 1752 0 0 0 26 30 0 0 0 22 29 0 0 0 21 34 
28 392 0 691 0 136 497 89 855 113 46 420 31 744 37 113 503 77 820 79 48 367 0 703 0 
300 19 243 0 0 273 11 249 0 0 294 12 249 5 1 249 13 255 0 0 300 25 245 10 11 
0 2 29 0 1239 2 11 33 2 1228 0 0 49 0 1246 0 2 36 1 1287 6 6 36 4 1213 
0 4 0 305 0 87 97 90 395 123 78 84 84 445 86 0 0 0 340 0 271 286 277 641 302 
418 345 648 618 326 75 20 355 342 23 292 196 597 480 184 74 21 358 311 34 144 101 443 363 61 
619 610 657 675 612 0 0 0 0 0 0 0 0 0 0 0 0 0 0 0 0 0 0 0 0 
0 433 0 0 173 0 423 0 0 186 237 753 279 266 427 0 484 0 0 178 16 490 21 24 225 
0 0 0 0 0 0 0 0 0 0 1095 1120 1070 1107 1167 0 0 0 0 0 0 0 0 0 0 
127 89 960 408 86 447 342 1255 703 359 48 47 807 279 13 665 532 1488 813 532 232 170 1062 464 138 
28 0 277 18 0 33 0 234 9 0 260 275 513 275 242 69 12 243 29 12 16 0 289 14 0 
258 114 281 91 533 634 535 696 425 906 625 584 691 536 875 175 75 193 15 421 197 87 282 59 518 
18 0 0 0 0 55 10 20 9 25 29 0 0 0 0 1112 1111 1138 1118 1046 18 0 0 0 0 
497 0 0 351 2 475 0 0 380 0 467 0 0 350 0 519 4 17 377 14 520 18 41 392 48 
329 921 914 339 532 92 650 672 105 257 44 587 619 44 249 260 788 807 252 431 140 680 739 118 335 
0 0 166 0 0 478 435 644 462 507 0 0 167 0 0 8 11 179 12 13 98 80 249 79 110 
0 275 260 464 2 0 280 230 405 1 41 279 290 521 42 0 242 242 393 3 0 248 261 440 5 
0 0 1 1344 0 7 8 12 1315 3 0 0 7 1345 0 4 6 13 1416 6 0 0 4 1356 0 
502 225 791 548 1059 480 189 729 496 996 723 399 1010 776 1226 1065 782 1327 1116 1567 540 232 744 552 1042 
11 111 2 24 3 0 76 0 21 0 0 102 0 19 0 9 108 5 25 3 1051 1145 1064 1048 1026 
613 419 16 115 7 1153 902 480 580 454 847 593 148 168 88 787 530 131 216 106 628 396 35 113 37 
1230 1802 1105 1082 1196 328 829 129 98 171 550 1194 450 372 475 295 733 95 60 150 385 820 146 129 200 
369 453 435 576 563 19 7 6 156 53 12 0 1 119 62 17 12 5 133 52 201 203 164 339 251 
242 198 228 228 539 42 78 82 54 409 4 14 50 20 353 319 371 368 345 761 1022 1075 1098 1070 1410 
764 300 262 1130 1050 1479 1084 989 1991 1955 628 337 188 1115 1148 535 217 112 946 960 951 628 500 1360 1286 
32 241 10 6 12 49 285 42 46 65 25 257 0 0 0 305 506 280 327 273 77 303 43 47 50 
