3706 4354 3703 3803 2926 4070 4750 4195 4094 3207 3760 4518 3927 3942 3050 3748 4438 3877 3938 2966 3737 4403 3897 3827 2936 
795 262 462 260 547 569 35 188 23 269 1107 467 695 475 771 759 162 371 173 391 1923 1372 1487 1404 1628 
407 390 428 355 602 0 0 6 0 146 156 129 178 135 296 22 22 44 22 160 0 0 13 0 154 
0 2126 0 0 0 0 2205 0 0 0 0 2060 0 0 0 0 2131 0 0 0 0 2056 0 0 0 
41 16 37 1090 27 11 0 30 1026 15 637 558 607 1602 562 155 145 120 1180 171 31 7 31 1022 19 
0 0 3 0 0 0 4 0 1 0 0 0 2 0 0 695 696 676 661 683 203 193 209 199 215 
1395 11 0 4 0 1386 17 19 28 21 1404 27 26 29 19 1396 4 0 5 0 1430 5 0 7 0 
0 0 2055 21 33 0 0 2053 12 27 0 0 1929 10 27 0 0 2064 14 22 0 0 1983 11 28 
0 0 0 11 2 1906 1788 1830 1799 1843 0 0 0 16 6 0 0 0 8 2 0 0 0 11 11 
18 418 0 748 0 132 500 101 906 112 94 457 83 847 104 151 520 123 872 116 34 377 0 767 0 
300 16 246 0 0 263 15 226 0 0 295 13 242 6 2 251 11 245 0 0 287 26 222 11 11 
0 4 33 0 1302 2 5 39 2 1299 0 0 53 0 1294 0 2 47 1 1367 4 12 48 1 1305 
0 4 0 287 0 93 99 91 375 122 81 85 82 419 83 0 0 0 315 0 269 272 269 603 285 
455 392 706 769 403 89 35 408 399 79 297 217 614 566 239 59 19 371 358 50 138 94 457 444 102 
585 586 605 638 586 0 0 0 0 0 0 0 0 0 0 0 0 0 0 0 0 0 0 0 0 
0 395 0 0 162 1 389 0 0 166 235 698 269 268 416 0 428 0 0 173 14 456 18 24 204 
0 0 0 0 0 0 0 0 0 0 1112 1134 1085 1123 1191 0 0 0 0 0 0 0 0 0 0 
128 45 995 393 52 531 386 1315 766 422 59 27 836 264 11 624 502 1518 824 542 262 192 1102 472 179 
25 0 253 55 0 31 0 223 52 0 280 284 494 320 261 58 13 224 67 12 18 0 270 54 0 
282 136 304 124 564 682 565 767 486 972 675 577 743 569 925 235 132 255 69 481 224 134 320 126 566 
31 0 0 0 0 82 16 28 14 26 43 0 0 0 0 1161 1148 1180 1155 1076 27 0 0 0 0 
491 0 0 350 1 473 1 0 383 0 467 1 0 352 0 487 2 5 358 0 501 22 26 379 35 
313 800 844 303 462 63 580 610 87 218 37 538 592 44 221 172 657 668 184 318 173 638 721 159 320 
0 0 179 0 0 444 419 620 437 482 0 0 177 0 0 7 11 194 4 10 88 73 236 77 102 
0 259 236 352 2 0 280 226 339 1 39 278 274 423 38 0 238 225 309 2 0 251 256 363 3 
0 0 1 1418 0 7 8 13 1379 3 0 0 7 1418 0 4 6 9 1501 6 0 0 4 1414 0 
449 285 770 472 1011 382 146 608 314 873 561 358 882 576 1071 1014 815 1331 1009 1544 416 215 684 391 951 
14 114 4 30 11 0 85 0 19 0 0 99 0 19 1 7 115 4 25 3 950 1029 981 941 922 
614 460 89 156 40 1045 893 452 555 408 836 656 171 222 102 781 574 154 230 127 585 420 40 114 13 
1304 1964 1169 1194 1324 386 911 195 168 237 599 1283 484 447 549 307 799 127 87 198 382 868 175 156 221 
320 316 340 402 361 19 0 0 42 0 13 0 0 51 0 20 0 0 52 0 187 143 126 224 168 
217 197 191 184 464 56 92 108 50 376 3 13 63 0 333 341 384 379 327 730 996 1044 1068 1015 1340 
972 342 402 1290 1289 1473 855 919 2008 1840 1094 500 467 1418 1428 682 135 146 1075 1067 1339 800 771 1682 1571 
28 323 22 7 16 52 352 65 56 72 17 319 4 0 2 341 577 321 356 305 83 368 62 56 67 
