3759 4196 3670 3763 2743 3966 4437 3973 3926 2900 3912 4403 3863 3951 2888 3784 4260 3714 3846 2762 3819 4311 3795 3809 2736 
817 270 472 358 619 568 33 237 76 360 1343 637 971 708 1069 724 172 443 239 536 1949 1374 1627 1568 1750 
398 389 418 332 581 0 0 9 0 140 149 129 167 133 296 20 22 41 20 160 0 0 10 0 150 
0 2240 0 0 0 0 2305 0 0 0 0 2147 0 0 0 0 2222 0 0 0 0 2131 0 0 0 
35 13 28 1103 27 13 0 21 1072 16 569 519 566 1567 561 130 120 102 1196 164 37 8 21 1007 19 
0 0 5 0 0 0 5 0 1 0 0 0 2 0 0 693 695 681 659 682 201 193 205 199 220 
1567 11 0 6 0 1606 20 20 27 22 1598 24 30 31 22 1580 6 0 6 0 1605 5 0 8 0 
0 0 2090 20 36 0 0 2064 17 28 0 0 1959 7 27 0 0 2090 14 23 0 0 2025 13 29 
0 0 0 22 26 1784 1696 1745 1723 1745 0 0 0 27 34 0 0 0 22 30 0 0 0 20 32 
7 398 0 732 0 122 507 84 919 99 35 425 30 845 58 138 537 99 899 101 18 373 0 760 0 
274 20 271 0 0 248 12 267 0 0 243 10 258 7 4 224 8 258 0 0 264 30 257 11 16 
0 5 28 0 1227 1 10 38 2 1207 0 2 49 0 1218 0 4 40 2 1242 5 11 34 3 1177 
0 3 0 305 0 86 94 80 383 117 71 84 82 449 90 0 0 0 331 0 276 291 299 644 304 
391 339 665 626 335 49 33 381 359 36 265 199 595 471 182 55 10 383 296 29 97 50 401 312 46 
609 607 670 682 619 0 0 0 0 0 0 0 0 0 0 0 0 0 0 0 0 0 0 0 0 
0 444 0 0 161 0 471 0 0 187 235 789 259 278 437 0 509 2 0 181 16 515 19 23 216 
0 0 0 0 0 0 0 0 0 0 1142 1159 1107 1151 1196 0 0 0 0 0 0 0 0 0 0 
175 83 958 390 78 470 333 1253 645 360 114 54 822 264 23 635 530 1489 748 509 205 120 1006 370 94 
31 0 257 21 0 27 0 244 8 0 281 276 484 274 251 59 16 248 39 12 17 0 264 18 0 
230 133 225 82 502 605 512 660 425 867 590 541 668 507 826 178 112 202 41 441 194 135 256 78 480 
17 0 0 0 0 67 15 38 28 43 19 0 0 0 0 1107 1113 1138 1125 1046 16 0 0 0 0 
464 0 0 345 1 455 0 0 375 0 434 0 0 344 0 480 1 14 368 14 490 18 41 398 48 
308 858 820 305 504 81 608 605 81 267 27 526 555 2 220 244 704 728 231 381 151 625 672 111 348 
0 0 177 0 0 444 418 620 437 482 0 0 177 0 0 9 12 189 6 11 90 73 240 77 97 
0 270 244 377 1 0 278 224 348 1 39 279 276 446 44 0 237 228 333 2 0 264 259 387 3 
0 0 1 1392 0 7 8 11 1355 3 0 0 7 1396 0 4 6 10 1461 6 0 0 5 1384 0 
611 395 988 649 1266 570 327 896 574 1170 764 539 1176 814 1397 1101 866 1486 1144 1746 637 355 939 624 1244 
6 65 2 21 2 0 40 0 20 0 0 83 0 19 0 8 80 4 31 3 1081 1175 1121 1102 1114 
593 369 15 133 9 1146 904 512 657 466 846 594 184 211 109 788 504 113 224 94 582 366 24 125 18 
1199 1830 1127 1030 1230 322 884 186 119 268 600 1260 504 420 548 307 770 131 63 264 349 845 168 106 254 
489 579 528 748 685 20 20 8 200 90 13 16 8 173 98 20 19 13 178 85 238 216 175 387 305 
214 181 190 241 525 76 103 116 79 414 5 20 64 17 340 309 372 372 348 741 1025 1100 1123 1114 1435 
667 245 219 1027 999 1459 1035 996 1911 1884 581 267 123 1049 1064 541 205 141 968 958 876 557 465 1271 1211 
29 272 9 6 11 56 323 47 53 64 26 314 0 0 0 339 574 319 341 299 63 329 25 25 10 
