4045 4627 4008 4013 3285 4538 5155 4624 4481 3754 4210 4775 4240 4220 3516 4013 4598 4129 4085 3302 4010 4590 4129 3953 3284 
511 250 401 303 547 331 36 222 23 331 711 401 617 418 690 409 86 273 89 348 1652 1345 1465 1391 1611 
386 366 421 366 567 0 0 6 0 137 155 136 178 144 282 21 24 43 24 160 0 0 11 0 149 
0 2178 0 0 0 0 2266 0 0 0 0 2106 0 0 0 0 2173 0 0 0 0 2087 0 0 0 
30 13 36 1035 49 10 0 24 990 30 595 518 572 1527 550 154 128 122 1126 181 28 7 29 975 44 
33 201 25 7 15 28 191 19 31 19 21 193 7 0 2 1084 1256 1064 1060 1023 293 493 257 270 289 
1314 9 0 3 0 1299 15 18 22 20 1348 32 36 31 22 1318 1 0 3 0 1323 3 0 3 0 
0 0 2067 21 35 0 0 2056 14 27 0 0 1912 10 23 0 0 2052 13 22 0 0 1976 12 28 
0 0 0 22 22 1758 1689 1720 1711 1742 0 0 0 23 21 0 0 0 22 23 0 0 0 19 27 
25 441 0 684 0 133 515 77 829 94 133 477 79 794 102 142 545 77 819 98 32 382 0 718 0 
429 24 240 0 0 447 17 222 0 0 501 32 265 28 47 465 41 259 8 17 599 179 381 146 157 
0 0 27 0 1254 1 7 30 2 1293 0 0 40 0 1269 0 1 42 2 1321 7 11 44 3 1269 
0 4 0 284 0 104 106 86 382 122 86 93 75 416 79 0 0 0 316 0 273 273 263 602 284 
451 404 752 803 443 58 32 398 406 75 278 186 616 576 244 36 10 373 371 64 92 68 475 459 112 
585 586 605 638 586 0 0 0 0 0 0 0 0 0 0 0 0 0 0 0 0 0 0 0 0 
0 431 0 0 168 0 443 0 0 183 241 783 269 284 430 0 478 0 0 179 15 520 25 23 213 
0 0 0 0 0 0 0 0 0 0 1104 1124 1079 1112 1183 0 0 0 0 0 0 0 0 0 0 
218 73 1041 450 95 646 469 1360 803 465 118 49 880 298 18 770 636 1608 954 598 292 217 1120 495 176 
12 0 251 53 0 14 0 215 52 0 253 283 504 319 264 20 0 226 68 2 5 0 259 51 0 
203 64 172 185 628 712 577 717 667 1161 548 448 606 625 976 217 110 191 178 610 183 111 245 252 659 
10 0 0 0 0 63 32 52 33 58 8 0 0 0 0 1108 1117 1163 1134 1071 6 0 0 0 0 
449 48 33 384 37 399 1 0 379 0 378 2 0 353 0 436 5 9 378 1 422 22 27 387 32 
268 744 771 286 402 66 551 538 67 131 14 488 503 13 128 166 580 621 176 280 49 473 564 42 138 
0 0 194 0 0 483 444 700 491 525 0 0 193 0 0 9 10 203 5 13 93 73 277 87 101 
0 224 209 283 1 0 230 221 274 1 35 249 277 373 37 0 211 223 297 2 0 221 235 299 3 
0 0 5 1517 0 8 9 28 1481 4 0 0 9 1502 0 4 6 23 1571 6 0 0 13 1504 0 
508 312 808 571 1088 370 166 664 391 932 607 397 942 688 1125 967 782 1302 1034 1542 499 271 749 520 1092 
6 120 2 24 3 0 126 0 19 0 0 171 0 18 0 7 145 4 26 3 943 1040 950 942 910 
641 373 7 79 7 1095 820 401 486 353 819 535 99 142 64 842 533 109 189 113 665 402 27 82 15 
1272 1827 1138 1085 1209 404 830 218 143 207 621 1258 496 387 509 346 780 156 63 192 394 813 190 156 197 
305 352 317 341 328 15 5 0 36 0 16 0 2 42 3 18 0 0 47 0 176 163 128 191 172 
195 191 201 180 489 34 48 82 21 349 3 10 69 0 320 289 323 340 275 695 925 931 953 889 1221 
994 353 346 1099 929 1232 651 637 1586 1223 1098 550 421 1218 1098 636 107 66 846 656 1325 775 684 1483 1173 
