3898 4526 3859 3941 3146 4316 4962 4394 4319 3508 4047 4728 4147 4179 3392 3924 4604 4068 4142 3229 4008 4636 4119 4073 3225 
704 256 405 246 503 498 30 184 22 264 997 449 685 445 701 651 104 294 112 338 1841 1333 1454 1401 1563 
421 427 487 440 646 0 0 8 0 152 161 142 195 175 310 21 24 50 28 172 0 0 17 0 163 
0 2135 0 0 0 0 2207 0 0 0 0 2061 0 0 0 0 2131 0 0 0 0 2048 0 0 0 
38 11 29 1142 44 14 0 12 1137 30 708 607 646 1672 611 176 129 113 1243 177 54 7 22 1059 43 
0 0 5 0 0 0 4 0 1 0 0 0 2 0 0 704 711 697 677 688 202 192 208 202 214 
1437 10 0 3 0 1445 19 19 28 22 1472 28 30 41 22 1446 4 0 7 0 1471 5 0 11 0 
0 0 2030 22 33 0 0 2048 13 27 0 0 1910 7 25 0 0 2065 13 21 0 0 1986 9 28 
0 0 0 21 9 1776 1697 1718 1701 1713 0 0 0 24 11 0 0 0 22 8 0 0 0 20 16 
20 398 0 674 0 125 462 77 796 81 49 388 38 721 41 146 498 105 801 113 18 355 0 675 0 
273 18 234 0 0 270 11 239 0 0 280 12 243 4 1 276 23 250 0 0 283 26 238 10 13 
0 4 40 3 1246 1 11 46 4 1253 0 0 57 0 1263 0 3 48 1 1308 6 8 47 4 1224 
0 4 0 287 0 108 114 94 376 121 85 95 82 418 80 0 0 0 315 0 278 272 264 601 279 
465 401 746 805 420 75 31 394 407 79 324 228 634 590 282 80 24 385 373 79 141 140 495 468 158 
585 586 605 638 586 0 0 0 0 0 0 0 0 0 0 0 0 0 0 0 0 0 0 0 0 
0 420 0 0 163 0 447 0 0 175 244 766 264 274 418 0 466 0 0 167 16 488 18 26 208 
0 0 0 0 0 0 0 0 0 0 1101 1136 1084 1127 1189 0 0 0 0 0 0 0 0 0 0 
186 80 1017 458 78 597 434 1411 819 439 123 58 896 314 18 711 548 1548 915 561 258 165 1135 457 132 
15 0 240 56 0 12 0 198 52 0 256 284 479 320 264 25 2 206 66 12 8 0 234 53 0 
277 147 291 101 533 623 528 703 433 884 666 578 750 550 901 230 150 221 47 482 213 163 271 86 537 
15 0 0 0 0 61 17 35 19 34 16 0 0 0 0 1108 1124 1144 1134 1064 16 0 0 0 0 
497 45 33 388 37 456 0 0 388 0 452 0 0 356 0 479 3 5 356 0 486 18 25 394 35 
319 827 831 309 479 75 581 590 80 230 34 550 560 31 201 215 686 674 219 377 124 582 661 111 292 
0 0 177 0 0 463 437 647 456 508 0 0 177 0 0 8 11 208 4 10 90 76 239 81 106 
0 236 252 411 1 0 259 243 374 1 36 259 296 465 41 0 221 242 378 2 0 240 278 403 4 
0 0 0 1353 0 7 8 12 1351 3 0 0 3 1372 0 4 6 10 1434 6 0 0 0 1386 0 
426 222 760 428 982 351 146 654 338 858 544 339 885 582 1034 966 775 1310 980 1485 445 201 697 399 928 
4 115 2 23 3 0 76 0 19 0 0 107 0 18 0 7 109 4 26 3 912 994 932 932 877 
556 422 26 164 17 1001 789 391 546 367 742 614 128 233 87 756 551 128 245 102 578 419 20 139 19 
1248 1828 1097 999 1166 343 856 118 95 153 546 1147 397 327 441 308 742 102 49 152 370 819 152 106 148 
279 267 273 300 290 17 0 0 32 0 15 0 1 35 0 18 1 0 38 0 185 166 134 181 163 
239 229 253 255 603 80 119 132 81 487 3 11 69 13 363 317 378 384 361 791 1129 1172 1170 1187 1548 
956 331 369 1242 1191 1479 857 913 1880 1783 977 417 328 1268 1304 538 87 90 841 882 1084 599 608 1430 1381 
32 270 16 7 11 55 329 55 53 64 23 292 0 0 2 363 571 327 352 293 85 346 52 50 52 
