3866 4349 3784 3829 2909 4018 4630 4129 3944 3068 4017 4577 4044 4018 3086 3869 4403 3915 3899 2920 3835 4447 3949 3748 2827 
663 240 438 325 579 457 32 225 67 346 1047 529 780 597 867 606 170 361 234 464 1770 1251 1423 1437 1593 
389 390 428 371 582 0 0 6 0 136 155 135 170 155 294 21 22 42 36 173 0 0 10 0 161 
0 2214 0 0 0 0 2265 0 0 0 0 2127 0 0 0 0 2195 0 0 0 0 2126 0 0 0 
35 15 49 1119 49 10 0 30 1057 33 582 515 580 1571 557 146 129 127 1172 176 24 7 36 992 42 
0 0 4 0 0 0 4 0 1 0 0 0 2 0 0 778 768 740 743 756 229 223 233 250 267 
1420 9 0 3 0 1476 16 18 23 20 1471 19 23 27 16 1439 4 0 5 0 1463 3 0 6 0 
0 0 2059 34 37 0 0 2079 32 30 0 0 1936 20 23 0 0 2099 18 21 0 0 2022 15 27 
0 0 0 21 26 1724 1631 1662 1643 1680 0 0 0 23 31 0 0 0 23 30 0 0 0 20 35 
7 436 0 718 0 131 512 93 906 109 53 483 41 837 75 149 569 103 887 115 17 389 0 727 0 
276 16 243 0 0 265 11 223 0 0 281 11 249 5 3 250 12 231 0 0 294 26 252 11 10 
0 7 45 0 1272 0 9 50 2 1281 0 1 62 0 1277 0 4 58 1 1323 5 11 59 3 1271 
0 3 0 299 0 83 101 90 387 122 78 94 70 441 80 0 0 0 324 0 285 283 285 632 295 
439 356 695 674 366 118 46 402 377 44 340 255 663 543 241 103 44 398 349 59 177 123 498 427 109 
619 613 650 661 614 0 0 0 0 0 0 0 0 0 0 0 0 0 0 0 0 0 0 0 0 
0 409 0 0 163 0 411 0 0 167 233 710 249 266 411 0 455 0 0 167 14 467 18 23 203 
0 0 0 0 0 0 0 0 0 0 1143 1170 1128 1151 1225 0 0 0 0 0 0 0 0 0 0 
141 51 958 396 78 541 391 1323 758 409 60 38 798 279 20 664 563 1522 845 529 223 152 1035 427 115 
47 0 274 10 0 33 0 233 5 0 273 272 514 260 251 63 13 236 24 12 23 0 258 15 0 
223 114 267 67 505 580 508 632 392 842 559 533 644 466 765 181 96 194 13 407 199 125 242 62 483 
10 0 0 0 0 46 24 41 24 43 6 0 0 0 0 1104 1115 1145 1124 1052 7 0 0 0 0 
496 0 0 361 1 474 0 0 386 0 466 0 0 349 0 510 1 8 368 7 520 21 41 396 48 
313 908 889 341 474 83 650 659 99 210 42 596 615 49 197 249 781 781 252 385 170 710 759 163 320 
0 0 178 0 0 451 430 631 448 495 0 0 177 0 0 9 13 187 5 9 93 74 255 81 108 
1 283 243 420 2 0 290 228 379 1 18 265 247 457 16 0 243 222 387 2 0 250 253 422 4 
0 0 9 1395 0 7 9 25 1372 4 0 0 12 1389 0 4 6 22 1471 6 0 0 14 1413 0 
495 242 808 484 1067 434 174 735 422 1008 687 405 1035 739 1196 1078 783 1383 1039 1609 520 219 812 543 1095 
15 111 6 26 9 0 77 0 19 0 0 103 1 18 2 7 95 5 26 4 1018 1130 1055 1019 1024 
647 390 34 157 14 1201 934 516 667 473 923 585 227 263 147 778 486 115 217 83 617 360 20 140 10 
1238 1800 1081 1000 1144 350 880 150 79 171 564 1168 425 305 466 295 736 103 35 156 385 845 171 120 223 
351 410 400 557 536 28 11 12 150 61 15 9 1 130 69 20 14 15 161 69 199 175 151 317 236 
266 254 226 236 570 39 56 85 41 410 4 12 64 5 382 306 353 348 301 762 1020 1069 1063 1020 1429 
896 318 300 1206 1177 1642 1016 1014 2088 2011 858 389 229 1198 1305 576 110 55 925 962 1141 673 553 1521 1417 
37 277 9 6 13 57 313 44 52 62 26 295 0 0 0 272 503 263 295 264 53 311 9 4 4 
