3682 4325 3707 3837 2939 4017 4666 4151 4057 3198 3723 4430 3856 3909 3012 3747 4413 3871 3981 3020 3711 4429 3847 3822 2946 
784 262 441 296 497 604 42 201 28 289 1104 494 687 508 799 738 157 337 175 391 1912 1301 1486 1417 1579 
407 392 423 344 617 0 0 7 0 151 156 129 184 132 299 24 22 44 23 164 0 0 13 0 156 
0 2128 0 0 0 0 2200 0 0 0 0 2060 0 0 0 0 2142 0 0 0 0 2051 0 0 0 
34 17 46 1066 28 11 0 32 1002 18 626 528 604 1564 542 153 141 143 1143 179 24 8 34 1000 24 
0 0 3 0 0 0 4 0 1 0 0 0 2 0 0 694 695 683 661 684 197 190 202 202 218 
1406 11 0 4 0 1399 17 18 28 21 1447 27 26 29 20 1382 6 0 7 0 1445 4 0 7 0 
0 0 2073 31 34 0 0 2052 19 29 0 0 1923 9 25 0 0 2058 17 21 0 0 1979 11 28 
0 0 0 14 2 1894 1808 1814 1798 1852 0 0 0 13 7 0 0 0 7 3 0 0 0 15 10 
26 435 1 751 1 166 534 127 914 124 119 478 107 861 132 157 530 123 874 119 33 388 0 771 0 
281 17 223 0 0 258 13 213 0 0 271 13 228 4 1 248 9 231 0 0 284 25 230 10 11 
0 3 33 0 1303 1 9 42 2 1292 0 0 60 0 1302 0 3 48 1 1343 4 7 53 1 1280 
0 3 0 284 0 60 65 72 352 90 81 83 80 419 82 0 0 0 317 0 270 273 269 602 284 
457 409 712 760 425 101 49 432 415 92 313 242 634 571 252 76 31 381 364 63 152 98 492 449 129 
585 586 605 638 586 0 0 0 0 0 0 0 0 0 0 0 0 0 0 0 0 0 0 0 0 
0 389 0 0 165 0 386 0 0 172 239 708 268 261 407 0 421 0 0 172 15 441 19 22 201 
0 0 0 0 0 0 0 0 0 0 1111 1152 1085 1125 1199 0 0 0 0 0 0 0 0 0 0 
100 31 991 373 57 537 398 1319 788 440 53 28 860 282 11 650 540 1486 840 534 256 194 1114 483 161 
36 0 250 57 0 30 0 223 51 0 289 286 496 317 264 61 15 241 68 12 19 0 254 48 0 
285 143 325 116 573 680 580 776 497 950 653 596 758 605 927 236 117 263 61 474 217 146 320 113 571 
40 0 0 0 0 92 17 32 14 31 43 0 0 0 0 1159 1132 1169 1139 1077 28 0 0 0 0 
492 0 0 350 1 472 1 0 382 0 466 1 0 350 0 487 2 6 365 1 499 21 27 379 35 
308 795 846 305 470 72 590 592 78 209 37 530 580 44 208 168 632 676 183 337 171 632 707 162 305 
0 0 188 0 0 449 432 646 452 504 0 0 182 0 0 8 13 194 4 9 96 76 255 80 106 
0 273 237 353 1 0 281 229 322 2 37 278 269 400 39 0 236 227 303 2 0 255 250 347 4 
0 0 1 1411 0 7 8 12 1381 3 0 0 6 1439 0 4 6 13 1504 6 0 0 5 1429 0 
465 244 780 478 1038 409 155 655 377 922 620 380 921 642 1148 1052 798 1345 1054 1559 517 221 731 461 994 
13 130 4 31 5 0 85 0 20 0 0 108 1 20 2 7 111 4 27 3 970 1064 1000 973 959 
609 468 87 168 42 1091 918 486 636 444 809 684 198 217 97 787 612 174 252 128 571 419 50 128 19 
1346 2020 1242 1246 1387 402 957 215 178 272 607 1268 510 451 573 320 805 147 95 226 383 898 170 161 244 
308 314 329 374 340 13 0 0 48 0 14 0 0 46 0 20 0 1 49 0 186 143 127 187 163 
211 171 190 191 451 47 72 85 34 362 3 8 67 0 320 318 362 365 309 721 983 1044 1033 985 1336 
985 325 319 1231 1208 1379 798 829 1892 1701 1058 467 388 1343 1331 626 127 121 1001 987 1270 774 733 1638 1528 
30 324 21 7 17 57 346 75 54 68 22 318 6 0 3 355 608 327 355 287 88 368 76 51 65 
