5090 4996 4592 5178 4297 5811 5822 5462 6027 4995 5628 5585 5132 5727 4947 4791 4874 4489 5053 4123 5522 5466 5120 5511 4563 
769 561 731 660 1214 332 113 262 202 744 454 242 391 264 870 603 305 482 396 1011 2492 2231 2340 2428 3022 
461 487 482 481 657 0 0 7 0 118 151 136 158 155 253 6 15 33 21 136 0 0 11 0 151 
0 2169 0 0 0 0 2235 0 0 0 0 2093 0 0 0 0 2157 0 0 0 0 2067 0 0 0 
42 13 38 1052 27 13 0 22 1018 15 637 533 608 1546 574 146 124 115 1129 166 36 8 32 988 23 
7 145 9 1 3 13 183 11 6 20 11 127 4 0 1 1082 1240 1055 1088 1029 304 474 280 273 296 
1462 7 0 5 0 1483 7 11 9 9 1492 35 37 33 26 1428 1 0 5 0 1440 3 0 5 0 
0 0 1955 16 33 0 0 1961 9 27 0 0 1882 6 23 0 0 1974 7 21 0 0 1915 13 27 
0 0 0 18 26 1767 1680 1739 1730 1767 0 0 0 18 31 0 0 0 8 31 0 0 0 12 34 
5 397 0 687 0 127 503 115 834 125 49 417 28 774 42 137 498 126 814 116 12 355 0 684 0 
380 22 222 0 0 423 12 195 0 0 445 15 244 9 14 381 11 232 5 2 557 169 358 140 144 
0 1 29 1 1223 4 9 37 16 1250 0 0 39 3 1198 0 1 34 4 1246 10 14 44 11 1220 
0 14 0 288 0 115 123 104 385 129 94 104 88 422 85 0 15 0 318 0 278 277 270 606 285 
583 450 871 964 546 164 58 514 518 144 329 230 704 682 315 108 32 435 435 82 187 123 586 576 171 
585 586 605 638 586 0 0 0 0 0 0 0 0 0 0 0 0 0 0 0 0 0 0 0 0 
0 486 0 0 264 0 492 0 0 288 195 767 240 229 500 0 526 0 0 263 14 579 21 31 317 
0 0 0 0 0 0 0 0 0 0 1188 1239 1185 1247 1267 0 0 0 0 0 0 0 0 0 0 
72 37 925 327 57 534 431 1242 728 482 9 32 796 236 9 633 607 1464 835 578 199 156 962 418 120 
118 0 371 112 0 120 0 364 110 0 366 279 596 366 259 145 16 361 127 12 110 0 376 101 0 
229 64 178 219 611 707 598 713 702 1175 546 450 548 645 961 248 130 210 235 651 212 125 256 301 660 
24 0 0 0 0 58 13 23 13 26 22 0 0 0 0 1113 1090 1123 1102 1030 20 0 0 0 0 
413 76 33 388 37 370 46 0 392 0 376 34 0 356 0 431 73 40 408 43 435 65 41 410 48 
281 753 814 291 412 62 529 581 71 155 1 454 537 1 99 160 572 639 165 261 53 469 595 55 140 
0 0 155 0 0 446 390 618 442 440 0 0 165 0 0 2 1 181 0 1 93 74 230 75 90 
0 198 201 262 1 0 221 212 267 1 35 222 255 335 36 0 203 212 269 2 0 211 221 255 3 
0 0 15 1476 0 7 9 27 1429 3 0 0 14 1458 0 4 7 27 1540 6 0 0 20 1491 0 
448 282 655 341 926 299 103 443 193 734 525 327 707 440 902 949 755 1164 881 1416 409 233 565 342 895 
8 109 2 34 5 0 73 0 19 0 0 100 0 20 0 7 110 5 25 4 971 1077 1017 981 965 
530 390 12 141 11 968 812 440 538 400 683 526 99 177 82 750 508 124 228 121 538 375 18 107 7 
1383 1972 1182 1136 1251 425 969 232 162 189 665 1349 529 412 508 353 815 153 81 171 409 919 198 140 175 
