4934 4919 4455 4985 4151 5749 5768 5333 5850 4893 5376 5463 4935 5461 4668 4678 4796 4378 4896 3926 5236 5320 4897 5281 4317 
867 618 753 749 1277 335 109 232 210 751 531 249 414 310 890 579 270 435 402 1009 2532 2233 2333 2465 2885 
421 453 465 439 580 0 0 6 0 107 148 126 161 156 237 21 22 41 24 142 0 0 11 0 133 
0 2196 0 0 0 0 2278 0 0 0 0 2125 0 0 0 0 2163 0 1 0 0 2079 0 0 0 
48 15 26 1135 48 12 0 9 1084 33 681 543 616 1672 633 133 117 94 1225 174 39 7 14 1046 49 
16 141 15 2 13 28 155 38 30 20 14 128 7 0 2 1086 1257 1101 1089 1026 294 463 289 272 298 
1379 11 0 9 0 1425 6 16 21 14 1457 41 48 52 39 1405 6 0 10 0 1403 4 0 9 0 
0 0 2059 34 34 0 0 2031 23 27 0 0 1925 19 24 0 0 2048 19 21 0 0 1956 16 27 
0 0 0 21 27 1749 1653 1714 1706 1733 0 0 0 25 30 0 0 0 24 31 0 0 0 20 33 
11 391 0 737 0 113 504 85 868 99 22 397 25 769 27 116 485 85 835 103 23 372 0 730 0 
389 26 239 0 0 418 17 205 0 0 460 24 270 16 24 388 18 253 3 3 565 170 386 151 151 
0 3 30 0 1227 1 5 41 1 1185 0 0 48 0 1205 0 2 45 2 1269 5 11 40 1 1194 
0 0 0 278 0 89 97 86 367 108 82 84 71 411 63 0 0 0 312 0 269 265 253 589 278 
498 383 717 841 497 141 57 423 501 162 338 228 633 659 322 97 25 378 415 122 211 150 520 555 227 
585 586 605 638 586 0 0 0 0 0 0 0 0 0 0 0 0 0 0 0 0 0 0 0 0 
0 485 0 0 224 0 512 0 0 250 166 806 185 181 454 0 557 0 0 217 17 597 32 29 295 
0 0 0 0 0 0 0 0 0 0 1205 1228 1203 1232 1280 0 0 0 0 0 0 0 0 0 0 
94 103 937 337 70 467 387 1213 674 394 10 71 795 214 3 627 608 1475 809 554 145 136 951 368 91 
118 0 361 112 0 120 0 367 111 0 363 285 613 378 265 145 16 358 127 12 110 0 394 106 0 
253 63 206 270 643 760 585 732 737 1162 631 471 622 740 1007 309 133 232 278 666 267 124 275 360 691 
27 0 0 0 0 78 25 42 28 46 38 0 0 0 0 1111 1083 1116 1095 1020 29 0 0 0 0 
433 44 33 387 37 355 3 0 380 0 343 4 0 348 0 411 41 35 402 39 412 24 39 407 45 
281 732 773 286 410 72 537 543 68 173 9 470 502 17 120 174 594 597 182 290 62 450 538 51 168 
0 0 186 1 0 536 490 731 545 565 0 0 184 7 0 9 11 208 10 10 125 105 302 114 114 
0 198 201 280 1 0 222 213 276 1 35 222 256 349 36 0 204 212 282 2 0 211 224 297 3 
0 0 16 1387 0 7 8 30 1351 3 0 0 16 1396 0 4 6 29 1462 6 0 0 24 1391 0 
571 335 805 524 1127 362 137 591 291 907 614 370 855 553 1096 1054 808 1293 971 1605 526 308 759 473 1168 
10 110 4 27 8 0 71 0 19 0 0 97 1 19 2 7 124 6 26 3 1013 1114 1028 1006 990 
579 436 8 88 11 1049 852 446 537 434 757 565 111 166 101 772 527 126 213 120 596 438 29 104 36 
1376 1967 1183 1149 1216 382 953 208 142 169 621 1299 490 411 474 351 813 133 65 152 422 889 182 113 163 
