4927 4923 4454 5006 4128 5741 5753 5351 5822 4872 5346 5437 4945 5480 4673 4670 4793 4376 4928 3943 5230 5305 4913 5270 4354 
888 590 713 776 1291 350 117 240 204 769 530 239 408 305 894 592 276 412 400 997 2522 2232 2332 2452 2878 
413 450 467 405 570 0 0 6 0 108 150 128 160 152 238 24 22 41 22 141 0 0 11 0 133 
0 2181 0 0 0 0 2268 0 0 0 0 2125 0 0 0 0 2151 0 1 0 0 2077 0 0 0 
39 12 23 1126 48 16 0 13 1094 33 644 548 615 1647 641 134 111 94 1214 173 35 7 15 1038 49 
17 150 21 2 12 30 160 39 30 23 17 140 9 0 4 1076 1267 1107 1083 1028 304 469 278 271 295 
1402 10 0 8 0 1426 7 16 27 14 1475 43 51 57 41 1432 6 0 7 0 1418 6 0 11 0 
0 0 2056 41 35 0 0 2037 28 27 0 0 1931 17 24 0 0 2039 18 21 0 0 1964 14 28 
0 0 0 24 25 1739 1643 1692 1709 1729 0 0 0 25 32 0 0 0 24 29 0 0 0 19 33 
10 402 0 723 0 109 502 82 870 92 28 390 25 763 21 105 496 89 834 101 22 365 0 735 0 
392 25 235 0 0 417 14 206 0 0 451 21 267 14 20 398 16 238 4 2 572 173 370 150 153 
0 5 36 0 1220 1 5 40 1 1193 0 0 54 0 1199 0 2 47 2 1270 5 12 49 1 1192 
0 0 0 283 0 93 104 82 375 110 77 84 71 409 66 0 0 0 314 0 268 267 268 597 274 
490 392 743 837 483 131 59 425 502 151 345 228 636 661 321 99 25 381 415 122 206 150 523 573 225 
585 586 605 638 586 0 0 0 0 0 0 0 0 0 0 0 0 0 0 0 0 0 0 0 0 
0 482 0 0 216 0 509 0 0 236 167 783 194 182 443 0 538 0 0 235 16 580 26 30 282 
0 0 0 0 0 0 0 0 0 0 1200 1236 1196 1261 1276 0 0 0 0 0 0 0 0 0 0 
89 107 944 345 74 460 367 1221 650 395 12 75 804 214 6 637 614 1466 790 547 143 137 926 354 96 
118 0 357 108 0 120 0 361 108 0 368 283 599 373 262 145 16 361 130 12 110 0 392 104 0 
263 64 215 278 665 767 603 727 768 1208 647 492 628 759 1040 308 143 232 285 684 281 138 292 367 723 
24 0 0 0 0 77 28 46 23 49 38 0 0 0 0 1103 1083 1116 1096 1020 25 0 0 0 0 
407 42 33 388 37 351 2 0 380 0 350 1 0 350 0 392 44 35 399 37 407 23 41 406 42 
278 730 773 279 402 67 525 537 61 162 8 453 500 16 124 174 588 611 170 281 49 448 537 51 138 
0 0 180 1 0 533 498 712 558 558 0 0 183 5 0 10 12 205 8 9 126 113 288 109 114 
0 198 201 292 1 0 222 212 276 1 35 222 256 359 36 0 204 211 291 2 0 211 223 300 3 
0 0 18 1374 0 7 8 31 1348 3 0 0 14 1387 0 4 6 35 1452 6 0 0 22 1389 0 
562 334 811 522 1162 363 139 592 300 921 613 378 842 537 1090 1038 808 1299 977 1588 534 312 752 473 1174 
13 115 5 30 7 0 65 0 20 0 0 105 1 21 2 7 118 5 26 3 1009 1099 1034 1010 998 
608 438 8 98 10 1057 887 463 538 431 773 588 116 164 98 791 545 131 218 126 597 436 25 116 36 
1365 1979 1179 1132 1215 393 946 204 128 151 627 1297 481 403 451 338 802 147 71 145 422 910 195 114 136 
