3673 4345 3728 3837 2967 4050 4741 4180 4095 3225 3765 4498 3914 3948 3078 3746 4438 3882 3936 3016 3726 4392 3890 3824 2943 
823 255 442 257 533 598 39 208 24 280 1117 509 699 493 762 751 163 373 180 377 1968 1354 1511 1433 1619 
404 393 421 355 588 0 0 6 0 154 150 129 170 136 294 23 22 46 20 166 0 0 11 0 151 
0 2121 0 0 0 0 2203 0 0 0 0 2060 0 0 0 0 2132 0 0 0 0 2065 0 0 0 
32 17 43 1082 27 11 0 26 1020 14 611 526 609 1558 544 163 138 125 1171 173 31 9 36 1003 24 
0 0 3 0 0 0 5 0 1 0 0 0 2 0 0 695 697 683 661 685 202 193 199 200 219 
1403 10 0 4 0 1401 19 19 27 21 1405 23 29 24 20 1398 4 0 5 0 1427 4 0 8 0 
0 0 2050 23 40 0 0 2050 14 29 0 0 1931 9 24 0 0 2054 13 21 0 0 1993 13 27 
0 0 0 8 2 1896 1775 1829 1798 1839 0 0 0 12 7 0 0 0 7 2 0 0 0 9 9 
22 423 0 748 0 139 509 104 908 101 102 463 88 851 114 152 523 123 872 114 37 374 0 761 0 
296 16 256 0 0 261 13 233 0 0 284 10 245 5 1 253 12 235 0 0 279 26 229 12 11 
0 3 33 0 1302 1 5 41 3 1285 0 0 60 0 1306 0 3 50 1 1358 4 9 54 1 1275 
0 2 0 286 0 91 95 92 375 120 82 90 81 420 82 0 0 0 317 0 272 272 270 606 285 
456 395 704 764 426 100 37 423 400 74 311 227 618 570 249 81 23 369 366 56 142 90 472 450 109 
585 586 605 638 586 0 0 0 0 0 0 0 0 0 0 0 0 0 0 0 0 0 0 0 0 
0 393 0 0 165 0 384 0 0 168 234 712 264 264 408 0 429 0 0 171 14 448 18 22 207 
0 0 0 0 0 0 0 0 0 0 1127 1150 1091 1150 1193 0 0 0 0 0 0 0 0 0 0 
115 32 989 360 42 514 379 1291 761 421 56 23 822 267 10 617 521 1494 809 545 258 177 1077 475 169 
31 0 252 59 0 30 0 217 49 0 280 286 490 314 265 63 13 236 69 12 30 0 260 54 0 
277 142 304 115 544 673 576 735 482 957 647 564 736 541 906 204 103 221 44 462 206 130 303 106 543 
30 0 0 0 0 79 15 29 16 28 47 0 0 0 0 1175 1145 1173 1152 1077 27 0 0 0 0 
494 0 0 352 1 474 1 0 386 0 467 1 0 352 0 489 5 5 360 0 498 21 27 383 34 
305 801 857 307 462 66 581 613 78 231 39 525 595 47 210 164 653 675 173 333 176 643 720 161 308 
0 0 183 0 0 448 422 627 447 497 0 0 181 0 0 7 10 191 4 8 91 75 251 76 102 
0 263 234 356 1 0 273 231 316 1 38 277 275 413 40 0 242 229 315 3 0 254 250 352 3 
0 0 2 1421 0 7 8 13 1395 3 0 0 7 1433 0 4 6 11 1499 6 0 0 5 1424 0 
470 275 754 464 1012 374 142 623 329 867 554 353 892 580 1056 1014 818 1338 1037 1533 427 212 666 403 985 
11 113 3 32 7 0 83 0 19 0 0 108 1 21 1 7 117 4 25 3 954 1042 979 942 930 
584 450 83 151 41 1040 885 467 564 403 819 663 172 226 97 785 572 156 234 132 560 434 42 111 16 
1331 2041 1199 1235 1349 410 965 225 190 256 620 1289 493 454 568 305 806 145 91 204 360 897 172 166 235 
299 310 338 396 347 13 0 0 48 0 13 0 0 43 0 25 0 1 59 0 187 147 132 217 173 
218 193 201 179 479 57 89 109 41 381 3 8 60 0 334 321 365 382 317 721 985 1043 1049 1001 1347 
999 318 373 1281 1250 1461 835 879 1979 1817 1112 481 455 1430 1432 695 136 154 1083 1050 1358 798 800 1690 1569 
32 318 20 6 16 54 352 65 55 64 18 321 6 0 1 340 590 323 359 294 82 361 60 51 63 
