3855 4311 3732 3793 2814 4105 4622 4144 4033 3056 4002 4532 3999 3983 3009 3887 4349 3926 3927 2887 3820 4315 3894 3778 2784 
729 250 457 318 599 478 38 230 43 348 1048 518 753 562 862 666 160 395 220 486 1839 1307 1485 1467 1639 
369 349 392 325 521 0 0 8 0 125 154 126 169 134 257 20 22 47 22 150 0 0 14 0 145 
0 2216 0 0 0 0 2290 0 0 0 0 2125 0 0 0 0 2200 0 0 0 0 2140 0 0 0 
40 10 21 1109 49 13 0 8 1066 31 666 538 616 1593 611 131 123 104 1182 163 32 9 10 1021 47 
0 0 5 0 0 0 4 0 1 0 0 0 2 0 0 729 733 719 706 711 218 212 225 237 259 
1448 5 0 3 0 1484 18 19 23 22 1535 27 34 27 24 1455 1 0 1 0 1492 1 0 8 0 
0 0 2087 17 35 0 0 2078 9 30 0 0 1962 5 23 0 0 2099 8 21 0 1 2016 11 29 
0 0 0 25 24 1753 1663 1721 1696 1709 0 0 0 28 33 0 0 0 22 31 0 0 0 19 33 
7 414 0 700 0 147 517 105 864 124 26 405 17 765 40 139 532 131 861 121 16 382 0 709 0 
308 18 261 0 0 278 12 225 0 0 322 14 249 4 1 302 26 255 0 0 305 27 248 10 11 
0 5 34 0 1245 1 5 38 0 1276 0 0 48 0 1275 0 3 41 0 1314 5 5 42 1 1250 
0 3 0 306 0 80 96 93 389 123 78 91 79 433 86 0 0 0 323 0 283 286 283 622 289 
422 361 672 652 354 106 44 397 374 54 323 242 628 532 223 78 33 376 321 43 134 110 476 393 91 
620 610 643 664 611 0 0 0 0 0 0 0 0 0 0 0 0 0 0 0 0 0 0 0 0 
0 440 0 0 161 0 461 0 0 177 239 764 266 284 424 0 494 0 0 175 15 502 21 25 218 
0 0 0 0 0 0 0 0 0 0 1105 1152 1089 1140 1194 0 0 0 0 0 0 0 0 0 0 
99 61 962 407 46 506 371 1269 753 385 41 45 800 269 8 652 535 1453 833 513 248 178 1070 491 163 
10 0 258 12 0 11 0 234 13 0 227 272 490 281 255 12 0 222 26 12 4 0 255 13 0 
231 114 233 60 486 614 513 652 409 848 580 546 632 480 804 168 103 176 21 406 214 151 256 82 486 
14 0 0 0 0 68 25 47 36 56 16 0 0 0 0 1098 1116 1137 1116 1042 12 0 0 0 0 
501 0 0 337 1 473 0 0 374 0 467 0 0 341 0 512 1 18 370 14 518 20 41 394 48 
304 853 865 330 496 90 646 645 104 224 57 580 599 60 215 253 762 770 260 379 146 649 740 136 290 
0 0 177 0 0 444 419 620 437 482 0 0 177 0 0 8 12 187 4 9 89 73 241 72 99 
0 252 236 379 1 0 279 227 356 1 28 271 266 434 30 0 239 225 356 2 0 246 251 376 5 
0 0 14 1404 0 7 8 25 1364 3 0 0 13 1413 0 4 6 26 1469 6 0 0 16 1411 0 
554 284 854 573 1139 499 197 791 517 1068 738 433 1104 812 1287 1124 826 1418 1149 1663 584 252 801 588 1133 
11 104 3 27 4 0 72 0 19 0 0 103 0 18 0 8 107 4 25 3 1017 1120 1044 1014 1009 
565 363 41 126 19 1102 858 525 613 456 799 571 194 220 122 743 470 123 190 98 577 387 42 124 23 
1267 1884 1142 1048 1223 365 871 177 117 201 590 1227 463 396 528 303 788 116 48 183 344 821 170 94 229 
429 490 502 790 673 30 28 27 281 128 16 16 6 232 102 24 11 13 241 125 211 182 163 412 283 
260 256 241 235 585 53 96 96 50 416 3 16 61 13 388 320 378 379 328 769 1055 1117 1090 1075 1452 
807 291 237 1070 1088 1487 965 889 1827 1827 816 401 270 1102 1201 545 124 54 845 905 1060 664 561 1358 1335 
40 271 8 6 13 54 313 45 52 66 25 281 0 0 0 296 532 264 305 291 63 313 21 13 6 
