3928 4495 3863 4005 3001 4376 5006 4419 4369 3359 4150 4835 4222 4314 3271 3991 4589 4023 4187 3050 3992 4585 4081 4063 2952 
745 241 425 258 537 548 35 213 32 290 1140 441 691 470 789 666 119 316 139 390 1975 1405 1542 1494 1756 
423 396 426 350 582 0 0 8 0 144 161 138 171 140 298 21 22 49 20 162 0 0 12 0 156 
0 2174 0 0 0 0 2238 0 0 0 0 2089 0 0 0 0 2169 0 0 0 0 2093 0 0 0 
31 11 26 991 46 13 0 20 980 30 549 482 540 1457 528 130 125 107 1099 172 28 7 22 948 47 
0 0 5 0 0 0 8 0 3 0 0 0 2 0 0 730 752 741 704 725 212 199 210 207 230 
1419 13 0 8 0 1471 24 20 32 20 1451 38 46 52 36 1416 6 0 5 0 1435 5 0 13 0 
0 0 2062 27 36 0 0 2060 29 27 0 0 1952 19 23 0 0 2077 21 23 0 0 1994 17 27 
0 0 0 21 14 1753 1674 1718 1695 1725 0 0 0 24 13 0 0 0 24 15 0 0 0 19 20 
9 406 0 699 0 104 477 63 821 67 91 438 64 772 79 155 533 97 814 114 21 356 0 682 0 
260 19 218 0 0 257 11 215 0 0 249 11 231 4 1 268 12 241 0 0 284 28 227 10 11 
0 2 27 1 1256 1 11 35 5 1279 0 0 49 0 1286 0 4 36 1 1316 7 8 42 5 1268 
0 5 0 287 0 101 107 90 380 123 82 90 76 416 73 0 0 0 316 0 269 272 266 600 281 
472 429 772 794 436 63 23 413 401 69 285 224 636 581 262 39 17 404 387 68 149 86 498 457 127 
585 586 605 638 586 0 0 0 0 0 0 0 0 0 0 0 0 0 0 0 0 0 0 0 0 
0 420 0 0 169 0 405 0 0 166 238 723 260 273 420 0 445 0 0 167 14 465 17 24 201 
0 0 0 0 0 0 0 0 0 0 1081 1126 1059 1097 1167 0 0 0 0 0 0 0 0 0 0 
179 81 1035 409 82 533 390 1324 721 410 127 50 905 286 18 670 576 1549 843 539 258 172 1107 420 116 
28 0 263 53 0 26 0 222 48 0 286 286 485 315 266 40 14 223 67 12 11 0 268 48 0 
291 121 278 109 516 641 525 714 450 902 658 568 736 564 872 239 114 237 56 457 209 120 286 86 517 
11 0 0 0 0 47 11 25 13 26 14 0 0 0 0 1112 1116 1147 1125 1057 10 0 0 0 0 
470 44 33 389 37 418 0 0 384 0 430 0 0 353 0 444 7 8 368 0 462 21 27 396 31 
302 778 783 305 420 74 574 561 84 181 33 522 518 38 149 193 641 637 200 310 106 537 599 91 244 
0 0 180 0 0 503 446 668 481 533 0 0 179 0 0 9 10 214 7 12 93 74 254 79 103 
0 232 216 338 1 0 261 225 324 1 35 250 267 401 38 0 228 223 327 3 0 234 241 339 3 
0 0 10 1443 0 8 8 33 1421 4 0 0 10 1446 0 4 7 22 1525 6 0 0 13 1467 0 
453 260 740 456 1075 359 155 635 331 965 619 392 922 606 1144 997 810 1313 1011 1583 478 294 722 447 1083 
6 106 2 24 3 0 70 0 19 0 0 109 0 20 0 7 89 4 25 3 895 957 927 909 871 
556 398 26 116 19 975 804 408 498 370 693 528 96 153 69 772 516 118 197 117 564 386 17 86 2 
1313 1931 1211 1189 1338 387 901 237 190 259 589 1232 496 425 557 309 766 138 100 221 386 873 194 170 242 
306 290 310 340 326 15 0 0 33 0 12 0 1 37 0 17 0 0 39 0 189 164 131 185 163 
194 187 225 195 478 62 94 103 58 369 4 19 72 15 319 302 326 338 293 690 1007 1053 1086 1052 1364 
874 296 307 1265 1209 1463 871 856 1985 1870 901 410 294 1283 1313 589 94 75 927 1012 1160 720 623 1589 1478 
35 294 29 6 20 50 302 50 33 47 23 295 6 0 11 357 579 341 352 298 87 356 70 51 63 
