3866 4250 3663 3842 2807 4083 4562 4080 4035 3007 3991 4424 3869 4012 2961 3835 4275 3756 3878 2836 3781 4272 3764 3770 2697 
794 275 484 371 646 573 44 232 119 377 1239 614 870 678 965 720 168 384 274 498 1954 1368 1564 1610 1763 
394 380 404 346 586 0 0 6 0 140 151 128 166 135 291 22 22 43 21 161 0 0 10 0 149 
0 2240 0 0 0 0 2311 0 0 0 0 2158 0 0 0 0 2213 0 0 0 0 2120 0 0 0 
40 13 30 1088 25 14 0 20 1088 14 625 538 574 1573 573 143 123 114 1189 166 51 7 24 1007 22 
0 0 4 0 0 0 4 0 1 0 0 0 2 0 0 705 715 709 674 695 206 201 204 202 219 
1522 15 0 10 0 1591 28 20 29 24 1576 11 11 20 12 1539 8 0 4 0 1566 3 0 10 0 
0 0 2065 6 35 0 0 2059 4 28 0 0 1949 2 28 0 0 2088 2 21 0 0 1995 0 31 
0 0 0 24 30 1802 1707 1799 1754 1773 0 0 0 27 32 0 0 0 22 29 0 0 0 19 32 
19 409 0 706 0 128 512 85 904 99 33 428 27 807 38 128 548 96 887 87 11 383 0 741 0 
324 25 309 0 0 302 12 300 0 0 301 14 278 4 2 317 23 302 0 0 334 32 287 10 11 
0 9 31 1 1237 1 13 38 2 1228 0 12 55 0 1236 0 6 42 1 1254 6 14 40 5 1188 
0 2 0 299 0 93 103 89 386 122 74 94 88 448 91 0 0 0 334 0 277 284 281 643 300 
377 330 639 610 315 75 34 355 339 37 254 203 571 463 176 71 27 366 284 30 100 59 433 310 37 
615 611 667 677 618 0 0 0 0 0 0 0 0 0 0 0 0 0 0 0 0 0 0 0 0 
0 435 0 0 159 0 442 0 0 177 239 773 264 274 426 0 472 0 0 176 15 502 19 25 219 
0 0 0 0 0 0 0 0 0 0 1130 1149 1111 1141 1196 0 0 0 0 0 0 0 0 0 0 
130 66 951 356 56 425 291 1195 603 332 102 45 805 247 7 596 466 1416 700 487 205 101 971 340 95 
15 0 224 25 0 12 0 198 16 0 243 278 467 298 254 16 1 191 50 12 6 0 229 20 0 
243 131 245 93 498 636 532 670 452 877 636 558 693 526 840 212 131 208 65 440 201 140 242 93 484 
15 0 0 0 0 49 11 14 10 21 17 0 0 0 0 1115 1111 1137 1128 1046 15 0 0 0 0 
460 0 0 346 2 443 0 0 384 0 437 0 0 347 0 480 4 19 364 14 490 19 41 391 48 
314 855 854 315 517 80 630 616 79 265 5 516 565 5 213 239 712 749 223 386 152 681 740 145 363 
0 0 178 0 0 444 419 620 437 482 0 0 177 0 0 11 12 187 5 8 90 71 247 78 99 
1 263 241 441 1 0 281 242 402 2 39 276 284 494 43 0 248 243 401 2 0 258 264 428 3 
0 0 1 1343 0 7 8 13 1312 3 0 0 9 1346 0 4 6 16 1409 6 0 0 9 1348 0 
605 416 1004 642 1277 568 317 904 569 1200 790 555 1203 829 1429 1135 880 1484 1149 1770 666 384 941 649 1285 
11 73 2 23 3 0 40 0 20 0 0 77 0 19 0 9 91 4 25 3 1064 1140 1095 1072 1057 
553 375 30 143 12 1040 854 478 599 443 786 570 175 224 104 751 493 121 234 100 573 390 41 141 46 
1192 1807 1108 1041 1211 307 860 180 131 269 552 1231 487 399 569 269 768 138 58 265 307 832 175 98 253 
453 528 514 709 660 16 15 7 186 82 13 19 6 169 78 18 18 8 201 83 220 226 168 384 290 
217 195 209 201 496 61 92 103 71 386 5 18 66 16 329 307 366 375 352 751 1040 1106 1138 1127 1413 
699 238 210 1052 986 1443 1008 959 1835 1792 639 293 214 1058 1109 518 211 168 904 905 902 551 527 1258 1228 
31 274 10 6 10 55 301 53 53 56 24 314 0 0 0 317 568 314 341 291 69 326 27 30 24 
