3948 4377 3803 3897 2934 4156 4697 4161 4029 3137 4191 4710 4086 4127 3206 3979 4436 3934 3961 3011 4016 4530 3981 3937 2937 
745 251 456 327 653 550 39 225 92 360 1171 590 824 636 954 678 129 354 253 495 1910 1345 1548 1525 1739 
387 364 414 334 542 0 0 8 0 121 153 127 168 136 259 20 22 46 23 148 0 0 13 0 133 
0 2210 0 0 0 0 2272 0 0 0 0 2126 0 0 0 0 2192 0 0 0 0 2120 0 0 0 
43 13 24 1142 30 12 0 18 1114 5 643 545 613 1608 600 149 120 106 1184 158 37 8 20 1019 6 
0 0 3 0 0 0 4 0 1 0 0 0 2 0 0 704 709 697 678 696 204 197 204 207 218 
1517 10 0 8 0 1590 19 24 26 25 1605 45 49 75 47 1557 6 0 7 0 1579 4 0 8 0 
0 0 2091 15 34 0 0 2099 16 29 0 0 1960 7 23 0 0 2113 15 22 0 0 2048 11 27 
0 0 0 24 24 1743 1667 1720 1695 1732 0 0 0 25 35 0 0 0 22 30 0 0 0 19 33 
14 411 0 605 0 128 529 81 775 100 60 431 35 687 45 111 529 83 770 96 33 372 0 618 0 
287 17 242 0 0 279 12 225 0 0 312 16 246 4 1 280 16 248 0 0 296 29 245 10 10 
0 3 31 1 1227 2 12 42 2 1230 0 0 56 0 1250 0 2 41 1 1272 9 12 39 7 1204 
0 2 0 286 0 90 101 84 372 111 74 84 85 421 82 0 0 0 317 0 272 270 270 603 285 
403 345 659 629 328 73 24 392 367 37 285 213 606 499 185 70 23 362 309 33 109 62 445 355 57 
624 612 662 675 611 0 0 0 0 0 0 0 0 0 0 0 0 0 0 0 0 0 0 0 0 
0 387 0 0 158 0 388 0 0 162 233 707 255 261 406 0 448 0 0 165 14 453 17 23 195 
0 0 0 0 0 0 0 0 0 0 1083 1119 1072 1112 1164 0 0 0 0 0 0 0 0 0 0 
159 68 915 376 57 467 306 1230 635 358 80 36 786 271 13 627 527 1464 752 488 208 110 985 363 89 
9 0 283 21 0 14 0 234 10 0 223 264 525 279 251 24 0 254 31 2 7 0 271 20 0 
239 134 274 68 522 601 510 675 419 865 593 540 679 481 836 196 103 200 21 435 189 107 265 55 494 
33 1 0 0 0 86 24 40 29 45 45 0 0 0 0 1128 1114 1134 1123 1042 27 0 0 0 0 
399 0 0 349 2 391 0 0 376 0 387 0 0 340 0 421 6 22 366 16 421 17 41 395 48 
338 925 932 338 544 98 663 672 106 264 55 616 648 58 255 273 816 800 259 420 196 718 762 154 389 
0 0 179 0 0 463 429 633 446 485 0 0 177 0 0 8 14 196 4 10 92 74 252 75 105 
0 255 237 412 1 0 282 231 381 1 38 280 275 467 39 0 232 228 384 2 0 246 251 410 3 
0 0 5 1450 0 8 9 18 1415 3 0 0 9 1432 0 4 6 18 1489 6 0 0 9 1440 0 
492 219 774 551 1049 474 191 739 523 1035 697 399 1038 761 1268 1039 780 1365 1114 1635 504 219 775 556 1085 
15 106 4 30 5 0 74 0 19 0 0 114 1 20 2 7 99 4 25 3 1027 1133 1060 1039 1001 
570 416 77 173 42 1073 877 510 627 471 743 569 155 228 103 706 484 120 208 90 535 372 32 140 12 
1228 1839 1093 1053 1193 328 852 157 102 181 547 1173 439 359 453 275 748 101 54 167 354 820 142 126 203 
412 429 436 614 553 28 20 6 169 67 12 0 1 151 67 19 0 2 158 64 204 180 150 333 228 
263 247 240 235 564 28 65 59 29 369 3 17 47 7 330 310 368 337 311 721 1035 1094 1071 1088 1422 
732 304 235 1097 1102 1514 1058 1002 1996 1975 640 295 149 1109 1128 558 226 142 998 980 944 642 538 1372 1385 
33 270 8 6 12 52 307 50 49 68 28 280 0 0 0 334 531 307 342 315 79 336 42 46 48 
