3901 4466 3859 3993 3094 4243 4849 4270 4273 3315 4009 4651 4063 4189 3209 3910 4502 3950 4053 3075 3975 4591 4055 4006 3057 
668 228 399 282 495 466 42 194 29 271 1014 513 711 504 772 667 183 358 208 401 1737 1271 1434 1381 1544 
416 388 455 361 572 0 0 11 0 136 155 128 172 136 280 20 22 49 20 157 0 0 13 0 152 
0 2165 0 0 0 0 2246 0 0 0 0 2088 0 0 0 0 2149 0 0 0 0 2072 0 0 0 
44 12 25 1081 46 14 0 11 1049 29 658 569 608 1598 583 142 121 106 1180 173 54 9 19 1015 45 
0 0 3 0 0 0 4 0 1 0 0 0 4 0 0 694 691 681 661 684 200 193 201 195 215 
1421 13 0 8 0 1447 9 8 11 8 1485 34 35 38 27 1422 6 0 5 0 1443 6 0 11 0 
0 0 2060 7 34 0 0 2084 3 29 0 0 1948 2 23 0 0 2079 3 21 0 0 2018 6 30 
0 0 0 21 7 1846 1764 1806 1758 1840 0 0 0 24 12 0 0 0 22 8 0 0 0 19 12 
11 423 0 702 0 90 506 69 828 76 47 439 54 782 77 115 515 74 798 82 26 383 0 715 0 
289 16 261 0 0 282 11 232 0 0 294 18 265 4 3 298 25 262 0 0 293 26 241 10 11 
0 0 30 0 1271 0 10 40 3 1274 0 0 49 0 1276 0 1 41 1 1294 2 5 34 1 1244 
0 4 0 287 0 74 77 72 359 104 71 88 82 417 82 0 0 0 317 0 270 271 269 604 285 
402 346 687 648 354 57 23 406 350 48 277 203 623 514 213 36 18 390 328 42 115 67 446 382 77 
585 586 605 638 586 0 0 0 0 0 0 0 0 0 0 0 0 0 0 0 0 0 0 0 0 
0 370 0 0 153 0 369 0 0 161 233 674 247 257 396 0 407 0 0 156 14 424 17 22 193 
0 0 0 0 0 0 0 0 0 0 1102 1124 1079 1109 1169 0 0 0 0 0 0 0 0 0 0 
174 87 930 407 77 537 371 1241 737 412 114 50 788 288 9 645 528 1475 831 527 206 126 980 375 95 
5 0 247 9 0 5 0 204 6 0 219 262 448 261 247 9 0 194 33 12 1 0 247 7 0 
252 144 281 95 522 644 571 738 479 919 631 606 737 574 887 231 154 251 83 491 226 171 314 120 564 
45 0 0 0 0 73 9 10 10 16 56 0 0 0 0 1132 1112 1140 1123 1047 40 0 0 0 0 
497 0 0 345 1 476 2 0 383 0 468 0 0 347 0 505 5 6 364 1 509 19 27 384 41 
294 798 877 300 447 66 561 647 75 209 18 516 625 24 188 163 644 734 179 331 139 609 742 135 293 
0 0 179 0 0 444 419 620 437 482 0 0 175 0 0 8 16 189 4 9 91 73 244 81 102 
0 265 249 446 1 0 277 240 410 2 38 273 290 495 44 0 237 237 398 2 0 252 261 443 3 
0 0 2 1333 0 7 8 11 1302 3 0 0 8 1328 0 4 6 16 1401 6 0 0 10 1336 0 
504 281 744 503 1063 419 149 641 358 923 610 361 900 615 1142 1027 756 1291 1029 1525 523 259 715 486 1044 
12 107 2 27 3 0 78 0 19 0 0 102 0 18 0 9 108 4 26 3 997 1076 1015 994 964 
574 396 46 177 15 1155 885 577 707 477 865 605 204 285 115 774 522 118 260 83 568 391 29 167 10 
1289 1877 1156 1094 1252 384 907 212 142 259 581 1213 477 384 570 319 776 124 64 233 376 824 178 115 252 
363 424 417 589 560 16 4 1 160 72 15 13 2 141 72 23 13 4 159 89 209 194 151 335 273 
224 201 231 228 511 69 102 126 74 391 3 9 70 9 332 320 372 388 345 753 1057 1112 1151 1099 1409 
884 293 302 1129 1105 1373 819 788 1801 1696 913 418 317 1218 1266 590 123 109 881 925 1139 643 595 1460 1379 
36 325 30 6 18 61 359 76 56 84 25 339 5 0 8 414 674 408 403 392 91 403 70 50 62 
