4962 5012 4449 5057 4235 5851 5890 5389 6031 5032 5487 5586 4952 5555 4786 4645 4816 4286 4957 4017 5346 5442 4925 5459 4498 
1050 696 866 889 1373 436 116 284 202 757 659 328 514 442 992 718 300 489 459 1013 2643 2229 2408 2454 2932 
376 412 414 411 612 0 0 6 0 123 144 129 163 151 264 20 22 44 30 167 0 0 10 0 161 
0 2214 0 0 0 0 2269 0 0 0 0 2150 0 0 0 0 2208 0 0 0 0 2100 0 0 0 
37 13 32 1048 49 14 0 17 984 29 613 493 572 1543 579 134 123 99 1124 171 34 7 21 994 45 
29 152 28 7 8 33 159 19 26 11 9 112 8 0 1 1139 1291 1156 1122 1088 312 495 286 282 294 
1371 14 0 9 0 1380 20 19 34 20 1380 25 28 29 19 1366 11 0 11 0 1363 4 0 12 0 
0 0 2062 34 16 0 0 2059 28 20 0 0 1941 24 20 0 0 2081 22 11 0 0 1990 19 15 
0 0 0 14 9 1788 1724 1748 1791 1796 0 0 0 16 12 0 0 0 15 7 0 0 0 12 16 
20 402 0 749 0 102 508 58 883 62 52 445 31 799 25 121 515 82 886 78 53 379 0 727 0 
382 22 232 0 0 417 13 201 0 0 452 24 249 16 20 386 24 232 8 2 546 173 364 143 149 
0 0 38 1 1283 1 17 43 6 1281 0 0 46 0 1273 0 1 46 1 1329 8 12 44 7 1289 
0 2 0 284 0 95 99 84 374 109 78 86 66 419 67 0 0 0 311 0 269 269 264 596 279 
569 468 827 933 569 160 74 467 540 196 348 238 662 697 341 100 27 404 437 128 231 181 559 607 273 
585 586 605 638 586 0 0 0 0 0 0 0 0 0 0 0 0 0 0 0 0 0 0 0 0 
0 476 0 0 193 0 432 0 0 188 226 779 257 254 425 0 469 0 0 186 15 516 21 23 218 
0 0 0 0 0 0 0 0 0 0 1146 1182 1123 1155 1213 0 0 0 0 0 0 0 0 0 0 
119 85 917 307 87 473 337 1182 590 404 18 50 728 184 9 665 619 1462 757 588 206 154 955 380 99 
110 0 395 123 0 111 0 388 120 0 377 294 640 384 275 137 15 384 137 12 101 0 400 111 0 
244 63 157 234 588 717 582 691 696 1108 618 449 590 658 982 235 116 175 205 591 208 118 232 300 635 
9 0 0 0 0 47 18 34 17 30 3 0 0 0 0 1089 1116 1136 1107 1049 4 0 0 0 0 
419 45 33 385 37 367 3 0 380 0 383 3 0 351 0 428 4 11 385 4 419 20 26 391 30 
302 815 808 306 443 63 588 572 68 203 15 509 527 15 169 188 662 642 193 317 110 569 614 82 265 
0 0 212 0 0 517 471 747 540 550 0 0 236 0 0 10 11 217 8 8 101 73 296 95 98 
0 220 212 368 1 0 243 233 344 1 35 238 274 426 36 0 216 224 355 2 0 221 233 364 3 
0 0 2 1334 0 7 8 12 1301 3 0 0 7 1343 0 4 6 13 1408 6 0 0 12 1345 0 
436 216 653 412 948 318 128 509 264 818 551 334 792 529 987 1006 752 1225 941 1492 373 190 586 344 896 
14 120 5 32 6 0 92 0 19 0 0 124 1 19 2 7 115 5 30 3 988 1107 1019 985 983 
578 351 10 105 9 1001 783 386 478 345 724 495 97 165 80 762 489 125 216 125 595 363 30 105 31 
1278 1831 1120 1036 1135 350 857 187 104 150 583 1223 482 387 425 317 758 140 54 128 376 848 181 117 147 
