3910 4499 3795 3915 3000 4271 4937 4297 4261 3293 4014 4695 4015 4035 3139 3924 4547 3962 4050 3015 3947 4523 3947 3942 2968 
578 222 405 259 513 423 28 192 16 315 969 505 710 556 832 552 146 354 183 423 1754 1301 1453 1424 1598 
368 360 415 322 526 0 0 7 0 129 155 126 169 133 265 21 22 41 20 151 0 0 17 0 135 
0 2162 0 0 0 0 2258 0 0 0 0 2087 0 0 0 0 2166 0 0 0 0 2082 0 0 0 
35 14 41 1114 50 16 0 23 1062 31 634 539 625 1649 609 146 115 108 1172 174 25 7 22 1003 43 
0 0 3 0 0 0 4 0 2 0 0 0 2 0 0 766 771 732 746 744 232 223 236 243 261 
1439 3 0 5 0 1470 13 13 21 15 1478 13 15 16 11 1470 1 0 6 0 1454 0 0 4 0 
0 0 2109 20 22 0 0 2128 16 15 0 0 1993 6 21 0 0 2135 14 11 0 0 2043 13 12 
0 0 0 22 13 1807 1734 1759 1740 1780 0 0 0 27 13 0 0 0 23 14 0 0 0 21 21 
38 453 0 697 0 146 537 71 849 99 138 510 97 842 114 126 528 55 808 58 57 401 0 727 0 
296 17 272 0 0 298 11 233 0 0 317 12 278 14 1 276 20 256 0 0 309 26 269 13 12 
0 3 35 0 1278 1 9 44 2 1249 0 0 52 0 1273 0 2 49 1 1313 6 9 45 3 1254 
0 2 0 288 0 87 99 88 375 120 77 82 82 416 78 0 0 0 316 0 267 267 269 604 285 
433 328 676 650 359 72 20 379 367 48 314 235 628 528 226 64 8 357 318 47 149 113 476 395 111 
620 608 644 674 618 0 0 0 0 0 0 0 0 0 0 0 0 0 0 0 0 0 0 0 0 
0 423 0 0 172 0 405 0 0 161 245 734 264 272 421 0 451 0 0 166 15 467 20 23 200 
0 0 0 0 0 0 0 0 0 0 1123 1142 1106 1122 1196 0 0 0 0 0 0 0 0 0 0 
146 47 914 401 89 515 364 1266 746 414 39 23 785 262 14 679 535 1512 865 570 236 167 1013 475 159 
27 0 260 4 0 18 0 225 7 0 256 269 477 262 235 43 6 218 30 12 8 0 258 8 0 
292 127 321 117 558 688 558 745 516 966 650 584 754 591 920 253 141 272 97 496 260 160 310 147 566 
9 0 0 0 0 46 15 36 18 32 4 0 0 0 0 1109 1132 1160 1124 1070 7 0 0 0 0 
488 0 0 335 2 476 0 0 377 0 468 0 0 338 0 504 1 2 364 4 513 22 39 386 45 
317 836 822 310 463 68 596 592 82 220 11 541 541 27 183 169 671 644 193 356 138 615 681 125 296 
0 0 187 1 0 500 474 683 504 527 0 0 182 2 0 7 9 193 6 10 107 81 272 91 107 
0 275 244 433 1 0 294 236 385 1 44 298 287 492 46 0 256 237 387 2 0 254 252 427 4 
0 0 6 1432 0 7 8 31 1395 3 0 0 11 1403 0 4 6 24 1484 6 0 0 13 1416 0 
467 199 747 475 1039 428 142 680 368 975 654 374 931 646 1166 1028 762 1293 966 1551 510 212 735 469 1082 
16 113 8 30 5 0 71 0 19 0 0 97 0 18 0 7 111 4 25 3 1061 1159 1094 1042 1051 
592 404 30 170 21 1075 829 427 566 403 826 558 147 236 108 742 473 101 196 82 580 381 29 133 14 
1243 1801 1116 1061 1201 374 853 214 150 209 578 1172 455 388 522 299 731 133 64 180 381 821 187 116 196 
396 455 445 637 572 19 13 5 165 74 12 10 2 147 78 20 13 12 186 91 210 178 165 358 247 
249 247 226 243 567 65 92 114 74 427 3 12 64 10 362 298 351 365 337 751 1007 1092 1087 1048 1388 
893 288 301 1093 1089 1320 705 759 1680 1641 868 334 282 1123 1160 603 80 82 837 889 1006 532 502 1282 1272 
38 329 55 8 29 58 362 88 57 89 24 344 32 0 9 367 631 377 361 333 62 377 42 16 29 
