3777 4193 3590 3728 2764 4038 4469 3973 3915 2960 3893 4288 3733 3846 2873 3833 4216 3757 3813 2854 3761 4268 3732 3670 2696 
845 294 483 436 630 577 27 213 140 341 1407 735 1011 801 1066 757 163 354 324 494 2070 1384 1612 1686 1793 
374 357 400 323 531 0 0 6 0 126 151 128 170 132 278 20 22 43 20 151 0 0 10 0 140 
0 2214 0 0 0 0 2281 0 0 0 0 2126 0 0 0 0 2195 0 0 0 0 2126 0 0 0 
41 12 22 1109 20 12 0 10 1084 7 594 467 533 1562 547 138 106 102 1196 153 32 7 9 995 14 
0 0 3 0 0 0 4 0 1 0 0 0 2 0 0 694 697 671 661 682 198 190 204 198 212 
1554 4 0 3 0 1603 16 24 22 22 1594 22 20 23 15 1591 1 0 2 0 1603 2 0 2 0 
0 0 1933 29 17 0 0 1974 33 14 0 0 1854 23 15 0 0 1963 21 4 0 0 1918 16 6 
0 0 0 22 23 1792 1699 1753 1718 1750 0 0 0 23 33 0 0 0 22 29 0 0 0 19 32 
4 403 0 719 0 116 519 75 897 97 29 439 28 790 41 106 541 84 890 94 7 373 0 749 0 
271 19 282 0 0 249 11 276 0 0 254 11 272 4 1 231 9 284 0 0 279 33 269 13 12 
0 2 26 0 1195 1 6 23 2 1194 0 3 43 0 1204 0 1 37 1 1212 3 5 36 1 1154 
0 3 0 284 0 91 89 81 368 125 74 92 81 416 82 0 0 0 312 0 271 274 270 604 285 
397 341 662 622 343 58 20 370 340 51 282 234 610 514 231 32 10 366 307 47 125 99 461 397 103 
608 606 645 674 614 0 0 0 0 0 0 0 0 0 0 0 0 0 0 0 0 0 0 0 0 
0 458 0 0 166 0 467 0 0 187 249 800 273 283 438 0 529 0 0 194 15 527 20 23 231 
0 0 0 0 0 0 0 0 0 0 1182 1204 1155 1181 1263 2 0 0 0 0 0 0 0 0 0 
140 84 1000 383 107 499 336 1289 679 379 88 49 862 287 17 695 580 1555 826 578 191 122 1058 401 115 
24 0 336 27 0 20 0 283 13 0 245 273 551 287 257 38 16 298 38 12 11 0 316 25 0 
264 124 259 97 505 643 538 700 455 888 602 545 659 511 815 207 122 237 61 449 230 135 272 89 484 
56 0 0 0 0 104 22 36 24 42 65 0 0 0 0 1138 1115 1140 1123 1044 52 0 0 0 0 
423 0 0 335 1 409 0 0 379 0 407 0 0 337 0 440 2 13 365 13 468 21 41 392 48 
338 938 950 328 561 94 665 708 107 328 44 601 650 47 275 279 781 863 260 487 140 702 764 122 362 
0 0 179 0 0 444 419 620 437 482 0 0 177 0 0 8 10 199 4 11 93 76 241 78 105 
0 260 239 328 1 0 277 227 324 1 39 277 270 395 45 0 236 222 306 2 0 259 250 310 4 
0 0 4 1422 0 7 8 16 1361 3 0 0 10 1418 0 4 6 19 1480 6 0 0 8 1426 0 
545 296 924 596 1170 530 250 855 546 1116 724 499 1141 804 1327 1072 814 1408 1084 1617 603 281 892 619 1173 
10 109 2 26 5 0 70 0 19 0 0 108 0 18 0 7 116 5 29 3 1068 1190 1121 1100 1091 
583 428 82 194 33 1047 900 517 647 427 797 631 226 244 129 751 541 160 273 125 552 379 31 148 5 
1259 1882 1143 1060 1246 343 901 171 113 263 579 1233 480 404 554 296 795 100 66 245 360 867 171 125 288 
425 456 469 699 625 41 26 37 247 126 15 13 5 205 113 19 12 12 212 117 205 189 151 397 286 
258 224 218 238 592 70 111 121 70 442 4 16 65 9 377 324 361 400 338 784 1022 1068 1117 1079 1450 
662 263 218 1028 1028 1405 1014 930 1826 1806 548 223 105 997 1006 484 171 91 811 837 865 576 456 1224 1215 
32 245 8 6 10 55 286 47 53 59 35 279 0 0 0 311 518 295 334 278 77 317 46 46 52 
