3726 4395 3739 3823 2973 4098 4774 4182 4090 3242 3838 4547 3928 3952 3065 3787 4471 3890 3968 2985 3771 4427 3905 3817 2934 
810 278 428 265 549 589 40 177 22 270 1096 483 698 480 793 760 153 360 167 409 1954 1362 1502 1448 1625 
402 393 429 340 574 0 0 6 0 144 157 129 170 138 290 22 22 42 20 163 0 0 12 0 145 
0 2114 0 0 0 0 2204 0 0 0 0 2061 0 0 0 0 2141 0 0 0 0 2047 0 0 0 
37 15 50 1100 25 10 0 33 1052 13 656 560 638 1616 563 153 133 132 1178 169 27 10 33 1013 20 
0 0 3 0 0 0 5 0 1 0 0 0 2 0 0 694 696 681 661 683 204 192 205 197 216 
1405 11 0 4 0 1397 21 19 29 21 1421 27 28 27 20 1396 3 0 5 0 1435 5 0 8 0 
0 0 2055 18 33 0 0 2059 14 27 0 0 1939 9 25 0 0 2078 11 22 0 0 1987 11 27 
0 0 0 8 4 1904 1786 1826 1800 1856 0 0 0 14 9 0 0 0 10 7 0 0 0 9 16 
20 427 0 750 0 135 510 103 907 105 111 453 83 853 110 151 523 123 873 115 33 380 0 765 0 
294 17 245 0 0 255 11 229 0 0 286 11 246 6 1 261 9 237 0 0 287 27 235 10 10 
0 4 30 0 1299 3 7 35 1 1304 0 0 56 0 1287 0 2 46 1 1345 2 8 43 2 1303 
0 4 0 288 0 96 102 89 374 120 75 86 80 421 85 0 0 0 316 0 270 273 268 605 284 
434 382 721 742 378 96 32 420 401 64 290 218 623 555 243 66 27 377 362 53 132 77 459 423 104 
585 586 605 638 586 0 0 0 0 0 0 0 0 0 0 0 0 0 0 0 0 0 0 0 0 
0 398 0 0 166 0 389 0 0 171 233 715 266 265 423 0 437 0 0 169 14 454 17 22 205 
0 0 0 0 0 0 0 0 0 0 1103 1137 1082 1132 1187 0 0 0 0 0 0 0 0 0 0 
134 37 983 392 70 562 382 1340 774 448 76 28 836 293 9 627 516 1516 832 550 274 190 1092 485 185 
26 0 257 53 0 33 0 223 49 0 283 285 481 325 264 51 15 228 66 12 16 0 260 48 0 
284 143 315 127 554 680 568 772 504 956 640 568 742 567 927 232 126 256 70 499 228 125 330 130 552 
31 0 0 0 0 72 14 27 14 29 41 0 0 0 0 1155 1132 1151 1146 1065 29 0 0 0 0 
490 0 0 347 2 471 1 0 384 0 465 1 0 353 0 487 4 7 352 0 491 22 25 378 35 
315 840 866 319 458 65 612 593 88 215 38 551 608 50 215 171 649 660 192 322 173 645 719 154 306 
0 0 179 0 0 444 418 620 437 482 0 0 177 0 0 8 11 189 4 10 87 74 240 79 101 
0 261 240 344 1 0 277 221 315 1 38 277 269 392 39 0 231 224 297 2 0 258 247 327 3 
0 0 1 1431 0 7 8 13 1390 3 0 0 6 1436 0 4 6 12 1511 6 0 0 5 1442 0 
442 268 719 448 992 364 153 647 300 867 549 347 876 553 1041 983 807 1303 1015 1516 422 214 697 402 974 
16 133 6 32 5 0 96 0 19 0 0 108 0 19 2 7 111 5 25 3 960 1038 980 946 919 
582 427 73 141 41 1012 844 430 530 389 809 644 168 203 93 748 560 145 230 125 563 400 36 106 13 
1292 1944 1143 1161 1331 367 898 199 167 230 589 1238 461 437 556 314 770 128 94 182 378 865 168 139 225 
314 321 360 422 368 15 0 0 45 0 15 0 0 47 0 24 0 0 48 0 197 147 133 230 161 
225 182 210 199 507 61 95 116 46 405 3 10 61 4 334 332 376 388 322 738 996 1062 1066 1033 1354 
996 325 394 1318 1249 1454 849 889 2011 1800 1067 493 456 1414 1420 688 154 148 1043 1070 1271 800 748 1668 1570 
30 310 26 6 22 58 335 67 56 74 22 319 6 0 1 356 601 352 360 302 87 368 64 57 69 
