3901 4402 3782 3804 2861 4099 4683 4139 3971 3072 4024 4600 3908 3958 3031 3902 4407 3898 3880 2971 3885 4459 3899 3792 2815 
787 252 464 327 683 542 38 216 46 358 1199 605 912 638 1002 697 146 376 243 479 1916 1350 1588 1571 1765 
417 381 433 351 577 0 0 8 0 118 164 134 188 151 296 24 22 45 21 154 0 0 11 0 139 
0 2214 0 0 0 0 2285 0 0 0 0 2125 0 0 0 0 2197 0 0 0 0 2117 0 0 0 
49 19 24 1179 31 15 0 15 1153 16 755 609 685 1736 646 139 118 96 1216 160 35 8 20 1041 28 
0 0 3 0 0 0 6 0 1 0 0 0 3 0 0 738 744 731 712 720 211 202 213 210 223 
1397 8 0 4 0 1418 20 19 23 20 1480 43 48 56 44 1406 1 0 5 0 1426 2 0 5 0 
0 0 2110 26 36 0 0 2130 21 28 0 0 1985 11 24 0 0 2133 11 22 0 0 2063 7 32 
0 0 0 25 25 1765 1653 1720 1695 1735 0 0 0 25 34 0 0 0 22 32 0 0 0 19 33 
7 404 0 609 0 124 498 57 741 101 28 413 21 674 29 123 517 88 772 88 37 379 0 640 0 
308 17 241 0 0 282 11 243 0 0 312 13 258 7 2 297 23 253 0 0 309 28 246 10 10 
0 2 28 0 1254 1 7 35 6 1261 0 0 45 0 1275 0 2 35 1 1298 5 8 36 1 1237 
0 4 0 296 0 84 89 92 372 118 72 89 81 430 83 0 0 0 333 0 277 279 271 620 291 
422 355 679 656 350 83 22 392 378 34 303 213 620 520 219 85 30 387 326 52 149 100 487 391 99 
613 616 657 673 614 0 0 0 0 0 0 0 0 0 0 0 0 0 0 0 0 0 0 0 0 
0 411 0 0 169 0 400 0 0 169 238 724 256 271 421 0 458 0 0 168 15 471 17 22 200 
0 0 0 0 0 0 0 0 0 0 1067 1112 1057 1103 1163 0 0 0 0 0 0 0 0 0 0 
121 38 890 377 35 453 288 1207 695 342 65 30 783 255 7 618 474 1375 752 459 145 87 945 348 60 
9 0 268 17 0 8 0 226 8 0 231 270 496 276 250 11 3 239 37 12 4 0 262 18 0 
246 111 248 81 543 640 551 687 438 909 599 521 684 514 866 168 78 177 36 454 196 110 266 78 515 
24 0 0 0 0 74 23 33 24 30 38 0 0 0 0 1135 1115 1139 1117 1048 25 0 0 0 0 
487 0 0 343 1 475 0 0 376 0 467 0 0 346 0 500 1 16 370 13 517 17 41 387 48 
319 933 917 350 521 101 650 664 107 241 56 608 633 65 227 261 798 801 260 399 162 689 752 149 336 
0 0 179 0 0 444 419 620 437 482 0 0 176 0 0 9 10 196 4 11 90 72 244 78 101 
0 260 239 410 1 0 281 229 384 1 38 277 272 473 41 0 238 232 381 2 0 244 264 403 3 
0 0 3 1423 0 7 8 21 1410 3 0 0 9 1421 0 4 6 15 1485 6 0 0 11 1437 0 
545 269 838 574 1104 494 201 799 500 1074 728 439 1069 787 1280 1157 855 1459 1132 1681 600 241 819 601 1138 
7 102 3 25 4 0 77 0 21 0 0 104 0 19 0 8 92 4 25 3 1010 1125 1050 1041 1005 
651 367 56 155 17 1196 906 500 631 482 875 587 189 241 119 795 478 116 217 86 644 377 40 154 39 
1236 1826 1132 1046 1182 336 836 129 88 170 559 1188 419 350 453 279 759 82 44 138 392 833 143 119 209 
418 448 465 677 594 19 12 6 210 79 14 4 1 178 74 24 7 2 195 85 210 190 148 379 261 
260 234 237 242 574 64 94 112 61 409 3 18 41 13 352 277 349 354 309 724 1103 1152 1132 1155 1488 
626 254 173 1039 997 1469 1063 991 1969 1909 557 280 147 1043 1064 489 205 126 925 938 864 604 473 1244 1241 
40 288 8 7 14 55 310 45 54 75 29 290 0 0 0 331 553 303 348 319 74 326 35 34 40 
