3801 4230 3698 3801 2796 4025 4495 4028 3990 2942 3918 4380 3860 3955 2895 3785 4283 3761 3860 2855 3785 4298 3783 3780 2727 
810 283 463 371 619 546 43 226 116 343 1323 655 915 697 1033 752 162 391 264 506 2007 1399 1613 1636 1749 
390 379 409 338 593 0 0 6 0 139 151 128 165 132 293 22 22 44 20 155 0 0 11 0 154 
0 2242 0 0 0 0 2328 0 0 0 0 2158 0 0 1 0 2233 0 0 0 0 2115 0 0 1 
32 13 38 1064 26 11 0 19 1063 13 575 522 581 1582 561 143 126 121 1168 175 25 8 27 1000 20 
0 0 4 0 0 0 6 0 1 0 0 0 2 0 0 693 694 681 660 683 200 192 201 198 218 
1547 14 0 8 0 1608 25 21 29 25 1617 24 26 34 17 1576 7 0 9 0 1596 6 0 15 0 
0 0 2070 10 35 0 0 2054 4 28 0 0 1948 3 25 0 0 2079 4 22 0 0 1997 2 29 
0 0 0 22 25 1791 1715 1785 1742 1769 0 0 0 24 35 0 0 0 23 30 0 0 0 19 34 
20 397 0 739 0 121 487 76 922 95 67 435 39 830 44 135 529 87 899 102 24 366 0 743 0 
289 24 294 0 0 266 11 274 0 0 261 11 253 6 1 246 13 289 0 0 291 30 264 10 14 
0 7 31 0 1215 1 13 35 2 1211 0 8 50 0 1219 0 9 41 1 1237 6 14 38 4 1183 
0 3 0 303 0 89 98 96 386 122 75 96 85 439 93 0 0 0 333 0 273 286 285 634 301 
390 331 660 635 333 74 36 384 331 49 258 204 582 484 183 50 21 364 307 29 79 58 410 328 53 
612 606 656 674 615 0 0 0 0 0 0 0 0 0 0 0 0 0 0 0 0 0 0 0 0 
0 431 0 0 161 0 438 0 0 178 237 765 260 280 421 0 477 0 0 173 15 485 19 24 218 
0 0 0 0 0 0 0 0 0 0 1114 1136 1088 1108 1179 0 0 0 0 0 0 0 0 0 0 
178 92 961 376 96 463 339 1255 643 378 122 58 829 272 25 628 505 1486 769 502 189 105 1018 362 100 
24 0 248 21 0 22 0 228 13 0 254 274 482 282 263 39 13 223 47 12 10 0 262 15 0 
241 136 249 98 505 630 555 696 463 894 621 590 705 536 853 213 154 220 76 446 212 166 279 99 497 
15 0 0 0 0 41 8 11 10 20 18 0 0 0 0 1111 1113 1139 1120 1039 14 0 0 0 0 
451 0 0 347 1 440 0 0 380 0 432 0 0 341 0 475 2 17 364 13 493 23 41 397 48 
309 828 804 307 479 78 583 576 72 245 2 472 518 2 191 216 677 703 216 349 122 604 654 96 294 
0 0 178 0 0 444 417 620 437 482 0 0 177 0 0 9 13 189 5 10 91 74 244 78 99 
0 263 242 423 1 0 277 229 370 1 41 278 285 466 43 0 234 231 384 2 0 256 248 410 3 
0 0 2 1358 0 7 8 14 1341 3 0 0 6 1377 0 4 6 12 1424 6 0 0 10 1370 0 
597 405 998 633 1265 568 312 887 563 1193 783 546 1176 803 1430 1122 880 1480 1110 1748 652 362 937 634 1268 
11 76 2 28 4 0 38 0 21 0 0 80 0 19 0 8 82 4 25 4 1049 1164 1102 1082 1070 
566 373 24 140 8 1087 888 474 601 439 812 584 178 238 105 765 502 132 217 107 576 387 36 131 37 
1222 1838 1131 1053 1232 338 861 199 118 264 593 1250 530 413 575 299 759 134 55 236 370 820 184 99 268 
443 520 503 719 684 26 14 9 200 82 15 15 5 173 84 19 17 9 206 105 217 218 159 379 293 
220 204 205 244 512 72 117 129 92 415 5 23 64 20 344 327 375 380 362 757 1074 1169 1126 1173 1446 
688 239 197 998 971 1442 1007 953 1856 1846 578 280 177 1045 1089 511 210 149 890 917 867 545 501 1214 1217 
34 281 10 6 11 58 312 51 54 60 29 324 0 0 0 329 568 312 361 302 64 320 27 22 15 
