5514 5406 4762 5358 4481 6577 6509 5972 6452 5435 6131 6162 5469 6033 5119 5305 5388 4676 5251 4313 5993 5942 5412 5762 4806 
843 573 703 730 1243 326 126 268 190 694 423 169 361 281 805 603 281 476 398 963 2467 2148 2335 2370 2895 
1642 2337 1584 1501 1771 293 905 149 140 338 694 1340 600 501 750 247 776 151 99 292 291 851 136 137 302 
0 2222 0 0 0 0 2311 0 0 0 0 2148 0 0 0 0 2196 0 0 0 0 2122 0 0 0 
33 14 42 1032 49 12 0 33 999 29 616 505 572 1505 561 146 136 132 1144 178 27 7 35 977 45 
20 126 18 4 10 37 161 26 39 33 16 145 10 0 2 1057 1211 1081 1052 998 304 454 271 268 295 
1437 13 0 10 0 1458 7 2 12 0 1515 30 18 29 21 1489 7 0 9 0 1475 5 0 12 0 
0 0 2023 16 36 0 0 2023 12 27 0 0 1911 6 24 0 0 2059 9 22 0 0 1960 8 28 
0 0 0 24 16 1859 1756 1821 1865 1875 0 0 0 28 20 0 0 0 24 22 0 0 0 21 24 
25 398 0 633 0 131 489 72 771 76 83 424 51 712 45 103 473 40 719 41 51 360 0 626 0 
338 22 205 0 0 374 14 181 0 0 405 16 216 10 14 342 14 210 2 0 511 153 322 145 135 
0 3 30 0 1242 1 9 47 4 1215 0 0 57 0 1221 0 3 46 1 1301 3 11 41 1 1189 
0 14 0 288 0 115 123 104 385 129 94 104 88 422 85 0 15 0 318 0 278 277 270 606 285 
527 420 804 873 516 166 77 475 481 169 365 242 685 665 320 99 27 397 396 128 205 174 551 560 238 
585 586 605 638 586 0 0 0 0 0 0 0 0 0 0 0 0 0 0 0 0 0 0 0 0 
0 448 0 0 209 0 427 1 0 229 297 844 315 349 536 0 477 0 0 209 16 533 20 27 255 
186 0 0 0 0 377 168 160 184 163 235 21 18 20 17 286 49 46 64 46 207 0 0 0 0 
0 0 0 0 0 0 0 0 0 0 1126 1180 1115 1151 1207 0 0 0 0 0 0 0 0 0 0 
43 29 878 261 28 449 373 1194 604 426 4 28 759 167 6 615 503 1421 749 557 122 99 887 278 68 
93 0 378 96 0 97 0 355 95 0 333 269 610 348 254 106 16 354 113 12 75 0 398 86 0 
232 66 134 223 601 708 574 704 661 1128 578 467 578 654 955 236 109 171 214 601 195 112 216 293 639 
55 0 0 0 0 89 11 28 15 26 64 0 0 0 0 1138 1098 1147 1111 1048 52 0 0 0 0 
520 127 36 431 39 479 123 16 447 24 467 128 0 389 0 546 138 41 469 44 529 133 41 458 48 
315 839 798 310 476 75 577 498 71 211 17 557 478 9 181 197 678 621 196 368 41 510 532 38 206 
0 0 145 0 0 371 344 528 363 395 0 0 148 0 0 7 9 164 4 8 83 65 207 69 90 
0 216 230 306 1 0 237 234 299 1 35 241 283 352 36 0 221 230 299 2 0 218 240 300 3 
0 0 11 1541 0 7 9 35 1523 5 0 0 11 1523 0 4 6 24 1608 6 0 0 14 1552 0 
471 234 686 412 878 247 24 409 189 608 403 174 633 385 822 943 712 1185 904 1359 349 152 535 334 777 
11 122 5 29 5 0 77 0 19 0 0 102 0 22 1 8 143 6 26 4 1027 1144 1053 1026 1028 
