4977 5015 4417 5039 4179 5731 5840 5304 5917 4915 5403 5537 4913 5492 4681 4650 4833 4289 4919 3923 5272 5394 4872 5354 4398 
1041 683 826 901 1395 465 116 325 231 793 673 328 518 452 1012 697 293 478 439 1054 2667 2250 2401 2487 2992 
367 382 419 387 578 0 0 6 0 125 145 129 159 154 259 20 22 43 27 164 0 0 11 0 146 
0 2209 0 0 0 0 2259 0 0 0 0 2139 0 0 0 0 2187 0 0 0 0 2096 0 0 0 
35 12 28 1021 49 11 0 19 967 29 621 494 561 1518 579 136 117 105 1085 169 32 7 23 992 45 
30 160 31 7 8 34 185 19 23 16 10 123 6 0 1 1141 1300 1146 1139 1076 307 497 286 273 302 
1361 14 0 10 0 1358 18 18 29 21 1366 23 22 28 15 1368 9 0 13 0 1364 4 0 13 0 
0 0 2078 41 23 0 0 2060 29 24 0 0 1959 21 20 0 0 2070 23 12 0 0 1991 19 20 
0 0 0 16 8 1778 1691 1752 1785 1779 0 0 0 19 12 0 0 0 14 9 0 0 0 12 15 
30 423 0 734 0 109 495 61 886 61 44 437 36 789 41 108 508 74 855 85 50 381 0 754 0 
366 22 225 0 0 411 14 194 0 0 439 24 248 16 32 391 23 231 5 4 542 174 349 145 153 
0 2 33 2 1273 2 10 45 9 1267 0 0 48 1 1249 0 2 42 2 1333 9 15 52 7 1262 
0 3 0 284 0 101 101 91 374 115 84 87 70 414 77 0 0 0 312 0 268 272 264 598 275 
582 473 836 929 588 181 71 455 534 214 357 233 655 691 353 109 28 410 470 137 222 173 561 619 247 
585 586 605 638 586 0 0 0 0 0 0 0 0 0 0 0 0 0 0 0 0 0 0 0 0 
0 453 0 0 185 0 436 1 0 176 247 789 274 269 446 0 467 0 0 185 14 497 23 22 214 
0 0 0 0 0 0 0 0 0 0 1150 1166 1114 1149 1199 0 0 0 0 0 0 0 0 0 0 
118 83 899 310 90 446 358 1183 584 396 9 46 748 183 7 650 606 1460 745 578 197 152 955 328 106 
116 0 387 118 0 124 0 388 122 0 380 295 638 401 276 137 16 379 138 12 110 0 407 114 0 
263 64 200 286 655 821 667 767 823 1230 671 501 626 763 1043 301 144 210 291 659 283 141 267 378 703 
8 0 0 0 0 46 21 36 21 33 4 0 0 0 0 1095 1115 1138 1113 1050 4 0 0 0 0 
419 51 33 382 37 359 1 0 376 0 375 1 0 347 0 408 6 10 382 4 407 20 23 385 33 
302 783 796 293 440 59 570 564 63 202 15 520 527 23 169 168 635 633 190 310 110 554 617 89 257 
0 0 205 0 0 502 464 715 516 529 0 0 207 0 0 7 10 218 5 8 96 75 292 92 100 
0 220 218 363 1 0 232 226 340 1 35 234 267 419 36 0 216 219 352 2 0 216 237 361 3 
0 0 2 1330 0 7 8 14 1298 3 0 0 7 1344 0 4 6 16 1406 6 0 0 10 1346 0 
416 237 671 426 927 320 131 526 277 811 542 333 802 515 956 985 771 1230 951 1477 374 202 607 332 929 
8 125 3 27 5 0 89 0 19 0 0 108 0 20 0 9 108 4 27 4 984 1101 1001 995 970 
580 355 14 114 10 1013 772 389 486 347 745 513 107 170 83 770 492 127 220 124 585 368 34 107 31 
1286 1860 1151 1058 1150 370 882 177 111 149 586 1236 474 363 456 323 772 146 56 137 404 881 193 132 155 
