5077 4981 4582 5188 4356 5810 5835 5486 6051 5049 5590 5577 5111 5758 4964 4781 4864 4483 5087 4151 5443 5378 5054 5530 4548 
761 541 702 671 1198 332 99 266 171 727 463 236 406 224 863 604 274 481 387 981 2573 2261 2416 2403 3009 
488 497 503 491 656 0 0 6 0 115 147 134 158 162 249 4 12 31 17 130 0 0 12 0 152 
0 2157 0 0 0 0 2229 0 0 0 0 2097 0 0 0 0 2155 0 0 0 0 2050 0 0 0 
39 12 27 1078 21 10 0 32 1027 14 649 525 647 1598 604 148 118 105 1176 161 33 9 32 1017 26 
6 135 10 1 3 11 188 21 4 12 7 125 4 0 1 1081 1236 1074 1088 1047 295 483 274 277 312 
1439 8 0 4 0 1462 2 11 9 8 1439 37 33 35 25 1445 1 0 10 0 1437 3 0 4 0 
0 0 1956 18 35 0 0 1954 12 27 0 0 1873 5 25 0 0 1982 6 22 0 0 1909 7 27 
0 0 0 10 24 1789 1676 1733 1730 1777 0 0 0 15 31 0 0 0 8 34 0 0 0 11 36 
4 393 0 701 0 140 495 119 833 122 52 405 31 752 40 142 505 127 802 113 9 351 0 669 0 
378 22 219 0 0 415 14 200 0 0 456 21 248 15 8 395 12 237 4 2 543 182 365 139 154 
0 0 27 1 1216 3 8 46 14 1255 0 0 39 2 1196 0 1 40 3 1265 7 14 44 12 1222 
0 14 0 288 0 115 123 104 385 129 94 104 88 422 85 0 15 0 318 0 278 277 270 606 285 
569 470 869 926 546 154 55 496 502 118 335 218 664 670 285 99 27 432 421 92 175 113 548 547 160 
585 586 605 638 586 0 0 0 0 0 0 0 0 0 0 0 0 0 0 0 0 0 0 0 0 
0 477 1 0 233 0 494 0 0 276 190 773 246 231 486 0 532 0 0 263 16 558 27 28 309 
0 0 0 0 0 0 0 0 0 0 1210 1249 1172 1249 1271 0 0 0 0 0 0 0 0 0 0 
91 59 954 320 60 534 446 1265 740 472 8 34 811 227 11 652 592 1482 833 582 187 154 984 402 101 
120 0 383 107 0 127 0 376 114 0 375 283 609 356 252 152 18 363 121 13 111 0 396 101 0 
216 55 172 220 621 710 586 708 691 1187 549 469 547 647 946 236 122 205 228 630 206 124 243 299 657 
17 0 0 0 0 51 13 23 12 25 23 0 0 0 0 1110 1093 1125 1106 1034 16 0 0 0 0 
411 76 33 388 37 379 46 0 391 0 388 34 0 354 0 421 73 40 406 43 442 65 41 409 48 
279 763 827 301 419 64 536 556 70 152 2 464 540 2 113 158 598 637 167 265 52 482 613 53 134 
0 0 154 0 0 437 386 609 432 435 0 0 161 0 0 4 1 178 0 0 98 71 225 81 90 
0 198 201 290 1 0 221 213 285 1 35 222 256 369 36 0 204 211 304 2 0 211 223 310 3 
0 0 13 1442 0 7 9 29 1412 3 0 0 13 1434 0 4 6 30 1503 6 0 0 21 1455 0 
455 264 611 339 901 292 87 420 195 739 521 312 704 429 913 964 766 1134 852 1395 439 258 555 352 926 
8 114 3 27 5 0 77 0 19 0 0 97 0 19 0 7 121 7 26 4 975 1086 1013 988 967 
552 381 12 116 11 983 813 431 549 404 700 511 94 169 77 735 503 131 230 125 551 379 15 104 5 
1395 2012 1213 1151 1258 423 993 231 172 189 668 1369 531 417 521 335 837 143 76 162 415 961 196 150 185 
