5048 5014 4673 5234 4381 5835 5835 5551 6123 5101 5580 5590 5220 5782 4976 4816 4910 4563 5182 4194 5427 5406 5178 5491 4541 
767 500 661 634 1204 276 87 260 141 728 419 211 389 197 871 562 297 501 380 984 2595 2311 2408 2473 3076 
491 523 519 501 670 0 0 6 0 114 152 132 158 170 253 1 5 28 8 114 0 0 11 0 157 
0 2166 0 0 0 0 2220 0 0 0 0 2095 0 0 0 0 2149 0 0 0 0 2052 0 0 0 
38 17 34 1099 26 14 0 19 1085 9 655 530 655 1638 627 161 123 112 1187 154 30 8 20 1050 22 
4 128 6 0 2 5 184 20 11 14 7 116 4 0 1 1084 1247 1081 1084 1035 305 482 269 277 309 
1419 5 0 4 0 1401 2 7 6 7 1435 28 31 33 24 1412 2 0 4 0 1406 2 0 2 0 
0 0 1973 28 34 0 0 1982 28 27 0 0 1882 24 24 0 0 2011 21 21 0 0 1914 13 27 
0 0 0 11 25 1786 1687 1748 1744 1792 0 0 0 12 30 0 0 0 9 33 0 0 0 9 32 
2 383 0 642 0 110 462 92 759 102 25 403 32 695 32 131 479 105 762 102 6 336 0 629 0 
382 21 231 0 0 425 15 199 0 0 452 14 247 5 8 394 18 236 4 3 547 167 369 148 145 
0 19 45 1 1254 3 20 52 10 1282 0 17 59 3 1220 0 14 53 5 1290 7 28 55 10 1237 
0 14 0 288 0 115 123 104 385 129 94 104 88 422 85 0 15 0 318 0 278 277 270 606 285 
621 480 921 968 543 162 63 502 518 111 346 223 692 654 311 123 34 436 398 93 199 127 561 570 166 
585 586 605 638 586 0 0 0 0 0 0 0 0 0 0 0 0 0 0 0 0 0 0 0 0 
0 449 0 0 195 0 468 0 0 242 239 809 269 291 503 0 497 0 0 214 15 514 18 25 256 
0 0 0 0 0 0 0 0 0 0 1161 1201 1131 1198 1223 0 0 0 0 0 0 0 0 0 0 
95 50 967 319 52 540 427 1276 718 466 12 38 802 213 10 643 610 1491 842 600 188 165 1001 387 89 
127 0 402 108 0 132 0 377 96 0 386 280 628 355 258 157 16 383 118 13 120 0 412 96 0 
217 71 160 222 646 716 599 708 694 1199 568 524 583 680 1008 240 148 188 233 661 202 157 244 297 686 
19 0 0 0 0 60 10 26 12 27 22 0 0 0 0 1108 1100 1128 1109 1046 21 0 0 0 0 
404 76 33 389 37 360 46 0 392 0 364 34 0 356 0 417 73 40 407 43 415 65 41 410 48 
273 703 694 261 368 56 492 465 69 138 1 391 414 0 80 124 497 518 128 229 31 430 482 45 133 
0 0 151 0 0 431 390 598 434 441 0 0 160 0 0 5 0 171 0 0 90 70 221 86 90 
0 198 200 340 0 0 222 214 322 0 35 222 256 405 36 0 203 212 340 0 0 211 223 346 3 
0 0 11 1399 0 7 8 29 1383 4 0 0 13 1397 0 4 6 21 1464 6 0 0 19 1418 0 
394 235 568 316 886 288 86 416 146 703 525 310 665 430 860 953 760 1124 873 1382 397 205 528 320 868 
4 102 1 25 5 0 77 0 19 0 0 92 0 20 0 7 117 5 28 3 1006 1095 1024 1003 995 
591 369 12 102 12 1095 865 459 564 419 750 516 99 152 66 796 501 124 203 124 607 389 14 99 8 
1409 2106 1210 1187 1261 431 1043 225 161 181 673 1416 509 429 496 339 865 147 72 178 409 973 194 144 183 
