5044 4917 4594 5138 4236 5748 5633 5429 5999 5012 5615 5585 5192 5829 4948 4762 4839 4521 5082 4130 5371 5279 5057 5464 4444 
784 573 672 693 1281 322 131 271 238 772 434 191 344 239 882 538 272 427 409 977 2630 2358 2501 2539 3134 
490 524 517 510 679 0 0 6 0 118 152 131 161 167 251 3 8 27 12 130 0 0 13 0 163 
0 2181 0 0 0 0 2243 0 0 0 0 2107 0 0 0 0 2163 0 0 0 0 2058 0 0 0 
35 11 23 1111 46 14 0 17 1082 31 658 546 617 1604 629 136 117 109 1186 165 34 7 19 1031 44 
3 151 11 0 0 50 220 47 62 59 7 129 8 0 1 1136 1249 1125 1138 1078 308 514 290 293 313 
1433 4 0 3 0 1420 1 2 5 0 1442 31 30 33 20 1432 1 0 2 0 1433 2 0 5 0 
0 0 1982 36 35 0 0 1974 23 28 0 0 1884 14 25 0 0 2001 14 22 0 0 1923 12 27 
0 0 0 10 24 1802 1704 1791 1763 1792 0 0 0 9 31 0 0 0 5 33 0 0 0 7 32 
1 384 0 628 0 107 479 74 742 97 21 409 28 689 33 117 482 95 728 94 12 351 0 609 0 
372 24 231 0 0 430 12 198 0 0 457 23 258 6 14 405 13 240 4 1 579 162 370 152 160 
0 17 39 1 1220 2 21 51 8 1237 0 16 62 0 1209 0 14 60 1 1279 9 19 55 5 1211 
0 14 0 288 0 115 123 104 385 129 94 104 88 422 85 0 15 0 318 0 278 277 270 606 285 
596 482 891 970 556 156 63 529 530 110 371 221 694 677 296 118 35 431 417 92 195 137 576 580 153 
585 586 605 638 586 0 0 0 0 0 0 0 0 0 0 0 0 0 0 0 0 0 0 0 0 
0 434 0 0 180 0 449 0 0 200 239 785 259 287 469 0 462 0 0 185 14 506 20 25 223 
0 0 0 0 0 0 0 0 0 0 1162 1184 1136 1189 1227 0 0 0 0 0 0 0 0 0 0 
89 53 1005 324 50 561 412 1296 698 466 13 43 831 212 11 666 604 1522 835 612 203 148 995 408 129 
122 0 403 101 0 121 0 381 98 0 380 281 634 359 257 153 17 378 128 14 106 0 408 98 0 
236 73 171 228 678 746 607 731 700 1216 607 519 625 693 1053 268 133 194 226 692 216 142 244 290 710 
16 0 0 0 0 47 8 18 11 26 18 0 0 0 0 1103 1097 1129 1109 1040 11 0 0 0 0 
418 76 33 389 37 373 46 0 392 0 370 34 0 354 0 425 73 40 408 43 433 65 41 410 48 
285 750 752 276 420 53 557 519 63 186 1 477 473 0 135 138 604 567 143 259 28 499 534 32 173 
0 0 169 0 0 439 389 604 432 436 0 0 172 0 0 12 9 188 6 8 91 69 228 76 90 
0 203 209 360 1 0 229 218 334 1 35 233 261 409 36 0 208 219 348 2 0 213 233 352 3 
0 0 13 1407 0 9 9 36 1394 3 0 0 11 1419 0 4 6 22 1497 6 0 0 17 1438 0 
400 213 574 284 846 264 72 358 134 704 472 275 640 397 854 929 742 1115 842 1377 370 191 464 271 845 
15 114 12 36 14 0 97 0 19 0 0 117 2 23 2 7 121 4 26 3 1022 1123 1039 1037 1005 
568 368 7 96 9 1097 842 439 523 426 742 498 96 145 73 805 507 123 215 119 602 390 14 88 7 
1398 2063 1164 1189 1289 372 1084 242 185 187 611 1357 480 385 461 320 895 141 80 161 356 960 165 126 157 
