3794 4225 3654 3800 2749 4018 4506 4028 3953 2936 3926 4380 3858 3970 2899 3787 4264 3767 3835 2796 3783 4273 3823 3830 2747 
803 260 482 357 634 570 46 236 118 333 1336 663 938 691 1061 794 158 403 265 515 2030 1350 1606 1605 1775 
394 392 426 348 588 0 0 6 0 135 152 129 163 134 290 20 23 46 20 167 0 0 14 0 154 
0 2238 0 0 0 0 2298 0 0 0 0 2154 0 0 0 0 2215 0 0 0 0 2128 0 0 0 
34 13 32 1090 26 13 0 23 1084 15 579 516 547 1578 543 142 122 108 1168 169 28 7 25 992 20 
0 0 6 0 0 0 4 0 1 0 0 0 2 0 0 690 695 673 660 683 199 193 201 202 216 
1555 12 0 7 0 1603 20 20 32 21 1590 32 28 32 23 1577 9 0 8 0 1587 4 0 11 0 
0 0 2070 22 36 0 0 2061 14 30 0 0 1981 6 24 0 0 2093 12 21 0 0 2018 13 29 
0 0 0 23 24 1805 1727 1788 1757 1765 0 1 0 24 31 0 0 0 24 30 0 0 0 19 32 
14 402 0 741 0 131 506 87 921 119 55 442 31 845 45 143 552 105 910 112 19 383 0 767 0 
253 21 261 0 0 258 11 249 0 0 238 10 255 8 1 223 8 258 0 0 262 35 256 10 10 
0 5 29 0 1237 1 12 34 3 1209 0 2 47 0 1225 0 5 39 1 1228 5 13 38 3 1193 
0 2 0 309 0 86 96 94 387 123 75 88 88 445 93 0 0 0 337 0 280 295 299 649 310 
395 339 653 610 335 52 29 375 330 35 261 209 594 479 180 38 11 362 295 25 75 53 404 325 38 
613 612 665 682 615 0 0 0 0 0 0 0 0 0 0 0 0 0 0 0 0 0 0 0 0 
0 459 0 0 167 0 466 0 0 178 241 800 272 279 435 0 504 0 0 189 15 524 22 24 227 
0 0 0 0 0 0 0 0 0 0 1127 1136 1094 1127 1182 0 0 0 0 0 0 0 0 0 0 
180 91 973 375 92 447 336 1258 650 357 110 59 842 267 23 627 531 1463 759 501 208 127 1017 347 99 
36 0 257 17 0 30 0 239 11 0 276 281 479 281 260 55 16 238 43 12 28 0 272 12 0 
244 135 252 95 498 626 530 663 447 872 608 538 656 505 829 203 125 219 61 437 197 124 255 76 488 
15 0 0 0 0 46 13 16 13 27 20 0 0 0 0 1105 1111 1141 1127 1045 17 0 0 0 0 
470 0 0 354 1 456 0 0 380 0 444 0 0 346 0 492 2 13 369 14 495 17 41 386 48 
312 844 823 314 511 74 585 583 81 256 22 509 544 3 226 234 682 712 229 382 130 629 658 103 336 
0 0 176 0 0 444 419 620 437 482 0 0 177 0 0 12 12 197 5 10 92 73 244 74 101 
0 259 240 389 2 0 281 227 347 1 37 272 273 453 43 0 250 226 354 3 0 261 245 382 5 
0 0 2 1382 0 7 8 12 1358 3 0 0 7 1386 0 4 6 12 1450 6 0 0 7 1388 0 
602 397 987 641 1262 562 306 885 576 1182 752 531 1187 811 1401 1104 866 1479 1131 1729 634 365 925 613 1220 
5 74 2 23 4 0 48 0 19 0 0 69 0 18 0 8 77 4 27 3 1081 1173 1097 1093 1078 
553 363 14 131 8 1102 859 478 613 446 819 614 185 225 107 746 489 130 219 101 577 367 35 120 26 
1212 1808 1117 1015 1216 296 880 186 120 264 601 1225 508 407 575 288 774 129 60 246 342 839 174 102 265 
465 574 542 749 700 22 20 8 201 73 13 18 5 181 84 23 16 10 189 84 241 230 172 420 301 
210 183 190 234 505 65 104 120 72 418 6 23 65 22 351 309 359 387 370 761 1025 1100 1121 1130 1426 
699 231 215 1002 966 1479 989 985 1844 1891 584 281 160 1038 1071 519 209 148 905 956 883 579 478 1234 1201 
32 276 9 6 11 55 332 54 51 65 29 314 0 0 0 334 595 316 346 297 68 328 29 24 11 
