3803 4209 3559 3724 2652 4007 4405 3838 3852 2849 3922 4334 3721 3870 2841 3807 4190 3669 3743 2752 3809 4277 3714 3722 2658 
788 258 477 373 650 523 35 186 99 359 1315 670 938 699 1039 738 168 403 298 533 1989 1399 1604 1599 1812 
385 381 401 338 563 0 0 6 0 129 149 129 167 136 291 24 22 47 20 159 0 0 13 0 150 
0 2219 0 0 0 0 2296 0 0 0 0 2140 0 0 0 0 2212 0 0 0 0 2125 0 0 0 
38 20 21 1131 39 20 0 16 1138 18 644 557 630 1666 620 163 127 113 1230 165 43 8 19 1028 39 
0 0 3 0 0 0 4 0 1 0 0 0 2 0 0 693 696 679 660 684 197 189 193 195 216 
1455 4 0 3 0 1500 14 21 19 21 1505 19 14 18 12 1503 1 0 2 0 1496 1 0 3 0 
0 0 2004 25 31 0 0 2021 25 25 0 0 1893 15 20 0 0 2021 14 14 0 0 1971 12 23 
0 0 0 21 25 1775 1657 1729 1727 1740 0 0 0 26 30 0 0 0 23 29 0 0 0 19 32 
4 382 0 643 0 101 476 80 801 109 22 405 32 710 37 116 520 105 831 101 9 353 0 650 0 
298 19 297 0 0 275 11 302 0 0 302 12 289 5 1 234 10 292 0 0 312 30 298 14 10 
0 14 52 0 1217 1 16 57 1 1216 0 14 65 0 1235 0 8 61 1 1257 3 13 54 1 1188 
0 2 0 286 0 94 97 87 376 118 78 89 80 421 81 0 0 0 317 0 266 269 269 606 285 
393 339 677 628 321 59 22 398 361 57 289 216 622 511 210 43 8 389 306 40 87 75 461 378 76 
611 613 655 672 617 0 0 0 0 0 0 0 0 0 0 0 0 0 0 0 0 0 0 0 0 
0 435 0 0 179 0 448 0 0 184 235 755 266 279 431 0 481 0 0 177 16 484 23 24 210 
0 0 0 0 0 0 0 0 0 0 1145 1161 1120 1173 1209 0 0 0 0 0 0 0 0 0 0 
155 85 936 393 101 449 339 1209 661 367 64 60 798 272 19 637 539 1446 786 520 163 121 958 361 103 
16 0 308 37 0 12 0 257 12 0 251 268 543 288 258 31 0 283 39 2 5 0 311 25 0 
268 127 279 99 516 673 569 723 473 899 617 568 679 523 845 202 112 238 58 455 226 148 277 97 505 
55 0 0 0 0 102 19 32 19 31 64 0 0 0 0 1145 1115 1138 1124 1047 53 0 0 0 0 
411 0 0 348 1 394 0 0 377 0 390 0 0 347 0 430 1 14 362 12 444 21 41 387 48 
368 973 954 352 578 110 740 744 124 332 69 669 668 63 308 324 873 877 306 525 193 773 783 179 418 
0 0 179 0 0 444 419 620 437 482 0 0 177 0 0 9 11 191 5 9 94 77 252 81 101 
0 260 238 365 1 0 271 225 325 1 40 277 273 425 43 0 243 223 325 2 0 247 247 355 3 
0 0 10 1444 0 7 9 21 1422 3 0 0 12 1435 0 4 6 26 1518 6 0 0 11 1474 0 
511 256 875 543 1137 512 248 856 529 1088 729 467 1120 787 1318 1047 757 1369 1035 1600 595 278 870 600 1117 
20 130 8 34 10 0 70 0 22 0 0 95 1 20 3 9 118 4 27 3 1071 1161 1095 1080 1053 
679 448 70 190 37 1235 946 562 686 479 940 685 259 282 146 852 614 168 287 132 677 444 58 166 38 
1237 1872 1148 1084 1258 388 935 212 144 280 574 1241 456 402 565 286 755 103 56 221 361 839 160 125 258 
448 472 481 702 648 34 22 24 244 114 15 14 5 197 113 20 15 15 212 105 207 188 160 397 289 
235 216 218 221 551 61 105 107 66 429 4 14 63 4 337 345 398 403 353 801 1043 1098 1112 1076 1449 
679 244 219 1053 1043 1424 984 961 1833 1846 516 190 93 987 990 517 194 124 925 905 867 552 480 1253 1221 
33 237 8 7 12 48 274 41 46 60 22 247 0 0 0 298 492 277 316 266 75 300 42 47 54 
