3906 4439 3787 3876 2950 4239 4921 4259 4261 3272 3975 4723 3990 4086 3078 3869 4510 3883 3988 2952 3912 4509 3928 3886 2899 
614 216 393 272 539 464 32 200 31 340 1067 506 773 535 895 610 148 358 217 451 1769 1307 1447 1479 1668 
364 342 393 324 527 0 0 6 0 134 149 126 166 133 261 20 22 43 21 158 0 0 10 0 142 
0 2164 0 0 0 0 2255 0 0 0 0 2099 0 0 0 0 2164 0 0 0 0 2095 0 0 0 
32 13 33 1121 48 11 0 22 1061 30 604 537 609 1611 575 139 126 115 1177 172 29 7 22 996 44 
0 0 4 0 0 0 6 0 1 0 0 0 2 0 0 759 749 720 740 743 229 212 216 235 256 
1438 4 0 3 0 1469 10 17 17 17 1476 14 16 18 12 1459 1 0 3 0 1449 1 0 2 0 
0 0 2118 20 14 0 0 2106 23 18 0 0 1993 10 22 0 0 2115 14 8 0 0 2050 13 20 
0 0 0 22 18 1788 1699 1763 1733 1793 0 0 0 26 15 0 0 0 22 17 0 0 0 19 22 
41 453 0 696 0 154 526 86 822 114 160 520 109 826 125 125 537 52 788 65 58 396 0 711 0 
307 17 252 0 0 293 11 252 0 0 299 13 270 4 1 273 18 255 0 0 306 25 251 11 12 
0 4 37 0 1280 1 8 43 2 1260 0 0 55 0 1271 0 2 52 2 1311 7 11 47 5 1255 
0 2 0 286 0 98 101 91 378 123 81 85 83 421 83 0 0 0 317 0 271 271 270 604 285 
430 345 676 642 345 62 18 397 367 55 296 211 615 508 228 63 10 361 322 41 126 114 478 384 98 
628 613 647 674 619 0 0 0 0 0 0 0 0 0 0 0 0 0 0 0 0 0 0 0 0 
0 410 0 0 176 0 399 0 0 162 241 730 264 266 412 0 449 0 0 165 14 460 18 22 204 
0 0 0 0 0 0 0 0 0 0 1124 1145 1097 1140 1195 0 0 0 0 0 0 0 0 0 0 
137 60 927 396 79 515 369 1258 769 403 61 23 791 290 13 694 567 1526 880 571 240 186 1003 476 157 
23 0 267 9 0 18 0 223 9 0 252 273 487 257 253 43 6 234 30 12 11 0 268 12 0 
280 128 310 96 548 657 556 713 503 934 630 581 734 568 895 240 147 230 68 471 241 145 312 139 547 
9 0 0 0 0 47 20 32 18 29 5 0 0 0 0 1112 1128 1161 1142 1067 6 0 0 0 0 
486 0 0 335 1 476 1 0 378 0 467 0 0 343 0 511 1 3 354 5 515 20 39 390 40 
316 822 812 316 476 69 596 595 81 211 24 537 523 39 188 175 659 657 189 342 147 634 667 127 310 
0 0 183 1 0 493 481 686 504 541 0 0 183 2 0 9 12 188 4 9 111 89 278 97 104 
0 282 245 430 1 0 286 228 374 1 41 297 278 483 45 0 240 238 382 2 0 256 259 415 4 
0 0 5 1431 0 9 9 28 1404 4 0 0 9 1422 0 4 6 23 1498 6 0 0 11 1434 0 
476 245 777 509 1091 458 165 728 400 1018 679 399 986 670 1220 1058 754 1369 1025 1610 555 227 791 487 1112 
14 119 9 31 6 0 77 0 20 0 0 90 0 19 0 7 97 4 25 3 1086 1158 1104 1041 1049 
574 405 55 177 25 1068 828 446 568 390 802 526 142 227 97 738 459 98 209 88 580 366 30 143 17 
1234 1816 1131 1060 1165 384 870 207 147 204 589 1160 456 387 508 300 743 127 56 183 383 813 194 113 200 
391 432 435 608 570 24 14 6 175 71 15 1 0 148 66 20 11 15 169 74 200 181 153 333 250 
255 249 240 241 572 71 108 111 68 421 3 13 69 10 379 311 374 379 343 759 1042 1116 1098 1095 1402 
892 295 294 1131 1108 1317 708 739 1643 1601 839 322 249 1112 1148 568 88 88 834 894 948 490 483 1259 1224 
43 340 47 9 29 63 357 93 63 90 22 365 37 0 17 370 658 384 360 343 66 381 49 26 35 
