3843 4482 3808 3930 2994 4270 4957 4362 4351 3350 3941 4681 4008 4079 3118 3899 4558 3990 4123 3037 3911 4583 4027 3964 3020 
650 204 389 253 559 439 35 175 13 325 999 490 734 517 842 585 123 332 174 431 1740 1327 1459 1417 1617 
364 353 407 319 534 0 0 6 0 129 153 126 176 134 273 20 22 45 20 161 0 0 10 0 162 
0 2161 0 0 0 0 2240 0 0 0 0 2094 0 0 0 0 2167 0 0 0 0 2099 0 0 0 
38 13 24 1096 49 13 0 13 1040 30 669 545 618 1597 611 144 120 118 1157 172 28 7 25 1011 43 
0 0 4 0 0 0 7 0 1 0 0 0 2 0 0 735 743 719 704 721 231 214 217 238 253 
1444 11 0 4 0 1462 9 14 16 13 1477 26 26 27 20 1453 6 0 6 0 1478 4 0 7 0 
0 0 2102 21 9 0 0 2119 16 14 0 0 1985 6 13 0 0 2112 8 10 0 0 2070 11 8 
0 0 0 24 14 1792 1731 1770 1750 1789 0 0 0 27 13 0 0 0 22 11 0 0 0 19 20 
31 435 0 728 0 140 521 81 895 106 104 458 68 842 81 129 520 80 847 95 54 399 0 751 0 
271 16 242 0 0 268 11 221 0 0 261 15 237 7 1 261 16 236 0 0 284 27 234 10 10 
0 5 35 0 1228 1 6 42 5 1210 0 0 48 0 1240 0 5 42 1 1260 5 7 49 1 1201 
0 2 0 295 0 82 95 76 376 117 73 82 85 419 83 0 0 0 325 0 270 270 271 626 293 
445 358 698 677 353 111 36 388 388 43 306 230 630 544 226 93 28 375 344 51 176 119 488 417 94 
618 610 648 679 614 0 0 0 0 0 0 0 0 0 0 0 0 0 0 0 0 0 0 0 0 
0 426 0 0 169 0 399 0 0 166 235 734 270 269 415 0 469 0 0 163 14 471 19 23 208 
0 0 0 0 0 0 0 0 0 0 1118 1135 1083 1132 1176 0 0 0 0 0 0 0 0 0 0 
189 52 989 391 74 567 363 1339 763 399 105 29 834 277 19 708 531 1523 869 556 285 158 1024 454 139 
26 0 248 5 0 16 0 213 7 0 250 270 477 263 242 40 8 226 30 12 6 0 248 8 0 
278 116 308 106 559 682 574 749 502 977 668 604 749 587 929 246 120 242 63 485 235 140 311 144 563 
12 0 0 0 0 56 13 27 15 30 12 0 0 0 0 1113 1116 1140 1127 1047 7 0 0 0 0 
479 0 0 331 1 472 0 0 369 0 464 0 0 338 0 504 1 2 350 1 512 23 37 390 44 
289 773 770 300 454 64 569 561 69 210 13 506 519 29 200 165 619 624 172 314 132 574 647 120 281 
0 0 178 1 0 481 457 652 486 515 0 0 177 0 0 10 11 187 5 8 99 87 271 89 108 
0 276 246 430 1 0 293 237 388 1 40 296 289 489 45 0 260 244 390 2 0 253 261 421 4 
0 0 4 1361 0 7 8 19 1330 3 0 0 10 1368 0 4 6 19 1430 6 0 0 10 1365 0 
459 254 771 463 1051 383 143 664 329 970 641 383 933 633 1177 1031 790 1328 999 1588 474 211 718 430 1051 
15 125 4 37 3 0 77 0 19 0 0 90 0 19 0 8 99 4 27 3 1020 1108 1058 1031 1004 
578 431 35 153 18 1118 873 465 584 401 827 629 131 238 87 794 560 130 232 119 577 395 18 130 7 
1237 1808 1124 1076 1239 369 867 183 159 272 579 1157 456 378 543 284 728 110 67 238 384 816 163 122 280 
420 468 454 663 594 22 8 4 208 70 17 6 3 175 73 23 7 14 183 71 210 183 162 375 246 
252 233 234 235 560 58 108 124 72 429 3 13 65 6 362 308 370 376 349 766 1052 1127 1121 1077 1442 
912 303 313 1129 1085 1316 702 754 1611 1584 925 385 345 1161 1206 588 113 118 811 881 1066 531 509 1288 1235 
40 300 42 9 25 59 329 77 58 83 21 312 28 0 7 332 570 342 344 313 51 337 49 15 23 
