5913 5653 5197 5824 5162 7048 6741 6434 7004 6185 6683 6468 6069 6657 6037 6225 6085 5649 6261 5405 6356 6179 5816 6338 5502 
690 445 615 608 1110 300 103 231 156 670 493 279 389 272 824 658 401 516 438 1051 3075 2781 2896 2967 3529 
1791 2537 1693 1684 1894 272 930 164 140 305 654 1390 618 529 742 271 793 174 103 286 271 859 158 109 293 
0 2096 0 0 0 0 2154 0 0 0 0 2014 0 0 0 0 2097 0 0 0 0 2007 0 0 0 
32 14 35 1091 45 10 0 21 1034 29 545 498 558 1569 531 133 121 131 1193 172 26 10 30 1013 42 
4 138 16 1 5 27 194 31 10 14 8 146 6 0 1 1045 1184 1039 1008 995 305 472 274 262 291 
1444 7 0 4 0 1478 16 18 26 22 1520 49 51 53 43 1467 3 0 6 0 1469 4 0 2 0 
0 0 2009 14 33 0 0 1996 13 27 0 0 1902 10 23 0 0 2029 10 21 0 1 1952 15 28 
0 0 0 21 25 1738 1650 1706 1667 1719 0 0 0 26 32 0 0 0 23 30 0 0 0 21 32 
15 411 0 734 1 111 516 92 912 115 69 444 57 812 68 114 527 76 857 68 26 379 0 734 0 
346 22 205 0 0 386 11 180 0 0 443 17 233 15 30 351 19 209 2 0 534 154 318 142 142 
0 5 39 0 1303 1 6 28 0 1230 0 0 54 0 1231 0 3 45 1 1396 2 6 34 1 1228 
0 14 0 288 0 115 123 104 385 129 94 104 88 422 85 0 15 0 318 0 278 277 270 606 285 
710 511 1044 985 752 244 68 588 483 292 408 219 746 633 447 250 88 604 478 312 273 197 695 596 376 
585 586 605 638 586 0 0 0 0 0 0 0 0 0 0 0 0 0 0 0 0 0 0 0 0 
0 428 0 0 211 0 459 0 0 250 306 874 369 356 536 0 466 0 0 214 17 553 26 24 270 
128 0 0 0 0 272 144 135 148 130 178 20 18 20 15 216 47 46 52 41 130 0 0 0 0 
0 0 0 0 0 0 0 0 0 0 1109 1138 1095 1127 1194 0 0 0 0 0 0 0 0 0 0 
65 18 920 223 57 440 374 1277 636 517 28 19 791 141 15 604 554 1487 743 587 82 52 909 200 73 
120 0 388 100 0 126 0 387 94 0 365 277 614 338 248 153 18 377 108 12 114 0 396 85 0 
183 39 72 144 406 636 522 554 609 896 428 309 357 483 669 131 12 49 94 392 159 36 109 140 401 
55 0 0 0 0 101 9 8 7 12 64 0 0 0 0 1107 1067 1082 1068 1007 52 0 0 0 0 
479 122 33 418 37 463 119 16 437 24 451 120 0 379 0 513 126 40 448 43 503 123 41 443 48 
0 112 0 0 0 0 108 0 0 0 0 106 0 0 0 0 96 0 0 0 513 572 519 508 466 
330 861 886 312 559 107 612 620 96 278 44 606 613 35 218 235 756 769 262 482 34 535 607 36 257 
0 0 122 0 0 366 342 516 361 388 0 0 132 0 0 0 0 138 0 0 82 65 199 68 90 
0 196 195 230 1 0 221 202 231 1 11 199 218 282 13 0 202 198 232 2 0 208 205 232 3 
0 0 3 1397 0 7 9 27 1371 3 0 0 8 1402 0 4 6 20 1474 6 0 0 22 1412 0 
