3839 4243 3687 3812 2732 4060 4473 3992 3959 2894 4027 4400 3834 3997 2853 3857 4292 3771 3892 2806 3873 4345 3805 3816 2693 
721 252 456 297 573 510 27 197 52 334 1227 645 931 678 1064 683 127 365 198 470 1909 1331 1602 1552 1729 
392 399 420 351 612 0 0 8 0 148 151 129 171 134 302 21 23 44 21 172 0 0 10 0 154 
0 2241 0 0 0 0 2308 0 0 0 0 2149 0 0 0 0 2221 0 0 0 0 2133 0 0 0 
36 14 27 1100 40 12 0 19 1069 15 595 519 564 1564 537 145 124 105 1190 169 26 8 21 986 23 
0 0 3 0 0 0 7 0 1 0 0 0 2 0 0 695 698 676 661 682 203 188 198 203 220 
1564 10 0 5 0 1609 24 26 27 27 1609 26 29 26 24 1601 4 0 7 0 1628 5 0 8 0 
0 0 2002 25 19 0 0 2036 24 26 0 0 1892 9 21 0 0 2041 13 13 0 0 1973 14 23 
0 0 0 22 24 1781 1699 1766 1729 1744 0 0 0 24 31 0 0 0 23 31 0 0 0 19 34 
10 401 0 724 0 132 516 83 901 100 30 417 32 812 35 130 527 95 880 96 11 383 0 745 0 
256 20 276 0 0 249 12 262 0 0 247 12 260 4 1 229 10 272 0 0 274 26 250 10 11 
0 3 29 0 1199 1 10 35 0 1207 0 0 46 0 1219 0 3 36 1 1228 2 7 38 1 1176 
0 2 0 305 0 84 92 90 397 133 78 93 87 464 88 0 0 0 340 0 288 293 293 649 322 
417 341 674 626 356 61 26 377 351 30 266 200 594 461 195 51 8 361 288 29 108 84 419 345 57 
614 611 656 674 621 0 0 0 0 0 0 0 0 0 0 0 0 0 0 0 0 0 0 0 0 
0 433 0 0 174 0 469 0 0 182 248 794 266 280 428 0 525 0 0 185 14 515 21 22 227 
0 0 0 0 0 0 0 0 0 0 1128 1156 1108 1139 1207 0 0 0 0 0 0 0 0 0 0 
163 81 983 389 87 455 341 1264 676 389 108 55 821 273 24 618 538 1497 776 513 228 128 1009 380 119 
23 0 321 30 0 29 0 266 14 0 269 272 548 282 257 47 16 291 43 12 9 0 312 23 0 
217 126 229 70 498 599 528 643 399 869 572 541 646 481 797 173 77 178 28 427 157 125 238 48 466 
18 0 0 0 0 79 29 47 35 52 14 0 0 0 0 1098 1113 1141 1114 1040 12 0 0 0 0 
455 0 0 350 1 428 0 0 381 0 426 0 0 346 0 475 1 13 370 14 478 18 41 390 48 
325 887 852 312 504 79 634 643 82 276 10 562 580 4 227 259 752 756 239 420 143 666 695 113 345 
0 0 179 0 0 444 416 620 437 482 0 0 177 0 0 7 9 194 4 11 88 78 247 73 97 
0 261 248 401 1 0 275 235 353 1 39 277 285 445 39 0 238 234 357 2 0 258 260 376 3 
0 0 1 1360 0 7 8 12 1339 3 0 0 6 1385 0 4 6 10 1441 6 0 0 3 1379 0 
626 347 968 652 1252 559 297 905 576 1184 803 538 1199 864 1409 1140 858 1514 1152 1746 658 336 973 668 1268 
6 64 3 21 2 0 34 0 21 0 0 66 0 21 0 7 82 4 29 3 1051 1156 1106 1092 1070 
594 434 62 161 35 1091 871 487 611 431 835 630 240 254 137 779 561 153 254 133 558 405 21 144 13 
1227 1779 1079 1006 1193 351 885 189 107 255 601 1248 495 402 578 313 773 132 52 241 393 848 178 118 282 
492 569 550 757 743 20 17 11 214 109 12 20 7 189 94 23 14 10 209 115 231 246 183 426 304 
207 190 195 206 486 60 102 119 78 394 4 17 60 10 340 305 358 377 333 737 985 1065 1072 1055 1354 
656 246 169 1053 1024 1496 1030 960 1933 1892 572 260 106 1013 1095 511 194 113 925 942 898 513 463 1253 1269 
32 261 8 7 11 52 301 43 54 59 30 270 0 0 0 306 534 295 339 279 76 310 45 46 49 
