4911 4927 4411 4928 4060 5667 5734 5346 5780 4886 5417 5480 4987 5495 4703 4586 4759 4301 4803 3848 5162 5299 4849 5221 4271 
914 657 769 816 1430 402 130 269 218 800 530 297 455 356 1020 669 321 453 440 1113 2678 2271 2453 2539 3137 
408 423 452 402 546 0 0 6 0 107 147 126 155 142 232 20 22 40 22 137 0 0 11 0 136 
0 2168 0 0 0 0 2233 0 0 0 0 2108 0 0 0 0 2159 0 0 0 0 2050 0 0 0 
39 13 34 1016 49 11 0 21 971 30 605 500 553 1474 567 147 121 113 1110 173 35 7 24 954 52 
9 181 13 1 3 19 198 22 33 22 9 157 4 0 1 1072 1257 1094 1083 1019 297 481 278 267 283 
1378 13 0 14 1 1366 21 18 31 21 1427 50 54 64 46 1365 10 0 10 0 1375 5 0 14 0 
0 0 2082 15 36 0 0 2063 13 28 0 0 1954 5 23 0 0 2080 7 23 0 0 2003 6 28 
0 0 0 21 25 1771 1672 1740 1738 1745 0 0 0 27 31 0 0 0 23 29 0 0 0 20 34 
24 412 0 777 0 151 535 103 940 122 54 410 48 817 47 135 502 110 883 102 48 379 0 800 0 
429 22 250 0 0 453 16 234 0 0 496 24 262 16 18 436 31 250 5 4 606 164 385 133 148 
0 15 27 1 1223 1 12 35 6 1209 0 13 50 0 1203 0 7 37 1 1268 10 18 41 5 1198 
0 1 0 280 0 102 96 72 364 112 77 78 68 410 63 0 0 0 307 0 265 267 260 589 276 
498 392 728 840 471 130 57 433 491 123 351 239 656 673 297 92 24 388 413 95 206 164 519 571 204 
585 586 605 638 586 0 0 0 0 0 0 0 0 0 0 0 0 0 0 0 0 0 0 0 0 
0 433 0 0 184 0 455 0 0 201 239 774 250 280 452 0 476 0 0 194 17 508 18 23 247 
0 0 0 0 0 0 0 0 0 0 1173 1183 1136 1181 1236 0 0 0 0 0 0 0 0 0 0 
157 105 1001 396 73 560 456 1296 742 436 11 66 788 226 4 701 643 1551 892 591 265 213 1003 488 120 
46 0 303 102 0 25 0 274 87 0 315 284 575 373 265 47 2 283 101 6 30 0 317 86 0 
246 59 172 275 668 749 580 713 757 1205 633 470 592 743 1036 284 120 178 259 706 260 122 260 361 700 
38 0 0 0 0 68 8 12 10 18 47 0 0 0 0 1116 1083 1116 1096 1020 33 0 0 0 0 
406 46 33 386 37 367 2 0 379 0 355 1 0 351 0 419 39 34 400 37 403 19 29 404 34 
286 788 787 286 466 64 580 549 57 221 12 551 526 22 191 126 661 595 161 310 70 583 591 49 262 
0 0 190 0 0 537 469 715 522 554 0 0 189 4 0 13 9 208 7 10 107 85 279 90 111 
0 198 202 341 1 0 222 214 323 1 35 222 256 405 36 0 204 212 342 2 0 211 224 346 3 
0 0 2 1371 0 7 8 11 1371 3 0 0 5 1376 0 4 6 9 1461 6 0 0 4 1374 0 
585 326 808 531 1066 392 135 605 350 863 636 370 868 593 1034 1083 806 1336 1054 1547 450 224 711 444 988 
9 122 3 30 6 0 87 0 19 0 0 102 0 21 1 7 107 4 26 5 1021 1111 1031 997 991 
588 398 25 80 12 1028 809 411 489 378 726 523 77 118 54 814 526 131 205 133 598 397 15 43 2 
1334 1930 1180 1169 1244 378 916 173 129 151 606 1268 478 389 442 341 791 155 68 144 365 892 171 130 131 
