3747 4205 3607 3680 2701 4060 4543 4008 3924 2957 3918 4448 3810 3851 2925 3852 4312 3791 3832 2837 3816 4333 3804 3691 2723 
846 276 484 377 646 531 17 189 76 347 1215 603 866 654 969 727 147 360 258 502 1909 1369 1512 1601 1762 
387 399 420 341 594 0 0 7 0 136 153 129 176 132 301 20 22 42 20 187 0 0 11 0 158 
0 2238 0 0 0 0 2293 0 0 0 0 2143 0 0 0 0 2210 0 0 0 0 2122 0 0 0 
36 14 45 1125 37 17 0 28 1081 17 624 515 635 1659 628 145 126 136 1167 176 28 8 35 975 26 
0 0 3 0 0 0 5 0 1 0 0 0 2 0 0 695 697 680 661 685 203 189 202 200 215 
1471 2 0 3 0 1521 15 19 21 20 1501 13 18 15 12 1508 1 0 6 0 1525 1 0 3 0 
0 0 2006 23 19 0 0 2014 22 24 0 0 1887 9 21 0 0 2032 14 8 0 0 1975 9 24 
0 0 0 22 23 1788 1684 1739 1720 1737 0 0 0 25 31 0 0 0 25 31 0 0 0 19 32 
6 385 0 607 0 136 482 122 778 127 42 435 52 716 54 142 516 140 787 118 16 353 0 609 0 
319 18 291 0 0 303 12 318 0 0 313 12 290 4 1 281 12 310 0 0 337 28 325 13 12 
0 7 51 0 1232 0 6 56 1 1221 0 7 69 0 1245 0 5 62 1 1256 3 15 58 2 1219 
0 3 0 288 0 85 95 81 378 108 84 86 75 417 78 0 0 0 314 0 268 268 269 604 284 
384 344 679 645 345 54 20 392 380 54 289 202 617 515 211 23 9 366 304 42 105 86 458 397 80 
606 611 657 672 620 0 0 0 0 0 0 0 0 0 0 0 0 0 0 0 0 0 0 0 0 
0 416 0 0 177 0 436 0 0 181 243 752 273 280 439 0 463 0 0 173 14 479 18 26 217 
0 0 0 0 0 0 0 0 0 0 1136 1155 1089 1145 1193 0 0 0 0 0 0 0 0 0 0 
95 50 869 343 71 407 308 1130 603 326 39 36 742 258 17 557 512 1338 735 458 145 95 913 336 83 
26 0 315 27 0 23 0 260 10 0 271 281 539 278 253 46 13 273 44 12 19 0 291 30 0 
264 128 254 105 481 664 560 695 462 895 628 538 654 502 811 229 113 238 77 457 227 123 268 110 500 
57 0 0 0 0 93 17 33 13 31 64 0 0 0 0 1137 1115 1139 1115 1048 54 0 0 0 0 
407 0 0 342 1 390 0 0 378 0 394 0 0 347 0 424 2 17 370 12 437 23 41 391 48 
334 927 916 335 567 103 680 695 108 290 60 603 642 62 273 270 811 806 273 464 175 737 786 160 384 
0 0 179 0 0 458 431 633 454 492 0 0 177 0 0 7 10 190 4 9 92 86 256 79 108 
0 258 247 418 1 0 294 241 391 1 39 277 290 493 45 0 242 230 396 2 0 255 248 423 4 
0 0 6 1450 0 9 8 26 1415 3 0 0 10 1422 0 4 7 22 1507 6 0 0 15 1473 0 
557 329 890 638 1181 496 223 790 529 1081 728 505 1102 847 1315 1073 814 1389 1122 1634 583 298 855 628 1161 
18 118 4 29 5 0 75 0 19 0 0 113 1 19 2 7 125 4 25 3 1004 1120 1042 1027 982 
605 432 52 149 18 1108 893 490 626 449 859 630 210 253 124 804 561 160 259 120 618 440 48 157 37 
1271 1856 1143 1073 1252 384 913 199 138 284 582 1233 469 385 552 292 748 105 55 216 365 809 143 101 240 
460 515 512 709 684 37 18 18 242 102 12 15 5 197 106 21 14 8 223 104 229 196 160 417 297 
232 180 214 204 498 76 101 125 72 419 6 18 68 12 327 357 389 394 323 764 1094 1127 1141 1107 1470 
730 265 225 1103 1023 1458 1030 985 1930 1877 677 297 218 1064 1069 551 199 169 937 927 958 618 560 1319 1239 
32 239 8 8 11 47 272 42 48 57 24 250 0 0 0 305 491 277 325 271 77 292 42 47 51 
