3942 4534 3886 4026 3117 4248 4874 4269 4227 3361 3936 4570 3961 4079 3168 3889 4534 3913 4051 3082 3882 4497 3973 3930 3022 
808 271 410 272 541 583 42 185 24 315 1214 539 782 525 835 759 155 320 165 416 1980 1396 1545 1467 1688 
381 361 420 357 566 0 0 9 0 140 155 132 174 141 282 21 24 47 22 162 0 0 12 0 153 
0 2183 0 0 0 0 2254 0 0 0 0 2067 0 0 0 0 2161 0 0 0 0 2084 0 0 0 
34 13 29 1064 30 13 0 21 1019 12 659 572 611 1591 597 164 132 117 1181 174 35 8 24 1009 22 
0 0 4 0 0 0 4 0 1 0 0 0 2 0 0 732 730 717 675 722 201 194 205 196 214 
1404 6 0 4 0 1411 17 20 23 24 1394 19 20 23 13 1398 1 0 3 0 1442 3 0 9 0 
0 0 2069 17 33 0 0 2064 9 27 0 0 1919 6 25 0 0 2084 10 21 0 0 1995 5 29 
0 0 0 6 15 1851 1747 1807 1763 1824 0 0 0 11 21 0 0 0 5 15 0 0 0 7 21 
7 388 0 716 0 103 460 88 859 92 31 394 60 812 73 134 502 123 830 115 12 360 0 728 0 
295 18 249 0 0 273 12 235 0 0 313 15 245 7 1 276 14 259 0 0 307 26 257 12 10 
0 4 30 2 1260 1 18 35 5 1261 0 0 47 0 1258 0 2 35 1 1314 8 10 43 5 1255 
0 2 0 287 0 85 96 92 378 121 79 82 80 418 84 0 0 0 316 0 270 268 270 605 285 
457 408 745 760 413 115 37 428 421 65 316 231 610 567 226 87 31 379 362 51 155 112 470 432 103 
585 586 605 638 586 0 0 0 0 0 0 0 0 0 0 0 0 0 0 0 0 0 0 0 0 
0 427 0 0 176 0 405 0 0 176 245 741 268 271 428 0 456 0 0 170 14 486 19 22 203 
0 0 0 0 0 0 0 0 0 0 1123 1141 1093 1136 1196 0 0 0 0 0 0 0 0 0 0 
127 42 1004 384 49 512 366 1333 761 408 44 25 858 276 13 588 488 1473 825 487 235 133 1080 436 131 
19 0 247 52 0 17 0 208 52 0 273 281 506 318 264 38 3 215 66 11 8 0 245 51 0 
280 116 280 103 560 684 581 731 505 970 639 579 700 582 914 214 99 212 52 465 240 132 295 141 573 
26 0 0 0 0 65 8 23 11 26 29 0 0 0 0 1114 1116 1141 1115 1052 22 0 0 0 0 
489 0 0 361 1 473 2 0 380 0 466 1 0 347 0 491 2 6 368 0 499 22 27 378 32 
290 784 834 303 445 73 563 618 84 209 41 515 582 43 191 172 632 665 185 321 147 590 704 145 275 
0 0 179 0 0 444 419 620 437 482 0 0 177 0 0 10 11 189 5 11 90 72 251 80 103 
0 263 235 417 1 0 274 228 373 1 45 283 274 470 49 0 245 231 378 2 0 248 250 425 3 
0 0 0 1375 0 7 8 12 1352 3 0 0 8 1375 0 4 6 10 1445 6 0 0 3 1383 0 
518 321 807 509 1074 409 184 687 347 930 604 388 973 598 1168 1077 835 1391 1072 1604 512 265 740 463 1073 
9 112 3 28 3 0 76 0 19 0 0 119 0 20 0 7 102 4 26 3 925 1002 947 920 898 
579 428 33 130 15 1027 841 420 532 370 845 656 184 193 87 767 563 144 242 122 569 414 19 105 6 
1242 1837 1154 1035 1193 377 830 190 124 177 583 1193 465 368 463 319 747 147 59 162 369 857 197 119 170 
291 313 324 368 359 13 0 0 51 0 13 0 0 51 0 17 0 0 57 0 175 147 138 213 174 
250 221 238 234 545 59 93 115 46 390 3 11 64 2 349 313 371 394 322 728 1027 1114 1102 1040 1378 
819 265 269 1259 1189 1348 851 839 1962 1783 828 424 319 1331 1296 503 103 107 969 983 1090 660 602 1570 1469 
38 312 23 9 16 57 369 58 55 69 23 318 4 0 1 383 621 355 372 323 87 370 63 58 66 
