4886 4902 4425 4896 4088 5644 5673 5293 5665 4791 5423 5489 4947 5440 4652 4536 4762 4296 4756 3875 5137 5281 4822 5148 4261 
979 649 814 876 1413 396 138 262 196 864 568 284 465 370 1033 688 315 479 465 1132 2765 2339 2500 2572 3196 
383 417 425 366 548 0 0 6 0 107 146 126 155 138 232 20 22 40 24 137 0 0 11 0 133 
0 2153 0 0 0 0 2229 0 0 0 0 2090 0 0 0 0 2143 0 0 0 0 2060 0 0 0 
35 12 27 1044 52 13 0 15 1042 31 627 506 584 1542 596 138 118 106 1137 173 42 8 18 998 44 
31 185 18 7 10 35 213 17 29 23 21 185 3 0 1 1080 1285 1088 1053 1029 293 489 265 268 281 
1392 14 0 9 0 1387 16 17 32 15 1433 51 50 71 48 1365 9 0 13 0 1385 5 0 16 0 
0 0 2043 10 34 0 0 2051 5 27 0 2 1903 4 24 0 0 2039 5 21 0 0 1964 4 28 
0 0 0 25 27 1765 1660 1729 1707 1754 0 0 0 23 33 0 0 0 23 32 0 0 0 21 33 
24 401 0 743 0 131 537 93 884 101 44 424 37 789 53 126 494 86 852 94 32 375 0 742 0 
446 23 244 0 0 466 13 226 0 0 508 27 282 16 18 471 34 267 3 20 608 168 382 142 146 
0 7 30 1 1221 1 10 33 3 1222 0 1 47 0 1205 0 6 38 1 1274 7 17 41 5 1187 
0 0 0 279 0 90 93 77 374 109 75 87 70 407 64 0 0 0 312 0 267 265 258 597 275 
488 407 735 821 461 127 49 427 497 116 350 233 647 681 313 101 23 390 403 92 180 165 521 531 183 
585 586 605 638 586 0 0 0 0 0 0 0 0 0 0 0 0 0 0 0 0 0 0 0 0 
0 470 0 0 178 0 461 0 0 198 244 799 263 283 464 0 512 0 0 191 17 535 19 23 259 
0 0 0 0 0 0 0 0 0 0 1124 1170 1102 1141 1195 0 0 0 0 0 0 0 0 0 0 
149 100 1016 395 65 590 446 1316 765 447 10 68 815 226 5 705 647 1561 912 602 241 192 1038 487 135 
46 0 354 115 0 22 0 317 95 0 311 283 610 392 263 30 2 333 109 0 22 0 348 80 0 
245 71 184 269 701 766 630 739 798 1250 617 482 610 746 1056 272 128 202 257 711 258 141 270 379 712 
37 0 0 0 0 67 7 7 9 17 45 0 0 0 0 1117 1083 1116 1095 1019 33 0 0 0 0 
413 51 33 388 37 352 0 0 377 0 357 0 0 347 0 413 40 36 397 37 418 25 35 406 44 
292 774 759 281 433 61 547 539 52 194 8 510 510 19 171 159 604 594 170 296 66 532 576 66 234 
0 0 176 0 0 533 489 712 566 546 0 0 180 0 0 11 12 204 6 9 106 85 274 88 105 
0 198 202 341 1 0 222 214 323 1 35 222 256 405 36 0 204 212 342 2 0 211 224 346 3 
0 0 0 1367 0 7 8 10 1367 4 0 0 5 1367 0 4 6 7 1449 6 0 0 3 1383 0 
557 301 798 541 1040 390 139 608 351 841 617 350 852 593 1013 1091 802 1305 1060 1503 458 216 705 427 957 
14 124 8 30 12 0 87 0 20 0 0 114 2 22 2 7 124 5 26 3 1038 1124 1031 1015 1001 
564 408 15 100 15 1058 865 449 530 420 763 544 113 152 78 826 516 127 220 130 568 393 8 70 1 
1324 1962 1166 1174 1265 347 899 178 133 158 575 1249 478 387 447 317 795 147 89 134 360 844 163 140 138 
