3929 4404 3813 3916 2948 4131 4666 4150 4081 3088 4014 4579 3990 4025 3050 3902 4394 3893 3985 2932 3852 4428 3901 3824 2808 
820 267 505 368 649 548 30 270 88 402 1278 600 962 690 1006 732 156 455 243 529 2019 1387 1669 1623 1814 
395 389 421 341 591 0 0 7 0 133 155 130 173 132 301 21 22 42 20 164 0 0 14 0 136 
0 2225 0 0 0 0 2287 0 0 0 0 2129 0 0 0 0 2210 0 0 0 0 2139 0 0 0 
39 17 31 1095 54 14 0 15 1098 29 689 579 648 1641 643 160 123 100 1169 171 43 9 21 1016 44 
0 0 4 0 0 0 4 0 1 0 0 0 2 0 0 703 704 678 671 696 198 195 210 210 239 
1434 11 0 7 0 1473 20 18 25 22 1506 36 38 31 26 1453 4 0 6 0 1456 4 0 10 0 
0 0 2121 29 37 0 0 2135 24 29 0 0 1975 13 25 0 0 2162 21 24 0 0 2068 11 29 
0 0 0 22 25 1733 1663 1688 1693 1700 0 0 0 23 31 0 0 0 24 29 0 0 0 19 34 
23 406 0 695 0 124 501 79 860 94 34 416 27 751 44 92 519 72 847 72 38 373 0 699 0 
306 18 249 0 0 283 11 235 0 0 313 12 252 5 1 276 21 264 0 0 305 25 236 11 11 
0 15 35 1 1259 1 23 44 3 1266 0 15 56 0 1265 0 8 44 1 1295 7 11 55 5 1270 
0 4 0 290 0 88 88 74 384 118 72 96 80 429 77 0 0 0 319 0 285 277 276 625 290 
400 352 646 636 309 72 22 364 348 9 257 196 572 481 150 72 27 347 311 25 128 69 428 343 36 
622 611 654 668 617 0 0 0 0 0 0 0 0 0 0 0 0 0 0 0 0 0 0 0 0 
0 443 0 0 183 0 451 0 0 196 241 802 265 280 434 0 493 0 0 179 14 500 20 23 231 
0 0 0 0 0 0 0 0 0 0 1098 1123 1076 1131 1164 0 0 0 0 0 0 0 0 0 0 
101 38 921 407 66 505 359 1244 722 406 52 21 776 280 9 644 527 1457 824 558 235 197 1021 463 166 
20 0 281 18 0 18 0 215 9 0 244 278 505 279 253 39 3 229 32 12 7 0 267 14 0 
275 138 292 80 547 681 556 734 466 948 661 578 748 539 905 195 113 210 41 452 220 140 287 90 541 
17 0 0 0 0 102 38 64 48 64 19 0 0 0 0 1109 1115 1141 1127 1044 16 0 0 0 0 
492 0 0 345 1 474 0 0 373 0 467 0 0 348 0 506 3 13 366 11 519 19 41 387 48 
308 860 858 328 469 86 652 650 101 219 31 551 588 40 172 241 740 743 246 377 100 620 679 102 254 
0 0 134 0 0 444 419 592 437 482 0 0 140 0 0 10 10 159 0 6 95 77 212 75 97 
0 273 240 424 1 0 283 232 378 1 40 284 276 468 40 0 244 224 381 2 0 240 248 419 3 
0 0 0 1349 0 7 8 10 1324 3 0 0 6 1361 0 4 6 11 1419 6 0 0 5 1362 0 
440 255 784 459 1068 361 156 663 322 958 629 414 1016 681 1205 1055 820 1366 1058 1616 474 241 730 453 1094 
14 127 4 28 8 0 92 0 19 0 0 120 1 19 2 8 103 4 25 3 1080 1178 1075 1066 1054 
623 417 68 182 36 1126 904 547 630 458 795 563 171 230 111 772 513 138 231 103 585 394 46 142 33 
1168 1755 1072 1043 1138 326 781 181 116 166 542 1139 431 373 468 279 725 121 68 163 344 766 169 123 178 
406 479 489 656 593 16 15 9 183 52 13 16 5 131 66 22 13 13 145 64 210 210 166 358 250 
233 177 201 200 473 51 98 75 48 373 3 11 37 7 313 314 361 379 318 715 1022 1074 1082 1070 1373 
798 280 254 1124 1110 1533 1020 997 1990 1957 725 335 170 1173 1241 564 193 118 966 1000 973 587 513 1374 1295 
27 254 0 5 5 51 284 43 49 63 23 273 0 0 0 304 516 295 315 274 76 310 37 37 28 
