3846 4335 3773 3823 2939 4056 4597 4089 4005 3150 4010 4587 3965 3994 3122 3864 4382 3860 3933 2995 3927 4484 3945 3886 2920 
791 262 478 358 619 568 37 261 102 339 1206 580 854 645 952 742 148 402 259 483 1955 1342 1551 1563 1762 
374 359 400 340 524 0 0 7 0 127 149 130 176 140 257 20 22 44 21 142 0 0 11 0 148 
0 2216 0 0 0 0 2280 0 0 0 0 2127 0 0 0 0 2191 0 0 0 0 2125 0 0 0 
37 12 32 1114 31 13 0 20 1063 8 636 526 638 1663 640 135 119 110 1171 166 30 8 22 1002 14 
0 0 3 0 0 0 4 0 1 0 0 0 2 0 0 695 696 676 660 682 203 190 208 198 214 
1533 12 0 6 0 1597 23 19 26 20 1607 50 55 71 51 1557 6 0 5 0 1556 4 0 3 0 
0 0 2067 23 28 0 0 2085 19 22 0 0 1967 12 20 0 0 2077 15 10 0 0 2013 13 13 
0 0 0 21 27 1814 1703 1781 1756 1778 0 0 0 25 34 0 0 0 22 32 0 0 0 19 33 
10 399 0 610 0 117 524 110 785 118 31 426 37 668 44 133 513 113 776 104 8 368 0 592 0 
266 16 230 0 0 268 11 221 0 0 276 13 232 5 1 267 14 239 0 0 288 28 234 10 11 
0 6 37 0 1232 1 9 44 2 1238 0 0 55 0 1242 0 2 48 1 1293 5 7 53 3 1194 
0 2 0 287 0 88 92 81 375 115 73 82 77 417 79 0 0 0 316 0 266 268 269 605 285 
400 347 657 631 328 65 28 376 352 50 286 222 590 487 194 71 24 366 315 37 107 69 459 358 71 
616 611 661 668 619 0 0 0 0 0 0 0 0 0 0 0 0 0 0 0 0 0 0 0 0 
0 391 0 0 160 0 393 0 0 165 233 703 253 269 406 0 425 0 0 159 15 440 17 23 197 
0 0 0 0 0 0 0 0 0 0 1086 1117 1055 1090 1143 0 0 0 0 0 0 0 0 0 0 
171 76 918 368 70 489 318 1242 654 352 122 45 795 261 14 647 541 1486 747 486 218 123 1011 363 110 
16 0 291 31 0 16 0 225 18 0 247 272 515 279 244 27 0 247 38 1 6 0 282 24 0 
246 148 297 66 540 604 546 689 391 874 604 577 700 491 865 205 153 225 28 443 200 169 269 41 512 
34 0 0 0 0 63 10 17 12 21 46 0 0 0 0 1124 1114 1138 1116 1044 30 0 0 0 0 
412 0 0 345 1 384 0 0 372 0 380 0 0 344 0 418 5 16 374 14 435 18 41 385 48 
324 876 897 345 523 92 660 663 109 274 58 600 614 59 256 250 781 784 268 420 163 683 748 157 360 
0 0 179 0 0 466 441 643 452 488 0 0 177 0 0 7 11 205 5 11 91 77 240 81 103 
0 262 237 411 1 0 285 226 375 1 39 280 272 475 42 0 244 228 384 2 0 256 256 411 4 
0 0 3 1439 0 7 8 22 1427 4 0 0 8 1429 0 4 7 18 1504 6 0 0 11 1477 0 
523 266 784 543 1049 450 169 695 461 960 691 414 1019 740 1192 1061 797 1364 1092 1589 524 217 747 494 1037 
7 108 2 26 3 0 80 0 21 0 0 111 0 20 0 7 107 4 25 3 1029 1136 1059 1041 1002 
615 399 45 181 18 1154 902 502 657 454 873 660 216 277 137 767 527 149 249 101 621 411 37 157 18 
1270 1869 1149 1099 1251 358 902 205 133 210 569 1190 468 399 494 306 789 122 69 187 361 823 180 128 218 
376 435 441 593 552 28 14 7 188 62 17 9 1 140 71 28 10 4 169 74 201 178 143 348 244 
255 237 234 238 565 29 53 54 31 377 3 17 45 8 344 317 369 355 330 749 1036 1087 1083 1075 1429 
738 314 254 1143 1096 1471 1062 1003 1986 1972 635 295 200 1153 1158 497 180 113 958 987 946 653 545 1451 1360 
30 257 8 7 11 50 280 48 47 57 24 263 0 0 0 328 509 285 329 302 80 306 42 46 49 
