3844 4445 3847 3955 3088 4208 4832 4270 4207 3387 3946 4610 4059 4098 3228 3849 4527 3963 4048 3128 3944 4572 4050 3969 3108 
738 240 428 261 514 503 27 176 13 260 1092 485 692 473 733 682 107 326 130 365 1856 1308 1485 1465 1581 
395 377 429 370 576 0 0 10 0 134 154 128 175 144 283 21 22 49 20 159 0 0 12 0 158 
0 2188 0 0 0 0 2246 0 0 0 0 2084 0 0 0 0 2177 0 0 0 0 2077 0 0 0 
40 16 22 1089 51 15 0 11 1064 30 674 560 622 1656 617 165 124 106 1228 177 30 8 22 1034 48 
0 0 3 0 0 0 5 0 1 0 0 0 3 0 0 743 732 709 692 720 202 191 211 198 214 
1416 1 0 4 0 1433 16 19 21 23 1410 19 17 16 11 1425 1 0 1 0 1431 1 0 2 0 
0 0 1985 6 33 0 0 1985 4 27 0 0 1871 3 25 0 0 1997 6 21 0 0 1925 5 29 
0 0 0 7 19 1851 1726 1802 1756 1782 0 0 0 9 13 0 0 0 3 14 0 0 0 5 22 
7 390 0 714 0 107 467 85 848 96 36 388 43 762 55 138 486 121 815 114 8 356 0 719 0 
267 16 233 0 0 247 11 222 0 0 265 11 230 7 2 258 9 243 0 0 268 26 228 10 10 
0 2 30 1 1250 3 18 48 4 1271 0 0 51 1 1268 0 2 43 1 1298 7 9 39 6 1237 
0 2 0 287 0 90 99 85 372 117 82 90 83 418 76 0 0 0 315 0 269 271 267 605 284 
447 416 709 751 428 76 53 411 395 74 282 222 600 565 255 39 26 365 345 72 122 112 469 441 106 
585 586 605 638 586 0 0 0 0 0 0 0 0 0 0 0 0 0 0 0 0 0 0 0 0 
0 437 0 0 178 0 437 0 0 187 250 786 284 288 440 0 494 0 0 190 15 499 20 23 229 
0 0 0 0 0 0 0 0 0 0 1133 1145 1113 1131 1201 0 0 0 0 0 0 0 0 0 0 
156 40 1068 431 25 522 363 1412 740 415 103 20 905 288 12 599 485 1544 816 457 241 136 1119 444 111 
16 0 257 56 0 13 0 218 49 0 262 282 489 313 260 25 0 213 63 8 7 0 249 51 0 
283 131 335 125 559 677 543 732 509 937 639 541 713 546 879 248 116 247 84 483 252 134 325 157 554 
19 0 0 0 0 66 24 38 25 43 24 0 0 0 0 1116 1115 1141 1142 1051 22 0 0 0 0 
498 21 3 360 4 472 0 0 383 0 464 0 0 350 0 493 3 5 335 0 496 21 25 364 34 
307 839 879 321 501 70 611 640 86 246 27 565 595 38 226 182 686 712 197 367 148 628 738 136 322 
0 0 179 0 0 447 419 623 437 487 0 0 177 0 0 7 13 200 5 10 89 75 247 79 103 
0 262 246 458 1 0 280 237 424 1 42 282 288 517 47 0 243 248 422 2 0 245 266 449 3 
0 0 0 1321 0 7 8 10 1285 3 0 0 4 1325 0 4 6 9 1401 6 0 0 2 1334 0 
462 261 752 445 1063 368 150 625 304 868 557 346 891 573 1050 981 775 1321 987 1485 461 207 689 388 971 
5 105 3 23 3 0 77 0 20 0 0 119 0 18 0 7 97 4 26 3 906 1012 939 928 873 
623 461 18 169 9 1104 875 440 592 396 886 675 179 271 136 833 617 141 266 127 646 454 36 162 38 
1242 1805 1106 1017 1179 345 836 169 93 184 576 1174 457 368 509 321 741 133 59 169 417 826 194 119 210 
296 312 337 400 397 17 0 0 51 0 15 0 1 50 1 18 0 0 72 0 201 156 138 234 186 
253 244 239 219 563 64 107 111 59 403 4 12 67 11 359 331 375 383 347 772 1055 1146 1123 1072 1462 
958 318 347 1281 1148 1483 862 903 2022 1803 953 449 375 1322 1314 612 105 111 976 995 1124 655 606 1500 1400 
33 300 17 7 12 60 339 53 56 62 25 303 2 0 2 380 602 344 377 329 84 345 52 55 63 
