3846 4250 3670 3867 2813 4082 4498 4065 4037 3031 3955 4376 3828 4008 2956 3863 4277 3774 3890 2866 3802 4244 3769 3747 2712 
783 279 456 346 606 551 38 223 121 348 1273 616 851 620 965 699 159 377 255 477 1946 1371 1587 1614 1750 
392 394 406 337 575 0 0 6 0 140 149 129 168 133 297 21 22 43 20 156 0 0 14 0 150 
0 2253 0 0 0 0 2299 0 0 0 0 2146 0 0 1 0 2217 0 0 0 0 2124 0 0 0 
33 14 41 1082 29 14 0 20 1084 15 595 549 591 1564 561 164 137 119 1168 161 39 7 25 988 23 
0 0 4 0 0 0 5 0 1 0 0 0 2 0 0 704 709 699 671 686 201 188 207 202 222 
1501 13 0 10 0 1565 26 19 28 22 1551 19 18 22 10 1524 9 0 9 0 1579 6 0 12 0 
0 0 2065 7 34 0 0 2058 5 28 0 0 1944 2 24 0 0 2075 2 21 0 0 1998 0 30 
0 0 0 22 28 1793 1715 1788 1745 1763 0 0 0 25 33 0 0 0 22 32 0 0 0 19 32 
17 394 0 722 0 118 516 72 913 98 47 426 27 822 44 132 538 98 887 107 14 378 0 760 0 
322 19 312 0 0 291 11 300 0 0 287 11 276 7 2 298 19 314 0 0 325 29 290 10 10 
0 6 30 1 1231 1 17 34 2 1209 0 11 51 0 1225 0 5 42 2 1250 6 14 43 4 1193 
0 2 0 295 0 91 97 95 375 116 79 99 80 444 84 0 0 0 334 0 274 278 279 634 298 
390 329 653 637 329 80 36 383 348 34 275 207 592 479 195 66 23 372 316 33 104 69 404 324 53 
618 607 662 676 617 0 0 0 0 0 0 0 0 0 0 0 0 0 0 0 0 0 0 0 0 
0 432 0 0 158 0 449 0 0 172 241 775 254 273 423 0 477 0 0 175 16 502 20 23 216 
0 0 0 0 0 0 0 0 0 0 1133 1141 1096 1147 1200 0 0 0 0 0 0 0 0 0 0 
158 74 950 349 66 430 298 1186 608 348 92 44 820 257 8 604 466 1400 713 484 190 107 981 350 93 
15 0 231 18 0 12 0 205 14 0 261 275 465 288 258 17 7 210 47 12 7 0 232 23 0 
226 134 242 85 500 635 539 687 447 868 620 559 701 534 839 198 134 202 63 435 196 142 254 92 484 
20 0 0 0 0 46 9 10 9 22 23 0 0 0 0 1120 1113 1139 1123 1044 16 0 0 0 0 
462 0 0 347 1 455 0 0 378 0 440 0 0 345 0 491 1 17 371 12 487 18 41 397 48 
308 886 863 311 513 85 647 634 79 268 16 540 593 20 223 244 740 752 228 397 175 693 744 149 357 
0 0 178 0 0 444 418 620 437 482 0 0 177 0 0 9 13 191 5 11 91 78 242 77 95 
0 262 240 447 1 0 274 231 391 2 39 278 291 489 42 0 241 241 413 2 0 253 257 412 3 
0 0 1 1339 0 7 8 12 1319 3 0 0 6 1348 0 4 6 14 1406 6 0 0 9 1351 0 
606 395 985 646 1267 555 318 889 539 1172 772 545 1182 817 1407 1100 873 1493 1148 1735 648 370 928 646 1252 
9 75 2 24 3 0 55 0 21 0 0 96 0 20 0 8 90 4 26 4 1049 1156 1100 1075 1075 
586 376 23 140 10 1102 874 488 604 459 829 583 187 233 108 760 512 116 221 104 575 396 41 140 38 
1204 1826 1125 1047 1236 339 874 188 124 274 591 1242 513 432 585 295 757 126 60 258 347 832 185 113 288 
452 518 507 725 671 22 15 10 202 91 14 13 7 174 91 19 17 8 175 99 228 216 165 381 290 
220 180 216 239 518 67 104 125 94 419 4 15 70 17 345 306 370 380 355 756 1045 1144 1124 1141 1444 
688 240 205 991 971 1408 983 932 1840 1789 588 303 196 1041 1076 500 196 156 905 906 879 541 512 1244 1186 
34 257 10 6 10 55 308 55 55 63 27 298 0 0 0 331 558 316 344 293 62 314 25 26 14 
