3731 4214 3548 3650 2745 4058 4541 3958 3886 2962 3943 4452 3813 3836 2945 3843 4307 3759 3822 2831 3834 4365 3770 3709 2746 
826 297 496 384 650 537 20 187 76 346 1196 614 851 695 994 733 153 369 260 502 1942 1415 1538 1593 1791 
402 389 422 339 607 0 0 7 0 145 154 129 172 133 297 21 22 44 21 170 0 0 11 0 156 
0 2211 0 0 0 0 2301 0 0 0 0 2123 0 0 0 0 2213 0 0 0 0 2130 0 0 0 
34 15 40 1119 33 13 0 18 1065 16 610 527 637 1599 602 145 123 124 1180 164 29 7 22 989 29 
0 0 3 0 0 0 5 0 1 0 0 0 2 0 0 693 698 679 660 684 201 189 205 197 218 
1474 4 0 3 0 1530 16 19 25 23 1523 14 15 16 16 1510 1 0 2 0 1504 2 0 2 0 
0 0 2013 23 22 0 0 2019 18 19 0 0 1899 10 21 0 0 2026 15 14 0 0 1964 11 24 
0 0 0 21 23 1789 1704 1753 1728 1731 0 0 0 24 30 0 0 0 24 30 0 0 0 20 32 
6 390 0 601 0 125 480 117 799 125 40 422 44 718 52 144 502 133 796 119 19 342 0 628 0 
313 18 291 0 0 292 11 305 0 0 297 12 283 5 1 266 11 301 0 0 320 34 302 13 13 
0 7 46 0 1243 0 8 50 0 1230 0 9 62 0 1246 0 8 69 1 1269 1 9 56 2 1224 
0 3 0 285 0 84 98 86 374 119 74 87 80 418 78 0 0 0 315 0 264 269 269 603 284 
399 331 688 655 333 60 27 404 391 67 283 222 635 511 207 28 8 371 321 40 86 71 472 403 83 
605 606 656 673 622 0 0 0 0 0 0 0 0 0 0 0 0 0 0 0 0 0 0 0 0 
0 431 0 0 179 0 435 0 0 184 242 752 267 284 439 0 465 0 0 178 14 482 20 24 221 
0 0 0 0 0 0 0 0 0 0 1124 1150 1100 1143 1178 0 0 0 0 0 0 0 0 0 0 
108 74 917 374 77 431 335 1182 644 348 39 46 773 263 19 610 515 1414 752 480 156 101 991 337 86 
21 0 307 22 0 17 0 263 19 0 280 268 536 298 255 39 5 263 43 6 7 0 288 30 0 
266 123 253 104 494 665 536 699 467 878 632 550 649 514 806 207 99 209 55 446 229 127 276 90 475 
56 0 0 0 0 99 16 30 17 32 64 0 0 0 0 1140 1116 1139 1114 1043 52 0 0 0 0 
415 0 0 344 1 381 0 0 374 0 377 0 0 346 0 414 1 16 378 15 433 20 41 385 48 
320 886 902 329 548 100 663 676 110 275 59 589 624 60 274 255 798 788 262 424 169 697 745 156 364 
0 0 179 0 0 465 438 641 462 505 0 0 177 0 0 9 9 191 5 9 93 85 255 81 101 
0 263 240 417 1 0 287 229 389 1 39 277 281 496 47 0 241 243 392 3 0 255 258 410 3 
0 0 10 1450 0 7 8 25 1411 3 0 0 11 1438 0 4 6 22 1513 6 0 0 14 1463 0 
565 306 882 597 1151 504 210 799 524 1092 729 452 1107 823 1310 1099 818 1413 1122 1666 599 270 855 638 1186 
17 123 5 31 8 0 70 0 19 0 0 115 1 21 2 8 113 4 25 3 1012 1103 1039 1032 995 
614 435 38 170 20 1116 890 492 613 440 850 619 190 249 132 807 571 151 249 120 637 439 55 160 44 
1290 1908 1180 1091 1305 373 933 212 155 285 604 1265 484 397 565 285 772 109 54 214 372 854 149 112 241 
446 488 502 715 644 30 21 17 238 104 16 14 5 184 110 23 13 9 190 104 219 200 167 417 288 
213 186 214 225 487 61 100 116 61 389 4 18 64 6 314 318 397 381 337 767 1080 1149 1121 1101 1421 
739 263 236 1086 984 1461 997 989 1905 1849 699 319 224 1074 1062 567 211 167 946 928 952 556 550 1302 1228 
30 244 9 8 10 50 281 42 49 68 23 251 0 0 0 309 490 284 325 287 77 299 43 46 55 
