5952 5615 5227 5814 5206 7106 6702 6459 6995 6230 6730 6492 6152 6669 5997 6262 6015 5680 6242 5466 6368 6122 5828 6359 5526 
787 510 639 678 1138 327 111 278 148 673 498 277 424 309 875 678 432 532 469 1041 3174 2810 3006 2939 3564 
1780 2513 1702 1639 1904 278 945 179 148 300 662 1387 611 534 729 271 823 175 105 279 279 892 156 123 264 
0 2189 0 0 0 0 2248 0 0 0 0 2133 0 0 0 0 2184 0 0 0 0 2074 0 0 0 
39 14 30 1064 47 11 0 17 1026 29 615 507 572 1544 588 156 142 122 1201 192 35 7 25 990 42 
9 146 19 1 5 28 189 15 15 12 10 146 6 0 1 1051 1214 1048 1032 1015 300 490 266 263 301 
1460 10 0 8 0 1460 14 18 36 20 1532 48 50 69 42 1457 3 0 6 0 1462 4 0 6 0 
0 0 2072 18 34 0 0 2055 18 27 0 0 1966 8 25 0 0 2085 15 23 0 0 1986 12 29 
0 0 0 24 25 1844 1809 1824 1832 1872 0 0 0 26 32 0 0 0 25 33 0 0 0 19 35 
6 398 0 701 0 93 477 63 863 69 40 413 29 763 35 79 459 19 780 20 8 368 0 726 0 
335 19 184 0 0 369 14 168 0 0 410 14 213 5 6 352 14 197 1 0 511 161 315 131 134 
0 5 36 0 1299 1 7 33 2 1267 0 4 46 0 1241 0 7 51 1 1396 4 8 37 1 1227 
0 14 0 288 0 115 123 104 385 129 94 104 88 422 85 0 15 0 318 0 278 277 270 606 285 
635 456 971 932 742 193 58 516 457 283 319 132 635 580 399 193 54 519 445 291 223 137 568 562 348 
585 586 605 638 586 0 0 0 0 0 0 0 0 0 0 0 0 0 0 0 0 0 0 0 0 
0 464 0 0 248 0 500 0 0 282 323 915 348 371 594 0 503 0 0 230 15 615 26 28 344 
123 0 0 0 0 282 145 135 148 132 176 20 18 20 15 218 47 46 52 41 135 0 0 0 0 
0 0 0 0 0 0 0 0 0 0 1095 1126 1068 1122 1181 0 0 0 0 0 0 0 0 0 0 
31 26 898 239 17 389 287 1155 541 390 2 19 754 141 2 610 546 1433 716 557 59 51 863 208 39 
129 0 414 102 0 128 0 421 99 0 407 333 690 382 279 167 17 426 115 13 119 0 457 89 0 
185 40 65 133 375 591 477 504 543 801 413 295 342 422 619 111 9 49 78 334 145 38 96 117 353 
55 0 0 0 0 92 13 10 13 17 64 0 0 0 0 1128 1095 1134 1109 1043 52 0 0 0 0 
469 122 33 414 37 458 119 16 429 24 449 120 0 373 0 516 126 40 448 43 505 123 41 443 48 
0 32 0 0 0 0 19 0 0 0 0 20 0 0 0 0 25 0 0 0 513 517 519 508 466 
310 858 841 324 523 105 601 610 103 280 40 578 575 43 234 223 743 742 251 493 33 501 580 34 258 
0 0 136 0 0 371 343 522 359 395 0 0 139 0 0 1 3 150 0 4 83 64 202 69 90 
0 198 202 266 1 0 222 212 248 1 22 213 250 317 23 0 204 210 251 2 0 211 222 244 3 
0 0 3 1433 0 7 8 21 1412 3 0 0 10 1441 0 4 6 20 1519 6 0 0 13 1477 0 
