3821 4477 3830 3940 3059 4157 4832 4291 4135 3312 3973 4633 4069 4094 3191 3850 4556 4009 4059 3109 3936 4531 4061 3949 3091 
752 261 422 258 522 497 9 152 11 259 1021 429 679 450 725 667 97 300 104 345 1799 1280 1416 1350 1533 
393 380 454 385 605 0 0 9 0 136 157 137 189 154 296 22 24 45 22 164 0 0 18 0 160 
0 2140 0 0 0 0 2224 0 0 0 0 2069 0 0 0 0 2141 0 0 0 0 2052 0 0 0 
45 16 24 1114 53 14 0 12 1085 31 718 603 645 1656 649 166 138 109 1226 192 45 9 16 1046 45 
0 0 4 0 0 0 7 0 1 0 0 0 2 0 0 722 724 702 679 711 204 193 218 193 216 
1453 12 0 5 0 1470 17 20 28 22 1466 18 12 16 11 1474 4 0 5 0 1484 6 0 8 0 
0 0 2015 4 35 0 0 2008 4 28 0 0 1885 2 25 0 0 2022 6 21 0 0 1941 1 27 
0 0 0 24 12 1842 1736 1795 1750 1764 0 0 0 27 15 0 0 0 23 13 0 0 0 21 18 
12 413 0 718 0 131 487 76 864 83 29 412 30 795 42 146 507 113 830 112 36 367 0 731 0 
255 16 229 0 0 254 11 226 0 0 253 14 229 4 3 256 13 240 0 0 267 26 227 10 10 
0 0 26 1 1245 1 13 39 4 1256 0 0 47 0 1263 0 4 36 1 1289 6 5 44 1 1243 
0 2 0 284 0 106 114 89 380 126 87 96 78 416 79 0 0 0 312 0 274 276 262 602 282 
428 410 735 794 430 86 42 407 400 86 309 239 609 580 277 54 16 371 344 79 159 146 500 491 167 
585 586 605 638 586 0 0 0 0 0 0 0 0 0 0 0 0 0 0 0 0 0 0 0 0 
0 423 0 0 183 0 432 0 0 196 242 775 277 285 444 0 487 0 0 179 14 518 22 26 216 
0 0 0 0 0 0 0 0 0 0 1145 1148 1117 1134 1206 0 0 0 0 0 0 0 0 0 0 
163 29 1032 420 31 569 384 1412 848 426 110 19 925 321 13 645 506 1566 859 497 248 137 1142 479 122 
12 0 252 58 0 14 0 219 48 0 273 277 490 315 264 26 0 222 70 0 8 0 254 50 0 
272 119 311 94 534 644 557 738 481 911 631 555 710 530 894 225 102 231 53 454 252 136 327 119 554 
19 0 0 0 0 61 23 36 21 40 22 0 0 0 0 1106 1112 1141 1118 1052 20 0 0 0 0 
488 42 33 389 37 441 0 0 390 0 440 0 0 355 0 461 9 6 369 0 468 18 24 387 38 
320 878 884 322 500 75 634 630 85 247 29 568 602 29 212 206 707 726 206 391 137 642 715 143 315 
0 0 178 0 0 458 426 644 446 509 0 0 177 0 0 9 11 206 5 11 87 73 236 85 101 
0 246 239 436 1 0 269 232 396 1 37 273 283 485 43 0 230 235 393 3 0 236 262 437 4 
0 0 0 1322 0 7 8 9 1295 3 0 0 3 1342 0 4 6 8 1392 6 0 0 0 1336 0 
439 255 739 388 967 336 119 618 300 858 553 329 867 550 1023 1004 774 1318 978 1500 385 179 657 349 929 
4 117 2 24 3 0 80 0 20 0 0 105 0 19 0 7 100 4 25 3 903 994 935 914 872 
627 451 37 168 16 1041 850 439 543 402 817 659 179 250 122 821 573 140 253 136 589 437 42 149 40 
1252 1803 1097 992 1174 354 820 130 85 187 575 1190 417 341 457 309 755 114 54 171 399 824 176 112 187 
298 304 308 374 364 17 0 0 41 0 12 2 1 48 3 17 0 0 61 0 195 165 144 219 191 
250 249 240 223 591 57 128 118 48 424 3 13 68 3 369 329 399 391 349 830 1101 1212 1151 1120 1509 
970 316 370 1335 1226 1558 888 932 2063 1869 975 442 395 1360 1373 596 113 97 1021 971 1196 663 628 1570 1436 
32 270 11 6 13 58 321 54 48 60 24 291 1 0 3 355 578 326 362 283 89 345 58 56 50 
