5086 4993 4617 5128 4247 5784 5787 5480 5988 4986 5654 5637 5213 5769 4917 4848 4916 4519 5072 4115 5416 5374 5046 5372 4459 
834 572 755 737 1331 345 99 256 200 824 485 252 427 273 1000 594 308 511 487 1080 2641 2362 2478 2599 3177 
471 487 478 470 637 0 0 6 0 116 148 131 157 158 248 11 19 36 21 144 0 0 11 0 139 
0 2165 0 0 0 0 2228 0 0 1 0 2090 0 0 0 0 2155 0 0 0 0 2058 0 0 0 
36 14 40 1049 34 11 0 29 996 17 612 498 579 1501 567 143 127 126 1116 169 27 7 32 977 30 
7 151 16 1 9 20 191 17 8 19 8 142 5 0 2 1066 1246 1024 1094 1019 288 494 276 270 305 
1468 9 0 5 0 1479 5 8 14 12 1497 36 36 39 28 1456 3 0 7 0 1472 3 0 8 0 
0 0 1940 15 33 0 0 1954 12 27 0 0 1854 8 23 0 0 1963 13 21 0 0 1908 8 27 
0 0 0 11 25 1757 1660 1719 1713 1751 0 0 0 14 33 0 0 0 8 30 0 0 0 15 33 
13 405 0 669 0 139 513 119 841 124 40 425 37 765 48 136 495 126 803 121 17 349 0 683 0 
376 20 236 0 0 415 14 193 0 0 462 16 258 12 11 394 11 242 3 1 542 175 362 137 143 
0 1 32 0 1214 0 4 27 2 1208 0 0 47 0 1194 0 2 39 1 1264 2 4 37 1 1182 
0 14 0 288 0 115 123 104 385 129 94 104 88 422 85 0 15 0 318 0 278 277 270 606 285 
537 442 796 919 503 143 60 495 522 128 342 227 664 681 289 96 21 407 424 96 180 137 557 567 176 
585 586 605 638 586 0 0 0 0 0 0 0 0 0 0 0 0 0 0 0 0 0 0 0 0 
0 466 0 0 221 0 482 0 0 265 177 768 228 205 484 0 513 0 0 236 16 559 21 26 286 
0 0 0 0 0 0 0 0 0 0 1197 1231 1170 1248 1257 0 0 0 0 0 0 0 0 0 0 
75 25 947 334 68 517 448 1251 726 481 5 28 771 223 4 625 592 1437 790 575 161 165 948 391 107 
118 0 376 109 0 120 0 365 104 0 361 279 612 359 258 145 16 367 122 12 110 0 375 100 0 
219 61 186 224 640 702 579 699 688 1156 539 442 574 658 944 252 135 227 241 653 217 122 259 310 671 
18 0 0 0 0 60 14 28 14 28 26 0 0 0 0 1106 1087 1120 1098 1020 18 0 0 0 0 
405 76 33 389 37 373 46 0 391 0 377 34 0 352 0 416 73 40 408 43 429 65 41 410 48 
282 739 788 287 409 63 519 576 72 137 1 436 522 1 91 149 562 657 163 252 48 429 583 44 137 
0 0 163 0 0 473 438 646 497 487 0 0 167 0 0 9 10 191 5 9 121 91 256 95 102 
0 198 201 268 1 0 221 214 258 1 35 222 256 327 36 0 204 210 265 2 0 211 223 264 3 
0 0 17 1478 0 7 9 24 1433 3 0 0 11 1475 0 4 6 27 1545 6 0 0 20 1491 0 
437 286 655 358 925 283 94 444 180 721 503 315 705 428 885 926 728 1126 813 1357 383 218 540 298 854 
8 118 5 31 6 0 77 0 21 0 0 92 0 22 1 8 111 5 27 3 1004 1094 1042 1014 990 
572 420 17 163 21 1030 834 456 582 432 704 534 108 198 104 763 535 134 252 122 527 381 23 119 18 
1343 1967 1174 1145 1240 412 986 225 173 183 634 1357 497 423 493 330 796 144 83 172 404 895 168 149 184 
