5047 4946 4674 5185 4294 5812 5786 5494 6119 5024 5658 5604 5256 5829 4912 4853 4865 4561 5152 4135 5399 5357 5108 5530 4510 
745 523 641 679 1212 273 96 278 172 745 367 178 332 195 894 544 279 473 404 987 2616 2360 2487 2529 3095 
497 522 510 512 687 0 0 6 0 115 152 136 157 167 252 1 10 30 14 134 0 0 11 0 158 
0 2188 0 0 0 0 2248 0 0 0 0 2109 0 0 0 0 2166 0 0 0 0 2078 0 0 0 
38 11 23 1096 49 16 0 17 1039 30 647 559 640 1644 662 150 120 110 1174 166 27 9 23 1051 46 
3 134 9 0 0 46 189 47 61 58 9 124 11 0 1 1111 1266 1082 1119 1060 309 489 289 285 315 
1439 4 0 5 0 1424 1 2 7 0 1453 29 30 37 22 1410 2 0 2 0 1455 1 0 4 0 
0 0 1986 30 33 0 0 1972 22 27 0 0 1891 16 24 0 0 2006 14 22 0 0 1929 13 28 
0 0 0 9 27 1799 1704 1782 1764 1800 0 0 0 9 33 0 0 0 6 35 0 0 0 7 34 
3 381 0 623 0 108 475 83 740 106 37 398 25 669 23 112 483 105 742 99 8 347 0 612 0 
378 23 220 0 0 428 11 200 0 0 450 18 254 7 20 391 15 235 4 1 566 174 373 149 155 
0 16 41 1 1229 1 20 55 6 1256 0 12 60 0 1203 0 11 53 1 1273 10 20 53 5 1212 
0 14 0 288 0 115 123 104 385 129 94 104 88 422 85 0 15 0 318 0 278 277 270 606 285 
627 488 921 977 567 168 61 516 522 95 369 231 707 691 305 128 33 432 416 101 198 121 562 554 170 
585 586 605 638 586 0 0 0 0 0 0 0 0 0 0 0 0 0 0 0 0 0 0 0 0 
0 448 0 0 191 0 457 0 0 215 242 782 258 280 467 0 465 0 0 198 15 501 18 26 230 
0 0 0 0 0 0 0 0 0 0 1161 1198 1142 1204 1207 0 0 0 0 0 0 0 0 0 0 
97 60 983 346 64 507 390 1248 668 444 16 44 807 200 10 643 574 1486 814 586 172 121 985 347 91 
125 0 388 105 0 130 0 384 99 0 379 278 623 351 247 156 18 386 124 13 116 0 404 88 0 
234 73 170 228 673 761 605 733 718 1232 607 517 595 698 1061 248 145 185 233 692 209 150 253 310 705 
20 0 0 0 0 48 11 17 10 27 15 0 0 0 0 1109 1096 1126 1106 1040 16 0 0 0 0 
415 76 33 388 37 364 46 0 391 0 370 34 0 352 0 433 73 40 408 43 417 65 41 410 48 
274 716 719 257 386 57 526 472 60 178 3 442 441 0 138 139 568 554 110 238 25 466 495 35 181 
0 0 165 0 0 441 395 620 434 438 0 0 174 0 0 8 10 187 4 8 93 70 227 77 90 
0 200 205 347 1 0 226 215 327 1 35 224 258 409 36 0 206 215 346 2 0 213 226 348 3 
0 0 13 1415 0 9 8 35 1403 3 0 0 10 1419 0 4 6 25 1481 6 0 0 17 1439 0 
390 229 571 286 860 275 79 380 142 703 501 298 660 391 871 935 761 1112 878 1382 381 200 469 274 839 
9 109 6 33 12 0 86 0 19 0 0 111 0 21 0 7 125 5 25 3 1019 1116 1047 1034 993 
564 366 5 95 8 1079 806 444 530 403 734 493 87 148 70 780 494 123 212 124 601 385 15 99 6 
1400 2102 1189 1173 1271 387 1082 231 182 207 602 1373 480 402 459 315 880 147 72 174 371 950 174 122 162 
