3795 4292 3676 3779 2835 4034 4575 4061 3935 3000 3913 4471 3802 3901 2991 3854 4328 3782 3878 2888 3837 4439 3834 3777 2797 
810 260 498 401 639 562 46 209 148 366 1217 671 958 733 1027 734 158 409 305 528 1961 1321 1603 1629 1781 
425 415 438 366 659 0 0 7 0 163 162 140 171 138 332 21 22 46 23 179 0 0 14 0 172 
0 2228 0 0 0 0 2289 0 0 0 0 2134 0 0 0 0 2202 0 0 0 0 2114 0 0 0 
38 14 39 1066 28 11 0 27 1047 17 648 509 619 1577 592 146 125 120 1143 158 32 7 28 961 21 
0 0 4 0 0 0 5 0 1 0 0 0 2 0 0 699 699 680 665 686 202 190 206 200 218 
1499 2 0 1 0 1535 15 20 23 22 1526 7 10 16 9 1523 2 0 2 0 1508 1 0 1 0 
0 0 2055 19 15 0 0 2053 14 19 0 0 1940 7 13 0 0 2042 15 11 0 0 2009 10 18 
0 0 0 21 27 1811 1714 1776 1759 1766 0 0 0 24 35 0 0 0 24 30 0 0 0 19 33 
21 402 0 581 0 158 500 104 775 131 36 453 46 715 61 138 517 133 780 125 19 366 0 600 0 
338 19 282 0 0 301 11 307 0 0 330 11 278 7 2 273 12 311 0 0 358 29 293 14 10 
0 6 46 1 1242 1 12 50 4 1246 0 3 64 0 1243 0 5 59 3 1279 8 18 58 6 1236 
0 3 0 286 0 88 92 84 372 114 76 80 77 419 79 0 0 0 313 0 267 269 270 603 285 
387 335 679 630 329 55 17 400 376 47 291 190 640 516 196 11 5 396 305 28 88 64 457 370 63 
613 610 659 671 616 0 0 0 0 0 0 0 0 0 0 0 0 0 0 0 0 0 0 0 0 
0 412 0 0 159 0 422 0 0 170 233 709 248 265 411 0 444 0 0 167 14 452 18 24 208 
0 0 0 0 0 0 0 0 0 0 1131 1160 1099 1138 1198 0 0 0 0 0 0 0 0 0 0 
93 50 833 367 37 407 311 1138 602 342 38 28 737 258 15 584 526 1362 732 482 136 101 911 340 89 
24 0 305 19 0 24 0 255 11 0 262 274 519 287 248 51 12 270 34 12 10 0 296 21 0 
240 168 273 85 526 625 559 699 430 889 630 587 709 502 837 214 157 251 42 453 201 166 282 66 494 
50 0 0 0 0 93 14 22 16 28 59 0 0 0 0 1137 1116 1136 1129 1045 47 0 0 0 0 
408 0 0 348 2 383 0 0 382 0 378 0 0 342 0 414 1 19 368 12 445 22 41 392 48 
331 903 899 334 545 97 674 685 111 286 61 600 616 62 258 268 804 789 265 441 185 702 741 155 373 
0 0 178 0 0 453 427 629 440 485 0 0 177 0 0 9 11 195 4 8 89 76 243 77 101 
0 262 235 399 1 0 280 223 372 1 37 276 270 462 37 0 235 223 375 2 0 243 246 402 3 
0 0 5 1468 0 7 9 23 1447 3 0 0 9 1436 0 4 6 24 1521 6 0 0 13 1486 0 
520 272 807 581 1077 486 200 764 525 1044 713 431 1058 796 1238 1063 793 1371 1100 1591 559 235 790 577 1103 
16 110 5 30 7 0 79 0 19 0 0 119 1 21 2 7 111 5 25 3 1008 1112 1046 1027 990 
585 421 34 148 16 1089 894 484 619 434 851 624 181 233 129 799 565 154 261 118 622 431 49 155 40 
1228 1817 1120 1042 1222 378 880 176 128 259 592 1207 480 386 525 297 745 90 44 205 380 843 148 121 241 
422 486 487 731 635 23 23 26 268 106 16 15 10 221 115 21 12 12 207 115 206 182 158 406 269 
217 180 204 216 485 58 83 100 64 375 4 17 67 13 309 324 370 368 333 733 1059 1109 1092 1087 1413 
796 311 308 1119 1075 1513 1025 972 1883 1859 674 326 198 1086 1100 582 216 150 962 936 985 680 588 1382 1300 
34 237 8 7 10 56 275 41 49 64 23 254 0 0 0 304 487 281 321 281 75 298 42 46 50 
