3772 4264 3615 3687 2771 4043 4618 3998 3926 3026 3986 4577 3894 3919 3015 3851 4369 3811 3880 2916 3825 4423 3773 3738 2755 
738 261 475 342 612 531 46 239 87 345 1099 564 837 603 914 654 183 424 246 474 1863 1300 1551 1507 1689 
414 396 453 394 595 0 0 10 0 129 162 131 173 162 280 24 23 47 23 157 0 0 17 0 140 
0 2233 0 0 0 0 2295 0 0 0 0 2123 0 0 0 0 2214 0 0 0 0 2135 0 0 0 
40 15 38 1089 36 15 0 29 1065 28 676 554 638 1630 629 154 131 119 1195 169 33 7 32 1027 28 
0 0 3 0 0 0 10 0 1 0 0 0 2 0 0 736 739 731 701 716 216 211 223 228 239 
1422 7 0 3 0 1449 15 19 19 20 1482 35 47 49 34 1441 2 0 5 0 1451 3 0 3 0 
0 0 2082 21 36 0 0 2121 13 27 0 0 1984 6 24 0 0 2138 13 22 0 0 2058 7 30 
0 0 0 25 26 1785 1683 1749 1721 1750 0 0 0 29 31 0 0 0 22 30 0 0 0 19 33 
21 403 0 705 0 120 478 67 886 84 46 429 34 755 36 115 498 77 827 89 41 363 0 709 0 
284 17 229 0 0 274 11 223 0 0 296 11 239 4 1 237 11 229 0 0 287 25 229 10 10 
0 1 28 0 1255 1 9 37 5 1276 0 0 52 0 1270 0 1 37 1 1303 7 8 50 4 1241 
0 2 0 301 0 89 104 81 390 116 80 90 85 432 81 0 0 0 340 0 271 271 276 641 297 
446 363 666 669 347 100 29 387 377 32 319 233 616 532 224 98 28 372 324 44 180 124 472 408 87 
619 611 671 673 619 0 0 0 0 0 0 0 0 0 0 0 0 0 0 0 0 0 0 0 0 
0 418 0 0 175 0 420 0 0 179 236 738 272 276 416 0 461 0 0 173 14 486 17 22 208 
0 0 0 0 0 0 0 0 0 0 1095 1128 1072 1114 1163 0 0 0 0 0 0 0 0 0 0 
121 82 907 418 79 507 387 1268 720 415 39 54 772 288 23 658 541 1436 829 523 183 120 969 419 81 
34 0 287 21 0 29 0 244 23 0 266 270 510 286 258 63 13 253 32 12 19 0 278 15 0 
271 147 321 111 551 641 553 711 450 927 627 591 701 563 901 213 106 232 52 457 218 121 318 95 533 
21 0 0 0 0 61 11 25 14 25 37 0 0 0 0 1118 1114 1140 1126 1043 18 0 0 0 0 
493 0 0 345 1 475 0 0 382 0 466 0 0 348 0 511 1 15 362 14 520 18 41 394 48 
321 905 928 333 508 91 657 698 107 227 57 595 629 58 218 254 774 815 267 397 160 697 750 151 330 
0 0 180 0 0 448 429 625 444 489 0 0 177 0 0 10 12 193 7 11 94 75 240 76 105 
0 258 247 430 1 0 275 235 398 1 39 280 284 494 40 0 242 232 402 2 0 256 260 425 3 
0 0 1 1358 0 7 8 13 1327 3 0 0 9 1360 0 4 6 10 1425 6 0 0 4 1366 0 
547 256 829 556 1103 496 191 772 492 1038 730 416 1079 779 1261 1091 819 1406 1093 1627 565 208 805 549 1141 
12 111 4 26 5 0 81 0 20 0 0 95 1 18 1 8 104 4 25 4 1007 1121 1059 1045 1016 
604 377 23 124 14 1137 842 510 576 449 815 506 141 182 105 737 441 98 180 81 588 367 33 115 41 
1225 1786 1099 1018 1149 334 835 158 92 147 564 1192 468 378 484 303 766 108 55 160 419 856 185 128 219 
434 560 529 757 680 17 13 6 241 119 17 12 2 179 91 21 22 6 218 114 204 216 156 386 294 
243 215 216 204 539 48 73 88 49 406 3 15 53 4 352 274 311 323 287 723 1015 1103 1095 1068 1424 
771 251 237 1100 1074 1489 1057 971 1943 1907 736 341 215 1113 1150 554 186 112 895 935 1034 636 567 1377 1344 
37 276 9 6 11 61 301 51 52 71 28 316 0 0 0 348 568 310 347 320 69 320 18 22 20 
