3926 4372 3814 3887 2920 4113 4627 4153 4005 3098 4156 4663 4092 4118 3188 3942 4403 3932 3953 2988 3996 4490 3997 3925 2929 
766 251 461 359 628 538 31 232 97 386 1166 576 837 632 936 670 125 374 230 504 1924 1353 1572 1557 1776 
377 362 405 330 546 0 0 6 0 126 153 126 177 135 267 20 22 42 21 148 0 0 13 0 134 
0 2225 0 0 0 0 2294 0 0 0 0 2132 0 0 0 0 2197 0 0 0 0 2118 0 0 0 
39 13 26 1110 26 12 0 19 1076 5 610 536 608 1596 608 131 119 105 1151 159 32 7 18 994 10 
0 0 3 0 0 0 5 0 1 0 0 0 2 0 0 712 716 699 683 699 202 193 205 206 217 
1519 12 0 6 0 1590 17 23 25 21 1615 47 53 58 44 1551 6 0 6 0 1558 5 0 8 0 
0 0 2092 14 38 0 0 2110 14 28 0 0 1947 6 25 0 0 2116 11 21 0 0 2031 10 29 
0 0 0 23 24 1741 1657 1718 1691 1719 0 0 0 25 33 0 0 0 23 29 0 0 0 19 33 
3 399 0 611 0 95 494 69 793 104 39 411 29 673 53 112 513 83 767 86 15 375 0 606 0 
292 17 246 0 0 280 11 227 0 0 281 15 244 5 1 279 18 239 0 0 291 27 238 11 10 
0 3 35 0 1212 1 7 41 1 1228 0 0 55 0 1238 0 2 46 1 1290 6 9 42 4 1202 
0 3 0 286 0 84 88 85 368 105 69 85 80 417 77 0 0 0 317 0 275 267 269 603 284 
395 336 643 643 330 66 22 376 346 45 277 196 583 492 192 68 23 354 314 32 105 61 418 352 49 
617 611 668 675 613 0 0 0 0 0 0 0 0 0 0 0 0 0 0 0 0 0 0 0 0 
0 393 0 0 158 0 388 0 0 163 234 702 251 273 408 0 442 0 0 160 14 455 17 22 200 
0 0 0 0 0 0 0 0 0 0 1085 1126 1067 1127 1162 0 0 0 0 0 0 0 0 0 0 
160 62 926 378 74 482 312 1208 633 342 90 39 807 254 7 617 537 1451 750 495 190 105 990 356 94 
10 0 272 22 0 11 0 230 9 0 243 267 519 278 246 22 0 240 31 0 3 0 276 21 0 
249 128 274 64 515 601 523 678 419 859 581 529 687 476 825 205 110 206 19 427 197 114 259 40 482 
31 0 0 0 0 92 30 41 32 45 36 0 0 0 0 1133 1112 1135 1120 1044 28 0 0 0 0 
413 0 0 347 1 394 0 0 382 0 389 0 0 345 0 415 6 21 370 15 432 19 41 391 48 
327 910 917 336 530 93 657 661 98 277 54 614 639 60 257 274 807 795 260 416 192 707 761 163 355 
0 0 179 0 0 463 436 641 452 487 0 0 177 0 0 12 13 203 4 12 93 76 256 79 106 
0 253 240 408 1 0 279 230 374 1 40 281 270 469 39 0 233 225 377 2 0 252 245 406 4 
0 0 4 1441 0 9 8 36 1415 4 0 0 9 1434 0 4 6 20 1509 6 0 0 9 1469 0 
480 227 759 537 1059 463 189 733 521 1028 697 430 1010 782 1258 1040 786 1356 1117 1631 502 210 747 547 1064 
14 107 6 31 7 0 72 0 19 0 0 101 1 18 2 7 107 4 25 3 1038 1149 1064 1047 1010 
622 440 85 195 42 1128 950 538 691 502 820 609 193 266 123 734 506 117 226 89 565 404 30 153 20 
1203 1825 1091 1064 1215 347 869 150 113 191 542 1171 436 370 462 288 745 98 53 168 331 816 136 115 192 
401 433 447 629 543 28 10 8 169 57 13 0 1 140 48 22 1 1 171 48 215 180 149 345 228 
265 254 232 232 559 32 59 56 27 371 3 16 47 9 337 305 347 352 318 721 1048 1086 1084 1055 1432 
748 313 244 1082 1135 1530 1095 1022 1999 1984 683 332 165 1103 1166 586 241 153 1017 1023 972 670 567 1404 1393 
33 266 8 6 11 55 301 44 50 60 25 292 0 0 0 328 543 311 335 306 77 322 42 46 55 
