3858 4459 3826 3921 2968 4246 4912 4354 4335 3344 3955 4661 4015 4026 3115 3880 4524 3996 4055 3032 3891 4531 3990 3945 3003 
608 228 389 279 535 413 35 181 11 321 943 493 717 539 831 561 141 328 181 450 1770 1311 1464 1405 1643 
357 348 400 318 544 0 0 6 0 136 151 126 168 132 261 21 22 42 20 163 0 0 10 0 148 
0 2172 0 0 0 0 2262 0 0 0 0 2084 0 0 0 0 2173 0 0 0 0 2106 0 0 0 
33 14 31 1110 48 12 0 14 1047 29 701 555 662 1638 625 153 113 105 1158 166 28 7 23 1026 46 
0 0 3 0 0 0 5 0 1 0 0 0 2 0 0 753 751 738 743 739 222 218 210 237 257 
1452 10 0 4 0 1504 11 15 21 15 1493 24 28 30 20 1453 3 0 8 0 1471 8 0 7 0 
0 0 2091 17 7 0 0 2120 15 13 0 0 1990 6 14 0 0 2116 8 7 0 0 2051 10 12 
0 0 0 21 17 1790 1720 1771 1743 1784 0 0 0 25 13 0 0 0 24 14 0 0 0 19 19 
37 428 0 734 0 147 526 89 881 102 117 460 73 830 89 136 522 79 846 80 54 391 0 748 0 
311 16 272 0 0 292 11 259 0 0 306 10 281 11 1 278 12 274 0 0 313 26 261 15 12 
0 4 35 0 1253 1 9 41 3 1227 0 0 48 0 1260 0 2 49 1 1289 5 11 44 1 1215 
0 2 0 294 0 83 89 86 385 117 77 85 86 424 79 0 0 0 325 0 273 268 271 624 290 
451 363 692 673 364 116 28 381 375 48 329 232 617 544 236 96 21 382 345 49 175 126 486 415 88 
620 610 650 673 617 0 0 0 0 0 0 0 0 0 0 0 0 0 0 0 0 0 0 0 0 
0 420 1 0 172 0 405 0 0 165 237 746 271 272 410 0 458 0 0 167 14 479 18 22 206 
0 0 0 0 0 0 0 0 0 0 1103 1143 1091 1125 1179 0 0 0 0 0 0 0 0 0 0 
140 44 936 409 80 527 380 1323 787 432 62 24 804 275 15 669 549 1522 875 587 220 179 1016 463 156 
20 0 258 3 0 20 0 204 3 0 248 270 468 258 245 41 12 219 28 12 11 0 242 9 0 
271 125 297 115 548 682 540 723 512 947 649 598 753 583 928 246 125 240 68 485 243 134 318 122 556 
9 0 0 0 0 45 15 24 18 28 8 0 0 0 0 1115 1116 1139 1129 1051 6 0 0 0 0 
486 0 1 333 1 474 0 0 371 0 467 0 0 331 0 504 1 7 357 3 512 23 34 392 40 
299 763 778 300 452 61 568 557 78 203 20 506 539 30 194 157 617 611 171 317 141 582 653 138 287 
0 0 179 1 0 467 454 652 492 518 0 0 177 0 0 8 12 191 5 8 101 93 282 87 104 
0 291 247 437 1 0 300 239 392 1 41 300 290 487 50 0 255 238 393 2 0 253 261 421 4 
0 0 5 1366 0 7 8 19 1333 3 0 0 9 1368 0 4 6 21 1430 6 0 0 15 1367 0 
454 257 787 446 1037 401 147 647 327 945 624 377 932 653 1184 1037 788 1335 982 1562 470 236 738 404 1031 
16 118 4 34 5 0 73 0 19 0 0 96 0 18 0 10 101 4 25 3 1046 1116 1083 1043 1027 
571 421 30 148 16 1058 887 436 568 417 830 613 134 232 87 790 569 131 227 119 573 399 23 134 6 
1266 1807 1120 1069 1221 386 846 204 150 259 585 1164 443 388 525 296 724 99 67 204 367 811 158 133 253 
408 462 475 657 603 23 10 2 207 74 18 4 3 184 68 22 9 7 176 64 219 182 164 370 246 
257 236 230 228 558 61 106 126 64 412 4 12 65 4 362 314 361 372 340 742 1027 1096 1077 1082 1430 
931 316 291 1117 1115 1370 751 779 1620 1604 908 403 304 1148 1206 587 120 88 847 888 1087 545 524 1302 1239 
35 301 49 9 25 62 333 83 62 92 25 310 16 0 5 346 579 345 345 313 62 339 60 13 38 
