4876 4942 4299 4829 3960 5692 5772 5252 5782 4797 5303 5473 4783 5361 4531 4535 4793 4253 4790 3819 5182 5302 4800 5148 4213 
1006 627 815 829 1363 427 89 310 227 819 677 302 484 422 1017 651 233 467 450 1031 2702 2234 2411 2503 3057 
408 453 491 439 658 0 0 6 0 136 156 141 187 160 294 20 27 42 22 174 0 0 11 0 156 
0 2222 0 0 0 0 2294 0 0 0 0 2153 0 0 0 0 2206 0 0 0 0 2109 0 0 0 
37 10 26 1105 50 14 0 10 1046 29 661 531 588 1585 603 145 123 96 1158 165 41 8 13 1053 46 
13 137 18 8 0 20 183 14 24 17 8 93 6 0 1 1143 1258 1145 1131 1077 311 486 318 306 320 
1356 11 0 5 0 1348 18 18 26 20 1397 55 64 89 53 1368 4 0 8 0 1345 4 0 8 0 
0 0 2078 29 8 0 0 2060 23 12 0 0 1961 14 11 0 0 2090 17 4 0 0 1988 13 11 
0 0 0 14 23 1754 1666 1740 1722 1749 0 0 0 13 30 0 0 0 7 30 0 0 0 10 34 
42 383 0 759 0 134 491 96 909 102 72 405 49 806 60 127 509 78 852 72 55 388 0 774 0 
407 22 235 0 0 447 19 211 0 0 488 26 266 12 30 424 17 251 5 3 587 174 376 144 148 
0 20 33 0 1257 1 19 38 3 1255 0 17 51 0 1236 0 15 37 1 1320 4 20 50 2 1265 
0 2 0 283 0 100 112 87 376 119 84 88 74 411 70 0 1 0 314 0 268 270 263 601 279 
518 418 775 892 546 145 71 438 542 190 326 236 660 695 344 104 30 398 453 149 191 147 542 590 266 
585 586 605 638 586 0 0 0 0 0 0 0 0 0 0 0 0 0 0 0 0 0 0 0 0 
0 479 0 0 202 0 465 0 0 184 204 778 214 223 434 0 508 0 0 182 12 557 22 18 238 
0 0 0 0 0 0 0 0 0 0 1177 1217 1159 1204 1242 0 0 0 0 0 0 0 0 0 0 
112 65 881 322 67 540 414 1224 708 457 10 31 751 197 7 672 629 1478 800 618 237 198 966 445 144 
97 0 360 115 0 104 0 357 117 0 351 285 590 379 264 119 15 348 134 12 83 0 373 110 0 
278 61 225 274 679 789 613 787 759 1200 662 484 684 748 1031 314 118 247 264 685 261 110 281 343 672 
52 0 0 0 0 85 12 26 14 28 56 0 0 0 0 1115 1083 1116 1096 1019 46 0 0 0 0 
424 55 33 388 37 360 2 0 378 0 370 2 0 345 0 409 45 33 400 35 420 23 24 391 32 
276 724 747 280 407 57 542 528 64 188 7 479 497 9 150 156 590 571 179 270 85 518 563 78 228 
0 0 190 0 0 514 454 703 508 535 0 0 191 0 0 11 13 200 6 10 108 77 269 86 100 
0 227 227 374 2 0 236 230 345 1 35 244 289 429 36 0 214 222 364 2 0 215 245 362 3 
0 0 1 1341 0 8 8 14 1305 3 0 0 7 1355 0 4 6 13 1418 6 0 0 9 1353 0 
517 317 812 503 1060 335 149 592 299 852 547 332 846 532 1005 1055 821 1318 1005 1555 408 237 693 369 948 
11 117 4 28 5 0 80 0 20 0 0 86 0 19 1 7 111 4 26 3 1009 1130 1060 1034 1015 
518 347 4 66 4 993 789 413 497 381 691 506 88 139 69 758 497 128 206 122 561 374 20 85 21 
1357 1990 1218 1195 1273 381 933 181 126 162 619 1332 497 414 483 340 820 143 73 159 385 889 179 128 160 
