3835 4344 3781 3756 2873 4042 4635 4131 3903 3084 4019 4576 4035 3977 3080 3813 4339 3886 3797 2840 3879 4371 3951 3774 2852 
675 238 421 320 578 507 41 217 86 338 1055 537 784 626 904 643 162 365 245 464 1784 1263 1406 1460 1582 
370 366 404 327 542 0 0 7 0 127 149 132 177 138 270 24 22 43 20 157 0 0 11 0 139 
0 2214 0 0 0 0 2287 0 0 0 0 2125 0 0 0 0 2188 0 0 0 0 2122 0 0 0 
39 15 38 1110 50 13 0 31 1075 36 607 518 600 1550 558 145 123 116 1162 171 31 7 26 991 43 
0 0 3 0 0 0 5 0 1 0 0 0 3 0 0 769 765 749 762 754 223 232 229 244 269 
1425 9 0 3 0 1467 15 19 24 20 1495 18 18 22 14 1437 1 0 6 0 1439 3 0 6 0 
0 0 2100 27 35 0 0 2104 25 31 0 0 1979 15 25 0 0 2110 15 21 0 0 2029 16 27 
0 0 0 23 20 1743 1656 1696 1682 1712 0 0 0 23 23 0 0 0 23 22 0 0 0 22 30 
34 466 0 723 0 156 536 115 918 129 70 534 53 864 92 156 580 106 895 107 29 404 0 725 0 
292 18 238 0 0 261 11 224 0 0 287 11 237 7 1 255 11 244 0 0 287 27 237 10 10 
0 7 41 0 1304 1 5 53 2 1277 0 0 62 0 1297 0 4 57 1 1338 5 14 57 1 1286 
0 2 0 285 0 88 88 77 368 112 79 89 83 420 81 0 0 0 313 0 267 269 270 603 285 
460 358 696 681 379 98 39 406 379 54 359 251 651 540 247 69 32 401 354 59 160 131 506 420 122 
618 605 651 669 613 0 0 0 0 0 0 0 0 0 0 0 0 0 0 0 0 0 0 0 0 
0 384 0 0 158 0 378 0 0 165 238 687 253 262 406 0 419 0 0 159 14 435 17 23 200 
0 0 0 0 0 0 0 0 0 0 1118 1147 1103 1136 1197 0 0 0 0 0 0 0 0 0 0 
143 45 946 378 69 535 401 1294 771 410 42 36 816 261 12 686 573 1503 878 551 210 134 1027 429 104 
36 0 273 13 0 37 0 233 3 0 275 273 483 277 252 60 13 240 24 12 27 0 264 12 0 
238 126 264 90 514 619 493 631 427 876 579 527 644 486 797 187 103 192 44 440 228 131 265 98 507 
9 0 0 0 0 48 22 40 21 36 6 0 0 0 0 1103 1120 1144 1130 1052 7 0 0 0 0 
496 0 0 347 1 476 0 0 384 0 467 0 0 344 0 507 2 8 365 8 516 23 39 390 45 
311 900 894 322 474 85 665 658 85 203 31 600 613 37 192 246 776 784 247 357 140 706 755 150 302 
0 0 179 0 0 457 437 638 462 506 0 0 176 0 0 10 9 183 5 11 92 81 259 85 103 
0 287 241 429 1 0 288 229 381 1 42 293 277 479 45 0 246 231 388 2 0 255 255 414 4 
0 0 6 1410 0 8 8 27 1379 3 0 0 10 1393 0 4 6 21 1481 6 0 0 13 1420 0 
516 237 767 520 1046 448 166 707 440 962 698 395 967 713 1167 1078 777 1334 1043 1569 547 225 763 505 1068 
12 109 2 27 3 0 73 0 19 0 0 91 0 20 1 9 97 4 25 3 1060 1160 1093 1040 1047 
568 339 23 154 11 1110 853 514 625 425 840 550 186 241 102 770 437 113 214 80 598 323 11 126 8 
1222 1808 1110 1020 1156 349 853 180 82 181 587 1162 454 327 468 299 757 133 47 176 373 834 199 126 211 
360 416 405 556 529 25 9 5 126 34 14 0 1 116 38 19 7 11 146 50 198 177 155 322 240 
257 242 238 260 584 42 68 95 52 433 3 15 65 10 385 288 365 349 322 777 1063 1101 1083 1083 1429 
938 414 348 1260 1235 1572 1083 958 2046 2014 817 432 256 1277 1348 615 230 93 950 1076 1068 733 541 1451 1440 
36 266 8 6 12 61 316 46 54 67 24 297 0 0 0 285 522 258 277 260 56 309 15 8 3 
