5501 5369 4748 5308 4421 6618 6489 6003 6440 5415 6176 6142 5414 6018 5149 5361 5371 4679 5251 4292 5921 5870 5344 5772 4728 
804 613 645 736 1243 291 179 249 187 692 411 292 373 315 810 549 351 457 428 917 3003 2796 2861 2897 3498 
1682 2368 1631 1518 1837 279 879 153 145 342 669 1328 628 520 746 267 765 156 96 321 292 845 145 129 340 
0 2214 0 0 0 0 2277 0 0 0 0 2152 0 0 0 0 2209 0 0 0 0 2099 0 0 0 
36 14 38 1045 49 13 0 26 1012 29 636 527 603 1524 576 145 138 128 1171 179 30 7 30 970 42 
20 156 15 2 12 33 197 23 40 33 15 159 5 0 1 1075 1227 1058 1069 1008 302 489 273 269 303 
1483 17 0 12 0 1490 6 1 9 0 1500 25 22 24 19 1518 8 0 6 0 1517 4 0 8 0 
0 0 2039 10 34 0 0 2031 11 29 0 0 1943 4 23 0 0 2067 8 22 0 0 1984 5 28 
0 0 0 27 17 1882 1807 1844 1874 1867 0 0 0 28 16 0 0 0 29 18 0 0 0 22 27 
19 397 0 680 0 125 484 77 822 75 70 417 58 774 49 95 475 41 776 44 46 366 0 683 0 
342 22 205 0 0 377 14 177 0 0 406 12 220 5 19 349 15 207 3 0 506 161 322 128 140 
0 3 32 1 1240 2 13 43 6 1194 0 0 48 2 1222 0 2 40 4 1314 7 13 44 6 1188 
0 14 0 288 0 115 123 104 385 129 94 104 88 422 85 0 15 0 318 0 278 277 270 606 285 
541 423 848 869 516 180 72 504 494 177 357 233 691 660 322 109 18 421 396 126 225 168 557 578 240 
585 586 605 638 586 0 0 0 0 0 0 0 0 0 0 0 0 0 0 0 0 0 0 0 0 
0 447 0 0 231 0 462 0 0 237 298 883 326 365 562 0 481 0 0 219 17 558 23 27 260 
150 0 0 0 0 316 157 152 163 152 210 20 18 20 15 242 47 46 52 41 152 0 0 0 0 
0 0 0 0 0 0 0 0 0 0 1125 1147 1091 1125 1188 0 0 0 0 0 0 0 0 0 0 
37 33 821 252 10 463 341 1114 593 427 3 24 712 168 4 572 548 1377 684 558 137 103 862 304 86 
82 0 387 105 0 93 0 376 94 0 322 269 602 346 245 115 14 374 111 12 68 0 392 87 0 
260 70 134 212 584 699 551 691 677 1133 587 435 567 603 917 264 108 174 209 606 238 119 213 269 618 
56 0 0 0 0 91 10 25 12 29 64 0 0 0 0 1163 1109 1160 1119 1054 52 0 0 0 0 
515 126 35 441 37 484 129 17 456 24 479 129 0 396 0 558 136 40 481 47 531 135 41 460 48 
0 14 0 0 0 0 9 0 0 0 0 11 0 0 0 0 11 0 0 0 513 506 519 508 466 
315 889 819 307 461 70 612 502 69 207 14 567 468 6 180 211 712 668 226 386 46 543 540 38 208 
0 0 145 0 0 371 344 528 363 395 0 0 148 0 0 7 9 164 4 8 83 65 207 69 90 
0 222 261 306 1 0 246 270 314 1 35 238 312 348 36 0 229 268 315 2 0 221 272 311 3 
0 0 8 1515 0 9 11 34 1472 5 0 0 11 1491 0 4 7 27 1567 6 0 0 14 1510 0 
462 218 661 444 908 247 19 391 182 644 430 182 638 397 818 873 681 1126 856 1342 337 125 563 298 758 
