5021 5008 4477 5087 4191 5748 5751 5322 5857 4880 5466 5473 4960 5523 4732 4712 4869 4412 4975 3984 5280 5385 4920 5348 4361 
855 616 719 741 1270 350 123 249 219 762 511 247 410 301 876 598 277 429 437 978 2511 2197 2296 2426 2892 
417 438 451 417 577 0 0 6 0 107 148 127 160 144 237 21 22 40 23 138 0 0 10 0 134 
0 2183 0 0 0 0 2251 0 0 0 0 2107 0 0 0 0 2150 0 0 0 0 2073 0 0 0 
37 16 22 1140 49 12 0 10 1056 32 638 517 603 1662 623 136 108 97 1201 180 42 9 13 1021 47 
17 160 19 3 13 29 174 35 40 27 18 165 9 0 3 1081 1267 1092 1068 1025 294 474 286 276 290 
1420 11 0 10 0 1447 11 15 23 12 1464 44 47 51 44 1407 5 0 10 0 1424 5 0 14 0 
0 0 2042 38 36 0 0 2027 27 27 0 0 1928 20 25 0 0 2046 20 22 0 0 1969 15 27 
0 0 0 22 24 1749 1660 1713 1709 1729 0 0 0 25 32 0 0 0 23 32 0 0 0 19 33 
8 387 0 713 0 111 490 81 876 86 20 385 24 751 25 111 491 92 823 103 22 360 0 723 0 
400 20 232 0 0 422 12 208 0 0 440 18 267 13 10 398 14 248 3 2 567 175 365 147 146 
0 4 37 0 1218 1 8 46 2 1188 0 0 61 2 1213 0 2 48 2 1269 6 10 38 1 1187 
0 0 0 284 0 95 101 85 368 115 72 89 67 414 66 0 0 0 310 0 272 262 261 595 276 
481 380 737 835 498 147 58 417 494 173 336 241 641 681 317 109 24 395 419 129 191 142 524 569 238 
585 586 605 638 586 0 0 0 0 0 0 0 0 0 0 0 0 0 0 0 0 0 0 0 0 
0 486 0 0 237 0 505 0 0 246 165 789 214 212 444 0 544 0 0 229 15 599 25 28 300 
0 0 0 0 0 0 0 0 0 0 1208 1249 1190 1212 1276 0 0 0 0 0 0 0 0 0 0 
104 93 937 328 59 448 381 1216 635 394 3 63 790 198 6 616 585 1447 760 532 133 112 944 356 85 
118 0 379 117 0 120 0 365 117 0 368 286 604 378 264 145 16 352 136 12 110 0 378 111 0 
275 64 225 278 672 766 618 760 761 1222 650 501 636 756 1050 317 130 242 287 706 282 125 296 362 729 
31 0 0 0 0 83 22 40 26 50 42 0 0 0 0 1111 1083 1116 1096 1020 27 0 0 0 0 
401 46 33 383 37 343 1 0 385 0 346 1 0 344 0 405 42 37 398 38 403 26 32 403 43 
285 729 777 283 416 68 531 539 69 175 4 449 499 11 133 178 606 607 180 285 58 447 561 49 162 
0 0 186 2 0 553 497 721 545 569 0 0 185 6 0 9 10 211 9 11 128 101 299 114 112 
0 198 202 301 1 0 222 212 285 1 35 222 256 365 36 0 204 212 297 2 0 211 224 304 3 
0 0 15 1367 0 7 8 32 1338 3 0 0 13 1379 0 4 6 33 1444 6 0 0 22 1383 0 
569 332 803 508 1101 367 139 608 303 893 604 366 834 543 1045 1021 786 1268 951 1568 525 303 768 453 1127 
12 107 4 33 9 0 77 0 22 0 0 109 1 21 2 7 111 4 25 3 1015 1121 1030 1013 990 
545 415 8 104 9 1029 898 460 538 435 760 566 110 171 93 771 540 122 223 120 582 432 40 104 41 
1309 1936 1167 1084 1184 353 893 168 125 110 603 1282 477 378 450 320 794 128 59 128 414 901 175 120 133 
