3901 4359 3785 3793 2953 4076 4577 4083 3906 3129 4001 4556 3992 3991 3097 3897 4391 3890 3921 3017 3954 4517 4004 3905 2960 
747 233 476 355 633 543 39 243 127 357 1207 567 840 673 957 699 142 372 259 503 1958 1353 1545 1564 1795 
381 352 424 342 548 0 0 7 0 123 156 129 187 149 266 20 22 42 21 149 0 0 11 0 133 
0 2213 0 0 0 0 2286 0 0 0 0 2119 0 0 0 0 2194 0 0 0 0 2112 0 0 0 
35 15 24 1131 28 11 0 19 1090 8 631 542 661 1620 614 142 121 106 1186 168 36 9 21 1018 13 
0 0 3 0 0 0 4 0 1 0 0 0 3 0 0 698 700 684 664 683 205 195 211 198 219 
1548 14 0 6 0 1611 22 20 28 21 1604 53 60 66 50 1565 7 0 6 0 1568 4 0 4 0 
0 0 2076 20 36 0 0 2082 19 27 0 0 1937 9 24 0 0 2087 15 21 0 0 2013 11 29 
0 0 0 23 25 1811 1716 1788 1750 1774 0 0 0 25 33 0 0 0 23 32 0 0 0 19 33 
8 395 0 615 0 115 508 93 767 104 27 427 26 684 59 122 521 95 762 100 12 372 0 584 0 
266 19 225 0 0 267 11 219 0 0 270 14 233 7 1 260 17 239 0 0 288 27 231 10 10 
0 3 39 0 1228 1 10 45 3 1228 0 0 57 0 1238 0 3 44 1 1275 5 10 55 4 1187 
0 3 0 288 0 93 94 83 376 114 74 87 82 417 82 0 0 0 314 0 271 271 270 606 285 
402 329 629 643 327 74 24 382 367 42 290 215 584 490 201 65 23 361 300 32 102 59 428 350 51 
619 610 662 673 612 0 0 0 0 0 0 0 0 0 0 0 0 0 0 0 0 0 0 0 0 
0 379 0 0 154 0 375 0 0 159 234 679 252 256 399 0 420 0 0 157 14 424 18 23 192 
0 0 0 0 0 0 0 0 0 0 1096 1115 1049 1097 1158 0 0 0 0 0 0 0 0 0 0 
169 81 920 383 68 496 331 1244 672 381 108 51 785 281 11 650 528 1489 802 494 204 115 1010 379 103 
14 0 299 32 0 15 0 244 21 0 253 278 532 300 254 28 0 263 32 0 6 0 290 22 0 
242 145 289 71 546 598 523 688 419 879 610 587 703 489 878 191 129 226 21 441 189 134 255 53 499 
32 0 0 0 0 62 9 15 10 22 43 0 0 0 0 1125 1114 1138 1119 1042 30 0 0 0 0 
397 0 0 350 1 377 0 0 379 0 382 0 0 339 0 414 4 15 373 15 430 19 41 394 48 
330 911 903 345 533 95 672 653 107 273 58 588 621 62 242 254 789 790 266 425 175 679 749 157 355 
0 0 179 0 0 467 436 641 451 485 0 0 176 0 0 9 11 198 5 13 88 73 238 82 102 
0 257 231 409 1 0 278 225 373 1 39 276 275 465 39 0 238 224 376 2 0 256 255 396 3 
0 0 4 1439 0 7 10 26 1419 3 0 0 8 1422 0 4 7 17 1502 6 0 0 11 1483 0 
498 259 796 559 1031 444 160 719 476 970 689 433 991 756 1193 1053 780 1342 1101 1575 499 211 741 531 1010 
9 113 4 26 3 0 82 0 20 0 0 109 0 20 0 7 100 5 25 3 1033 1153 1068 1047 1006 
618 440 47 191 17 1136 934 513 657 460 883 664 215 280 129 771 539 136 252 105 621 403 32 158 14 
1279 1844 1152 1094 1229 350 879 192 135 240 564 1184 467 383 501 302 772 127 72 185 337 821 175 120 221 
391 430 428 601 536 28 16 6 182 59 14 3 1 151 62 22 3 6 158 69 207 180 150 330 233 
255 237 238 232 558 30 58 64 35 373 3 19 53 7 338 319 377 369 327 749 1053 1086 1087 1088 1415 
716 320 235 1088 1110 1488 1094 998 1979 1940 644 327 196 1122 1176 539 218 115 945 976 939 675 524 1372 1387 
33 254 9 7 10 53 283 43 51 64 21 274 0 0 0 321 516 298 331 285 77 312 43 46 53 
