4988 5004 4530 5106 4200 5645 5694 5240 5759 4761 5448 5510 4995 5537 4722 4693 4841 4416 4984 4011 5258 5299 4912 5365 4352 
939 636 794 840 1388 357 123 291 208 813 508 243 396 318 913 594 292 458 402 1054 2582 2271 2405 2491 3018 
377 412 427 364 536 0 0 6 0 107 147 127 155 149 232 21 22 40 26 137 0 0 10 0 132 
0 2146 0 0 0 0 2220 0 0 0 0 2070 0 0 0 0 2136 0 0 0 0 2051 0 0 0 
34 12 27 1084 49 12 0 14 1043 30 614 488 574 1553 610 141 113 102 1158 173 38 8 18 976 44 
23 187 16 3 13 34 205 17 31 31 20 188 5 0 3 1081 1281 1108 1087 1045 295 492 286 271 286 
1404 15 0 11 0 1416 13 16 26 16 1432 50 42 61 43 1408 5 0 10 0 1394 4 0 11 0 
0 0 2027 8 35 0 0 2017 5 27 0 0 1919 0 23 0 0 2026 3 21 0 0 1944 0 27 
0 0 0 23 25 1750 1654 1695 1705 1725 0 0 0 28 32 0 0 0 22 33 0 0 0 19 33 
16 408 0 746 0 118 491 86 873 83 42 420 33 787 42 107 502 81 854 88 33 383 0 731 0 
447 25 265 0 0 478 12 233 0 0 539 26 292 13 26 471 41 280 4 14 626 170 411 141 154 
0 3 39 0 1225 2 8 41 2 1203 0 0 56 0 1202 0 2 51 2 1275 7 7 48 3 1183 
0 0 0 283 0 99 94 87 375 114 82 86 70 416 68 0 0 0 312 0 271 271 265 600 274 
488 381 725 828 467 105 40 404 475 107 340 231 655 650 308 101 26 382 424 99 200 157 542 565 210 
585 586 605 638 586 0 0 0 0 0 0 0 0 0 0 0 0 0 0 0 0 0 0 0 0 
0 489 0 0 204 0 496 0 0 237 196 818 237 238 471 0 532 0 0 210 15 582 26 28 286 
0 0 0 0 0 0 0 0 0 0 1176 1209 1165 1196 1236 0 0 0 0 0 0 0 0 0 0 
99 102 962 317 63 441 375 1234 628 420 9 65 828 201 10 609 616 1462 766 532 130 118 933 311 89 
57 0 354 120 0 70 0 338 118 0 297 283 579 379 261 71 1 330 135 4 48 0 353 111 0 
250 69 176 257 716 810 663 788 820 1338 644 518 600 769 1105 266 127 184 257 749 271 155 262 353 790 
27 0 0 0 0 84 22 46 29 47 38 0 0 0 0 1111 1083 1116 1096 1020 27 0 0 0 0 
411 46 33 388 37 346 2 0 377 0 368 1 0 346 0 411 44 34 403 40 410 23 36 403 41 
283 728 722 285 421 57 522 510 69 164 8 461 470 18 136 168 587 600 188 298 57 436 550 48 167 
0 0 195 5 0 559 515 748 598 573 0 0 190 6 0 11 10 204 10 12 124 93 278 108 118 
0 198 202 304 1 0 222 212 295 1 35 222 254 360 36 0 204 209 299 2 0 211 223 302 3 
0 0 22 1385 0 7 8 39 1349 3 0 0 23 1403 0 4 6 43 1459 6 0 0 27 1400 0 
547 309 804 521 1010 358 127 595 307 811 584 344 845 556 977 1045 757 1270 976 1452 447 242 696 455 959 
14 127 7 38 9 0 85 0 22 0 0 122 2 27 3 7 120 5 29 3 1057 1166 1049 1057 1012 
599 426 7 70 13 1129 936 487 562 485 768 552 115 157 86 824 558 133 205 126 617 454 32 92 45 
1302 1906 1138 1092 1189 371 904 191 144 140 606 1262 486 393 457 333 780 144 68 118 394 877 170 113 133 
