3847 4344 3767 3824 2923 4087 4640 4092 3995 3095 4013 4568 4002 4012 3085 3866 4428 3913 3919 3000 3778 4408 3887 3778 2817 
830 283 528 371 669 580 41 285 107 390 1222 579 876 673 954 720 163 430 288 526 2024 1377 1634 1598 1806 
387 386 394 337 557 0 0 8 0 128 149 130 174 132 286 23 23 45 20 159 0 0 11 0 144 
0 2216 0 0 0 0 2294 0 0 0 0 2125 0 0 0 0 2205 0 0 0 0 2140 0 0 0 
42 15 34 1104 51 15 0 24 1097 34 694 579 654 1657 650 162 126 100 1194 169 38 7 23 1026 43 
0 0 3 0 0 0 5 0 1 0 0 0 2 0 0 695 697 681 659 682 198 194 203 199 215 
1414 4 0 4 0 1432 18 18 23 20 1468 37 41 40 30 1408 1 0 3 0 1429 3 0 2 0 
0 0 2069 36 36 0 0 2086 28 31 0 0 1945 18 24 0 0 2085 24 21 0 0 2017 17 30 
0 0 0 24 26 1769 1687 1747 1723 1747 0 0 0 26 31 0 0 0 23 30 0 0 0 21 33 
24 398 0 684 0 126 492 84 844 99 40 405 24 753 35 108 499 74 831 76 43 362 0 697 0 
305 16 244 0 0 283 11 247 0 0 303 11 256 5 1 270 11 260 0 0 294 25 251 12 12 
0 2 27 0 1240 1 9 33 2 1247 0 0 50 0 1238 0 2 39 1 1281 7 6 37 3 1197 
0 4 0 305 0 80 90 88 394 123 80 91 82 432 84 0 0 0 347 0 270 273 281 643 304 
420 350 662 629 338 78 24 359 351 19 291 199 577 485 169 79 22 370 307 40 130 105 439 365 61 
619 608 663 671 613 0 0 0 0 0 0 0 0 0 0 0 0 0 0 0 0 0 0 0 0 
0 434 0 0 169 0 435 0 0 179 238 757 273 272 429 0 490 0 0 176 15 490 23 23 231 
0 0 0 0 0 0 0 0 0 0 1097 1126 1070 1115 1170 0 0 0 0 0 0 0 0 0 0 
141 85 946 420 92 446 345 1255 718 385 44 48 797 302 13 663 545 1489 820 549 234 160 1051 476 150 
28 0 279 24 0 25 0 239 11 0 267 276 508 278 245 55 15 254 35 12 18 0 278 18 0 
270 124 285 88 529 637 542 713 428 909 610 592 729 517 890 184 81 198 17 432 198 104 284 70 512 
21 0 0 0 0 52 9 19 11 22 24 0 0 0 0 1122 1115 1138 1121 1044 16 0 0 0 0 
497 0 0 353 1 475 0 0 379 0 467 0 0 350 0 514 1 17 373 13 516 20 41 383 48 
321 913 919 337 540 93 652 675 97 260 48 579 614 45 243 254 773 816 248 416 128 664 727 119 338 
0 0 168 0 0 484 438 639 453 500 0 0 169 0 0 8 11 178 6 11 96 82 239 82 107 
0 286 265 466 1 0 274 233 415 1 45 282 301 514 43 0 242 236 393 2 0 255 254 430 5 
0 0 1 1341 0 7 8 11 1315 3 0 0 8 1346 0 4 6 12 1409 6 0 0 4 1355 0 
491 246 772 559 1076 467 191 725 476 1022 705 417 996 766 1239 1086 799 1339 1115 1581 588 268 763 577 1107 
12 110 5 25 3 0 73 0 21 0 0 110 0 18 0 9 97 5 25 3 1061 1147 1066 1053 1037 
622 409 15 118 7 1185 901 482 584 430 873 588 152 181 77 816 538 137 208 102 635 404 36 118 35 
1239 1800 1113 1071 1190 327 832 143 97 178 563 1175 441 385 504 292 750 116 62 147 380 815 146 127 194 
373 444 430 570 542 20 6 9 147 53 13 0 1 128 69 17 6 2 142 63 205 192 165 344 249 
222 186 200 213 505 42 77 74 43 375 4 14 50 13 329 296 333 347 317 710 978 1024 1088 1026 1346 
732 306 279 1136 1067 1489 1050 1004 2008 1924 618 348 194 1098 1164 523 200 115 939 982 946 640 486 1345 1282 
33 246 9 6 12 48 287 43 52 62 25 260 0 0 0 303 507 282 333 289 76 305 42 47 53 
